Pearson correlation: R=0.155754	P-value=0.22
indivID	f_Missing	f_Homozygotes
319	0.0204082	0.270833
335	0	0.469388
895	0	0.326531
896	0	0.285714
897	0	0.346939
898	0	0.469388
899	0	0.387755
900	0	0.326531
901	0	0.346939
902	0	0.408163
903	0	0.244898
904	0	0.326531
905	0	0.469388
906	0	0.285714
907	0	0.408163
908	0	0.44898
909	0	0.44898
910	0	0.408163
911	0	0.285714
912	0	0.387755
913	0	0.285714
2411	0	0.326531
2412	0	0.44898
2413	0	0.428571
2414	0	0.265306
2415	0.0204082	0.458333
2417	0.0408163	0.382979
2418	0.0408163	0.425532
2419	0.0204082	0.395833
2420	0	0.387755
2421	0	0.408163
2422	0.0204082	0.458333
2423	0	0.408163
2576	0	0.346939
