

----------------------------------------------------
STRUCTURE by Pritchard, Stephens and Donnelly (2000)
     and Falush, Stephens and Pritchard (2003)
       Code by Pritchard, Falush and Hubisz
             Version 2.3.4 (Jul 2012)
----------------------------------------------------



Command line arguments:   structure -D 260428 -K 4 -m mainparams -o k4/a1_k4_run5 
Input File:    a1.str

Run parameters:
   156 individuals
   48 loci
   4 populations assumed
   500000 Burn-in period
   750000 Reps
RANDOMIZE turned off


--------------------------------------------
Proportion of membership of each pre-defined
 population in each of the 4 clusters

Given    Inferred Clusters              Number of
 Pop       1      2      3      4      Individuals

  1:     0.979  0.007  0.005  0.009       30
  2:     0.006  0.026  0.946  0.022       39
  3:     0.032  0.510  0.024  0.434       10
  4:     0.030  0.418  0.099  0.454       23
  5:     0.016  0.679  0.055  0.251       11
  6:     0.022  0.689  0.151  0.138       13
  7:     0.093  0.349  0.087  0.470       25
  8:     0.006  0.720  0.044  0.231        5
--------------------------------------------

Allele-freq. divergence among pops (Net nucleotide distance),
computed using point estimates of P.

      1       2       3       4      
 1      -    0.0754  0.1148  0.0554  
 2   0.0754     -    0.0307  0.0062  
 3   0.1148  0.0307     -    0.0283  
 4   0.0554  0.0062  0.0283     -    

Average distances (expected heterozygosity) between individuals in same cluster:
cluster  1  : 0.6423 
cluster  2  : 0.6186 
cluster  3  : 0.5574 
cluster  4  : 0.6579 

--------------------------------------------
Estimated Ln Prob of Data   = -18186.9
Mean value of ln likelihood = -17740.7
Variance of ln likelihood   = 892.4
Mean value of alpha         = 0.0506

Mean value of Fst_1         = 0.1474
Mean value of Fst_2         = 0.0398
Mean value of Fst_3         = 0.1250
Mean value of Fst_4         = 0.0066


Inferred ancestry of individuals:
        Label (%Miss) Pop:  Inferred clusters
  1     1408    (0)    1 :  0.983 0.005 0.003 0.010 
  2     1409    (0)    1 :  0.986 0.005 0.003 0.006 
  3     1410    (0)    1 :  0.991 0.003 0.003 0.004 
  4     1411    (0)    1 :  0.986 0.005 0.004 0.005 
  5     1412    (0)    1 :  0.986 0.005 0.003 0.006 
  6     1413    (0)    1 :  0.985 0.005 0.003 0.007 
  7     1414    (0)    1 :  0.993 0.002 0.002 0.003 
  8     1415    (0)    1 :  0.987 0.004 0.004 0.005 
  9     1416    (0)    1 :  0.986 0.004 0.005 0.005 
 10     1417    (0)    1 :  0.990 0.003 0.002 0.004 
 11     1418    (0)    1 :  0.980 0.008 0.003 0.008 
 12     1419    (0)    1 :  0.990 0.003 0.002 0.004 
 13     1420    (0)    1 :  0.983 0.006 0.005 0.007 
 14     1421    (0)    1 :  0.972 0.009 0.005 0.014 
 15     1422    (0)    1 :  0.988 0.004 0.002 0.006 
 16     1423    (0)    1 :  0.985 0.004 0.003 0.008 
 17     1424    (0)    1 :  0.960 0.016 0.007 0.017 
 18     1425    (0)    1 :  0.971 0.008 0.010 0.011 
 19     1426    (0)    1 :  0.972 0.010 0.006 0.012 
 20     1427    (0)    1 :  0.954 0.013 0.011 0.021 
 21     1428    (0)    1 :  0.990 0.004 0.003 0.004 
 22     1429    (0)    1 :  0.983 0.004 0.007 0.006 
 23     1430    (0)    1 :  0.981 0.005 0.004 0.010 
 24     1431    (0)    1 :  0.949 0.016 0.014 0.021 
 25     1432    (0)    1 :  0.989 0.003 0.003 0.004 
 26     1433    (0)    1 :  0.984 0.005 0.003 0.007 
 27     1434    (0)    1 :  0.960 0.015 0.012 0.013 
 28     1435    (0)    1 :  0.967 0.012 0.005 0.017 
 29     1436    (0)    1 :  0.953 0.015 0.014 0.018 
 30     1437    (0)    1 :  0.991 0.003 0.003 0.003 
 31     2229    (0)    2 :  0.003 0.004 0.989 0.005 
 32     2230    (0)    2 :  0.003 0.024 0.960 0.014 
 33     2235    (0)    2 :  0.020 0.013 0.926 0.041 
 34     2236    (0)    2 :  0.006 0.089 0.850 0.054 
 35     2237    (0)    2 :  0.013 0.066 0.910 0.011 
 36     2238    (0)    2 :  0.002 0.007 0.987 0.004 
 37     2239    (0)    2 :  0.002 0.006 0.986 0.006 
 38     2240    (0)    2 :  0.004 0.021 0.960 0.015 
 39     2241    (0)    2 :  0.029 0.018 0.901 0.052 
 40     2242    (0)    2 :  0.003 0.035 0.940 0.023 
 41     2243    (0)    2 :  0.003 0.049 0.932 0.015 
 42     2244    (0)    2 :  0.002 0.019 0.970 0.009 
 43     2245    (0)    2 :  0.005 0.006 0.983 0.005 
 44     2246    (0)    2 :  0.003 0.008 0.983 0.007 
 45     2247    (0)    2 :  0.003 0.012 0.977 0.008 
 46     2248    (0)    2 :  0.002 0.004 0.989 0.004 
 47     2249    (0)    2 :  0.008 0.020 0.863 0.109 
 48     2250    (0)    2 :  0.001 0.003 0.992 0.003 
 49     2251    (0)    2 :  0.010 0.014 0.960 0.016 
 50     2252    (0)    2 :  0.004 0.004 0.986 0.005 
 51     2253    (0)    2 :  0.003 0.036 0.885 0.076 
 52     2254    (0)    2 :  0.005 0.130 0.788 0.076 
 53     2255    (0)    2 :  0.003 0.012 0.965 0.019 
 54     2256    (0)    2 :  0.002 0.221 0.716 0.062 
 55     2257    (0)    2 :  0.010 0.007 0.976 0.008 
 56     2258    (0)    2 :  0.004 0.028 0.945 0.023 
 57     2259    (0)    2 :  0.002 0.006 0.987 0.005 
 58     2260    (0)    2 :  0.003 0.007 0.981 0.009 
 59     2261    (0)    2 :  0.005 0.007 0.981 0.007 
 60     2262    (0)    2 :  0.002 0.006 0.987 0.004 
 61     2263    (0)    2 :  0.006 0.005 0.983 0.006 
 62     2264    (0)    2 :  0.004 0.005 0.980 0.011 
 63     2265    (0)    2 :  0.006 0.033 0.945 0.015 
 64     2266    (0)    2 :  0.003 0.043 0.938 0.016 
 65     2267    (0)    2 :  0.002 0.009 0.984 0.005 
 66     2268    (0)    2 :  0.007 0.014 0.968 0.011 
 67     2269    (0)    2 :  0.004 0.004 0.987 0.005 
 68     2270    (0)    2 :  0.006 0.007 0.979 0.008 
 69     2271    (0)    2 :  0.019 0.027 0.863 0.090 
 70     2355    (0)    3 :  0.018 0.549 0.016 0.417 
 71     2356    (0)    3 :  0.019 0.394 0.004 0.583 
 72     2357    (0)    3 :  0.002 0.919 0.062 0.017 
 73     2358    (0)    3 :  0.012 0.126 0.010 0.853 
 74     2359    (0)    3 :  0.004 0.587 0.031 0.379 
 75     2360    (0)    3 :  0.098 0.850 0.007 0.045 
 76     2361    (2)    3 :  0.004 0.127 0.055 0.814 
 77     2362    (0)    3 :  0.013 0.700 0.020 0.267 
 78     2363    (0)    3 :  0.126 0.292 0.010 0.571 
 79     2364    (0)    3 :  0.021 0.559 0.024 0.396 
 80     2369    (0)    4 :  0.007 0.440 0.352 0.201 
 81     2370    (0)    4 :  0.004 0.726 0.037 0.232 
 82     2372    (0)    4 :  0.007 0.794 0.021 0.178 
 83     2373    (0)    4 :  0.216 0.045 0.118 0.622 
 84     2374    (0)    4 :  0.003 0.935 0.010 0.051 
 85     2375    (0)    4 :  0.008 0.839 0.008 0.145 
 86     2376    (0)    4 :  0.012 0.494 0.056 0.438 
 87     2377    (0)    4 :  0.027 0.303 0.275 0.396 
 88     2378    (0)    4 :  0.002 0.468 0.064 0.466 
 89     2379    (0)    4 :  0.011 0.017 0.013 0.958 
 90     2380    (0)    4 :  0.003 0.825 0.017 0.156 
 91     2381    (0)    4 :  0.003 0.167 0.211 0.619 
 92     2382    (0)    4 :  0.074 0.788 0.004 0.134 
 93     2383    (0)    4 :  0.011 0.724 0.127 0.138 
 94     2384    (0)    4 :  0.023 0.483 0.016 0.478 
 95     2385    (0)    4 :  0.017 0.065 0.020 0.898 
 96     2386    (0)    4 :  0.003 0.522 0.084 0.391 
 97     2387    (0)    4 :  0.005 0.202 0.050 0.743 
 98     2388    (0)    4 :  0.010 0.036 0.005 0.950 
 99     2389    (2)    4 :  0.187 0.227 0.008 0.579 
100     2390    (0)    4 :  0.032 0.020 0.009 0.939 
101     2391    (0)    4 :  0.005 0.104 0.390 0.500 
102     2392    (0)    4 :  0.011 0.389 0.377 0.224 
103     2459    (0)    5 :  0.017 0.480 0.037 0.466 
104     2460    (0)    5 :  0.013 0.190 0.272 0.526 
105     2461    (0)    5 :  0.006 0.959 0.008 0.027 
106     2462    (4)    5 :  0.011 0.465 0.109 0.415 
107     2463    (0)    5 :  0.004 0.891 0.022 0.083 
108     2464    (2)    5 :  0.053 0.646 0.019 0.282 
109     2465    (0)    5 :  0.007 0.902 0.030 0.061 
110     2466    (2)    5 :  0.006 0.919 0.016 0.059 
111     2467    (0)    5 :  0.026 0.196 0.057 0.722 
112     2468    (0)    5 :  0.008 0.932 0.013 0.047 
113     2469    (0)    5 :  0.020 0.885 0.019 0.075 
114     2398    (0)    6 :  0.003 0.927 0.022 0.048 
115     2399    (0)    6 :  0.033 0.742 0.019 0.206 
116     2400    (0)    6 :  0.007 0.807 0.058 0.129 
117     2401    (0)    6 :  0.003 0.890 0.060 0.048 
118     2402    (0)    6 :  0.200 0.202 0.527 0.071 
119     2403    (0)    6 :  0.002 0.985 0.004 0.009 
120     2404    (0)    6 :  0.002 0.943 0.039 0.016 
121     2405    (0)    6 :  0.006 0.389 0.008 0.597 
122     2406    (0)    6 :  0.003 0.579 0.280 0.139 
123     2407    (0)    6 :  0.008 0.181 0.639 0.171 
124     2408    (0)    6 :  0.009 0.520 0.183 0.288 
125     2409    (0)    6 :  0.004 0.832 0.105 0.059 
126     2410    (0)    6 :  0.002 0.964 0.025 0.008 
127      934    (0)    7 :  0.008 0.139 0.063 0.790 
128     2434    (0)    7 :  0.050 0.251 0.027 0.671 
129     2435    (0)    7 :  0.114 0.071 0.009 0.807 
130     2436    (0)    7 :  0.174 0.282 0.006 0.539 
131     2437    (0)    7 :  0.268 0.098 0.014 0.621 
132     2438    (0)    7 :  0.015 0.064 0.010 0.912 
133     2439    (0)    7 :  0.009 0.868 0.015 0.108 
134     2440    (0)    7 :  0.090 0.675 0.010 0.225 
135     2441    (0)    7 :  0.082 0.035 0.037 0.846 
136     2442    (0)    7 :  0.141 0.065 0.011 0.782 
137     2443    (0)    7 :  0.027 0.500 0.023 0.450 
138     2444    (0)    7 :  0.103 0.723 0.028 0.146 
139     2446    (0)    7 :  0.036 0.775 0.037 0.152 
140     2447    (0)    7 :  0.012 0.048 0.032 0.907 
141     2448    (0)    7 :  0.005 0.055 0.891 0.049 
142     2449    (0)    7 :  0.301 0.623 0.006 0.070 
143     2450    (0)    7 :  0.303 0.565 0.006 0.126 
144     2451    (0)    7 :  0.280 0.185 0.023 0.512 
145     2452    (0)    7 :  0.006 0.858 0.085 0.051 
146     2453    (0)    7 :  0.006 0.017 0.048 0.929 
147     2454    (0)    7 :  0.010 0.245 0.641 0.105 
148     2455    (0)    7 :  0.023 0.849 0.009 0.120 
149     2456    (0)    7 :  0.008 0.021 0.093 0.878 
150     2457    (0)    7 :  0.084 0.693 0.016 0.206 
151     2458    (0)    7 :  0.169 0.029 0.042 0.761 
152     1074    (0)    8 :  0.006 0.918 0.034 0.042 
153     1075    (0)    8 :  0.004 0.272 0.046 0.677 
154     1076    (0)    8 :  0.005 0.962 0.005 0.027 
155     1077    (0)    8 :  0.007 0.704 0.090 0.199 
156     1078    (0)    8 :  0.007 0.742 0.044 0.207 


Estimated Allele Frequencies in each cluster
First column gives estimated ancestral frequencies


Locus 1 : 1 
4 alleles
0.0% missing data
  89   (0.508) 0.409 0.554 0.568 0.507 
  91   (0.348) 0.552 0.286 0.370 0.349 
  93   (0.117) 0.036 0.152 0.060 0.114 
  99   (0.026) 0.002 0.008 0.003 0.030 

Locus 2 : 2 
6 alleles
0.0% missing data
 136   (0.358) 0.553 0.324 0.561 0.356 
 138   (0.238) 0.238 0.214 0.232 0.245 
 140   (0.102) 0.059 0.092 0.046 0.101 
 134   (0.243) 0.115 0.340 0.157 0.239 
 142   (0.022) 0.030 0.008 0.002 0.018 
 132   (0.037) 0.004 0.021 0.003 0.040 

Locus 3 : 3 
6 alleles
0.0% missing data
 181   (0.195) 0.092 0.182 0.193 0.196 
 187   (0.322) 0.353 0.276 0.469 0.329 
 185   (0.103) 0.219 0.082 0.008 0.104 
 179   (0.277) 0.155 0.357 0.314 0.274 
 175   (0.068) 0.178 0.049 0.005 0.068 
 191   (0.035) 0.003 0.054 0.010 0.029 

Locus 4 : 4 
10 alleles
0.0% missing data
 241   (0.187) 0.429 0.160 0.079 0.192 
 249   (0.048) 0.061 0.022 0.066 0.041 
 245   (0.024) 0.101 0.005 0.002 0.021 
 271   (0.081) 0.195 0.051 0.026 0.077 
 269   (0.190) 0.046 0.213 0.143 0.199 
 253   (0.345) 0.138 0.464 0.673 0.342 
 247   (0.076) 0.023 0.069 0.006 0.082 
 273   (0.020) 0.002 0.008 0.002 0.020 
 239   (0.015) 0.003 0.004 0.002 0.013 
 265   (0.014) 0.001 0.005 0.002 0.013 

Locus 5 : 5 
4 alleles
0.0% missing data
 103   (0.875) 0.786 0.936 0.959 0.882 
 105   (0.063) 0.182 0.044 0.005 0.060 
 104   (0.041) 0.031 0.014 0.033 0.036 
 102   (0.021) 0.002 0.006 0.002 0.023 

Locus 6 : 6 
5 alleles
0.0% missing data
 135   (0.346) 0.689 0.239 0.187 0.349 
 147   (0.052) 0.123 0.018 0.053 0.046 
 137   (0.026) 0.070 0.006 0.002 0.023 
 141   (0.300) 0.092 0.233 0.609 0.307 
 145   (0.276) 0.025 0.504 0.149 0.275 

Locus 7 : 7 
10 alleles
0.6% missing data
  93   (0.240) 0.343 0.193 0.373 0.243 
  99   (0.027) 0.035 0.012 0.002 0.023 
  89   (0.090) 0.176 0.059 0.060 0.087 
  97   (0.192) 0.122 0.219 0.190 0.190 
 101   (0.029) 0.117 0.010 0.009 0.024 
  91   (0.044) 0.097 0.011 0.046 0.040 
 105   (0.021) 0.076 0.008 0.002 0.016 
 103   (0.281) 0.027 0.366 0.307 0.304 
  85   (0.044) 0.004 0.037 0.009 0.044 
  83   (0.032) 0.003 0.084 0.003 0.030 

Locus 8 : 8 
8 alleles
0.0% missing data
 129   (0.573) 0.398 0.633 0.736 0.586 
 143   (0.235) 0.303 0.247 0.073 0.242 
 149   (0.068) 0.258 0.026 0.100 0.063 
 127   (0.023) 0.030 0.006 0.002 0.020 
 141   (0.048) 0.004 0.057 0.077 0.041 
 131   (0.014) 0.002 0.003 0.009 0.011 
 133   (0.025) 0.003 0.016 0.003 0.025 
 145   (0.014) 0.001 0.011 0.001 0.011 

Locus 9 : 9 
4 alleles
0.0% missing data
 191   (0.342) 0.273 0.327 0.608 0.337 
 195   (0.161) 0.409 0.202 0.101 0.147 
 189   (0.475) 0.316 0.464 0.280 0.497 
 193   (0.022) 0.003 0.007 0.011 0.019 

Locus 10 : 10 
6 alleles
0.0% missing data
 238   (0.532) 0.672 0.628 0.448 0.530 
 232   (0.206) 0.071 0.195 0.351 0.213 
 250   (0.054) 0.159 0.033 0.004 0.053 
 252   (0.125) 0.072 0.089 0.180 0.121 
 254   (0.061) 0.023 0.033 0.014 0.061 
 248   (0.022) 0.002 0.021 0.003 0.022 

Locus 11 : 11 
4 alleles
0.0% missing data
  87   (0.716) 0.505 0.761 0.654 0.736 
  91   (0.066) 0.330 0.043 0.075 0.055 
  89   (0.194) 0.107 0.191 0.270 0.187 
  85   (0.024) 0.058 0.005 0.002 0.021 

Locus 12 : 12 
11 alleles
0.0% missing data
 154   (0.033) 0.016 0.014 0.003 0.032 
 160   (0.270) 0.494 0.297 0.224 0.268 
 161   (0.100) 0.217 0.075 0.057 0.096 
 170   (0.065) 0.131 0.060 0.015 0.065 
 158   (0.207) 0.061 0.200 0.411 0.213 
 143   (0.030) 0.055 0.009 0.002 0.028 
 147   (0.031) 0.003 0.028 0.121 0.024 
 162   (0.210) 0.019 0.270 0.162 0.227 
 134   (0.014) 0.001 0.007 0.001 0.012 
 149   (0.027) 0.003 0.029 0.003 0.024 
 159   (0.014) 0.001 0.011 0.001 0.011 

Locus 13 : 13 
4 alleles
0.0% missing data
 113   (0.313) 0.285 0.276 0.347 0.319 
 115   (0.504) 0.480 0.564 0.485 0.505 
 108   (0.169) 0.233 0.155 0.166 0.163 
 110   (0.015) 0.002 0.004 0.001 0.014 

Locus 14 : 14 
8 alleles
0.0% missing data
 231   (0.188) 0.428 0.124 0.114 0.190 
 233   (0.052) 0.121 0.019 0.071 0.048 
 229   (0.447) 0.362 0.446 0.571 0.464 
 225   (0.155) 0.075 0.125 0.086 0.160 
 227   (0.113) 0.011 0.261 0.153 0.102 
 203   (0.015) 0.001 0.010 0.001 0.011 
 213   (0.015) 0.002 0.004 0.001 0.014 
 221   (0.015) 0.001 0.011 0.001 0.011 

Locus 15 : 15 
4 alleles
0.6% missing data
 143   (0.899) 0.805 0.938 0.987 0.909 
 147   (0.034) 0.081 0.015 0.003 0.030 
 145   (0.052) 0.113 0.044 0.009 0.046 
 157   (0.015) 0.001 0.003 0.001 0.015 

Locus 16 : 16 
5 alleles
0.0% missing data
 156   (0.260) 0.249 0.274 0.189 0.255 
 160   (0.140) 0.099 0.133 0.102 0.142 
 154   (0.084) 0.335 0.034 0.047 0.084 
 158   (0.501) 0.316 0.551 0.660 0.507 
 152   (0.015) 0.001 0.009 0.002 0.012 

Locus 17 : 17 
5 alleles
0.0% missing data
  90   (0.642) 0.445 0.658 0.780 0.654 
 100   (0.112) 0.160 0.109 0.013 0.113 
  88   (0.068) 0.294 0.054 0.013 0.062 
 102   (0.163) 0.100 0.175 0.193 0.157 
 104   (0.015) 0.001 0.004 0.001 0.015 

Locus 18 : 18 
7 alleles
0.0% missing data
 140   (0.266) 0.242 0.341 0.116 0.262 
 150   (0.072) 0.253 0.052 0.007 0.070 
 127   (0.272) 0.399 0.252 0.169 0.277 
 148   (0.089) 0.067 0.095 0.093 0.080 
 142   (0.154) 0.025 0.096 0.486 0.164 
 138   (0.055) 0.005 0.093 0.015 0.052 
 146   (0.092) 0.009 0.071 0.113 0.095 

Locus 19 : 19 
6 alleles
0.0% missing data
 194   (0.558) 0.592 0.583 0.522 0.567 
 200   (0.113) 0.291 0.134 0.010 0.108 
 202   (0.049) 0.062 0.022 0.005 0.049 
 190   (0.102) 0.038 0.107 0.323 0.090 
 188   (0.163) 0.015 0.151 0.139 0.172 
 198   (0.015) 0.002 0.004 0.001 0.014 

Locus 20 : 20 
6 alleles
0.0% missing data
 250   (0.114) 0.351 0.038 0.118 0.114 
 254   (0.099) 0.283 0.050 0.030 0.100 
 244   (0.045) 0.077 0.018 0.062 0.037 
 246   (0.114) 0.160 0.127 0.015 0.111 
 252   (0.607) 0.127 0.757 0.772 0.616 
 248   (0.021) 0.002 0.009 0.002 0.022 

Locus 21 : 21 
7 alleles
0.0% missing data
 163   (0.056) 0.117 0.017 0.005 0.062 
 167   (0.247) 0.100 0.352 0.267 0.241 
 175   (0.109) 0.232 0.134 0.056 0.096 
 173   (0.295) 0.268 0.291 0.310 0.299 
 165   (0.066) 0.177 0.054 0.007 0.063 
 159   (0.015) 0.029 0.003 0.001 0.011 
 177   (0.213) 0.077 0.148 0.353 0.227 

Locus 22 : 22 
11 alleles
0.0% missing data
 150   (0.054) 0.150 0.033 0.024 0.048 
 158   (0.109) 0.408 0.116 0.012 0.106 
 152   (0.411) 0.129 0.452 0.531 0.433 
 162   (0.039) 0.180 0.035 0.003 0.033 
 142   (0.026) 0.044 0.022 0.002 0.020 
 164   (0.053) 0.017 0.032 0.010 0.056 
 148   (0.032) 0.018 0.009 0.003 0.034 
 156   (0.029) 0.031 0.014 0.003 0.024 
 146   (0.161) 0.015 0.221 0.276 0.161 
 154   (0.017) 0.001 0.004 0.085 0.013 
 166   (0.070) 0.007 0.063 0.052 0.071 

Locus 23 : 23 
6 alleles
0.6% missing data
 144   (0.176) 0.293 0.192 0.132 0.170 
 154   (0.477) 0.213 0.567 0.571 0.490 
 158   (0.034) 0.095 0.010 0.010 0.031 
 156   (0.180) 0.306 0.115 0.074 0.190 
 160   (0.111) 0.090 0.110 0.165 0.103 
 152   (0.020) 0.002 0.006 0.048 0.016 

Locus 24 : 24 
4 alleles
0.6% missing data
  83   (0.485) 0.585 0.482 0.455 0.486 
  85   (0.046) 0.093 0.015 0.036 0.041 
  81   (0.373) 0.314 0.419 0.243 0.378 
  77   (0.095) 0.008 0.084 0.265 0.095 

Locus 25 : 25 
6 alleles
0.6% missing data
 124   (0.517) 0.613 0.583 0.310 0.518 
 122   (0.133) 0.327 0.090 0.024 0.137 
 120   (0.023) 0.015 0.010 0.002 0.019 
 126   (0.059) 0.021 0.041 0.047 0.052 
 132   (0.250) 0.022 0.255 0.615 0.261 
 136   (0.018) 0.001 0.020 0.001 0.014 

Locus 26 : 26 
6 alleles
0.0% missing data
 165   (0.247) 0.114 0.285 0.160 0.248 
 183   (0.355) 0.370 0.306 0.458 0.365 
 179   (0.102) 0.228 0.098 0.081 0.090 
 181   (0.055) 0.180 0.068 0.005 0.047 
 185   (0.023) 0.088 0.010 0.002 0.018 
 175   (0.219) 0.020 0.234 0.294 0.232 

Locus 27 : 27 
4 alleles
0.0% missing data
 150   (0.146) 0.206 0.161 0.015 0.150 
 142   (0.494) 0.423 0.590 0.642 0.479 
 148   (0.274) 0.291 0.177 0.142 0.297 
 138   (0.086) 0.080 0.072 0.201 0.074 

Locus 28 : 28 
5 alleles
0.0% missing data
 260   (0.467) 0.297 0.487 0.270 0.492 
 262   (0.425) 0.532 0.444 0.688 0.410 
 256   (0.063) 0.166 0.033 0.039 0.058 
 258   (0.027) 0.003 0.017 0.002 0.026 
 264   (0.018) 0.001 0.020 0.001 0.014 

Locus 29 : 29 
5 alleles
0.0% missing data
 140   (0.132) 0.454 0.153 0.069 0.118 
 146   (0.273) 0.308 0.211 0.138 0.288 
 150   (0.479) 0.210 0.579 0.708 0.477 
 148   (0.083) 0.025 0.045 0.079 0.082 
 152   (0.033) 0.003 0.012 0.007 0.036 

Locus 30 : 30 
6 alleles
0.0% missing data
 125   (0.286) 0.127 0.247 0.283 0.299 
 127   (0.069) 0.364 0.038 0.007 0.068 
 131   (0.041) 0.191 0.040 0.004 0.035 
 129   (0.472) 0.248 0.559 0.582 0.473 
 123   (0.112) 0.069 0.112 0.123 0.103 
 121   (0.021) 0.002 0.005 0.002 0.023 

Locus 31 : 31 
5 alleles
0.0% missing data
 155   (0.580) 0.608 0.515 0.654 0.608 
 157   (0.181) 0.090 0.209 0.163 0.182 
 153   (0.073) 0.171 0.098 0.081 0.059 
 159   (0.131) 0.101 0.164 0.093 0.120 
 151   (0.035) 0.030 0.014 0.010 0.031 

Locus 32 : 32 
4 alleles
0.0% missing data
  92   (0.282) 0.473 0.195 0.290 0.286 
  95   (0.213) 0.316 0.188 0.126 0.216 
  91   (0.430) 0.161 0.556 0.511 0.430 
  94   (0.075) 0.049 0.061 0.074 0.068 

Locus 33 : 33 
4 alleles
0.0% missing data
 146   (0.314) 0.525 0.322 0.110 0.317 
 150   (0.555) 0.303 0.557 0.792 0.567 
 154   (0.051) 0.051 0.060 0.004 0.045 
 148   (0.081) 0.121 0.062 0.095 0.071 

Locus 34 : 34 
7 alleles
0.0% missing data
 180   (0.405) 0.328 0.432 0.523 0.404 
 198   (0.051) 0.324 0.024 0.022 0.044 
 190   (0.030) 0.045 0.007 0.002 0.029 
 184   (0.208) 0.127 0.149 0.226 0.215 
 192   (0.145) 0.160 0.234 0.014 0.146 
 196   (0.145) 0.014 0.150 0.170 0.149 
 194   (0.016) 0.001 0.004 0.043 0.012 

Locus 35 : 35 
6 alleles
0.0% missing data
 108   (0.140) 0.615 0.119 0.022 0.139 
 106   (0.290) 0.132 0.358 0.194 0.287 
 110   (0.220) 0.167 0.161 0.286 0.225 
 112   (0.281) 0.078 0.327 0.492 0.274 
  94   (0.032) 0.003 0.008 0.002 0.039 
  90   (0.038) 0.005 0.027 0.003 0.037 

Locus 36 : 36 
8 alleles
0.0% missing data
 186   (0.023) 0.101 0.009 0.002 0.017 
 168   (0.100) 0.331 0.113 0.008 0.096 
 170   (0.289) 0.329 0.223 0.163 0.301 
 172   (0.268) 0.169 0.339 0.469 0.257 
 174   (0.110) 0.051 0.156 0.035 0.108 
 166   (0.045) 0.004 0.034 0.209 0.039 
 176   (0.118) 0.010 0.065 0.105 0.138 
 178   (0.047) 0.004 0.062 0.011 0.044 

Locus 37 : 37 
6 alleles
0.0% missing data
  85   (0.201) 0.048 0.213 0.181 0.204 
  89   (0.514) 0.535 0.560 0.713 0.508 
  83   (0.146) 0.362 0.127 0.013 0.154 
  91   (0.021) 0.033 0.005 0.002 0.018 
  95   (0.074) 0.018 0.054 0.087 0.070 
  81   (0.045) 0.004 0.041 0.003 0.047 

Locus 38 : 38 
7 alleles
0.0% missing data
 161   (0.347) 0.551 0.330 0.477 0.348 
 165   (0.227) 0.177 0.180 0.177 0.238 
 173   (0.275) 0.259 0.324 0.187 0.275 
 169   (0.083) 0.007 0.090 0.134 0.085 
 159   (0.015) 0.001 0.003 0.011 0.011 
 167   (0.037) 0.003 0.052 0.013 0.031 
 175   (0.016) 0.001 0.021 0.001 0.012 

Locus 39 : 39 
5 alleles
0.0% missing data
  87   (0.138) 0.387 0.089 0.146 0.131 
  85   (0.221) 0.085 0.223 0.128 0.224 
  91   (0.160) 0.266 0.151 0.035 0.161 
  89   (0.411) 0.255 0.469 0.663 0.413 
  81   (0.070) 0.006 0.067 0.027 0.071 

Locus 40 : 40 
3 alleles
0.0% missing data
 161   (0.192) 0.491 0.152 0.066 0.191 
 167   (0.751) 0.475 0.830 0.920 0.750 
 165   (0.057) 0.033 0.018 0.014 0.059 

Locus 41 : 41 
6 alleles
0.0% missing data
 228   (0.396) 0.384 0.407 0.571 0.390 
 240   (0.127) 0.411 0.129 0.012 0.128 
 236   (0.071) 0.085 0.018 0.109 0.071 
 238   (0.353) 0.104 0.422 0.251 0.365 
 224   (0.039) 0.016 0.020 0.055 0.031 
 242   (0.015) 0.001 0.003 0.001 0.015 

Locus 42 : 42 
7 alleles
0.6% missing data
 130   (0.553) 0.581 0.503 0.477 0.578 
 134   (0.128) 0.296 0.182 0.016 0.122 
 118   (0.050) 0.100 0.045 0.006 0.043 
 114   (0.097) 0.009 0.099 0.086 0.097 
 132   (0.081) 0.007 0.057 0.258 0.081 
 128   (0.068) 0.006 0.103 0.136 0.060 
 122   (0.023) 0.002 0.011 0.020 0.019 

Locus 43 : 43 
6 alleles
0.0% missing data
  92   (0.172) 0.441 0.086 0.116 0.178 
  98   (0.162) 0.250 0.082 0.213 0.163 
  96   (0.071) 0.183 0.035 0.067 0.063 
 104   (0.390) 0.109 0.497 0.171 0.398 
 102   (0.189) 0.017 0.295 0.432 0.183 
 106   (0.015) 0.001 0.005 0.001 0.015 

Locus 44 : 44 
5 alleles
0.0% missing data
  97   (0.044) 0.041 0.022 0.003 0.042 
  99   (0.106) 0.241 0.051 0.016 0.115 
 101   (0.335) 0.228 0.405 0.397 0.328 
  95   (0.233) 0.390 0.252 0.348 0.220 
 103   (0.281) 0.101 0.270 0.236 0.295 

Locus 45 : 45 
7 alleles
0.0% missing data
 181   (0.559) 0.271 0.602 0.733 0.582 
 191   (0.267) 0.595 0.274 0.183 0.260 
 177   (0.068) 0.035 0.050 0.075 0.062 
 179   (0.039) 0.077 0.038 0.003 0.033 
 193   (0.027) 0.017 0.008 0.002 0.026 
 183   (0.019) 0.002 0.016 0.002 0.016 
 189   (0.022) 0.002 0.012 0.002 0.020 

Locus 46 : 46 
6 alleles
0.0% missing data
 211   (0.203) 0.390 0.195 0.179 0.197 
 205   (0.432) 0.351 0.525 0.485 0.438 
 207   (0.218) 0.131 0.182 0.175 0.235 
 201   (0.055) 0.067 0.035 0.076 0.047 
 202   (0.022) 0.029 0.013 0.002 0.017 
 215   (0.069) 0.032 0.050 0.083 0.064 

Locus 47 : 47 
10 alleles
0.0% missing data
 162   (0.058) 0.053 0.054 0.005 0.055 
 164   (0.035) 0.112 0.016 0.003 0.032 
 142   (0.261) 0.133 0.392 0.202 0.259 
 158   (0.177) 0.179 0.158 0.086 0.190 
 170   (0.043) 0.100 0.010 0.013 0.042 
 168   (0.161) 0.303 0.115 0.255 0.164 
 156   (0.039) 0.068 0.028 0.005 0.036 
 160   (0.014) 0.013 0.003 0.001 0.011 
 166   (0.166) 0.036 0.168 0.285 0.172 
 144   (0.046) 0.004 0.055 0.145 0.039 

Locus 48 : 48 
6 alleles
0.0% missing data
 149   (0.352) 0.748 0.397 0.121 0.351 
 145   (0.198) 0.125 0.211 0.247 0.191 
 151   (0.226) 0.093 0.174 0.235 0.233 
 143   (0.028) 0.015 0.010 0.002 0.028 
 153   (0.181) 0.017 0.204 0.393 0.182 
 147   (0.015) 0.002 0.004 0.001 0.015 

Values of parameters used in structure:
DATAFILE=a1.str,	OUTFILE=k4/a1_k4_run5,	NUMINDS=156,	NUMLOCI=48,	MISSING=-9,	LABEL=1,	POPDATA=1,	POPFLAG=0,	PHENOTYPE=0,	EXTRACOLS=0,	MAXPOPS=4,	BURNIN=500000,	NUMREPS=750000,	USEPOPINFO=0,	INFERALPHA=1,	INFERLAMBDA=0,	POPSPECIFICLAMBDA=0,	POPALPHAS=0,	COMPUTEPROB=1,	NOADMIX=0,	ADMBURNIN=500,	UPDATEFREQ=100,	PRINTLIKES=0,	INTERMEDSAVE=0,	PRINTKLD=0,	PRINTNET=1,	PRINTLAMBDA=1,	ANCESTDIST=0,	NUMBOXES=1000,	ANCESTPINT=0.90000,	GENSBACK=2,	MIGRPRIOR=0.01000,	PRINTQHAT=0,	PRINTQSUM=1,	ALPHA=1.0000,	FREQSCORR=1,	FPRIORMEAN=0.0100,	FPRIORSD=0.0500,	ONEFST=0,	LAMBDA=1.0000,	UNIFPRIORALPHA=1,	ALPHAMAX=10.0000,	ALPHAPRIORA=1.0000,	ALPHAPRIORB=2.0000,	ALPHAPROPSD=0.0250,	STARTATPOPINFO=0,	RANDOMIZE=0,	LINKAGE=0,	METROFREQ=10,	REPORTHITRATE=0,	MARKOVPHASE=0,	PHASED=1,	PLOIDY=2,	PHASEINFO=0	LOCPRIOR=0, 	LOCPRIORINIT=1.000000, 	LOCDATA=0, 	LOCISPOP=1, 	LOCPRIORSTEP=0.100000, 	MAXLOCPRIOR=20.000000, 	SEED=260428,	
[STRAT parameters]:    NUMSIMSTATS=1000,	PHENOTYPECOL=-9,	POOLFREQ=10,	LOCUSxONLY=0,	EMERROR=0.00100,	MISSINGPHENO=-9,	