

----------------------------------------------------
STRUCTURE by Pritchard, Stephens and Donnelly (2000)
     and Falush, Stephens and Pritchard (2003)
       Code by Pritchard, Falush and Hubisz
             Version 2.3.4 (Jul 2012)
----------------------------------------------------



Command line arguments:   structure -D 393576 -K 6 -m mainparams -o k6/a1_k6_run10 
Input File:    a1.str

Run parameters:
   161 individuals
   48 loci
   6 populations assumed
   500000 Burn-in period
   750000 Reps
RANDOMIZE turned off


--------------------------------------------
Proportion of membership of each pre-defined
 population in each of the 6 clusters

Given    Inferred Clusters                            Number of
 Pop       1      2      3      4      5      6      Individuals

  1:     0.005  0.004  0.006  0.970  0.007  0.007       30
  2:     0.021  0.916  0.019  0.005  0.019  0.019       39
  3:     0.157  0.019  0.211  0.024  0.286  0.304       10
  4:     0.071  0.064  0.168  0.026  0.324  0.346       23
  5:     0.102  0.034  0.468  0.009  0.210  0.178       11
  6:     0.479  0.083  0.192  0.012  0.133  0.101       18
  7:     0.049  0.073  0.246  0.087  0.267  0.277       25
  8:     0.317  0.037  0.131  0.005  0.241  0.268        5
--------------------------------------------

Allele-freq. divergence among pops (Net nucleotide distance),
computed using point estimates of P.

      1       2       3       4       5       6      
 1      -    0.0391  0.0159  0.0931  0.0149  0.0154  
 2   0.0391     -    0.0311  0.1172  0.0281  0.0282  
 3   0.0159  0.0311     -    0.0688  0.0026  0.0040  
 4   0.0931  0.1172  0.0688     -    0.0633  0.0628  
 5   0.0149  0.0281  0.0026  0.0633     -    0.0002  
 6   0.0154  0.0282  0.0040  0.0628  0.0002     -    

Average distances (expected heterozygosity) between individuals in same cluster:
cluster  1  : 0.5944 
cluster  2  : 0.5545 
cluster  3  : 0.6352 
cluster  4  : 0.6410 
cluster  5  : 0.6429 
cluster  6  : 0.6426 

--------------------------------------------
Estimated Ln Prob of Data   = -18957.4
Mean value of ln likelihood = -18112.3
Variance of ln likelihood   = 1690.3
Mean value of alpha         = 0.0412

Mean value of Fst_1         = 0.0965
Mean value of Fst_2         = 0.1255
Mean value of Fst_3         = 0.0386
Mean value of Fst_4         = 0.1527
Mean value of Fst_5         = 0.0249
Mean value of Fst_6         = 0.0228


Inferred ancestry of individuals:
        Label (%Miss) Pop:  Inferred clusters
  1     1408    (0)    1 :  0.003 0.002 0.007 0.974 0.007 0.007 
  2     1409    (0)    1 :  0.005 0.002 0.004 0.980 0.005 0.005 
  3     1410    (0)    1 :  0.003 0.002 0.002 0.988 0.003 0.003 
  4     1411    (0)    1 :  0.003 0.003 0.004 0.980 0.004 0.004 
  5     1412    (0)    1 :  0.003 0.003 0.006 0.979 0.005 0.004 
  6     1413    (0)    1 :  0.005 0.002 0.004 0.978 0.005 0.005 
  7     1414    (0)    1 :  0.002 0.002 0.002 0.990 0.002 0.002 
  8     1415    (0)    1 :  0.003 0.003 0.004 0.983 0.004 0.004 
  9     1416    (0)    1 :  0.004 0.004 0.003 0.981 0.004 0.004 
 10     1417    (0)    1 :  0.002 0.002 0.003 0.986 0.003 0.004 
 11     1418    (0)    1 :  0.007 0.002 0.006 0.972 0.006 0.007 
 12     1419    (0)    1 :  0.003 0.002 0.003 0.986 0.003 0.003 
 13     1420    (0)    1 :  0.005 0.004 0.006 0.975 0.005 0.005 
 14     1421    (0)    1 :  0.004 0.004 0.010 0.958 0.011 0.011 
 15     1422    (0)    1 :  0.002 0.002 0.004 0.983 0.004 0.004 
 16     1423    (0)    1 :  0.003 0.003 0.003 0.978 0.006 0.007 
 17     1424    (0)    1 :  0.006 0.005 0.018 0.942 0.015 0.014 
 18     1425    (0)    1 :  0.006 0.008 0.006 0.963 0.008 0.009 
 19     1426    (0)    1 :  0.006 0.005 0.009 0.960 0.009 0.010 
 20     1427    (0)    1 :  0.005 0.009 0.017 0.938 0.015 0.015 
 21     1428    (0)    1 :  0.003 0.002 0.003 0.985 0.003 0.003 
 22     1429    (0)    1 :  0.003 0.006 0.004 0.978 0.004 0.004 
 23     1430    (0)    1 :  0.004 0.003 0.005 0.974 0.007 0.007 
 24     1431    (0)    1 :  0.022 0.011 0.013 0.919 0.017 0.017 
 25     1432    (0)    1 :  0.002 0.003 0.003 0.986 0.003 0.003 
 26     1433    (0)    1 :  0.003 0.003 0.006 0.976 0.006 0.006 
 27     1434    (0)    1 :  0.018 0.010 0.008 0.940 0.012 0.012 
 28     1435    (0)    1 :  0.005 0.004 0.010 0.955 0.012 0.013 
 29     1436    (0)    1 :  0.008 0.012 0.015 0.938 0.014 0.013 
 30     1437    (0)    1 :  0.003 0.002 0.002 0.987 0.002 0.003 
 31     2229    (0)    2 :  0.004 0.983 0.004 0.002 0.004 0.004 
 32     2230    (0)    2 :  0.014 0.922 0.019 0.002 0.021 0.022 
 33     2235    (0)    2 :  0.005 0.890 0.021 0.016 0.031 0.036 
 34     2236    (0)    2 :  0.071 0.812 0.033 0.004 0.039 0.041 
 35     2237    (0)    2 :  0.173 0.782 0.016 0.008 0.011 0.009 
 36     2238    (0)    2 :  0.011 0.974 0.005 0.002 0.004 0.004 
 37     2239    (0)    2 :  0.005 0.976 0.005 0.001 0.006 0.007 
 38     2240    (0)    2 :  0.013 0.942 0.016 0.004 0.013 0.013 
 39     2241    (0)    2 :  0.010 0.863 0.035 0.024 0.036 0.031 
 40     2242    (0)    2 :  0.020 0.887 0.031 0.002 0.030 0.030 
 41     2243    (0)    2 :  0.087 0.866 0.016 0.003 0.015 0.015 
 42     2244    (0)    2 :  0.026 0.927 0.024 0.002 0.012 0.009 
 43     2245    (0)    2 :  0.003 0.979 0.005 0.004 0.004 0.004 
 44     2246    (0)    2 :  0.006 0.971 0.007 0.002 0.007 0.007 
 45     2247    (0)    2 :  0.011 0.960 0.009 0.002 0.009 0.009 
 46     2248    (0)    2 :  0.003 0.984 0.004 0.002 0.004 0.003 
 47     2249    (0)    2 :  0.015 0.789 0.048 0.006 0.076 0.066 
 48     2250    (0)    2 :  0.003 0.988 0.002 0.001 0.003 0.003 
 49     2251    (0)    2 :  0.009 0.946 0.013 0.008 0.012 0.012 
 50     2252    (0)    2 :  0.003 0.981 0.004 0.003 0.004 0.004 
 51     2253    (0)    2 :  0.013 0.824 0.027 0.003 0.066 0.068 
 52     2254    (0)    2 :  0.010 0.693 0.169 0.004 0.073 0.051 
 53     2255    (0)    2 :  0.013 0.943 0.012 0.003 0.014 0.015 
 54     2256    (0)    2 :  0.131 0.602 0.057 0.002 0.094 0.114 
 55     2257    (0)    2 :  0.006 0.966 0.007 0.008 0.006 0.006 
 56     2258    (0)    2 :  0.008 0.914 0.027 0.003 0.024 0.025 
 57     2259    (0)    2 :  0.007 0.978 0.004 0.002 0.004 0.004 
 58     2260    (0)    2 :  0.008 0.970 0.006 0.002 0.006 0.007 
 59     2261    (0)    2 :  0.005 0.973 0.007 0.004 0.006 0.006 
 60     2262    (0)    2 :  0.010 0.975 0.005 0.002 0.004 0.004 
 61     2263    (0)    2 :  0.003 0.977 0.005 0.005 0.005 0.004 
 62     2264    (0)    2 :  0.004 0.969 0.005 0.003 0.009 0.009 
 63     2265    (0)    2 :  0.041 0.909 0.010 0.005 0.015 0.019 
 64     2266    (0)    2 :  0.046 0.911 0.015 0.002 0.013 0.013 
 65     2267    (0)    2 :  0.008 0.974 0.006 0.002 0.005 0.005 
 66     2268    (0)    2 :  0.007 0.961 0.008 0.006 0.009 0.009 
 67     2269    (0)    2 :  0.004 0.980 0.004 0.003 0.004 0.004 
 68     2270    (0)    2 :  0.005 0.969 0.006 0.005 0.007 0.008 
 69     2271    (0)    2 :  0.009 0.829 0.031 0.016 0.056 0.059 
 70     2355    (0)    3 :  0.023 0.013 0.355 0.012 0.264 0.333 
 71     2356    (0)    3 :  0.026 0.003 0.333 0.015 0.354 0.269 
 72     2357    (0)    3 :  0.714 0.068 0.111 0.002 0.056 0.049 
 73     2358    (0)    3 :  0.011 0.006 0.048 0.011 0.433 0.491 
 74     2359    (0)    3 :  0.027 0.015 0.081 0.003 0.409 0.465 
 75     2360    (0)    3 :  0.330 0.007 0.237 0.090 0.176 0.159 
 76     2361    (2)    3 :  0.012 0.037 0.073 0.003 0.419 0.456 
 77     2362    (0)    3 :  0.403 0.015 0.106 0.016 0.217 0.244 
 78     2363    (0)    3 :  0.010 0.007 0.404 0.076 0.247 0.256 
 79     2364    (0)    3 :  0.010 0.016 0.363 0.012 0.284 0.316 
 80     2369    (0)    4 :  0.081 0.234 0.023 0.005 0.292 0.366 
 81     2370    (0)    4 :  0.384 0.026 0.039 0.003 0.230 0.318 
 82     2372    (0)    4 :  0.153 0.017 0.199 0.006 0.299 0.326 
 83     2373    (0)    4 :  0.123 0.070 0.107 0.226 0.222 0.251 
 84     2374    (0)    4 :  0.010 0.006 0.769 0.002 0.196 0.018 
 85     2375    (0)    4 :  0.079 0.007 0.224 0.005 0.295 0.390 
 86     2376    (0)    4 :  0.045 0.045 0.147 0.010 0.341 0.411 
 87     2377    (0)    4 :  0.019 0.146 0.418 0.010 0.253 0.155 
 88     2378    (0)    4 :  0.018 0.027 0.035 0.002 0.418 0.501 
 89     2379    (0)    4 :  0.006 0.010 0.055 0.011 0.444 0.474 
 90     2380    (0)    4 :  0.054 0.017 0.566 0.002 0.220 0.142 
 91     2381    (0)    4 :  0.044 0.093 0.030 0.002 0.405 0.426 
 92     2382    (0)    4 :  0.167 0.003 0.120 0.064 0.293 0.354 
 93     2383    (0)    4 :  0.170 0.146 0.098 0.011 0.263 0.313 
 94     2384    (0)    4 :  0.078 0.012 0.140 0.021 0.341 0.409 
 95     2385    (0)    4 :  0.020 0.015 0.079 0.023 0.438 0.424 
 96     2386    (0)    4 :  0.020 0.054 0.219 0.002 0.327 0.378 
 97     2387    (0)    4 :  0.078 0.035 0.042 0.005 0.413 0.427 
 98     2388    (0)    4 :  0.012 0.004 0.022 0.008 0.472 0.483 
 99     2389    (2)    4 :  0.022 0.005 0.181 0.131 0.293 0.367 
100     2390    (0)    4 :  0.005 0.007 0.042 0.048 0.438 0.460 
101     2391    (0)    4 :  0.012 0.234 0.028 0.003 0.344 0.378 
102     2392    (0)    4 :  0.039 0.270 0.281 0.006 0.208 0.195 
103     2459    (0)    5 :  0.017 0.017 0.528 0.008 0.174 0.256 
104     2460    (0)    5 :  0.015 0.164 0.299 0.008 0.269 0.244 
105     2461    (0)    5 :  0.121 0.005 0.602 0.005 0.194 0.072 
106     2462    (4)    5 :  0.017 0.060 0.470 0.005 0.184 0.264 
107     2463    (0)    5 :  0.135 0.019 0.504 0.003 0.162 0.176 
108     2464    (2)    5 :  0.020 0.011 0.743 0.010 0.187 0.030 
109     2465    (0)    5 :  0.610 0.025 0.076 0.010 0.117 0.161 
110     2466    (2)    5 :  0.009 0.010 0.723 0.004 0.209 0.045 
111     2467    (0)    5 :  0.019 0.033 0.126 0.023 0.398 0.401 
112     2468    (0)    5 :  0.120 0.014 0.432 0.007 0.201 0.226 
113     2469    (0)    5 :  0.035 0.010 0.641 0.013 0.220 0.081 
114     1011    (0)    6 :  0.007 0.051 0.473 0.007 0.252 0.210 
115     1012    (4)    6 :  0.948 0.022 0.009 0.002 0.009 0.010 
116     1013    (4)    6 :  0.957 0.007 0.013 0.004 0.010 0.009 
117     1015    (2)    6 :  0.169 0.018 0.477 0.025 0.217 0.095 
118     1016    (4)    6 :  0.191 0.025 0.500 0.005 0.203 0.076 
119     2398    (0)    6 :  0.966 0.007 0.008 0.002 0.009 0.008 
120     2399    (0)    6 :  0.064 0.009 0.425 0.015 0.272 0.216 
121     2400    (0)    6 :  0.925 0.019 0.016 0.006 0.017 0.017 
122     2401    (0)    6 :  0.361 0.057 0.325 0.003 0.151 0.104 
123     2402    (0)    6 :  0.033 0.325 0.261 0.116 0.157 0.108 
124     2403    (0)    6 :  0.978 0.003 0.006 0.002 0.006 0.005 
125     2404    (0)    6 :  0.965 0.012 0.009 0.002 0.007 0.006 
126     2405    (0)    6 :  0.055 0.005 0.040 0.005 0.429 0.466 
127     2406    (0)    6 :  0.057 0.158 0.444 0.002 0.218 0.120 
128     2407    (0)    6 :  0.046 0.598 0.099 0.006 0.129 0.122 
129     2408    (0)    6 :  0.031 0.120 0.325 0.006 0.290 0.228 
130     2409    (0)    6 :  0.929 0.042 0.009 0.002 0.009 0.009 
131     2410    (0)    6 :  0.943 0.023 0.012 0.002 0.010 0.010 
132      934    (0)    7 :  0.015 0.049 0.311 0.007 0.267 0.351 
133     2434    (0)    7 :  0.059 0.022 0.087 0.052 0.378 0.403 
134     2435    (0)    7 :  0.005 0.006 0.225 0.080 0.298 0.386 
135     2436    (0)    7 :  0.007 0.004 0.310 0.111 0.265 0.302 
136     2437    (0)    7 :  0.020 0.010 0.159 0.261 0.258 0.292 
137     2438    (0)    7 :  0.011 0.006 0.014 0.011 0.458 0.501 
138     2439    (0)    7 :  0.014 0.013 0.576 0.006 0.249 0.142 
139     2440    (0)    7 :  0.177 0.008 0.190 0.097 0.229 0.299 
140     2441    (0)    7 :  0.009 0.029 0.155 0.077 0.348 0.382 
141     2442    (0)    7 :  0.012 0.009 0.167 0.160 0.274 0.379 
142     2443    (0)    7 :  0.043 0.016 0.160 0.018 0.367 0.396 
143     2444    (0)    7 :  0.153 0.021 0.319 0.078 0.212 0.217 
144     2446    (0)    7 :  0.022 0.028 0.583 0.015 0.196 0.156 
145     2447    (0)    7 :  0.009 0.020 0.046 0.013 0.442 0.470 
146     2448    (0)    7 :  0.039 0.775 0.063 0.004 0.060 0.059 
147     2449    (0)    7 :  0.166 0.004 0.348 0.305 0.128 0.049 
148     2450    (0)    7 :  0.177 0.005 0.205 0.251 0.184 0.177 
149     2451    (0)    7 :  0.100 0.021 0.145 0.300 0.209 0.226 
150     2452    (0)    7 :  0.067 0.063 0.598 0.005 0.191 0.077 
151     2453    (0)    7 :  0.009 0.043 0.165 0.006 0.351 0.426 
152     2454    (0)    7 :  0.016 0.546 0.217 0.005 0.122 0.094 
153     2455    (0)    7 :  0.082 0.006 0.279 0.013 0.259 0.361 
154     2456    (0)    7 :  0.009 0.096 0.089 0.009 0.396 0.401 
155     2457    (0)    7 :  0.009 0.007 0.715 0.038 0.198 0.033 
156     2458    (0)    7 :  0.006 0.025 0.038 0.249 0.339 0.343 
157     1074    (0)    8 :  0.402 0.058 0.202 0.008 0.166 0.164 
158     1075    (0)    8 :  0.008 0.026 0.105 0.004 0.381 0.477 
159     1076    (0)    8 :  0.973 0.003 0.006 0.004 0.007 0.007 
160     1077    (0)    8 :  0.079 0.062 0.255 0.006 0.306 0.292 
161     1078    (0)    8 :  0.125 0.036 0.089 0.005 0.348 0.398 


Estimated Allele Frequencies in each cluster
First column gives estimated ancestral frequencies


Locus 1 : 1 
4 alleles
0.0% missing data
  89   (0.510) 0.649 0.574 0.488 0.408 0.503 0.506 
  91   (0.346) 0.173 0.367 0.378 0.554 0.348 0.344 
  93   (0.124) 0.172 0.057 0.125 0.036 0.124 0.124 
  99   (0.020) 0.005 0.002 0.009 0.002 0.025 0.027 

Locus 2 : 2 
6 alleles
0.0% missing data
 136   (0.348) 0.274 0.569 0.346 0.558 0.352 0.352 
 138   (0.243) 0.237 0.234 0.265 0.237 0.249 0.243 
 140   (0.097) 0.033 0.041 0.108 0.057 0.103 0.097 
 134   (0.254) 0.438 0.151 0.243 0.115 0.241 0.249 
 142   (0.026) 0.009 0.002 0.019 0.031 0.019 0.018 
 132   (0.031) 0.008 0.003 0.018 0.003 0.035 0.041 

Locus 3 : 3 
6 alleles
0.0% missing data
 181   (0.187) 0.190 0.195 0.155 0.090 0.169 0.187 
 187   (0.333) 0.254 0.473 0.298 0.354 0.346 0.356 
 185   (0.099) 0.033 0.008 0.132 0.221 0.100 0.092 
 179   (0.287) 0.338 0.309 0.341 0.152 0.299 0.284 
 175   (0.059) 0.098 0.005 0.031 0.181 0.058 0.060 
 191   (0.035) 0.087 0.010 0.044 0.003 0.028 0.021 

Locus 4 : 4 
10 alleles
0.0% missing data
 241   (0.179) 0.067 0.075 0.187 0.436 0.188 0.191 
 249   (0.044) 0.012 0.070 0.026 0.062 0.032 0.034 
 245   (0.022) 0.005 0.002 0.010 0.103 0.014 0.015 
 271   (0.073) 0.019 0.026 0.086 0.191 0.064 0.059 
 269   (0.173) 0.291 0.134 0.187 0.044 0.196 0.189 
 253   (0.383) 0.549 0.682 0.398 0.137 0.386 0.386 
 247   (0.080) 0.042 0.007 0.077 0.022 0.088 0.093 
 273   (0.019) 0.004 0.001 0.014 0.002 0.014 0.015 
 239   (0.014) 0.006 0.002 0.007 0.003 0.009 0.009 
 265   (0.013) 0.003 0.002 0.010 0.001 0.010 0.010 

Locus 5 : 5 
4 alleles
1.9% missing data
 103   (0.887) 0.965 0.960 0.915 0.784 0.907 0.898 
 105   (0.058) 0.019 0.005 0.055 0.183 0.048 0.054 
 104   (0.039) 0.011 0.033 0.022 0.031 0.026 0.027 
 102   (0.017) 0.005 0.001 0.007 0.001 0.020 0.021 

Locus 6 : 6 
5 alleles
0.0% missing data
 135   (0.317) 0.169 0.190 0.267 0.685 0.297 0.312 
 147   (0.046) 0.018 0.056 0.021 0.124 0.033 0.035 
 137   (0.021) 0.005 0.002 0.009 0.075 0.014 0.014 
 141   (0.291) 0.224 0.608 0.257 0.087 0.309 0.316 
 145   (0.325) 0.583 0.145 0.446 0.028 0.348 0.323 

Locus 7 : 7 
10 alleles
0.6% missing data
  93   (0.238) 0.185 0.380 0.210 0.343 0.232 0.235 
  99   (0.024) 0.014 0.002 0.012 0.036 0.016 0.017 
  89   (0.097) 0.037 0.062 0.098 0.178 0.092 0.089 
  97   (0.196) 0.244 0.192 0.179 0.123 0.192 0.194 
 101   (0.027) 0.007 0.008 0.019 0.118 0.017 0.017 
  91   (0.039) 0.010 0.048 0.021 0.097 0.026 0.028 
 105   (0.020) 0.005 0.002 0.017 0.074 0.013 0.011 
 103   (0.280) 0.346 0.295 0.347 0.025 0.340 0.332 
  85   (0.036) 0.011 0.006 0.063 0.003 0.032 0.032 
  83   (0.043) 0.141 0.004 0.035 0.004 0.041 0.044 

Locus 8 : 8 
8 alleles
0.0% missing data
 129   (0.580) 0.650 0.734 0.626 0.394 0.609 0.608 
 143   (0.232) 0.166 0.073 0.265 0.303 0.249 0.244 
 149   (0.067) 0.067 0.098 0.041 0.264 0.050 0.051 
 127   (0.020) 0.005 0.002 0.010 0.030 0.015 0.015 
 141   (0.052) 0.072 0.081 0.033 0.004 0.039 0.043 
 131   (0.013) 0.003 0.009 0.006 0.001 0.008 0.008 
 133   (0.022) 0.011 0.002 0.013 0.003 0.023 0.025 
 145   (0.013) 0.026 0.001 0.005 0.001 0.007 0.007 

Locus 9 : 9 
4 alleles
0.0% missing data
 191   (0.346) 0.244 0.627 0.332 0.277 0.337 0.346 
 195   (0.179) 0.287 0.099 0.183 0.410 0.155 0.146 
 189   (0.454) 0.460 0.263 0.475 0.310 0.495 0.494 
 193   (0.020) 0.008 0.011 0.010 0.003 0.013 0.013 

Locus 10 : 10 
6 alleles
0.0% missing data
 238   (0.576) 0.685 0.444 0.629 0.675 0.569 0.560 
 232   (0.186) 0.216 0.357 0.150 0.069 0.212 0.217 
 250   (0.046) 0.015 0.004 0.028 0.164 0.046 0.050 
 252   (0.117) 0.055 0.179 0.138 0.070 0.108 0.098 
 254   (0.054) 0.015 0.014 0.046 0.021 0.042 0.048 
 248   (0.020) 0.014 0.002 0.009 0.002 0.023 0.027 

Locus 11 : 11 
4 alleles
0.0% missing data
  87   (0.720) 0.726 0.646 0.710 0.503 0.746 0.762 
  91   (0.061) 0.027 0.077 0.062 0.332 0.049 0.043 
  89   (0.197) 0.241 0.274 0.219 0.105 0.189 0.179 
  85   (0.021) 0.005 0.002 0.009 0.060 0.016 0.016 

Locus 12 : 12 
11 alleles
0.0% missing data
 154   (0.029) 0.008 0.003 0.019 0.015 0.026 0.027 
 160   (0.283) 0.352 0.225 0.296 0.498 0.268 0.267 
 161   (0.095) 0.058 0.059 0.077 0.221 0.088 0.087 
 170   (0.061) 0.049 0.014 0.037 0.129 0.065 0.072 
 158   (0.193) 0.296 0.417 0.145 0.059 0.193 0.205 
 143   (0.029) 0.007 0.002 0.021 0.050 0.020 0.022 
 147   (0.034) 0.014 0.121 0.051 0.003 0.030 0.022 
 162   (0.219) 0.160 0.153 0.301 0.019 0.267 0.259 
 134   (0.013) 0.003 0.001 0.007 0.001 0.009 0.010 
 159   (0.018) 0.033 0.002 0.014 0.001 0.012 0.010 
 149   (0.026) 0.020 0.003 0.033 0.003 0.022 0.019 

Locus 13 : 13 
4 alleles
0.0% missing data
 113   (0.318) 0.390 0.349 0.276 0.281 0.300 0.310 
 115   (0.510) 0.360 0.484 0.581 0.483 0.544 0.533 
 108   (0.159) 0.246 0.166 0.135 0.234 0.148 0.147 
 110   (0.014) 0.003 0.001 0.007 0.002 0.009 0.010 

Locus 14 : 14 
8 alleles
0.0% missing data
 231   (0.167) 0.053 0.116 0.151 0.427 0.161 0.171 
 233   (0.056) 0.021 0.074 0.048 0.124 0.048 0.044 
 229   (0.446) 0.465 0.570 0.457 0.360 0.483 0.482 
 225   (0.151) 0.076 0.083 0.148 0.073 0.152 0.156 
 227   (0.140) 0.352 0.154 0.170 0.012 0.131 0.121 
 203   (0.013) 0.004 0.001 0.014 0.001 0.010 0.008 
 213   (0.013) 0.003 0.001 0.007 0.002 0.009 0.011 
 221   (0.013) 0.026 0.001 0.006 0.001 0.007 0.007 

Locus 15 : 15 
4 alleles
0.6% missing data
 143   (0.902) 0.969 0.987 0.930 0.804 0.924 0.918 
 147   (0.031) 0.008 0.003 0.026 0.080 0.021 0.022 
 145   (0.053) 0.019 0.009 0.038 0.115 0.045 0.049 
 157   (0.014) 0.003 0.001 0.007 0.001 0.009 0.011 

Locus 16 : 16 
5 alleles
0.0% missing data
 156   (0.275) 0.261 0.193 0.286 0.245 0.257 0.260 
 160   (0.140) 0.139 0.096 0.145 0.098 0.153 0.145 
 154   (0.068) 0.022 0.045 0.035 0.342 0.066 0.072 
 158   (0.504) 0.573 0.665 0.521 0.314 0.514 0.515 
 152   (0.013) 0.004 0.002 0.012 0.001 0.010 0.008 

Locus 17 : 17 
5 alleles
0.0% missing data
  90   (0.643) 0.640 0.778 0.662 0.442 0.670 0.669 
 100   (0.107) 0.057 0.011 0.122 0.159 0.110 0.109 
  88   (0.066) 0.056 0.014 0.049 0.298 0.050 0.053 
 102   (0.170) 0.244 0.196 0.161 0.099 0.159 0.156 
 104   (0.014) 0.003 0.001 0.006 0.001 0.012 0.012 

Locus 18 : 18 
7 alleles
0.0% missing data
 140   (0.273) 0.273 0.116 0.346 0.241 0.281 0.262 
 150   (0.065) 0.018 0.006 0.085 0.251 0.058 0.055 
 127   (0.269) 0.351 0.160 0.220 0.404 0.273 0.281 
 148   (0.108) 0.084 0.098 0.116 0.068 0.095 0.092 
 142   (0.139) 0.040 0.494 0.123 0.024 0.153 0.159 
 138   (0.056) 0.175 0.014 0.038 0.005 0.054 0.058 
 146   (0.090) 0.058 0.112 0.072 0.008 0.086 0.093 

Locus 19 : 19 
6 alleles
0.0% missing data
 194   (0.555) 0.471 0.516 0.530 0.593 0.596 0.604 
 200   (0.115) 0.233 0.010 0.153 0.292 0.102 0.090 
 202   (0.041) 0.012 0.004 0.022 0.062 0.042 0.044 
 190   (0.117) 0.146 0.335 0.105 0.037 0.093 0.093 
 188   (0.158) 0.135 0.134 0.183 0.014 0.159 0.159 
 198   (0.014) 0.004 0.001 0.007 0.002 0.009 0.010 

Locus 20 : 20 
6 alleles
0.0% missing data
 250   (0.102) 0.025 0.121 0.071 0.349 0.084 0.089 
 254   (0.081) 0.022 0.029 0.066 0.287 0.083 0.084 
 244   (0.043) 0.012 0.063 0.030 0.076 0.031 0.029 
 246   (0.103) 0.182 0.014 0.092 0.161 0.098 0.095 
 252   (0.655) 0.755 0.772 0.734 0.126 0.684 0.680 
 248   (0.017) 0.004 0.001 0.008 0.001 0.019 0.021 

Locus 21 : 21 
7 alleles
0.0% missing data
 163   (0.042) 0.011 0.004 0.022 0.117 0.051 0.053 
 167   (0.262) 0.301 0.263 0.333 0.098 0.266 0.257 
 175   (0.127) 0.132 0.057 0.118 0.232 0.106 0.107 
 173   (0.302) 0.359 0.309 0.348 0.270 0.308 0.293 
 165   (0.066) 0.031 0.008 0.046 0.177 0.058 0.065 
 159   (0.014) 0.003 0.001 0.006 0.029 0.007 0.007 
 177   (0.188) 0.163 0.359 0.129 0.076 0.204 0.217 

Locus 22 : 22 
11 alleles
0.6% missing data
 150   (0.051) 0.031 0.023 0.027 0.153 0.041 0.044 
 158   (0.111) 0.120 0.012 0.116 0.409 0.103 0.100 
 152   (0.413) 0.565 0.533 0.429 0.127 0.438 0.439 
 162   (0.040) 0.024 0.003 0.025 0.182 0.030 0.035 
 142   (0.023) 0.079 0.002 0.010 0.044 0.012 0.012 
 164   (0.043) 0.017 0.007 0.025 0.015 0.052 0.057 
 148   (0.025) 0.007 0.002 0.011 0.017 0.029 0.030 
 156   (0.026) 0.008 0.002 0.023 0.030 0.018 0.018 
 146   (0.181) 0.113 0.274 0.251 0.016 0.198 0.188 
 154   (0.015) 0.004 0.090 0.006 0.001 0.008 0.008 
 166   (0.071) 0.034 0.050 0.076 0.006 0.070 0.068 

Locus 23 : 23 
6 alleles
0.6% missing data
 144   (0.179) 0.279 0.130 0.168 0.296 0.170 0.167 
 154   (0.497) 0.413 0.575 0.601 0.211 0.547 0.532 
 158   (0.032) 0.009 0.009 0.015 0.094 0.023 0.025 
 156   (0.162) 0.129 0.073 0.121 0.307 0.156 0.170 
 160   (0.110) 0.165 0.164 0.082 0.090 0.091 0.094 
 152   (0.020) 0.005 0.049 0.013 0.002 0.013 0.012 

Locus 24 : 24 
4 alleles
0.6% missing data
  83   (0.473) 0.486 0.462 0.437 0.590 0.460 0.475 
  85   (0.054) 0.064 0.033 0.035 0.092 0.039 0.039 
  81   (0.380) 0.353 0.243 0.446 0.311 0.404 0.389 
  77   (0.093) 0.098 0.262 0.082 0.007 0.097 0.097 

Locus 25 : 25 
6 alleles
0.6% missing data
 124   (0.508) 0.560 0.305 0.575 0.614 0.533 0.511 
 122   (0.126) 0.042 0.023 0.096 0.326 0.126 0.138 
 120   (0.021) 0.005 0.002 0.014 0.015 0.015 0.014 
 126   (0.057) 0.019 0.050 0.045 0.020 0.042 0.045 
 132   (0.269) 0.344 0.618 0.259 0.023 0.271 0.278 
 136   (0.020) 0.030 0.002 0.010 0.002 0.012 0.014 

Locus 26 : 26 
6 alleles
0.0% missing data
 165   (0.242) 0.376 0.157 0.257 0.114 0.231 0.228 
 183   (0.354) 0.218 0.467 0.307 0.371 0.366 0.385 
 179   (0.101) 0.032 0.081 0.152 0.225 0.094 0.077 
 181   (0.063) 0.036 0.006 0.068 0.183 0.055 0.052 
 185   (0.022) 0.006 0.002 0.014 0.088 0.014 0.014 
 175   (0.218) 0.332 0.288 0.202 0.020 0.241 0.244 

Locus 27 : 27 
4 alleles
0.0% missing data
 150   (0.149) 0.096 0.015 0.150 0.208 0.165 0.165 
 142   (0.525) 0.698 0.638 0.591 0.419 0.504 0.490 
 148   (0.243) 0.101 0.136 0.204 0.292 0.271 0.284 
 138   (0.082) 0.106 0.211 0.055 0.082 0.060 0.061 

Locus 28 : 28 
5 alleles
0.0% missing data
 260   (0.441) 0.503 0.257 0.398 0.296 0.481 0.504 
 262   (0.456) 0.393 0.701 0.531 0.531 0.434 0.411 
 256   (0.063) 0.019 0.039 0.049 0.169 0.055 0.054 
 258   (0.024) 0.009 0.002 0.015 0.002 0.022 0.023 
 264   (0.015) 0.075 0.001 0.006 0.001 0.008 0.008 

Locus 29 : 29 
5 alleles
0.6% missing data
 140   (0.152) 0.160 0.069 0.149 0.453 0.128 0.123 
 146   (0.237) 0.322 0.131 0.161 0.310 0.244 0.265 
 150   (0.508) 0.484 0.719 0.594 0.211 0.529 0.518 
 148   (0.074) 0.025 0.075 0.075 0.023 0.071 0.065 
 152   (0.030) 0.009 0.006 0.021 0.003 0.028 0.030 

Locus 30 : 30 
6 alleles
0.0% missing data
 125   (0.270) 0.135 0.288 0.261 0.125 0.288 0.302 
 127   (0.067) 0.018 0.006 0.055 0.370 0.061 0.063 
 131   (0.044) 0.108 0.004 0.023 0.193 0.032 0.035 
 129   (0.487) 0.662 0.573 0.495 0.244 0.489 0.484 
 123   (0.117) 0.072 0.128 0.158 0.068 0.110 0.096 
 121   (0.016) 0.004 0.001 0.007 0.001 0.020 0.021 

Locus 31 : 31 
5 alleles
0.0% missing data
 155   (0.552) 0.484 0.663 0.503 0.612 0.583 0.603 
 157   (0.193) 0.248 0.156 0.200 0.089 0.204 0.200 
 153   (0.084) 0.090 0.082 0.095 0.172 0.070 0.061 
 159   (0.138) 0.163 0.089 0.183 0.100 0.120 0.112 
 151   (0.033) 0.016 0.009 0.019 0.027 0.022 0.024 

Locus 32 : 32 
4 alleles
0.0% missing data
  92   (0.279) 0.219 0.289 0.258 0.472 0.251 0.261 
  95   (0.187) 0.263 0.120 0.146 0.320 0.202 0.202 
  91   (0.461) 0.488 0.514 0.532 0.159 0.480 0.471 
  94   (0.073) 0.030 0.077 0.063 0.049 0.067 0.066 

Locus 33 : 33 
4 alleles
0.0% missing data
 146   (0.324) 0.319 0.099 0.300 0.527 0.321 0.328 
 150   (0.547) 0.633 0.799 0.543 0.300 0.564 0.569 
 154   (0.050) 0.024 0.004 0.074 0.052 0.049 0.040 
 148   (0.078) 0.024 0.097 0.083 0.121 0.066 0.062 

Locus 34 : 34 
7 alleles
0.0% missing data
 180   (0.416) 0.450 0.527 0.437 0.324 0.421 0.421 
 198   (0.048) 0.018 0.021 0.039 0.326 0.035 0.034 
 190   (0.024) 0.006 0.002 0.010 0.046 0.023 0.024 
 184   (0.192) 0.119 0.220 0.193 0.128 0.194 0.186 
 192   (0.165) 0.245 0.016 0.174 0.161 0.174 0.177 
 196   (0.139) 0.159 0.169 0.140 0.014 0.145 0.150 
 194   (0.015) 0.003 0.045 0.006 0.001 0.008 0.008 

Locus 35 : 35 
6 alleles
0.0% missing data
 108   (0.134) 0.057 0.022 0.112 0.623 0.134 0.138 
 106   (0.300) 0.348 0.185 0.363 0.130 0.307 0.291 
 110   (0.213) 0.152 0.287 0.189 0.164 0.218 0.221 
 112   (0.295) 0.400 0.501 0.304 0.076 0.282 0.284 
  94   (0.023) 0.005 0.002 0.010 0.002 0.032 0.035 
  90   (0.035) 0.038 0.003 0.022 0.004 0.026 0.030 

Locus 36 : 36 
8 alleles
0.0% missing data
 186   (0.030) 0.014 0.002 0.038 0.102 0.023 0.017 
 168   (0.096) 0.030 0.008 0.147 0.335 0.094 0.089 
 170   (0.269) 0.175 0.159 0.228 0.326 0.273 0.286 
 172   (0.292) 0.504 0.480 0.252 0.169 0.264 0.271 
 174   (0.121) 0.092 0.029 0.190 0.051 0.139 0.119 
 166   (0.051) 0.074 0.214 0.038 0.004 0.035 0.034 
 176   (0.086) 0.024 0.097 0.058 0.007 0.127 0.137 
 178   (0.055) 0.088 0.011 0.049 0.005 0.045 0.047 

Locus 37 : 37 
6 alleles
0.0% missing data
  85   (0.194) 0.113 0.182 0.287 0.047 0.209 0.189 
  89   (0.544) 0.621 0.714 0.518 0.532 0.542 0.548 
  83   (0.134) 0.145 0.012 0.117 0.364 0.138 0.144 
  91   (0.017) 0.004 0.001 0.007 0.037 0.012 0.012 
  95   (0.066) 0.092 0.087 0.037 0.017 0.057 0.060 
  81   (0.044) 0.025 0.004 0.034 0.004 0.043 0.047 

Locus 38 : 38 
7 alleles
0.0% missing data
 161   (0.340) 0.247 0.479 0.380 0.554 0.352 0.331 
 165   (0.218) 0.171 0.177 0.236 0.176 0.230 0.229 
 173   (0.283) 0.425 0.190 0.239 0.257 0.266 0.287 
 169   (0.092) 0.062 0.128 0.085 0.008 0.102 0.108 
 159   (0.013) 0.004 0.011 0.006 0.001 0.007 0.007 
 167   (0.040) 0.040 0.014 0.049 0.004 0.034 0.031 
 175   (0.014) 0.051 0.001 0.006 0.001 0.007 0.007 

Locus 39 : 39 
5 alleles
0.0% missing data
  87   (0.134) 0.038 0.150 0.149 0.388 0.125 0.119 
  85   (0.217) 0.265 0.129 0.215 0.084 0.206 0.206 
  91   (0.149) 0.227 0.031 0.110 0.268 0.150 0.155 
  89   (0.430) 0.423 0.666 0.442 0.254 0.445 0.451 
  81   (0.070) 0.046 0.024 0.083 0.006 0.075 0.069 

Locus 40 : 40 
3 alleles
0.0% missing data
 161   (0.178) 0.128 0.062 0.160 0.493 0.172 0.170 
 167   (0.776) 0.861 0.925 0.817 0.474 0.782 0.780 
 165   (0.046) 0.011 0.013 0.023 0.033 0.046 0.050 

Locus 41 : 41 
6 alleles
0.0% missing data
 228   (0.384) 0.559 0.576 0.345 0.388 0.369 0.373 
 240   (0.133) 0.117 0.012 0.158 0.405 0.145 0.133 
 236   (0.063) 0.016 0.115 0.034 0.085 0.049 0.054 
 238   (0.371) 0.296 0.239 0.429 0.105 0.401 0.404 
 224   (0.036) 0.010 0.058 0.028 0.016 0.024 0.023 
 242   (0.014) 0.003 0.001 0.006 0.001 0.012 0.012 

Locus 42 : 42 
7 alleles
0.6% missing data
 130   (0.522) 0.446 0.473 0.474 0.580 0.561 0.584 
 134   (0.144) 0.158 0.018 0.184 0.295 0.132 0.128 
 118   (0.057) 0.051 0.007 0.067 0.101 0.048 0.040 
 114   (0.094) 0.033 0.084 0.126 0.008 0.099 0.091 
 132   (0.090) 0.069 0.264 0.084 0.008 0.083 0.080 
 128   (0.071) 0.236 0.135 0.052 0.006 0.060 0.060 
 122   (0.022) 0.007 0.019 0.013 0.002 0.016 0.017 

Locus 43 : 43 
6 alleles
0.0% missing data
  92   (0.141) 0.056 0.116 0.105 0.444 0.144 0.148 
  98   (0.141) 0.039 0.217 0.113 0.251 0.133 0.139 
  96   (0.073) 0.028 0.072 0.052 0.180 0.055 0.057 
 104   (0.418) 0.544 0.166 0.438 0.105 0.425 0.431 
 102   (0.212) 0.330 0.428 0.285 0.018 0.232 0.212 
 106   (0.014) 0.003 0.001 0.007 0.001 0.012 0.013 

Locus 44 : 44 
5 alleles
0.0% missing data
  97   (0.039) 0.014 0.003 0.034 0.037 0.029 0.032 
  99   (0.091) 0.024 0.014 0.074 0.238 0.092 0.099 
 101   (0.349) 0.520 0.400 0.313 0.228 0.331 0.341 
  95   (0.242) 0.189 0.360 0.265 0.399 0.238 0.227 
 103   (0.279) 0.254 0.224 0.314 0.097 0.310 0.301 

Locus 45 : 45 
7 alleles
0.0% missing data
 181   (0.553) 0.626 0.736 0.520 0.271 0.602 0.617 
 191   (0.280) 0.234 0.185 0.320 0.600 0.264 0.257 
 177   (0.071) 0.113 0.072 0.058 0.036 0.054 0.052 
 179   (0.033) 0.008 0.003 0.067 0.075 0.031 0.020 
 193   (0.025) 0.007 0.002 0.012 0.015 0.021 0.022 
 183   (0.019) 0.007 0.002 0.012 0.002 0.015 0.016 
 189   (0.018) 0.005 0.002 0.011 0.001 0.014 0.016 

Locus 46 : 46 
6 alleles
1.2% missing data
 211   (0.207) 0.144 0.179 0.246 0.392 0.195 0.188 
 205   (0.441) 0.564 0.487 0.472 0.353 0.473 0.463 
 207   (0.200) 0.239 0.177 0.148 0.128 0.208 0.223 
 201   (0.062) 0.024 0.073 0.063 0.065 0.051 0.048 
 202   (0.021) 0.008 0.002 0.016 0.029 0.013 0.013 
 215   (0.070) 0.021 0.082 0.055 0.032 0.060 0.065 

Locus 47 : 47 
10 alleles
0.0% missing data
 162   (0.059) 0.026 0.006 0.050 0.053 0.053 0.056 
 164   (0.043) 0.025 0.004 0.042 0.108 0.035 0.032 
 142   (0.282) 0.439 0.201 0.344 0.131 0.290 0.279 
 158   (0.169) 0.125 0.075 0.175 0.178 0.184 0.185 
 170   (0.037) 0.010 0.014 0.019 0.104 0.027 0.030 
 168   (0.140) 0.087 0.261 0.095 0.308 0.150 0.162 
 156   (0.041) 0.017 0.004 0.046 0.067 0.036 0.032 
 160   (0.013) 0.003 0.001 0.006 0.012 0.007 0.007 
 166   (0.155) 0.198 0.290 0.149 0.033 0.165 0.171 
 144   (0.060) 0.070 0.144 0.073 0.005 0.053 0.046 

Locus 48 : 48 
6 alleles
0.0% missing data
 149   (0.356) 0.446 0.118 0.303 0.754 0.346 0.367 
 145   (0.207) 0.311 0.249 0.236 0.121 0.204 0.186 
 151   (0.210) 0.151 0.235 0.186 0.092 0.215 0.222 
 143   (0.024) 0.006 0.002 0.011 0.014 0.023 0.024 
 153   (0.190) 0.082 0.395 0.257 0.017 0.201 0.190 
 147   (0.014) 0.003 0.001 0.007 0.001 0.010 0.011 

Values of parameters used in structure:
DATAFILE=a1.str,	OUTFILE=k6/a1_k6_run10,	NUMINDS=161,	NUMLOCI=48,	MISSING=-9,	LABEL=1,	POPDATA=1,	POPFLAG=0,	PHENOTYPE=0,	EXTRACOLS=0,	MAXPOPS=6,	BURNIN=500000,	NUMREPS=750000,	USEPOPINFO=0,	INFERALPHA=1,	INFERLAMBDA=0,	POPSPECIFICLAMBDA=0,	POPALPHAS=0,	COMPUTEPROB=1,	NOADMIX=0,	ADMBURNIN=500,	UPDATEFREQ=100,	PRINTLIKES=0,	INTERMEDSAVE=0,	PRINTKLD=0,	PRINTNET=1,	PRINTLAMBDA=1,	ANCESTDIST=0,	NUMBOXES=1000,	ANCESTPINT=0.90000,	GENSBACK=2,	MIGRPRIOR=0.01000,	PRINTQHAT=0,	PRINTQSUM=1,	ALPHA=1.0000,	FREQSCORR=1,	FPRIORMEAN=0.0100,	FPRIORSD=0.0500,	ONEFST=0,	LAMBDA=1.0000,	UNIFPRIORALPHA=1,	ALPHAMAX=10.0000,	ALPHAPRIORA=1.0000,	ALPHAPRIORB=2.0000,	ALPHAPROPSD=0.0250,	STARTATPOPINFO=0,	RANDOMIZE=0,	LINKAGE=0,	METROFREQ=10,	REPORTHITRATE=0,	MARKOVPHASE=0,	PHASED=1,	PLOIDY=2,	PHASEINFO=0	LOCPRIOR=0, 	LOCPRIORINIT=1.000000, 	LOCDATA=0, 	LOCISPOP=1, 	LOCPRIORSTEP=0.100000, 	MAXLOCPRIOR=20.000000, 	SEED=393576,	
[STRAT parameters]:    NUMSIMSTATS=1000,	PHENOTYPECOL=-9,	POOLFREQ=10,	LOCUSxONLY=0,	EMERROR=0.00100,	MISSINGPHENO=-9,	