

----------------------------------------------------
STRUCTURE by Pritchard, Stephens and Donnelly (2000)
     and Falush, Stephens and Pritchard (2003)
       Code by Pritchard, Falush and Hubisz
             Version 2.3.4 (Jul 2012)
----------------------------------------------------



Command line arguments:   structure -D 872551 -K 7 -m mainparams -o k7/a1_k7_run3 
Input File:    a1.str

Run parameters:
   161 individuals
   48 loci
   7 populations assumed
   500000 Burn-in period
   750000 Reps
RANDOMIZE turned off


--------------------------------------------
Proportion of membership of each pre-defined
 population in each of the 7 clusters

Given    Inferred Clusters                                   Number of
 Pop       1      2      3      4      5      6      7      Individuals

  1:     0.007  0.006  0.005  0.006  0.004  0.966  0.006       30
  2:     0.016  0.019  0.020  0.018  0.905  0.004  0.018       39
  3:     0.254  0.200  0.125  0.183  0.017  0.023  0.197       10
  4:     0.254  0.213  0.048  0.195  0.061  0.024  0.204       23
  5:     0.129  0.232  0.081  0.276  0.028  0.008  0.246       11
  6:     0.098  0.164  0.454  0.085  0.069  0.009  0.121       18
  7:     0.254  0.172  0.040  0.199  0.070  0.082  0.183       25
  8:     0.169  0.184  0.300  0.138  0.033  0.005  0.173        5
--------------------------------------------

Allele-freq. divergence among pops (Net nucleotide distance),
computed using point estimates of P.

      1       2       3       4       5       6       7      
 1      -    0.0007  0.0164  0.0016  0.0290  0.0610  0.0008  
 2   0.0007     -    0.0166  0.0008  0.0289  0.0675  0.0002  
 3   0.0164  0.0166     -    0.0176  0.0416  0.0962  0.0166  
 4   0.0016  0.0008  0.0176     -    0.0298  0.0673  0.0003  
 5   0.0290  0.0289  0.0416  0.0298     -    0.1186  0.0289  
 6   0.0610  0.0675  0.0962  0.0673  0.1186     -    0.0666  
 7   0.0008  0.0002  0.0166  0.0003  0.0289  0.0666     -    

Average distances (expected heterozygosity) between individuals in same cluster:
cluster  1  : 0.6477 
cluster  2  : 0.6361 
cluster  3  : 0.5908 
cluster  4  : 0.6400 
cluster  5  : 0.5528 
cluster  6  : 0.6405 
cluster  7  : 0.6391 

--------------------------------------------
Estimated Ln Prob of Data   = -19168.6
Mean value of ln likelihood = -18056.9
Variance of ln likelihood   = 2223.5
Mean value of alpha         = 0.0393

Mean value of Fst_1         = 0.0182
Mean value of Fst_2         = 0.0430
Mean value of Fst_3         = 0.1059
Mean value of Fst_4         = 0.0452
Mean value of Fst_5         = 0.1270
Mean value of Fst_6         = 0.1543
Mean value of Fst_7         = 0.0410


Inferred ancestry of individuals:
        Label (%Miss) Pop:  Inferred clusters
  1     1408    (0)    1 :  0.007 0.006 0.003 0.006 0.002 0.970 0.006 
  2     1409    (0)    1 :  0.005 0.004 0.004 0.004 0.002 0.976 0.004 
  3     1410    (0)    1 :  0.003 0.002 0.002 0.002 0.002 0.986 0.002 
  4     1411    (0)    1 :  0.004 0.004 0.003 0.004 0.003 0.977 0.004 
  5     1412    (0)    1 :  0.004 0.005 0.002 0.005 0.003 0.976 0.005 
  6     1413    (0)    1 :  0.005 0.004 0.006 0.004 0.002 0.975 0.004 
  7     1414    (0)    1 :  0.002 0.002 0.002 0.002 0.002 0.988 0.002 
  8     1415    (0)    1 :  0.004 0.004 0.003 0.004 0.003 0.980 0.004 
  9     1416    (0)    1 :  0.003 0.003 0.004 0.004 0.004 0.978 0.003 
 10     1417    (0)    1 :  0.003 0.003 0.002 0.003 0.002 0.984 0.003 
 11     1418    (0)    1 :  0.006 0.006 0.007 0.006 0.002 0.967 0.006 
 12     1419    (0)    1 :  0.003 0.003 0.002 0.003 0.002 0.984 0.003 
 13     1420    (0)    1 :  0.005 0.005 0.004 0.005 0.004 0.971 0.005 
 14     1421    (0)    1 :  0.011 0.009 0.004 0.010 0.004 0.952 0.010 
 15     1422    (0)    1 :  0.004 0.004 0.002 0.004 0.002 0.979 0.004 
 16     1423    (0)    1 :  0.006 0.005 0.003 0.005 0.003 0.975 0.005 
 17     1424    (0)    1 :  0.014 0.014 0.006 0.016 0.005 0.930 0.015 
 18     1425    (0)    1 :  0.008 0.006 0.006 0.006 0.008 0.959 0.006 
 19     1426    (0)    1 :  0.009 0.008 0.006 0.008 0.005 0.956 0.008 
 20     1427    (0)    1 :  0.015 0.013 0.005 0.016 0.008 0.928 0.014 
 21     1428    (0)    1 :  0.003 0.003 0.003 0.003 0.002 0.983 0.003 
 22     1429    (0)    1 :  0.004 0.004 0.002 0.004 0.006 0.974 0.004 
 23     1430    (0)    1 :  0.006 0.006 0.003 0.006 0.003 0.970 0.006 
 24     1431    (0)    1 :  0.016 0.014 0.022 0.013 0.012 0.910 0.013 
 25     1432    (0)    1 :  0.003 0.003 0.002 0.003 0.003 0.984 0.003 
 26     1433    (0)    1 :  0.007 0.005 0.003 0.005 0.003 0.972 0.005 
 27     1434    (0)    1 :  0.010 0.010 0.018 0.010 0.010 0.932 0.010 
 28     1435    (0)    1 :  0.013 0.010 0.004 0.010 0.004 0.950 0.010 
 29     1436    (0)    1 :  0.014 0.011 0.008 0.013 0.012 0.930 0.013 
 30     1437    (0)    1 :  0.003 0.002 0.003 0.002 0.002 0.985 0.002 
 31     2229    (0)    2 :  0.003 0.003 0.004 0.004 0.980 0.002 0.003 
 32     2230    (0)    2 :  0.017 0.025 0.013 0.017 0.905 0.002 0.020 
 33     2235    (0)    2 :  0.029 0.027 0.005 0.028 0.869 0.015 0.027 
 34     2236    (0)    2 :  0.035 0.031 0.062 0.034 0.800 0.004 0.034 
 35     2237    (0)    2 :  0.011 0.012 0.164 0.013 0.779 0.008 0.013 
 36     2238    (0)    2 :  0.004 0.004 0.011 0.004 0.970 0.002 0.004 
 37     2239    (0)    2 :  0.006 0.006 0.004 0.006 0.970 0.001 0.006 
 38     2240    (0)    2 :  0.011 0.013 0.012 0.016 0.930 0.003 0.015 
 39     2241    (0)    2 :  0.039 0.034 0.009 0.032 0.830 0.023 0.034 
 40     2242    (0)    2 :  0.023 0.036 0.018 0.033 0.855 0.002 0.033 
 41     2243    (0)    2 :  0.013 0.013 0.106 0.013 0.841 0.003 0.012 
 42     2244    (0)    2 :  0.010 0.017 0.029 0.017 0.912 0.002 0.015 
 43     2245    (0)    2 :  0.004 0.004 0.003 0.005 0.975 0.004 0.005 
 44     2246    (0)    2 :  0.006 0.007 0.006 0.006 0.967 0.002 0.006 
 45     2247    (0)    2 :  0.009 0.009 0.012 0.009 0.951 0.002 0.009 
 46     2248    (0)    2 :  0.004 0.003 0.003 0.004 0.981 0.002 0.004 
 47     2249    (0)    2 :  0.064 0.065 0.013 0.054 0.748 0.006 0.050 
 48     2250    (0)    2 :  0.002 0.002 0.003 0.002 0.987 0.001 0.002 
 49     2251    (0)    2 :  0.012 0.012 0.008 0.012 0.937 0.007 0.012 
 50     2252    (0)    2 :  0.004 0.004 0.003 0.004 0.977 0.003 0.004 
 51     2253    (0)    2 :  0.049 0.050 0.012 0.046 0.796 0.003 0.046 
 52     2254    (0)    2 :  0.053 0.091 0.007 0.092 0.666 0.003 0.088 
 53     2255    (0)    2 :  0.015 0.011 0.013 0.012 0.934 0.003 0.012 
 54     2256    (0)    2 :  0.064 0.091 0.118 0.082 0.564 0.001 0.080 
 55     2257    (0)    2 :  0.006 0.006 0.005 0.007 0.961 0.008 0.006 
 56     2258    (0)    2 :  0.020 0.022 0.008 0.025 0.898 0.003 0.024 
 57     2259    (0)    2 :  0.004 0.004 0.007 0.004 0.975 0.002 0.004 
 58     2260    (0)    2 :  0.007 0.006 0.007 0.007 0.966 0.002 0.006 
 59     2261    (0)    2 :  0.006 0.006 0.005 0.006 0.967 0.004 0.006 
 60     2262    (0)    2 :  0.004 0.004 0.010 0.004 0.972 0.002 0.004 
 61     2263    (0)    2 :  0.005 0.004 0.003 0.005 0.974 0.005 0.005 
 62     2264    (0)    2 :  0.008 0.007 0.004 0.007 0.964 0.003 0.007 
 63     2265    (0)    2 :  0.014 0.017 0.030 0.013 0.905 0.005 0.017 
 64     2266    (0)    2 :  0.011 0.013 0.045 0.018 0.895 0.002 0.015 
 65     2267    (0)    2 :  0.005 0.006 0.007 0.006 0.968 0.002 0.006 
 66     2268    (0)    2 :  0.009 0.009 0.005 0.007 0.957 0.005 0.008 
 67     2269    (0)    2 :  0.004 0.004 0.004 0.004 0.977 0.003 0.004 
 68     2270    (0)    2 :  0.007 0.007 0.004 0.006 0.964 0.005 0.006 
 69     2271    (0)    2 :  0.046 0.046 0.008 0.040 0.810 0.013 0.038 
 70     2355    (0)    3 :  0.327 0.148 0.022 0.253 0.012 0.012 0.227 
 71     2356    (0)    3 :  0.398 0.134 0.024 0.234 0.003 0.014 0.193 
 72     2357    (0)    3 :  0.054 0.063 0.662 0.080 0.066 0.002 0.074 
 73     2358    (0)    3 :  0.262 0.286 0.010 0.217 0.006 0.010 0.211 
 74     2359    (0)    3 :  0.211 0.333 0.018 0.184 0.014 0.002 0.238 
 75     2360    (0)    3 :  0.175 0.178 0.273 0.130 0.006 0.081 0.158 
 76     2361    (2)    3 :  0.276 0.245 0.011 0.205 0.032 0.003 0.228 
 77     2362    (0)    3 :  0.194 0.245 0.216 0.116 0.013 0.011 0.205 
 78     2363    (0)    3 :  0.287 0.156 0.008 0.247 0.007 0.083 0.212 
 79     2364    (0)    3 :  0.357 0.214 0.008 0.171 0.014 0.010 0.226 
 80     2369    (0)    4 :  0.165 0.224 0.058 0.132 0.222 0.005 0.195 
 81     2370    (0)    4 :  0.149 0.273 0.204 0.121 0.021 0.003 0.229 
 82     2372    (0)    4 :  0.285 0.181 0.118 0.194 0.015 0.006 0.202 
 83     2373    (0)    4 :  0.292 0.078 0.088 0.136 0.058 0.209 0.140 
 84     2374    (0)    4 :  0.020 0.210 0.007 0.475 0.004 0.002 0.281 
 85     2375    (0)    4 :  0.406 0.132 0.049 0.181 0.006 0.004 0.222 
 86     2376    (0)    4 :  0.325 0.201 0.036 0.187 0.043 0.008 0.200 
 87     2377    (0)    4 :  0.158 0.298 0.011 0.176 0.129 0.007 0.220 
 88     2378    (0)    4 :  0.213 0.298 0.012 0.201 0.024 0.002 0.252 
 89     2379    (0)    4 :  0.350 0.229 0.006 0.212 0.009 0.010 0.185 
 90     2380    (0)    4 :  0.164 0.225 0.035 0.307 0.015 0.002 0.252 
 91     2381    (0)    4 :  0.212 0.272 0.043 0.202 0.085 0.002 0.184 
 92     2382    (0)    4 :  0.340 0.142 0.106 0.155 0.003 0.049 0.205 
 93     2383    (0)    4 :  0.210 0.215 0.106 0.126 0.132 0.009 0.203 
 94     2384    (0)    4 :  0.228 0.287 0.035 0.171 0.010 0.018 0.252 
 95     2385    (0)    4 :  0.289 0.230 0.017 0.222 0.015 0.022 0.206 
 96     2386    (0)    4 :  0.423 0.123 0.016 0.188 0.052 0.002 0.195 
 97     2387    (0)    4 :  0.266 0.242 0.072 0.201 0.034 0.005 0.180 
 98     2388    (0)    4 :  0.255 0.297 0.012 0.223 0.003 0.007 0.203 
 99     2389    (2)    4 :  0.429 0.085 0.018 0.168 0.005 0.134 0.160 
100     2390    (0)    4 :  0.273 0.271 0.005 0.209 0.007 0.048 0.187 
101     2391    (0)    4 :  0.214 0.212 0.011 0.156 0.251 0.003 0.152 
102     2392    (0)    4 :  0.184 0.184 0.036 0.152 0.256 0.006 0.181 
103     2459    (0)    5 :  0.073 0.186 0.009 0.412 0.011 0.007 0.303 
104     2460    (0)    5 :  0.245 0.198 0.013 0.186 0.150 0.008 0.202 
105     2461    (0)    5 :  0.117 0.358 0.084 0.193 0.004 0.004 0.238 
106     2462    (4)    5 :  0.074 0.184 0.008 0.402 0.027 0.004 0.301 
107     2463    (0)    5 :  0.084 0.189 0.094 0.340 0.017 0.003 0.272 
108     2464    (2)    5 :  0.037 0.209 0.022 0.441 0.011 0.009 0.271 
109     2465    (0)    5 :  0.118 0.117 0.513 0.083 0.025 0.010 0.133 
110     2466    (2)    5 :  0.106 0.297 0.009 0.305 0.012 0.004 0.266 
111     2467    (0)    5 :  0.271 0.239 0.017 0.218 0.031 0.020 0.205 
112     2468    (0)    5 :  0.160 0.211 0.097 0.259 0.013 0.007 0.253 
113     2469    (0)    5 :  0.138 0.362 0.023 0.192 0.010 0.011 0.264 
114     1011    (0)    6 :  0.223 0.276 0.006 0.183 0.046 0.006 0.261 
115     1012    (4)    6 :  0.007 0.009 0.945 0.008 0.020 0.002 0.008 
116     1013    (4)    6 :  0.010 0.013 0.934 0.017 0.007 0.003 0.016 
117     1015    (2)    6 :  0.159 0.337 0.101 0.147 0.014 0.020 0.222 
118     1016    (4)    6 :  0.156 0.314 0.135 0.157 0.022 0.004 0.212 
119     2398    (0)    6 :  0.009 0.010 0.956 0.008 0.006 0.002 0.009 
120     2399    (0)    6 :  0.179 0.327 0.034 0.162 0.008 0.013 0.277 
121     2400    (0)    6 :  0.016 0.016 0.914 0.014 0.019 0.006 0.015 
122     2401    (0)    6 :  0.131 0.303 0.206 0.117 0.045 0.002 0.195 
123     2402    (0)    6 :  0.144 0.244 0.022 0.119 0.210 0.073 0.187 
124     2403    (0)    6 :  0.005 0.005 0.975 0.005 0.002 0.002 0.005 
125     2404    (0)    6 :  0.007 0.010 0.954 0.007 0.012 0.002 0.008 
126     2405    (0)    6 :  0.272 0.289 0.044 0.195 0.005 0.005 0.190 
127     2406    (0)    6 :  0.134 0.373 0.022 0.136 0.096 0.002 0.239 
128     2407    (0)    6 :  0.099 0.095 0.038 0.082 0.590 0.005 0.091 
129     2408    (0)    6 :  0.196 0.313 0.022 0.149 0.089 0.005 0.227 
130     2409    (0)    6 :  0.008 0.007 0.930 0.008 0.036 0.002 0.008 
131     2410    (0)    6 :  0.009 0.012 0.935 0.010 0.023 0.002 0.010 
132      934    (0)    7 :  0.237 0.149 0.018 0.307 0.045 0.007 0.236 
133     2434    (0)    7 :  0.267 0.229 0.047 0.197 0.019 0.048 0.192 
134     2435    (0)    7 :  0.467 0.068 0.004 0.210 0.006 0.084 0.161 
135     2436    (0)    7 :  0.374 0.147 0.007 0.181 0.004 0.115 0.172 
136     2437    (0)    7 :  0.377 0.063 0.015 0.155 0.008 0.249 0.133 
137     2438    (0)    7 :  0.241 0.302 0.011 0.223 0.005 0.011 0.207 
138     2439    (0)    7 :  0.157 0.348 0.011 0.209 0.012 0.005 0.258 
139     2440    (0)    7 :  0.336 0.092 0.130 0.173 0.008 0.086 0.175 
140     2441    (0)    7 :  0.383 0.152 0.008 0.187 0.024 0.073 0.172 
141     2442    (0)    7 :  0.345 0.127 0.010 0.179 0.008 0.155 0.175 
142     2443    (0)    7 :  0.345 0.185 0.034 0.198 0.015 0.016 0.207 
143     2444    (0)    7 :  0.234 0.120 0.154 0.205 0.023 0.082 0.181 
144     2446    (0)    7 :  0.147 0.223 0.024 0.306 0.030 0.014 0.256 
145     2447    (0)    7 :  0.291 0.273 0.008 0.201 0.019 0.012 0.196 
146     2448    (0)    7 :  0.047 0.064 0.033 0.060 0.735 0.004 0.056 
147     2449    (0)    7 :  0.107 0.203 0.136 0.122 0.004 0.287 0.140 
148     2450    (0)    7 :  0.195 0.225 0.096 0.108 0.004 0.204 0.168 
149     2451    (0)    7 :  0.275 0.080 0.088 0.125 0.017 0.295 0.120 
150     2452    (0)    7 :  0.114 0.249 0.064 0.271 0.058 0.005 0.240 
151     2453    (0)    7 :  0.422 0.119 0.007 0.216 0.040 0.006 0.189 
152     2454    (0)    7 :  0.087 0.119 0.012 0.130 0.529 0.005 0.118 
153     2455    (0)    7 :  0.316 0.175 0.068 0.184 0.006 0.012 0.239 
154     2456    (0)    7 :  0.349 0.181 0.008 0.202 0.088 0.008 0.164 
155     2457    (0)    7 :  0.035 0.202 0.008 0.450 0.006 0.030 0.268 
156     2458    (0)    7 :  0.199 0.210 0.005 0.170 0.024 0.241 0.150 
157     1074    (0)    8 :  0.114 0.179 0.349 0.118 0.050 0.007 0.182 
158     1075    (0)    8 :  0.240 0.278 0.006 0.201 0.022 0.003 0.251 
159     1076    (0)    8 :  0.007 0.007 0.966 0.006 0.003 0.003 0.007 
160     1077    (0)    8 :  0.243 0.215 0.068 0.195 0.054 0.005 0.219 
161     1078    (0)    8 :  0.239 0.240 0.110 0.167 0.033 0.005 0.206 


Estimated Allele Frequencies in each cluster
First column gives estimated ancestral frequencies


Locus 1 : 1 
4 alleles
0.0% missing data
  89   (0.512) 0.512 0.497 0.653 0.483 0.577 0.409 0.493 
  91   (0.344) 0.343 0.353 0.168 0.384 0.365 0.554 0.366 
  93   (0.124) 0.122 0.130 0.173 0.116 0.056 0.036 0.125 
  99   (0.020) 0.023 0.019 0.006 0.017 0.002 0.002 0.017 

Locus 2 : 2 
6 alleles
0.0% missing data
 136   (0.346) 0.343 0.355 0.275 0.354 0.571 0.559 0.349 
 138   (0.248) 0.246 0.255 0.227 0.260 0.235 0.237 0.258 
 140   (0.098) 0.101 0.108 0.031 0.089 0.038 0.055 0.098 
 134   (0.252) 0.254 0.235 0.451 0.254 0.150 0.115 0.249 
 142   (0.026) 0.021 0.019 0.008 0.016 0.002 0.031 0.018 
 132   (0.031) 0.035 0.028 0.008 0.026 0.003 0.003 0.028 

Locus 3 : 3 
6 alleles
0.0% missing data
 181   (0.185) 0.183 0.165 0.179 0.187 0.195 0.089 0.183 
 187   (0.333) 0.344 0.331 0.257 0.294 0.476 0.355 0.317 
 185   (0.101) 0.105 0.106 0.032 0.105 0.008 0.222 0.104 
 179   (0.289) 0.287 0.323 0.332 0.326 0.307 0.151 0.318 
 175   (0.058) 0.055 0.048 0.105 0.043 0.005 0.180 0.044 
 191   (0.034) 0.026 0.027 0.096 0.045 0.009 0.003 0.034 

Locus 4 : 4 
10 alleles
0.0% missing data
 241   (0.181) 0.190 0.185 0.062 0.178 0.073 0.438 0.185 
 249   (0.043) 0.037 0.026 0.012 0.027 0.071 0.062 0.028 
 245   (0.021) 0.016 0.010 0.005 0.012 0.002 0.104 0.012 
 271   (0.068) 0.061 0.061 0.018 0.092 0.025 0.192 0.074 
 269   (0.176) 0.180 0.203 0.299 0.195 0.133 0.043 0.189 
 253   (0.386) 0.388 0.402 0.555 0.388 0.685 0.135 0.399 
 247   (0.081) 0.089 0.087 0.036 0.080 0.007 0.021 0.084 
 273   (0.018) 0.017 0.010 0.004 0.013 0.001 0.002 0.012 
 239   (0.013) 0.011 0.007 0.005 0.007 0.001 0.002 0.008 
 265   (0.013) 0.011 0.009 0.003 0.009 0.002 0.001 0.009 

Locus 5 : 5 
4 alleles
1.9% missing data
 103   (0.890) 0.900 0.915 0.967 0.898 0.961 0.783 0.903 
 105   (0.057) 0.053 0.048 0.017 0.063 0.005 0.185 0.059 
 104   (0.037) 0.030 0.022 0.011 0.026 0.033 0.031 0.025 
 102   (0.016) 0.017 0.015 0.005 0.014 0.001 0.001 0.013 

Locus 6 : 6 
5 alleles
0.0% missing data
 135   (0.313) 0.315 0.268 0.159 0.296 0.190 0.686 0.285 
 147   (0.045) 0.036 0.028 0.015 0.027 0.056 0.125 0.029 
 137   (0.020) 0.016 0.010 0.005 0.011 0.002 0.075 0.011 
 141   (0.292) 0.292 0.292 0.231 0.303 0.611 0.085 0.295 
 145   (0.331) 0.341 0.402 0.590 0.363 0.142 0.029 0.381 

Locus 7 : 7 
10 alleles
0.6% missing data
  93   (0.238) 0.241 0.221 0.190 0.204 0.383 0.343 0.213 
  99   (0.023) 0.019 0.015 0.011 0.013 0.002 0.036 0.015 
  89   (0.098) 0.095 0.093 0.034 0.086 0.062 0.176 0.090 
  97   (0.198) 0.197 0.183 0.246 0.186 0.194 0.123 0.185 
 101   (0.025) 0.018 0.016 0.006 0.024 0.007 0.119 0.021 
  91   (0.038) 0.032 0.020 0.010 0.022 0.049 0.097 0.023 
 105   (0.020) 0.014 0.012 0.005 0.019 0.002 0.075 0.015 
 103   (0.286) 0.312 0.358 0.348 0.342 0.292 0.025 0.342 
  85   (0.030) 0.029 0.040 0.008 0.072 0.005 0.003 0.055 
  83   (0.043) 0.043 0.042 0.142 0.032 0.004 0.004 0.042 

Locus 8 : 8 
8 alleles
0.0% missing data
 129   (0.580) 0.597 0.620 0.655 0.625 0.735 0.393 0.621 
 143   (0.235) 0.246 0.255 0.159 0.251 0.073 0.303 0.251 
 149   (0.066) 0.054 0.046 0.073 0.047 0.098 0.265 0.047 
 127   (0.020) 0.015 0.012 0.005 0.012 0.002 0.030 0.012 
 141   (0.052) 0.048 0.035 0.069 0.035 0.082 0.004 0.039 
 131   (0.013) 0.009 0.006 0.003 0.007 0.008 0.001 0.007 
 133   (0.021) 0.022 0.021 0.008 0.017 0.002 0.002 0.018 
 145   (0.012) 0.008 0.005 0.028 0.006 0.001 0.001 0.006 

Locus 9 : 9 
4 alleles
0.0% missing data
 191   (0.346) 0.346 0.320 0.241 0.333 0.635 0.278 0.338 
 195   (0.181) 0.169 0.171 0.291 0.146 0.096 0.410 0.161 
 189   (0.454) 0.470 0.498 0.459 0.509 0.258 0.309 0.490 
 193   (0.019) 0.015 0.010 0.008 0.011 0.011 0.003 0.011 

Locus 10 : 10 
6 alleles
0.0% missing data
 238   (0.576) 0.575 0.592 0.686 0.595 0.443 0.676 0.594 
 232   (0.189) 0.198 0.202 0.219 0.164 0.360 0.069 0.180 
 250   (0.046) 0.046 0.038 0.014 0.036 0.004 0.164 0.038 
 252   (0.116) 0.107 0.109 0.056 0.143 0.177 0.069 0.122 
 254   (0.053) 0.054 0.038 0.014 0.046 0.013 0.021 0.045 
 248   (0.020) 0.020 0.021 0.010 0.016 0.002 0.002 0.020 

Locus 11 : 11 
4 alleles
0.0% missing data
  87   (0.725) 0.755 0.744 0.717 0.698 0.644 0.501 0.730 
  91   (0.062) 0.049 0.050 0.027 0.061 0.079 0.334 0.055 
  89   (0.192) 0.180 0.193 0.251 0.229 0.276 0.104 0.203 
  85   (0.021) 0.016 0.012 0.005 0.012 0.002 0.060 0.012 

Locus 12 : 12 
11 alleles
0.0% missing data
 154   (0.028) 0.027 0.022 0.007 0.021 0.003 0.015 0.022 
 160   (0.284) 0.278 0.271 0.363 0.280 0.226 0.499 0.280 
 161   (0.094) 0.089 0.078 0.060 0.076 0.060 0.222 0.077 
 170   (0.062) 0.063 0.069 0.034 0.050 0.013 0.127 0.060 
 158   (0.192) 0.193 0.176 0.305 0.184 0.421 0.059 0.180 
 143   (0.028) 0.026 0.016 0.007 0.019 0.002 0.051 0.019 
 147   (0.033) 0.030 0.044 0.012 0.029 0.120 0.003 0.034 
 162   (0.223) 0.246 0.277 0.161 0.301 0.150 0.020 0.284 
 134   (0.013) 0.011 0.007 0.003 0.008 0.001 0.001 0.008 
 159   (0.018) 0.013 0.013 0.034 0.011 0.002 0.001 0.011 
 149   (0.025) 0.024 0.029 0.015 0.021 0.002 0.003 0.024 

Locus 13 : 13 
4 alleles
0.0% missing data
 113   (0.321) 0.323 0.296 0.383 0.268 0.350 0.280 0.289 
 115   (0.513) 0.526 0.561 0.352 0.559 0.483 0.483 0.556 
 108   (0.153) 0.139 0.137 0.261 0.166 0.166 0.235 0.148 
 110   (0.013) 0.012 0.007 0.003 0.008 0.001 0.002 0.008 

Locus 14 : 14 
8 alleles
0.0% missing data
 231   (0.163) 0.167 0.150 0.050 0.173 0.115 0.429 0.162 
 233   (0.056) 0.048 0.049 0.018 0.040 0.074 0.124 0.044 
 229   (0.450) 0.464 0.491 0.452 0.450 0.573 0.359 0.471 
 225   (0.151) 0.156 0.142 0.074 0.159 0.081 0.072 0.151 
 227   (0.141) 0.135 0.146 0.371 0.151 0.153 0.012 0.147 
 203   (0.013) 0.010 0.010 0.004 0.012 0.001 0.001 0.011 
 213   (0.013) 0.012 0.007 0.003 0.008 0.001 0.002 0.008 
 221   (0.013) 0.009 0.006 0.028 0.006 0.001 0.001 0.006 

Locus 15 : 15 
4 alleles
0.6% missing data
 143   (0.906) 0.916 0.929 0.973 0.922 0.988 0.804 0.922 
 147   (0.029) 0.023 0.023 0.008 0.032 0.002 0.080 0.028 
 145   (0.051) 0.049 0.041 0.016 0.038 0.008 0.115 0.042 
 157   (0.013) 0.012 0.007 0.003 0.008 0.001 0.001 0.008 

Locus 16 : 16 
5 alleles
0.0% missing data
 156   (0.268) 0.266 0.247 0.262 0.304 0.192 0.244 0.279 
 160   (0.141) 0.143 0.170 0.125 0.130 0.094 0.098 0.143 
 154   (0.070) 0.068 0.053 0.022 0.051 0.045 0.344 0.053 
 158   (0.508) 0.512 0.518 0.589 0.507 0.668 0.314 0.515 
 152   (0.013) 0.010 0.012 0.003 0.008 0.001 0.001 0.010 

Locus 17 : 17 
5 alleles
0.0% missing data
  90   (0.646) 0.664 0.659 0.652 0.666 0.779 0.442 0.661 
 100   (0.105) 0.106 0.117 0.047 0.124 0.011 0.159 0.118 
  88   (0.065) 0.058 0.050 0.052 0.051 0.014 0.299 0.053 
 102   (0.171) 0.161 0.165 0.246 0.151 0.196 0.099 0.159 
 104   (0.013) 0.011 0.009 0.003 0.009 0.001 0.001 0.009 

Locus 18 : 18 
7 alleles
0.0% missing data
 140   (0.274) 0.276 0.296 0.277 0.323 0.115 0.240 0.301 
 150   (0.062) 0.056 0.066 0.017 0.089 0.006 0.251 0.076 
 127   (0.271) 0.274 0.261 0.353 0.240 0.157 0.406 0.252 
 148   (0.108) 0.104 0.106 0.075 0.087 0.098 0.068 0.100 
 142   (0.139) 0.145 0.138 0.039 0.140 0.501 0.023 0.139 
 138   (0.055) 0.053 0.049 0.185 0.045 0.014 0.005 0.049 
 146   (0.091) 0.093 0.083 0.054 0.075 0.110 0.008 0.082 

Locus 19 : 19 
6 alleles
0.0% missing data
 194   (0.563) 0.586 0.593 0.454 0.529 0.514 0.592 0.562 
 200   (0.112) 0.101 0.110 0.246 0.147 0.010 0.293 0.125 
 202   (0.041) 0.041 0.032 0.011 0.031 0.004 0.061 0.031 
 190   (0.116) 0.105 0.095 0.151 0.090 0.340 0.037 0.095 
 188   (0.155) 0.155 0.163 0.135 0.195 0.131 0.014 0.179 
 198   (0.013) 0.012 0.007 0.003 0.008 0.001 0.002 0.008 

Locus 20 : 20 
6 alleles
0.0% missing data
 250   (0.101) 0.098 0.069 0.025 0.072 0.122 0.351 0.073 
 254   (0.079) 0.079 0.078 0.021 0.067 0.028 0.287 0.071 
 244   (0.042) 0.033 0.029 0.012 0.030 0.063 0.076 0.030 
 246   (0.102) 0.096 0.092 0.197 0.089 0.013 0.160 0.088 
 252   (0.659) 0.676 0.716 0.742 0.728 0.772 0.124 0.723 
 248   (0.017) 0.017 0.016 0.004 0.014 0.001 0.001 0.014 

Locus 21 : 21 
7 alleles
0.0% missing data
 163   (0.040) 0.044 0.039 0.010 0.036 0.003 0.118 0.034 
 167   (0.261) 0.259 0.299 0.302 0.311 0.259 0.096 0.305 
 175   (0.126) 0.119 0.106 0.130 0.106 0.057 0.233 0.110 
 173   (0.307) 0.302 0.327 0.359 0.334 0.307 0.270 0.325 
 165   (0.064) 0.066 0.049 0.028 0.048 0.007 0.178 0.053 
 159   (0.013) 0.009 0.006 0.003 0.006 0.001 0.030 0.006 
 177   (0.189) 0.200 0.175 0.167 0.160 0.364 0.075 0.167 

Locus 22 : 22 
11 alleles
0.6% missing data
 150   (0.051) 0.045 0.036 0.026 0.033 0.023 0.154 0.036 
 158   (0.113) 0.109 0.107 0.126 0.110 0.012 0.408 0.109 
 152   (0.416) 0.433 0.443 0.571 0.415 0.537 0.127 0.429 
 162   (0.039) 0.038 0.025 0.021 0.026 0.003 0.183 0.030 
 142   (0.022) 0.015 0.009 0.087 0.011 0.002 0.044 0.011 
 164   (0.044) 0.047 0.044 0.017 0.039 0.007 0.015 0.042 
 148   (0.024) 0.025 0.023 0.006 0.020 0.002 0.017 0.020 
 156   (0.025) 0.021 0.017 0.007 0.020 0.002 0.030 0.018 
 146   (0.179) 0.186 0.218 0.104 0.247 0.271 0.016 0.227 
 154   (0.015) 0.010 0.006 0.004 0.007 0.092 0.001 0.007 
 166   (0.071) 0.072 0.072 0.031 0.073 0.048 0.006 0.072 

Locus 23 : 23 
6 alleles
0.6% missing data
 144   (0.177) 0.167 0.163 0.294 0.177 0.131 0.297 0.170 
 154   (0.504) 0.533 0.587 0.382 0.558 0.575 0.209 0.568 
 158   (0.031) 0.026 0.018 0.009 0.019 0.009 0.095 0.019 
 156   (0.159) 0.161 0.136 0.135 0.149 0.072 0.308 0.145 
 160   (0.110) 0.100 0.084 0.175 0.086 0.163 0.089 0.087 
 152   (0.019) 0.014 0.012 0.005 0.011 0.050 0.002 0.012 

Locus 24 : 24 
4 alleles
0.6% missing data
  83   (0.472) 0.478 0.450 0.481 0.444 0.463 0.591 0.454 
  85   (0.053) 0.042 0.037 0.069 0.043 0.030 0.092 0.040 
  81   (0.382) 0.390 0.416 0.351 0.418 0.242 0.310 0.413 
  77   (0.093) 0.090 0.098 0.098 0.095 0.264 0.007 0.093 

Locus 25 : 25 
6 alleles
0.6% missing data
 124   (0.511) 0.513 0.558 0.555 0.558 0.302 0.613 0.544 
 122   (0.125) 0.133 0.108 0.040 0.113 0.023 0.328 0.116 
 120   (0.020) 0.015 0.014 0.005 0.012 0.002 0.014 0.013 
 126   (0.055) 0.052 0.036 0.018 0.042 0.051 0.019 0.042 
 132   (0.270) 0.272 0.274 0.350 0.264 0.621 0.023 0.273 
 136   (0.019) 0.015 0.010 0.032 0.011 0.002 0.002 0.012 

Locus 26 : 26 
6 alleles
0.0% missing data
 165   (0.242) 0.239 0.242 0.377 0.252 0.154 0.113 0.245 
 183   (0.354) 0.364 0.355 0.196 0.333 0.470 0.369 0.351 
 179   (0.104) 0.098 0.109 0.032 0.116 0.081 0.226 0.110 
 181   (0.061) 0.056 0.053 0.032 0.069 0.006 0.184 0.062 
 185   (0.021) 0.016 0.014 0.005 0.012 0.002 0.088 0.014 
 175   (0.218) 0.227 0.227 0.359 0.217 0.288 0.020 0.218 

Locus 27 : 27 
4 alleles
0.0% missing data
 150   (0.151) 0.162 0.160 0.092 0.140 0.015 0.208 0.151 
 142   (0.523) 0.506 0.538 0.705 0.573 0.636 0.418 0.554 
 148   (0.244) 0.263 0.247 0.092 0.232 0.134 0.293 0.238 
 138   (0.081) 0.069 0.055 0.110 0.055 0.214 0.081 0.057 

Locus 28 : 28 
5 alleles
0.0% missing data
 260   (0.444) 0.469 0.466 0.506 0.434 0.253 0.295 0.453 
 262   (0.455) 0.441 0.459 0.385 0.497 0.706 0.532 0.472 
 256   (0.063) 0.056 0.053 0.018 0.044 0.038 0.170 0.050 
 258   (0.024) 0.024 0.017 0.008 0.018 0.002 0.002 0.018 
 264   (0.014) 0.009 0.006 0.083 0.007 0.001 0.001 0.007 

Locus 29 : 29 
5 alleles
0.6% missing data
 140   (0.152) 0.144 0.134 0.161 0.125 0.069 0.452 0.130 
 146   (0.235) 0.242 0.212 0.333 0.208 0.130 0.312 0.213 
 150   (0.508) 0.513 0.562 0.473 0.574 0.722 0.211 0.566 
 148   (0.076) 0.072 0.069 0.025 0.069 0.075 0.023 0.067 
 152   (0.029) 0.029 0.023 0.009 0.023 0.005 0.003 0.023 

Locus 30 : 30 
6 alleles
0.0% missing data
 125   (0.268) 0.282 0.272 0.128 0.290 0.288 0.124 0.284 
 127   (0.065) 0.065 0.053 0.018 0.051 0.006 0.372 0.054 
 131   (0.043) 0.035 0.028 0.116 0.027 0.004 0.194 0.030 
 129   (0.493) 0.497 0.507 0.664 0.475 0.572 0.241 0.491 
 123   (0.115) 0.104 0.124 0.070 0.143 0.129 0.067 0.129 
 121   (0.016) 0.017 0.015 0.004 0.014 0.001 0.001 0.013 

Locus 31 : 31 
5 alleles
0.0% missing data
 155   (0.553) 0.578 0.550 0.477 0.535 0.668 0.614 0.546 
 157   (0.194) 0.196 0.213 0.255 0.189 0.154 0.089 0.198 
 153   (0.086) 0.072 0.078 0.093 0.084 0.081 0.172 0.081 
 159   (0.135) 0.126 0.139 0.161 0.171 0.088 0.099 0.154 
 151   (0.033) 0.029 0.020 0.014 0.020 0.009 0.025 0.021 

Locus 32 : 32 
4 alleles
0.0% missing data
  92   (0.275) 0.266 0.251 0.204 0.277 0.289 0.473 0.268 
  95   (0.186) 0.189 0.183 0.281 0.160 0.119 0.321 0.168 
  91   (0.467) 0.479 0.504 0.486 0.503 0.514 0.157 0.503 
  94   (0.072) 0.065 0.062 0.029 0.060 0.078 0.049 0.061 

Locus 33 : 33 
4 alleles
0.0% missing data
 146   (0.326) 0.337 0.308 0.320 0.284 0.095 0.528 0.303 
 150   (0.548) 0.554 0.573 0.638 0.559 0.803 0.299 0.563 
 154   (0.049) 0.042 0.053 0.019 0.074 0.004 0.052 0.060 
 148   (0.077) 0.067 0.066 0.023 0.083 0.098 0.121 0.075 

Locus 34 : 34 
7 alleles
0.0% missing data
 180   (0.415) 0.417 0.422 0.471 0.432 0.527 0.323 0.426 
 198   (0.047) 0.038 0.032 0.017 0.041 0.021 0.328 0.038 
 190   (0.023) 0.021 0.018 0.006 0.017 0.002 0.047 0.016 
 184   (0.195) 0.196 0.187 0.119 0.188 0.219 0.127 0.184 
 192   (0.167) 0.176 0.190 0.231 0.158 0.015 0.160 0.179 
 196   (0.139) 0.142 0.146 0.153 0.157 0.169 0.014 0.151 
 194   (0.014) 0.009 0.006 0.003 0.007 0.046 0.001 0.007 

Locus 35 : 35 
6 alleles
0.0% missing data
 108   (0.136) 0.139 0.129 0.050 0.111 0.022 0.624 0.123 
 106   (0.301) 0.299 0.333 0.347 0.338 0.180 0.129 0.330 
 110   (0.214) 0.214 0.207 0.155 0.194 0.289 0.166 0.200 
 112   (0.293) 0.287 0.286 0.403 0.312 0.504 0.075 0.303 
  94   (0.022) 0.026 0.025 0.005 0.022 0.002 0.002 0.021 
  90   (0.035) 0.034 0.021 0.040 0.023 0.003 0.004 0.023 

Locus 36 : 36 
8 alleles
0.0% missing data
 186   (0.031) 0.024 0.029 0.012 0.030 0.003 0.103 0.027 
 168   (0.095) 0.096 0.108 0.028 0.122 0.008 0.338 0.115 
 170   (0.265) 0.274 0.249 0.173 0.269 0.157 0.324 0.257 
 172   (0.292) 0.281 0.263 0.516 0.254 0.480 0.168 0.270 
 174   (0.125) 0.125 0.162 0.082 0.158 0.028 0.051 0.155 
 166   (0.050) 0.041 0.032 0.080 0.034 0.217 0.004 0.034 
 176   (0.089) 0.109 0.108 0.024 0.089 0.098 0.008 0.093 
 178   (0.054) 0.051 0.049 0.084 0.045 0.010 0.005 0.049 

Locus 37 : 37 
6 alleles
0.0% missing data
  85   (0.192) 0.191 0.230 0.106 0.275 0.180 0.046 0.245 
  89   (0.549) 0.552 0.548 0.620 0.522 0.715 0.531 0.537 
  83   (0.133) 0.140 0.128 0.151 0.113 0.012 0.366 0.123 
  91   (0.017) 0.013 0.009 0.004 0.010 0.001 0.037 0.009 
  95   (0.065) 0.058 0.046 0.101 0.046 0.087 0.016 0.046 
  81   (0.043) 0.047 0.039 0.018 0.035 0.004 0.004 0.039 

Locus 38 : 38 
7 alleles
0.0% missing data
 161   (0.344) 0.346 0.366 0.236 0.351 0.481 0.554 0.350 
 165   (0.215) 0.219 0.228 0.177 0.244 0.176 0.176 0.229 
 173   (0.280) 0.284 0.249 0.437 0.258 0.191 0.257 0.265 
 169   (0.094) 0.097 0.108 0.052 0.095 0.125 0.008 0.104 
 159   (0.013) 0.009 0.006 0.003 0.007 0.011 0.001 0.007 
 167   (0.040) 0.036 0.038 0.038 0.039 0.014 0.004 0.039 
 175   (0.013) 0.009 0.006 0.057 0.006 0.001 0.001 0.006 

Locus 39 : 39 
5 alleles
0.0% missing data
  87   (0.133) 0.124 0.123 0.037 0.150 0.151 0.389 0.135 
  85   (0.217) 0.218 0.195 0.280 0.207 0.130 0.084 0.203 
  91   (0.148) 0.150 0.131 0.242 0.120 0.030 0.268 0.125 
  89   (0.433) 0.434 0.471 0.400 0.457 0.666 0.252 0.468 
  81   (0.070) 0.074 0.081 0.042 0.065 0.023 0.006 0.070 

Locus 40 : 40 
3 alleles
0.0% missing data
 161   (0.179) 0.177 0.163 0.128 0.159 0.061 0.494 0.159 
 167   (0.775) 0.778 0.800 0.861 0.807 0.926 0.473 0.807 
 165   (0.046) 0.046 0.036 0.011 0.034 0.013 0.033 0.034 

Locus 41 : 41 
6 alleles
0.0% missing data
 228   (0.387) 0.375 0.358 0.577 0.358 0.580 0.391 0.360 
 240   (0.134) 0.140 0.162 0.111 0.123 0.012 0.403 0.137 
 236   (0.061) 0.057 0.038 0.016 0.040 0.116 0.086 0.040 
 238   (0.370) 0.388 0.411 0.284 0.443 0.234 0.103 0.429 
 224   (0.035) 0.027 0.022 0.009 0.027 0.058 0.016 0.025 
 242   (0.013) 0.012 0.009 0.003 0.009 0.001 0.001 0.008 

Locus 42 : 42 
7 alleles
0.6% missing data
 130   (0.526) 0.548 0.543 0.431 0.538 0.471 0.579 0.541 
 134   (0.142) 0.137 0.138 0.161 0.174 0.017 0.297 0.160 
 118   (0.057) 0.051 0.054 0.051 0.047 0.007 0.101 0.049 
 114   (0.094) 0.100 0.110 0.029 0.097 0.084 0.008 0.100 
 132   (0.090) 0.086 0.088 0.064 0.071 0.266 0.008 0.080 
 128   (0.069) 0.060 0.053 0.258 0.058 0.138 0.006 0.056 
 122   (0.021) 0.018 0.015 0.007 0.015 0.018 0.002 0.015 

Locus 43 : 43 
6 alleles
0.0% missing data
  92   (0.139) 0.140 0.130 0.051 0.116 0.117 0.447 0.120 
  98   (0.140) 0.135 0.126 0.037 0.130 0.217 0.250 0.130 
  96   (0.071) 0.064 0.051 0.023 0.048 0.073 0.180 0.051 
 104   (0.419) 0.435 0.420 0.554 0.431 0.163 0.104 0.432 
 102   (0.218) 0.214 0.262 0.332 0.265 0.429 0.018 0.256 
 106   (0.014) 0.012 0.010 0.003 0.009 0.001 0.001 0.010 

Locus 44 : 44 
5 alleles
0.0% missing data
  97   (0.038) 0.037 0.027 0.013 0.033 0.003 0.037 0.031 
  99   (0.090) 0.094 0.079 0.023 0.086 0.013 0.239 0.082 
 101   (0.346) 0.342 0.326 0.533 0.332 0.399 0.227 0.335 
  95   (0.244) 0.235 0.250 0.177 0.240 0.362 0.401 0.245 
 103   (0.282) 0.292 0.317 0.253 0.309 0.223 0.096 0.307 

Locus 45 : 45 
7 alleles
0.0% missing data
 181   (0.560) 0.590 0.584 0.635 0.541 0.739 0.270 0.563 
 191   (0.278) 0.268 0.283 0.225 0.309 0.182 0.601 0.295 
 177   (0.071) 0.060 0.058 0.114 0.048 0.071 0.036 0.054 
 179   (0.032) 0.025 0.037 0.008 0.063 0.003 0.075 0.045 
 193   (0.024) 0.022 0.016 0.007 0.016 0.002 0.014 0.016 
 183   (0.018) 0.017 0.012 0.006 0.012 0.002 0.001 0.013 
 189   (0.018) 0.017 0.011 0.005 0.011 0.001 0.001 0.013 

Locus 46 : 46 
6 alleles
1.2% missing data
 211   (0.204) 0.199 0.204 0.146 0.229 0.179 0.393 0.216 
 205   (0.444) 0.454 0.471 0.578 0.474 0.490 0.353 0.466 
 207   (0.202) 0.211 0.197 0.226 0.171 0.177 0.128 0.188 
 201   (0.062) 0.055 0.062 0.022 0.055 0.069 0.065 0.058 
 202   (0.020) 0.014 0.013 0.007 0.018 0.002 0.029 0.016 
 215   (0.068) 0.067 0.053 0.020 0.053 0.083 0.032 0.057 

Locus 47 : 47 
10 alleles
0.0% missing data
 162   (0.059) 0.061 0.045 0.024 0.049 0.006 0.053 0.050 
 164   (0.042) 0.040 0.039 0.020 0.031 0.003 0.108 0.034 
 142   (0.285) 0.287 0.295 0.466 0.325 0.203 0.132 0.306 
 158   (0.174) 0.181 0.190 0.113 0.177 0.070 0.179 0.185 
 170   (0.037) 0.033 0.020 0.010 0.023 0.014 0.104 0.023 
 168   (0.142) 0.147 0.142 0.069 0.118 0.264 0.310 0.132 
 156   (0.040) 0.038 0.042 0.014 0.031 0.004 0.067 0.036 
 160   (0.013) 0.009 0.006 0.003 0.007 0.001 0.012 0.007 
 166   (0.148) 0.148 0.157 0.205 0.192 0.292 0.031 0.171 
 144   (0.061) 0.056 0.063 0.074 0.048 0.143 0.005 0.058 

Locus 48 : 48 
6 alleles
0.0% missing data
 149   (0.355) 0.363 0.332 0.449 0.306 0.118 0.756 0.332 
 145   (0.208) 0.194 0.217 0.320 0.230 0.250 0.120 0.213 
 151   (0.207) 0.209 0.201 0.149 0.223 0.234 0.091 0.210 
 143   (0.024) 0.022 0.018 0.006 0.017 0.002 0.014 0.017 
 153   (0.193) 0.200 0.225 0.072 0.217 0.395 0.018 0.221 
 147   (0.013) 0.012 0.008 0.003 0.008 0.001 0.001 0.008 

Values of parameters used in structure:
DATAFILE=a1.str,	OUTFILE=k7/a1_k7_run3,	NUMINDS=161,	NUMLOCI=48,	MISSING=-9,	LABEL=1,	POPDATA=1,	POPFLAG=0,	PHENOTYPE=0,	EXTRACOLS=0,	MAXPOPS=7,	BURNIN=500000,	NUMREPS=750000,	USEPOPINFO=0,	INFERALPHA=1,	INFERLAMBDA=0,	POPSPECIFICLAMBDA=0,	POPALPHAS=0,	COMPUTEPROB=1,	NOADMIX=0,	ADMBURNIN=500,	UPDATEFREQ=100,	PRINTLIKES=0,	INTERMEDSAVE=0,	PRINTKLD=0,	PRINTNET=1,	PRINTLAMBDA=1,	ANCESTDIST=0,	NUMBOXES=1000,	ANCESTPINT=0.90000,	GENSBACK=2,	MIGRPRIOR=0.01000,	PRINTQHAT=0,	PRINTQSUM=1,	ALPHA=1.0000,	FREQSCORR=1,	FPRIORMEAN=0.0100,	FPRIORSD=0.0500,	ONEFST=0,	LAMBDA=1.0000,	UNIFPRIORALPHA=1,	ALPHAMAX=10.0000,	ALPHAPRIORA=1.0000,	ALPHAPRIORB=2.0000,	ALPHAPROPSD=0.0250,	STARTATPOPINFO=0,	RANDOMIZE=0,	LINKAGE=0,	METROFREQ=10,	REPORTHITRATE=0,	MARKOVPHASE=0,	PHASED=1,	PLOIDY=2,	PHASEINFO=0	LOCPRIOR=0, 	LOCPRIORINIT=1.000000, 	LOCDATA=0, 	LOCISPOP=1, 	LOCPRIORSTEP=0.100000, 	MAXLOCPRIOR=20.000000, 	SEED=872551,	
[STRAT parameters]:    NUMSIMSTATS=1000,	PHENOTYPECOL=-9,	POOLFREQ=10,	LOCUSxONLY=0,	EMERROR=0.00100,	MISSINGPHENO=-9,	