

----------------------------------------------------
STRUCTURE by Pritchard, Stephens and Donnelly (2000)
     and Falush, Stephens and Pritchard (2003)
       Code by Pritchard, Falush and Hubisz
             Version 2.3.4 (Jul 2012)
----------------------------------------------------



Command line arguments:   structure -D 428937 -K 4 -m mainparams -o k4/a1_k4_run3 
Input File:    a1.str

Run parameters:
   156 individuals
   48 loci
   4 populations assumed
   500000 Burn-in period
   750000 Reps
RANDOMIZE turned off


--------------------------------------------
Proportion of membership of each pre-defined
 population in each of the 4 clusters

Given    Inferred Clusters              Number of
 Pop       1      2      3      4      Individuals

  1:     0.009  0.979  0.005  0.007       30
  2:     0.022  0.006  0.946  0.027       39
  3:     0.433  0.031  0.025  0.512       10
  4:     0.450  0.028  0.100  0.422       23
  5:     0.250  0.016  0.057  0.677       11
  6:     0.133  0.022  0.151  0.694       13
  7:     0.475  0.091  0.088  0.346       25
  8:     0.220  0.006  0.045  0.729        5
--------------------------------------------

Allele-freq. divergence among pops (Net nucleotide distance),
computed using point estimates of P.

      1       2       3       4      
 1      -    0.0547  0.0285  0.0062  
 2   0.0547     -    0.1148  0.0756  
 3   0.0285  0.1148     -    0.0307  
 4   0.0062  0.0756  0.0307     -    

Average distances (expected heterozygosity) between individuals in same cluster:
cluster  1  : 0.6595 
cluster  2  : 0.6422 
cluster  3  : 0.5574 
cluster  4  : 0.6179 

--------------------------------------------
Estimated Ln Prob of Data   = -18190.6
Mean value of ln likelihood = -17744.8
Variance of ln likelihood   = 891.6
Mean value of alpha         = 0.0507

Mean value of Fst_1         = 0.0050
Mean value of Fst_2         = 0.1471
Mean value of Fst_3         = 0.1252
Mean value of Fst_4         = 0.0402


Inferred ancestry of individuals:
        Label (%Miss) Pop:  Inferred clusters
  1     1408    (0)    1 :  0.010 0.982 0.003 0.005 
  2     1409    (0)    1 :  0.006 0.986 0.003 0.006 
  3     1410    (0)    1 :  0.003 0.991 0.003 0.003 
  4     1411    (0)    1 :  0.005 0.985 0.004 0.005 
  5     1412    (0)    1 :  0.006 0.986 0.003 0.005 
  6     1413    (0)    1 :  0.006 0.986 0.003 0.005 
  7     1414    (0)    1 :  0.003 0.993 0.002 0.002 
  8     1415    (0)    1 :  0.005 0.987 0.003 0.004 
  9     1416    (0)    1 :  0.005 0.987 0.005 0.004 
 10     1417    (0)    1 :  0.004 0.990 0.002 0.003 
 11     1418    (0)    1 :  0.008 0.980 0.003 0.008 
 12     1419    (0)    1 :  0.004 0.990 0.002 0.003 
 13     1420    (0)    1 :  0.007 0.983 0.005 0.006 
 14     1421    (0)    1 :  0.014 0.972 0.005 0.009 
 15     1422    (0)    1 :  0.006 0.988 0.002 0.004 
 16     1423    (0)    1 :  0.008 0.985 0.003 0.004 
 17     1424    (0)    1 :  0.017 0.961 0.007 0.016 
 18     1425    (0)    1 :  0.011 0.971 0.010 0.008 
 19     1426    (0)    1 :  0.012 0.972 0.006 0.010 
 20     1427    (0)    1 :  0.023 0.954 0.011 0.013 
 21     1428    (0)    1 :  0.004 0.990 0.003 0.004 
 22     1429    (0)    1 :  0.005 0.983 0.007 0.005 
 23     1430    (0)    1 :  0.010 0.981 0.004 0.005 
 24     1431    (0)    1 :  0.022 0.949 0.014 0.015 
 25     1432    (0)    1 :  0.004 0.989 0.003 0.003 
 26     1433    (0)    1 :  0.008 0.983 0.003 0.005 
 27     1434    (0)    1 :  0.013 0.960 0.012 0.015 
 28     1435    (0)    1 :  0.017 0.967 0.005 0.011 
 29     1436    (0)    1 :  0.018 0.953 0.014 0.014 
 30     1437    (0)    1 :  0.003 0.991 0.003 0.003 
 31     2229    (0)    2 :  0.005 0.003 0.989 0.004 
 32     2230    (0)    2 :  0.013 0.003 0.961 0.024 
 33     2235    (0)    2 :  0.039 0.020 0.928 0.013 
 34     2236    (0)    2 :  0.052 0.006 0.851 0.090 
 35     2237    (0)    2 :  0.011 0.013 0.909 0.066 
 36     2238    (0)    2 :  0.004 0.002 0.987 0.007 
 37     2239    (0)    2 :  0.006 0.002 0.986 0.006 
 38     2240    (0)    2 :  0.015 0.004 0.960 0.020 
 39     2241    (0)    2 :  0.056 0.028 0.899 0.017 
 40     2242    (0)    2 :  0.021 0.003 0.941 0.035 
 41     2243    (0)    2 :  0.015 0.003 0.933 0.048 
 42     2244    (0)    2 :  0.008 0.002 0.970 0.020 
 43     2245    (0)    2 :  0.005 0.006 0.983 0.006 
 44     2246    (0)    2 :  0.007 0.003 0.982 0.008 
 45     2247    (0)    2 :  0.008 0.003 0.977 0.012 
 46     2248    (0)    2 :  0.004 0.002 0.989 0.004 
 47     2249    (0)    2 :  0.108 0.008 0.864 0.020 
 48     2250    (0)    2 :  0.003 0.001 0.992 0.003 
 49     2251    (0)    2 :  0.016 0.010 0.960 0.014 
 50     2252    (0)    2 :  0.005 0.004 0.986 0.004 
 51     2253    (0)    2 :  0.070 0.004 0.891 0.035 
 52     2254    (0)    2 :  0.074 0.005 0.788 0.133 
 53     2255    (0)    2 :  0.019 0.003 0.965 0.013 
 54     2256    (0)    2 :  0.055 0.002 0.715 0.227 
 55     2257    (0)    2 :  0.008 0.010 0.975 0.007 
 56     2258    (0)    2 :  0.023 0.004 0.946 0.027 
 57     2259    (0)    2 :  0.005 0.002 0.987 0.006 
 58     2260    (0)    2 :  0.009 0.003 0.981 0.007 
 59     2261    (0)    2 :  0.007 0.005 0.981 0.007 
 60     2262    (0)    2 :  0.004 0.002 0.987 0.006 
 61     2263    (0)    2 :  0.006 0.006 0.982 0.006 
 62     2264    (0)    2 :  0.011 0.004 0.980 0.005 
 63     2265    (0)    2 :  0.015 0.007 0.943 0.035 
 64     2266    (0)    2 :  0.016 0.003 0.936 0.045 
 65     2267    (0)    2 :  0.006 0.002 0.984 0.008 
 66     2268    (0)    2 :  0.011 0.007 0.967 0.015 
 67     2269    (0)    2 :  0.005 0.004 0.987 0.004 
 68     2270    (0)    2 :  0.008 0.006 0.979 0.007 
 69     2271    (0)    2 :  0.087 0.019 0.865 0.029 
 70     2355    (0)    3 :  0.427 0.019 0.016 0.538 
 71     2356    (0)    3 :  0.624 0.018 0.004 0.354 
 72     2357    (0)    3 :  0.017 0.002 0.066 0.915 
 73     2358    (0)    3 :  0.845 0.012 0.010 0.134 
 74     2359    (0)    3 :  0.326 0.004 0.033 0.637 
 75     2360    (0)    3 :  0.042 0.098 0.007 0.853 
 76     2361    (2)    3 :  0.796 0.004 0.057 0.143 
 77     2362    (0)    3 :  0.240 0.014 0.020 0.726 
 78     2363    (0)    3 :  0.612 0.116 0.010 0.262 
 79     2364    (0)    3 :  0.398 0.021 0.026 0.556 
 80     2369    (0)    4 :  0.173 0.007 0.352 0.468 
 81     2370    (0)    4 :  0.200 0.004 0.037 0.759 
 82     2372    (0)    4 :  0.187 0.008 0.021 0.785 
 83     2373    (0)    4 :  0.648 0.202 0.108 0.042 
 84     2374    (0)    4 :  0.055 0.003 0.010 0.932 
 85     2375    (0)    4 :  0.156 0.008 0.009 0.828 
 86     2376    (0)    4 :  0.455 0.012 0.056 0.477 
 87     2377    (0)    4 :  0.396 0.026 0.279 0.299 
 88     2378    (0)    4 :  0.414 0.002 0.071 0.513 
 89     2379    (0)    4 :  0.957 0.011 0.014 0.019 
 90     2380    (0)    4 :  0.158 0.003 0.018 0.822 
 91     2381    (0)    4 :  0.603 0.003 0.210 0.185 
 92     2382    (0)    4 :  0.145 0.076 0.004 0.775 
 93     2383    (0)    4 :  0.118 0.011 0.123 0.748 
 94     2384    (0)    4 :  0.428 0.024 0.017 0.531 
 95     2385    (0)    4 :  0.907 0.016 0.019 0.058 
 96     2386    (0)    4 :  0.433 0.003 0.083 0.481 
 97     2387    (0)    4 :  0.716 0.005 0.052 0.227 
 98     2388    (0)    4 :  0.956 0.009 0.005 0.030 
 99     2389    (2)    4 :  0.625 0.174 0.008 0.193 
100     2390    (0)    4 :  0.940 0.030 0.009 0.020 
101     2391    (0)    4 :  0.478 0.006 0.405 0.111 
102     2392    (0)    4 :  0.206 0.011 0.388 0.395 
103     2459    (0)    5 :  0.486 0.018 0.035 0.461 
104     2460    (0)    5 :  0.495 0.015 0.295 0.195 
105     2461    (0)    5 :  0.026 0.006 0.007 0.961 
106     2462    (4)    5 :  0.435 0.011 0.107 0.447 
107     2463    (0)    5 :  0.083 0.004 0.023 0.890 
108     2464    (2)    5 :  0.304 0.051 0.019 0.626 
109     2465    (0)    5 :  0.051 0.007 0.030 0.912 
110     2466    (2)    5 :  0.050 0.006 0.017 0.927 
111     2467    (0)    5 :  0.707 0.026 0.057 0.210 
112     2468    (0)    5 :  0.045 0.008 0.012 0.934 
113     2469    (0)    5 :  0.073 0.020 0.019 0.887 
114     2398    (0)    6 :  0.049 0.003 0.021 0.926 
115     2399    (0)    6 :  0.194 0.033 0.018 0.754 
116     2400    (0)    6 :  0.141 0.007 0.057 0.796 
117     2401    (0)    6 :  0.040 0.003 0.058 0.899 
118     2402    (0)    6 :  0.077 0.196 0.519 0.208 
119     2403    (0)    6 :  0.009 0.002 0.004 0.985 
120     2404    (0)    6 :  0.015 0.002 0.038 0.945 
121     2405    (0)    6 :  0.576 0.007 0.008 0.409 
122     2406    (0)    6 :  0.128 0.003 0.284 0.585 
123     2407    (0)    6 :  0.160 0.008 0.643 0.190 
124     2408    (0)    6 :  0.270 0.010 0.186 0.535 
125     2409    (0)    6 :  0.066 0.004 0.106 0.824 
126     2410    (0)    6 :  0.008 0.002 0.025 0.965 
127      934    (0)    7 :  0.809 0.008 0.066 0.117 
128     2434    (0)    7 :  0.678 0.048 0.026 0.248 
129     2435    (0)    7 :  0.837 0.101 0.009 0.054 
130     2436    (0)    7 :  0.563 0.164 0.006 0.267 
131     2437    (0)    7 :  0.652 0.254 0.012 0.082 
132     2438    (0)    7 :  0.916 0.015 0.009 0.060 
133     2439    (0)    7 :  0.095 0.010 0.015 0.881 
134     2440    (0)    7 :  0.243 0.088 0.010 0.660 
135     2441    (0)    7 :  0.838 0.081 0.040 0.042 
136     2442    (0)    7 :  0.780 0.138 0.013 0.069 
137     2443    (0)    7 :  0.443 0.026 0.022 0.509 
138     2444    (0)    7 :  0.154 0.104 0.030 0.712 
139     2446    (0)    7 :  0.145 0.036 0.038 0.781 
140     2447    (0)    7 :  0.904 0.012 0.034 0.050 
141     2448    (0)    7 :  0.047 0.005 0.892 0.057 
142     2449    (0)    7 :  0.068 0.307 0.006 0.619 
143     2450    (0)    7 :  0.135 0.299 0.006 0.561 
144     2451    (0)    7 :  0.522 0.274 0.022 0.182 
145     2452    (0)    7 :  0.053 0.006 0.089 0.852 
146     2453    (0)    7 :  0.927 0.006 0.049 0.018 
147     2454    (0)    7 :  0.098 0.010 0.645 0.247 
148     2455    (0)    7 :  0.118 0.022 0.009 0.851 
149     2456    (0)    7 :  0.873 0.009 0.096 0.022 
150     2457    (0)    7 :  0.227 0.085 0.016 0.672 
151     2458    (0)    7 :  0.763 0.164 0.044 0.030 
152     1074    (0)    8 :  0.030 0.006 0.033 0.930 
153     1075    (0)    8 :  0.645 0.004 0.050 0.301 
154     1076    (0)    8 :  0.030 0.005 0.005 0.960 
155     1077    (0)    8 :  0.203 0.007 0.092 0.697 
156     1078    (0)    8 :  0.191 0.007 0.044 0.758 


Estimated Allele Frequencies in each cluster
First column gives estimated ancestral frequencies


Locus 1 : 1 
4 alleles
0.0% missing data
  89   (0.507) 0.506 0.409 0.568 0.553 
  91   (0.350) 0.351 0.552 0.369 0.285 
  93   (0.116) 0.114 0.036 0.060 0.153 
  99   (0.027) 0.030 0.002 0.003 0.009 

Locus 2 : 2 
6 alleles
0.0% missing data
 136   (0.358) 0.356 0.554 0.562 0.324 
 138   (0.237) 0.242 0.238 0.232 0.216 
 140   (0.102) 0.102 0.059 0.046 0.092 
 134   (0.244) 0.241 0.115 0.156 0.339 
 142   (0.022) 0.019 0.030 0.002 0.008 
 132   (0.037) 0.040 0.004 0.003 0.021 

Locus 3 : 3 
6 alleles
0.0% missing data
 181   (0.197) 0.198 0.092 0.192 0.182 
 187   (0.322) 0.327 0.353 0.470 0.276 
 185   (0.104) 0.105 0.219 0.008 0.082 
 179   (0.275) 0.272 0.155 0.314 0.357 
 175   (0.068) 0.069 0.178 0.005 0.049 
 191   (0.035) 0.030 0.003 0.010 0.054 

Locus 4 : 4 
10 alleles
0.0% missing data
 241   (0.189) 0.191 0.429 0.079 0.161 
 249   (0.047) 0.042 0.062 0.066 0.021 
 245   (0.023) 0.021 0.101 0.002 0.005 
 271   (0.082) 0.079 0.195 0.026 0.049 
 269   (0.189) 0.196 0.046 0.144 0.214 
 253   (0.344) 0.342 0.138 0.672 0.464 
 247   (0.077) 0.081 0.023 0.006 0.069 
 273   (0.021) 0.020 0.002 0.002 0.008 
 239   (0.015) 0.014 0.003 0.002 0.003 
 265   (0.014) 0.013 0.001 0.002 0.005 

Locus 5 : 5 
4 alleles
0.0% missing data
 103   (0.875) 0.881 0.786 0.960 0.937 
 105   (0.063) 0.060 0.182 0.005 0.044 
 104   (0.040) 0.036 0.031 0.033 0.013 
 102   (0.021) 0.022 0.002 0.002 0.006 

Locus 6 : 6 
5 alleles
0.0% missing data
 135   (0.352) 0.355 0.690 0.188 0.238 
 147   (0.052) 0.048 0.123 0.053 0.018 
 137   (0.026) 0.023 0.070 0.002 0.006 
 141   (0.298) 0.303 0.093 0.609 0.233 
 145   (0.272) 0.271 0.025 0.149 0.505 

Locus 7 : 7 
10 alleles
0.6% missing data
  93   (0.242) 0.244 0.343 0.373 0.192 
  99   (0.026) 0.024 0.035 0.002 0.013 
  89   (0.090) 0.087 0.175 0.060 0.060 
  97   (0.191) 0.190 0.122 0.189 0.219 
 101   (0.029) 0.025 0.118 0.009 0.010 
  91   (0.044) 0.041 0.097 0.046 0.010 
 105   (0.020) 0.017 0.076 0.002 0.008 
 103   (0.281) 0.298 0.026 0.308 0.369 
  85   (0.045) 0.045 0.004 0.009 0.036 
  83   (0.032) 0.030 0.003 0.003 0.084 

Locus 8 : 8 
8 alleles
0.0% missing data
 129   (0.574) 0.585 0.399 0.737 0.633 
 143   (0.234) 0.240 0.303 0.073 0.248 
 149   (0.068) 0.064 0.258 0.100 0.026 
 127   (0.022) 0.020 0.030 0.002 0.006 
 141   (0.048) 0.043 0.004 0.077 0.056 
 131   (0.014) 0.012 0.002 0.009 0.003 
 133   (0.025) 0.025 0.003 0.003 0.017 
 145   (0.014) 0.012 0.001 0.001 0.011 

Locus 9 : 9 
4 alleles
0.0% missing data
 191   (0.340) 0.336 0.274 0.608 0.326 
 195   (0.160) 0.150 0.408 0.101 0.202 
 189   (0.478) 0.495 0.315 0.280 0.465 
 193   (0.022) 0.019 0.003 0.011 0.007 

Locus 10 : 10 
6 alleles
0.0% missing data
 238   (0.533) 0.532 0.672 0.449 0.628 
 232   (0.204) 0.209 0.071 0.350 0.198 
 250   (0.053) 0.052 0.159 0.004 0.033 
 252   (0.126) 0.123 0.072 0.180 0.087 
 254   (0.062) 0.062 0.023 0.014 0.032 
 248   (0.022) 0.022 0.002 0.003 0.022 

Locus 11 : 11 
4 alleles
0.0% missing data
  87   (0.717) 0.733 0.504 0.654 0.764 
  91   (0.065) 0.057 0.330 0.074 0.042 
  89   (0.194) 0.189 0.107 0.270 0.189 
  85   (0.024) 0.022 0.058 0.002 0.005 

Locus 12 : 12 
11 alleles
0.0% missing data
 154   (0.032) 0.032 0.016 0.003 0.014 
 160   (0.268) 0.267 0.494 0.224 0.297 
 161   (0.099) 0.096 0.218 0.057 0.074 
 170   (0.064) 0.064 0.131 0.015 0.062 
 158   (0.209) 0.213 0.061 0.410 0.199 
 143   (0.030) 0.029 0.054 0.002 0.009 
 147   (0.031) 0.026 0.003 0.120 0.028 
 162   (0.212) 0.225 0.020 0.162 0.270 
 134   (0.014) 0.012 0.001 0.001 0.007 
 149   (0.026) 0.024 0.003 0.003 0.029 
 159   (0.014) 0.011 0.001 0.001 0.011 

Locus 13 : 13 
4 alleles
0.0% missing data
 113   (0.314) 0.318 0.284 0.347 0.277 
 115   (0.503) 0.504 0.481 0.486 0.564 
 108   (0.169) 0.164 0.233 0.166 0.155 
 110   (0.015) 0.014 0.002 0.001 0.004 

Locus 14 : 14 
8 alleles
0.0% missing data
 231   (0.190) 0.192 0.427 0.114 0.123 
 233   (0.052) 0.048 0.121 0.071 0.019 
 229   (0.444) 0.458 0.362 0.572 0.450 
 225   (0.157) 0.161 0.075 0.086 0.123 
 227   (0.113) 0.104 0.011 0.153 0.260 
 203   (0.014) 0.012 0.001 0.001 0.010 
 213   (0.014) 0.014 0.002 0.001 0.004 
 221   (0.014) 0.012 0.001 0.001 0.011 

Locus 15 : 15 
4 alleles
0.6% missing data
 143   (0.900) 0.908 0.805 0.987 0.939 
 147   (0.034) 0.030 0.081 0.003 0.014 
 145   (0.052) 0.047 0.113 0.009 0.044 
 157   (0.015) 0.015 0.001 0.001 0.003 

Locus 16 : 16 
5 alleles
0.0% missing data
 156   (0.263) 0.260 0.249 0.189 0.271 
 160   (0.140) 0.141 0.099 0.102 0.135 
 154   (0.084) 0.084 0.336 0.047 0.034 
 158   (0.499) 0.503 0.315 0.660 0.551 
 152   (0.015) 0.012 0.001 0.002 0.009 

Locus 17 : 17 
5 alleles
0.0% missing data
  90   (0.644) 0.653 0.445 0.780 0.658 
 100   (0.112) 0.113 0.160 0.013 0.109 
  88   (0.067) 0.062 0.293 0.013 0.053 
 102   (0.162) 0.158 0.100 0.193 0.176 
 104   (0.015) 0.014 0.001 0.001 0.004 

Locus 18 : 18 
7 alleles
0.0% missing data
 140   (0.267) 0.264 0.242 0.116 0.340 
 150   (0.073) 0.071 0.253 0.007 0.051 
 127   (0.272) 0.276 0.399 0.169 0.252 
 148   (0.088) 0.081 0.067 0.093 0.095 
 142   (0.153) 0.161 0.025 0.486 0.097 
 138   (0.054) 0.052 0.005 0.014 0.094 
 146   (0.093) 0.095 0.009 0.113 0.071 

Locus 19 : 19 
6 alleles
0.0% missing data
 194   (0.557) 0.564 0.592 0.522 0.586 
 200   (0.114) 0.111 0.290 0.010 0.133 
 202   (0.049) 0.049 0.062 0.005 0.021 
 190   (0.101) 0.091 0.038 0.323 0.105 
 188   (0.164) 0.171 0.015 0.140 0.151 
 198   (0.015) 0.014 0.002 0.001 0.004 

Locus 20 : 20 
6 alleles
0.0% missing data
 250   (0.115) 0.115 0.351 0.119 0.038 
 254   (0.100) 0.100 0.283 0.030 0.050 
 244   (0.045) 0.039 0.077 0.062 0.018 
 246   (0.113) 0.111 0.160 0.015 0.127 
 252   (0.607) 0.614 0.127 0.772 0.757 
 248   (0.021) 0.022 0.002 0.002 0.010 

Locus 21 : 21 
7 alleles
0.0% missing data
 163   (0.057) 0.062 0.117 0.005 0.017 
 167   (0.245) 0.240 0.100 0.266 0.353 
 175   (0.108) 0.099 0.232 0.056 0.133 
 173   (0.295) 0.298 0.269 0.311 0.292 
 165   (0.066) 0.064 0.176 0.007 0.054 
 159   (0.015) 0.012 0.029 0.001 0.003 
 177   (0.214) 0.225 0.077 0.354 0.148 

Locus 22 : 22 
11 alleles
0.0% missing data
 150   (0.054) 0.049 0.150 0.023 0.034 
 158   (0.109) 0.107 0.408 0.012 0.116 
 152   (0.411) 0.428 0.129 0.531 0.453 
 162   (0.039) 0.034 0.180 0.003 0.034 
 142   (0.026) 0.021 0.044 0.002 0.021 
 164   (0.053) 0.056 0.017 0.010 0.033 
 148   (0.033) 0.034 0.018 0.003 0.009 
 156   (0.028) 0.025 0.031 0.003 0.014 
 146   (0.161) 0.161 0.015 0.276 0.220 
 154   (0.016) 0.013 0.001 0.085 0.004 
 166   (0.070) 0.071 0.006 0.052 0.063 

Locus 23 : 23 
6 alleles
0.6% missing data
 144   (0.175) 0.169 0.294 0.132 0.192 
 154   (0.477) 0.487 0.213 0.571 0.568 
 158   (0.034) 0.032 0.095 0.010 0.010 
 156   (0.184) 0.191 0.307 0.074 0.115 
 160   (0.111) 0.105 0.090 0.164 0.109 
 152   (0.020) 0.017 0.002 0.048 0.005 

Locus 24 : 24 
4 alleles
0.6% missing data
  83   (0.485) 0.486 0.585 0.454 0.483 
  85   (0.046) 0.042 0.093 0.036 0.015 
  81   (0.375) 0.378 0.315 0.244 0.418 
  77   (0.094) 0.094 0.008 0.266 0.084 

Locus 25 : 25 
6 alleles
0.6% missing data
 124   (0.516) 0.517 0.614 0.310 0.584 
 122   (0.134) 0.137 0.326 0.025 0.090 
 120   (0.022) 0.019 0.015 0.002 0.010 
 126   (0.059) 0.054 0.021 0.047 0.040 
 132   (0.250) 0.258 0.022 0.615 0.256 
 136   (0.018) 0.015 0.001 0.001 0.020 

Locus 26 : 26 
6 alleles
0.0% missing data
 165   (0.248) 0.248 0.114 0.161 0.284 
 183   (0.354) 0.362 0.370 0.457 0.308 
 179   (0.103) 0.093 0.228 0.081 0.097 
 181   (0.054) 0.048 0.181 0.005 0.067 
 185   (0.023) 0.019 0.088 0.002 0.010 
 175   (0.219) 0.229 0.020 0.295 0.235 

Locus 27 : 27 
4 alleles
0.0% missing data
 150   (0.147) 0.150 0.206 0.015 0.163 
 142   (0.493) 0.481 0.423 0.642 0.589 
 148   (0.275) 0.293 0.291 0.142 0.178 
 138   (0.085) 0.076 0.079 0.201 0.071 

Locus 28 : 28 
5 alleles
0.0% missing data
 260   (0.469) 0.488 0.298 0.270 0.490 
 262   (0.424) 0.413 0.532 0.688 0.441 
 256   (0.062) 0.058 0.167 0.039 0.033 
 258   (0.027) 0.026 0.003 0.002 0.016 
 264   (0.018) 0.015 0.001 0.001 0.020 

Locus 29 : 29 
5 alleles
0.0% missing data
 140   (0.132) 0.121 0.454 0.068 0.151 
 146   (0.276) 0.288 0.308 0.138 0.212 
 150   (0.476) 0.474 0.210 0.707 0.580 
 148   (0.083) 0.082 0.025 0.079 0.044 
 152   (0.033) 0.035 0.003 0.007 0.012 

Locus 30 : 30 
6 alleles
0.0% missing data
 125   (0.286) 0.297 0.127 0.283 0.248 
 127   (0.069) 0.068 0.363 0.007 0.037 
 131   (0.040) 0.035 0.191 0.004 0.040 
 129   (0.472) 0.473 0.248 0.581 0.559 
 123   (0.112) 0.105 0.069 0.123 0.111 
 121   (0.021) 0.022 0.002 0.002 0.005 

Locus 31 : 31 
5 alleles
0.0% missing data
 155   (0.582) 0.604 0.609 0.655 0.516 
 157   (0.180) 0.180 0.090 0.163 0.210 
 153   (0.072) 0.061 0.171 0.080 0.097 
 159   (0.132) 0.123 0.101 0.093 0.162 
 151   (0.035) 0.032 0.029 0.009 0.014 

Locus 32 : 32 
4 alleles
0.0% missing data
  92   (0.284) 0.288 0.473 0.290 0.194 
  95   (0.214) 0.217 0.317 0.126 0.189 
  91   (0.427) 0.426 0.161 0.511 0.556 
  94   (0.074) 0.069 0.049 0.074 0.061 

Locus 33 : 33 
4 alleles
0.0% missing data
 146   (0.316) 0.319 0.525 0.110 0.322 
 150   (0.554) 0.563 0.303 0.791 0.559 
 154   (0.050) 0.046 0.051 0.004 0.059 
 148   (0.080) 0.072 0.122 0.094 0.060 

Locus 34 : 34 
7 alleles
0.0% missing data
 180   (0.404) 0.404 0.327 0.522 0.433 
 198   (0.051) 0.046 0.324 0.022 0.023 
 190   (0.029) 0.029 0.045 0.002 0.007 
 184   (0.209) 0.214 0.127 0.227 0.149 
 192   (0.145) 0.146 0.160 0.014 0.234 
 196   (0.145) 0.149 0.014 0.170 0.150 
 194   (0.016) 0.013 0.001 0.043 0.003 

Locus 35 : 35 
6 alleles
0.0% missing data
 108   (0.140) 0.139 0.615 0.022 0.120 
 106   (0.289) 0.287 0.132 0.194 0.358 
 110   (0.219) 0.223 0.167 0.286 0.162 
 112   (0.281) 0.276 0.078 0.492 0.325 
  94   (0.033) 0.038 0.003 0.002 0.008 
  90   (0.038) 0.037 0.005 0.003 0.026 

Locus 36 : 36 
8 alleles
0.0% missing data
 186   (0.022) 0.019 0.101 0.002 0.009 
 168   (0.100) 0.096 0.331 0.008 0.112 
 170   (0.291) 0.301 0.329 0.163 0.221 
 172   (0.266) 0.258 0.169 0.468 0.338 
 174   (0.109) 0.107 0.051 0.035 0.157 
 166   (0.045) 0.040 0.004 0.209 0.034 
 176   (0.120) 0.135 0.011 0.105 0.067 
 178   (0.046) 0.044 0.004 0.011 0.061 

Locus 37 : 37 
6 alleles
0.0% missing data
  85   (0.201) 0.203 0.048 0.182 0.213 
  89   (0.514) 0.509 0.535 0.713 0.560 
  83   (0.146) 0.152 0.362 0.013 0.128 
  91   (0.021) 0.019 0.033 0.002 0.005 
  95   (0.074) 0.071 0.018 0.087 0.054 
  81   (0.044) 0.046 0.004 0.003 0.041 

Locus 38 : 38 
7 alleles
0.0% missing data
 161   (0.346) 0.346 0.552 0.478 0.329 
 165   (0.228) 0.237 0.178 0.178 0.180 
 173   (0.277) 0.276 0.258 0.186 0.324 
 169   (0.083) 0.084 0.007 0.134 0.091 
 159   (0.014) 0.012 0.001 0.011 0.003 
 167   (0.036) 0.031 0.003 0.013 0.051 
 175   (0.016) 0.013 0.001 0.001 0.021 

Locus 39 : 39 
5 alleles
0.0% missing data
  87   (0.138) 0.133 0.388 0.146 0.088 
  85   (0.223) 0.226 0.086 0.129 0.221 
  91   (0.160) 0.162 0.266 0.035 0.151 
  89   (0.408) 0.409 0.255 0.663 0.473 
  81   (0.070) 0.071 0.006 0.027 0.067 

Locus 40 : 40 
3 alleles
0.0% missing data
 161   (0.193) 0.192 0.491 0.066 0.151 
 167   (0.750) 0.749 0.476 0.920 0.830 
 165   (0.057) 0.059 0.033 0.014 0.018 

Locus 41 : 41 
6 alleles
0.0% missing data
 228   (0.394) 0.390 0.384 0.570 0.407 
 240   (0.128) 0.128 0.411 0.012 0.129 
 236   (0.072) 0.072 0.084 0.110 0.018 
 238   (0.354) 0.363 0.104 0.252 0.423 
 224   (0.038) 0.032 0.016 0.055 0.020 
 242   (0.014) 0.014 0.001 0.001 0.003 

Locus 42 : 42 
7 alleles
0.6% missing data
 130   (0.554) 0.574 0.580 0.477 0.506 
 134   (0.129) 0.123 0.296 0.016 0.182 
 118   (0.049) 0.044 0.101 0.006 0.044 
 114   (0.098) 0.098 0.009 0.086 0.098 
 132   (0.080) 0.080 0.007 0.259 0.057 
 128   (0.067) 0.061 0.006 0.135 0.103 
 122   (0.023) 0.020 0.002 0.021 0.011 

Locus 43 : 43 
6 alleles
0.0% missing data
  92   (0.174) 0.178 0.442 0.116 0.086 
  98   (0.163) 0.163 0.250 0.213 0.082 
  96   (0.072) 0.065 0.182 0.067 0.035 
 104   (0.392) 0.398 0.109 0.171 0.495 
 102   (0.185) 0.181 0.016 0.432 0.297 
 106   (0.015) 0.014 0.001 0.001 0.006 

Locus 44 : 44 
5 alleles
0.0% missing data
  97   (0.045) 0.043 0.040 0.003 0.021 
  99   (0.108) 0.115 0.240 0.016 0.051 
 101   (0.335) 0.329 0.228 0.397 0.404 
  95   (0.230) 0.220 0.391 0.348 0.252 
 103   (0.282) 0.293 0.101 0.236 0.271 

Locus 45 : 45 
7 alleles
0.0% missing data
 181   (0.559) 0.577 0.271 0.733 0.604 
 191   (0.267) 0.263 0.596 0.184 0.274 
 177   (0.067) 0.063 0.035 0.075 0.050 
 179   (0.039) 0.034 0.077 0.003 0.038 
 193   (0.027) 0.026 0.017 0.002 0.007 
 183   (0.019) 0.017 0.002 0.002 0.015 
 189   (0.021) 0.020 0.002 0.002 0.012 

Locus 46 : 46 
6 alleles
0.0% missing data
 211   (0.205) 0.200 0.390 0.179 0.194 
 205   (0.430) 0.435 0.352 0.486 0.525 
 207   (0.219) 0.232 0.130 0.175 0.185 
 201   (0.055) 0.049 0.066 0.076 0.035 
 202   (0.022) 0.018 0.029 0.002 0.012 
 215   (0.069) 0.065 0.032 0.083 0.050 

Locus 47 : 47 
10 alleles
0.0% missing data
 162   (0.058) 0.057 0.053 0.005 0.053 
 164   (0.035) 0.033 0.112 0.003 0.016 
 142   (0.260) 0.258 0.133 0.202 0.390 
 158   (0.178) 0.188 0.179 0.086 0.160 
 170   (0.043) 0.042 0.099 0.013 0.010 
 168   (0.162) 0.165 0.303 0.255 0.116 
 156   (0.040) 0.037 0.068 0.005 0.027 
 160   (0.014) 0.012 0.013 0.001 0.003 
 166   (0.166) 0.171 0.036 0.284 0.169 
 144   (0.044) 0.039 0.004 0.144 0.055 

Locus 48 : 48 
6 alleles
0.0% missing data
 149   (0.351) 0.350 0.748 0.121 0.398 
 145   (0.197) 0.192 0.125 0.247 0.211 
 151   (0.228) 0.234 0.093 0.236 0.174 
 143   (0.029) 0.028 0.015 0.002 0.010 
 153   (0.180) 0.181 0.017 0.393 0.204 
 147   (0.015) 0.015 0.002 0.001 0.004 

Values of parameters used in structure:
DATAFILE=a1.str,	OUTFILE=k4/a1_k4_run3,	NUMINDS=156,	NUMLOCI=48,	MISSING=-9,	LABEL=1,	POPDATA=1,	POPFLAG=0,	PHENOTYPE=0,	EXTRACOLS=0,	MAXPOPS=4,	BURNIN=500000,	NUMREPS=750000,	USEPOPINFO=0,	INFERALPHA=1,	INFERLAMBDA=0,	POPSPECIFICLAMBDA=0,	POPALPHAS=0,	COMPUTEPROB=1,	NOADMIX=0,	ADMBURNIN=500,	UPDATEFREQ=100,	PRINTLIKES=0,	INTERMEDSAVE=0,	PRINTKLD=0,	PRINTNET=1,	PRINTLAMBDA=1,	ANCESTDIST=0,	NUMBOXES=1000,	ANCESTPINT=0.90000,	GENSBACK=2,	MIGRPRIOR=0.01000,	PRINTQHAT=0,	PRINTQSUM=1,	ALPHA=1.0000,	FREQSCORR=1,	FPRIORMEAN=0.0100,	FPRIORSD=0.0500,	ONEFST=0,	LAMBDA=1.0000,	UNIFPRIORALPHA=1,	ALPHAMAX=10.0000,	ALPHAPRIORA=1.0000,	ALPHAPRIORB=2.0000,	ALPHAPROPSD=0.0250,	STARTATPOPINFO=0,	RANDOMIZE=0,	LINKAGE=0,	METROFREQ=10,	REPORTHITRATE=0,	MARKOVPHASE=0,	PHASED=1,	PLOIDY=2,	PHASEINFO=0	LOCPRIOR=0, 	LOCPRIORINIT=1.000000, 	LOCDATA=0, 	LOCISPOP=1, 	LOCPRIORSTEP=0.100000, 	MAXLOCPRIOR=20.000000, 	SEED=428937,	
[STRAT parameters]:    NUMSIMSTATS=1000,	PHENOTYPECOL=-9,	POOLFREQ=10,	LOCUSxONLY=0,	EMERROR=0.00100,	MISSINGPHENO=-9,	