

----------------------------------------------------
STRUCTURE by Pritchard, Stephens and Donnelly (2000)
     and Falush, Stephens and Pritchard (2003)
       Code by Pritchard, Falush and Hubisz
             Version 2.3.4 (Jul 2012)
----------------------------------------------------



Command line arguments:   structure -D 573715 -K 7 -m mainparams -o k7/temp1_k7_run5 
Input File:    temp1.str

Run parameters:
   148 individuals
   48 loci
   7 populations assumed
   500000 Burn-in period
   750000 Reps
RANDOMIZE turned off


--------------------------------------------
Proportion of membership of each pre-defined
 population in each of the 7 clusters

Given    Inferred Clusters                                   Number of
 Pop       1      2      3      4      5      6      7      Individuals

  1:     0.017  0.026  0.173  0.213  0.179  0.182  0.209       10
  2:     0.062  0.034  0.142  0.204  0.167  0.178  0.214       24
  3:     0.092  0.022  0.214  0.192  0.150  0.159  0.172       13
  4:     0.026  0.042  0.220  0.144  0.250  0.191  0.127       11
  5:     0.061  0.037  0.151  0.212  0.157  0.167  0.215       23
  6:     0.876  0.024  0.020  0.020  0.019  0.021  0.021       39
  7:     0.013  0.780  0.032  0.048  0.033  0.041  0.053       28
--------------------------------------------

Allele-freq. divergence among pops (Net nucleotide distance),
computed using point estimates of P.

      1       2       3       4       5       6       7      
 1      -    0.0408  0.0316  0.0304  0.0321  0.0307  0.0301  
 2   0.0408     -    0.0160  0.0152  0.0159  0.0153  0.0149  
 3   0.0316  0.0160     -    0.0009  0.0003  0.0003  0.0010  
 4   0.0304  0.0152  0.0009     -    0.0013  0.0005  0.0000  
 5   0.0321  0.0159  0.0003  0.0013     -    0.0003  0.0014  
 6   0.0307  0.0153  0.0003  0.0005  0.0003     -    0.0005  
 7   0.0301  0.0149  0.0010  0.0000  0.0014  0.0005     -    

Average distances (expected heterozygosity) between individuals in same cluster:
cluster  1  : 0.5504 
cluster  2  : 0.6005 
cluster  3  : 0.6312 
cluster  4  : 0.6388 
cluster  5  : 0.6347 
cluster  6  : 0.6369 
cluster  7  : 0.6405 

--------------------------------------------
Estimated Ln Prob of Data   = -17721.8
Mean value of ln likelihood = -16436.0
Variance of ln likelihood   = 2571.5
Mean value of alpha         = 0.0456

Mean value of Fst_1         = 0.1247
Mean value of Fst_2         = 0.0876
Mean value of Fst_3         = 0.0508
Mean value of Fst_4         = 0.0215
Mean value of Fst_5         = 0.0491
Mean value of Fst_6         = 0.0416
Mean value of Fst_7         = 0.0191


Inferred ancestry of individuals:
        Label (%Miss) Pop:  Inferred clusters
  1     2355    (0)    1 :  0.010 0.090 0.141 0.209 0.142 0.173 0.235 
  2     2356    (0)    1 :  0.003 0.024 0.139 0.236 0.176 0.181 0.240 
  3     2357    (0)    1 :  0.056 0.066 0.241 0.157 0.161 0.164 0.154 
  4     2358    (0)    1 :  0.006 0.005 0.148 0.237 0.193 0.183 0.228 
  5     2359    (0)    1 :  0.012 0.025 0.181 0.226 0.182 0.178 0.197 
  6     2360    (0)    1 :  0.007 0.007 0.190 0.205 0.217 0.202 0.172 
  7     2361    (2)    1 :  0.040 0.011 0.129 0.250 0.145 0.157 0.269 
  8     2362    (0)    1 :  0.010 0.010 0.265 0.224 0.153 0.167 0.171 
  9     2363    (0)    1 :  0.006 0.006 0.184 0.131 0.302 0.226 0.145 
 10     2364    (0)    1 :  0.016 0.020 0.117 0.260 0.120 0.193 0.274 
 11     2434    (0)    2 :  0.015 0.017 0.142 0.253 0.132 0.169 0.271 
 12     2435    (0)    2 :  0.006 0.011 0.097 0.256 0.127 0.187 0.316 
 13     2436    (0)    2 :  0.003 0.035 0.121 0.216 0.184 0.227 0.214 
 14     2437    (0)    2 :  0.005 0.022 0.100 0.269 0.098 0.187 0.319 
 15     2438    (0)    2 :  0.006 0.006 0.157 0.234 0.199 0.176 0.221 
 16     2439    (0)    2 :  0.011 0.015 0.173 0.177 0.267 0.210 0.147 
 17     2440    (0)    2 :  0.007 0.252 0.140 0.167 0.112 0.146 0.176 
 18     2441    (0)    2 :  0.023 0.027 0.108 0.247 0.128 0.198 0.270 
 19     2442    (0)    2 :  0.007 0.008 0.127 0.255 0.116 0.200 0.287 
 20     2443    (0)    2 :  0.012 0.054 0.113 0.257 0.116 0.164 0.284 
 21     2444    (0)    2 :  0.015 0.053 0.162 0.197 0.187 0.178 0.207 
 22     2446    (0)    2 :  0.027 0.016 0.234 0.108 0.317 0.197 0.102 
 23     2447    (0)    2 :  0.021 0.010 0.128 0.241 0.164 0.172 0.263 
 24     2448    (0)    2 :  0.652 0.008 0.069 0.064 0.081 0.069 0.058 
 25     2449    (0)    2 :  0.004 0.014 0.174 0.207 0.233 0.223 0.145 
 26     2450    (0)    2 :  0.004 0.010 0.166 0.271 0.125 0.209 0.215 
 27     2451    (0)    2 :  0.004 0.018 0.111 0.274 0.109 0.190 0.294 
 28     2452    (0)    2 :  0.072 0.049 0.187 0.139 0.237 0.183 0.133 
 29     2453    (0)    2 :  0.045 0.006 0.089 0.265 0.094 0.151 0.349 
 30     2454    (0)    2 :  0.467 0.037 0.092 0.099 0.107 0.106 0.091 
 31     2455    (0)    2 :  0.007 0.082 0.152 0.212 0.145 0.181 0.221 
 32     2456    (0)    2 :  0.047 0.044 0.123 0.219 0.133 0.175 0.260 
 33     2457    (0)    2 :  0.007 0.009 0.313 0.018 0.423 0.210 0.020 
 34     2458    (0)    2 :  0.012 0.007 0.127 0.250 0.164 0.163 0.276 
 35     2398    (0)    3 :  0.015 0.024 0.286 0.200 0.141 0.167 0.167 
 36     2399    (0)    3 :  0.014 0.005 0.177 0.226 0.184 0.189 0.205 
 37     2400    (0)    3 :  0.040 0.008 0.231 0.210 0.139 0.173 0.199 
 38     2401    (0)    3 :  0.036 0.027 0.222 0.220 0.150 0.178 0.167 
 39     2402    (0)    3 :  0.137 0.029 0.136 0.194 0.170 0.166 0.169 
 40     2403    (0)    3 :  0.004 0.017 0.325 0.179 0.167 0.161 0.148 
 41     2404    (0)    3 :  0.017 0.015 0.310 0.186 0.161 0.156 0.153 
 42     2405    (0)    3 :  0.006 0.014 0.163 0.232 0.175 0.177 0.235 
 43     2406    (0)    3 :  0.137 0.012 0.133 0.213 0.134 0.173 0.198 
 44     2407    (0)    3 :  0.574 0.092 0.056 0.077 0.061 0.063 0.077 
 45     2408    (0)    3 :  0.113 0.012 0.129 0.217 0.165 0.154 0.210 
 46     2409    (0)    3 :  0.071 0.019 0.294 0.165 0.145 0.152 0.154 
 47     2410    (0)    3 :  0.029 0.008 0.317 0.180 0.160 0.156 0.148 
 48     2459    (0)    4 :  0.013 0.029 0.291 0.052 0.356 0.213 0.046 
 49     2460    (0)    4 :  0.133 0.011 0.105 0.233 0.122 0.154 0.241 
 50     2461    (0)    4 :  0.005 0.078 0.211 0.172 0.242 0.182 0.109 
 51     2462    (4)    4 :  0.025 0.026 0.274 0.081 0.301 0.219 0.073 
 52     2463    (0)    4 :  0.019 0.031 0.246 0.119 0.272 0.208 0.105 
 53     2464    (2)    4 :  0.013 0.011 0.306 0.028 0.403 0.213 0.027 
 54     2465    (0)    4 :  0.017 0.020 0.261 0.200 0.155 0.171 0.176 
 55     2466    (2)    4 :  0.014 0.133 0.198 0.099 0.288 0.173 0.094 
 56     2467    (0)    4 :  0.020 0.054 0.126 0.235 0.146 0.162 0.257 
 57     2468    (0)    4 :  0.012 0.042 0.218 0.176 0.210 0.193 0.149 
 58     2469    (0)    4 :  0.011 0.026 0.186 0.190 0.253 0.215 0.120 
 59     2369    (0)    5 :  0.270 0.030 0.132 0.176 0.120 0.124 0.148 
 60     2370    (0)    5 :  0.019 0.005 0.256 0.231 0.152 0.177 0.160 
 61     2372    (0)    5 :  0.013 0.187 0.148 0.203 0.108 0.150 0.192 
 62     2373    (0)    5 :  0.017 0.011 0.115 0.258 0.096 0.183 0.320 
 63     2374    (0)    5 :  0.005 0.005 0.322 0.006 0.440 0.214 0.008 
 64     2375    (0)    5 :  0.007 0.023 0.118 0.257 0.122 0.178 0.296 
 65     2376    (0)    5 :  0.034 0.078 0.121 0.234 0.123 0.183 0.228 
 66     2377    (0)    5 :  0.155 0.009 0.117 0.195 0.171 0.175 0.178 
 67     2378    (0)    5 :  0.044 0.018 0.156 0.225 0.176 0.170 0.211 
 68     2379    (0)    5 :  0.009 0.030 0.123 0.234 0.146 0.175 0.282 
 69     2380    (0)    5 :  0.011 0.109 0.221 0.149 0.179 0.173 0.158 
 70     2381    (0)    5 :  0.092 0.015 0.153 0.196 0.183 0.156 0.205 
 71     2382    (0)    5 :  0.003 0.015 0.175 0.257 0.155 0.191 0.204 
 72     2383    (0)    5 :  0.100 0.021 0.185 0.207 0.148 0.166 0.173 
 73     2384    (0)    5 :  0.010 0.014 0.179 0.227 0.158 0.192 0.221 
 74     2385    (0)    5 :  0.014 0.021 0.128 0.255 0.160 0.162 0.260 
 75     2386    (0)    5 :  0.058 0.006 0.107 0.259 0.105 0.166 0.300 
 76     2387    (0)    5 :  0.033 0.024 0.140 0.242 0.144 0.150 0.266 
 77     2388    (0)    5 :  0.004 0.015 0.152 0.232 0.199 0.169 0.230 
 78     2389    (2)    5 :  0.004 0.033 0.092 0.272 0.109 0.189 0.300 
 79     2390    (0)    5 :  0.008 0.063 0.119 0.239 0.167 0.146 0.258 
 80     2391    (0)    5 :  0.261 0.066 0.098 0.165 0.122 0.114 0.174 
 81     2392    (0)    5 :  0.231 0.048 0.107 0.167 0.123 0.139 0.186 
 82     2229    (0)    6 :  0.978 0.003 0.004 0.004 0.004 0.004 0.004 
 83     2230    (0)    6 :  0.854 0.028 0.023 0.023 0.024 0.024 0.024 
 84     2235    (0)    6 :  0.822 0.012 0.025 0.035 0.029 0.041 0.037 
 85     2236    (0)    6 :  0.778 0.014 0.040 0.041 0.043 0.041 0.044 
 86     2237    (0)    6 :  0.812 0.026 0.045 0.029 0.031 0.030 0.027 
 87     2238    (0)    6 :  0.967 0.007 0.005 0.005 0.005 0.006 0.005 
 88     2239    (0)    6 :  0.952 0.005 0.006 0.006 0.006 0.018 0.007 
 89     2240    (0)    6 :  0.904 0.011 0.018 0.015 0.019 0.016 0.015 
 90     2241    (0)    6 :  0.741 0.027 0.036 0.052 0.038 0.053 0.053 
 91     2242    (0)    6 :  0.811 0.017 0.033 0.032 0.033 0.041 0.032 
 92     2243    (0)    6 :  0.824 0.073 0.023 0.020 0.020 0.019 0.021 
 93     2244    (0)    6 :  0.868 0.051 0.018 0.014 0.018 0.017 0.014 
 94     2245    (0)    6 :  0.948 0.024 0.006 0.005 0.006 0.006 0.006 
 95     2246    (0)    6 :  0.939 0.023 0.007 0.008 0.008 0.008 0.008 
 96     2247    (0)    6 :  0.936 0.008 0.011 0.011 0.010 0.012 0.011 
 97     2248    (0)    6 :  0.976 0.004 0.004 0.004 0.004 0.004 0.004 
 98     2249    (0)    6 :  0.754 0.017 0.032 0.057 0.035 0.042 0.063 
 99     2250    (0)    6 :  0.982 0.003 0.003 0.003 0.003 0.003 0.003 
100     2251    (0)    6 :  0.917 0.022 0.011 0.013 0.012 0.012 0.013 
101     2252    (0)    6 :  0.969 0.006 0.005 0.005 0.005 0.005 0.005 
102     2253    (0)    6 :  0.783 0.015 0.031 0.042 0.028 0.051 0.050 
103     2254    (0)    6 :  0.637 0.094 0.056 0.042 0.061 0.063 0.047 
104     2255    (0)    6 :  0.899 0.019 0.013 0.020 0.013 0.016 0.021 
105     2256    (0)    6 :  0.418 0.015 0.133 0.107 0.103 0.111 0.111 
106     2257    (0)    6 :  0.949 0.011 0.008 0.008 0.008 0.008 0.008 
107     2258    (0)    6 :  0.806 0.079 0.022 0.024 0.024 0.024 0.022 
108     2259    (0)    6 :  0.968 0.005 0.006 0.005 0.005 0.006 0.005 
109     2260    (0)    6 :  0.945 0.009 0.009 0.010 0.008 0.009 0.010 
110     2261    (0)    6 :  0.956 0.006 0.008 0.007 0.007 0.008 0.007 
111     2262    (0)    6 :  0.973 0.004 0.005 0.004 0.005 0.005 0.004 
112     2263    (0)    6 :  0.959 0.015 0.005 0.005 0.005 0.005 0.005 
113     2264    (0)    6 :  0.958 0.004 0.007 0.008 0.008 0.007 0.008 
114     2265    (0)    6 :  0.850 0.012 0.034 0.030 0.024 0.025 0.025 
115     2266    (0)    6 :  0.882 0.005 0.029 0.019 0.023 0.022 0.019 
116     2267    (0)    6 :  0.943 0.014 0.009 0.008 0.009 0.009 0.008 
117     2268    (0)    6 :  0.944 0.005 0.010 0.011 0.010 0.010 0.010 
118     2269    (0)    6 :  0.969 0.004 0.005 0.006 0.005 0.006 0.006 
119     2270    (0)    6 :  0.950 0.009 0.008 0.008 0.008 0.008 0.009 
120     2271    (0)    6 :  0.629 0.220 0.023 0.037 0.023 0.029 0.039 
121     2302    (0)    7 :  0.006 0.964 0.006 0.006 0.006 0.006 0.006 
122     2303    (0)    7 :  0.005 0.877 0.021 0.024 0.025 0.024 0.023 
123     2304    (0)    7 :  0.025 0.881 0.020 0.019 0.017 0.017 0.021 
124     2305    (0)    7 :  0.016 0.905 0.014 0.017 0.014 0.016 0.019 
125     2306    (0)    7 :  0.017 0.915 0.012 0.015 0.012 0.014 0.015 
126     2307    (0)    7 :  0.019 0.904 0.017 0.014 0.018 0.015 0.014 
127     2308    (0)    7 :  0.002 0.008 0.075 0.270 0.103 0.158 0.383 
128     2309    (0)    7 :  0.007 0.957 0.007 0.007 0.007 0.007 0.007 
129     2310    (0)    7 :  0.022 0.846 0.031 0.027 0.021 0.023 0.030 
130     2311    (0)    7 :  0.006 0.958 0.007 0.007 0.008 0.007 0.007 
131     2312    (0)    7 :  0.009 0.959 0.007 0.006 0.007 0.006 0.006 
132     2313    (0)    7 :  0.024 0.662 0.060 0.071 0.053 0.058 0.072 
133     2314    (0)    7 :  0.013 0.731 0.072 0.043 0.044 0.042 0.054 
134     2315    (0)    7 :  0.008 0.851 0.026 0.031 0.022 0.028 0.034 
135     2316    (0)    7 :  0.018 0.774 0.036 0.048 0.032 0.043 0.050 
136     2317    (0)    7 :  0.012 0.927 0.011 0.013 0.012 0.013 0.013 
137     2318    (0)    7 :  0.010 0.939 0.011 0.009 0.010 0.010 0.010 
138     2319    (0)    7 :  0.004 0.961 0.007 0.007 0.008 0.007 0.006 
139     2320    (0)    7 :  0.006 0.941 0.009 0.012 0.009 0.011 0.011 
140     2321    (0)    7 :  0.016 0.891 0.019 0.018 0.017 0.018 0.021 
141     2322    (0)    7 :  0.009 0.419 0.093 0.125 0.105 0.127 0.122 
142     2323    (0)    7 :  0.004 0.940 0.010 0.012 0.010 0.011 0.013 
143     2324    (0)    7 :  0.009 0.896 0.021 0.018 0.019 0.018 0.018 
144     2325    (0)    7 :  0.016 0.922 0.014 0.009 0.016 0.013 0.010 
145     2326    (0)    7 :  0.024 0.071 0.121 0.225 0.149 0.209 0.201 
146     2327    (0)    7 :  0.010 0.888 0.019 0.021 0.021 0.021 0.020 
147     2328    (0)    7 :  0.014 0.115 0.115 0.228 0.107 0.183 0.237 
148     2329    (0)    7 :  0.031 0.728 0.041 0.055 0.044 0.044 0.058 


Estimated Allele Frequencies in each cluster
First column gives estimated ancestral frequencies


Locus 1 : 1 
4 alleles
0.0% missing data
  91   (0.340) 0.361 0.540 0.331 0.315 0.356 0.339 0.321 
  89   (0.524) 0.579 0.415 0.528 0.542 0.511 0.526 0.536 
  93   (0.116) 0.058 0.040 0.127 0.124 0.117 0.119 0.122 
  99   (0.021) 0.002 0.005 0.014 0.020 0.015 0.016 0.021 

Locus 2 : 2 
6 alleles
0.0% missing data
 134   (0.279) 0.152 0.280 0.323 0.298 0.291 0.296 0.298 
 136   (0.368) 0.573 0.535 0.344 0.358 0.355 0.356 0.358 
 140   (0.080) 0.036 0.021 0.069 0.081 0.079 0.079 0.078 
 138   (0.221) 0.235 0.089 0.232 0.218 0.242 0.231 0.219 
 142   (0.026) 0.002 0.070 0.014 0.020 0.014 0.016 0.021 
 132   (0.027) 0.002 0.005 0.018 0.025 0.019 0.021 0.026 

Locus 3 : 3 
6 alleles
0.0% missing data
 179   (0.339) 0.303 0.358 0.373 0.347 0.373 0.361 0.343 
 187   (0.278) 0.485 0.231 0.227 0.268 0.239 0.252 0.270 
 185   (0.097) 0.009 0.034 0.089 0.094 0.099 0.097 0.093 
 191   (0.032) 0.009 0.006 0.061 0.035 0.054 0.045 0.036 
 181   (0.196) 0.189 0.348 0.200 0.193 0.184 0.192 0.196 
 175   (0.059) 0.005 0.023 0.051 0.063 0.051 0.054 0.062 

Locus 4 : 4 
10 alleles
0.0% missing data
 241   (0.190) 0.069 0.200 0.163 0.184 0.171 0.177 0.187 
 247   (0.062) 0.006 0.012 0.055 0.064 0.057 0.060 0.063 
 253   (0.429) 0.690 0.588 0.454 0.445 0.426 0.442 0.441 
 273   (0.017) 0.001 0.003 0.011 0.014 0.012 0.013 0.015 
 269   (0.187) 0.134 0.176 0.215 0.199 0.217 0.201 0.196 
 271   (0.049) 0.024 0.009 0.065 0.041 0.079 0.061 0.043 
 249   (0.031) 0.073 0.006 0.019 0.025 0.019 0.022 0.027 
 245   (0.012) 0.001 0.002 0.006 0.009 0.006 0.007 0.010 
 265   (0.012) 0.001 0.002 0.007 0.009 0.007 0.008 0.010 
 239   (0.012) 0.001 0.002 0.006 0.009 0.006 0.008 0.010 

Locus 5 : 5 
4 alleles
0.0% missing data
 103   (0.905) 0.960 0.893 0.923 0.919 0.918 0.916 0.915 
 105   (0.060) 0.005 0.101 0.055 0.051 0.058 0.057 0.053 
 102   (0.015) 0.001 0.003 0.011 0.015 0.012 0.012 0.016 
 104   (0.020) 0.033 0.004 0.011 0.015 0.011 0.014 0.016 

Locus 6 : 6 
5 alleles
0.0% missing data
 135   (0.300) 0.187 0.203 0.278 0.288 0.282 0.290 0.294 
 145   (0.364) 0.142 0.329 0.421 0.392 0.411 0.398 0.380 
 141   (0.260) 0.613 0.434 0.250 0.251 0.256 0.252 0.256 
 147   (0.053) 0.055 0.029 0.038 0.049 0.037 0.044 0.049 
 137   (0.022) 0.002 0.004 0.013 0.020 0.014 0.017 0.021 

Locus 7 : 7 
10 alleles
0.7% missing data
  97   (0.178) 0.197 0.088 0.180 0.181 0.180 0.181 0.179 
 103   (0.339) 0.286 0.503 0.367 0.355 0.370 0.356 0.352 
  89   (0.084) 0.062 0.043 0.069 0.078 0.073 0.074 0.080 
  93   (0.231) 0.386 0.225 0.196 0.227 0.197 0.215 0.229 
  83   (0.044) 0.004 0.019 0.068 0.060 0.050 0.053 0.057 
  99   (0.017) 0.001 0.003 0.014 0.016 0.011 0.013 0.016 
  85   (0.035) 0.005 0.074 0.052 0.027 0.059 0.048 0.029 
  91   (0.043) 0.051 0.039 0.024 0.035 0.026 0.030 0.037 
 105   (0.012) 0.001 0.002 0.013 0.008 0.016 0.012 0.009 
 101   (0.016) 0.006 0.004 0.016 0.012 0.018 0.017 0.013 

Locus 8 : 8 
8 alleles
0.0% missing data
 129   (0.585) 0.738 0.563 0.628 0.601 0.621 0.615 0.599 
 143   (0.236) 0.066 0.340 0.236 0.236 0.252 0.242 0.233 
 141   (0.067) 0.083 0.061 0.057 0.063 0.049 0.056 0.064 
 149   (0.051) 0.101 0.009 0.037 0.047 0.038 0.041 0.049 
 133   (0.021) 0.002 0.004 0.016 0.021 0.016 0.017 0.021 
 145   (0.017) 0.001 0.017 0.014 0.015 0.011 0.013 0.015 
 127   (0.012) 0.001 0.002 0.007 0.009 0.007 0.008 0.010 
 131   (0.012) 0.006 0.003 0.007 0.009 0.007 0.008 0.009 

Locus 9 : 9 
4 alleles
0.0% missing data
 189   (0.443) 0.256 0.221 0.480 0.452 0.506 0.479 0.453 
 191   (0.345) 0.644 0.468 0.312 0.330 0.306 0.319 0.335 
 195   (0.194) 0.090 0.308 0.198 0.204 0.178 0.191 0.197 
 193   (0.018) 0.010 0.004 0.010 0.014 0.010 0.012 0.015 

Locus 10 : 10 
6 alleles
0.0% missing data
 250   (0.036) 0.003 0.007 0.028 0.036 0.031 0.032 0.036 
 254   (0.053) 0.012 0.077 0.035 0.044 0.038 0.041 0.046 
 252   (0.108) 0.173 0.201 0.112 0.091 0.124 0.113 0.095 
 238   (0.592) 0.439 0.609 0.620 0.598 0.608 0.609 0.597 
 232   (0.192) 0.370 0.103 0.186 0.208 0.182 0.187 0.206 
 248   (0.020) 0.002 0.004 0.019 0.022 0.016 0.018 0.020 

Locus 11 : 11 
4 alleles
0.0% missing data
  87   (0.765) 0.638 0.758 0.738 0.785 0.723 0.751 0.779 
  89   (0.182) 0.280 0.232 0.210 0.171 0.218 0.198 0.176 
  91   (0.041) 0.081 0.008 0.045 0.034 0.052 0.043 0.035 
  85   (0.012) 0.001 0.002 0.007 0.010 0.008 0.008 0.011 

Locus 12 : 12 
12 alleles
0.0% missing data
 160   (0.262) 0.233 0.175 0.272 0.264 0.274 0.267 0.264 
 158   (0.213) 0.424 0.226 0.225 0.223 0.203 0.216 0.227 
 162   (0.223) 0.146 0.207 0.253 0.220 0.274 0.253 0.222 
 170   (0.048) 0.011 0.010 0.057 0.062 0.048 0.052 0.056 
 161   (0.104) 0.056 0.181 0.082 0.098 0.086 0.090 0.099 
 154   (0.021) 0.002 0.004 0.014 0.019 0.014 0.016 0.020 
 143   (0.025) 0.002 0.008 0.019 0.021 0.023 0.023 0.022 
 149   (0.025) 0.002 0.005 0.021 0.026 0.022 0.024 0.023 
 147   (0.045) 0.120 0.178 0.031 0.039 0.034 0.035 0.037 
 159   (0.012) 0.001 0.002 0.012 0.011 0.009 0.010 0.012 
 134   (0.012) 0.001 0.002 0.007 0.009 0.006 0.008 0.009 
 165   (0.012) 0.001 0.002 0.006 0.009 0.006 0.007 0.010 

Locus 13 : 13 
4 alleles
0.0% missing data
 113   (0.346) 0.344 0.385 0.329 0.357 0.306 0.329 0.356 
 115   (0.490) 0.487 0.444 0.496 0.488 0.519 0.506 0.485 
 108   (0.152) 0.168 0.169 0.169 0.146 0.169 0.157 0.149 
 110   (0.012) 0.001 0.002 0.006 0.009 0.006 0.008 0.010 

Locus 14 : 14 
8 alleles
0.0% missing data
 225   (0.132) 0.077 0.064 0.125 0.125 0.141 0.133 0.128 
 229   (0.428) 0.580 0.322 0.437 0.447 0.434 0.440 0.441 
 227   (0.160) 0.155 0.164 0.215 0.180 0.188 0.183 0.177 
 231   (0.200) 0.109 0.390 0.172 0.183 0.185 0.188 0.186 
 213   (0.012) 0.001 0.002 0.007 0.009 0.007 0.008 0.010 
 233   (0.044) 0.076 0.053 0.028 0.038 0.030 0.032 0.039 
 203   (0.012) 0.001 0.003 0.010 0.009 0.009 0.009 0.010 
 223   (0.012) 0.001 0.002 0.006 0.009 0.006 0.007 0.010 

Locus 15 : 15 
4 alleles
0.7% missing data
 143   (0.914) 0.989 0.933 0.934 0.923 0.932 0.926 0.923 
 145   (0.056) 0.008 0.062 0.042 0.053 0.043 0.048 0.052 
 147   (0.018) 0.002 0.003 0.018 0.015 0.018 0.018 0.015 
 157   (0.012) 0.001 0.002 0.006 0.009 0.007 0.008 0.010 

Locus 16 : 16 
5 alleles
0.0% missing data
 158   (0.510) 0.674 0.490 0.513 0.520 0.513 0.513 0.516 
 156   (0.275) 0.187 0.271 0.297 0.261 0.306 0.289 0.266 
 154   (0.073) 0.046 0.076 0.052 0.068 0.053 0.061 0.071 
 160   (0.130) 0.092 0.160 0.131 0.141 0.120 0.129 0.138 
 152   (0.012) 0.001 0.002 0.008 0.010 0.008 0.009 0.010 

Locus 17 : 17 
5 alleles
0.0% missing data
  90   (0.685) 0.778 0.827 0.677 0.680 0.691 0.682 0.684 
 100   (0.096) 0.010 0.019 0.109 0.100 0.116 0.110 0.097 
 102   (0.147) 0.197 0.125 0.154 0.150 0.140 0.146 0.150 
 104   (0.012) 0.001 0.002 0.007 0.010 0.007 0.008 0.011 
  88   (0.059) 0.014 0.026 0.053 0.061 0.046 0.054 0.059 

Locus 18 : 18 
7 alleles
0.0% missing data
 127   (0.277) 0.150 0.384 0.273 0.289 0.247 0.267 0.293 
 140   (0.292) 0.113 0.425 0.321 0.289 0.337 0.315 0.287 
 142   (0.125) 0.511 0.026 0.103 0.118 0.112 0.115 0.121 
 148   (0.091) 0.099 0.042 0.078 0.089 0.079 0.084 0.087 
 146   (0.102) 0.108 0.052 0.089 0.100 0.091 0.094 0.099 
 138   (0.060) 0.014 0.057 0.067 0.065 0.054 0.058 0.065 
 150   (0.053) 0.005 0.014 0.069 0.049 0.080 0.067 0.049 

Locus 19 : 19 
6 alleles
0.0% missing data
 190   (0.122) 0.347 0.275 0.107 0.115 0.098 0.104 0.116 
 194   (0.581) 0.510 0.609 0.540 0.594 0.542 0.559 0.587 
 202   (0.030) 0.003 0.006 0.022 0.031 0.025 0.026 0.030 
 188   (0.156) 0.130 0.066 0.163 0.146 0.175 0.170 0.148 
 200   (0.099) 0.009 0.042 0.161 0.105 0.154 0.134 0.108 
 198   (0.012) 0.001 0.002 0.006 0.009 0.006 0.008 0.010 

Locus 20 : 20 
6 alleles
0.0% missing data
 252   (0.681) 0.770 0.652 0.731 0.692 0.722 0.714 0.688 
 246   (0.119) 0.012 0.261 0.125 0.124 0.115 0.116 0.126 
 248   (0.016) 0.001 0.003 0.011 0.015 0.012 0.013 0.016 
 244   (0.029) 0.064 0.006 0.020 0.024 0.022 0.022 0.025 
 250   (0.085) 0.122 0.017 0.059 0.077 0.065 0.073 0.080 
 254   (0.070) 0.029 0.061 0.055 0.067 0.065 0.062 0.066 

Locus 21 : 21 
7 alleles
0.0% missing data
 167   (0.273) 0.255 0.177 0.330 0.283 0.332 0.311 0.276 
 173   (0.281) 0.308 0.245 0.312 0.286 0.303 0.299 0.288 
 163   (0.030) 0.003 0.006 0.025 0.033 0.029 0.028 0.034 
 177   (0.198) 0.368 0.094 0.162 0.196 0.163 0.174 0.200 
 175   (0.142) 0.059 0.278 0.119 0.134 0.121 0.128 0.132 
 165   (0.064) 0.007 0.199 0.046 0.059 0.047 0.052 0.060 
 159   (0.012) 0.001 0.002 0.006 0.009 0.007 0.007 0.010 

Locus 22 : 22 
11 alleles
0.0% missing data
 152   (0.418) 0.547 0.440 0.437 0.443 0.417 0.425 0.438 
 158   (0.104) 0.012 0.071 0.111 0.107 0.114 0.111 0.105 
 146   (0.224) 0.265 0.317 0.238 0.209 0.261 0.242 0.211 
 150   (0.045) 0.023 0.063 0.036 0.042 0.032 0.035 0.042 
 156   (0.017) 0.002 0.003 0.012 0.013 0.014 0.014 0.014 
 162   (0.029) 0.003 0.005 0.021 0.028 0.021 0.025 0.028 
 166   (0.078) 0.046 0.062 0.070 0.072 0.073 0.076 0.073 
 164   (0.041) 0.006 0.030 0.034 0.041 0.034 0.036 0.043 
 148   (0.018) 0.002 0.003 0.013 0.019 0.016 0.015 0.019 
 142   (0.013) 0.001 0.003 0.020 0.016 0.013 0.014 0.016 
 154   (0.013) 0.095 0.002 0.006 0.009 0.006 0.007 0.010 

Locus 23 : 23 
6 alleles
0.7% missing data
 144   (0.172) 0.133 0.203 0.197 0.178 0.183 0.180 0.182 
 156   (0.146) 0.068 0.112 0.138 0.143 0.140 0.140 0.146 
 154   (0.543) 0.572 0.608 0.549 0.552 0.567 0.562 0.540 
 160   (0.099) 0.167 0.069 0.094 0.095 0.085 0.091 0.098 
 152   (0.017) 0.052 0.003 0.009 0.013 0.010 0.011 0.014 
 158   (0.022) 0.008 0.004 0.014 0.019 0.014 0.017 0.020 

Locus 24 : 24 
4 alleles
0.7% missing data
  81   (0.356) 0.236 0.344 0.376 0.358 0.392 0.373 0.353 
  83   (0.500) 0.464 0.579 0.481 0.502 0.466 0.483 0.504 
  77   (0.091) 0.272 0.018 0.103 0.096 0.097 0.100 0.097 
  85   (0.053) 0.028 0.060 0.041 0.044 0.045 0.045 0.046 

Locus 25 : 25 
6 alleles
0.7% missing data
 124   (0.520) 0.287 0.636 0.588 0.545 0.586 0.558 0.539 
 132   (0.286) 0.637 0.196 0.268 0.280 0.262 0.277 0.282 
 122   (0.122) 0.022 0.154 0.097 0.115 0.103 0.111 0.117 
 126   (0.047) 0.051 0.009 0.033 0.040 0.033 0.037 0.041 
 120   (0.012) 0.001 0.002 0.008 0.010 0.008 0.008 0.010 
 136   (0.012) 0.001 0.002 0.007 0.010 0.007 0.008 0.010 

Locus 26 : 26 
6 alleles
0.0% missing data
 165   (0.248) 0.153 0.274 0.290 0.261 0.264 0.269 0.263 
 183   (0.341) 0.473 0.356 0.296 0.334 0.302 0.318 0.332 
 179   (0.092) 0.081 0.020 0.099 0.087 0.122 0.103 0.084 
 175   (0.253) 0.286 0.309 0.242 0.259 0.234 0.241 0.261 
 181   (0.054) 0.005 0.038 0.065 0.050 0.071 0.060 0.049 
 185   (0.012) 0.001 0.002 0.008 0.010 0.008 0.009 0.010 

Locus 27 : 27 
4 alleles
0.0% missing data
 142   (0.537) 0.634 0.681 0.596 0.535 0.594 0.572 0.532 
 150   (0.142) 0.015 0.107 0.130 0.148 0.132 0.135 0.146 
 148   (0.249) 0.132 0.197 0.203 0.242 0.213 0.224 0.247 
 138   (0.073) 0.219 0.015 0.071 0.075 0.061 0.068 0.074 

Locus 28 : 28 
5 alleles
0.0% missing data
 260   (0.451) 0.247 0.372 0.474 0.487 0.449 0.458 0.483 
 262   (0.456) 0.711 0.583 0.459 0.428 0.485 0.468 0.431 
 258   (0.022) 0.002 0.004 0.016 0.021 0.016 0.018 0.020 
 256   (0.060) 0.040 0.039 0.041 0.054 0.042 0.048 0.055 
 264   (0.012) 0.001 0.002 0.010 0.011 0.008 0.009 0.011 

Locus 29 : 29 
5 alleles
0.0% missing data
 140   (0.159) 0.071 0.187 0.152 0.161 0.151 0.154 0.156 
 150   (0.485) 0.724 0.447 0.546 0.490 0.548 0.524 0.488 
 148   (0.083) 0.071 0.094 0.064 0.073 0.070 0.074 0.075 
 146   (0.241) 0.128 0.264 0.217 0.246 0.208 0.222 0.251 
 152   (0.032) 0.006 0.007 0.021 0.029 0.023 0.025 0.030 

Locus 30 : 30 
6 alleles
0.0% missing data
 125   (0.267) 0.286 0.253 0.248 0.253 0.259 0.258 0.260 
 129   (0.520) 0.572 0.489 0.557 0.550 0.527 0.541 0.541 
 123   (0.091) 0.130 0.086 0.105 0.082 0.120 0.100 0.081 
 127   (0.071) 0.007 0.163 0.048 0.064 0.052 0.057 0.066 
 121   (0.015) 0.001 0.003 0.011 0.015 0.012 0.012 0.015 
 131   (0.036) 0.004 0.007 0.031 0.036 0.029 0.031 0.036 

Locus 31 : 31 
5 alleles
0.0% missing data
 155   (0.560) 0.668 0.420 0.526 0.565 0.523 0.543 0.567 
 159   (0.146) 0.087 0.217 0.177 0.140 0.183 0.167 0.139 
 157   (0.205) 0.155 0.346 0.207 0.212 0.199 0.200 0.212 
 153   (0.056) 0.082 0.011 0.069 0.054 0.074 0.064 0.052 
 151   (0.033) 0.008 0.006 0.021 0.029 0.021 0.026 0.030 

Locus 32 : 32 
4 alleles
0.0% missing data
  92   (0.240) 0.294 0.121 0.239 0.232 0.245 0.242 0.232 
  94   (0.076) 0.077 0.208 0.054 0.065 0.057 0.058 0.067 
  95   (0.152) 0.122 0.029 0.151 0.170 0.152 0.155 0.168 
  91   (0.533) 0.506 0.642 0.556 0.534 0.547 0.544 0.533 

Locus 33 : 33 
4 alleles
0.0% missing data
 146   (0.325) 0.092 0.296 0.297 0.332 0.290 0.312 0.331 
 148   (0.079) 0.098 0.099 0.074 0.067 0.083 0.074 0.067 
 150   (0.545) 0.805 0.537 0.561 0.556 0.552 0.553 0.558 
 154   (0.051) 0.004 0.068 0.067 0.045 0.075 0.060 0.044 

Locus 34 : 34 
7 alleles
0.0% missing data
 180   (0.396) 0.533 0.459 0.401 0.390 0.413 0.402 0.391 
 192   (0.149) 0.015 0.151 0.175 0.171 0.157 0.162 0.163 
 184   (0.213) 0.212 0.297 0.186 0.204 0.187 0.195 0.209 
 196   (0.170) 0.169 0.069 0.181 0.174 0.179 0.180 0.174 
 198   (0.038) 0.022 0.007 0.039 0.032 0.044 0.038 0.034 
 190   (0.021) 0.002 0.014 0.014 0.019 0.015 0.016 0.020 
 194   (0.013) 0.048 0.002 0.006 0.009 0.006 0.007 0.009 

Locus 35 : 35 
6 alleles
0.0% missing data
 106   (0.293) 0.172 0.284 0.314 0.300 0.320 0.312 0.294 
 112   (0.298) 0.509 0.303 0.337 0.300 0.321 0.316 0.303 
  94   (0.023) 0.002 0.004 0.017 0.024 0.020 0.020 0.025 
 110   (0.220) 0.292 0.329 0.193 0.209 0.200 0.202 0.215 
 108   (0.128) 0.022 0.059 0.110 0.131 0.113 0.119 0.127 
  90   (0.038) 0.003 0.020 0.030 0.035 0.027 0.032 0.037 

Locus 36 : 36 
8 alleles
0.0% missing data
 168   (0.077) 0.007 0.016 0.100 0.077 0.119 0.100 0.074 
 178   (0.041) 0.009 0.010 0.049 0.047 0.036 0.042 0.046 
 170   (0.297) 0.152 0.472 0.268 0.286 0.277 0.283 0.291 
 174   (0.126) 0.027 0.119 0.139 0.126 0.151 0.138 0.122 
 172   (0.270) 0.481 0.211 0.292 0.283 0.262 0.272 0.282 
 176   (0.126) 0.101 0.130 0.094 0.126 0.101 0.110 0.128 
 166   (0.052) 0.222 0.040 0.045 0.047 0.039 0.043 0.049 
 186   (0.012) 0.001 0.002 0.013 0.008 0.015 0.012 0.009 

Locus 37 : 37 
6 alleles
0.0% missing data
  85   (0.197) 0.177 0.122 0.237 0.188 0.256 0.226 0.190 
  95   (0.085) 0.086 0.151 0.065 0.078 0.060 0.069 0.081 
  89   (0.527) 0.720 0.550 0.539 0.544 0.525 0.533 0.539 
  83   (0.125) 0.012 0.065 0.111 0.129 0.112 0.121 0.129 
  81   (0.054) 0.005 0.110 0.041 0.051 0.040 0.043 0.050 
  91   (0.012) 0.001 0.002 0.007 0.010 0.008 0.008 0.011 

Locus 38 : 38 
7 alleles
0.0% missing data
 161   (0.358) 0.483 0.456 0.343 0.355 0.359 0.356 0.351 
 165   (0.218) 0.177 0.188 0.217 0.209 0.230 0.222 0.216 
 167   (0.036) 0.013 0.007 0.042 0.036 0.045 0.039 0.034 
 169   (0.089) 0.125 0.018 0.094 0.095 0.088 0.093 0.093 
 173   (0.274) 0.191 0.326 0.278 0.280 0.258 0.270 0.281 
 175   (0.013) 0.001 0.002 0.021 0.016 0.013 0.014 0.017 
 159   (0.012) 0.010 0.002 0.006 0.008 0.006 0.007 0.009 

Locus 39 : 39 
5 alleles
0.0% missing data
  85   (0.227) 0.127 0.298 0.224 0.226 0.213 0.219 0.231 
  87   (0.111) 0.153 0.050 0.113 0.096 0.131 0.115 0.101 
  91   (0.154) 0.030 0.237 0.140 0.160 0.133 0.144 0.159 
  81   (0.084) 0.023 0.122 0.068 0.080 0.073 0.075 0.080 
  89   (0.424) 0.667 0.292 0.454 0.437 0.449 0.447 0.429 

Locus 40 : 40 
3 alleles
0.0% missing data
 167   (0.790) 0.926 0.926 0.809 0.787 0.803 0.797 0.789 
 161   (0.173) 0.061 0.067 0.166 0.178 0.170 0.173 0.175 
 165   (0.037) 0.013 0.007 0.025 0.034 0.027 0.029 0.037 

Locus 41 : 41 
6 alleles
0.0% missing data
 224   (0.035) 0.057 0.078 0.023 0.026 0.022 0.024 0.028 
 228   (0.389) 0.587 0.381 0.408 0.398 0.377 0.384 0.403 
 238   (0.380) 0.230 0.367 0.400 0.371 0.417 0.403 0.374 
 240   (0.111) 0.011 0.022 0.120 0.134 0.131 0.127 0.121 
 236   (0.073) 0.114 0.150 0.043 0.061 0.046 0.054 0.064 
 242   (0.012) 0.001 0.002 0.007 0.010 0.007 0.008 0.011 

Locus 42 : 42 
7 alleles
0.7% missing data
 130   (0.526) 0.464 0.435 0.531 0.547 0.525 0.535 0.546 
 118   (0.045) 0.005 0.024 0.041 0.045 0.042 0.043 0.042 
 128   (0.071) 0.146 0.054 0.085 0.074 0.071 0.072 0.077 
 132   (0.094) 0.270 0.146 0.070 0.086 0.066 0.074 0.086 
 114   (0.114) 0.081 0.176 0.096 0.107 0.107 0.106 0.106 
 134   (0.137) 0.017 0.162 0.169 0.132 0.181 0.160 0.132 
 122   (0.014) 0.018 0.003 0.008 0.010 0.008 0.009 0.011 

Locus 43 : 43 
5 alleles
0.0% missing data
 104   (0.397) 0.159 0.247 0.431 0.414 0.424 0.422 0.411 
  98   (0.151) 0.218 0.146 0.121 0.137 0.129 0.133 0.140 
 102   (0.247) 0.436 0.383 0.292 0.253 0.285 0.272 0.251 
  92   (0.142) 0.113 0.193 0.111 0.139 0.118 0.123 0.141 
  96   (0.062) 0.074 0.032 0.045 0.057 0.043 0.051 0.057 

Locus 44 : 44 
5 alleles
0.0% missing data
  95   (0.218) 0.364 0.233 0.205 0.209 0.215 0.212 0.206 
 101   (0.369) 0.398 0.378 0.409 0.389 0.368 0.383 0.389 
 103   (0.295) 0.225 0.295 0.289 0.294 0.306 0.295 0.292 
  99   (0.094) 0.011 0.090 0.076 0.086 0.086 0.086 0.091 
  97   (0.025) 0.002 0.004 0.020 0.022 0.025 0.023 0.022 

Locus 45 : 45 
7 alleles
0.0% missing data
 181   (0.562) 0.739 0.594 0.559 0.587 0.540 0.557 0.586 
 191   (0.300) 0.178 0.366 0.307 0.289 0.321 0.311 0.288 
 179   (0.025) 0.002 0.005 0.049 0.020 0.062 0.042 0.021 
 177   (0.061) 0.076 0.024 0.053 0.060 0.045 0.053 0.059 
 189   (0.017) 0.002 0.003 0.010 0.014 0.010 0.012 0.015 
 183   (0.017) 0.002 0.005 0.011 0.015 0.011 0.013 0.015 
 193   (0.017) 0.001 0.003 0.011 0.015 0.012 0.013 0.016 

Locus 46 : 46 
6 alleles
0.0% missing data
 211   (0.208) 0.178 0.244 0.216 0.199 0.225 0.215 0.200 
 215   (0.074) 0.077 0.151 0.049 0.063 0.051 0.057 0.066 
 205   (0.465) 0.499 0.448 0.501 0.483 0.502 0.489 0.480 
 207   (0.191) 0.177 0.114 0.182 0.203 0.165 0.183 0.201 
 201   (0.050) 0.068 0.040 0.042 0.043 0.046 0.046 0.043 
 202   (0.012) 0.001 0.002 0.011 0.009 0.012 0.011 0.009 

Locus 47 : 47 
9 alleles
0.0% missing data
 142   (0.295) 0.205 0.251 0.349 0.303 0.345 0.324 0.306 
 162   (0.060) 0.006 0.194 0.044 0.054 0.046 0.049 0.054 
 164   (0.051) 0.004 0.039 0.038 0.050 0.040 0.047 0.048 
 168   (0.165) 0.264 0.163 0.142 0.168 0.140 0.147 0.164 
 158   (0.174) 0.058 0.246 0.164 0.173 0.165 0.171 0.174 
 170   (0.032) 0.013 0.006 0.020 0.027 0.019 0.024 0.029 
 166   (0.142) 0.298 0.085 0.175 0.143 0.172 0.162 0.147 
 156   (0.029) 0.003 0.006 0.023 0.030 0.025 0.028 0.027 
 144   (0.053) 0.148 0.010 0.047 0.052 0.048 0.048 0.049 

Locus 48 : 48 
6 alleles
0.0% missing data
 149   (0.298) 0.115 0.101 0.328 0.333 0.303 0.314 0.326 
 151   (0.246) 0.228 0.361 0.225 0.231 0.230 0.233 0.239 
 145   (0.212) 0.255 0.455 0.230 0.204 0.231 0.215 0.205 
 153   (0.210) 0.400 0.077 0.196 0.201 0.214 0.213 0.198 
 147   (0.012) 0.001 0.002 0.007 0.010 0.007 0.008 0.010 
 143   (0.022) 0.002 0.004 0.014 0.020 0.016 0.017 0.022 

Values of parameters used in structure:
DATAFILE=temp1.str,	OUTFILE=k7/temp1_k7_run5,	NUMINDS=148,	NUMLOCI=48,	MISSING=-9,	LABEL=1,	POPDATA=1,	POPFLAG=0,	PHENOTYPE=0,	EXTRACOLS=0,	MAXPOPS=7,	BURNIN=500000,	NUMREPS=750000,	USEPOPINFO=0,	INFERALPHA=1,	INFERLAMBDA=0,	POPSPECIFICLAMBDA=0,	POPALPHAS=0,	COMPUTEPROB=1,	NOADMIX=0,	ADMBURNIN=500,	UPDATEFREQ=100,	PRINTLIKES=0,	INTERMEDSAVE=0,	PRINTKLD=0,	PRINTNET=1,	PRINTLAMBDA=1,	ANCESTDIST=0,	NUMBOXES=1000,	ANCESTPINT=0.90000,	GENSBACK=2,	MIGRPRIOR=0.01000,	PRINTQHAT=0,	PRINTQSUM=1,	ALPHA=1.0000,	FREQSCORR=1,	FPRIORMEAN=0.0100,	FPRIORSD=0.0500,	ONEFST=0,	LAMBDA=1.0000,	UNIFPRIORALPHA=1,	ALPHAMAX=10.0000,	ALPHAPRIORA=1.0000,	ALPHAPRIORB=2.0000,	ALPHAPROPSD=0.0250,	STARTATPOPINFO=0,	RANDOMIZE=0,	LINKAGE=0,	METROFREQ=10,	REPORTHITRATE=0,	MARKOVPHASE=0,	PHASED=1,	PLOIDY=2,	PHASEINFO=0	LOCPRIOR=0, 	LOCPRIORINIT=1.000000, 	LOCDATA=0, 	LOCISPOP=1, 	LOCPRIORSTEP=0.100000, 	MAXLOCPRIOR=20.000000, 	SEED=573715,	
[STRAT parameters]:    NUMSIMSTATS=1000,	PHENOTYPECOL=-9,	POOLFREQ=10,	LOCUSxONLY=0,	EMERROR=0.00100,	MISSINGPHENO=-9,	