

----------------------------------------------------
STRUCTURE by Pritchard, Stephens and Donnelly (2000)
     and Falush, Stephens and Pritchard (2003)
       Code by Pritchard, Falush and Hubisz
             Version 2.3.4 (Jul 2012)
----------------------------------------------------



Command line arguments:   structure -D 540203 -K 2 -m mainparams -o k2/temp1_k2_run8 
Input File:    temp1.str

Run parameters:
   148 individuals
   49 loci
   2 populations assumed
   500000 Burn-in period
   750000 Reps
RANDOMIZE turned off


--------------------------------------------
Proportion of membership of each pre-defined
 population in each of the 2 clusters

Given    Inferred Clusters       Number of
 Pop       1      2             Individuals

  1:     0.127  0.873              10
  2:     0.155  0.845              24
  3:     0.260  0.740              13
  4:     0.160  0.840              11
  5:     0.219  0.781              23
  6:     0.922  0.078              39
  7:     0.123  0.877              28
--------------------------------------------

Allele-freq. divergence among pops (Net nucleotide distance),
computed using point estimates of P.

      1       2      
 1      -    0.0348  
 2   0.0348     -    

Average distances (expected heterozygosity) between individuals in same cluster:
cluster  1  : 0.5539 
cluster  2  : 0.6434 

--------------------------------------------
Estimated Ln Prob of Data   = -17515.3
Mean value of ln likelihood = -17355.8
Variance of ln likelihood   = 318.9
Mean value of alpha         = 0.2901

Mean value of Fst_1         = 0.1286
Mean value of Fst_2         = 0.0036


Inferred ancestry of individuals:
        Label (%Miss) Pop:  Inferred clusters
  1     2355    (0)    1 :  0.054 0.946 
  2     2356    (0)    1 :  0.019 0.981 
  3     2357    (0)    1 :  0.276 0.724 
  4     2358    (0)    1 :  0.082 0.918 
  5     2359    (0)    1 :  0.131 0.869 
  6     2360    (0)    1 :  0.085 0.915 
  7     2361    (2)    1 :  0.273 0.727 
  8     2362    (0)    1 :  0.159 0.841 
  9     2363    (0)    1 :  0.049 0.951 
 10     2364    (0)    1 :  0.147 0.853 
 11     2434    (0)    2 :  0.117 0.883 
 12     2435    (0)    2 :  0.041 0.959 
 13     2436    (0)    2 :  0.024 0.976 
 14     2437    (0)    2 :  0.032 0.968 
 15     2438    (0)    2 :  0.071 0.929 
 16     2439    (0)    2 :  0.082 0.918 
 17     2440    (0)    2 :  0.042 0.958 
 18     2441    (0)    2 :  0.155 0.845 
 19     2442    (0)    2 :  0.063 0.937 
 20     2443    (0)    2 :  0.112 0.888 
 21     2444    (0)    2 :  0.069 0.931 
 22     2446    (0)    2 :  0.102 0.898 
 23     2447    (0)    2 :  0.167 0.833 
 24     2448    (0)    2 :  0.843 0.157 
 25     2449    (0)    2 :  0.026 0.974 
 26     2450    (0)    2 :  0.021 0.979 
 27     2451    (0)    2 :  0.032 0.968 
 28     2452    (0)    2 :  0.344 0.656 
 29     2453    (0)    2 :  0.317 0.683 
 30     2454    (0)    2 :  0.615 0.385 
 31     2455    (0)    2 :  0.040 0.960 
 32     2456    (0)    2 :  0.214 0.786 
 33     2457    (0)    2 :  0.078 0.922 
 34     2458    (0)    2 :  0.107 0.893 
 35     2398    (0)    3 :  0.167 0.833 
 36     2399    (0)    3 :  0.115 0.885 
 37     2400    (0)    3 :  0.257 0.743 
 38     2401    (0)    3 :  0.321 0.679 
 39     2402    (0)    3 :  0.312 0.688 
 40     2403    (0)    3 :  0.032 0.968 
 41     2404    (0)    3 :  0.183 0.817 
 42     2405    (0)    3 :  0.047 0.953 
 43     2406    (0)    3 :  0.494 0.506 
 44     2407    (0)    3 :  0.617 0.383 
 45     2408    (0)    3 :  0.308 0.692 
 46     2409    (0)    3 :  0.306 0.694 
 47     2410    (0)    3 :  0.227 0.773 
 48     2459    (0)    4 :  0.136 0.864 
 49     2460    (0)    4 :  0.384 0.616 
 50     2461    (0)    4 :  0.032 0.968 
 51     2462    (4)    4 :  0.331 0.669 
 52     2463    (0)    4 :  0.155 0.845 
 53     2464    (2)    4 :  0.089 0.911 
 54     2465    (0)    4 :  0.202 0.798 
 55     2466    (2)    4 :  0.124 0.876 
 56     2467    (0)    4 :  0.125 0.875 
 57     2468    (0)    4 :  0.113 0.887 
 58     2469    (0)    4 :  0.070 0.930 
 59     2369    (0)    5 :  0.551 0.449 
 60     2370    (0)    5 :  0.219 0.781 
 61     2372    (0)    5 :  0.070 0.930 
 62     2373    (0)    5 :  0.229 0.771 
 63     2374    (0)    5 :  0.098 0.902 
 64     2375    (0)    5 :  0.068 0.932 
 65     2376    (0)    5 :  0.207 0.793 
 66     2377    (0)    5 :  0.426 0.574 
 67     2378    (0)    5 :  0.365 0.635 
 68     2379    (0)    5 :  0.086 0.914 
 69     2380    (0)    5 :  0.066 0.934 
 70     2381    (0)    5 :  0.368 0.632 
 71     2382    (0)    5 :  0.020 0.980 
 72     2383    (0)    5 :  0.451 0.549 
 73     2384    (0)    5 :  0.097 0.903 
 74     2385    (0)    5 :  0.107 0.893 
 75     2386    (0)    5 :  0.279 0.721 
 76     2387    (0)    5 :  0.258 0.742 
 77     2388    (0)    5 :  0.027 0.973 
 78     2389    (2)    5 :  0.026 0.974 
 79     2390    (0)    5 :  0.069 0.931 
 80     2391    (0)    5 :  0.470 0.530 
 81     2392    (0)    5 :  0.488 0.512 
 82     2229    (0)    6 :  0.981 0.019 
 83     2230    (0)    6 :  0.919 0.081 
 84     2235    (0)    6 :  0.894 0.106 
 85     2236    (0)    6 :  0.788 0.212 
 86     2237    (0)    6 :  0.907 0.093 
 87     2238    (0)    6 :  0.975 0.025 
 88     2239    (0)    6 :  0.978 0.022 
 89     2240    (0)    6 :  0.935 0.065 
 90     2241    (0)    6 :  0.829 0.171 
 91     2242    (0)    6 :  0.922 0.078 
 92     2243    (0)    6 :  0.889 0.111 
 93     2244    (0)    6 :  0.936 0.064 
 94     2245    (0)    6 :  0.959 0.041 
 95     2246    (0)    6 :  0.947 0.053 
 96     2247    (0)    6 :  0.960 0.040 
 97     2248    (0)    6 :  0.980 0.020 
 98     2249    (0)    6 :  0.864 0.136 
 99     2250    (0)    6 :  0.986 0.014 
100     2251    (0)    6 :  0.937 0.063 
101     2252    (0)    6 :  0.974 0.026 
102     2253    (0)    6 :  0.892 0.108 
103     2254    (0)    6 :  0.764 0.236 
104     2255    (0)    6 :  0.916 0.084 
105     2256    (0)    6 :  0.764 0.236 
106     2257    (0)    6 :  0.939 0.061 
107     2258    (0)    6 :  0.888 0.112 
108     2259    (0)    6 :  0.976 0.024 
109     2260    (0)    6 :  0.956 0.044 
110     2261    (0)    6 :  0.959 0.041 
111     2262    (0)    6 :  0.979 0.021 
112     2263    (0)    6 :  0.959 0.041 
113     2264    (0)    6 :  0.963 0.037 
114     2265    (0)    6 :  0.915 0.085 
115     2266    (0)    6 :  0.923 0.077 
116     2267    (0)    6 :  0.960 0.040 
117     2268    (0)    6 :  0.951 0.049 
118     2269    (0)    6 :  0.974 0.026 
119     2270    (0)    6 :  0.963 0.037 
120     2271    (0)    6 :  0.771 0.229 
121     2302    (0)    7 :  0.078 0.922 
122     2303    (0)    7 :  0.052 0.948 
123     2304    (0)    7 :  0.161 0.839 
124     2305    (0)    7 :  0.184 0.816 
125     2306    (0)    7 :  0.185 0.815 
126     2307    (0)    7 :  0.118 0.882 
127     2308    (0)    7 :  0.014 0.986 
128     2309    (0)    7 :  0.082 0.918 
129     2310    (0)    7 :  0.159 0.841 
130     2311    (0)    7 :  0.083 0.917 
131     2312    (0)    7 :  0.115 0.885 
132     2313    (0)    7 :  0.194 0.806 
133     2314    (0)    7 :  0.138 0.862 
134     2315    (0)    7 :  0.065 0.935 
135     2316    (0)    7 :  0.228 0.772 
136     2317    (0)    7 :  0.098 0.902 
137     2318    (0)    7 :  0.171 0.829 
138     2319    (0)    7 :  0.068 0.932 
139     2320    (0)    7 :  0.063 0.937 
140     2321    (0)    7 :  0.113 0.887 
141     2322    (0)    7 :  0.068 0.932 
142     2323    (0)    7 :  0.053 0.947 
143     2324    (0)    7 :  0.065 0.935 
144     2325    (0)    7 :  0.151 0.849 
145     2326    (0)    7 :  0.272 0.728 
146     2327    (0)    7 :  0.077 0.923 
147     2328    (0)    7 :  0.096 0.904 
148     2329    (0)    7 :  0.302 0.698 


Estimated Allele Frequencies in each cluster
First column gives estimated ancestral frequencies


Locus 1 : 1 
4 alleles
0.0% missing data
  91   (0.379) 0.360 0.381 
  89   (0.490) 0.577 0.492 
  93   (0.110) 0.060 0.108 
  99   (0.021) 0.003 0.019 

Locus 2 : 2 
6 alleles
0.0% missing data
 134   (0.299) 0.165 0.306 
 136   (0.373) 0.559 0.373 
 140   (0.076) 0.037 0.074 
 138   (0.192) 0.233 0.191 
 142   (0.034) 0.002 0.033 
 132   (0.025) 0.002 0.024 

Locus 3 : 3 
6 alleles
0.0% missing data
 179   (0.348) 0.325 0.349 
 187   (0.234) 0.462 0.229 
 185   (0.092) 0.007 0.096 
 191   (0.039) 0.010 0.037 
 181   (0.231) 0.192 0.231 
 175   (0.056) 0.004 0.057 

Locus 4 : 4 
10 alleles
0.0% missing data
 241   (0.188) 0.081 0.194 
 247   (0.059) 0.005 0.060 
 253   (0.432) 0.685 0.438 
 273   (0.016) 0.001 0.014 
 269   (0.192) 0.146 0.195 
 271   (0.053) 0.021 0.051 
 249   (0.026) 0.058 0.022 
 245   (0.011) 0.001 0.009 
 265   (0.011) 0.001 0.009 
 239   (0.011) 0.001 0.009 

Locus 5 : 5 
4 alleles
0.0% missing data
 103   (0.896) 0.964 0.902 
 105   (0.070) 0.005 0.072 
 102   (0.017) 0.001 0.014 
 104   (0.017) 0.029 0.012 

Locus 6 : 6 
5 alleles
0.0% missing data
 135   (0.280) 0.184 0.283 
 145   (0.393) 0.169 0.403 
 141   (0.260) 0.593 0.254 
 147   (0.046) 0.053 0.041 
 137   (0.021) 0.001 0.019 

Locus 7 : 7 
10 alleles
0.7% missing data
  97   (0.156) 0.191 0.157 
 103   (0.380) 0.316 0.392 
  89   (0.075) 0.056 0.073 
  93   (0.203) 0.369 0.203 
  83   (0.054) 0.006 0.056 
  99   (0.016) 0.001 0.014 
  85   (0.050) 0.008 0.050 
  91   (0.038) 0.045 0.034 
 105   (0.011) 0.001 0.009 
 101   (0.015) 0.007 0.012 

Locus 8 : 8 
8 alleles
0.0% missing data
 129   (0.561) 0.754 0.568 
 143   (0.279) 0.071 0.291 
 141   (0.062) 0.076 0.058 
 149   (0.039) 0.091 0.034 
 133   (0.021) 0.002 0.019 
 145   (0.016) 0.001 0.014 
 127   (0.011) 0.001 0.009 
 131   (0.011) 0.005 0.008 

Locus 9 : 9 
4 alleles
0.0% missing data
 189   (0.423) 0.276 0.428 
 191   (0.330) 0.614 0.325 
 195   (0.231) 0.103 0.234 
 193   (0.017) 0.007 0.013 

Locus 10 : 10 
6 alleles
0.0% missing data
 250   (0.034) 0.003 0.033 
 254   (0.057) 0.011 0.056 
 252   (0.126) 0.163 0.123 
 238   (0.604) 0.459 0.617 
 232   (0.158) 0.360 0.153 
 248   (0.020) 0.005 0.018 

Locus 11 : 11 
4 alleles
0.0% missing data
  87   (0.753) 0.672 0.764 
  89   (0.197) 0.259 0.194 
  91   (0.038) 0.067 0.033 
  85   (0.012) 0.001 0.009 

Locus 12 : 12 
12 alleles
0.0% missing data
 160   (0.239) 0.234 0.245 
 158   (0.188) 0.417 0.188 
 162   (0.227) 0.162 0.234 
 170   (0.053) 0.013 0.053 
 161   (0.119) 0.057 0.121 
 154   (0.020) 0.002 0.018 
 143   (0.024) 0.002 0.023 
 149   (0.024) 0.003 0.023 
 147   (0.072) 0.108 0.069 
 159   (0.011) 0.001 0.009 
 134   (0.011) 0.001 0.009 
 165   (0.011) 0.001 0.009 

Locus 13 : 13 
4 alleles
0.0% missing data
 113   (0.348) 0.350 0.349 
 115   (0.481) 0.491 0.484 
 108   (0.160) 0.158 0.157 
 110   (0.012) 0.001 0.009 

Locus 14 : 14 
7 alleles
0.0% missing data
 172   (0.442) 0.283 0.454 
 176   (0.127) 0.082 0.126 
 182   (0.090) 0.015 0.092 
 174   (0.207) 0.543 0.203 
 170   (0.025) 0.003 0.023 
 180   (0.027) 0.020 0.023 
 178   (0.082) 0.055 0.080 

Locus 15 : 15 
8 alleles
0.0% missing data
 225   (0.124) 0.075 0.124 
 229   (0.372) 0.597 0.375 
 227   (0.183) 0.151 0.184 
 231   (0.245) 0.108 0.253 
 213   (0.011) 0.001 0.009 
 233   (0.041) 0.067 0.037 
 203   (0.012) 0.001 0.009 
 223   (0.012) 0.001 0.009 

Locus 16 : 16 
4 alleles
0.7% missing data
 143   (0.914) 0.987 0.920 
 145   (0.057) 0.010 0.057 
 147   (0.017) 0.001 0.014 
 157   (0.012) 0.001 0.009 

Locus 17 : 17 
5 alleles
0.0% missing data
 158   (0.486) 0.668 0.488 
 156   (0.287) 0.182 0.292 
 154   (0.072) 0.047 0.069 
 160   (0.143) 0.101 0.142 
 152   (0.012) 0.002 0.009 

Locus 18 : 18 
5 alleles
0.0% missing data
  90   (0.705) 0.769 0.711 
 100   (0.096) 0.012 0.099 
 102   (0.130) 0.204 0.125 
 104   (0.012) 0.001 0.009 
  88   (0.057) 0.013 0.055 

Locus 19 : 19 
7 alleles
0.0% missing data
 127   (0.305) 0.177 0.310 
 140   (0.348) 0.119 0.360 
 142   (0.065) 0.474 0.058 
 148   (0.077) 0.096 0.073 
 146   (0.083) 0.112 0.079 
 138   (0.065) 0.016 0.064 
 150   (0.056) 0.006 0.056 

Locus 20 : 20 
6 alleles
0.0% missing data
 190   (0.142) 0.312 0.136 
 194   (0.575) 0.525 0.582 
 202   (0.030) 0.003 0.028 
 188   (0.129) 0.148 0.126 
 200   (0.113) 0.011 0.118 
 198   (0.012) 0.001 0.009 

Locus 21 : 21 
6 alleles
0.0% missing data
 252   (0.659) 0.788 0.665 
 246   (0.161) 0.018 0.170 
 248   (0.016) 0.002 0.014 
 244   (0.021) 0.058 0.016 
 250   (0.071) 0.108 0.066 
 254   (0.072) 0.027 0.069 

Locus 22 : 22 
7 alleles
0.0% missing data
 167   (0.271) 0.256 0.272 
 173   (0.265) 0.323 0.264 
 163   (0.034) 0.003 0.033 
 177   (0.147) 0.349 0.142 
 175   (0.176) 0.059 0.180 
 165   (0.096) 0.009 0.100 
 159   (0.012) 0.001 0.009 

Locus 23 : 23 
11 alleles
0.0% missing data
 152   (0.411) 0.545 0.419 
 158   (0.104) 0.012 0.110 
 146   (0.235) 0.278 0.238 
 150   (0.047) 0.025 0.044 
 156   (0.016) 0.001 0.014 
 162   (0.028) 0.002 0.028 
 166   (0.071) 0.053 0.069 
 164   (0.041) 0.010 0.039 
 148   (0.020) 0.002 0.018 
 142   (0.016) 0.002 0.013 
 154   (0.013) 0.070 0.008 

Locus 24 : 24 
6 alleles
0.7% missing data
 144   (0.187) 0.138 0.188 
 156   (0.140) 0.074 0.141 
 154   (0.558) 0.576 0.568 
 160   (0.080) 0.164 0.075 
 152   (0.015) 0.041 0.010 
 158   (0.021) 0.008 0.018 

Locus 25 : 25 
4 alleles
0.7% missing data
  81   (0.376) 0.238 0.381 
  83   (0.521) 0.455 0.527 
  77   (0.050) 0.277 0.044 
  85   (0.052) 0.031 0.048 

Locus 26 : 26 
6 alleles
0.7% missing data
 124   (0.596) 0.307 0.610 
 132   (0.205) 0.626 0.197 
 122   (0.134) 0.023 0.137 
 126   (0.042) 0.042 0.037 
 120   (0.012) 0.001 0.009 
 136   (0.012) 0.001 0.009 

Locus 27 : 27 
6 alleles
0.0% missing data
 165   (0.268) 0.170 0.273 
 183   (0.316) 0.459 0.316 
 179   (0.095) 0.070 0.092 
 175   (0.254) 0.296 0.254 
 181   (0.056) 0.005 0.057 
 185   (0.012) 0.001 0.009 

Locus 28 : 28 
4 alleles
0.0% missing data
 142   (0.563) 0.653 0.563 
 150   (0.146) 0.016 0.151 
 148   (0.233) 0.144 0.233 
 138   (0.059) 0.187 0.052 

Locus 29 : 29 
5 alleles
0.0% missing data
 260   (0.456) 0.279 0.465 
 262   (0.460) 0.677 0.460 
 258   (0.021) 0.001 0.019 
 256   (0.051) 0.041 0.047 
 264   (0.012) 0.001 0.009 

Locus 30 : 30 
5 alleles
0.0% missing data
 140   (0.178) 0.068 0.180 
 150   (0.463) 0.714 0.463 
 148   (0.077) 0.077 0.074 
 146   (0.252) 0.138 0.255 
 152   (0.030) 0.004 0.028 

Locus 31 : 31 
6 alleles
0.0% missing data
 125   (0.249) 0.289 0.248 
 129   (0.512) 0.584 0.516 
 123   (0.097) 0.114 0.093 
 127   (0.091) 0.008 0.095 
 121   (0.016) 0.001 0.014 
 131   (0.034) 0.003 0.033 

Locus 32 : 32 
5 alleles
0.0% missing data
 155   (0.508) 0.645 0.512 
 159   (0.170) 0.104 0.170 
 157   (0.241) 0.168 0.243 
 153   (0.052) 0.078 0.047 
 151   (0.030) 0.005 0.028 

Locus 33 : 33 
4 alleles
0.0% missing data
  92   (0.200) 0.287 0.197 
  94   (0.101) 0.078 0.099 
  95   (0.143) 0.122 0.141 
  91   (0.556) 0.513 0.563 

Locus 34 : 34 
4 alleles
0.0% missing data
 146   (0.336) 0.107 0.344 
 148   (0.084) 0.086 0.080 
 150   (0.518) 0.801 0.514 
 154   (0.061) 0.005 0.062 

Locus 35 : 35 
7 alleles
0.0% missing data
 180   (0.396) 0.521 0.399 
 192   (0.170) 0.024 0.179 
 184   (0.218) 0.220 0.218 
 196   (0.147) 0.177 0.145 
 198   (0.036) 0.021 0.032 
 190   (0.020) 0.002 0.018 
 194   (0.013) 0.036 0.008 

Locus 36 : 36 
6 alleles
0.0% missing data
 106   (0.303) 0.194 0.307 
 112   (0.279) 0.502 0.276 
  94   (0.025) 0.002 0.024 
 110   (0.236) 0.278 0.234 
 108   (0.122) 0.023 0.125 
  90   (0.034) 0.002 0.033 

Locus 37 : 37 
8 alleles
0.0% missing data
 168   (0.086) 0.006 0.090 
 178   (0.043) 0.010 0.041 
 170   (0.338) 0.159 0.348 
 174   (0.133) 0.042 0.135 
 172   (0.228) 0.480 0.225 
 176   (0.121) 0.113 0.119 
 166   (0.039) 0.189 0.033 
 186   (0.012) 0.001 0.009 

Locus 38 : 38 
6 alleles
0.0% missing data
  85   (0.190) 0.184 0.189 
  95   (0.094) 0.085 0.090 
  89   (0.517) 0.712 0.517 
  83   (0.122) 0.013 0.127 
  81   (0.065) 0.005 0.067 
  91   (0.012) 0.001 0.009 

Locus 39 : 39 
7 alleles
0.0% missing data
 161   (0.364) 0.470 0.368 
 165   (0.213) 0.179 0.215 
 167   (0.038) 0.013 0.035 
 169   (0.064) 0.143 0.059 
 173   (0.294) 0.187 0.301 
 175   (0.016) 0.001 0.014 
 159   (0.011) 0.007 0.008 

Locus 40 : 40 
5 alleles
0.0% missing data
  85   (0.252) 0.130 0.255 
  87   (0.105) 0.130 0.101 
  91   (0.183) 0.038 0.188 
  81   (0.094) 0.029 0.093 
  89   (0.366) 0.673 0.362 

Locus 41 : 41 
3 alleles
0.0% missing data
 167   (0.800) 0.928 0.803 
 161   (0.164) 0.062 0.165 
 165   (0.036) 0.011 0.032 

Locus 42 : 42 
6 alleles
0.0% missing data
 224   (0.042) 0.050 0.037 
 228   (0.366) 0.567 0.365 
 238   (0.375) 0.270 0.381 
 240   (0.121) 0.012 0.127 
 236   (0.085) 0.101 0.081 
 242   (0.012) 0.001 0.009 

Locus 43 : 43 
7 alleles
0.7% missing data
 130   (0.511) 0.485 0.519 
 118   (0.043) 0.005 0.043 
 128   (0.066) 0.135 0.061 
 132   (0.078) 0.259 0.072 
 114   (0.128) 0.084 0.127 
 134   (0.161) 0.018 0.170 
 122   (0.014) 0.015 0.009 

Locus 44 : 44 
5 alleles
0.0% missing data
 104   (0.393) 0.180 0.404 
  98   (0.137) 0.199 0.133 
 102   (0.262) 0.449 0.259 
  92   (0.153) 0.110 0.152 
  96   (0.056) 0.062 0.051 

Locus 45 : 45 
5 alleles
0.0% missing data
  95   (0.208) 0.340 0.204 
 101   (0.377) 0.401 0.378 
 103   (0.294) 0.245 0.295 
  99   (0.096) 0.012 0.099 
  97   (0.025) 0.002 0.024 

Locus 46 : 46 
7 alleles
0.0% missing data
 181   (0.550) 0.728 0.555 
 191   (0.324) 0.185 0.331 
 179   (0.034) 0.002 0.033 
 177   (0.044) 0.081 0.039 
 189   (0.016) 0.001 0.014 
 183   (0.016) 0.001 0.014 
 193   (0.016) 0.001 0.014 

Locus 47 : 47 
6 alleles
0.0% missing data
 211   (0.219) 0.176 0.222 
 215   (0.083) 0.081 0.080 
 205   (0.467) 0.501 0.475 
 207   (0.178) 0.172 0.178 
 201   (0.041) 0.069 0.036 
 202   (0.012) 0.001 0.009 

Locus 48 : 48 
9 alleles
0.0% missing data
 142   (0.304) 0.215 0.311 
 162   (0.088) 0.008 0.093 
 164   (0.050) 0.004 0.051 
 168   (0.154) 0.244 0.152 
 158   (0.186) 0.090 0.190 
 170   (0.030) 0.012 0.026 
 166   (0.118) 0.292 0.114 
 156   (0.029) 0.004 0.027 
 144   (0.041) 0.132 0.036 

Locus 49 : 49 
6 alleles
0.0% missing data
 149   (0.292) 0.120 0.300 
 151   (0.253) 0.242 0.254 
 145   (0.273) 0.243 0.275 
 153   (0.149) 0.394 0.143 
 147   (0.012) 0.001 0.009 
 143   (0.021) 0.001 0.019 

Values of parameters used in structure:
DATAFILE=temp1.str,	OUTFILE=k2/temp1_k2_run8,	NUMINDS=148,	NUMLOCI=49,	MISSING=-9,	LABEL=1,	POPDATA=1,	POPFLAG=0,	PHENOTYPE=0,	EXTRACOLS=0,	MAXPOPS=2,	BURNIN=500000,	NUMREPS=750000,	USEPOPINFO=0,	INFERALPHA=1,	INFERLAMBDA=0,	POPSPECIFICLAMBDA=0,	POPALPHAS=0,	COMPUTEPROB=1,	NOADMIX=0,	ADMBURNIN=500,	UPDATEFREQ=100,	PRINTLIKES=0,	INTERMEDSAVE=0,	PRINTKLD=0,	PRINTNET=1,	PRINTLAMBDA=1,	ANCESTDIST=0,	NUMBOXES=1000,	ANCESTPINT=0.90000,	GENSBACK=2,	MIGRPRIOR=0.01000,	PRINTQHAT=0,	PRINTQSUM=1,	ALPHA=1.0000,	FREQSCORR=1,	FPRIORMEAN=0.0100,	FPRIORSD=0.0500,	ONEFST=0,	LAMBDA=1.0000,	UNIFPRIORALPHA=1,	ALPHAMAX=10.0000,	ALPHAPRIORA=1.0000,	ALPHAPRIORB=2.0000,	ALPHAPROPSD=0.0250,	STARTATPOPINFO=0,	RANDOMIZE=0,	LINKAGE=0,	METROFREQ=10,	REPORTHITRATE=0,	MARKOVPHASE=0,	PHASED=1,	PLOIDY=2,	PHASEINFO=0	LOCPRIOR=0, 	LOCPRIORINIT=1.000000, 	LOCDATA=0, 	LOCISPOP=1, 	LOCPRIORSTEP=0.100000, 	MAXLOCPRIOR=20.000000, 	SEED=540203,	
[STRAT parameters]:    NUMSIMSTATS=1000,	PHENOTYPECOL=-9,	POOLFREQ=10,	LOCUSxONLY=0,	EMERROR=0.00100,	MISSINGPHENO=-9,	