

----------------------------------------------------
STRUCTURE by Pritchard, Stephens and Donnelly (2000)
     and Falush, Stephens and Pritchard (2003)
       Code by Pritchard, Falush and Hubisz
             Version 2.3.4 (Jul 2012)
----------------------------------------------------



Command line arguments:   structure -D 966205 -K 4 -m mainparams -o k4/temp1_k4_run8 
Input File:    temp1.str

Run parameters:
   148 individuals
   49 loci
   4 populations assumed
   500000 Burn-in period
   750000 Reps
RANDOMIZE turned off


--------------------------------------------
Proportion of membership of each pre-defined
 population in each of the 4 clusters

Given    Inferred Clusters              Number of
 Pop       1      2      3      4      Individuals

  1:     0.031  0.448  0.050  0.470       10
  2:     0.075  0.472  0.055  0.398       24
  3:     0.122  0.358  0.045  0.475       13
  4:     0.048  0.386  0.081  0.485       11
  5:     0.098  0.466  0.067  0.369       23
  6:     0.906  0.030  0.034  0.030       39
  7:     0.022  0.083  0.828  0.066       28
--------------------------------------------

Allele-freq. divergence among pops (Net nucleotide distance),
computed using point estimates of P.

      1       2       3       4      
 1      -    0.0306  0.0391  0.0323  
 2   0.0306     -    0.0134  0.0004  
 3   0.0391  0.0134     -    0.0144  
 4   0.0323  0.0004  0.0144     -    

Average distances (expected heterozygosity) between individuals in same cluster:
cluster  1  : 0.5542 
cluster  2  : 0.6455 
cluster  3  : 0.6062 
cluster  4  : 0.6367 

--------------------------------------------
Estimated Ln Prob of Data   = -18327.3
Mean value of ln likelihood = -17052.2
Variance of ln likelihood   = 2550.1
Mean value of alpha         = 0.0699

Mean value of Fst_1         = 0.1205
Mean value of Fst_2         = 0.0073
Mean value of Fst_3         = 0.0817
Mean value of Fst_4         = 0.0175


Inferred ancestry of individuals:
        Label (%Miss) Pop:  Inferred clusters
  1     2355    (0)    1 :  0.015 0.410 0.127 0.448 
  2     2356    (0)    1 :  0.005 0.447 0.033 0.515 
  3     2357    (0)    1 :  0.084 0.287 0.180 0.449 
  4     2358    (0)    1 :  0.012 0.604 0.008 0.375 
  5     2359    (0)    1 :  0.029 0.423 0.064 0.485 
  6     2360    (0)    1 :  0.015 0.347 0.012 0.627 
  7     2361    (2)    1 :  0.070 0.599 0.015 0.316 
  8     2362    (0)    1 :  0.031 0.447 0.018 0.505 
  9     2363    (0)    1 :  0.010 0.428 0.008 0.553 
 10     2364    (0)    1 :  0.044 0.490 0.040 0.427 
 11     2434    (0)    2 :  0.022 0.590 0.020 0.369 
 12     2435    (0)    2 :  0.008 0.639 0.018 0.335 
 13     2436    (0)    2 :  0.006 0.477 0.056 0.462 
 14     2437    (0)    2 :  0.007 0.635 0.040 0.318 
 15     2438    (0)    2 :  0.011 0.630 0.009 0.350 
 16     2439    (0)    2 :  0.013 0.333 0.020 0.633 
 17     2440    (0)    2 :  0.011 0.265 0.400 0.324 
 18     2441    (0)    2 :  0.033 0.595 0.047 0.325 
 19     2442    (0)    2 :  0.011 0.634 0.020 0.335 
 20     2443    (0)    2 :  0.020 0.547 0.094 0.338 
 21     2444    (0)    2 :  0.019 0.394 0.066 0.520 
 22     2446    (0)    2 :  0.022 0.357 0.025 0.597 
 23     2447    (0)    2 :  0.033 0.609 0.015 0.344 
 24     2448    (0)    2 :  0.765 0.104 0.021 0.110 
 25     2449    (0)    2 :  0.006 0.360 0.019 0.615 
 26     2450    (0)    2 :  0.005 0.413 0.016 0.565 
 27     2451    (0)    2 :  0.006 0.612 0.031 0.351 
 28     2452    (0)    2 :  0.135 0.308 0.072 0.485 
 29     2453    (0)    2 :  0.059 0.627 0.009 0.305 
 30     2454    (0)    2 :  0.522 0.188 0.080 0.210 
 31     2455    (0)    2 :  0.010 0.362 0.130 0.499 
 32     2456    (0)    2 :  0.052 0.572 0.074 0.302 
 33     2457    (0)    2 :  0.019 0.427 0.017 0.537 
 34     2458    (0)    2 :  0.019 0.656 0.010 0.315 
 35     2398    (0)    3 :  0.032 0.408 0.059 0.500 
 36     2399    (0)    3 :  0.020 0.382 0.008 0.590 
 37     2400    (0)    3 :  0.060 0.506 0.016 0.418 
 38     2401    (0)    3 :  0.084 0.336 0.044 0.536 
 39     2402    (0)    3 :  0.174 0.310 0.039 0.476 
 40     2403    (0)    3 :  0.006 0.310 0.074 0.609 
 41     2404    (0)    3 :  0.047 0.318 0.070 0.565 
 42     2405    (0)    3 :  0.009 0.536 0.022 0.434 
 43     2406    (0)    3 :  0.264 0.336 0.019 0.381 
 44     2407    (0)    3 :  0.570 0.147 0.144 0.140 
 45     2408    (0)    3 :  0.115 0.399 0.019 0.466 
 46     2409    (0)    3 :  0.153 0.361 0.058 0.427 
 47     2410    (0)    3 :  0.051 0.305 0.016 0.628 
 48     2459    (0)    4 :  0.033 0.396 0.109 0.463 
 49     2460    (0)    4 :  0.163 0.499 0.018 0.320 
 50     2461    (0)    4 :  0.008 0.314 0.093 0.586 
 51     2462    (4)    4 :  0.131 0.383 0.108 0.378 
 52     2463    (0)    4 :  0.028 0.368 0.056 0.548 
 53     2464    (2)    4 :  0.016 0.421 0.019 0.545 
 54     2465    (0)    4 :  0.046 0.373 0.047 0.533 
 55     2466    (2)    4 :  0.028 0.321 0.148 0.503 
 56     2467    (0)    4 :  0.031 0.493 0.184 0.292 
 57     2468    (0)    4 :  0.029 0.356 0.067 0.549 
 58     2469    (0)    4 :  0.014 0.326 0.041 0.619 
 59     2369    (0)    5 :  0.416 0.270 0.051 0.263 
 60     2370    (0)    5 :  0.032 0.457 0.009 0.502 
 61     2372    (0)    5 :  0.016 0.287 0.404 0.294 
 62     2373    (0)    5 :  0.045 0.626 0.017 0.312 
 63     2374    (0)    5 :  0.019 0.354 0.022 0.605 
 64     2375    (0)    5 :  0.012 0.477 0.040 0.471 
 65     2376    (0)    5 :  0.069 0.439 0.178 0.315 
 66     2377    (0)    5 :  0.254 0.371 0.015 0.360 
 67     2378    (0)    5 :  0.140 0.483 0.064 0.313 
 68     2379    (0)    5 :  0.016 0.629 0.048 0.306 
 69     2380    (0)    5 :  0.015 0.351 0.180 0.453 
 70     2381    (0)    5 :  0.150 0.500 0.027 0.324 
 71     2382    (0)    5 :  0.004 0.393 0.021 0.582 
 72     2383    (0)    5 :  0.242 0.320 0.043 0.395 
 73     2384    (0)    5 :  0.015 0.490 0.023 0.472 
 74     2385    (0)    5 :  0.019 0.593 0.033 0.355 
 75     2386    (0)    5 :  0.092 0.549 0.013 0.346 
 76     2387    (0)    5 :  0.060 0.560 0.040 0.340 
 77     2388    (0)    5 :  0.005 0.634 0.024 0.337 
 78     2389    (2)    5 :  0.007 0.592 0.058 0.343 
 79     2390    (0)    5 :  0.014 0.621 0.064 0.301 
 80     2391    (0)    5 :  0.280 0.414 0.074 0.232 
 81     2392    (0)    5 :  0.342 0.306 0.082 0.271 
 82     2229    (0)    6 :  0.984 0.005 0.005 0.005 
 83     2230    (0)    6 :  0.899 0.023 0.051 0.026 
 84     2235    (0)    6 :  0.890 0.053 0.020 0.037 
 85     2236    (0)    6 :  0.751 0.104 0.029 0.116 
 86     2237    (0)    6 :  0.903 0.025 0.036 0.036 
 87     2238    (0)    6 :  0.976 0.006 0.010 0.007 
 88     2239    (0)    6 :  0.980 0.007 0.006 0.007 
 89     2240    (0)    6 :  0.942 0.021 0.015 0.021 
 90     2241    (0)    6 :  0.821 0.083 0.038 0.058 
 91     2242    (0)    6 :  0.893 0.038 0.031 0.038 
 92     2243    (0)    6 :  0.847 0.025 0.101 0.028 
 93     2244    (0)    6 :  0.898 0.018 0.064 0.021 
 94     2245    (0)    6 :  0.936 0.007 0.049 0.008 
 95     2246    (0)    6 :  0.948 0.013 0.028 0.012 
 96     2247    (0)    6 :  0.959 0.014 0.012 0.015 
 97     2248    (0)    6 :  0.983 0.006 0.006 0.006 
 98     2249    (0)    6 :  0.858 0.069 0.024 0.049 
 99     2250    (0)    6 :  0.988 0.004 0.004 0.004 
100     2251    (0)    6 :  0.936 0.018 0.029 0.017 
101     2252    (0)    6 :  0.976 0.008 0.009 0.007 
102     2253    (0)    6 :  0.880 0.054 0.025 0.040 
103     2254    (0)    6 :  0.701 0.077 0.128 0.095 
104     2255    (0)    6 :  0.917 0.030 0.030 0.023 
105     2256    (0)    6 :  0.540 0.190 0.039 0.232 
106     2257    (0)    6 :  0.957 0.014 0.015 0.014 
107     2258    (0)    6 :  0.836 0.030 0.105 0.029 
108     2259    (0)    6 :  0.979 0.007 0.007 0.007 
109     2260    (0)    6 :  0.962 0.014 0.013 0.012 
110     2261    (0)    6 :  0.965 0.013 0.009 0.013 
111     2262    (0)    6 :  0.981 0.006 0.006 0.006 
112     2263    (0)    6 :  0.952 0.008 0.032 0.007 
113     2264    (0)    6 :  0.971 0.012 0.006 0.010 
114     2265    (0)    6 :  0.908 0.031 0.023 0.038 
115     2266    (0)    6 :  0.923 0.029 0.013 0.035 
116     2267    (0)    6 :  0.957 0.011 0.020 0.011 
117     2268    (0)    6 :  0.948 0.020 0.009 0.023 
118     2269    (0)    6 :  0.979 0.008 0.006 0.007 
119     2270    (0)    6 :  0.968 0.010 0.013 0.010 
120     2271    (0)    6 :  0.649 0.044 0.275 0.032 
121     2302    (0)    7 :  0.008 0.007 0.977 0.008 
122     2303    (0)    7 :  0.008 0.039 0.905 0.048 
123     2304    (0)    7 :  0.031 0.021 0.925 0.022 
124     2305    (0)    7 :  0.025 0.025 0.928 0.022 
125     2306    (0)    7 :  0.031 0.019 0.932 0.018 
126     2307    (0)    7 :  0.025 0.025 0.923 0.027 
127     2308    (0)    7 :  0.003 0.674 0.012 0.311 
128     2309    (0)    7 :  0.011 0.009 0.971 0.010 
129     2310    (0)    7 :  0.025 0.037 0.893 0.044 
130     2311    (0)    7 :  0.008 0.008 0.975 0.008 
131     2312    (0)    7 :  0.012 0.009 0.970 0.009 
132     2313    (0)    7 :  0.046 0.078 0.802 0.074 
133     2314    (0)    7 :  0.021 0.037 0.894 0.047 
134     2315    (0)    7 :  0.011 0.043 0.912 0.034 
135     2316    (0)    7 :  0.040 0.052 0.862 0.045 
136     2317    (0)    7 :  0.015 0.019 0.949 0.018 
137     2318    (0)    7 :  0.016 0.015 0.955 0.014 
138     2319    (0)    7 :  0.007 0.009 0.973 0.010 
139     2320    (0)    7 :  0.007 0.013 0.968 0.012 
140     2321    (0)    7 :  0.021 0.026 0.925 0.029 
141     2322    (0)    7 :  0.014 0.198 0.499 0.289 
142     2323    (0)    7 :  0.006 0.016 0.962 0.016 
143     2324    (0)    7 :  0.014 0.026 0.935 0.025 
144     2325    (0)    7 :  0.023 0.017 0.942 0.019 
145     2326    (0)    7 :  0.088 0.375 0.196 0.342 
146     2327    (0)    7 :  0.016 0.040 0.902 0.042 
147     2328    (0)    7 :  0.020 0.437 0.281 0.263 
148     2329    (0)    7 :  0.053 0.061 0.830 0.055 


Estimated Allele Frequencies in each cluster
First column gives estimated ancestral frequencies


Locus 1 : 1 
4 alleles
0.0% missing data
  91   (0.341) 0.358 0.332 0.523 0.320 
  89   (0.521) 0.577 0.527 0.429 0.536 
  93   (0.115) 0.062 0.120 0.043 0.128 
  99   (0.023) 0.003 0.020 0.005 0.015 

Locus 2 : 2 
6 alleles
0.0% missing data
 134   (0.278) 0.159 0.289 0.288 0.309 
 136   (0.360) 0.564 0.350 0.523 0.338 
 140   (0.078) 0.039 0.082 0.021 0.089 
 138   (0.229) 0.233 0.231 0.098 0.228 
 142   (0.026) 0.002 0.022 0.063 0.016 
 132   (0.029) 0.003 0.026 0.006 0.020 

Locus 3 : 3 
6 alleles
0.0% missing data
 179   (0.329) 0.305 0.341 0.367 0.366 
 187   (0.278) 0.481 0.266 0.227 0.245 
 185   (0.100) 0.009 0.102 0.034 0.101 
 191   (0.034) 0.011 0.039 0.007 0.048 
 181   (0.195) 0.189 0.190 0.340 0.182 
 175   (0.063) 0.005 0.062 0.024 0.058 

Locus 4 : 4 
10 alleles
0.0% missing data
 241   (0.188) 0.073 0.184 0.203 0.173 
 247   (0.064) 0.006 0.066 0.012 0.066 
 253   (0.409) 0.685 0.418 0.582 0.437 
 273   (0.017) 0.001 0.016 0.003 0.014 
 269   (0.200) 0.138 0.203 0.176 0.207 
 271   (0.055) 0.025 0.056 0.010 0.059 
 249   (0.031) 0.069 0.027 0.007 0.023 
 245   (0.012) 0.001 0.010 0.002 0.007 
 265   (0.012) 0.001 0.010 0.002 0.008 
 239   (0.012) 0.001 0.010 0.002 0.007 

Locus 5 : 5 
4 alleles
0.0% missing data
 103   (0.903) 0.959 0.911 0.896 0.924 
 105   (0.060) 0.005 0.057 0.098 0.052 
 102   (0.018) 0.002 0.015 0.003 0.012 
 104   (0.019) 0.034 0.016 0.003 0.012 

Locus 6 : 6 
5 alleles
0.0% missing data
 135   (0.313) 0.187 0.303 0.211 0.280 
 145   (0.354) 0.151 0.383 0.333 0.435 
 141   (0.257) 0.605 0.246 0.416 0.231 
 147   (0.053) 0.055 0.048 0.035 0.040 
 137   (0.023) 0.002 0.021 0.004 0.015 

Locus 7 : 7 
10 alleles
0.7% missing data
  97   (0.177) 0.197 0.180 0.094 0.181 
 103   (0.338) 0.293 0.348 0.489 0.366 
  89   (0.084) 0.061 0.082 0.044 0.077 
  93   (0.227) 0.379 0.219 0.232 0.202 
  83   (0.044) 0.005 0.053 0.021 0.071 
  99   (0.017) 0.001 0.016 0.003 0.014 
  85   (0.041) 0.006 0.040 0.074 0.039 
  91   (0.044) 0.048 0.038 0.036 0.029 
 105   (0.012) 0.001 0.011 0.002 0.010 
 101   (0.016) 0.009 0.014 0.004 0.012 

Locus 8 : 8 
8 alleles
0.0% missing data
 129   (0.586) 0.743 0.597 0.563 0.613 
 143   (0.237) 0.065 0.242 0.334 0.249 
 141   (0.065) 0.080 0.060 0.067 0.054 
 149   (0.050) 0.100 0.046 0.009 0.037 
 133   (0.022) 0.002 0.021 0.004 0.019 
 145   (0.017) 0.001 0.015 0.017 0.013 
 127   (0.012) 0.001 0.010 0.003 0.007 
 131   (0.012) 0.007 0.009 0.003 0.007 

Locus 9 : 9 
4 alleles
0.0% missing data
 189   (0.467) 0.268 0.475 0.240 0.479 
 191   (0.326) 0.628 0.316 0.462 0.305 
 195   (0.189) 0.094 0.194 0.295 0.204 
 193   (0.018) 0.010 0.015 0.004 0.011 

Locus 10 : 10 
6 alleles
0.0% missing data
 250   (0.037) 0.003 0.037 0.007 0.036 
 254   (0.053) 0.012 0.048 0.071 0.043 
 252   (0.108) 0.172 0.103 0.189 0.097 
 238   (0.584) 0.444 0.594 0.617 0.608 
 232   (0.197) 0.365 0.198 0.111 0.198 
 248   (0.022) 0.004 0.021 0.005 0.019 

Locus 11 : 11 
4 alleles
0.0% missing data
  87   (0.762) 0.650 0.768 0.752 0.771 
  89   (0.186) 0.271 0.182 0.239 0.181 
  91   (0.040) 0.078 0.040 0.007 0.041 
  85   (0.012) 0.001 0.010 0.002 0.008 

Locus 12 : 12 
12 alleles
0.0% missing data
 160   (0.257) 0.233 0.265 0.179 0.277 
 158   (0.215) 0.420 0.210 0.233 0.201 
 162   (0.225) 0.159 0.231 0.211 0.239 
 170   (0.053) 0.013 0.057 0.013 0.062 
 161   (0.102) 0.051 0.097 0.180 0.090 
 154   (0.022) 0.002 0.020 0.004 0.016 
 143   (0.025) 0.002 0.025 0.009 0.024 
 149   (0.024) 0.003 0.025 0.004 0.027 
 147   (0.042) 0.115 0.038 0.160 0.037 
 159   (0.012) 0.001 0.011 0.002 0.011 
 134   (0.012) 0.001 0.010 0.002 0.008 
 165   (0.012) 0.001 0.010 0.002 0.007 

Locus 13 : 13 
4 alleles
0.0% missing data
 113   (0.345) 0.341 0.344 0.382 0.342 
 115   (0.484) 0.492 0.492 0.444 0.506 
 108   (0.158) 0.166 0.153 0.171 0.145 
 110   (0.012) 0.001 0.010 0.002 0.007 

Locus 14 : 14 
7 alleles
0.0% missing data
 172   (0.434) 0.273 0.451 0.376 0.477 
 176   (0.130) 0.080 0.125 0.128 0.116 
 182   (0.080) 0.013 0.084 0.081 0.093 
 174   (0.247) 0.553 0.243 0.231 0.239 
 170   (0.028) 0.003 0.025 0.006 0.018 
 180   (0.030) 0.024 0.027 0.006 0.022 
 178   (0.051) 0.054 0.044 0.174 0.033 

Locus 15 : 15 
8 alleles
0.0% missing data
 225   (0.134) 0.077 0.135 0.067 0.137 
 229   (0.437) 0.584 0.438 0.326 0.434 
 227   (0.150) 0.153 0.169 0.166 0.205 
 231   (0.200) 0.108 0.188 0.384 0.169 
 213   (0.012) 0.001 0.010 0.002 0.007 
 233   (0.044) 0.074 0.039 0.049 0.031 
 203   (0.012) 0.001 0.011 0.004 0.010 
 223   (0.012) 0.001 0.010 0.002 0.007 

Locus 16 : 16 
4 alleles
0.7% missing data
 143   (0.918) 0.989 0.922 0.929 0.927 
 145   (0.053) 0.009 0.051 0.065 0.049 
 147   (0.017) 0.002 0.016 0.004 0.016 
 157   (0.012) 0.001 0.010 0.002 0.007 

Locus 17 : 17 
5 alleles
0.0% missing data
 158   (0.505) 0.669 0.511 0.482 0.522 
 156   (0.274) 0.184 0.274 0.289 0.274 
 154   (0.076) 0.049 0.069 0.072 0.058 
 160   (0.133) 0.096 0.134 0.155 0.136 
 152   (0.012) 0.002 0.011 0.002 0.010 

Locus 18 : 18 
5 alleles
0.0% missing data
  90   (0.680) 0.775 0.679 0.818 0.679 
 100   (0.100) 0.012 0.106 0.022 0.112 
 102   (0.148) 0.198 0.146 0.125 0.144 
 104   (0.012) 0.001 0.010 0.002 0.007 
  88   (0.061) 0.014 0.059 0.032 0.057 

Locus 19 : 19 
7 alleles
0.0% missing data
 127   (0.284) 0.162 0.276 0.393 0.258 
 140   (0.290) 0.112 0.302 0.412 0.323 
 142   (0.124) 0.500 0.116 0.026 0.099 
 148   (0.085) 0.097 0.087 0.041 0.093 
 146   (0.099) 0.108 0.098 0.053 0.097 
 138   (0.063) 0.015 0.062 0.056 0.065 
 150   (0.056) 0.006 0.059 0.018 0.065 

Locus 20 : 20 
6 alleles
0.0% missing data
 190   (0.110) 0.331 0.107 0.257 0.106 
 194   (0.572) 0.516 0.573 0.611 0.572 
 202   (0.033) 0.003 0.032 0.006 0.029 
 188   (0.159) 0.138 0.157 0.071 0.153 
 200   (0.114) 0.011 0.121 0.052 0.133 
 198   (0.012) 0.001 0.010 0.002 0.007 

Locus 21 : 21 
6 alleles
0.0% missing data
 252   (0.670) 0.774 0.684 0.663 0.708 
 246   (0.122) 0.013 0.123 0.249 0.123 
 248   (0.018) 0.002 0.015 0.003 0.012 
 244   (0.028) 0.062 0.025 0.005 0.022 
 250   (0.089) 0.120 0.082 0.019 0.068 
 254   (0.074) 0.029 0.071 0.060 0.066 

Locus 22 : 22 
7 alleles
0.0% missing data
 167   (0.264) 0.256 0.284 0.185 0.324 
 173   (0.284) 0.316 0.287 0.247 0.289 
 163   (0.039) 0.004 0.037 0.007 0.030 
 177   (0.207) 0.357 0.195 0.103 0.167 
 175   (0.133) 0.060 0.131 0.266 0.131 
 165   (0.060) 0.006 0.056 0.190 0.052 
 159   (0.012) 0.001 0.010 0.002 0.007 

Locus 23 : 23 
11 alleles
0.0% missing data
 152   (0.424) 0.541 0.431 0.433 0.438 
 158   (0.100) 0.011 0.108 0.071 0.117 
 146   (0.216) 0.270 0.218 0.313 0.224 
 150   (0.044) 0.025 0.040 0.060 0.034 
 156   (0.017) 0.002 0.016 0.003 0.014 
 162   (0.030) 0.002 0.030 0.005 0.030 
 166   (0.074) 0.049 0.073 0.067 0.069 
 164   (0.043) 0.007 0.040 0.039 0.034 
 148   (0.022) 0.002 0.020 0.004 0.015 
 142   (0.016) 0.002 0.015 0.003 0.016 
 154   (0.013) 0.088 0.011 0.002 0.007 

Locus 24 : 24 
6 alleles
0.7% missing data
 144   (0.171) 0.133 0.173 0.213 0.179 
 156   (0.153) 0.071 0.148 0.109 0.139 
 154   (0.540) 0.572 0.551 0.598 0.568 
 160   (0.098) 0.164 0.094 0.072 0.089 
 152   (0.016) 0.050 0.013 0.003 0.010 
 158   (0.023) 0.010 0.020 0.005 0.015 

Locus 25 : 25 
4 alleles
0.7% missing data
  81   (0.356) 0.236 0.367 0.342 0.386 
  83   (0.502) 0.457 0.497 0.581 0.488 
  77   (0.091) 0.275 0.090 0.019 0.086 
  85   (0.051) 0.032 0.046 0.059 0.039 

Locus 26 : 26 
6 alleles
0.7% missing data
 124   (0.531) 0.293 0.548 0.632 0.578 
 132   (0.272) 0.632 0.266 0.203 0.255 
 122   (0.125) 0.023 0.120 0.151 0.107 
 126   (0.047) 0.049 0.044 0.009 0.039 
 120   (0.012) 0.001 0.011 0.002 0.010 
 136   (0.012) 0.001 0.011 0.002 0.010 

Locus 27 : 27 
6 alleles
0.0% missing data
 165   (0.253) 0.162 0.258 0.280 0.263 
 183   (0.336) 0.469 0.327 0.350 0.310 
 179   (0.090) 0.080 0.098 0.021 0.113 
 175   (0.257) 0.282 0.250 0.311 0.240 
 181   (0.052) 0.005 0.056 0.036 0.063 
 185   (0.012) 0.001 0.011 0.002 0.011 

Locus 28 : 28 
4 alleles
0.0% missing data
 142   (0.526) 0.632 0.537 0.669 0.565 
 150   (0.142) 0.016 0.147 0.110 0.152 
 148   (0.259) 0.140 0.245 0.205 0.213 
 138   (0.072) 0.212 0.071 0.016 0.069 

Locus 29 : 29 
5 alleles
0.0% missing data
 260   (0.468) 0.261 0.474 0.387 0.476 
 262   (0.439) 0.695 0.440 0.567 0.447 
 258   (0.022) 0.002 0.021 0.004 0.021 
 256   (0.059) 0.041 0.054 0.040 0.047 
 264   (0.012) 0.001 0.010 0.002 0.009 

Locus 30 : 30 
5 alleles
0.0% missing data
 140   (0.147) 0.069 0.155 0.184 0.173 
 150   (0.478) 0.716 0.491 0.459 0.515 
 148   (0.081) 0.074 0.076 0.090 0.067 
 146   (0.259) 0.135 0.247 0.258 0.221 
 152   (0.034) 0.006 0.031 0.008 0.024 

Locus 31 : 31 
6 alleles
0.0% missing data
 125   (0.272) 0.285 0.261 0.260 0.241 
 129   (0.506) 0.579 0.523 0.497 0.553 
 123   (0.094) 0.123 0.095 0.083 0.102 
 127   (0.074) 0.007 0.068 0.149 0.058 
 121   (0.017) 0.001 0.015 0.003 0.011 
 131   (0.037) 0.004 0.037 0.007 0.035 

Locus 32 : 32 
5 alleles
0.0% missing data
 155   (0.579) 0.662 0.566 0.430 0.538 
 159   (0.138) 0.092 0.144 0.218 0.160 
 157   (0.200) 0.158 0.202 0.336 0.208 
 153   (0.050) 0.081 0.056 0.010 0.068 
 151   (0.034) 0.007 0.031 0.006 0.027 

Locus 33 : 33 
4 alleles
0.0% missing data
  92   (0.244) 0.294 0.240 0.127 0.230 
  94   (0.069) 0.072 0.063 0.201 0.056 
  95   (0.168) 0.128 0.169 0.032 0.166 
  91   (0.518) 0.505 0.529 0.640 0.548 

Locus 34 : 34 
4 alleles
0.0% missing data
 146   (0.323) 0.101 0.325 0.304 0.322 
 148   (0.077) 0.094 0.074 0.093 0.074 
 150   (0.548) 0.800 0.547 0.537 0.546 
 154   (0.052) 0.005 0.054 0.066 0.058 

Locus 35 : 35 
7 alleles
0.0% missing data
 180   (0.389) 0.527 0.393 0.450 0.401 
 192   (0.149) 0.016 0.163 0.154 0.183 
 184   (0.210) 0.210 0.202 0.293 0.188 
 196   (0.176) 0.176 0.174 0.079 0.170 
 198   (0.038) 0.024 0.037 0.007 0.037 
 190   (0.023) 0.002 0.020 0.015 0.014 
 194   (0.013) 0.044 0.010 0.002 0.007 

Locus 36 : 36 
6 alleles
0.0% missing data
 106   (0.286) 0.181 0.297 0.291 0.314 
 112   (0.296) 0.505 0.297 0.310 0.301 
  94   (0.028) 0.002 0.025 0.005 0.019 
 110   (0.222) 0.285 0.213 0.314 0.201 
 108   (0.129) 0.022 0.132 0.058 0.134 
  90   (0.038) 0.003 0.036 0.023 0.031 

Locus 37 : 37 
8 alleles
0.0% missing data
 168   (0.078) 0.007 0.090 0.018 0.111 
 178   (0.042) 0.011 0.044 0.012 0.049 
 170   (0.300) 0.155 0.290 0.460 0.269 
 174   (0.121) 0.031 0.129 0.121 0.141 
 172   (0.265) 0.475 0.269 0.210 0.278 
 176   (0.134) 0.105 0.123 0.138 0.102 
 166   (0.048) 0.215 0.044 0.039 0.039 
 186   (0.012) 0.001 0.011 0.002 0.010 

Locus 38 : 38 
6 alleles
0.0% missing data
  85   (0.206) 0.182 0.209 0.132 0.215 
  95   (0.083) 0.086 0.074 0.144 0.060 
  89   (0.512) 0.713 0.524 0.549 0.547 
  83   (0.133) 0.014 0.132 0.073 0.124 
  81   (0.054) 0.005 0.051 0.099 0.047 
  91   (0.012) 0.001 0.010 0.002 0.007 

Locus 39 : 39 
7 alleles
0.0% missing data
 161   (0.350) 0.477 0.352 0.445 0.353 
 165   (0.230) 0.180 0.222 0.196 0.206 
 167   (0.033) 0.013 0.037 0.007 0.046 
 169   (0.088) 0.132 0.090 0.020 0.090 
 173   (0.272) 0.187 0.274 0.327 0.279 
 175   (0.015) 0.001 0.016 0.003 0.018 
 159   (0.012) 0.010 0.009 0.002 0.007 

Locus 40 : 40 
5 alleles
0.0% missing data
  85   (0.227) 0.125 0.226 0.294 0.226 
  87   (0.119) 0.149 0.114 0.053 0.107 
  91   (0.160) 0.034 0.155 0.235 0.146 
  81   (0.082) 0.025 0.080 0.117 0.078 
  89   (0.412) 0.668 0.424 0.301 0.443 

Locus 41 : 41 
3 alleles
0.0% missing data
 167   (0.785) 0.921 0.785 0.921 0.788 
 161   (0.174) 0.065 0.178 0.071 0.183 
 165   (0.041) 0.013 0.037 0.008 0.029 

Locus 42 : 42 
6 alleles
0.0% missing data
 224   (0.033) 0.054 0.028 0.072 0.024 
 228   (0.396) 0.578 0.392 0.376 0.387 
 238   (0.374) 0.248 0.377 0.384 0.381 
 240   (0.112) 0.011 0.130 0.025 0.154 
 236   (0.073) 0.108 0.063 0.141 0.047 
 242   (0.012) 0.001 0.010 0.002 0.007 

Locus 43 : 43 
7 alleles
0.7% missing data
 130   (0.540) 0.477 0.540 0.451 0.530 
 118   (0.043) 0.005 0.044 0.024 0.047 
 128   (0.071) 0.141 0.069 0.066 0.070 
 132   (0.089) 0.261 0.081 0.136 0.069 
 114   (0.110) 0.081 0.109 0.165 0.109 
 134   (0.133) 0.016 0.145 0.157 0.167 
 122   (0.014) 0.019 0.011 0.003 0.008 

Locus 44 : 44 
5 alleles
0.0% missing data
 104   (0.398) 0.169 0.414 0.265 0.436 
  98   (0.150) 0.210 0.141 0.144 0.125 
 102   (0.238) 0.440 0.245 0.372 0.262 
  92   (0.152) 0.110 0.142 0.184 0.125 
  96   (0.061) 0.071 0.057 0.035 0.052 

Locus 45 : 45 
5 alleles
0.0% missing data
  95   (0.211) 0.356 0.210 0.225 0.211 
 101   (0.361) 0.399 0.371 0.388 0.388 
 103   (0.301) 0.231 0.299 0.294 0.293 
  99   (0.101) 0.012 0.095 0.089 0.081 
  97   (0.026) 0.002 0.026 0.005 0.027 

Locus 46 : 46 
7 alleles
0.0% missing data
 181   (0.562) 0.736 0.563 0.597 0.563 
 191   (0.294) 0.179 0.299 0.361 0.309 
 179   (0.032) 0.003 0.035 0.006 0.040 
 177   (0.060) 0.077 0.057 0.023 0.051 
 189   (0.018) 0.002 0.016 0.003 0.013 
 183   (0.017) 0.002 0.015 0.006 0.013 
 193   (0.017) 0.001 0.015 0.003 0.011 

Locus 47 : 47 
6 alleles
0.0% missing data
 211   (0.203) 0.175 0.205 0.246 0.211 
 215   (0.070) 0.075 0.064 0.144 0.055 
 205   (0.469) 0.503 0.479 0.449 0.495 
 207   (0.201) 0.176 0.198 0.120 0.187 
 201   (0.045) 0.070 0.043 0.038 0.042 
 202   (0.012) 0.001 0.011 0.002 0.011 

Locus 48 : 48 
9 alleles
0.0% missing data
 142   (0.292) 0.206 0.307 0.261 0.335 
 162   (0.055) 0.005 0.053 0.180 0.051 
 164   (0.051) 0.005 0.049 0.046 0.047 
 168   (0.168) 0.260 0.162 0.158 0.150 
 158   (0.174) 0.069 0.171 0.239 0.164 
 170   (0.033) 0.013 0.030 0.006 0.021 
 166   (0.150) 0.296 0.148 0.094 0.146 
 156   (0.030) 0.004 0.031 0.007 0.031 
 144   (0.047) 0.143 0.049 0.009 0.055 

Locus 49 : 49 
6 alleles
0.0% missing data
 149   (0.306) 0.122 0.324 0.121 0.348 
 151   (0.242) 0.228 0.231 0.362 0.213 
 145   (0.218) 0.244 0.214 0.433 0.212 
 153   (0.198) 0.403 0.200 0.078 0.203 
 147   (0.012) 0.001 0.010 0.002 0.008 
 143   (0.023) 0.002 0.021 0.004 0.016 

Values of parameters used in structure:
DATAFILE=temp1.str,	OUTFILE=k4/temp1_k4_run8,	NUMINDS=148,	NUMLOCI=49,	MISSING=-9,	LABEL=1,	POPDATA=1,	POPFLAG=0,	PHENOTYPE=0,	EXTRACOLS=0,	MAXPOPS=4,	BURNIN=500000,	NUMREPS=750000,	USEPOPINFO=0,	INFERALPHA=1,	INFERLAMBDA=0,	POPSPECIFICLAMBDA=0,	POPALPHAS=0,	COMPUTEPROB=1,	NOADMIX=0,	ADMBURNIN=500,	UPDATEFREQ=100,	PRINTLIKES=0,	INTERMEDSAVE=0,	PRINTKLD=0,	PRINTNET=1,	PRINTLAMBDA=1,	ANCESTDIST=0,	NUMBOXES=1000,	ANCESTPINT=0.90000,	GENSBACK=2,	MIGRPRIOR=0.01000,	PRINTQHAT=0,	PRINTQSUM=1,	ALPHA=1.0000,	FREQSCORR=1,	FPRIORMEAN=0.0100,	FPRIORSD=0.0500,	ONEFST=0,	LAMBDA=1.0000,	UNIFPRIORALPHA=1,	ALPHAMAX=10.0000,	ALPHAPRIORA=1.0000,	ALPHAPRIORB=2.0000,	ALPHAPROPSD=0.0250,	STARTATPOPINFO=0,	RANDOMIZE=0,	LINKAGE=0,	METROFREQ=10,	REPORTHITRATE=0,	MARKOVPHASE=0,	PHASED=1,	PLOIDY=2,	PHASEINFO=0	LOCPRIOR=0, 	LOCPRIORINIT=1.000000, 	LOCDATA=0, 	LOCISPOP=1, 	LOCPRIORSTEP=0.100000, 	MAXLOCPRIOR=20.000000, 	SEED=966205,	
[STRAT parameters]:    NUMSIMSTATS=1000,	PHENOTYPECOL=-9,	POOLFREQ=10,	LOCUSxONLY=0,	EMERROR=0.00100,	MISSINGPHENO=-9,	