

----------------------------------------------------
STRUCTURE by Pritchard, Stephens and Donnelly (2000)
     and Falush, Stephens and Pritchard (2003)
       Code by Pritchard, Falush and Hubisz
             Version 2.3.4 (Jul 2012)
----------------------------------------------------



Command line arguments:   structure -D 505280 -K 6 -m mainparams -o k6/admix2_k6_run10 
Input File:    admix2.str

Run parameters:
   200 individuals
   48 loci
   6 populations assumed
   500000 Burn-in period
   750000 Reps
RANDOMIZE turned off


--------------------------------------------
Proportion of membership of each pre-defined
 population in each of the 6 clusters

Given    Inferred Clusters                            Number of
 Pop       1      2      3      4      5      6      Individuals

  1:     0.098  0.012  0.033  0.042  0.416  0.399       21
  2:     0.085  0.020  0.018  0.050  0.387  0.441       34
  3:     0.708  0.006  0.099  0.035  0.078  0.075       32
  4:     0.753  0.003  0.137  0.035  0.037  0.035       25
  5:     0.224  0.014  0.146  0.028  0.294  0.295       30
  6:     0.004  0.972  0.007  0.005  0.006  0.006       35
  7:     0.014  0.003  0.024  0.922  0.018  0.018       19
  8:     0.011  0.008  0.012  0.032  0.560  0.376        4
--------------------------------------------

Allele-freq. divergence among pops (Net nucleotide distance),
computed using point estimates of P.

      1       2       3       4       5       6      
 1      -    0.1123  0.0317  0.0354  0.0155  0.0151  
 2   0.1123     -    0.1002  0.1165  0.0755  0.0738  
 3   0.0317  0.1002     -    0.0447  0.0244  0.0238  
 4   0.0354  0.1165  0.0447     -    0.0224  0.0220  
 5   0.0155  0.0755  0.0244  0.0224     -    0.0001  
 6   0.0151  0.0738  0.0238  0.0220  0.0001     -    

Average distances (expected heterozygosity) between individuals in same cluster:
cluster  1  : 0.5829 
cluster  2  : 0.6351 
cluster  3  : 0.5823 
cluster  4  : 0.5768 
cluster  5  : 0.6477 
cluster  6  : 0.6517 

--------------------------------------------
Estimated Ln Prob of Data   = -23215.4
Mean value of ln likelihood = -22560.0
Variance of ln likelihood   = 1310.7
Mean value of alpha         = 0.0377

Mean value of Fst_1         = 0.0728
Mean value of Fst_2         = 0.1713
Mean value of Fst_3         = 0.1301
Mean value of Fst_4         = 0.1048
Mean value of Fst_5         = 0.0144
Mean value of Fst_6         = 0.0098


Inferred ancestry of individuals:
        Label (%Miss) Pop:  Inferred clusters
  1      315    (0)    1 :  0.133 0.003 0.011 0.014 0.405 0.435 
  2      565    (0)    1 :  0.007 0.005 0.007 0.029 0.397 0.554 
  3      566    (2)    1 :  0.636 0.008 0.054 0.023 0.142 0.138 
  4      567    (2)    1 :  0.006 0.004 0.013 0.049 0.539 0.390 
  5      877    (0)    1 :  0.017 0.004 0.010 0.020 0.493 0.456 
  6      878    (0)    1 :  0.007 0.023 0.049 0.010 0.520 0.391 
  7      879    (0)    1 :  0.017 0.033 0.073 0.013 0.392 0.473 
  8      880    (0)    1 :  0.008 0.009 0.014 0.006 0.572 0.391 
  9      881    (0)    1 :  0.017 0.016 0.009 0.006 0.408 0.543 
 10      882    (0)    1 :  0.006 0.048 0.035 0.009 0.490 0.412 
 11      883    (0)    1 :  0.018 0.016 0.022 0.012 0.475 0.458 
 12      884    (0)    1 :  0.231 0.002 0.023 0.271 0.249 0.224 
 13      885    (0)    1 :  0.070 0.005 0.021 0.031 0.469 0.404 
 14      886    (0)    1 :  0.019 0.007 0.004 0.025 0.468 0.477 
 15      887    (0)    1 :  0.708 0.046 0.091 0.079 0.035 0.041 
 16      888    (0)    1 :  0.007 0.002 0.004 0.112 0.472 0.403 
 17      889    (0)    1 :  0.054 0.011 0.106 0.007 0.346 0.476 
 18      890    (0)    1 :  0.017 0.005 0.016 0.005 0.529 0.427 
 19      891    (0)    1 :  0.006 0.005 0.008 0.036 0.545 0.400 
 20      892    (0)    1 :  0.011 0.003 0.112 0.029 0.434 0.410 
 21      893    (0)    1 :  0.072 0.006 0.006 0.092 0.357 0.466 
 22      319    (2)    2 :  0.010 0.004 0.040 0.018 0.386 0.543 
 23      335    (0)    2 :  0.013 0.006 0.013 0.016 0.396 0.556 
 24      895    (0)    2 :  0.009 0.073 0.042 0.004 0.388 0.484 
 25      896    (0)    2 :  0.013 0.004 0.021 0.027 0.378 0.556 
 26      897    (0)    2 :  0.008 0.004 0.006 0.014 0.423 0.546 
 27      898    (0)    2 :  0.120 0.004 0.009 0.013 0.462 0.391 
 28      899    (0)    2 :  0.115 0.017 0.011 0.349 0.229 0.279 
 29      900    (0)    2 :  0.027 0.007 0.024 0.008 0.402 0.531 
 30      901    (0)    2 :  0.016 0.042 0.060 0.209 0.276 0.396 
 31      902    (0)    2 :  0.024 0.088 0.031 0.125 0.312 0.421 
 32      903    (0)    2 :  0.006 0.006 0.007 0.013 0.388 0.581 
 33      904    (0)    2 :  0.006 0.002 0.010 0.027 0.548 0.407 
 34      905    (0)    2 :  0.008 0.088 0.054 0.136 0.295 0.418 
 35      906    (0)    2 :  0.010 0.038 0.007 0.012 0.447 0.486 
 36      907    (0)    2 :  0.035 0.053 0.010 0.009 0.478 0.415 
 37      908    (0)    2 :  0.020 0.003 0.005 0.108 0.397 0.468 
 38      909    (0)    2 :  0.838 0.010 0.005 0.034 0.060 0.053 
 39      910    (0)    2 :  0.016 0.062 0.005 0.016 0.458 0.444 
 40      911    (0)    2 :  0.018 0.006 0.009 0.025 0.492 0.450 
 41      912    (0)    2 :  0.037 0.005 0.008 0.006 0.511 0.434 
 42      913    (0)    2 :  0.155 0.012 0.009 0.091 0.317 0.416 
 43     2411    (0)    2 :  0.008 0.006 0.006 0.027 0.454 0.499 
 44     2412    (0)    2 :  0.815 0.005 0.048 0.014 0.050 0.069 
 45     2413    (0)    2 :  0.008 0.031 0.008 0.020 0.438 0.496 
 46     2414    (0)    2 :  0.028 0.004 0.007 0.007 0.381 0.574 
 47     2415    (2)    2 :  0.062 0.004 0.027 0.020 0.440 0.447 
 48     2417    (4)    2 :  0.102 0.023 0.008 0.266 0.260 0.341 
 49     2418    (4)    2 :  0.007 0.015 0.010 0.006 0.553 0.409 
 50     2419    (2)    2 :  0.036 0.003 0.018 0.009 0.411 0.524 
 51     2420    (0)    2 :  0.015 0.007 0.007 0.004 0.432 0.535 
 52     2421    (0)    2 :  0.244 0.009 0.030 0.011 0.348 0.359 
 53     2422    (2)    2 :  0.011 0.013 0.024 0.009 0.496 0.446 
 54     2423    (0)    2 :  0.012 0.009 0.025 0.024 0.407 0.523 
 55     2576    (0)    2 :  0.022 0.012 0.011 0.011 0.436 0.509 
 56      321    (0)    3 :  0.735 0.003 0.095 0.035 0.068 0.064 
 57      338    (0)    3 :  0.979 0.002 0.005 0.004 0.004 0.004 
 58      339    (0)    3 :  0.919 0.022 0.019 0.008 0.015 0.018 
 59      363    (0)    3 :  0.033 0.007 0.893 0.004 0.032 0.029 
 60      915    (0)    3 :  0.976 0.002 0.005 0.006 0.006 0.006 
 61      917    (0)    3 :  0.655 0.002 0.262 0.004 0.036 0.041 
 62      923    (0)    3 :  0.589 0.007 0.019 0.031 0.180 0.173 
 63      925    (0)    3 :  0.979 0.002 0.005 0.005 0.004 0.005 
 64      931    (0)    3 :  0.511 0.003 0.031 0.008 0.261 0.186 
 65      935    (0)    3 :  0.952 0.003 0.009 0.012 0.012 0.012 
 66      936    (0)    3 :  0.957 0.007 0.011 0.003 0.011 0.011 
 67      937    (0)    3 :  0.946 0.003 0.015 0.004 0.015 0.016 
 68      948    (0)    3 :  0.686 0.015 0.046 0.026 0.110 0.117 
 69      956    (0)    3 :  0.953 0.003 0.008 0.016 0.010 0.010 
 70      957    (0)    3 :  0.884 0.005 0.071 0.004 0.017 0.019 
 71      967    (0)    3 :  0.942 0.002 0.017 0.006 0.017 0.016 
 72      968    (2)    3 :  0.644 0.006 0.021 0.008 0.191 0.129 
 73      969    (2)    3 :  0.837 0.007 0.026 0.008 0.061 0.061 
 74      970    (2)    3 :  0.124 0.007 0.252 0.014 0.360 0.243 
 75      971    (4)    3 :  0.769 0.002 0.196 0.016 0.008 0.008 
 76      972    (0)    3 :  0.961 0.004 0.005 0.004 0.012 0.013 
 77      973    (0)    3 :  0.051 0.024 0.007 0.005 0.441 0.471 
 78      978    (0)    3 :  0.954 0.004 0.008 0.016 0.008 0.010 
 79      979    (0)    3 :  0.139 0.022 0.071 0.636 0.063 0.068 
 80      988    (6)    3 :  0.010 0.003 0.965 0.009 0.006 0.007 
 81      989    (0)    3 :  0.739 0.004 0.045 0.105 0.056 0.052 
 82      990    (0)    3 :  0.388 0.005 0.017 0.016 0.246 0.328 
 83      991    (0)    3 :  0.964 0.003 0.019 0.004 0.005 0.006 
 84      992    (0)    3 :  0.961 0.004 0.009 0.005 0.011 0.010 
 85     1006    (2)    3 :  0.966 0.002 0.005 0.015 0.006 0.006 
 86     1017    (0)    3 :  0.530 0.005 0.009 0.036 0.187 0.234 
 87     2582    (4)    3 :  0.925 0.004 0.004 0.030 0.018 0.017 
 88      328    (0)    4 :  0.204 0.004 0.009 0.427 0.162 0.194 
 89      333    (0)    4 :  0.968 0.003 0.009 0.004 0.008 0.008 
 90      918    (0)    4 :  0.967 0.003 0.004 0.005 0.011 0.010 
 91      919    (0)    4 :  0.974 0.002 0.004 0.005 0.007 0.007 
 92      920    (0)    4 :  0.972 0.002 0.006 0.007 0.007 0.007 
 93      921    (0)    4 :  0.004 0.002 0.975 0.008 0.005 0.005 
 94      922    (0)    4 :  0.944 0.003 0.009 0.025 0.009 0.010 
 95      926    (0)    4 :  0.973 0.001 0.014 0.003 0.005 0.004 
 96      927    (0)    4 :  0.946 0.004 0.029 0.009 0.006 0.006 
 97      928    (0)    4 :  0.797 0.003 0.034 0.099 0.032 0.035 
 98      929    (0)    4 :  0.863 0.003 0.026 0.020 0.051 0.036 
 99      930    (0)    4 :  0.747 0.003 0.067 0.032 0.073 0.078 
100      932    (0)    4 :  0.017 0.003 0.958 0.008 0.006 0.006 
101      933    (0)    4 :  0.919 0.003 0.011 0.014 0.023 0.030 
102      949    (0)    4 :  0.003 0.002 0.986 0.003 0.003 0.003 
103      950    (0)    4 :  0.577 0.003 0.195 0.011 0.127 0.087 
104      964    (4)    4 :  0.913 0.009 0.030 0.006 0.020 0.022 
105      986    (0)    4 :  0.908 0.005 0.022 0.024 0.022 0.019 
106      987    (0)    4 :  0.802 0.007 0.006 0.093 0.044 0.048 
107     1001    (4)    4 :  0.973 0.002 0.005 0.009 0.005 0.005 
108     1002    (4)    4 :  0.968 0.007 0.003 0.009 0.007 0.007 
109     1003    (2)    4 :  0.472 0.003 0.015 0.018 0.271 0.222 
110     1004    (0)    4 :  0.975 0.003 0.004 0.005 0.006 0.006 
111     1005    (0)    4 :  0.964 0.001 0.005 0.014 0.008 0.008 
112     1010    (0)    4 :  0.981 0.002 0.004 0.006 0.004 0.004 
113      341    (0)    5 :  0.006 0.040 0.057 0.014 0.398 0.485 
114      343    (0)    5 :  0.038 0.019 0.008 0.006 0.400 0.530 
115      914    (0)    5 :  0.976 0.001 0.005 0.006 0.006 0.006 
116      916    (0)    5 :  0.015 0.024 0.005 0.118 0.389 0.450 
117      924    (0)    5 :  0.584 0.014 0.011 0.012 0.204 0.175 
118      938    (0)    5 :  0.033 0.003 0.927 0.017 0.010 0.010 
119      939    (0)    5 :  0.182 0.002 0.776 0.017 0.011 0.011 
120      940    (0)    5 :  0.726 0.014 0.069 0.007 0.088 0.096 
121      941    (2)    5 :  0.012 0.019 0.954 0.003 0.006 0.006 
122      942    (0)    5 :  0.030 0.011 0.010 0.008 0.497 0.444 
123      943    (0)    5 :  0.154 0.003 0.005 0.017 0.430 0.393 
124      944    (0)    5 :  0.848 0.002 0.006 0.080 0.031 0.033 
125      945    (0)    5 :  0.960 0.002 0.019 0.005 0.007 0.007 
126      946    (0)    5 :  0.074 0.011 0.009 0.009 0.431 0.467 
127      947    (0)    5 :  0.052 0.005 0.006 0.004 0.530 0.403 
128      951    (0)    5 :  0.024 0.024 0.014 0.012 0.428 0.498 
129      952    (0)    5 :  0.061 0.002 0.020 0.006 0.402 0.509 
130      953    (0)    5 :  0.022 0.010 0.921 0.010 0.018 0.020 
131      954    (0)    5 :  0.306 0.013 0.047 0.011 0.341 0.282 
132      955    (0)    5 :  0.062 0.010 0.014 0.008 0.511 0.396 
133      961    (4)    5 :  0.016 0.005 0.015 0.068 0.497 0.400 
134      974    (0)    5 :  0.081 0.003 0.064 0.006 0.477 0.369 
135      975    (4)    5 :  0.092 0.008 0.012 0.036 0.385 0.467 
136      980    (0)    5 :  0.201 0.006 0.031 0.043 0.343 0.376 
137      981    (0)    5 :  0.013 0.035 0.263 0.062 0.288 0.339 
138      982    (0)    5 :  0.709 0.003 0.005 0.145 0.062 0.077 
139      984    (0)    5 :  0.026 0.009 0.066 0.030 0.369 0.501 
140      985    (0)    5 :  0.014 0.006 0.020 0.010 0.474 0.475 
141     2578    (4)    5 :  0.389 0.097 0.015 0.013 0.236 0.251 
142     2580    (2)    5 :  0.010 0.005 0.010 0.062 0.546 0.368 
143     2470    (4)    6 :  0.003 0.986 0.003 0.002 0.003 0.003 
144     2471    (0)    6 :  0.003 0.960 0.022 0.006 0.005 0.005 
145     2472    (0)    6 :  0.006 0.978 0.004 0.003 0.004 0.004 
146     2484    (0)    6 :  0.005 0.964 0.006 0.003 0.010 0.012 
147     2486    (2)    6 :  0.002 0.985 0.005 0.002 0.003 0.003 
148     2487    (2)    6 :  0.006 0.967 0.011 0.004 0.006 0.006 
149     2489    (0)    6 :  0.004 0.966 0.006 0.007 0.009 0.008 
150     2596    (2)    6 :  0.009 0.959 0.003 0.004 0.012 0.013 
151     1366    (0)    6 :  0.002 0.985 0.002 0.003 0.004 0.004 
152     1367    (0)    6 :  0.002 0.984 0.002 0.004 0.004 0.004 
153     1368    (0)    6 :  0.006 0.927 0.007 0.011 0.025 0.023 
154     1369    (0)    6 :  0.006 0.972 0.004 0.004 0.007 0.007 
155     1370    (0)    6 :  0.003 0.981 0.003 0.003 0.005 0.005 
156     1371    (0)    6 :  0.002 0.986 0.002 0.003 0.003 0.003 
157     1372    (0)    6 :  0.003 0.976 0.005 0.004 0.006 0.006 
158     1373    (0)    6 :  0.004 0.974 0.004 0.005 0.007 0.007 
159     1374    (0)    6 :  0.002 0.986 0.003 0.002 0.003 0.004 
160     1375    (0)    6 :  0.002 0.989 0.002 0.002 0.003 0.003 
161     2476    (0)    6 :  0.003 0.958 0.003 0.011 0.011 0.013 
162     2478    (2)    6 :  0.004 0.977 0.004 0.003 0.006 0.006 
163     2479    (4)    6 :  0.002 0.984 0.004 0.004 0.003 0.003 
164     2481    (0)    6 :  0.006 0.958 0.018 0.004 0.007 0.007 
165     2483    (4)    6 :  0.003 0.986 0.003 0.003 0.003 0.003 
166     2485    (0)    6 :  0.007 0.978 0.003 0.002 0.005 0.005 
167     2488    (0)    6 :  0.004 0.989 0.002 0.001 0.002 0.002 
168     2490    (0)    6 :  0.002 0.984 0.004 0.003 0.004 0.004 
169     2492    (2)    6 :  0.002 0.986 0.002 0.004 0.003 0.003 
170     2493    (0)    6 :  0.014 0.921 0.034 0.014 0.008 0.008 
171     2494    (2)    6 :  0.005 0.969 0.005 0.007 0.006 0.007 
172     2495    (0)    6 :  0.013 0.868 0.045 0.033 0.020 0.022 
173     2496    (0)    6 :  0.002 0.988 0.003 0.002 0.003 0.003 
174     2497    (2)    6 :  0.003 0.986 0.002 0.003 0.003 0.003 
175     2592    (2)    6 :  0.002 0.987 0.003 0.003 0.002 0.003 
176     2593    (4)    6 :  0.003 0.984 0.005 0.002 0.003 0.003 
177     2595    (2)    6 :  0.003 0.983 0.006 0.003 0.003 0.003 
178     2498    (2)    7 :  0.014 0.008 0.146 0.802 0.015 0.015 
179     2513    (2)    7 :  0.028 0.001 0.008 0.944 0.010 0.009 
180     2514    (2)    7 :  0.013 0.004 0.069 0.799 0.054 0.061 
181     2597    (4)    7 :  0.031 0.002 0.042 0.851 0.036 0.037 
182     2499    (4)    7 :  0.009 0.002 0.007 0.933 0.026 0.022 
183     2500    (0)    7 :  0.004 0.009 0.013 0.952 0.011 0.011 
184     2506    (2)    7 :  0.005 0.005 0.007 0.964 0.009 0.010 
185     2509    (6)    7 :  0.011 0.003 0.020 0.942 0.011 0.012 
186     2511    (2)    7 :  0.005 0.002 0.004 0.977 0.006 0.006 
187     2512    (2)    7 :  0.009 0.002 0.004 0.968 0.008 0.008 
188     2515    (2)    7 :  0.003 0.001 0.002 0.989 0.002 0.002 
189     2516    (2)    7 :  0.009 0.001 0.007 0.960 0.012 0.011 
190     2517    (2)    7 :  0.038 0.003 0.006 0.937 0.008 0.008 
191     2518    (2)    7 :  0.030 0.003 0.007 0.935 0.013 0.012 
192     2519    (0)    7 :  0.033 0.002 0.014 0.841 0.054 0.055 
193     2520    (2)    7 :  0.004 0.003 0.002 0.983 0.004 0.004 
194     2521    (2)    7 :  0.014 0.003 0.078 0.818 0.045 0.041 
195     2603    (4)    7 :  0.005 0.003 0.013 0.952 0.014 0.014 
196     2606    (2)    7 :  0.006 0.002 0.005 0.976 0.006 0.006 
197     1079    (0)    8 :  0.010 0.005 0.006 0.017 0.582 0.380 
198     1081    (0)    8 :  0.012 0.003 0.007 0.049 0.562 0.367 
199     1082    (2)    8 :  0.005 0.022 0.023 0.016 0.541 0.393 
200     1083    (0)    8 :  0.018 0.003 0.010 0.045 0.557 0.367 


Estimated Allele Frequencies in each cluster
First column gives estimated ancestral frequencies


Locus 1 : 1 
4 alleles
0.0% missing data
  89   (0.547) 0.533 0.290 0.434 0.611 0.551 0.555 
  91   (0.368) 0.401 0.678 0.543 0.311 0.366 0.365 
  93   (0.061) 0.044 0.030 0.017 0.075 0.062 0.060 
  99   (0.023) 0.022 0.001 0.006 0.004 0.021 0.021 

Locus 2 : 2 
6 alleles
2.5% missing data
 138   (0.284) 0.511 0.231 0.296 0.157 0.274 0.276 
 134   (0.232) 0.251 0.189 0.385 0.100 0.216 0.223 
 140   (0.090) 0.035 0.111 0.109 0.030 0.092 0.090 
 136   (0.327) 0.094 0.455 0.180 0.699 0.345 0.342 
 132   (0.033) 0.005 0.002 0.008 0.009 0.042 0.039 
 142   (0.035) 0.104 0.012 0.022 0.006 0.030 0.030 

Locus 3 : 3 
6 alleles
0.0% missing data
 187   (0.328) 0.179 0.364 0.376 0.448 0.351 0.340 
 191   (0.041) 0.013 0.013 0.011 0.023 0.035 0.037 
 179   (0.237) 0.228 0.061 0.257 0.314 0.257 0.248 
 181   (0.224) 0.337 0.080 0.267 0.176 0.194 0.210 
 185   (0.090) 0.106 0.247 0.061 0.020 0.089 0.088 
 175   (0.079) 0.137 0.234 0.028 0.019 0.075 0.076 

Locus 4 : 4 
9 alleles
0.0% missing data
 247   (0.083) 0.036 0.017 0.094 0.017 0.104 0.096 
 253   (0.512) 0.575 0.188 0.406 0.777 0.543 0.527 
 239   (0.010) 0.001 0.001 0.002 0.002 0.007 0.009 
 241   (0.143) 0.154 0.520 0.103 0.052 0.129 0.137 
 271   (0.044) 0.011 0.115 0.142 0.021 0.032 0.036 
 269   (0.150) 0.216 0.021 0.240 0.123 0.140 0.146 
 245   (0.016) 0.002 0.068 0.004 0.003 0.011 0.013 
 249   (0.026) 0.003 0.069 0.006 0.004 0.021 0.022 
 273   (0.014) 0.002 0.001 0.004 0.002 0.013 0.014 

Locus 5 : 5 
6 alleles
0.5% missing data
 103   (0.799) 0.937 0.741 0.945 0.953 0.790 0.794 
 105   (0.073) 0.023 0.168 0.024 0.025 0.085 0.080 
 102   (0.023) 0.003 0.002 0.006 0.004 0.022 0.024 
 101   (0.011) 0.001 0.001 0.003 0.002 0.008 0.009 
 104   (0.077) 0.034 0.061 0.019 0.014 0.085 0.080 
 107   (0.017) 0.002 0.027 0.004 0.003 0.011 0.013 

Locus 6 : 6 
5 alleles
0.0% missing data
 145   (0.397) 0.566 0.026 0.199 0.182 0.453 0.436 
 147   (0.066) 0.010 0.125 0.044 0.029 0.055 0.059 
 135   (0.223) 0.187 0.652 0.166 0.199 0.214 0.216 
 141   (0.298) 0.235 0.129 0.586 0.588 0.267 0.276 
 137   (0.016) 0.002 0.068 0.004 0.003 0.012 0.013 

Locus 7 : 7 
10 alleles
1.0% missing data
  97   (0.209) 0.135 0.266 0.176 0.247 0.210 0.210 
  91   (0.068) 0.034 0.059 0.022 0.015 0.060 0.065 
  93   (0.219) 0.296 0.131 0.249 0.311 0.205 0.211 
 103   (0.240) 0.352 0.016 0.243 0.296 0.289 0.266 
  85   (0.043) 0.028 0.003 0.011 0.079 0.038 0.041 
  89   (0.110) 0.106 0.293 0.269 0.032 0.094 0.102 
  83   (0.070) 0.044 0.005 0.019 0.014 0.076 0.075 
 105   (0.019) 0.003 0.085 0.005 0.003 0.015 0.016 
  99   (0.010) 0.001 0.012 0.003 0.002 0.006 0.007 
 101   (0.011) 0.001 0.131 0.002 0.002 0.006 0.007 

Locus 8 : 8 
8 alleles
0.0% missing data
 129   (0.518) 0.690 0.321 0.571 0.646 0.527 0.524 
 145   (0.010) 0.001 0.001 0.002 0.002 0.007 0.009 
 143   (0.263) 0.210 0.300 0.287 0.156 0.275 0.271 
 149   (0.106) 0.058 0.289 0.115 0.109 0.093 0.097 
 141   (0.052) 0.027 0.003 0.013 0.071 0.054 0.054 
 133   (0.021) 0.004 0.001 0.005 0.012 0.021 0.022 
 127   (0.019) 0.002 0.084 0.005 0.003 0.016 0.017 
 131   (0.010) 0.008 0.001 0.003 0.002 0.006 0.007 

Locus 9 : 9 
3 alleles
0.0% missing data
 191   (0.363) 0.326 0.330 0.215 0.543 0.370 0.364 
 189   (0.502) 0.435 0.351 0.593 0.371 0.513 0.514 
 195   (0.135) 0.238 0.319 0.192 0.087 0.117 0.122 

Locus 10 : 10 
7 alleles
0.5% missing data
 232   (0.224) 0.176 0.126 0.068 0.239 0.246 0.239 
 238   (0.581) 0.746 0.740 0.883 0.625 0.567 0.570 
 250   (0.020) 0.002 0.030 0.004 0.003 0.018 0.018 
 254   (0.045) 0.005 0.084 0.010 0.046 0.041 0.043 
 252   (0.098) 0.067 0.018 0.026 0.082 0.099 0.099 
 248   (0.023) 0.003 0.002 0.006 0.004 0.021 0.022 
 236   (0.011) 0.001 0.001 0.002 0.002 0.008 0.009 

Locus 11 : 11 
4 alleles
0.0% missing data
  87   (0.733) 0.819 0.514 0.925 0.644 0.739 0.738 
  91   (0.059) 0.031 0.168 0.018 0.118 0.047 0.050 
  89   (0.196) 0.149 0.159 0.055 0.236 0.207 0.204 
  85   (0.012) 0.001 0.158 0.002 0.002 0.006 0.008 

Locus 12 : 12 
12 alleles
0.5% missing data
 149   (0.030) 0.045 0.002 0.129 0.006 0.024 0.025 
 162   (0.218) 0.231 0.015 0.337 0.268 0.271 0.247 
 160   (0.202) 0.287 0.421 0.263 0.089 0.190 0.195 
 161   (0.113) 0.119 0.254 0.035 0.038 0.107 0.111 
 154   (0.026) 0.003 0.002 0.009 0.006 0.027 0.028 
 158   (0.239) 0.204 0.095 0.164 0.409 0.232 0.240 
 170   (0.069) 0.032 0.031 0.032 0.031 0.069 0.068 
 147   (0.039) 0.045 0.003 0.014 0.141 0.033 0.034 
 164   (0.010) 0.001 0.001 0.003 0.002 0.007 0.009 
 143   (0.029) 0.005 0.176 0.008 0.006 0.024 0.026 
 159   (0.014) 0.021 0.001 0.004 0.002 0.009 0.011 
 150   (0.010) 0.009 0.001 0.003 0.002 0.006 0.007 

Locus 13 : 13 
4 alleles
0.0% missing data
 115   (0.438) 0.533 0.371 0.512 0.604 0.431 0.432 
 113   (0.366) 0.362 0.345 0.410 0.278 0.380 0.373 
 108   (0.186) 0.104 0.283 0.076 0.116 0.181 0.186 
 109   (0.011) 0.001 0.001 0.002 0.002 0.007 0.009 

Locus 14 : 14 
5 alleles
1.5% missing data
 225   (0.127) 0.082 0.064 0.127 0.074 0.117 0.122 
 229   (0.561) 0.504 0.491 0.754 0.596 0.561 0.562 
 231   (0.127) 0.019 0.349 0.036 0.153 0.138 0.136 
 227   (0.122) 0.349 0.009 0.067 0.123 0.118 0.118 
 233   (0.063) 0.046 0.087 0.015 0.054 0.065 0.061 

Locus 15 : 15 
5 alleles
1.0% missing data
 143   (0.817) 0.858 0.639 0.901 0.941 0.833 0.828 
 145   (0.098) 0.076 0.189 0.031 0.025 0.097 0.098 
 133   (0.018) 0.002 0.001 0.004 0.003 0.019 0.019 
 147   (0.056) 0.063 0.171 0.060 0.016 0.044 0.047 
 157   (0.011) 0.001 0.001 0.004 0.016 0.006 0.007 

Locus 16 : 16 
5 alleles
0.0% missing data
 156   (0.241) 0.228 0.163 0.110 0.204 0.266 0.256 
 158   (0.532) 0.646 0.336 0.436 0.538 0.515 0.527 
 154   (0.086) 0.011 0.373 0.028 0.096 0.099 0.093 
 160   (0.129) 0.099 0.127 0.422 0.159 0.113 0.116 
 152   (0.012) 0.016 0.001 0.004 0.002 0.007 0.008 

Locus 17 : 17 
5 alleles
0.0% missing data
  90   (0.627) 0.775 0.346 0.482 0.560 0.633 0.635 
  88   (0.085) 0.011 0.440 0.229 0.034 0.084 0.083 
 102   (0.235) 0.201 0.048 0.262 0.396 0.226 0.230 
 100   (0.042) 0.008 0.165 0.015 0.007 0.050 0.046 
 104   (0.011) 0.006 0.001 0.012 0.002 0.006 0.007 

Locus 18 : 18 
8 alleles
0.5% missing data
 127   (0.232) 0.328 0.151 0.083 0.077 0.242 0.243 
 140   (0.274) 0.230 0.316 0.308 0.162 0.287 0.282 
 142   (0.141) 0.080 0.027 0.128 0.401 0.152 0.147 
 148   (0.109) 0.055 0.072 0.258 0.114 0.096 0.101 
 150   (0.070) 0.161 0.209 0.023 0.015 0.064 0.066 
 138   (0.055) 0.042 0.004 0.017 0.047 0.049 0.052 
 146   (0.085) 0.100 0.006 0.174 0.104 0.074 0.077 
 128   (0.034) 0.004 0.215 0.009 0.079 0.036 0.033 

Locus 19 : 19 
7 alleles
0.5% missing data
 188   (0.170) 0.168 0.012 0.076 0.075 0.207 0.195 
 190   (0.132) 0.170 0.048 0.232 0.298 0.116 0.121 
 194   (0.559) 0.561 0.562 0.407 0.596 0.567 0.566 
 200   (0.096) 0.096 0.294 0.274 0.024 0.080 0.085 
 202   (0.020) 0.002 0.043 0.005 0.004 0.016 0.017 
 196   (0.011) 0.001 0.001 0.002 0.002 0.009 0.009 
 198   (0.011) 0.001 0.041 0.003 0.002 0.006 0.007 

Locus 20 : 20 
6 alleles
1.0% missing data
 252   (0.691) 0.769 0.090 0.726 0.746 0.735 0.722 
 246   (0.104) 0.064 0.219 0.105 0.037 0.098 0.100 
 248   (0.021) 0.005 0.001 0.005 0.004 0.026 0.023 
 254   (0.082) 0.082 0.225 0.103 0.050 0.068 0.072 
 250   (0.081) 0.072 0.422 0.056 0.159 0.059 0.066 
 244   (0.021) 0.009 0.043 0.005 0.004 0.013 0.016 

Locus 21 : 21 
7 alleles
0.0% missing data
 173   (0.270) 0.563 0.200 0.264 0.403 0.245 0.252 
 175   (0.139) 0.080 0.495 0.039 0.047 0.133 0.138 
 163   (0.057) 0.017 0.112 0.016 0.012 0.052 0.054 
 167   (0.175) 0.124 0.076 0.059 0.249 0.190 0.183 
 177   (0.283) 0.207 0.043 0.486 0.274 0.293 0.292 
 159   (0.031) 0.003 0.002 0.010 0.005 0.042 0.037 
 165   (0.046) 0.006 0.072 0.126 0.009 0.045 0.044 

Locus 22 : 22 
11 alleles
2.0% missing data
 146   (0.190) 0.320 0.013 0.198 0.149 0.200 0.195 
 152   (0.428) 0.567 0.103 0.575 0.577 0.414 0.423 
 158   (0.091) 0.023 0.425 0.030 0.021 0.105 0.100 
 166   (0.098) 0.028 0.007 0.139 0.147 0.103 0.102 
 162   (0.060) 0.011 0.137 0.023 0.011 0.070 0.066 
 164   (0.031) 0.004 0.067 0.007 0.022 0.026 0.028 
 148   (0.011) 0.001 0.001 0.002 0.002 0.007 0.009 
 142   (0.027) 0.017 0.032 0.007 0.005 0.019 0.021 
 150   (0.034) 0.008 0.108 0.012 0.006 0.041 0.036 
 156   (0.018) 0.019 0.106 0.004 0.003 0.010 0.012 
 154   (0.011) 0.001 0.001 0.002 0.057 0.006 0.008 

Locus 23 : 23 
7 alleles
1.0% missing data
 154   (0.550) 0.593 0.199 0.519 0.525 0.575 0.565 
 144   (0.152) 0.270 0.240 0.049 0.283 0.135 0.140 
 156   (0.146) 0.033 0.405 0.076 0.127 0.161 0.156 
 160   (0.096) 0.096 0.016 0.242 0.055 0.085 0.091 
 158   (0.031) 0.003 0.138 0.108 0.005 0.026 0.027 
 146   (0.015) 0.002 0.001 0.003 0.003 0.011 0.013 
 152   (0.011) 0.004 0.001 0.003 0.002 0.007 0.008 

Locus 24 : 24 
4 alleles
0.5% missing data
  83   (0.437) 0.385 0.591 0.498 0.408 0.450 0.444 
  77   (0.076) 0.088 0.005 0.047 0.231 0.060 0.068 
  81   (0.399) 0.419 0.372 0.429 0.255 0.410 0.405 
  85   (0.088) 0.108 0.032 0.026 0.107 0.080 0.083 

Locus 25 : 25 
6 alleles
0.0% missing data
 124   (0.524) 0.528 0.496 0.654 0.470 0.534 0.531 
 132   (0.300) 0.365 0.020 0.223 0.439 0.317 0.311 
 122   (0.099) 0.097 0.441 0.104 0.049 0.085 0.089 
 120   (0.029) 0.003 0.028 0.007 0.005 0.027 0.027 
 136   (0.020) 0.003 0.001 0.006 0.006 0.017 0.018 
 126   (0.029) 0.003 0.014 0.007 0.031 0.020 0.024 

Locus 26 : 26 
7 alleles
0.0% missing data
 183   (0.342) 0.321 0.211 0.330 0.462 0.354 0.349 
 175   (0.262) 0.293 0.018 0.413 0.270 0.285 0.275 
 179   (0.103) 0.096 0.289 0.033 0.078 0.087 0.093 
 165   (0.225) 0.282 0.102 0.209 0.174 0.217 0.221 
 181   (0.047) 0.006 0.272 0.011 0.012 0.044 0.047 
 157   (0.011) 0.001 0.001 0.002 0.002 0.007 0.009 
 185   (0.011) 0.001 0.106 0.002 0.002 0.006 0.007 

Locus 27 : 27 
4 alleles
0.0% missing data
 142   (0.631) 0.758 0.534 0.615 0.665 0.643 0.637 
 148   (0.196) 0.087 0.269 0.064 0.148 0.214 0.209 
 150   (0.134) 0.128 0.168 0.311 0.073 0.117 0.123 
 138   (0.039) 0.027 0.029 0.010 0.115 0.026 0.030 

Locus 28 : 28 
6 alleles
1.0% missing data
 256   (0.092) 0.049 0.085 0.090 0.049 0.086 0.087 
 262   (0.469) 0.383 0.677 0.445 0.573 0.476 0.477 
 260   (0.384) 0.531 0.235 0.446 0.368 0.389 0.386 
 258   (0.017) 0.002 0.001 0.005 0.004 0.021 0.019 
 264   (0.027) 0.027 0.002 0.012 0.005 0.022 0.024 
 266   (0.011) 0.009 0.001 0.003 0.002 0.006 0.007 

Locus 29 : 29 
7 alleles
1.0% missing data
 150   (0.431) 0.551 0.238 0.362 0.549 0.445 0.442 
 146   (0.258) 0.227 0.314 0.229 0.195 0.270 0.266 
 140   (0.193) 0.155 0.405 0.225 0.139 0.180 0.188 
 148   (0.068) 0.035 0.041 0.130 0.053 0.068 0.065 
 152   (0.028) 0.030 0.002 0.048 0.005 0.025 0.025 
 151   (0.011) 0.001 0.001 0.002 0.040 0.006 0.007 
 142   (0.010) 0.001 0.001 0.003 0.019 0.006 0.007 

Locus 30 : 30 
6 alleles
0.0% missing data
 129   (0.384) 0.594 0.078 0.584 0.443 0.386 0.381 
 125   (0.290) 0.103 0.140 0.093 0.469 0.315 0.311 
 131   (0.068) 0.025 0.130 0.050 0.017 0.070 0.068 
 123   (0.161) 0.234 0.115 0.125 0.051 0.146 0.153 
 127   (0.087) 0.044 0.535 0.146 0.019 0.074 0.079 
 121   (0.011) 0.001 0.001 0.003 0.002 0.008 0.009 

Locus 31 : 31 
6 alleles
0.5% missing data
 155   (0.532) 0.465 0.409 0.329 0.605 0.581 0.563 
 159   (0.160) 0.280 0.200 0.235 0.177 0.132 0.142 
 157   (0.182) 0.191 0.061 0.361 0.166 0.170 0.175 
 153   (0.083) 0.059 0.316 0.062 0.031 0.083 0.081 
 151   (0.032) 0.004 0.013 0.010 0.006 0.028 0.031 
 163   (0.010) 0.001 0.001 0.003 0.015 0.006 0.007 

Locus 32 : 32 
5 alleles
1.0% missing data
  91   (0.405) 0.528 0.238 0.391 0.562 0.393 0.398 
  92   (0.347) 0.387 0.494 0.245 0.262 0.327 0.338 
  95   (0.161) 0.072 0.225 0.337 0.095 0.189 0.175 
  94   (0.077) 0.012 0.032 0.025 0.079 0.086 0.083 
  90   (0.011) 0.001 0.012 0.003 0.002 0.006 0.007 

Locus 33 : 33 
5 alleles
0.0% missing data
 146   (0.320) 0.378 0.648 0.175 0.129 0.323 0.323 
 150   (0.548) 0.561 0.244 0.593 0.713 0.567 0.559 
 148   (0.061) 0.015 0.038 0.179 0.130 0.046 0.051 
 154   (0.054) 0.014 0.069 0.014 0.025 0.053 0.054 
 152   (0.018) 0.032 0.001 0.039 0.003 0.011 0.012 

Locus 34 : 34 
7 alleles
0.0% missing data
 180   (0.430) 0.353 0.373 0.343 0.409 0.457 0.449 
 184   (0.202) 0.314 0.171 0.179 0.205 0.189 0.194 
 198   (0.074) 0.016 0.248 0.021 0.092 0.082 0.077 
 192   (0.156) 0.126 0.174 0.415 0.028 0.155 0.155 
 196   (0.112) 0.141 0.032 0.035 0.226 0.102 0.107 
 190   (0.015) 0.048 0.001 0.004 0.003 0.009 0.010 
 194   (0.011) 0.001 0.001 0.003 0.037 0.006 0.007 

Locus 35 : 35 
5 alleles
0.0% missing data
 108   (0.142) 0.101 0.591 0.042 0.029 0.140 0.143 
 112   (0.359) 0.402 0.059 0.455 0.521 0.358 0.358 
 106   (0.300) 0.403 0.231 0.277 0.236 0.302 0.301 
 110   (0.174) 0.091 0.117 0.120 0.209 0.179 0.175 
  90   (0.025) 0.003 0.002 0.105 0.004 0.021 0.023 

Locus 36 : 36 
9 alleles
0.0% missing data
 166   (0.053) 0.106 0.003 0.048 0.202 0.041 0.044 
 170   (0.264) 0.236 0.340 0.108 0.280 0.287 0.280 
 174   (0.149) 0.179 0.048 0.196 0.033 0.143 0.149 
 178   (0.041) 0.040 0.003 0.023 0.020 0.039 0.039 
 172   (0.313) 0.365 0.163 0.469 0.362 0.325 0.316 
 168   (0.053) 0.017 0.327 0.047 0.010 0.051 0.051 
 176   (0.099) 0.013 0.102 0.103 0.088 0.094 0.100 
 158   (0.010) 0.001 0.001 0.002 0.003 0.008 0.009 
 186   (0.018) 0.043 0.012 0.004 0.003 0.010 0.012 

Locus 37 : 37 
6 alleles
0.0% missing data
  85   (0.154) 0.126 0.019 0.155 0.197 0.157 0.155 
  91   (0.020) 0.003 0.030 0.005 0.004 0.015 0.016 
  89   (0.548) 0.651 0.608 0.765 0.630 0.546 0.543 
  83   (0.144) 0.097 0.308 0.041 0.050 0.153 0.153 
  81   (0.072) 0.040 0.005 0.019 0.044 0.080 0.079 
  95   (0.061) 0.083 0.030 0.015 0.075 0.049 0.054 

Locus 38 : 38 
10 alleles
0.0% missing data
 165   (0.234) 0.240 0.123 0.065 0.266 0.240 0.240 
 173   (0.245) 0.290 0.172 0.455 0.094 0.239 0.242 
 161   (0.344) 0.263 0.694 0.421 0.565 0.329 0.337 
 167   (0.017) 0.002 0.001 0.004 0.003 0.020 0.018 
 169   (0.083) 0.152 0.006 0.034 0.057 0.105 0.093 
 168   (0.014) 0.002 0.001 0.003 0.003 0.013 0.014 
 155   (0.026) 0.004 0.002 0.009 0.004 0.027 0.027 
 175   (0.012) 0.043 0.001 0.003 0.002 0.007 0.008 
 159   (0.014) 0.004 0.001 0.003 0.003 0.014 0.013 
 177   (0.010) 0.001 0.001 0.003 0.002 0.007 0.008 

Locus 39 : 39 
5 alleles
1.5% missing data
  81   (0.108) 0.088 0.008 0.125 0.047 0.105 0.107 
  89   (0.437) 0.572 0.242 0.475 0.720 0.435 0.434 
  85   (0.193) 0.221 0.219 0.200 0.077 0.186 0.190 
  91   (0.157) 0.070 0.108 0.092 0.081 0.183 0.172 
  87   (0.104) 0.049 0.423 0.107 0.074 0.091 0.097 

Locus 40 : 40 
4 alleles
1.0% missing data
 161   (0.218) 0.161 0.448 0.147 0.144 0.212 0.216 
 167   (0.728) 0.777 0.425 0.839 0.831 0.745 0.739 
 165   (0.043) 0.060 0.126 0.012 0.022 0.035 0.036 
 177   (0.011) 0.001 0.001 0.002 0.003 0.008 0.009 

Locus 41 : 41 
6 alleles
1.0% missing data
 238   (0.336) 0.313 0.076 0.175 0.386 0.366 0.357 
 228   (0.410) 0.515 0.126 0.568 0.516 0.400 0.404 
 236   (0.096) 0.043 0.271 0.106 0.054 0.084 0.088 
 240   (0.119) 0.125 0.511 0.065 0.021 0.124 0.120 
 224   (0.028) 0.003 0.015 0.084 0.021 0.018 0.021 
 232   (0.011) 0.001 0.001 0.002 0.002 0.008 0.009 

Locus 42 : 42 
7 alleles
0.0% missing data
 130   (0.540) 0.409 0.729 0.569 0.575 0.567 0.557 
 134   (0.126) 0.077 0.181 0.104 0.059 0.121 0.125 
 114   (0.044) 0.005 0.003 0.082 0.086 0.037 0.041 
 128   (0.117) 0.212 0.008 0.164 0.129 0.109 0.111 
 118   (0.073) 0.092 0.073 0.055 0.014 0.065 0.068 
 132   (0.089) 0.203 0.006 0.024 0.135 0.093 0.090 
 136   (0.010) 0.001 0.001 0.002 0.002 0.007 0.008 

Locus 43 : 43 
5 alleles
0.5% missing data
  98   (0.110) 0.058 0.259 0.140 0.196 0.093 0.098 
 104   (0.444) 0.502 0.238 0.561 0.200 0.465 0.458 
  92   (0.138) 0.065 0.305 0.045 0.133 0.139 0.140 
 102   (0.239) 0.352 0.016 0.231 0.335 0.247 0.244 
  96   (0.068) 0.024 0.182 0.023 0.136 0.057 0.061 

Locus 44 : 44 
5 alleles
0.0% missing data
  99   (0.147) 0.084 0.182 0.229 0.094 0.158 0.150 
 103   (0.286) 0.461 0.109 0.203 0.146 0.281 0.284 
 101   (0.325) 0.244 0.347 0.459 0.394 0.314 0.323 
  95   (0.226) 0.209 0.350 0.105 0.362 0.237 0.231 
  97   (0.015) 0.002 0.012 0.004 0.004 0.010 0.012 

Locus 45 : 45 
6 alleles
0.5% missing data
 181   (0.545) 0.710 0.151 0.526 0.687 0.542 0.546 
 183   (0.015) 0.002 0.001 0.003 0.003 0.014 0.014 
 177   (0.066) 0.062 0.085 0.016 0.078 0.052 0.057 
 191   (0.302) 0.176 0.640 0.435 0.219 0.326 0.315 
 179   (0.054) 0.006 0.110 0.014 0.011 0.056 0.056 
 193   (0.018) 0.043 0.013 0.004 0.003 0.010 0.012 

Locus 46 : 46 
6 alleles
1.5% missing data
 205   (0.459) 0.552 0.318 0.440 0.397 0.504 0.483 
 215   (0.087) 0.065 0.183 0.055 0.057 0.077 0.080 
 211   (0.224) 0.110 0.368 0.388 0.244 0.223 0.226 
 207   (0.139) 0.216 0.075 0.051 0.224 0.119 0.130 
 201   (0.072) 0.053 0.045 0.061 0.074 0.058 0.064 
 202   (0.019) 0.003 0.011 0.005 0.004 0.018 0.018 

Locus 47 : 47 
9 alleles
1.5% missing data
 142   (0.347) 0.540 0.151 0.619 0.159 0.388 0.366 
 162   (0.043) 0.032 0.164 0.011 0.007 0.037 0.038 
 144   (0.069) 0.040 0.011 0.024 0.292 0.059 0.063 
 158   (0.163) 0.071 0.119 0.201 0.065 0.178 0.174 
 168   (0.151) 0.049 0.229 0.081 0.215 0.136 0.146 
 164   (0.060) 0.027 0.183 0.018 0.011 0.059 0.061 
 156   (0.030) 0.009 0.086 0.009 0.006 0.023 0.026 
 166   (0.120) 0.230 0.017 0.033 0.241 0.107 0.112 
 170   (0.016) 0.002 0.041 0.004 0.003 0.013 0.014 

Locus 48 : 48 
6 alleles
14.0% missing data
 145   (0.177) 0.119 0.047 0.062 0.236 0.181 0.181 
 153   (0.219) 0.350 0.047 0.230 0.382 0.236 0.224 
 143   (0.027) 0.003 0.055 0.007 0.009 0.020 0.023 
 151   (0.191) 0.148 0.094 0.369 0.214 0.178 0.183 
 149   (0.365) 0.378 0.756 0.325 0.153 0.366 0.368 
 147   (0.021) 0.003 0.002 0.007 0.007 0.018 0.020 

Values of parameters used in structure:
DATAFILE=admix2.str,	OUTFILE=k6/admix2_k6_run10,	NUMINDS=200,	NUMLOCI=48,	MISSING=-9,	LABEL=1,	POPDATA=1,	POPFLAG=0,	PHENOTYPE=0,	EXTRACOLS=0,	MAXPOPS=6,	BURNIN=500000,	NUMREPS=750000,	USEPOPINFO=0,	INFERALPHA=1,	INFERLAMBDA=0,	POPSPECIFICLAMBDA=0,	POPALPHAS=0,	COMPUTEPROB=1,	NOADMIX=0,	ADMBURNIN=500,	UPDATEFREQ=100,	PRINTLIKES=0,	INTERMEDSAVE=0,	PRINTKLD=0,	PRINTNET=1,	PRINTLAMBDA=1,	ANCESTDIST=0,	NUMBOXES=1000,	ANCESTPINT=0.90000,	GENSBACK=2,	MIGRPRIOR=0.01000,	PRINTQHAT=0,	PRINTQSUM=1,	ALPHA=1.0000,	FREQSCORR=1,	FPRIORMEAN=0.0100,	FPRIORSD=0.0500,	ONEFST=0,	LAMBDA=1.0000,	UNIFPRIORALPHA=1,	ALPHAMAX=10.0000,	ALPHAPRIORA=1.0000,	ALPHAPRIORB=2.0000,	ALPHAPROPSD=0.0250,	STARTATPOPINFO=0,	RANDOMIZE=0,	LINKAGE=0,	METROFREQ=10,	REPORTHITRATE=0,	MARKOVPHASE=0,	PHASED=1,	PLOIDY=2,	PHASEINFO=0	LOCPRIOR=0, 	LOCPRIORINIT=1.000000, 	LOCDATA=0, 	LOCISPOP=1, 	LOCPRIORSTEP=0.100000, 	MAXLOCPRIOR=20.000000, 	SEED=505280,	
[STRAT parameters]:    NUMSIMSTATS=1000,	PHENOTYPECOL=-9,	POOLFREQ=10,	LOCUSxONLY=0,	EMERROR=0.00100,	MISSINGPHENO=-9,	