

----------------------------------------------------
STRUCTURE by Pritchard, Stephens and Donnelly (2000)
     and Falush, Stephens and Pritchard (2003)
       Code by Pritchard, Falush and Hubisz
             Version 2.3.4 (Jul 2012)
----------------------------------------------------



Command line arguments:   structure -D 140053 -K 7 -m mainparams -o k7/admix2_k7_run9 
Input File:    admix2.str

Run parameters:
   200 individuals
   48 loci
   7 populations assumed
   500000 Burn-in period
   750000 Reps
RANDOMIZE turned off


--------------------------------------------
Proportion of membership of each pre-defined
 population in each of the 7 clusters

Given    Inferred Clusters                                   Number of
 Pop       1      2      3      4      5      6      7      Individuals

  1:     0.276  0.293  0.037  0.081  0.012  0.271  0.030       21
  2:     0.224  0.298  0.040  0.074  0.018  0.330  0.017       34
  3:     0.070  0.058  0.033  0.670  0.006  0.066  0.096       32
  4:     0.042  0.035  0.032  0.719  0.003  0.032  0.136       25
  5:     0.205  0.208  0.026  0.197  0.012  0.209  0.143       30
  6:     0.005  0.006  0.005  0.004  0.967  0.006  0.007       35
  7:     0.017  0.019  0.903  0.014  0.003  0.019  0.025       19
  8:     0.590  0.259  0.022  0.008  0.008  0.104  0.010        4
--------------------------------------------

Allele-freq. divergence among pops (Net nucleotide distance),
computed using point estimates of P.

      1       2       3       4       5       6       7      
 1      -    0.0006  0.0239  0.0165  0.0798  0.0011  0.0254  
 2   0.0006     -    0.0231  0.0159  0.0758  0.0002  0.0248  
 3   0.0239  0.0231     -    0.0375  0.1189  0.0226  0.0463  
 4   0.0165  0.0159  0.0375     -    0.1145  0.0151  0.0331  
 5   0.0798  0.0758  0.1189  0.1145     -    0.0732  0.1017  
 6   0.0011  0.0002  0.0226  0.0151  0.0732     -    0.0234  
 7   0.0254  0.0248  0.0463  0.0331  0.1017  0.0234     -    

Average distances (expected heterozygosity) between individuals in same cluster:
cluster  1  : 0.6410 
cluster  2  : 0.6477 
cluster  3  : 0.5736 
cluster  4  : 0.5803 
cluster  5  : 0.6343 
cluster  6  : 0.6554 
cluster  7  : 0.5803 

--------------------------------------------
Estimated Ln Prob of Data   = -23479.9
Mean value of ln likelihood = -22522.0
Variance of ln likelihood   = 1915.8
Mean value of alpha         = 0.0371

Mean value of Fst_1         = 0.0269
Mean value of Fst_2         = 0.0166
Mean value of Fst_3         = 0.1093
Mean value of Fst_4         = 0.0760
Mean value of Fst_5         = 0.1739
Mean value of Fst_6         = 0.0033
Mean value of Fst_7         = 0.1334


Inferred ancestry of individuals:
        Label (%Miss) Pop:  Inferred clusters
  1      315    (0)    1 :  0.201 0.237 0.012 0.095 0.003 0.442 0.010 
  2      565    (0)    1 :  0.156 0.298 0.026 0.006 0.005 0.503 0.006 
  3      566    (2)    1 :  0.186 0.145 0.018 0.467 0.006 0.129 0.048 
  4      567    (2)    1 :  0.519 0.255 0.044 0.005 0.004 0.160 0.013 
  5      877    (0)    1 :  0.299 0.424 0.019 0.016 0.003 0.230 0.009 
  6      878    (0)    1 :  0.397 0.309 0.009 0.007 0.027 0.203 0.048 
  7      879    (0)    1 :  0.248 0.294 0.012 0.015 0.031 0.336 0.064 
  8      880    (0)    1 :  0.486 0.315 0.006 0.007 0.009 0.163 0.013 
  9      881    (0)    1 :  0.177 0.319 0.006 0.015 0.015 0.458 0.009 
 10      882    (0)    1 :  0.303 0.351 0.009 0.006 0.051 0.247 0.033 
 11      883    (0)    1 :  0.306 0.269 0.010 0.014 0.016 0.363 0.022 
 12      884    (0)    1 :  0.194 0.184 0.240 0.192 0.002 0.168 0.020 
 13      885    (0)    1 :  0.303 0.345 0.027 0.057 0.005 0.246 0.019 
 14      886    (0)    1 :  0.247 0.411 0.024 0.017 0.008 0.289 0.004 
 15      887    (0)    1 :  0.033 0.042 0.082 0.644 0.042 0.060 0.096 
 16      888    (0)    1 :  0.287 0.388 0.096 0.007 0.002 0.216 0.004 
 17      889    (0)    1 :  0.191 0.331 0.007 0.045 0.010 0.322 0.095 
 18      890    (0)    1 :  0.422 0.281 0.005 0.014 0.006 0.257 0.015 
 19      891    (0)    1 :  0.456 0.321 0.033 0.006 0.005 0.170 0.008 
 20      892    (0)    1 :  0.223 0.321 0.025 0.010 0.003 0.323 0.095 
 21      893    (0)    1 :  0.160 0.305 0.070 0.056 0.006 0.397 0.006 
 22      319    (2)    2 :  0.175 0.284 0.017 0.009 0.004 0.473 0.037 
 23      335    (0)    2 :  0.192 0.323 0.016 0.012 0.006 0.439 0.011 
 24      895    (0)    2 :  0.180 0.292 0.004 0.008 0.072 0.403 0.040 
 25      896    (0)    2 :  0.119 0.241 0.022 0.011 0.004 0.585 0.018 
 26      897    (0)    2 :  0.220 0.466 0.012 0.007 0.004 0.286 0.005 
 27      898    (0)    2 :  0.304 0.355 0.012 0.100 0.004 0.216 0.009 
 28      899    (0)    2 :  0.123 0.243 0.251 0.081 0.013 0.279 0.010 
 29      900    (0)    2 :  0.203 0.405 0.007 0.025 0.006 0.333 0.020 
 30      901    (0)    2 :  0.142 0.269 0.158 0.014 0.031 0.329 0.056 
 31      902    (0)    2 :  0.121 0.180 0.084 0.018 0.064 0.508 0.025 
 32      903    (0)    2 :  0.146 0.311 0.011 0.005 0.005 0.514 0.007 
 33      904    (0)    2 :  0.428 0.308 0.030 0.006 0.002 0.215 0.010 
 34      905    (0)    2 :  0.141 0.291 0.098 0.007 0.079 0.336 0.049 
 35      906    (0)    2 :  0.217 0.376 0.011 0.008 0.037 0.344 0.007 
 36      907    (0)    2 :  0.367 0.272 0.008 0.029 0.058 0.258 0.009 
 37      908    (0)    2 :  0.189 0.314 0.094 0.017 0.002 0.378 0.005 
 38      909    (0)    2 :  0.070 0.056 0.035 0.779 0.009 0.046 0.005 
 39      910    (0)    2 :  0.315 0.220 0.015 0.013 0.061 0.371 0.005 
 40      911    (0)    2 :  0.461 0.284 0.023 0.013 0.006 0.205 0.008 
 41      912    (0)    2 :  0.508 0.282 0.005 0.021 0.004 0.173 0.006 
 42      913    (0)    2 :  0.172 0.273 0.067 0.087 0.008 0.385 0.008 
 43     2411    (0)    2 :  0.222 0.470 0.022 0.007 0.006 0.268 0.005 
 44     2412    (0)    2 :  0.038 0.064 0.013 0.758 0.004 0.075 0.048 
 45     2413    (0)    2 :  0.229 0.304 0.017 0.007 0.031 0.404 0.008 
 46     2414    (0)    2 :  0.122 0.251 0.006 0.023 0.004 0.588 0.006 
 47     2415    (2)    2 :  0.252 0.376 0.017 0.043 0.003 0.282 0.025 
 48     2417    (4)    2 :  0.143 0.264 0.220 0.088 0.018 0.259 0.008 
 49     2418    (4)    2 :  0.470 0.298 0.007 0.009 0.016 0.190 0.011 
 50     2419    (2)    2 :  0.190 0.349 0.009 0.032 0.003 0.401 0.016 
 51     2420    (0)    2 :  0.237 0.373 0.004 0.013 0.008 0.358 0.007 
 52     2421    (0)    2 :  0.185 0.307 0.010 0.209 0.008 0.258 0.024 
 53     2422    (2)    2 :  0.293 0.311 0.008 0.011 0.014 0.339 0.024 
 54     2423    (0)    2 :  0.183 0.370 0.019 0.011 0.008 0.387 0.023 
 55     2576    (0)    2 :  0.252 0.360 0.011 0.021 0.013 0.334 0.010 
 56      321    (0)    3 :  0.111 0.075 0.037 0.607 0.003 0.070 0.096 
 57      338    (0)    3 :  0.005 0.004 0.004 0.975 0.002 0.005 0.005 
 58      339    (0)    3 :  0.013 0.015 0.009 0.902 0.022 0.022 0.018 
 59      363    (0)    3 :  0.040 0.029 0.004 0.026 0.007 0.024 0.869 
 60      915    (0)    3 :  0.007 0.007 0.006 0.968 0.002 0.006 0.005 
 61      917    (0)    3 :  0.033 0.035 0.004 0.646 0.002 0.044 0.234 
 62      923    (0)    3 :  0.124 0.121 0.029 0.557 0.006 0.145 0.017 
 63      925    (0)    3 :  0.004 0.004 0.005 0.975 0.002 0.005 0.005 
 64      931    (0)    3 :  0.363 0.171 0.007 0.326 0.003 0.106 0.025 
 65      935    (0)    3 :  0.012 0.014 0.013 0.935 0.003 0.014 0.009 
 66      936    (0)    3 :  0.014 0.011 0.003 0.943 0.007 0.010 0.012 
 67      937    (0)    3 :  0.021 0.020 0.004 0.916 0.003 0.020 0.016 
 68      948    (0)    3 :  0.067 0.107 0.023 0.649 0.014 0.098 0.043 
 69      956    (0)    3 :  0.010 0.012 0.017 0.940 0.003 0.012 0.007 
 70      957    (0)    3 :  0.018 0.022 0.003 0.861 0.005 0.019 0.071 
 71      967    (0)    3 :  0.020 0.018 0.006 0.919 0.002 0.017 0.017 
 72      968    (2)    3 :  0.237 0.129 0.007 0.517 0.006 0.086 0.018 
 73      969    (2)    3 :  0.092 0.065 0.008 0.734 0.006 0.068 0.027 
 74      970    (2)    3 :  0.412 0.184 0.012 0.072 0.006 0.116 0.197 
 75      971    (4)    3 :  0.010 0.009 0.017 0.718 0.002 0.009 0.235 
 76      972    (0)    3 :  0.013 0.012 0.004 0.943 0.004 0.018 0.005 
 77      973    (0)    3 :  0.227 0.259 0.005 0.045 0.024 0.433 0.006 
 78      978    (0)    3 :  0.008 0.011 0.016 0.940 0.004 0.013 0.008 
 79      979    (0)    3 :  0.050 0.068 0.608 0.119 0.021 0.066 0.069 
 80      988    (6)    3 :  0.006 0.007 0.009 0.010 0.003 0.006 0.959 
 81      989    (0)    3 :  0.057 0.061 0.105 0.671 0.003 0.058 0.044 
 82      990    (0)    3 :  0.147 0.202 0.015 0.299 0.004 0.318 0.016 
 83      991    (0)    3 :  0.006 0.006 0.004 0.956 0.003 0.006 0.020 
 84      992    (0)    3 :  0.010 0.010 0.005 0.952 0.004 0.010 0.009 
 85     1006    (2)    3 :  0.006 0.007 0.017 0.958 0.002 0.006 0.005 
 86     1017    (0)    3 :  0.091 0.140 0.029 0.455 0.004 0.274 0.007 
 87     2582    (4)    3 :  0.022 0.019 0.032 0.902 0.005 0.016 0.004 
 88      328    (0)    4 :  0.106 0.194 0.354 0.162 0.004 0.172 0.009 
 89      333    (0)    4 :  0.008 0.009 0.004 0.959 0.003 0.009 0.009 
 90      918    (0)    4 :  0.012 0.010 0.005 0.956 0.003 0.010 0.004 
 91      919    (0)    4 :  0.011 0.007 0.005 0.963 0.002 0.007 0.004 
 92      920    (0)    4 :  0.006 0.007 0.007 0.965 0.002 0.008 0.005 
 93      921    (0)    4 :  0.005 0.006 0.008 0.004 0.002 0.005 0.969 
 94      922    (0)    4 :  0.010 0.010 0.030 0.928 0.003 0.011 0.009 
 95      926    (0)    4 :  0.006 0.005 0.003 0.965 0.001 0.005 0.014 
 96      927    (0)    4 :  0.007 0.007 0.009 0.938 0.004 0.007 0.028 
 97      928    (0)    4 :  0.039 0.039 0.113 0.712 0.003 0.055 0.038 
 98      929    (0)    4 :  0.114 0.056 0.021 0.739 0.003 0.039 0.027 
 99      930    (0)    4 :  0.058 0.089 0.028 0.670 0.003 0.089 0.063 
100      932    (0)    4 :  0.006 0.006 0.008 0.016 0.003 0.007 0.953 
101      933    (0)    4 :  0.026 0.026 0.012 0.888 0.003 0.035 0.011 
102      949    (0)    4 :  0.003 0.003 0.003 0.003 0.002 0.003 0.984 
103      950    (0)    4 :  0.140 0.091 0.011 0.527 0.003 0.064 0.164 
104      964    (4)    4 :  0.036 0.028 0.007 0.858 0.009 0.029 0.033 
105      986    (0)    4 :  0.033 0.022 0.028 0.868 0.005 0.022 0.023 
106      987    (0)    4 :  0.048 0.053 0.091 0.741 0.007 0.053 0.007 
107     1001    (4)    4 :  0.006 0.006 0.010 0.964 0.002 0.006 0.006 
108     1002    (4)    4 :  0.006 0.006 0.009 0.962 0.007 0.007 0.003 
109     1003    (2)    4 :  0.355 0.168 0.015 0.298 0.002 0.150 0.012 
110     1004    (0)    4 :  0.006 0.007 0.005 0.968 0.003 0.006 0.004 
111     1005    (0)    4 :  0.009 0.009 0.015 0.953 0.001 0.007 0.006 
112     1010    (0)    4 :  0.004 0.004 0.005 0.978 0.002 0.004 0.004 
113      341    (0)    5 :  0.161 0.307 0.012 0.005 0.038 0.428 0.048 
114      343    (0)    5 :  0.157 0.257 0.006 0.030 0.017 0.525 0.007 
115      914    (0)    5 :  0.006 0.006 0.006 0.970 0.001 0.005 0.005 
116      916    (0)    5 :  0.216 0.368 0.101 0.012 0.019 0.280 0.004 
117      924    (0)    5 :  0.271 0.126 0.010 0.458 0.011 0.113 0.009 
118      938    (0)    5 :  0.010 0.010 0.016 0.028 0.003 0.010 0.924 
119      939    (0)    5 :  0.015 0.012 0.018 0.172 0.002 0.011 0.770 
120      940    (0)    5 :  0.077 0.096 0.007 0.644 0.013 0.090 0.074 
121      941    (2)    5 :  0.005 0.006 0.003 0.012 0.018 0.006 0.949 
122      942    (0)    5 :  0.458 0.243 0.007 0.021 0.011 0.252 0.008 
123      943    (0)    5 :  0.301 0.275 0.014 0.139 0.003 0.264 0.005 
124      944    (0)    5 :  0.035 0.042 0.091 0.784 0.002 0.041 0.006 
125      945    (0)    5 :  0.007 0.008 0.005 0.951 0.002 0.007 0.020 
126      946    (0)    5 :  0.322 0.258 0.008 0.050 0.011 0.344 0.008 
127      947    (0)    5 :  0.349 0.363 0.004 0.065 0.005 0.208 0.006 
128      951    (0)    5 :  0.187 0.366 0.011 0.022 0.023 0.379 0.012 
129      952    (0)    5 :  0.175 0.325 0.006 0.049 0.002 0.425 0.019 
130      953    (0)    5 :  0.016 0.017 0.009 0.019 0.009 0.018 0.912 
131      954    (0)    5 :  0.387 0.199 0.010 0.193 0.011 0.160 0.040 
132      955    (0)    5 :  0.360 0.311 0.008 0.060 0.010 0.237 0.014 
133      961    (4)    5 :  0.359 0.356 0.068 0.014 0.004 0.184 0.016 
134      974    (0)    5 :  0.466 0.264 0.005 0.053 0.002 0.153 0.056 
135      975    (4)    5 :  0.205 0.337 0.030 0.067 0.007 0.344 0.010 
136      980    (0)    5 :  0.193 0.295 0.037 0.156 0.006 0.284 0.029 
137      981    (0)    5 :  0.175 0.218 0.047 0.011 0.033 0.272 0.244 
138      982    (0)    5 :  0.063 0.085 0.142 0.619 0.003 0.083 0.005 
139      984    (0)    5 :  0.144 0.255 0.023 0.020 0.009 0.493 0.057 
140      985    (0)    5 :  0.252 0.414 0.011 0.014 0.006 0.287 0.017 
141     2578    (4)    5 :  0.237 0.166 0.012 0.272 0.070 0.229 0.014 
142     2580    (2)    5 :  0.540 0.249 0.054 0.010 0.004 0.132 0.010 
143     2470    (4)    6 :  0.003 0.003 0.002 0.003 0.984 0.003 0.003 
144     2471    (0)    6 :  0.004 0.005 0.006 0.003 0.955 0.005 0.023 
145     2472    (0)    6 :  0.004 0.004 0.003 0.007 0.973 0.005 0.004 
146     2484    (0)    6 :  0.008 0.010 0.003 0.005 0.956 0.013 0.005 
147     2486    (2)    6 :  0.003 0.003 0.002 0.002 0.983 0.003 0.004 
148     2487    (2)    6 :  0.006 0.005 0.004 0.006 0.962 0.006 0.011 
149     2489    (0)    6 :  0.009 0.008 0.006 0.004 0.958 0.008 0.006 
150     2596    (2)    6 :  0.011 0.011 0.004 0.009 0.949 0.015 0.003 
151     1366    (0)    6 :  0.003 0.004 0.002 0.002 0.982 0.004 0.002 
152     1367    (0)    6 :  0.004 0.004 0.004 0.002 0.981 0.003 0.002 
153     1368    (0)    6 :  0.021 0.020 0.010 0.006 0.915 0.021 0.006 
154     1369    (0)    6 :  0.007 0.007 0.004 0.006 0.966 0.006 0.004 
155     1370    (0)    6 :  0.005 0.005 0.003 0.003 0.977 0.005 0.003 
156     1371    (0)    6 :  0.003 0.003 0.003 0.002 0.983 0.003 0.002 
157     1372    (0)    6 :  0.006 0.006 0.003 0.003 0.971 0.005 0.005 
158     1373    (0)    6 :  0.006 0.007 0.005 0.003 0.968 0.007 0.004 
159     1374    (0)    6 :  0.003 0.003 0.002 0.002 0.983 0.004 0.003 
160     1375    (0)    6 :  0.002 0.003 0.002 0.002 0.987 0.003 0.002 
161     2476    (0)    6 :  0.011 0.012 0.010 0.003 0.949 0.012 0.003 
162     2478    (2)    6 :  0.005 0.006 0.003 0.004 0.972 0.006 0.004 
163     2479    (4)    6 :  0.003 0.003 0.004 0.002 0.981 0.003 0.003 
164     2481    (0)    6 :  0.006 0.007 0.004 0.006 0.952 0.007 0.018 
165     2483    (4)    6 :  0.003 0.003 0.003 0.003 0.983 0.003 0.003 
166     2485    (0)    6 :  0.005 0.005 0.002 0.007 0.973 0.005 0.003 
167     2488    (0)    6 :  0.002 0.002 0.001 0.004 0.986 0.003 0.002 
168     2490    (0)    6 :  0.004 0.004 0.003 0.002 0.980 0.003 0.004 
169     2492    (2)    6 :  0.003 0.003 0.004 0.002 0.983 0.003 0.002 
170     2493    (0)    6 :  0.008 0.008 0.014 0.014 0.915 0.009 0.033 
171     2494    (2)    6 :  0.006 0.007 0.007 0.005 0.964 0.007 0.005 
172     2495    (0)    6 :  0.018 0.018 0.032 0.011 0.858 0.022 0.041 
173     2496    (0)    6 :  0.003 0.003 0.002 0.002 0.985 0.003 0.002 
174     2497    (2)    6 :  0.003 0.003 0.003 0.003 0.983 0.003 0.002 
175     2592    (2)    6 :  0.002 0.003 0.003 0.002 0.985 0.003 0.003 
176     2593    (4)    6 :  0.003 0.003 0.002 0.003 0.982 0.003 0.005 
177     2595    (2)    6 :  0.003 0.003 0.003 0.003 0.980 0.003 0.006 
178     2498    (2)    7 :  0.013 0.015 0.771 0.014 0.008 0.016 0.162 
179     2513    (2)    7 :  0.014 0.010 0.929 0.030 0.002 0.008 0.008 
180     2514    (2)    7 :  0.052 0.062 0.733 0.013 0.004 0.069 0.067 
181     2597    (4)    7 :  0.035 0.038 0.806 0.030 0.002 0.048 0.042 
182     2499    (4)    7 :  0.027 0.024 0.912 0.009 0.002 0.019 0.007 
183     2500    (0)    7 :  0.012 0.011 0.940 0.004 0.009 0.010 0.014 
184     2506    (2)    7 :  0.008 0.009 0.955 0.005 0.005 0.010 0.007 
185     2509    (6)    7 :  0.010 0.013 0.929 0.012 0.003 0.013 0.021 
186     2511    (2)    7 :  0.006 0.005 0.973 0.005 0.002 0.005 0.003 
187     2512    (2)    7 :  0.007 0.009 0.957 0.009 0.002 0.010 0.004 
188     2515    (2)    7 :  0.002 0.002 0.987 0.003 0.001 0.002 0.002 
189     2516    (2)    7 :  0.014 0.010 0.950 0.008 0.001 0.009 0.007 
190     2517    (2)    7 :  0.008 0.008 0.931 0.035 0.003 0.009 0.006 
191     2518    (2)    7 :  0.013 0.013 0.919 0.034 0.003 0.011 0.006 
192     2519    (0)    7 :  0.048 0.048 0.798 0.031 0.002 0.059 0.013 
193     2520    (2)    7 :  0.003 0.004 0.981 0.004 0.003 0.004 0.002 
194     2521    (2)    7 :  0.041 0.047 0.786 0.012 0.003 0.035 0.077 
195     2603    (4)    7 :  0.012 0.015 0.934 0.005 0.003 0.017 0.014 
196     2606    (2)    7 :  0.006 0.006 0.970 0.007 0.001 0.005 0.005 
197     1079    (0)    8 :  0.626 0.265 0.011 0.007 0.005 0.081 0.005 
198     1081    (0)    8 :  0.596 0.259 0.037 0.009 0.003 0.091 0.006 
199     1082    (2)    8 :  0.517 0.264 0.015 0.005 0.023 0.155 0.020 
200     1083    (0)    8 :  0.620 0.247 0.025 0.011 0.002 0.087 0.008 


Estimated Allele Frequencies in each cluster
First column gives estimated ancestral frequencies


Locus 1 : 1 
4 alleles
0.0% missing data
  89   (0.553) 0.541 0.552 0.612 0.536 0.289 0.554 0.433 
  91   (0.364) 0.371 0.368 0.312 0.399 0.679 0.363 0.545 
  93   (0.062) 0.059 0.060 0.073 0.044 0.030 0.062 0.017 
  99   (0.021) 0.028 0.020 0.004 0.020 0.001 0.021 0.005 

Locus 2 : 2 
6 alleles
2.5% missing data
 138   (0.291) 0.285 0.283 0.151 0.510 0.232 0.290 0.300 
 134   (0.231) 0.205 0.219 0.098 0.256 0.189 0.229 0.389 
 140   (0.085) 0.098 0.085 0.028 0.034 0.111 0.086 0.108 
 136   (0.324) 0.331 0.346 0.709 0.088 0.456 0.326 0.176 
 132   (0.033) 0.047 0.037 0.008 0.005 0.002 0.034 0.008 
 142   (0.035) 0.034 0.030 0.006 0.107 0.011 0.034 0.019 

Locus 3 : 3 
6 alleles
0.0% missing data
 187   (0.327) 0.357 0.335 0.454 0.176 0.364 0.331 0.373 
 191   (0.040) 0.032 0.035 0.021 0.013 0.012 0.040 0.010 
 179   (0.238) 0.277 0.254 0.314 0.220 0.060 0.241 0.260 
 181   (0.225) 0.169 0.211 0.175 0.347 0.080 0.220 0.269 
 185   (0.089) 0.096 0.087 0.018 0.104 0.249 0.089 0.059 
 175   (0.080) 0.069 0.077 0.019 0.141 0.235 0.079 0.029 

Locus 4 : 4 
9 alleles
0.0% missing data
 247   (0.084) 0.108 0.098 0.016 0.034 0.017 0.087 0.092 
 253   (0.512) 0.578 0.529 0.788 0.572 0.187 0.518 0.402 
 239   (0.010) 0.006 0.008 0.002 0.001 0.001 0.010 0.002 
 241   (0.143) 0.114 0.140 0.050 0.156 0.523 0.140 0.103 
 271   (0.043) 0.028 0.034 0.019 0.010 0.115 0.041 0.142 
 269   (0.153) 0.130 0.148 0.116 0.221 0.020 0.151 0.246 
 245   (0.015) 0.008 0.011 0.002 0.002 0.068 0.014 0.003 
 249   (0.025) 0.017 0.019 0.004 0.003 0.069 0.024 0.006 
 273   (0.014) 0.010 0.013 0.002 0.002 0.001 0.014 0.004 

Locus 5 : 5 
6 alleles
0.5% missing data
 103   (0.803) 0.782 0.802 0.955 0.943 0.742 0.802 0.947 
 105   (0.074) 0.086 0.081 0.024 0.020 0.169 0.075 0.023 
 102   (0.023) 0.021 0.023 0.004 0.003 0.001 0.023 0.006 
 101   (0.010) 0.006 0.008 0.002 0.001 0.001 0.010 0.003 
 104   (0.074) 0.097 0.076 0.013 0.030 0.060 0.076 0.018 
 107   (0.016) 0.008 0.011 0.003 0.002 0.027 0.015 0.003 

Locus 6 : 6 
5 alleles
0.0% missing data
 145   (0.402) 0.453 0.447 0.177 0.580 0.026 0.409 0.197 
 147   (0.064) 0.046 0.056 0.029 0.010 0.125 0.062 0.043 
 135   (0.223) 0.213 0.211 0.200 0.186 0.652 0.221 0.164 
 141   (0.296) 0.278 0.275 0.592 0.223 0.127 0.293 0.592 
 137   (0.015) 0.010 0.011 0.002 0.002 0.069 0.014 0.003 

Locus 7 : 7 
10 alleles
1.0% missing data
  97   (0.212) 0.199 0.211 0.244 0.137 0.267 0.211 0.177 
  91   (0.067) 0.052 0.066 0.014 0.034 0.058 0.066 0.021 
  93   (0.223) 0.199 0.210 0.316 0.297 0.131 0.220 0.255 
 103   (0.239) 0.332 0.270 0.299 0.348 0.016 0.248 0.236 
  85   (0.044) 0.032 0.040 0.079 0.029 0.003 0.043 0.011 
  89   (0.108) 0.080 0.100 0.030 0.109 0.294 0.105 0.273 
  83   (0.070) 0.081 0.076 0.013 0.042 0.005 0.071 0.018 
 105   (0.018) 0.016 0.014 0.003 0.002 0.084 0.018 0.004 
  99   (0.010) 0.005 0.006 0.002 0.001 0.011 0.009 0.002 
 101   (0.010) 0.005 0.006 0.002 0.001 0.132 0.010 0.002 

Locus 8 : 8 
8 alleles
0.0% missing data
 129   (0.523) 0.518 0.528 0.646 0.705 0.320 0.523 0.572 
 145   (0.010) 0.006 0.008 0.002 0.001 0.001 0.009 0.002 
 143   (0.264) 0.286 0.274 0.154 0.201 0.300 0.266 0.287 
 149   (0.103) 0.093 0.094 0.111 0.056 0.290 0.102 0.114 
 141   (0.051) 0.058 0.053 0.072 0.023 0.003 0.052 0.013 
 133   (0.021) 0.019 0.023 0.010 0.004 0.001 0.021 0.005 
 127   (0.019) 0.015 0.015 0.003 0.002 0.084 0.018 0.004 
 131   (0.010) 0.005 0.006 0.002 0.008 0.001 0.009 0.003 

Locus 9 : 9 
3 alleles
0.0% missing data
 191   (0.358) 0.385 0.359 0.552 0.323 0.330 0.360 0.213 
 189   (0.507) 0.501 0.519 0.364 0.434 0.350 0.508 0.595 
 195   (0.135) 0.114 0.122 0.084 0.244 0.320 0.132 0.192 

Locus 10 : 10 
7 alleles
0.5% missing data
 232   (0.228) 0.243 0.244 0.239 0.175 0.125 0.230 0.068 
 238   (0.580) 0.583 0.566 0.627 0.749 0.740 0.580 0.884 
 250   (0.019) 0.018 0.016 0.003 0.002 0.030 0.018 0.004 
 254   (0.043) 0.035 0.043 0.046 0.005 0.085 0.042 0.010 
 252   (0.097) 0.098 0.102 0.079 0.066 0.018 0.097 0.025 
 248   (0.023) 0.017 0.022 0.004 0.003 0.002 0.023 0.006 
 236   (0.010) 0.006 0.008 0.002 0.001 0.001 0.009 0.002 

Locus 11 : 11 
4 alleles
0.0% missing data
  87   (0.736) 0.738 0.743 0.639 0.822 0.513 0.737 0.927 
  91   (0.057) 0.045 0.046 0.120 0.030 0.169 0.056 0.017 
  89   (0.196) 0.212 0.204 0.240 0.148 0.159 0.198 0.053 
  85   (0.011) 0.005 0.007 0.002 0.001 0.160 0.010 0.002 

Locus 12 : 12 
12 alleles
0.5% missing data
 149   (0.029) 0.021 0.023 0.006 0.045 0.002 0.028 0.135 
 162   (0.218) 0.312 0.255 0.271 0.221 0.014 0.227 0.336 
 160   (0.205) 0.177 0.194 0.084 0.293 0.423 0.202 0.267 
 161   (0.113) 0.105 0.111 0.036 0.119 0.255 0.112 0.034 
 154   (0.025) 0.022 0.028 0.006 0.003 0.002 0.026 0.008 
 158   (0.240) 0.216 0.239 0.414 0.209 0.094 0.239 0.161 
 170   (0.068) 0.072 0.067 0.030 0.028 0.031 0.068 0.029 
 147   (0.040) 0.029 0.035 0.142 0.046 0.003 0.038 0.014 
 164   (0.010) 0.005 0.007 0.002 0.001 0.001 0.009 0.002 
 143   (0.029) 0.026 0.025 0.005 0.004 0.174 0.028 0.007 
 159   (0.014) 0.008 0.010 0.002 0.020 0.001 0.013 0.004 
 150   (0.010) 0.005 0.006 0.002 0.009 0.001 0.009 0.002 

Locus 13 : 13 
4 alleles
0.0% missing data
 115   (0.443) 0.434 0.433 0.609 0.533 0.371 0.441 0.518 
 113   (0.363) 0.394 0.375 0.276 0.361 0.344 0.365 0.408 
 108   (0.184) 0.166 0.185 0.114 0.105 0.284 0.184 0.072 
 109   (0.010) 0.006 0.007 0.002 0.001 0.001 0.010 0.002 

Locus 14 : 14 
5 alleles
1.5% missing data
 225   (0.128) 0.113 0.121 0.073 0.078 0.064 0.127 0.123 
 229   (0.558) 0.556 0.558 0.599 0.507 0.489 0.557 0.759 
 231   (0.126) 0.125 0.140 0.154 0.018 0.351 0.128 0.035 
 227   (0.128) 0.132 0.123 0.120 0.352 0.009 0.128 0.068 
 233   (0.060) 0.074 0.058 0.054 0.045 0.087 0.060 0.015 

Locus 15 : 15 
5 alleles
1.0% missing data
 143   (0.820) 0.842 0.828 0.944 0.859 0.638 0.822 0.903 
 145   (0.097) 0.098 0.098 0.023 0.074 0.189 0.097 0.030 
 133   (0.018) 0.016 0.020 0.003 0.002 0.001 0.018 0.004 
 147   (0.055) 0.039 0.047 0.015 0.063 0.171 0.053 0.059 
 157   (0.010) 0.005 0.007 0.015 0.001 0.001 0.009 0.004 

Locus 16 : 16 
5 alleles
0.0% missing data
 156   (0.241) 0.273 0.257 0.203 0.229 0.164 0.244 0.109 
 158   (0.538) 0.515 0.529 0.535 0.646 0.335 0.536 0.436 
 154   (0.085) 0.098 0.093 0.098 0.011 0.374 0.087 0.025 
 160   (0.125) 0.107 0.112 0.161 0.099 0.127 0.122 0.425 
 152   (0.012) 0.007 0.008 0.002 0.015 0.001 0.011 0.004 

Locus 17 : 17 
5 alleles
0.0% missing data
  90   (0.633) 0.618 0.643 0.556 0.785 0.345 0.633 0.483 
  88   (0.082) 0.083 0.079 0.033 0.010 0.442 0.082 0.231 
 102   (0.234) 0.241 0.226 0.402 0.193 0.047 0.233 0.261 
 100   (0.042) 0.053 0.045 0.007 0.006 0.166 0.043 0.014 
 104   (0.010) 0.005 0.007 0.002 0.006 0.001 0.009 0.011 

Locus 18 : 18 
8 alleles
0.5% missing data
 127   (0.235) 0.234 0.249 0.069 0.335 0.150 0.236 0.081 
 140   (0.275) 0.283 0.282 0.160 0.231 0.317 0.277 0.308 
 142   (0.141) 0.156 0.146 0.409 0.076 0.026 0.142 0.130 
 148   (0.108) 0.085 0.100 0.115 0.055 0.071 0.106 0.257 
 150   (0.072) 0.066 0.064 0.015 0.164 0.210 0.071 0.023 
 138   (0.054) 0.046 0.052 0.048 0.042 0.004 0.053 0.017 
 146   (0.085) 0.086 0.077 0.105 0.093 0.006 0.084 0.176 
 128   (0.030) 0.044 0.030 0.079 0.003 0.216 0.031 0.008 

Locus 19 : 19 
7 alleles
0.5% missing data
 188   (0.176) 0.211 0.200 0.073 0.167 0.012 0.181 0.077 
 190   (0.130) 0.107 0.116 0.303 0.175 0.047 0.127 0.235 
 194   (0.559) 0.575 0.572 0.595 0.558 0.560 0.561 0.403 
 200   (0.094) 0.081 0.081 0.023 0.095 0.295 0.093 0.276 
 202   (0.020) 0.013 0.016 0.003 0.002 0.044 0.019 0.004 
 196   (0.010) 0.007 0.008 0.002 0.001 0.001 0.010 0.002 
 198   (0.010) 0.005 0.006 0.002 0.001 0.041 0.010 0.002 

Locus 20 : 20 
6 alleles
1.0% missing data
 252   (0.700) 0.749 0.740 0.748 0.765 0.089 0.707 0.725 
 246   (0.101) 0.094 0.097 0.034 0.064 0.219 0.100 0.105 
 248   (0.019) 0.031 0.022 0.004 0.004 0.001 0.020 0.004 
 254   (0.081) 0.063 0.066 0.049 0.083 0.225 0.079 0.106 
 250   (0.078) 0.052 0.062 0.161 0.075 0.423 0.074 0.055 
 244   (0.020) 0.011 0.014 0.003 0.009 0.043 0.019 0.005 

Locus 21 : 21 
7 alleles
0.0% missing data
 173   (0.276) 0.240 0.255 0.404 0.575 0.200 0.271 0.269 
 175   (0.138) 0.125 0.135 0.047 0.078 0.497 0.137 0.038 
 163   (0.055) 0.051 0.052 0.011 0.015 0.111 0.055 0.015 
 167   (0.172) 0.201 0.182 0.253 0.121 0.075 0.175 0.055 
 177   (0.282) 0.297 0.298 0.271 0.202 0.043 0.284 0.487 
 159   (0.031) 0.041 0.038 0.005 0.003 0.002 0.033 0.009 
 165   (0.045) 0.045 0.040 0.008 0.005 0.072 0.044 0.127 

Locus 22 : 22 
11 alleles
2.0% missing data
 146   (0.194) 0.216 0.202 0.149 0.316 0.013 0.196 0.201 
 152   (0.432) 0.393 0.423 0.582 0.579 0.102 0.430 0.581 
 158   (0.089) 0.111 0.099 0.019 0.020 0.426 0.091 0.028 
 166   (0.100) 0.101 0.104 0.144 0.026 0.007 0.100 0.138 
 162   (0.060) 0.067 0.066 0.011 0.011 0.138 0.061 0.022 
 164   (0.030) 0.021 0.027 0.021 0.004 0.068 0.029 0.007 
 148   (0.010) 0.006 0.008 0.002 0.001 0.001 0.010 0.002 
 142   (0.026) 0.019 0.020 0.005 0.015 0.031 0.025 0.007 
 150   (0.030) 0.052 0.033 0.005 0.006 0.108 0.032 0.009 
 156   (0.017) 0.009 0.011 0.003 0.019 0.107 0.016 0.004 
 154   (0.011) 0.005 0.007 0.059 0.001 0.001 0.010 0.002 

Locus 23 : 23 
7 alleles
1.0% missing data
 154   (0.556) 0.605 0.569 0.527 0.582 0.196 0.560 0.517 
 144   (0.151) 0.128 0.138 0.286 0.279 0.240 0.149 0.049 
 156   (0.144) 0.158 0.158 0.126 0.032 0.407 0.146 0.073 
 160   (0.095) 0.073 0.090 0.051 0.099 0.016 0.093 0.245 
 158   (0.030) 0.022 0.025 0.005 0.003 0.139 0.029 0.110 
 146   (0.014) 0.009 0.012 0.002 0.002 0.001 0.014 0.003 
 152   (0.010) 0.006 0.007 0.002 0.003 0.001 0.010 0.002 

Locus 24 : 24 
4 alleles
0.5% missing data
  83   (0.438) 0.448 0.442 0.404 0.388 0.593 0.439 0.501 
  77   (0.075) 0.052 0.069 0.235 0.089 0.005 0.073 0.046 
  81   (0.399) 0.422 0.407 0.255 0.413 0.371 0.402 0.427 
  85   (0.088) 0.078 0.082 0.107 0.111 0.032 0.086 0.025 

Locus 25 : 25 
6 alleles
0.0% missing data
 124   (0.531) 0.524 0.539 0.472 0.528 0.496 0.531 0.655 
 132   (0.298) 0.338 0.314 0.442 0.364 0.020 0.302 0.220 
 122   (0.096) 0.082 0.083 0.047 0.099 0.441 0.093 0.106 
 120   (0.028) 0.026 0.026 0.005 0.003 0.028 0.028 0.007 
 136   (0.019) 0.014 0.017 0.005 0.003 0.001 0.019 0.005 
 126   (0.028) 0.016 0.022 0.029 0.003 0.014 0.027 0.007 

Locus 26 : 26 
7 alleles
0.0% missing data
 183   (0.345) 0.361 0.352 0.464 0.318 0.210 0.346 0.334 
 175   (0.264) 0.303 0.278 0.265 0.292 0.018 0.268 0.412 
 179   (0.102) 0.087 0.089 0.079 0.091 0.291 0.100 0.032 
 165   (0.222) 0.204 0.220 0.178 0.290 0.101 0.221 0.207 
 181   (0.046) 0.035 0.047 0.011 0.006 0.273 0.045 0.010 
 157   (0.010) 0.005 0.007 0.002 0.001 0.001 0.010 0.002 
 185   (0.011) 0.005 0.006 0.002 0.001 0.107 0.010 0.002 

Locus 27 : 27 
4 alleles
0.0% missing data
 142   (0.636) 0.649 0.641 0.669 0.761 0.534 0.637 0.618 
 148   (0.194) 0.220 0.210 0.146 0.083 0.269 0.197 0.059 
 150   (0.133) 0.110 0.122 0.068 0.128 0.168 0.130 0.314 
 138   (0.038) 0.022 0.027 0.117 0.028 0.029 0.036 0.009 

Locus 28 : 28 
6 alleles
1.0% missing data
 256   (0.091) 0.084 0.086 0.047 0.047 0.085 0.090 0.087 
 262   (0.475) 0.470 0.482 0.573 0.378 0.678 0.475 0.444 
 260   (0.382) 0.403 0.383 0.370 0.536 0.234 0.384 0.452 
 258   (0.017) 0.020 0.018 0.004 0.002 0.001 0.017 0.005 
 264   (0.025) 0.018 0.024 0.004 0.028 0.002 0.025 0.011 
 266   (0.010) 0.005 0.006 0.002 0.009 0.001 0.009 0.003 

Locus 29 : 29 
7 alleles
1.0% missing data
 150   (0.436) 0.456 0.445 0.553 0.552 0.236 0.437 0.363 
 146   (0.260) 0.268 0.268 0.191 0.225 0.315 0.262 0.229 
 140   (0.190) 0.173 0.188 0.136 0.156 0.406 0.189 0.222 
 148   (0.066) 0.066 0.063 0.054 0.035 0.041 0.066 0.132 
 152   (0.028) 0.027 0.024 0.005 0.029 0.002 0.027 0.048 
 151   (0.010) 0.005 0.006 0.042 0.001 0.001 0.010 0.002 
 142   (0.010) 0.005 0.006 0.019 0.001 0.001 0.009 0.003 

Locus 30 : 30 
6 alleles
0.0% missing data
 129   (0.386) 0.407 0.382 0.444 0.600 0.076 0.387 0.585 
 125   (0.290) 0.307 0.318 0.471 0.098 0.139 0.293 0.090 
 131   (0.068) 0.072 0.065 0.016 0.021 0.130 0.068 0.049 
 123   (0.160) 0.142 0.152 0.050 0.237 0.115 0.158 0.127 
 127   (0.086) 0.066 0.076 0.018 0.042 0.539 0.084 0.147 
 121   (0.010) 0.006 0.008 0.002 0.001 0.001 0.010 0.002 

Locus 31 : 31 
6 alleles
0.5% missing data
 155   (0.534) 0.605 0.568 0.603 0.459 0.407 0.542 0.324 
 159   (0.162) 0.127 0.139 0.181 0.283 0.201 0.158 0.237 
 157   (0.182) 0.158 0.175 0.168 0.194 0.060 0.179 0.364 
 153   (0.081) 0.082 0.080 0.028 0.059 0.319 0.081 0.063 
 151   (0.031) 0.023 0.031 0.005 0.004 0.012 0.030 0.009 
 163   (0.010) 0.006 0.007 0.014 0.001 0.001 0.009 0.003 

Locus 32 : 32 
5 alleles
1.0% missing data
  91   (0.405) 0.403 0.403 0.563 0.530 0.237 0.403 0.389 
  92   (0.352) 0.303 0.339 0.265 0.389 0.496 0.348 0.246 
  95   (0.155) 0.206 0.170 0.093 0.068 0.225 0.160 0.338 
  94   (0.078) 0.083 0.081 0.078 0.011 0.031 0.079 0.024 
  90   (0.010) 0.005 0.006 0.002 0.001 0.011 0.009 0.002 

Locus 33 : 33 
5 alleles
0.0% missing data
 146   (0.324) 0.321 0.327 0.124 0.378 0.650 0.325 0.173 
 150   (0.547) 0.579 0.559 0.723 0.562 0.242 0.550 0.593 
 148   (0.059) 0.037 0.049 0.129 0.015 0.038 0.057 0.182 
 154   (0.053) 0.053 0.055 0.021 0.012 0.069 0.052 0.013 
 152   (0.017) 0.009 0.011 0.003 0.033 0.001 0.016 0.040 

Locus 34 : 34 
7 alleles
0.0% missing data
 180   (0.435) 0.463 0.461 0.407 0.345 0.373 0.439 0.345 
 184   (0.199) 0.177 0.191 0.207 0.325 0.171 0.197 0.178 
 198   (0.070) 0.094 0.072 0.089 0.015 0.249 0.072 0.020 
 192   (0.156) 0.160 0.152 0.028 0.122 0.174 0.156 0.416 
 196   (0.114) 0.093 0.109 0.229 0.143 0.031 0.113 0.034 
 190   (0.015) 0.008 0.010 0.003 0.050 0.001 0.014 0.004 
 194   (0.011) 0.005 0.007 0.037 0.001 0.001 0.010 0.003 

Locus 35 : 35 
5 alleles
0.0% missing data
 108   (0.143) 0.139 0.137 0.028 0.099 0.594 0.144 0.041 
 112   (0.362) 0.351 0.369 0.521 0.402 0.057 0.361 0.457 
 106   (0.301) 0.308 0.301 0.234 0.408 0.231 0.301 0.276 
 110   (0.169) 0.183 0.172 0.212 0.089 0.117 0.170 0.119 
  90   (0.024) 0.019 0.021 0.004 0.003 0.002 0.024 0.107 

Locus 36 : 36 
9 alleles
0.0% missing data
 166   (0.054) 0.043 0.043 0.208 0.106 0.003 0.052 0.050 
 170   (0.271) 0.276 0.289 0.280 0.238 0.340 0.272 0.108 
 174   (0.152) 0.133 0.151 0.033 0.178 0.048 0.151 0.201 
 178   (0.041) 0.040 0.041 0.020 0.037 0.003 0.042 0.022 
 172   (0.307) 0.352 0.309 0.363 0.368 0.161 0.310 0.467 
 168   (0.051) 0.055 0.048 0.009 0.015 0.330 0.051 0.043 
 176   (0.099) 0.085 0.099 0.083 0.013 0.102 0.098 0.103 
 158   (0.010) 0.006 0.008 0.002 0.001 0.001 0.009 0.002 
 186   (0.017) 0.008 0.010 0.003 0.045 0.012 0.015 0.004 

Locus 37 : 37 
6 alleles
0.0% missing data
  85   (0.153) 0.159 0.152 0.196 0.126 0.018 0.153 0.156 
  91   (0.019) 0.012 0.014 0.004 0.002 0.029 0.019 0.005 
  89   (0.548) 0.560 0.549 0.634 0.650 0.609 0.548 0.764 
  83   (0.144) 0.151 0.152 0.049 0.098 0.309 0.145 0.040 
  81   (0.074) 0.073 0.082 0.042 0.039 0.005 0.075 0.020 
  95   (0.062) 0.044 0.051 0.076 0.084 0.030 0.060 0.015 

Locus 38 : 38 
10 alleles
0.0% missing data
 165   (0.240) 0.244 0.244 0.262 0.236 0.122 0.241 0.066 
 173   (0.247) 0.234 0.243 0.094 0.292 0.171 0.246 0.457 
 161   (0.347) 0.314 0.338 0.575 0.259 0.696 0.344 0.426 
 167   (0.017) 0.023 0.017 0.003 0.002 0.001 0.017 0.004 
 169   (0.075) 0.127 0.090 0.053 0.157 0.005 0.080 0.028 
 168   (0.014) 0.010 0.013 0.003 0.002 0.001 0.014 0.003 
 155   (0.025) 0.021 0.029 0.004 0.004 0.002 0.025 0.008 
 175   (0.011) 0.005 0.007 0.002 0.046 0.001 0.010 0.002 
 159   (0.013) 0.017 0.012 0.002 0.003 0.001 0.013 0.003 
 177   (0.010) 0.006 0.007 0.002 0.001 0.001 0.009 0.003 

Locus 39 : 39 
5 alleles
1.5% missing data
  81   (0.108) 0.114 0.109 0.046 0.080 0.007 0.109 0.123 
  89   (0.438) 0.438 0.434 0.732 0.579 0.241 0.437 0.480 
  85   (0.195) 0.173 0.192 0.072 0.227 0.219 0.194 0.199 
  91   (0.156) 0.193 0.172 0.076 0.067 0.107 0.160 0.089 
  87   (0.103) 0.082 0.093 0.075 0.046 0.426 0.101 0.110 

Locus 40 : 40 
4 alleles
1.0% missing data
 161   (0.218) 0.203 0.217 0.141 0.160 0.449 0.217 0.147 
 167   (0.731) 0.754 0.742 0.836 0.777 0.423 0.734 0.840 
 165   (0.041) 0.037 0.033 0.021 0.062 0.127 0.040 0.011 
 177   (0.010) 0.006 0.008 0.002 0.001 0.001 0.010 0.002 

Locus 41 : 41 
6 alleles
1.0% missing data
 238   (0.344) 0.369 0.359 0.385 0.314 0.076 0.348 0.172 
 228   (0.406) 0.409 0.407 0.522 0.515 0.124 0.406 0.571 
 236   (0.095) 0.076 0.086 0.052 0.042 0.272 0.093 0.107 
 240   (0.118) 0.125 0.120 0.021 0.125 0.513 0.118 0.063 
 224   (0.027) 0.015 0.020 0.018 0.003 0.015 0.025 0.085 
 232   (0.010) 0.007 0.008 0.002 0.001 0.001 0.010 0.002 

Locus 42 : 42 
7 alleles
0.0% missing data
 130   (0.540) 0.575 0.562 0.569 0.405 0.729 0.543 0.572 
 134   (0.126) 0.112 0.127 0.059 0.074 0.181 0.125 0.104 
 114   (0.044) 0.032 0.038 0.087 0.005 0.003 0.043 0.082 
 128   (0.117) 0.114 0.110 0.131 0.215 0.008 0.117 0.162 
 118   (0.073) 0.066 0.066 0.014 0.091 0.072 0.072 0.054 
 132   (0.089) 0.097 0.090 0.139 0.209 0.006 0.090 0.024 
 136   (0.010) 0.005 0.007 0.002 0.001 0.001 0.009 0.002 

Locus 43 : 43 
5 alleles
0.5% missing data
  98   (0.109) 0.087 0.094 0.194 0.059 0.260 0.106 0.140 
 104   (0.447) 0.476 0.464 0.195 0.499 0.237 0.451 0.564 
  92   (0.136) 0.130 0.141 0.135 0.064 0.305 0.136 0.042 
 102   (0.241) 0.257 0.242 0.339 0.356 0.016 0.242 0.231 
  96   (0.066) 0.051 0.059 0.138 0.023 0.183 0.065 0.022 

Locus 44 : 44 
5 alleles
0.0% missing data
  99   (0.144) 0.162 0.145 0.095 0.084 0.183 0.145 0.229 
 103   (0.288) 0.277 0.287 0.147 0.468 0.108 0.287 0.199 
 101   (0.330) 0.298 0.324 0.391 0.242 0.347 0.328 0.465 
  95   (0.224) 0.254 0.233 0.364 0.204 0.351 0.226 0.102 
  97   (0.015) 0.009 0.011 0.003 0.002 0.011 0.014 0.003 

Locus 45 : 45 
6 alleles
0.5% missing data
 181   (0.550) 0.544 0.552 0.687 0.715 0.150 0.550 0.528 
 183   (0.014) 0.012 0.012 0.003 0.002 0.001 0.014 0.003 
 177   (0.065) 0.045 0.054 0.080 0.062 0.084 0.063 0.016 
 191   (0.301) 0.332 0.316 0.217 0.170 0.642 0.304 0.435 
 179   (0.053) 0.057 0.054 0.010 0.006 0.111 0.053 0.013 
 193   (0.018) 0.009 0.011 0.003 0.045 0.013 0.016 0.004 

Locus 46 : 46 
6 alleles
1.5% missing data
 205   (0.459) 0.534 0.487 0.396 0.553 0.318 0.466 0.437 
 215   (0.088) 0.076 0.077 0.056 0.062 0.183 0.087 0.055 
 211   (0.223) 0.216 0.226 0.244 0.109 0.369 0.222 0.390 
 207   (0.140) 0.103 0.132 0.226 0.222 0.075 0.137 0.052 
 201   (0.072) 0.053 0.062 0.073 0.051 0.045 0.070 0.062 
 202   (0.018) 0.017 0.017 0.003 0.003 0.010 0.018 0.005 

Locus 47 : 47 
9 alleles
1.5% missing data
 142   (0.349) 0.434 0.369 0.155 0.541 0.149 0.356 0.621 
 162   (0.041) 0.038 0.035 0.007 0.032 0.165 0.040 0.010 
 144   (0.070) 0.057 0.063 0.302 0.035 0.011 0.069 0.025 
 158   (0.162) 0.182 0.176 0.061 0.067 0.119 0.165 0.201 
 168   (0.153) 0.114 0.147 0.211 0.047 0.229 0.150 0.081 
 164   (0.059) 0.048 0.063 0.011 0.027 0.183 0.059 0.017 
 156   (0.030) 0.019 0.022 0.006 0.008 0.085 0.029 0.009 
 166   (0.120) 0.097 0.111 0.245 0.240 0.016 0.118 0.033 
 170   (0.016) 0.012 0.013 0.003 0.002 0.041 0.015 0.004 

Locus 48 : 48 
6 alleles
14.0% missing data
 145   (0.182) 0.176 0.186 0.236 0.112 0.047 0.182 0.062 
 153   (0.218) 0.255 0.226 0.383 0.355 0.045 0.220 0.231 
 143   (0.026) 0.016 0.021 0.009 0.003 0.055 0.025 0.007 
 151   (0.190) 0.166 0.182 0.213 0.149 0.093 0.188 0.373 
 149   (0.363) 0.370 0.366 0.152 0.378 0.758 0.365 0.321 
 147   (0.020) 0.016 0.018 0.007 0.003 0.002 0.020 0.007 

Values of parameters used in structure:
DATAFILE=admix2.str,	OUTFILE=k7/admix2_k7_run9,	NUMINDS=200,	NUMLOCI=48,	MISSING=-9,	LABEL=1,	POPDATA=1,	POPFLAG=0,	PHENOTYPE=0,	EXTRACOLS=0,	MAXPOPS=7,	BURNIN=500000,	NUMREPS=750000,	USEPOPINFO=0,	INFERALPHA=1,	INFERLAMBDA=0,	POPSPECIFICLAMBDA=0,	POPALPHAS=0,	COMPUTEPROB=1,	NOADMIX=0,	ADMBURNIN=500,	UPDATEFREQ=100,	PRINTLIKES=0,	INTERMEDSAVE=0,	PRINTKLD=0,	PRINTNET=1,	PRINTLAMBDA=1,	ANCESTDIST=0,	NUMBOXES=1000,	ANCESTPINT=0.90000,	GENSBACK=2,	MIGRPRIOR=0.01000,	PRINTQHAT=0,	PRINTQSUM=1,	ALPHA=1.0000,	FREQSCORR=1,	FPRIORMEAN=0.0100,	FPRIORSD=0.0500,	ONEFST=0,	LAMBDA=1.0000,	UNIFPRIORALPHA=1,	ALPHAMAX=10.0000,	ALPHAPRIORA=1.0000,	ALPHAPRIORB=2.0000,	ALPHAPROPSD=0.0250,	STARTATPOPINFO=0,	RANDOMIZE=0,	LINKAGE=0,	METROFREQ=10,	REPORTHITRATE=0,	MARKOVPHASE=0,	PHASED=1,	PLOIDY=2,	PHASEINFO=0	LOCPRIOR=0, 	LOCPRIORINIT=1.000000, 	LOCDATA=0, 	LOCISPOP=1, 	LOCPRIORSTEP=0.100000, 	MAXLOCPRIOR=20.000000, 	SEED=140053,	
[STRAT parameters]:    NUMSIMSTATS=1000,	PHENOTYPECOL=-9,	POOLFREQ=10,	LOCUSxONLY=0,	EMERROR=0.00100,	MISSINGPHENO=-9,	