

----------------------------------------------------
STRUCTURE by Pritchard, Stephens and Donnelly (2000)
     and Falush, Stephens and Pritchard (2003)
       Code by Pritchard, Falush and Hubisz
             Version 2.3.4 (Jul 2012)
----------------------------------------------------



Command line arguments:   structure -D 995082 -K 2 -m mainparams -o k2/admix2_k2_run7 
Input File:    admix2.str

Run parameters:
   200 individuals
   48 loci
   2 populations assumed
   500000 Burn-in period
   750000 Reps
RANDOMIZE turned off


--------------------------------------------
Proportion of membership of each pre-defined
 population in each of the 2 clusters

Given    Inferred Clusters       Number of
 Pop       1      2             Individuals

  1:     0.951  0.049              21
  2:     0.930  0.070              34
  3:     0.989  0.011              32
  4:     0.995  0.005              25
  5:     0.965  0.035              30
  6:     0.009  0.991              35
  7:     0.995  0.005              19
  8:     0.960  0.040               4
--------------------------------------------

Allele-freq. divergence among pops (Net nucleotide distance),
computed using point estimates of P.

      1       2      
 1      -    0.0909  
 2   0.0909     -    

Average distances (expected heterozygosity) between individuals in same cluster:
cluster  1  : 0.6184 
cluster  2  : 0.6437 

--------------------------------------------
Estimated Ln Prob of Data   = -23483.9
Mean value of ln likelihood = -23320.0
Variance of ln likelihood   = 327.8
Mean value of alpha         = 0.0572

Mean value of Fst_1         = 0.0885
Mean value of Fst_2         = 0.1378


Inferred ancestry of individuals:
        Label (%Miss) Pop:  Inferred clusters
  1      315    (0)    1 :  0.988 0.012 
  2      565    (0)    1 :  0.935 0.065 
  3      566    (2)    1 :  0.994 0.006 
  4      567    (2)    1 :  0.987 0.013 
  5      877    (0)    1 :  0.991 0.009 
  6      878    (0)    1 :  0.858 0.142 
  7      879    (0)    1 :  0.910 0.090 
  8      880    (0)    1 :  0.913 0.087 
  9      881    (0)    1 :  0.887 0.113 
 10      882    (0)    1 :  0.776 0.224 
 11      883    (0)    1 :  0.902 0.098 
 12      884    (0)    1 :  0.998 0.002 
 13      885    (0)    1 :  0.986 0.014 
 14      886    (0)    1 :  0.974 0.026 
 15      887    (0)    1 :  0.980 0.020 
 16      888    (0)    1 :  0.995 0.005 
 17      889    (0)    1 :  0.972 0.028 
 18      890    (0)    1 :  0.961 0.039 
 19      891    (0)    1 :  0.979 0.021 
 20      892    (0)    1 :  0.994 0.006 
 21      893    (0)    1 :  0.984 0.016 
 22      319    (2)    2 :  0.979 0.021 
 23      335    (0)    2 :  0.948 0.052 
 24      895    (0)    2 :  0.712 0.288 
 25      896    (0)    2 :  0.977 0.023 
 26      897    (0)    2 :  0.985 0.015 
 27      898    (0)    2 :  0.991 0.009 
 28      899    (0)    2 :  0.985 0.015 
 29      900    (0)    2 :  0.969 0.031 
 30      901    (0)    2 :  0.951 0.049 
 31      902    (0)    2 :  0.788 0.212 
 32      903    (0)    2 :  0.956 0.044 
 33      904    (0)    2 :  0.996 0.004 
 34      905    (0)    2 :  0.817 0.183 
 35      906    (0)    2 :  0.848 0.152 
 36      907    (0)    2 :  0.811 0.189 
 37      908    (0)    2 :  0.992 0.008 
 38      909    (0)    2 :  0.990 0.010 
 39      910    (0)    2 :  0.738 0.262 
 40      911    (0)    2 :  0.974 0.026 
 41      912    (0)    2 :  0.985 0.015 
 42      913    (0)    2 :  0.974 0.026 
 43     2411    (0)    2 :  0.969 0.031 
 44     2412    (0)    2 :  0.996 0.004 
 45     2413    (0)    2 :  0.777 0.223 
 46     2414    (0)    2 :  0.942 0.058 
 47     2415    (2)    2 :  0.994 0.006 
 48     2417    (4)    2 :  0.981 0.019 
 49     2418    (4)    2 :  0.867 0.133 
 50     2419    (2)    2 :  0.993 0.007 
 51     2420    (0)    2 :  0.959 0.041 
 52     2421    (0)    2 :  0.983 0.017 
 53     2422    (2)    2 :  0.929 0.071 
 54     2423    (0)    2 :  0.933 0.067 
 55     2576    (0)    2 :  0.937 0.063 
 56      321    (0)    3 :  0.997 0.003 
 57      338    (0)    3 :  0.996 0.004 
 58      339    (0)    3 :  0.976 0.024 
 59      363    (0)    3 :  0.969 0.031 
 60      915    (0)    3 :  0.998 0.002 
 61      917    (0)    3 :  0.997 0.003 
 62      923    (0)    3 :  0.993 0.007 
 63      925    (0)    3 :  0.997 0.003 
 64      931    (0)    3 :  0.996 0.004 
 65      935    (0)    3 :  0.996 0.004 
 66      936    (0)    3 :  0.991 0.009 
 67      937    (0)    3 :  0.996 0.004 
 68      948    (0)    3 :  0.988 0.012 
 69      956    (0)    3 :  0.996 0.004 
 70      957    (0)    3 :  0.994 0.006 
 71      967    (0)    3 :  0.997 0.003 
 72      968    (2)    3 :  0.993 0.007 
 73      969    (2)    3 :  0.993 0.007 
 74      970    (2)    3 :  0.989 0.011 
 75      971    (4)    3 :  0.997 0.003 
 76      972    (0)    3 :  0.995 0.005 
 77      973    (0)    3 :  0.867 0.133 
 78      978    (0)    3 :  0.990 0.010 
 79      979    (0)    3 :  0.993 0.007 
 80      988    (6)    3 :  0.984 0.016 
 81      989    (0)    3 :  0.996 0.004 
 82      990    (0)    3 :  0.993 0.007 
 83      991    (0)    3 :  0.995 0.005 
 84      992    (0)    3 :  0.995 0.005 
 85     1006    (2)    3 :  0.997 0.003 
 86     1017    (0)    3 :  0.993 0.007 
 87     2582    (4)    3 :  0.996 0.004 
 88      328    (0)    4 :  0.995 0.005 
 89      333    (0)    4 :  0.996 0.004 
 90      918    (0)    4 :  0.993 0.007 
 91      919    (0)    4 :  0.997 0.003 
 92      920    (0)    4 :  0.997 0.003 
 93      921    (0)    4 :  0.988 0.012 
 94      922    (0)    4 :  0.996 0.004 
 95      926    (0)    4 :  0.998 0.002 
 96      927    (0)    4 :  0.995 0.005 
 97      928    (0)    4 :  0.996 0.004 
 98      929    (0)    4 :  0.996 0.004 
 99      930    (0)    4 :  0.997 0.003 
100      932    (0)    4 :  0.993 0.007 
101      933    (0)    4 :  0.997 0.003 
102      949    (0)    4 :  0.988 0.012 
103      950    (0)    4 :  0.997 0.003 
104      964    (4)    4 :  0.991 0.009 
105      986    (0)    4 :  0.995 0.005 
106      987    (0)    4 :  0.995 0.005 
107     1001    (4)    4 :  0.997 0.003 
108     1002    (4)    4 :  0.990 0.010 
109     1003    (2)    4 :  0.996 0.004 
110     1004    (0)    4 :  0.995 0.005 
111     1005    (0)    4 :  0.998 0.002 
112     1010    (0)    4 :  0.997 0.003 
113      341    (0)    5 :  0.842 0.158 
114      343    (0)    5 :  0.871 0.129 
115      914    (0)    5 :  0.998 0.002 
116      916    (0)    5 :  0.949 0.051 
117      924    (0)    5 :  0.990 0.010 
118      938    (0)    5 :  0.990 0.010 
119      939    (0)    5 :  0.997 0.003 
120      940    (0)    5 :  0.989 0.011 
121      941    (2)    5 :  0.941 0.059 
122      942    (0)    5 :  0.963 0.037 
123      943    (0)    5 :  0.995 0.005 
124      944    (0)    5 :  0.997 0.003 
125      945    (0)    5 :  0.998 0.002 
126      946    (0)    5 :  0.956 0.044 
127      947    (0)    5 :  0.986 0.014 
128      951    (0)    5 :  0.930 0.070 
129      952    (0)    5 :  0.996 0.004 
130      953    (0)    5 :  0.981 0.019 
131      954    (0)    5 :  0.982 0.018 
132      955    (0)    5 :  0.970 0.030 
133      961    (4)    5 :  0.983 0.017 
134      974    (0)    5 :  0.995 0.005 
135      975    (4)    5 :  0.975 0.025 
136      980    (0)    5 :  0.991 0.009 
137      981    (0)    5 :  0.892 0.108 
138      982    (0)    5 :  0.997 0.003 
139      984    (0)    5 :  0.960 0.040 
140      985    (0)    5 :  0.975 0.025 
141     2578    (4)    5 :  0.865 0.135 
142     2580    (2)    5 :  0.985 0.015 
143     2470    (4)    6 :  0.004 0.996 
144     2471    (0)    6 :  0.007 0.993 
145     2472    (0)    6 :  0.007 0.993 
146     2484    (0)    6 :  0.009 0.991 
147     2486    (2)    6 :  0.004 0.996 
148     2487    (2)    6 :  0.010 0.990 
149     2489    (0)    6 :  0.010 0.990 
150     2596    (2)    6 :  0.007 0.993 
151     1366    (0)    6 :  0.004 0.996 
152     1367    (0)    6 :  0.004 0.996 
153     1368    (0)    6 :  0.023 0.977 
154     1369    (0)    6 :  0.012 0.988 
155     1370    (0)    6 :  0.005 0.995 
156     1371    (0)    6 :  0.004 0.996 
157     1372    (0)    6 :  0.008 0.992 
158     1373    (0)    6 :  0.008 0.992 
159     1374    (0)    6 :  0.004 0.996 
160     1375    (0)    6 :  0.003 0.997 
161     2476    (0)    6 :  0.009 0.991 
162     2478    (2)    6 :  0.007 0.993 
163     2479    (4)    6 :  0.004 0.996 
164     2481    (0)    6 :  0.013 0.987 
165     2483    (4)    6 :  0.004 0.996 
166     2485    (0)    6 :  0.005 0.995 
167     2488    (0)    6 :  0.002 0.998 
168     2490    (0)    6 :  0.005 0.995 
169     2492    (2)    6 :  0.004 0.996 
170     2493    (0)    6 :  0.037 0.963 
171     2494    (2)    6 :  0.010 0.990 
172     2495    (0)    6 :  0.062 0.938 
173     2496    (0)    6 :  0.004 0.996 
174     2497    (2)    6 :  0.004 0.996 
175     2592    (2)    6 :  0.003 0.997 
176     2593    (4)    6 :  0.005 0.995 
177     2595    (2)    6 :  0.005 0.995 
178     2498    (2)    7 :  0.992 0.008 
179     2513    (2)    7 :  0.998 0.002 
180     2514    (2)    7 :  0.994 0.006 
181     2597    (4)    7 :  0.997 0.003 
182     2499    (4)    7 :  0.996 0.004 
183     2500    (0)    7 :  0.989 0.011 
184     2506    (2)    7 :  0.995 0.005 
185     2509    (6)    7 :  0.995 0.005 
186     2511    (2)    7 :  0.995 0.005 
187     2512    (2)    7 :  0.996 0.004 
188     2515    (2)    7 :  0.998 0.002 
189     2516    (2)    7 :  0.998 0.002 
190     2517    (2)    7 :  0.995 0.005 
191     2518    (2)    7 :  0.996 0.004 
192     2519    (0)    7 :  0.997 0.003 
193     2520    (2)    7 :  0.993 0.007 
194     2521    (2)    7 :  0.996 0.004 
195     2603    (4)    7 :  0.993 0.007 
196     2606    (2)    7 :  0.997 0.003 
197     1079    (0)    8 :  0.979 0.021 
198     1081    (0)    8 :  0.994 0.006 
199     1082    (2)    8 :  0.874 0.126 
200     1083    (0)    8 :  0.992 0.008 


Estimated Allele Frequencies in each cluster
First column gives estimated ancestral frequencies


Locus 1 : 1 
4 alleles
0.0% missing data
  89   (0.413) 0.552 0.302 
  91   (0.437) 0.381 0.659 
  93   (0.101) 0.051 0.035 
  99   (0.048) 0.017 0.004 

Locus 2 : 2 
6 alleles
2.5% missing data
 138   (0.256) 0.343 0.224 
 134   (0.206) 0.226 0.185 
 140   (0.119) 0.060 0.115 
 136   (0.290) 0.298 0.455 
 132   (0.048) 0.023 0.004 
 142   (0.081) 0.049 0.018 

Locus 3 : 3 
6 alleles
0.0% missing data
 187   (0.283) 0.304 0.375 
 191   (0.069) 0.023 0.018 
 179   (0.169) 0.258 0.062 
 181   (0.178) 0.254 0.081 
 185   (0.150) 0.079 0.238 
 175   (0.151) 0.082 0.226 

Locus 4 : 4 
9 alleles
0.0% missing data
 247   (0.090) 0.069 0.021 
 253   (0.308) 0.588 0.181 
 239   (0.033) 0.004 0.004 
 241   (0.205) 0.121 0.494 
 271   (0.097) 0.028 0.119 
 269   (0.117) 0.175 0.022 
 245   (0.047) 0.003 0.069 
 249   (0.063) 0.007 0.077 
 273   (0.039) 0.005 0.013 

Locus 5 : 5 
6 alleles
0.5% missing data
 103   (0.635) 0.884 0.713 
 105   (0.126) 0.046 0.174 
 102   (0.044) 0.013 0.004 
 101   (0.034) 0.004 0.003 
 104   (0.111) 0.049 0.076 
 107   (0.050) 0.004 0.030 

Locus 6 : 6 
5 alleles
0.0% missing data
 145   (0.172) 0.447 0.014 
 147   (0.124) 0.032 0.132 
 135   (0.354) 0.185 0.646 
 141   (0.298) 0.334 0.137 
 137   (0.053) 0.002 0.070 

Locus 7 : 7 
10 alleles
1.0% missing data
  97   (0.201) 0.185 0.266 
  91   (0.095) 0.043 0.063 
  93   (0.190) 0.256 0.134 
 103   (0.103) 0.314 0.009 
  85   (0.053) 0.038 0.004 
  89   (0.164) 0.099 0.298 
  83   (0.060) 0.057 0.006 
 105   (0.058) 0.005 0.085 
  99   (0.032) 0.001 0.014 
 101   (0.043) 0.001 0.121 

Locus 8 : 8 
8 alleles
0.0% missing data
 129   (0.378) 0.615 0.314 
 145   (0.033) 0.004 0.004 
 143   (0.244) 0.236 0.300 
 149   (0.160) 0.080 0.281 
 141   (0.058) 0.044 0.005 
 133   (0.043) 0.013 0.003 
 127   (0.052) 0.003 0.090 
 131   (0.033) 0.004 0.003 

Locus 9 : 9 
3 alleles
0.0% missing data
 191   (0.354) 0.366 0.334 
 189   (0.409) 0.479 0.354 
 195   (0.237) 0.155 0.312 

Locus 10 : 10 
7 alleles
0.5% missing data
 232   (0.187) 0.209 0.130 
 238   (0.501) 0.662 0.718 
 250   (0.051) 0.004 0.041 
 254   (0.091) 0.026 0.084 
 252   (0.094) 0.081 0.020 
 248   (0.044) 0.013 0.005 
 236   (0.033) 0.004 0.003 

Locus 11 : 11 
4 alleles
0.0% missing data
  87   (0.600) 0.775 0.519 
  91   (0.134) 0.044 0.174 
  89   (0.217) 0.180 0.162 
  85   (0.049) 0.002 0.145 

Locus 12 : 12 
12 alleles
0.5% missing data
 149   (0.048) 0.035 0.004 
 162   (0.087) 0.269 0.007 
 160   (0.212) 0.210 0.414 
 161   (0.143) 0.094 0.252 
 154   (0.045) 0.016 0.007 
 158   (0.160) 0.251 0.094 
 170   (0.083) 0.047 0.036 
 147   (0.052) 0.050 0.004 
 164   (0.031) 0.004 0.003 
 143   (0.071) 0.011 0.173 
 159   (0.037) 0.010 0.003 
 150   (0.031) 0.004 0.002 

Locus 13 : 13 
4 alleles
0.0% missing data
 115   (0.408) 0.501 0.364 
 113   (0.343) 0.360 0.346 
 108   (0.214) 0.136 0.285 
 109   (0.035) 0.003 0.005 

Locus 14 : 14 
5 alleles
1.5% missing data
 225   (0.137) 0.100 0.067 
 229   (0.463) 0.566 0.485 
 231   (0.187) 0.087 0.355 
 227   (0.099) 0.198 0.008 
 233   (0.115) 0.048 0.086 

Locus 15 : 15 
5 alleles
1.0% missing data
 143   (0.639) 0.871 0.635 
 145   (0.154) 0.071 0.192 
 133   (0.045) 0.010 0.006 
 147   (0.127) 0.044 0.165 
 157   (0.035) 0.004 0.003 

Locus 16 : 16 
5 alleles
0.0% missing data
 156   (0.224) 0.231 0.166 
 158   (0.403) 0.567 0.330 
 154   (0.160) 0.058 0.365 
 160   (0.175) 0.137 0.136 
 152   (0.039) 0.007 0.003 

Locus 17 : 17 
5 alleles
0.0% missing data
  90   (0.492) 0.667 0.345 
  88   (0.179) 0.058 0.428 
 102   (0.187) 0.250 0.052 
 100   (0.107) 0.021 0.172 
 104   (0.036) 0.004 0.003 

Locus 18 : 18 
8 alleles
0.5% missing data
 127   (0.186) 0.244 0.150 
 140   (0.224) 0.249 0.314 
 142   (0.117) 0.164 0.033 
 148   (0.119) 0.095 0.079 
 150   (0.138) 0.083 0.210 
 138   (0.053) 0.044 0.004 
 146   (0.066) 0.096 0.005 
 128   (0.097) 0.025 0.205 

Locus 19 : 19 
7 alleles
0.5% missing data
 188   (0.093) 0.172 0.009 
 190   (0.147) 0.170 0.050 
 194   (0.458) 0.559 0.557 
 200   (0.174) 0.091 0.286 
 202   (0.055) 0.004 0.053 
 196   (0.034) 0.003 0.007 
 198   (0.039) 0.001 0.039 

Locus 20 : 20 
6 alleles
1.0% missing data
 252   (0.350) 0.772 0.080 
 246   (0.173) 0.073 0.222 
 248   (0.049) 0.014 0.004 
 254   (0.166) 0.062 0.241 
 250   (0.198) 0.073 0.406 
 244   (0.065) 0.006 0.047 

Locus 21 : 21 
7 alleles
0.0% missing data
 173   (0.262) 0.380 0.195 
 175   (0.184) 0.090 0.481 
 163   (0.099) 0.030 0.115 
 167   (0.153) 0.166 0.078 
 177   (0.158) 0.285 0.040 
 159   (0.051) 0.022 0.006 
 165   (0.093) 0.028 0.085 

Locus 22 : 22 
11 alleles
2.0% missing data
 146   (0.092) 0.238 0.008 
 152   (0.234) 0.515 0.099 
 158   (0.141) 0.052 0.428 
 166   (0.067) 0.092 0.006 
 162   (0.103) 0.036 0.142 
 164   (0.073) 0.014 0.067 
 148   (0.032) 0.004 0.003 
 142   (0.064) 0.011 0.040 
 150   (0.086) 0.020 0.103 
 156   (0.068) 0.008 0.100 
 154   (0.039) 0.011 0.003 

Locus 23 : 23 
7 alleles
1.0% missing data
 154   (0.331) 0.580 0.196 
 144   (0.217) 0.195 0.234 
 156   (0.191) 0.102 0.396 
 160   (0.101) 0.098 0.021 
 158   (0.087) 0.015 0.146 
 146   (0.039) 0.007 0.004 
 152   (0.033) 0.004 0.003 

Locus 24 : 24 
4 alleles
0.5% missing data
  83   (0.437) 0.422 0.589 
  77   (0.077) 0.097 0.006 
  81   (0.368) 0.394 0.370 
  85   (0.118) 0.088 0.036 

Locus 25 : 25 
6 alleles
0.0% missing data
 124   (0.486) 0.533 0.499 
 132   (0.135) 0.355 0.011 
 122   (0.195) 0.075 0.434 
 120   (0.073) 0.013 0.034 
 136   (0.044) 0.010 0.004 
 126   (0.067) 0.014 0.019 

Locus 26 : 26 
7 alleles
0.0% missing data
 183   (0.300) 0.355 0.223 
 175   (0.122) 0.304 0.011 
 179   (0.176) 0.080 0.289 
 165   (0.207) 0.233 0.108 
 181   (0.115) 0.023 0.266 
 157   (0.035) 0.004 0.004 
 185   (0.046) 0.001 0.099 

Locus 27 : 27 
4 alleles
0.0% missing data
 142   (0.518) 0.687 0.529 
 148   (0.213) 0.149 0.269 
 150   (0.180) 0.129 0.168 
 138   (0.089) 0.035 0.033 

Locus 28 : 28 
6 alleles
1.0% missing data
 256   (0.123) 0.065 0.089 
 262   (0.437) 0.453 0.675 
 260   (0.315) 0.447 0.226 
 258   (0.043) 0.010 0.004 
 264   (0.048) 0.020 0.004 
 266   (0.034) 0.004 0.003 

Locus 29 : 29 
7 alleles
1.0% missing data
 150   (0.311) 0.504 0.230 
 146   (0.246) 0.240 0.320 
 140   (0.224) 0.167 0.394 
 148   (0.099) 0.054 0.046 
 152   (0.049) 0.023 0.004 
 151   (0.037) 0.007 0.003 
 142   (0.033) 0.004 0.003 

Locus 30 : 30 
6 alleles
0.0% missing data
 129   (0.257) 0.486 0.078 
 125   (0.233) 0.258 0.147 
 131   (0.119) 0.038 0.145 
 123   (0.184) 0.160 0.118 
 127   (0.173) 0.054 0.509 
 121   (0.035) 0.004 0.003 

Locus 31 : 31 
6 alleles
0.5% missing data
 155   (0.388) 0.529 0.414 
 159   (0.207) 0.196 0.199 
 157   (0.158) 0.195 0.063 
 153   (0.148) 0.059 0.304 
 151   (0.066) 0.017 0.018 
 163   (0.033) 0.004 0.003 

Locus 32 : 32 
5 alleles
1.0% missing data
  91   (0.325) 0.471 0.229 
  92   (0.342) 0.332 0.480 
  95   (0.198) 0.140 0.239 
  94   (0.101) 0.056 0.038 
  90   (0.034) 0.001 0.014 

Locus 33 : 33 
5 alleles
0.0% missing data
 146   (0.364) 0.297 0.638 
 150   (0.382) 0.597 0.243 
 148   (0.108) 0.057 0.046 
 154   (0.099) 0.032 0.069 
 152   (0.047) 0.017 0.004 

Locus 34 : 34 
7 alleles
0.0% missing data
 180   (0.306) 0.411 0.361 
 184   (0.199) 0.232 0.170 
 198   (0.127) 0.049 0.252 
 192   (0.171) 0.150 0.177 
 196   (0.116) 0.130 0.034 
 190   (0.045) 0.020 0.003 
 194   (0.036) 0.007 0.003 

Locus 35 : 35 
5 alleles
0.0% missing data
 108   (0.231) 0.098 0.577 
 112   (0.228) 0.414 0.057 
 106   (0.303) 0.322 0.237 
 110   (0.187) 0.146 0.125 
  90   (0.051) 0.020 0.005 

Locus 36 : 36 
9 alleles
0.0% missing data
 166   (0.063) 0.087 0.005 
 170   (0.229) 0.254 0.336 
 174   (0.124) 0.151 0.049 
 178   (0.051) 0.035 0.005 
 172   (0.219) 0.359 0.163 
 168   (0.106) 0.027 0.314 
 176   (0.115) 0.068 0.109 
 158   (0.032) 0.004 0.003 
 186   (0.061) 0.017 0.016 

Locus 37 : 37 
6 alleles
0.0% missing data
  85   (0.115) 0.154 0.022 
  91   (0.057) 0.006 0.035 
  89   (0.478) 0.613 0.596 
  83   (0.186) 0.108 0.308 
  81   (0.064) 0.059 0.006 
  95   (0.099) 0.060 0.033 

Locus 38 : 38 
10 alleles
0.0% missing data
 165   (0.179) 0.235 0.121 
 173   (0.201) 0.254 0.178 
 161   (0.320) 0.343 0.675 
 167   (0.039) 0.010 0.004 
 169   (0.069) 0.108 0.006 
 168   (0.037) 0.007 0.004 
 155   (0.044) 0.016 0.004 
 175   (0.043) 0.016 0.003 
 159   (0.037) 0.007 0.003 
 177   (0.032) 0.004 0.003 

Locus 39 : 39 
5 alleles
1.5% missing data
  81   (0.078) 0.097 0.007 
  89   (0.362) 0.529 0.241 
  85   (0.221) 0.185 0.216 
  91   (0.165) 0.122 0.117 
  87   (0.175) 0.066 0.419 

Locus 40 : 40 
4 alleles
1.0% missing data
 161   (0.278) 0.174 0.445 
 167   (0.569) 0.786 0.429 
 165   (0.118) 0.036 0.123 
 177   (0.036) 0.004 0.003 

Locus 41 : 41 
6 alleles
1.0% missing data
 238   (0.225) 0.344 0.078 
 228   (0.296) 0.477 0.128 
 236   (0.158) 0.062 0.266 
 240   (0.215) 0.097 0.502 
 224   (0.070) 0.016 0.021 
 232   (0.035) 0.003 0.006 

Locus 42 : 42 
7 alleles
0.0% missing data
 130   (0.466) 0.514 0.720 
 134   (0.157) 0.095 0.177 
 114   (0.057) 0.038 0.005 
 128   (0.086) 0.154 0.007 
 118   (0.118) 0.064 0.080 
 132   (0.082) 0.132 0.007 
 136   (0.034) 0.004 0.004 

Locus 43 : 43 
5 alleles
0.5% missing data
  98   (0.186) 0.096 0.253 
 104   (0.354) 0.454 0.241 
  92   (0.197) 0.101 0.306 
 102   (0.124) 0.301 0.011 
  96   (0.139) 0.049 0.190 

Locus 44 : 44 
5 alleles
0.0% missing data
  99   (0.175) 0.123 0.190 
 103   (0.221) 0.325 0.108 
 101   (0.297) 0.314 0.350 
  95   (0.258) 0.234 0.336 
  97   (0.048) 0.004 0.017 

Locus 45 : 45 
6 alleles
0.5% missing data
 181   (0.333) 0.634 0.143 
 183   (0.040) 0.007 0.004 
 177   (0.118) 0.052 0.090 
 191   (0.336) 0.258 0.637 
 179   (0.105) 0.031 0.110 
 193   (0.068) 0.017 0.017 

Locus 46 : 46 
6 alleles
1.5% missing data
 205   (0.333) 0.503 0.315 
 215   (0.132) 0.064 0.178 
 211   (0.232) 0.202 0.363 
 207   (0.150) 0.167 0.075 
 201   (0.101) 0.057 0.050 
 202   (0.053) 0.007 0.019 

Locus 47 : 47 
9 alleles
1.5% missing data
 142   (0.222) 0.430 0.149 
 162   (0.091) 0.026 0.154 
 144   (0.080) 0.086 0.016 
 158   (0.139) 0.127 0.129 
 168   (0.150) 0.115 0.226 
 164   (0.101) 0.035 0.179 
 156   (0.068) 0.011 0.089 
 166   (0.097) 0.166 0.017 
 170   (0.050) 0.004 0.041 

Locus 48 : 48 
6 alleles
14.0% missing data
 145   (0.143) 0.158 0.049 
 153   (0.174) 0.291 0.046 
 143   (0.067) 0.009 0.066 
 151   (0.177) 0.186 0.098 
 149   (0.392) 0.345 0.732 
 147   (0.047) 0.011 0.009 

Values of parameters used in structure:
DATAFILE=admix2.str,	OUTFILE=k2/admix2_k2_run7,	NUMINDS=200,	NUMLOCI=48,	MISSING=-9,	LABEL=1,	POPDATA=1,	POPFLAG=0,	PHENOTYPE=0,	EXTRACOLS=0,	MAXPOPS=2,	BURNIN=500000,	NUMREPS=750000,	USEPOPINFO=0,	INFERALPHA=1,	INFERLAMBDA=0,	POPSPECIFICLAMBDA=0,	POPALPHAS=0,	COMPUTEPROB=1,	NOADMIX=0,	ADMBURNIN=500,	UPDATEFREQ=100,	PRINTLIKES=0,	INTERMEDSAVE=0,	PRINTKLD=0,	PRINTNET=1,	PRINTLAMBDA=1,	ANCESTDIST=0,	NUMBOXES=1000,	ANCESTPINT=0.90000,	GENSBACK=2,	MIGRPRIOR=0.01000,	PRINTQHAT=0,	PRINTQSUM=1,	ALPHA=1.0000,	FREQSCORR=1,	FPRIORMEAN=0.0100,	FPRIORSD=0.0500,	ONEFST=0,	LAMBDA=1.0000,	UNIFPRIORALPHA=1,	ALPHAMAX=10.0000,	ALPHAPRIORA=1.0000,	ALPHAPRIORB=2.0000,	ALPHAPROPSD=0.0250,	STARTATPOPINFO=0,	RANDOMIZE=0,	LINKAGE=0,	METROFREQ=10,	REPORTHITRATE=0,	MARKOVPHASE=0,	PHASED=1,	PLOIDY=2,	PHASEINFO=0	LOCPRIOR=0, 	LOCPRIORINIT=1.000000, 	LOCDATA=0, 	LOCISPOP=1, 	LOCPRIORSTEP=0.100000, 	MAXLOCPRIOR=20.000000, 	SEED=995082,	
[STRAT parameters]:    NUMSIMSTATS=1000,	PHENOTYPECOL=-9,	POOLFREQ=10,	LOCUSxONLY=0,	EMERROR=0.00100,	MISSINGPHENO=-9,	