

----------------------------------------------------
STRUCTURE by Pritchard, Stephens and Donnelly (2000)
     and Falush, Stephens and Pritchard (2003)
       Code by Pritchard, Falush and Hubisz
             Version 2.3.4 (Jul 2012)
----------------------------------------------------



Command line arguments:   structure -D 792770 -K 4 -m mainparams -o k4/admix1_k4_run10 
Input File:    admix1.str

Run parameters:
   150 individuals
   48 loci
   4 populations assumed
   500000 Burn-in period
   750000 Reps
RANDOMIZE turned off


--------------------------------------------
Proportion of membership of each pre-defined
 population in each of the 4 clusters

Given    Inferred Clusters              Number of
 Pop       1      2      3      4      Individuals

  1:     0.027  0.036  0.399  0.538       10
  2:     0.091  0.101  0.430  0.378       24
  3:     0.163  0.021  0.188  0.628       13
  4:     0.053  0.016  0.175  0.755       11
  5:     0.110  0.032  0.481  0.377       23
  6:     0.005  0.978  0.009  0.007       30
  7:     0.943  0.006  0.022  0.028       39
--------------------------------------------

Allele-freq. divergence among pops (Net nucleotide distance),
computed using point estimates of P.

      1       2       3       4      
 1      -    0.1154  0.0296  0.0325  
 2   0.1154     -    0.0559  0.0747  
 3   0.0296  0.0559     -    0.0067  
 4   0.0325  0.0747  0.0067     -    

Average distances (expected heterozygosity) between individuals in same cluster:
cluster  1  : 0.5569 
cluster  2  : 0.6422 
cluster  3  : 0.6550 
cluster  4  : 0.6208 

--------------------------------------------
Estimated Ln Prob of Data   = -17602.5
Mean value of ln likelihood = -17029.1
Variance of ln likelihood   = 1146.8
Mean value of alpha         = 0.0536

Mean value of Fst_1         = 0.1285
Mean value of Fst_2         = 0.1469
Mean value of Fst_3         = 0.0101
Mean value of Fst_4         = 0.0417


Inferred ancestry of individuals:
        Label (%Miss) Pop:  Inferred clusters
  1     2355    (0)    1 :  0.019 0.022 0.305 0.654 
  2     2356    (0)    1 :  0.005 0.019 0.416 0.560 
  3     2357    (0)    1 :  0.083 0.002 0.020 0.895 
  4     2358    (0)    1 :  0.010 0.013 0.886 0.091 
  5     2359    (0)    1 :  0.031 0.004 0.366 0.599 
  6     2360    (0)    1 :  0.009 0.105 0.050 0.836 
  7     2361    (2)    1 :  0.060 0.004 0.850 0.085 
  8     2362    (0)    1 :  0.019 0.011 0.494 0.475 
  9     2363    (0)    1 :  0.011 0.153 0.324 0.511 
 10     2364    (0)    1 :  0.025 0.024 0.279 0.672 
 11     2434    (0)    2 :  0.028 0.050 0.683 0.240 
 12     2435    (0)    2 :  0.010 0.147 0.674 0.168 
 13     2436    (0)    2 :  0.007 0.211 0.315 0.467 
 14     2437    (0)    2 :  0.012 0.261 0.566 0.161 
 15     2438    (0)    2 :  0.009 0.013 0.947 0.030 
 16     2439    (0)    2 :  0.017 0.010 0.099 0.874 
 17     2440    (0)    2 :  0.011 0.090 0.163 0.736 
 18     2441    (0)    2 :  0.067 0.116 0.767 0.049 
 19     2442    (0)    2 :  0.014 0.174 0.721 0.091 
 20     2443    (0)    2 :  0.029 0.026 0.591 0.354 
 21     2444    (0)    2 :  0.027 0.099 0.102 0.772 
 22     2446    (0)    2 :  0.035 0.027 0.094 0.845 
 23     2447    (0)    2 :  0.030 0.012 0.913 0.045 
 24     2448    (0)    2 :  0.869 0.006 0.053 0.073 
 25     2449    (0)    2 :  0.006 0.293 0.099 0.602 
 26     2450    (0)    2 :  0.006 0.282 0.101 0.611 
 27     2451    (0)    2 :  0.024 0.269 0.498 0.209 
 28     2452    (0)    2 :  0.108 0.006 0.036 0.850 
 29     2453    (0)    2 :  0.060 0.007 0.915 0.018 
 30     2454    (0)    2 :  0.631 0.009 0.100 0.261 
 31     2455    (0)    2 :  0.009 0.023 0.169 0.799 
 32     2456    (0)    2 :  0.097 0.008 0.868 0.026 
 33     2457    (0)    2 :  0.019 0.089 0.127 0.765 
 34     2458    (0)    2 :  0.054 0.193 0.718 0.035 
 35     2398    (0)    3 :  0.033 0.003 0.105 0.859 
 36     2399    (0)    3 :  0.022 0.029 0.360 0.589 
 37     2400    (0)    3 :  0.078 0.007 0.451 0.464 
 38     2401    (0)    3 :  0.056 0.003 0.050 0.890 
 39     2402    (0)    3 :  0.513 0.188 0.055 0.243 
 40     2403    (0)    3 :  0.005 0.003 0.010 0.983 
 41     2404    (0)    3 :  0.043 0.002 0.020 0.935 
 42     2405    (0)    3 :  0.009 0.006 0.719 0.266 
 43     2406    (0)    3 :  0.318 0.003 0.151 0.528 
 44     2407    (0)    3 :  0.646 0.009 0.173 0.173 
 45     2408    (0)    3 :  0.219 0.011 0.274 0.496 
 46     2409    (0)    3 :  0.140 0.004 0.067 0.789 
 47     2410    (0)    3 :  0.035 0.002 0.011 0.951 
 48     2459    (0)    4 :  0.036 0.020 0.135 0.809 
 49     2460    (0)    4 :  0.284 0.013 0.527 0.176 
 50     2461    (0)    4 :  0.008 0.005 0.031 0.956 
 51     2462    (4)    4 :  0.074 0.014 0.133 0.779 
 52     2463    (0)    4 :  0.024 0.004 0.039 0.933 
 53     2464    (2)    4 :  0.015 0.049 0.093 0.843 
 54     2465    (0)    4 :  0.033 0.009 0.089 0.869 
 55     2466    (2)    4 :  0.021 0.006 0.039 0.935 
 56     2467    (0)    4 :  0.055 0.024 0.725 0.195 
 57     2468    (0)    4 :  0.015 0.009 0.056 0.920 
 58     2469    (0)    4 :  0.022 0.020 0.064 0.894 
 59     2369    (0)    5 :  0.414 0.009 0.294 0.283 
 60     2370    (0)    5 :  0.043 0.004 0.442 0.511 
 61     2372    (0)    5 :  0.022 0.008 0.146 0.824 
 62     2373    (0)    5 :  0.147 0.236 0.578 0.039 
 63     2374    (0)    5 :  0.011 0.003 0.020 0.966 
 64     2375    (0)    5 :  0.010 0.010 0.343 0.638 
 65     2376    (0)    5 :  0.058 0.012 0.393 0.537 
 66     2377    (0)    5 :  0.302 0.029 0.315 0.354 
 67     2378    (0)    5 :  0.090 0.003 0.559 0.349 
 68     2379    (0)    5 :  0.015 0.012 0.952 0.021 
 69     2380    (0)    5 :  0.014 0.003 0.058 0.925 
 70     2381    (0)    5 :  0.222 0.003 0.583 0.192 
 71     2382    (0)    5 :  0.004 0.090 0.251 0.654 
 72     2383    (0)    5 :  0.175 0.014 0.236 0.575 
 73     2384    (0)    5 :  0.018 0.023 0.636 0.324 
 74     2385    (0)    5 :  0.022 0.020 0.896 0.061 
 75     2386    (0)    5 :  0.109 0.004 0.401 0.486 
 76     2387    (0)    5 :  0.057 0.005 0.778 0.160 
 77     2388    (0)    5 :  0.006 0.010 0.964 0.021 
 78     2389    (2)    5 :  0.007 0.194 0.469 0.329 
 79     2390    (0)    5 :  0.011 0.033 0.933 0.023 
 80     2391    (0)    5 :  0.389 0.005 0.520 0.086 
 81     2392    (0)    5 :  0.388 0.012 0.297 0.303 
 82     1408    (0)    6 :  0.003 0.981 0.011 0.006 
 83     1409    (0)    6 :  0.003 0.984 0.006 0.006 
 84     1410    (0)    6 :  0.003 0.991 0.004 0.003 
 85     1411    (0)    6 :  0.004 0.985 0.006 0.006 
 86     1412    (0)    6 :  0.003 0.985 0.007 0.005 
 87     1413    (0)    6 :  0.003 0.984 0.007 0.005 
 88     1414    (0)    6 :  0.002 0.992 0.003 0.002 
 89     1415    (0)    6 :  0.004 0.987 0.005 0.005 
 90     1416    (0)    6 :  0.005 0.986 0.005 0.004 
 91     1417    (0)    6 :  0.002 0.990 0.005 0.004 
 92     1418    (0)    6 :  0.003 0.980 0.009 0.008 
 93     1419    (0)    6 :  0.003 0.989 0.005 0.004 
 94     1420    (0)    6 :  0.005 0.981 0.007 0.007 
 95     1421    (0)    6 :  0.005 0.969 0.016 0.011 
 96     1422    (0)    6 :  0.003 0.988 0.006 0.004 
 97     1423    (0)    6 :  0.003 0.984 0.009 0.004 
 98     1424    (0)    6 :  0.007 0.957 0.016 0.019 
 99     1425    (0)    6 :  0.010 0.970 0.011 0.008 
100     1426    (0)    6 :  0.007 0.970 0.013 0.010 
101     1427    (0)    6 :  0.012 0.952 0.020 0.016 
102     1428    (0)    6 :  0.003 0.989 0.004 0.004 
103     1429    (0)    6 :  0.008 0.982 0.005 0.005 
104     1430    (0)    6 :  0.004 0.980 0.011 0.005 
105     1431    (0)    6 :  0.016 0.943 0.026 0.015 
106     1432    (0)    6 :  0.003 0.989 0.005 0.003 
107     1433    (0)    6 :  0.004 0.983 0.008 0.006 
108     1434    (0)    6 :  0.014 0.958 0.014 0.014 
109     1435    (0)    6 :  0.005 0.966 0.017 0.012 
110     1436    (0)    6 :  0.014 0.949 0.020 0.017 
111     1437    (0)    6 :  0.003 0.990 0.003 0.003 
112     2229    (0)    7 :  0.988 0.003 0.005 0.005 
113     2230    (0)    7 :  0.959 0.003 0.017 0.022 
114     2235    (0)    7 :  0.925 0.021 0.041 0.013 
115     2236    (0)    7 :  0.854 0.007 0.058 0.081 
116     2237    (0)    7 :  0.909 0.013 0.011 0.067 
117     2238    (0)    7 :  0.987 0.002 0.004 0.006 
118     2239    (0)    7 :  0.986 0.002 0.006 0.006 
119     2240    (0)    7 :  0.960 0.005 0.016 0.019 
120     2241    (0)    7 :  0.905 0.030 0.047 0.018 
121     2242    (0)    7 :  0.932 0.003 0.027 0.038 
122     2243    (0)    7 :  0.942 0.004 0.015 0.039 
123     2244    (0)    7 :  0.963 0.002 0.009 0.025 
124     2245    (0)    7 :  0.981 0.006 0.006 0.007 
125     2246    (0)    7 :  0.980 0.003 0.008 0.009 
126     2247    (0)    7 :  0.977 0.003 0.008 0.011 
127     2248    (0)    7 :  0.988 0.002 0.005 0.005 
128     2249    (0)    7 :  0.883 0.009 0.092 0.016 
129     2250    (0)    7 :  0.992 0.002 0.004 0.003 
130     2251    (0)    7 :  0.958 0.012 0.017 0.014 
131     2252    (0)    7 :  0.986 0.004 0.006 0.004 
132     2253    (0)    7 :  0.904 0.004 0.062 0.030 
133     2254    (0)    7 :  0.760 0.005 0.054 0.180 
134     2255    (0)    7 :  0.963 0.004 0.021 0.013 
135     2256    (0)    7 :  0.660 0.002 0.085 0.252 
136     2257    (0)    7 :  0.974 0.011 0.007 0.008 
137     2258    (0)    7 :  0.941 0.004 0.021 0.035 
138     2259    (0)    7 :  0.987 0.002 0.005 0.007 
139     2260    (0)    7 :  0.980 0.003 0.009 0.008 
140     2261    (0)    7 :  0.980 0.005 0.007 0.008 
141     2262    (0)    7 :  0.987 0.003 0.004 0.006 
142     2263    (0)    7 :  0.981 0.007 0.006 0.006 
143     2264    (0)    7 :  0.978 0.004 0.012 0.006 
144     2265    (0)    7 :  0.947 0.007 0.015 0.031 
145     2266    (0)    7 :  0.939 0.003 0.015 0.042 
146     2267    (0)    7 :  0.982 0.002 0.006 0.010 
147     2268    (0)    7 :  0.967 0.007 0.012 0.014 
148     2269    (0)    7 :  0.986 0.004 0.006 0.005 
149     2270    (0)    7 :  0.978 0.006 0.009 0.007 
150     2271    (0)    7 :  0.835 0.017 0.117 0.031 


Estimated Allele Frequencies in each cluster
First column gives estimated ancestral frequencies


Locus 1 : 1 
4 alleles
0.0% missing data
  91   (0.345) 0.369 0.553 0.342 0.299 
  89   (0.518) 0.569 0.409 0.521 0.555 
  93   (0.110) 0.058 0.036 0.103 0.137 
  99   (0.027) 0.003 0.002 0.033 0.008 

Locus 2 : 2 
6 alleles
0.0% missing data
 134   (0.250) 0.156 0.115 0.244 0.357 
 136   (0.346) 0.562 0.552 0.340 0.324 
 140   (0.096) 0.044 0.060 0.094 0.078 
 138   (0.250) 0.233 0.239 0.267 0.214 
 142   (0.024) 0.002 0.030 0.019 0.008 
 132   (0.034) 0.003 0.003 0.036 0.019 

Locus 3 : 3 
6 alleles
0.0% missing data
 179   (0.297) 0.313 0.155 0.295 0.380 
 187   (0.307) 0.472 0.354 0.317 0.225 
 185   (0.104) 0.008 0.218 0.103 0.098 
 191   (0.036) 0.011 0.003 0.027 0.062 
 181   (0.187) 0.191 0.091 0.184 0.197 
 175   (0.069) 0.005 0.178 0.073 0.039 

Locus 4 : 4 
10 alleles
0.0% missing data
 241   (0.186) 0.078 0.431 0.189 0.172 
 247   (0.074) 0.006 0.023 0.080 0.071 
 253   (0.351) 0.673 0.137 0.354 0.453 
 273   (0.021) 0.002 0.002 0.019 0.012 
 269   (0.184) 0.144 0.046 0.199 0.195 
 271   (0.076) 0.025 0.195 0.066 0.059 
 249   (0.051) 0.067 0.061 0.042 0.024 
 245   (0.026) 0.002 0.101 0.022 0.006 
 265   (0.015) 0.002 0.001 0.014 0.005 
 239   (0.016) 0.002 0.003 0.014 0.004 

Locus 5 : 5 
4 alleles
0.0% missing data
 103   (0.883) 0.960 0.785 0.896 0.936 
 105   (0.059) 0.004 0.183 0.052 0.046 
 102   (0.022) 0.002 0.002 0.025 0.007 
 104   (0.036) 0.034 0.030 0.027 0.012 

Locus 6 : 6 
5 alleles
0.0% missing data
 135   (0.356) 0.186 0.690 0.357 0.264 
 145   (0.294) 0.150 0.027 0.301 0.494 
 141   (0.266) 0.609 0.090 0.269 0.217 
 147   (0.057) 0.053 0.123 0.050 0.018 
 137   (0.027) 0.002 0.070 0.023 0.007 

Locus 7 : 7 
10 alleles
0.7% missing data
  97   (0.193) 0.191 0.122 0.195 0.194 
 103   (0.261) 0.306 0.025 0.290 0.360 
  89   (0.094) 0.060 0.175 0.089 0.068 
  93   (0.250) 0.373 0.343 0.254 0.200 
  83   (0.041) 0.004 0.004 0.041 0.082 
  99   (0.028) 0.002 0.035 0.025 0.012 
  85   (0.035) 0.007 0.003 0.029 0.049 
  91   (0.045) 0.046 0.099 0.039 0.012 
 105   (0.022) 0.002 0.076 0.016 0.010 
 101   (0.031) 0.009 0.118 0.022 0.014 

Locus 8 : 8 
8 alleles
0.0% missing data
 129   (0.564) 0.736 0.397 0.579 0.636 
 143   (0.233) 0.071 0.303 0.242 0.249 
 141   (0.057) 0.078 0.005 0.051 0.053 
 149   (0.063) 0.100 0.258 0.056 0.023 
 133   (0.027) 0.003 0.004 0.028 0.017 
 145   (0.016) 0.001 0.001 0.012 0.012 
 127   (0.024) 0.002 0.030 0.020 0.007 
 131   (0.016) 0.009 0.002 0.011 0.004 

Locus 9 : 9 
4 alleles
0.0% missing data
 189   (0.474) 0.276 0.317 0.505 0.483 
 191   (0.318) 0.609 0.274 0.306 0.310 
 195   (0.184) 0.103 0.406 0.170 0.200 
 193   (0.024) 0.011 0.003 0.019 0.008 

Locus 10 : 10 
6 alleles
0.0% missing data
 250   (0.052) 0.004 0.160 0.050 0.026 
 254   (0.057) 0.013 0.024 0.052 0.037 
 252   (0.109) 0.178 0.071 0.097 0.092 
 238   (0.552) 0.447 0.671 0.554 0.649 
 232   (0.205) 0.354 0.071 0.220 0.179 
 248   (0.024) 0.003 0.002 0.027 0.018 

Locus 11 : 11 
4 alleles
0.0% missing data
  87   (0.723) 0.656 0.506 0.754 0.757 
  89   (0.185) 0.268 0.106 0.171 0.199 
  91   (0.067) 0.074 0.330 0.053 0.038 
  85   (0.026) 0.002 0.058 0.022 0.006 

Locus 12 : 12 
11 alleles
0.0% missing data
 160   (0.262) 0.226 0.494 0.259 0.281 
 158   (0.207) 0.409 0.060 0.216 0.206 
 162   (0.194) 0.161 0.018 0.211 0.267 
 170   (0.072) 0.015 0.129 0.077 0.057 
 161   (0.108) 0.057 0.216 0.105 0.079 
 154   (0.034) 0.003 0.016 0.035 0.013 
 143   (0.030) 0.002 0.058 0.025 0.013 
 149   (0.028) 0.003 0.003 0.024 0.032 
 147   (0.033) 0.121 0.003 0.024 0.030 
 159   (0.015) 0.001 0.001 0.011 0.012 
 134   (0.015) 0.001 0.001 0.012 0.008 

Locus 13 : 13 
4 alleles
0.0% missing data
 113   (0.333) 0.347 0.287 0.344 0.297 
 115   (0.481) 0.485 0.479 0.478 0.546 
 108   (0.170) 0.167 0.232 0.164 0.152 
 110   (0.016) 0.001 0.002 0.014 0.005 

Locus 14 : 14 
7 alleles
0.0% missing data
 225   (0.152) 0.084 0.076 0.154 0.130 
 229   (0.459) 0.576 0.364 0.488 0.429 
 227   (0.105) 0.153 0.010 0.087 0.256 
 231   (0.196) 0.113 0.426 0.193 0.149 
 213   (0.016) 0.001 0.002 0.015 0.004 
 233   (0.057) 0.072 0.121 0.051 0.019 
 203   (0.016) 0.001 0.001 0.011 0.012 

Locus 15 : 15 
4 alleles
0.7% missing data
 143   (0.898) 0.987 0.806 0.915 0.932 
 145   (0.057) 0.009 0.113 0.049 0.047 
 147   (0.029) 0.002 0.080 0.020 0.017 
 157   (0.016) 0.001 0.001 0.016 0.004 

Locus 16 : 16 
5 alleles
0.0% missing data
 158   (0.495) 0.661 0.315 0.508 0.520 
 156   (0.254) 0.188 0.248 0.237 0.304 
 154   (0.088) 0.047 0.336 0.090 0.034 
 160   (0.147) 0.102 0.098 0.153 0.133 
 152   (0.016) 0.003 0.001 0.012 0.009 

Locus 17 : 17 
5 alleles
0.0% missing data
  90   (0.646) 0.778 0.446 0.661 0.676 
 100   (0.115) 0.012 0.159 0.115 0.126 
 102   (0.156) 0.195 0.100 0.150 0.143 
 104   (0.016) 0.001 0.001 0.016 0.004 
  88   (0.067) 0.013 0.293 0.058 0.052 

Locus 18 : 18 
7 alleles
0.0% missing data
 127   (0.275) 0.169 0.399 0.286 0.245 
 140   (0.268) 0.116 0.241 0.262 0.361 
 142   (0.147) 0.487 0.025 0.163 0.088 
 148   (0.098) 0.094 0.068 0.085 0.101 
 146   (0.090) 0.113 0.009 0.091 0.076 
 138   (0.058) 0.015 0.005 0.058 0.065 
 150   (0.064) 0.006 0.252 0.055 0.064 

Locus 19 : 19 
6 alleles
0.0% missing data
 190   (0.104) 0.323 0.038 0.084 0.124 
 194   (0.562) 0.524 0.592 0.584 0.553 
 202   (0.052) 0.005 0.062 0.052 0.023 
 188   (0.150) 0.137 0.014 0.159 0.144 
 200   (0.116) 0.010 0.292 0.107 0.151 
 198   (0.016) 0.001 0.002 0.014 0.005 

Locus 20 : 20 
6 alleles
0.0% missing data
 252   (0.600) 0.772 0.126 0.619 0.749 
 246   (0.119) 0.015 0.159 0.117 0.127 
 248   (0.022) 0.002 0.002 0.024 0.009 
 244   (0.049) 0.063 0.076 0.039 0.020 
 250   (0.118) 0.118 0.355 0.114 0.046 
 254   (0.091) 0.030 0.283 0.086 0.048 

Locus 21 : 21 
7 alleles
0.0% missing data
 167   (0.238) 0.265 0.099 0.226 0.365 
 173   (0.292) 0.311 0.267 0.296 0.302 
 163   (0.059) 0.005 0.117 0.067 0.020 
 177   (0.215) 0.355 0.078 0.242 0.133 
 175   (0.113) 0.056 0.231 0.097 0.127 
 165   (0.066) 0.007 0.179 0.061 0.049 
 159   (0.017) 0.001 0.029 0.011 0.004 

Locus 22 : 22 
11 alleles
0.0% missing data
 152   (0.411) 0.531 0.130 0.448 0.446 
 158   (0.107) 0.012 0.406 0.101 0.116 
 146   (0.159) 0.275 0.014 0.158 0.241 
 150   (0.059) 0.024 0.150 0.054 0.032 
 156   (0.030) 0.003 0.032 0.024 0.017 
 162   (0.038) 0.003 0.183 0.031 0.023 
 166   (0.064) 0.053 0.006 0.060 0.060 
 164   (0.050) 0.009 0.016 0.055 0.029 
 148   (0.034) 0.003 0.018 0.037 0.010 
 142   (0.029) 0.002 0.044 0.021 0.023 
 154   (0.018) 0.085 0.001 0.012 0.004 

Locus 23 : 23 
6 alleles
0.7% missing data
 144   (0.177) 0.131 0.292 0.169 0.197 
 156   (0.173) 0.073 0.308 0.179 0.123 
 154   (0.483) 0.571 0.212 0.506 0.572 
 160   (0.108) 0.166 0.091 0.098 0.090 
 152   (0.021) 0.049 0.002 0.016 0.006 
 158   (0.037) 0.010 0.095 0.032 0.011 

Locus 24 : 24 
4 alleles
0.7% missing data
  81   (0.373) 0.242 0.312 0.382 0.406 
  83   (0.480) 0.456 0.588 0.480 0.478 
  77   (0.097) 0.266 0.008 0.097 0.095 
  85   (0.050) 0.036 0.092 0.041 0.021 

Locus 25 : 25 
6 alleles
0.7% missing data
 124   (0.531) 0.306 0.612 0.537 0.612 
 132   (0.234) 0.620 0.021 0.247 0.238 
 122   (0.131) 0.024 0.329 0.135 0.081 
 126   (0.062) 0.047 0.021 0.050 0.049 
 120   (0.025) 0.003 0.015 0.019 0.011 
 136   (0.017) 0.001 0.001 0.012 0.010 

Locus 26 : 26 
6 alleles
0.0% missing data
 165   (0.251) 0.160 0.114 0.249 0.301 
 183   (0.345) 0.458 0.372 0.360 0.272 
 179   (0.100) 0.080 0.226 0.079 0.120 
 175   (0.216) 0.294 0.020 0.241 0.226 
 181   (0.062) 0.005 0.180 0.051 0.072 
 185   (0.025) 0.002 0.087 0.020 0.010 

Locus 27 : 27 
4 alleles
0.0% missing data
 142   (0.489) 0.641 0.423 0.467 0.596 
 150   (0.154) 0.015 0.206 0.161 0.163 
 148   (0.263) 0.141 0.292 0.294 0.163 
 138   (0.094) 0.203 0.079 0.078 0.077 

Locus 28 : 28 
5 alleles
0.0% missing data
 260   (0.465) 0.269 0.298 0.502 0.482 
 262   (0.422) 0.688 0.532 0.394 0.461 
 258   (0.028) 0.002 0.003 0.027 0.018 
 256   (0.069) 0.040 0.166 0.064 0.032 
 264   (0.016) 0.001 0.001 0.014 0.008 

Locus 29 : 29 
5 alleles
0.0% missing data
 140   (0.140) 0.069 0.452 0.117 0.173 
 150   (0.467) 0.705 0.210 0.458 0.580 
 148   (0.087) 0.079 0.025 0.085 0.053 
 146   (0.271) 0.139 0.310 0.302 0.180 
 152   (0.035) 0.007 0.003 0.038 0.014 

Locus 30 : 30 
6 alleles
0.0% missing data
 125   (0.282) 0.282 0.128 0.303 0.236 
 129   (0.473) 0.583 0.248 0.472 0.575 
 123   (0.107) 0.122 0.068 0.092 0.115 
 127   (0.074) 0.007 0.363 0.072 0.040 
 121   (0.022) 0.002 0.002 0.025 0.005 
 131   (0.043) 0.004 0.191 0.036 0.029 

Locus 31 : 31 
5 alleles
0.0% missing data
 155   (0.584) 0.653 0.610 0.628 0.495 
 159   (0.125) 0.090 0.100 0.104 0.199 
 157   (0.182) 0.164 0.089 0.181 0.213 
 153   (0.072) 0.082 0.171 0.055 0.075 
 151   (0.037) 0.010 0.030 0.031 0.017 

Locus 32 : 32 
4 alleles
0.0% missing data
  92   (0.276) 0.289 0.475 0.274 0.216 
  94   (0.077) 0.075 0.049 0.069 0.056 
  95   (0.210) 0.127 0.316 0.222 0.149 
  91   (0.437) 0.510 0.160 0.435 0.579 

Locus 33 : 33 
4 alleles
0.0% missing data
 146   (0.325) 0.110 0.527 0.331 0.318 
 148   (0.084) 0.095 0.121 0.068 0.074 
 150   (0.535) 0.791 0.302 0.551 0.545 
 154   (0.056) 0.004 0.051 0.050 0.063 

Locus 34 : 34 
7 alleles
0.0% missing data
 180   (0.390) 0.525 0.326 0.387 0.419 
 192   (0.143) 0.014 0.161 0.145 0.207 
 184   (0.213) 0.225 0.127 0.221 0.173 
 196   (0.151) 0.169 0.015 0.160 0.163 
 198   (0.055) 0.022 0.324 0.045 0.027 
 190   (0.031) 0.002 0.045 0.031 0.007 
 194   (0.017) 0.043 0.001 0.012 0.004 

Locus 35 : 35 
6 alleles
0.0% missing data
 106   (0.258) 0.190 0.131 0.248 0.335 
 112   (0.293) 0.495 0.079 0.284 0.348 
  94   (0.033) 0.002 0.003 0.043 0.008 
 110   (0.228) 0.287 0.169 0.237 0.163 
 108   (0.149) 0.023 0.614 0.151 0.113 
  90   (0.039) 0.003 0.005 0.036 0.033 

Locus 36 : 36 
8 alleles
0.0% missing data
 168   (0.092) 0.007 0.331 0.080 0.128 
 178   (0.043) 0.010 0.004 0.037 0.064 
 170   (0.283) 0.161 0.329 0.298 0.228 
 174   (0.112) 0.034 0.051 0.109 0.164 
 172   (0.278) 0.472 0.169 0.271 0.298 
 176   (0.119) 0.105 0.010 0.151 0.068 
 166   (0.048) 0.209 0.004 0.038 0.038 
 186   (0.024) 0.002 0.101 0.017 0.012 

Locus 37 : 37 
6 alleles
0.0% missing data
  85   (0.197) 0.180 0.047 0.200 0.227 
  95   (0.074) 0.089 0.018 0.072 0.045 
  89   (0.524) 0.714 0.532 0.515 0.577 
  83   (0.134) 0.012 0.365 0.142 0.106 
  81   (0.049) 0.004 0.004 0.052 0.040 
  91   (0.023) 0.002 0.034 0.019 0.005 

Locus 38 : 38 
7 alleles
0.0% missing data
 161   (0.353) 0.479 0.550 0.357 0.319 
 165   (0.223) 0.176 0.177 0.237 0.192 
 167   (0.037) 0.013 0.004 0.029 0.058 
 169   (0.090) 0.134 0.008 0.096 0.093 
 173   (0.263) 0.186 0.259 0.259 0.311 
 175   (0.018) 0.001 0.001 0.012 0.023 
 159   (0.016) 0.011 0.001 0.011 0.004 

Locus 39 : 39 
5 alleles
0.0% missing data
  85   (0.219) 0.127 0.085 0.220 0.238 
  87   (0.140) 0.145 0.388 0.129 0.093 
  91   (0.159) 0.036 0.267 0.164 0.133 
  81   (0.073) 0.028 0.007 0.072 0.075 
  89   (0.408) 0.664 0.253 0.415 0.460 

Locus 40 : 40 
3 alleles
0.0% missing data
 167   (0.742) 0.921 0.476 0.743 0.816 
 161   (0.199) 0.065 0.489 0.194 0.164 
 165   (0.060) 0.014 0.034 0.063 0.021 

Locus 41 : 41 
6 alleles
0.0% missing data
 224   (0.042) 0.055 0.016 0.030 0.024 
 228   (0.391) 0.571 0.383 0.389 0.379 
 238   (0.343) 0.250 0.103 0.358 0.429 
 240   (0.135) 0.013 0.408 0.135 0.143 
 236   (0.074) 0.110 0.088 0.071 0.021 
 242   (0.016) 0.001 0.001 0.016 0.004 

Locus 42 : 42 
7 alleles
0.7% missing data
 130   (0.554) 0.477 0.580 0.592 0.510 
 118   (0.054) 0.007 0.099 0.045 0.050 
 128   (0.067) 0.137 0.006 0.057 0.082 
 132   (0.081) 0.260 0.007 0.083 0.050 
 114   (0.100) 0.085 0.009 0.095 0.116 
 134   (0.126) 0.016 0.297 0.113 0.187 
 122   (0.018) 0.019 0.001 0.013 0.004 

Locus 43 : 43 
5 alleles
0.0% missing data
 104   (0.390) 0.170 0.109 0.402 0.490 
  98   (0.162) 0.212 0.249 0.157 0.097 
 102   (0.198) 0.435 0.017 0.194 0.286 
  92   (0.176) 0.115 0.441 0.184 0.086 
  96   (0.075) 0.068 0.183 0.062 0.041 

Locus 44 : 44 
5 alleles
0.0% missing data
  95   (0.219) 0.347 0.390 0.202 0.217 
 101   (0.347) 0.397 0.225 0.338 0.429 
 103   (0.287) 0.239 0.100 0.310 0.273 
  99   (0.110) 0.015 0.241 0.120 0.057 
  97   (0.037) 0.003 0.043 0.030 0.024 

Locus 45 : 45 
7 alleles
0.0% missing data
 181   (0.540) 0.733 0.272 0.575 0.563 
 191   (0.275) 0.182 0.595 0.264 0.302 
 179   (0.038) 0.003 0.077 0.028 0.048 
 177   (0.073) 0.077 0.036 0.068 0.049 
 189   (0.023) 0.002 0.002 0.022 0.011 
 183   (0.021) 0.002 0.002 0.017 0.018 
 193   (0.029) 0.002 0.017 0.027 0.009 

Locus 46 : 46 
6 alleles
0.0% missing data
 211   (0.197) 0.175 0.388 0.183 0.217 
 215   (0.075) 0.082 0.032 0.068 0.054 
 205   (0.441) 0.489 0.352 0.456 0.518 
 207   (0.212) 0.175 0.131 0.236 0.163 
 201   (0.052) 0.076 0.067 0.040 0.034 
 202   (0.024) 0.002 0.029 0.017 0.014 

Locus 47 : 47 
10 alleles
0.0% missing data
 142   (0.261) 0.201 0.132 0.258 0.396 
 162   (0.060) 0.005 0.053 0.055 0.062 
 164   (0.036) 0.003 0.114 0.031 0.020 
 168   (0.165) 0.256 0.304 0.172 0.114 
 158   (0.173) 0.085 0.179 0.196 0.141 
 170   (0.045) 0.014 0.101 0.043 0.011 
 166   (0.151) 0.283 0.034 0.156 0.163 
 156   (0.042) 0.005 0.067 0.035 0.033 
 144   (0.051) 0.146 0.004 0.043 0.056 
 160   (0.015) 0.001 0.013 0.011 0.004 

Locus 48 : 48 
6 alleles
0.0% missing data
 149   (0.337) 0.120 0.750 0.335 0.367 
 151   (0.232) 0.234 0.093 0.242 0.200 
 145   (0.209) 0.247 0.124 0.203 0.219 
 153   (0.175) 0.395 0.016 0.174 0.200 
 147   (0.016) 0.002 0.002 0.015 0.004 
 143   (0.031) 0.002 0.015 0.031 0.009 

Values of parameters used in structure:
DATAFILE=admix1.str,	OUTFILE=k4/admix1_k4_run10,	NUMINDS=150,	NUMLOCI=48,	MISSING=-9,	LABEL=1,	POPDATA=1,	POPFLAG=0,	PHENOTYPE=0,	EXTRACOLS=0,	MAXPOPS=4,	BURNIN=500000,	NUMREPS=750000,	USEPOPINFO=0,	INFERALPHA=1,	INFERLAMBDA=0,	POPSPECIFICLAMBDA=0,	POPALPHAS=0,	COMPUTEPROB=1,	NOADMIX=0,	ADMBURNIN=500,	UPDATEFREQ=100,	PRINTLIKES=0,	INTERMEDSAVE=0,	PRINTKLD=0,	PRINTNET=1,	PRINTLAMBDA=1,	ANCESTDIST=0,	NUMBOXES=1000,	ANCESTPINT=0.90000,	GENSBACK=2,	MIGRPRIOR=0.01000,	PRINTQHAT=0,	PRINTQSUM=1,	ALPHA=1.0000,	FREQSCORR=1,	FPRIORMEAN=0.0100,	FPRIORSD=0.0500,	ONEFST=0,	LAMBDA=1.0000,	UNIFPRIORALPHA=1,	ALPHAMAX=10.0000,	ALPHAPRIORA=1.0000,	ALPHAPRIORB=2.0000,	ALPHAPROPSD=0.0250,	STARTATPOPINFO=0,	RANDOMIZE=0,	LINKAGE=0,	METROFREQ=10,	REPORTHITRATE=0,	MARKOVPHASE=0,	PHASED=1,	PLOIDY=2,	PHASEINFO=0	LOCPRIOR=0, 	LOCPRIORINIT=1.000000, 	LOCDATA=0, 	LOCISPOP=1, 	LOCPRIORSTEP=0.100000, 	MAXLOCPRIOR=20.000000, 	SEED=792770,	
[STRAT parameters]:    NUMSIMSTATS=1000,	PHENOTYPECOL=-9,	POOLFREQ=10,	LOCUSxONLY=0,	EMERROR=0.00100,	MISSINGPHENO=-9,	