

----------------------------------------------------
STRUCTURE by Pritchard, Stephens and Donnelly (2000)
     and Falush, Stephens and Pritchard (2003)
       Code by Pritchard, Falush and Hubisz
             Version 2.3.4 (Jul 2012)
----------------------------------------------------



Command line arguments:   structure -D 908239 -K 5 -m mainparams -o k5/admix1_k5_run6 
Input File:    admix1.str

Run parameters:
   150 individuals
   48 loci
   5 populations assumed
   500000 Burn-in period
   750000 Reps
RANDOMIZE turned off


--------------------------------------------
Proportion of membership of each pre-defined
 population in each of the 5 clusters

Given    Inferred Clusters                     Number of
 Pop       1      2      3      4      5      Individuals

  1:     0.023  0.283  0.334  0.026  0.334       10
  2:     0.084  0.263  0.286  0.086  0.281       24
  3:     0.154  0.272  0.300  0.019  0.256       13
  4:     0.045  0.408  0.244  0.011  0.291       11
  5:     0.090  0.230  0.330  0.026  0.325       23
  6:     0.005  0.007  0.007  0.974  0.007       30
  7:     0.934  0.020  0.021  0.005  0.021       39
--------------------------------------------

Allele-freq. divergence among pops (Net nucleotide distance),
computed using point estimates of P.

      1       2       3       4       5      
 1      -    0.0305  0.0295  0.1163  0.0294  
 2   0.0305     -    0.0010  0.0664  0.0007  
 3   0.0295  0.0010     -    0.0636  0.0001  
 4   0.1163  0.0664  0.0636     -    0.0640  
 5   0.0294  0.0007  0.0001  0.0640     -    

Average distances (expected heterozygosity) between individuals in same cluster:
cluster  1  : 0.5561 
cluster  2  : 0.6378 
cluster  3  : 0.6411 
cluster  4  : 0.6416 
cluster  5  : 0.6403 

--------------------------------------------
Estimated Ln Prob of Data   = -17522.7
Mean value of ln likelihood = -16956.3
Variance of ln likelihood   = 1132.9
Mean value of alpha         = 0.0456

Mean value of Fst_1         = 0.1291
Mean value of Fst_2         = 0.0391
Mean value of Fst_3         = 0.0285
Mean value of Fst_4         = 0.1484
Mean value of Fst_5         = 0.0320


Inferred ancestry of individuals:
        Label (%Miss) Pop:  Inferred clusters
  1     2355    (0)    1 :  0.015 0.330 0.320 0.016 0.320 
  2     2356    (0)    1 :  0.004 0.324 0.341 0.016 0.315 
  3     2357    (0)    1 :  0.087 0.384 0.259 0.002 0.269 
  4     2358    (0)    1 :  0.008 0.196 0.343 0.012 0.441 
  5     2359    (0)    1 :  0.019 0.182 0.413 0.003 0.383 
  6     2360    (0)    1 :  0.008 0.316 0.309 0.088 0.279 
  7     2361    (2)    1 :  0.049 0.176 0.350 0.004 0.420 
  8     2362    (0)    1 :  0.015 0.262 0.374 0.009 0.340 
  9     2363    (0)    1 :  0.009 0.345 0.282 0.093 0.271 
 10     2364    (0)    1 :  0.018 0.311 0.353 0.013 0.305 
 11     2434    (0)    2 :  0.023 0.223 0.356 0.050 0.348 
 12     2435    (0)    2 :  0.007 0.270 0.355 0.066 0.302 
 13     2436    (0)    2 :  0.005 0.299 0.318 0.108 0.270 
 14     2437    (0)    2 :  0.009 0.220 0.308 0.224 0.239 
 15     2438    (0)    2 :  0.007 0.142 0.375 0.015 0.461 
 16     2439    (0)    2 :  0.016 0.388 0.275 0.008 0.313 
 17     2440    (0)    2 :  0.009 0.305 0.357 0.071 0.257 
 18     2441    (0)    2 :  0.044 0.223 0.366 0.077 0.289 
 19     2442    (0)    2 :  0.010 0.220 0.320 0.151 0.298 
 20     2443    (0)    2 :  0.022 0.266 0.364 0.020 0.329 
 21     2444    (0)    2 :  0.026 0.329 0.275 0.090 0.279 
 22     2446    (0)    2 :  0.031 0.467 0.201 0.017 0.284 
 23     2447    (0)    2 :  0.026 0.170 0.381 0.014 0.409 
 24     2448    (0)    2 :  0.821 0.066 0.049 0.004 0.059 
 25     2449    (0)    2 :  0.005 0.311 0.190 0.299 0.195 
 26     2450    (0)    2 :  0.005 0.223 0.314 0.256 0.202 
 27     2451    (0)    2 :  0.016 0.244 0.248 0.250 0.243 
 28     2452    (0)    2 :  0.092 0.445 0.192 0.005 0.266 
 29     2453    (0)    2 :  0.062 0.234 0.358 0.006 0.339 
 30     2454    (0)    2 :  0.620 0.149 0.102 0.007 0.122 
 31     2455    (0)    2 :  0.008 0.312 0.358 0.018 0.304 
 32     2456    (0)    2 :  0.089 0.188 0.375 0.008 0.341 
 33     2457    (0)    2 :  0.012 0.484 0.172 0.056 0.276 
 34     2458    (0)    2 :  0.046 0.132 0.256 0.238 0.329 
 35     2398    (0)    3 :  0.025 0.302 0.373 0.003 0.298 
 36     2399    (0)    3 :  0.018 0.317 0.318 0.023 0.323 
 37     2400    (0)    3 :  0.065 0.324 0.302 0.006 0.303 
 38     2401    (0)    3 :  0.056 0.338 0.333 0.003 0.271 
 39     2402    (0)    3 :  0.478 0.128 0.116 0.176 0.102 
 40     2403    (0)    3 :  0.004 0.366 0.356 0.002 0.272 
 41     2404    (0)    3 :  0.035 0.337 0.357 0.002 0.269 
 42     2405    (0)    3 :  0.006 0.175 0.426 0.005 0.387 
 43     2406    (0)    3 :  0.307 0.265 0.229 0.002 0.197 
 44     2407    (0)    3 :  0.639 0.099 0.128 0.007 0.127 
 45     2408    (0)    3 :  0.204 0.232 0.289 0.009 0.266 
 46     2409    (0)    3 :  0.122 0.313 0.317 0.003 0.244 
 47     2410    (0)    3 :  0.036 0.341 0.354 0.002 0.266 
 48     2459    (0)    4 :  0.026 0.488 0.194 0.012 0.280 
 49     2460    (0)    4 :  0.246 0.248 0.229 0.010 0.268 
 50     2461    (0)    4 :  0.007 0.442 0.261 0.005 0.285 
 51     2462    (4)    4 :  0.056 0.461 0.198 0.009 0.276 
 52     2463    (0)    4 :  0.024 0.463 0.218 0.004 0.291 
 53     2464    (2)    4 :  0.012 0.497 0.173 0.026 0.292 
 54     2465    (0)    4 :  0.026 0.285 0.391 0.008 0.290 
 55     2466    (2)    4 :  0.019 0.484 0.197 0.005 0.294 
 56     2467    (0)    4 :  0.042 0.234 0.342 0.022 0.359 
 57     2468    (0)    4 :  0.015 0.441 0.246 0.008 0.289 
 58     2469    (0)    4 :  0.018 0.446 0.240 0.016 0.280 
 59     2369    (0)    5 :  0.317 0.120 0.283 0.006 0.275 
 60     2370    (0)    5 :  0.030 0.229 0.381 0.003 0.357 
 61     2372    (0)    5 :  0.020 0.276 0.386 0.006 0.312 
 62     2373    (0)    5 :  0.105 0.185 0.293 0.205 0.212 
 63     2374    (0)    5 :  0.007 0.525 0.166 0.002 0.299 
 64     2375    (0)    5 :  0.010 0.300 0.378 0.006 0.306 
 65     2376    (0)    5 :  0.051 0.267 0.354 0.010 0.318 
 66     2377    (0)    5 :  0.264 0.232 0.244 0.020 0.240 
 67     2378    (0)    5 :  0.054 0.168 0.382 0.002 0.394 
 68     2379    (0)    5 :  0.013 0.183 0.391 0.012 0.402 
 69     2380    (0)    5 :  0.014 0.459 0.232 0.002 0.293 
 70     2381    (0)    5 :  0.148 0.149 0.337 0.003 0.363 
 71     2382    (0)    5 :  0.003 0.239 0.407 0.068 0.283 
 72     2383    (0)    5 :  0.149 0.227 0.329 0.010 0.285 
 73     2384    (0)    5 :  0.014 0.198 0.390 0.023 0.374 
 74     2385    (0)    5 :  0.019 0.197 0.355 0.022 0.407 
 75     2386    (0)    5 :  0.075 0.283 0.342 0.003 0.297 
 76     2387    (0)    5 :  0.048 0.163 0.369 0.005 0.415 
 77     2388    (0)    5 :  0.004 0.144 0.374 0.009 0.469 
 78     2389    (2)    5 :  0.005 0.258 0.349 0.121 0.266 
 79     2390    (0)    5 :  0.010 0.168 0.376 0.037 0.410 
 80     2391    (0)    5 :  0.329 0.111 0.276 0.004 0.280 
 81     2392    (0)    5 :  0.375 0.222 0.187 0.009 0.206 
 82     1408    (0)    6 :  0.002 0.007 0.007 0.976 0.008 
 83     1409    (0)    6 :  0.002 0.005 0.005 0.982 0.005 
 84     1410    (0)    6 :  0.002 0.003 0.003 0.989 0.003 
 85     1411    (0)    6 :  0.004 0.005 0.005 0.982 0.005 
 86     1412    (0)    6 :  0.003 0.006 0.005 0.981 0.005 
 87     1413    (0)    6 :  0.003 0.005 0.005 0.982 0.005 
 88     1414    (0)    6 :  0.002 0.002 0.002 0.991 0.002 
 89     1415    (0)    6 :  0.003 0.004 0.004 0.985 0.004 
 90     1416    (0)    6 :  0.004 0.004 0.004 0.984 0.004 
 91     1417    (0)    6 :  0.002 0.003 0.004 0.988 0.004 
 92     1418    (0)    6 :  0.003 0.007 0.007 0.975 0.008 
 93     1419    (0)    6 :  0.002 0.003 0.004 0.987 0.004 
 94     1420    (0)    6 :  0.004 0.006 0.006 0.978 0.006 
 95     1421    (0)    6 :  0.005 0.012 0.012 0.961 0.011 
 96     1422    (0)    6 :  0.002 0.004 0.004 0.985 0.004 
 97     1423    (0)    6 :  0.003 0.004 0.006 0.981 0.006 
 98     1424    (0)    6 :  0.006 0.017 0.015 0.948 0.014 
 99     1425    (0)    6 :  0.009 0.007 0.010 0.965 0.009 
100     1426    (0)    6 :  0.006 0.010 0.010 0.966 0.010 
101     1427    (0)    6 :  0.010 0.018 0.015 0.941 0.016 
102     1428    (0)    6 :  0.002 0.004 0.004 0.987 0.004 
103     1429    (0)    6 :  0.007 0.005 0.004 0.980 0.005 
104     1430    (0)    6 :  0.004 0.007 0.007 0.975 0.007 
105     1431    (0)    6 :  0.013 0.016 0.019 0.933 0.019 
106     1432    (0)    6 :  0.003 0.003 0.003 0.987 0.003 
107     1433    (0)    6 :  0.003 0.005 0.006 0.979 0.006 
108     1434    (0)    6 :  0.012 0.012 0.012 0.952 0.012 
109     1435    (0)    6 :  0.004 0.011 0.013 0.960 0.012 
110     1436    (0)    6 :  0.012 0.018 0.015 0.939 0.016 
111     1437    (0)    6 :  0.003 0.003 0.003 0.989 0.003 
112     2229    (0)    7 :  0.986 0.004 0.004 0.002 0.004 
113     2230    (0)    7 :  0.942 0.018 0.018 0.002 0.019 
114     2235    (0)    7 :  0.913 0.020 0.024 0.018 0.025 
115     2236    (0)    7 :  0.839 0.052 0.054 0.005 0.049 
116     2237    (0)    7 :  0.890 0.037 0.033 0.011 0.029 
117     2238    (0)    7 :  0.984 0.005 0.005 0.002 0.005 
118     2239    (0)    7 :  0.983 0.005 0.005 0.001 0.005 
119     2240    (0)    7 :  0.949 0.018 0.014 0.004 0.015 
120     2241    (0)    7 :  0.888 0.028 0.030 0.026 0.028 
121     2242    (0)    7 :  0.914 0.027 0.028 0.002 0.029 
122     2243    (0)    7 :  0.929 0.022 0.024 0.003 0.022 
123     2244    (0)    7 :  0.949 0.020 0.013 0.002 0.015 
124     2245    (0)    7 :  0.979 0.006 0.005 0.005 0.005 
125     2246    (0)    7 :  0.976 0.007 0.007 0.003 0.007 
126     2247    (0)    7 :  0.972 0.009 0.008 0.002 0.008 
127     2248    (0)    7 :  0.986 0.004 0.004 0.002 0.004 
128     2249    (0)    7 :  0.876 0.030 0.043 0.008 0.042 
129     2250    (0)    7 :  0.990 0.003 0.003 0.001 0.003 
130     2251    (0)    7 :  0.953 0.012 0.012 0.010 0.013 
131     2252    (0)    7 :  0.983 0.004 0.004 0.004 0.004 
132     2253    (0)    7 :  0.891 0.027 0.039 0.003 0.039 
133     2254    (0)    7 :  0.748 0.106 0.065 0.004 0.076 
134     2255    (0)    7 :  0.953 0.014 0.015 0.003 0.015 
135     2256    (0)    7 :  0.598 0.115 0.147 0.002 0.138 
136     2257    (0)    7 :  0.971 0.007 0.006 0.009 0.006 
137     2258    (0)    7 :  0.927 0.024 0.022 0.003 0.023 
138     2259    (0)    7 :  0.983 0.005 0.005 0.002 0.005 
139     2260    (0)    7 :  0.974 0.007 0.008 0.002 0.007 
140     2261    (0)    7 :  0.976 0.007 0.007 0.004 0.007 
141     2262    (0)    7 :  0.985 0.005 0.004 0.002 0.004 
142     2263    (0)    7 :  0.978 0.006 0.005 0.006 0.005 
143     2264    (0)    7 :  0.974 0.007 0.008 0.003 0.008 
144     2265    (0)    7 :  0.925 0.019 0.028 0.006 0.022 
145     2266    (0)    7 :  0.926 0.026 0.024 0.003 0.022 
146     2267    (0)    7 :  0.977 0.007 0.007 0.002 0.007 
147     2268    (0)    7 :  0.964 0.010 0.010 0.006 0.010 
148     2269    (0)    7 :  0.983 0.004 0.005 0.003 0.005 
149     2270    (0)    7 :  0.973 0.007 0.007 0.005 0.007 
150     2271    (0)    7 :  0.826 0.043 0.056 0.015 0.061 


Estimated Allele Frequencies in each cluster
First column gives estimated ancestral frequencies


Locus 1 : 1 
4 alleles
0.0% missing data
  91   (0.345) 0.369 0.329 0.316 0.554 0.324 
  89   (0.520) 0.571 0.534 0.540 0.408 0.535 
  93   (0.111) 0.058 0.122 0.121 0.036 0.117 
  99   (0.024) 0.003 0.015 0.023 0.002 0.024 

Locus 2 : 2 
6 alleles
0.0% missing data
 134   (0.269) 0.155 0.304 0.305 0.115 0.293 
 136   (0.338) 0.565 0.335 0.331 0.556 0.338 
 140   (0.094) 0.043 0.085 0.084 0.059 0.084 
 138   (0.244) 0.232 0.242 0.238 0.237 0.244 
 142   (0.023) 0.002 0.012 0.014 0.030 0.013 
 132   (0.032) 0.003 0.021 0.028 0.003 0.028 

Locus 3 : 3 
6 alleles
0.0% missing data
 179   (0.300) 0.311 0.355 0.334 0.154 0.338 
 187   (0.304) 0.474 0.250 0.276 0.355 0.278 
 185   (0.107) 0.008 0.107 0.094 0.218 0.098 
 191   (0.036) 0.010 0.054 0.041 0.003 0.041 
 181   (0.191) 0.191 0.188 0.195 0.089 0.187 
 175   (0.061) 0.005 0.046 0.059 0.181 0.058 

Locus 4 : 4 
10 alleles
0.0% missing data
 241   (0.195) 0.078 0.174 0.185 0.434 0.183 
 247   (0.074) 0.006 0.066 0.077 0.022 0.077 
 253   (0.363) 0.676 0.415 0.409 0.137 0.400 
 273   (0.021) 0.002 0.014 0.014 0.002 0.014 
 269   (0.170) 0.141 0.202 0.192 0.044 0.201 
 271   (0.076) 0.025 0.073 0.057 0.192 0.063 
 249   (0.049) 0.068 0.028 0.033 0.062 0.031 
 245   (0.024) 0.002 0.012 0.014 0.103 0.013 
 265   (0.014) 0.002 0.009 0.009 0.001 0.010 
 239   (0.014) 0.002 0.008 0.009 0.003 0.008 

Locus 5 : 5 
4 alleles
0.0% missing data
 103   (0.888) 0.960 0.918 0.916 0.784 0.915 
 105   (0.060) 0.005 0.053 0.046 0.183 0.048 
 102   (0.019) 0.002 0.012 0.018 0.002 0.018 
 104   (0.034) 0.033 0.017 0.020 0.031 0.018 

Locus 6 : 6 
5 alleles
0.0% missing data
 135   (0.354) 0.187 0.302 0.311 0.686 0.311 
 145   (0.316) 0.150 0.424 0.386 0.029 0.388 
 141   (0.253) 0.608 0.233 0.252 0.088 0.253 
 147   (0.052) 0.054 0.029 0.036 0.124 0.034 
 137   (0.025) 0.002 0.012 0.014 0.073 0.014 

Locus 7 : 7 
10 alleles
0.7% missing data
  97   (0.197) 0.193 0.193 0.193 0.123 0.193 
 103   (0.256) 0.300 0.335 0.321 0.024 0.332 
  89   (0.094) 0.061 0.076 0.080 0.177 0.079 
  93   (0.252) 0.377 0.211 0.232 0.344 0.227 
  83   (0.045) 0.004 0.056 0.067 0.004 0.058 
  99   (0.027) 0.002 0.017 0.020 0.035 0.018 
  85   (0.033) 0.006 0.052 0.029 0.003 0.036 
  91   (0.045) 0.047 0.024 0.028 0.096 0.026 
 105   (0.022) 0.002 0.016 0.013 0.075 0.013 
 101   (0.029) 0.008 0.021 0.018 0.119 0.018 

Locus 8 : 8 
8 alleles
0.0% missing data
 129   (0.573) 0.736 0.621 0.602 0.395 0.610 
 143   (0.234) 0.071 0.247 0.244 0.300 0.246 
 141   (0.059) 0.080 0.050 0.052 0.005 0.049 
 149   (0.059) 0.100 0.036 0.042 0.263 0.041 
 133   (0.024) 0.002 0.017 0.026 0.003 0.023 
 145   (0.014) 0.001 0.010 0.012 0.001 0.010 
 127   (0.022) 0.002 0.012 0.014 0.030 0.014 
 131   (0.014) 0.009 0.007 0.008 0.002 0.007 

Locus 9 : 9 
4 alleles
0.0% missing data
 189   (0.463) 0.270 0.485 0.494 0.313 0.503 
 191   (0.330) 0.617 0.312 0.307 0.276 0.307 
 195   (0.185) 0.103 0.191 0.186 0.409 0.178 
 193   (0.022) 0.011 0.013 0.014 0.003 0.013 

Locus 10 : 10 
6 alleles
0.0% missing data
 250   (0.048) 0.004 0.032 0.038 0.164 0.039 
 254   (0.058) 0.013 0.041 0.041 0.022 0.041 
 252   (0.106) 0.179 0.110 0.087 0.070 0.092 
 238   (0.575) 0.447 0.630 0.594 0.672 0.598 
 232   (0.191) 0.354 0.171 0.213 0.070 0.205 
 248   (0.021) 0.002 0.016 0.026 0.002 0.024 

Locus 11 : 11 
4 alleles
0.0% missing data
  87   (0.732) 0.654 0.730 0.766 0.503 0.757 
  89   (0.181) 0.269 0.207 0.174 0.105 0.182 
  91   (0.063) 0.075 0.051 0.044 0.333 0.046 
  85   (0.024) 0.002 0.012 0.015 0.059 0.015 

Locus 12 : 12 
11 alleles
0.0% missing data
 160   (0.276) 0.227 0.283 0.267 0.498 0.270 
 158   (0.201) 0.411 0.196 0.223 0.060 0.212 
 162   (0.203) 0.158 0.259 0.225 0.019 0.242 
 170   (0.062) 0.014 0.052 0.076 0.130 0.069 
 161   (0.104) 0.057 0.088 0.091 0.219 0.092 
 154   (0.032) 0.003 0.022 0.025 0.015 0.026 
 143   (0.032) 0.002 0.021 0.021 0.051 0.020 
 149   (0.029) 0.003 0.029 0.026 0.003 0.025 
 147   (0.032) 0.123 0.031 0.025 0.003 0.025 
 159   (0.014) 0.001 0.011 0.012 0.001 0.010 
 134   (0.015) 0.001 0.008 0.009 0.001 0.009 

Locus 13 : 13 
4 alleles
0.0% missing data
 113   (0.331) 0.348 0.298 0.333 0.282 0.316 
 115   (0.493) 0.484 0.533 0.501 0.481 0.515 
 108   (0.161) 0.166 0.161 0.157 0.235 0.160 
 110   (0.015) 0.001 0.008 0.009 0.002 0.009 

Locus 14 : 14 
7 alleles
0.0% missing data
 225   (0.153) 0.083 0.138 0.139 0.075 0.142 
 229   (0.445) 0.573 0.443 0.464 0.362 0.469 
 227   (0.126) 0.156 0.190 0.173 0.012 0.161 
 231   (0.196) 0.113 0.177 0.167 0.424 0.173 
 213   (0.015) 0.001 0.008 0.010 0.002 0.009 
 233   (0.051) 0.073 0.030 0.035 0.124 0.035 
 203   (0.015) 0.001 0.013 0.010 0.001 0.011 

Locus 15 : 15 
4 alleles
0.7% missing data
 143   (0.899) 0.987 0.928 0.923 0.804 0.927 
 145   (0.059) 0.009 0.043 0.050 0.114 0.046 
 147   (0.028) 0.002 0.021 0.018 0.081 0.018 
 157   (0.015) 0.001 0.008 0.010 0.001 0.009 

Locus 16 : 16 
5 alleles
0.0% missing data
 158   (0.496) 0.662 0.519 0.510 0.315 0.517 
 156   (0.276) 0.190 0.293 0.263 0.245 0.266 
 154   (0.082) 0.046 0.049 0.067 0.341 0.064 
 160   (0.132) 0.100 0.128 0.149 0.098 0.143 
 152   (0.015) 0.002 0.010 0.010 0.001 0.010 

Locus 17 : 17 
5 alleles
0.0% missing data
  90   (0.650) 0.778 0.666 0.667 0.444 0.672 
 100   (0.116) 0.012 0.127 0.115 0.159 0.120 
 102   (0.154) 0.195 0.146 0.149 0.100 0.144 
 104   (0.015) 0.001 0.008 0.011 0.001 0.011 
  88   (0.065) 0.013 0.053 0.057 0.296 0.053 

Locus 18 : 18 
7 alleles
0.0% missing data
 127   (0.265) 0.164 0.243 0.277 0.401 0.271 
 140   (0.279) 0.117 0.340 0.298 0.240 0.304 
 142   (0.141) 0.489 0.118 0.129 0.024 0.136 
 148   (0.105) 0.096 0.092 0.094 0.068 0.090 
 146   (0.091) 0.113 0.076 0.086 0.008 0.082 
 138   (0.054) 0.015 0.058 0.064 0.005 0.060 
 150   (0.064) 0.006 0.073 0.053 0.254 0.058 

Locus 19 : 19 
6 alleles
0.0% missing data
 190   (0.118) 0.330 0.105 0.108 0.038 0.100 
 194   (0.558) 0.519 0.536 0.586 0.594 0.577 
 202   (0.047) 0.004 0.031 0.040 0.062 0.040 
 188   (0.146) 0.135 0.167 0.137 0.014 0.151 
 200   (0.116) 0.010 0.153 0.119 0.291 0.124 
 198   (0.015) 0.001 0.008 0.010 0.002 0.009 

Locus 20 : 20 
6 alleles
0.0% missing data
 252   (0.618) 0.772 0.697 0.680 0.126 0.683 
 246   (0.113) 0.014 0.123 0.120 0.161 0.117 
 248   (0.020) 0.002 0.013 0.018 0.002 0.019 
 244   (0.046) 0.064 0.030 0.030 0.077 0.030 
 250   (0.120) 0.120 0.076 0.085 0.348 0.082 
 254   (0.084) 0.029 0.061 0.068 0.287 0.069 

Locus 21 : 21 
7 alleles
0.0% missing data
 167   (0.252) 0.264 0.331 0.284 0.099 0.288 
 173   (0.287) 0.310 0.304 0.297 0.269 0.298 
 163   (0.050) 0.004 0.033 0.047 0.118 0.048 
 177   (0.202) 0.356 0.162 0.193 0.077 0.195 
 175   (0.125) 0.058 0.114 0.112 0.233 0.108 
 165   (0.069) 0.007 0.049 0.059 0.175 0.055 
 159   (0.015) 0.001 0.007 0.008 0.029 0.007 

Locus 22 : 22 
11 alleles
0.0% missing data
 152   (0.407) 0.532 0.435 0.450 0.128 0.448 
 158   (0.111) 0.012 0.116 0.106 0.409 0.107 
 146   (0.174) 0.276 0.227 0.190 0.016 0.201 
 150   (0.057) 0.024 0.037 0.046 0.151 0.043 
 156   (0.029) 0.003 0.022 0.019 0.030 0.019 
 162   (0.039) 0.003 0.023 0.029 0.182 0.026 
 166   (0.067) 0.052 0.062 0.057 0.006 0.057 
 164   (0.045) 0.007 0.033 0.045 0.016 0.045 
 148   (0.029) 0.003 0.018 0.025 0.018 0.027 
 142   (0.027) 0.002 0.020 0.023 0.044 0.020 
 154   (0.017) 0.087 0.008 0.009 0.001 0.008 

Locus 23 : 23 
6 alleles
0.7% missing data
 144   (0.178) 0.132 0.184 0.185 0.296 0.180 
 156   (0.170) 0.071 0.141 0.154 0.307 0.154 
 154   (0.489) 0.571 0.550 0.530 0.211 0.541 
 160   (0.106) 0.167 0.095 0.094 0.090 0.091 
 152   (0.020) 0.049 0.011 0.012 0.002 0.011 
 158   (0.036) 0.010 0.019 0.024 0.094 0.023 

Locus 24 : 24 
4 alleles
0.7% missing data
  81   (0.372) 0.243 0.408 0.376 0.312 0.392 
  83   (0.487) 0.458 0.465 0.488 0.586 0.477 
  77   (0.094) 0.264 0.094 0.104 0.008 0.100 
  85   (0.047) 0.035 0.032 0.031 0.093 0.031 

Locus 25 : 25 
6 alleles
0.7% missing data
 124   (0.521) 0.304 0.590 0.566 0.615 0.572 
 132   (0.246) 0.621 0.243 0.250 0.022 0.247 
 122   (0.131) 0.023 0.097 0.113 0.327 0.112 
 126   (0.064) 0.048 0.048 0.047 0.020 0.045 
 120   (0.023) 0.002 0.013 0.015 0.015 0.014 
 136   (0.015) 0.001 0.009 0.010 0.001 0.009 

Locus 26 : 26 
6 alleles
0.0% missing data
 165   (0.255) 0.161 0.287 0.268 0.114 0.265 
 183   (0.338) 0.460 0.296 0.324 0.371 0.323 
 179   (0.110) 0.081 0.119 0.092 0.225 0.097 
 175   (0.206) 0.290 0.216 0.241 0.019 0.241 
 181   (0.068) 0.006 0.068 0.060 0.183 0.060 
 185   (0.024) 0.002 0.014 0.015 0.088 0.014 

Locus 27 : 27 
4 alleles
0.0% missing data
 142   (0.504) 0.640 0.577 0.522 0.421 0.528 
 150   (0.158) 0.015 0.148 0.166 0.207 0.163 
 148   (0.247) 0.139 0.198 0.234 0.293 0.236 
 138   (0.091) 0.206 0.077 0.079 0.079 0.073 

Locus 28 : 28 
5 alleles
0.0% missing data
 260   (0.449) 0.263 0.460 0.502 0.298 0.496 
 262   (0.444) 0.694 0.469 0.413 0.530 0.424 
 258   (0.027) 0.002 0.019 0.023 0.003 0.022 
 256   (0.065) 0.039 0.042 0.051 0.168 0.048 
 264   (0.015) 0.001 0.011 0.011 0.001 0.010 

Locus 29 : 29 
5 alleles
0.0% missing data
 140   (0.154) 0.071 0.153 0.149 0.453 0.141 
 150   (0.480) 0.709 0.550 0.507 0.210 0.515 
 148   (0.083) 0.078 0.069 0.067 0.024 0.069 
 146   (0.250) 0.136 0.204 0.250 0.310 0.247 
 152   (0.033) 0.006 0.023 0.026 0.003 0.028 

Locus 30 : 30 
6 alleles
0.0% missing data
 125   (0.279) 0.282 0.259 0.266 0.126 0.275 
 129   (0.489) 0.582 0.529 0.533 0.245 0.518 
 123   (0.102) 0.124 0.122 0.091 0.067 0.099 
 127   (0.072) 0.007 0.051 0.056 0.366 0.056 
 121   (0.019) 0.001 0.011 0.017 0.002 0.018 
 131   (0.040) 0.004 0.028 0.036 0.194 0.033 

Locus 31 : 31 
5 alleles
0.0% missing data
 155   (0.564) 0.654 0.533 0.564 0.610 0.571 
 159   (0.140) 0.090 0.183 0.141 0.100 0.146 
 157   (0.185) 0.163 0.186 0.206 0.090 0.198 
 153   (0.075) 0.083 0.075 0.062 0.173 0.063 
 151   (0.037) 0.009 0.022 0.026 0.027 0.023 

Locus 32 : 32 
4 alleles
0.0% missing data
  92   (0.276) 0.290 0.247 0.246 0.471 0.246 
  94   (0.075) 0.075 0.061 0.063 0.050 0.063 
  95   (0.187) 0.123 0.163 0.191 0.320 0.192 
  91   (0.462) 0.512 0.530 0.500 0.160 0.499 

Locus 33 : 33 
4 alleles
0.0% missing data
 146   (0.339) 0.109 0.314 0.328 0.527 0.322 
 148   (0.084) 0.095 0.080 0.067 0.122 0.070 
 150   (0.522) 0.791 0.537 0.556 0.300 0.553 
 154   (0.054) 0.004 0.069 0.049 0.051 0.055 

Locus 34 : 34 
7 alleles
0.0% missing data
 180   (0.396) 0.525 0.413 0.402 0.324 0.405 
 192   (0.156) 0.015 0.168 0.182 0.161 0.172 
 184   (0.204) 0.225 0.191 0.193 0.127 0.195 
 196   (0.146) 0.168 0.167 0.156 0.014 0.162 
 198   (0.054) 0.022 0.039 0.038 0.326 0.037 
 190   (0.028) 0.002 0.015 0.021 0.046 0.021 
 194   (0.016) 0.044 0.007 0.008 0.001 0.008 

Locus 35 : 35 
6 alleles
0.0% missing data
 106   (0.268) 0.188 0.315 0.283 0.130 0.289 
 112   (0.300) 0.498 0.329 0.313 0.078 0.314 
  94   (0.028) 0.002 0.019 0.027 0.002 0.030 
 110   (0.216) 0.286 0.185 0.207 0.166 0.205 
 108   (0.149) 0.023 0.121 0.136 0.619 0.132 
  90   (0.039) 0.003 0.031 0.033 0.004 0.031 

Locus 36 : 36 
8 alleles
0.0% missing data
 168   (0.099) 0.007 0.129 0.091 0.333 0.100 
 178   (0.047) 0.011 0.046 0.054 0.004 0.047 
 170   (0.279) 0.159 0.254 0.267 0.326 0.269 
 174   (0.114) 0.032 0.155 0.128 0.051 0.136 
 172   (0.285) 0.475 0.279 0.292 0.171 0.278 
 176   (0.105) 0.101 0.081 0.116 0.009 0.120 
 166   (0.047) 0.213 0.037 0.039 0.004 0.035 
 186   (0.024) 0.002 0.017 0.014 0.102 0.015 

Locus 37 : 37 
6 alleles
0.0% missing data
  85   (0.193) 0.179 0.243 0.192 0.046 0.213 
  95   (0.071) 0.089 0.051 0.062 0.017 0.060 
  89   (0.533) 0.715 0.535 0.564 0.533 0.545 
  83   (0.135) 0.012 0.122 0.123 0.363 0.125 
  81   (0.049) 0.004 0.039 0.047 0.004 0.046 
  91   (0.020) 0.002 0.010 0.012 0.036 0.011 

Locus 38 : 38 
7 alleles
0.0% missing data
 161   (0.346) 0.482 0.343 0.334 0.553 0.341 
 165   (0.213) 0.175 0.216 0.206 0.176 0.219 
 167   (0.040) 0.013 0.050 0.040 0.004 0.041 
 169   (0.091) 0.131 0.089 0.100 0.008 0.100 
 173   (0.279) 0.187 0.277 0.293 0.257 0.277 
 175   (0.017) 0.001 0.018 0.019 0.001 0.015 
 159   (0.015) 0.011 0.007 0.008 0.001 0.007 

Locus 39 : 39 
5 alleles
0.0% missing data
  85   (0.224) 0.127 0.232 0.221 0.085 0.221 
  87   (0.138) 0.147 0.120 0.107 0.388 0.114 
  91   (0.154) 0.034 0.134 0.155 0.266 0.151 
  81   (0.075) 0.027 0.073 0.073 0.007 0.073 
  89   (0.409) 0.665 0.440 0.444 0.254 0.442 

Locus 40 : 40 
3 alleles
0.0% missing data
 167   (0.750) 0.922 0.793 0.773 0.477 0.778 
 161   (0.195) 0.064 0.175 0.182 0.490 0.179 
 165   (0.055) 0.014 0.032 0.045 0.033 0.044 

Locus 41 : 41 
6 alleles
0.0% missing data
 224   (0.039) 0.056 0.028 0.026 0.016 0.025 
 228   (0.384) 0.573 0.377 0.388 0.386 0.382 
 238   (0.355) 0.246 0.410 0.384 0.103 0.395 
 240   (0.134) 0.012 0.136 0.141 0.409 0.141 
 236   (0.072) 0.112 0.040 0.050 0.084 0.047 
 242   (0.015) 0.001 0.008 0.011 0.001 0.010 

Locus 42 : 42 
7 alleles
0.7% missing data
 130   (0.536) 0.471 0.520 0.565 0.580 0.564 
 118   (0.054) 0.006 0.050 0.045 0.100 0.045 
 128   (0.066) 0.138 0.071 0.072 0.006 0.067 
 132   (0.080) 0.262 0.061 0.070 0.007 0.068 
 114   (0.105) 0.085 0.112 0.100 0.009 0.103 
 134   (0.142) 0.017 0.177 0.139 0.296 0.144 
 122   (0.017) 0.020 0.008 0.010 0.001 0.009 

Locus 43 : 43 
5 alleles
0.0% missing data
 104   (0.415) 0.169 0.444 0.446 0.109 0.440 
  98   (0.157) 0.214 0.121 0.127 0.251 0.128 
 102   (0.193) 0.434 0.271 0.231 0.017 0.240 
  92   (0.159) 0.114 0.116 0.140 0.444 0.141 
  96   (0.076) 0.069 0.048 0.056 0.179 0.051 

Locus 44 : 44 
5 alleles
0.0% missing data
  95   (0.220) 0.350 0.221 0.203 0.398 0.208 
 101   (0.360) 0.399 0.378 0.393 0.228 0.374 
 103   (0.273) 0.233 0.290 0.286 0.098 0.298 
  99   (0.108) 0.015 0.084 0.090 0.238 0.094 
  97   (0.039) 0.003 0.028 0.027 0.038 0.027 

Locus 45 : 45 
7 alleles
0.0% missing data
 181   (0.538) 0.732 0.541 0.588 0.271 0.575 
 191   (0.284) 0.183 0.310 0.271 0.599 0.282 
 179   (0.036) 0.003 0.053 0.029 0.075 0.036 
 177   (0.073) 0.077 0.054 0.060 0.036 0.056 
 189   (0.021) 0.002 0.012 0.015 0.002 0.014 
 183   (0.021) 0.002 0.014 0.017 0.002 0.016 
 193   (0.028) 0.002 0.016 0.020 0.015 0.020 

Locus 46 : 46 
6 alleles
0.0% missing data
 211   (0.204) 0.175 0.225 0.191 0.390 0.199 
 215   (0.077) 0.083 0.054 0.059 0.033 0.059 
 205   (0.440) 0.488 0.488 0.488 0.354 0.490 
 207   (0.204) 0.176 0.174 0.210 0.129 0.200 
 201   (0.053) 0.076 0.041 0.038 0.066 0.037 
 202   (0.023) 0.002 0.017 0.014 0.029 0.015 

Locus 47 : 47 
10 alleles
0.0% missing data
 142   (0.276) 0.202 0.357 0.310 0.133 0.321 
 162   (0.064) 0.006 0.056 0.060 0.052 0.056 
 164   (0.039) 0.003 0.025 0.028 0.109 0.025 
 168   (0.154) 0.255 0.122 0.154 0.306 0.150 
 158   (0.169) 0.081 0.156 0.174 0.180 0.172 
 170   (0.043) 0.014 0.023 0.029 0.101 0.027 
 166   (0.145) 0.284 0.166 0.157 0.034 0.162 
 156   (0.042) 0.005 0.033 0.034 0.067 0.032 
 144   (0.053) 0.148 0.054 0.048 0.004 0.047 
 160   (0.014) 0.001 0.007 0.008 0.013 0.007 

Locus 48 : 48 
6 alleles
0.0% missing data
 149   (0.349) 0.119 0.331 0.368 0.752 0.346 
 151   (0.224) 0.232 0.217 0.219 0.092 0.225 
 145   (0.198) 0.248 0.224 0.204 0.122 0.210 
 153   (0.186) 0.397 0.205 0.177 0.017 0.188 
 147   (0.015) 0.001 0.008 0.010 0.002 0.009 
 143   (0.027) 0.002 0.016 0.023 0.015 0.022 

Values of parameters used in structure:
DATAFILE=admix1.str,	OUTFILE=k5/admix1_k5_run6,	NUMINDS=150,	NUMLOCI=48,	MISSING=-9,	LABEL=1,	POPDATA=1,	POPFLAG=0,	PHENOTYPE=0,	EXTRACOLS=0,	MAXPOPS=5,	BURNIN=500000,	NUMREPS=750000,	USEPOPINFO=0,	INFERALPHA=1,	INFERLAMBDA=0,	POPSPECIFICLAMBDA=0,	POPALPHAS=0,	COMPUTEPROB=1,	NOADMIX=0,	ADMBURNIN=500,	UPDATEFREQ=100,	PRINTLIKES=0,	INTERMEDSAVE=0,	PRINTKLD=0,	PRINTNET=1,	PRINTLAMBDA=1,	ANCESTDIST=0,	NUMBOXES=1000,	ANCESTPINT=0.90000,	GENSBACK=2,	MIGRPRIOR=0.01000,	PRINTQHAT=0,	PRINTQSUM=1,	ALPHA=1.0000,	FREQSCORR=1,	FPRIORMEAN=0.0100,	FPRIORSD=0.0500,	ONEFST=0,	LAMBDA=1.0000,	UNIFPRIORALPHA=1,	ALPHAMAX=10.0000,	ALPHAPRIORA=1.0000,	ALPHAPRIORB=2.0000,	ALPHAPROPSD=0.0250,	STARTATPOPINFO=0,	RANDOMIZE=0,	LINKAGE=0,	METROFREQ=10,	REPORTHITRATE=0,	MARKOVPHASE=0,	PHASED=1,	PLOIDY=2,	PHASEINFO=0	LOCPRIOR=0, 	LOCPRIORINIT=1.000000, 	LOCDATA=0, 	LOCISPOP=1, 	LOCPRIORSTEP=0.100000, 	MAXLOCPRIOR=20.000000, 	SEED=908239,	
[STRAT parameters]:    NUMSIMSTATS=1000,	PHENOTYPECOL=-9,	POOLFREQ=10,	LOCUSxONLY=0,	EMERROR=0.00100,	MISSINGPHENO=-9,	