

----------------------------------------------------
STRUCTURE by Pritchard, Stephens and Donnelly (2000)
     and Falush, Stephens and Pritchard (2003)
       Code by Pritchard, Falush and Hubisz
             Version 2.3.4 (Jul 2012)
----------------------------------------------------



Command line arguments:   structure -D 709133 -K 7 -m mainparams -o k7/admix1_k7_run7 
Input File:    admix1.str

Run parameters:
   150 individuals
   48 loci
   7 populations assumed
   500000 Burn-in period
   750000 Reps
RANDOMIZE turned off


--------------------------------------------
Proportion of membership of each pre-defined
 population in each of the 7 clusters

Given    Inferred Clusters                                   Number of
 Pop       1      2      3      4      5      6      7      Individuals

  1:     0.238  0.019  0.214  0.019  0.067  0.222  0.221       10
  2:     0.180  0.076  0.114  0.075  0.125  0.193  0.236       24
  3:     0.121  0.014  0.450  0.128  0.037  0.159  0.092       13
  4:     0.116  0.008  0.195  0.034  0.426  0.120  0.099       11
  5:     0.275  0.021  0.136  0.075  0.083  0.211  0.198       23
  6:     0.007  0.964  0.005  0.004  0.006  0.007  0.007       30
  7:     0.018  0.004  0.020  0.912  0.016  0.016  0.014       39
--------------------------------------------

Allele-freq. divergence among pops (Net nucleotide distance),
computed using point estimates of P.

      1       2       3       4       5       6       7      
 1      -    0.0643  0.0070  0.0308  0.0148  0.0007  0.0014  
 2   0.0643     -    0.0788  0.1190  0.0819  0.0619  0.0566  
 3   0.0070  0.0788     -    0.0350  0.0178  0.0042  0.0061  
 4   0.0308  0.1190  0.0350     -    0.0400  0.0304  0.0306  
 5   0.0148  0.0819  0.0178  0.0400     -    0.0128  0.0120  
 6   0.0007  0.0619  0.0042  0.0304  0.0128     -    0.0004  
 7   0.0014  0.0566  0.0061  0.0306  0.0120  0.0004     -    

Average distances (expected heterozygosity) between individuals in same cluster:
cluster  1  : 0.6384 
cluster  2  : 0.6403 
cluster  3  : 0.6143 
cluster  4  : 0.5532 
cluster  5  : 0.6183 
cluster  6  : 0.6455 
cluster  7  : 0.6573 

--------------------------------------------
Estimated Ln Prob of Data   = -17873.1
Mean value of ln likelihood = -16880.1
Variance of ln likelihood   = 1985.9
Mean value of alpha         = 0.0396

Mean value of Fst_1         = 0.0328
Mean value of Fst_2         = 0.1522
Mean value of Fst_3         = 0.0622
Mean value of Fst_4         = 0.1310
Mean value of Fst_5         = 0.0912
Mean value of Fst_6         = 0.0236
Mean value of Fst_7         = 0.0016


Inferred ancestry of individuals:
        Label (%Miss) Pop:  Inferred clusters
  1     2355    (0)    1 :  0.154 0.011 0.081 0.012 0.100 0.258 0.384 
  2     2356    (0)    1 :  0.136 0.011 0.124 0.003 0.089 0.236 0.400 
  3     2357    (0)    1 :  0.041 0.002 0.587 0.081 0.124 0.129 0.037 
  4     2358    (0)    1 :  0.478 0.010 0.060 0.007 0.041 0.252 0.151 
  5     2359    (0)    1 :  0.521 0.002 0.145 0.015 0.015 0.232 0.070 
  6     2360    (0)    1 :  0.170 0.067 0.305 0.006 0.067 0.193 0.191 
  7     2361    (2)    1 :  0.436 0.003 0.066 0.038 0.015 0.252 0.190 
  8     2362    (0)    1 :  0.106 0.009 0.617 0.011 0.011 0.170 0.075 
  9     2363    (0)    1 :  0.130 0.068 0.061 0.007 0.179 0.212 0.342 
 10     2364    (0)    1 :  0.207 0.009 0.094 0.013 0.027 0.282 0.368 
 11     2434    (0)    2 :  0.238 0.040 0.140 0.019 0.036 0.234 0.293 
 12     2435    (0)    2 :  0.093 0.062 0.055 0.006 0.059 0.241 0.485 
 13     2436    (0)    2 :  0.162 0.078 0.082 0.004 0.037 0.270 0.368 
 14     2437    (0)    2 :  0.085 0.211 0.083 0.007 0.014 0.212 0.387 
 15     2438    (0)    2 :  0.579 0.011 0.063 0.006 0.005 0.252 0.084 
 16     2439    (0)    2 :  0.368 0.005 0.123 0.014 0.181 0.191 0.119 
 17     2440    (0)    2 :  0.108 0.064 0.290 0.007 0.053 0.219 0.260 
 18     2441    (0)    2 :  0.187 0.062 0.063 0.031 0.011 0.264 0.382 
 19     2442    (0)    2 :  0.198 0.132 0.068 0.008 0.020 0.238 0.336 
 20     2443    (0)    2 :  0.186 0.013 0.092 0.015 0.038 0.261 0.395 
 21     2444    (0)    2 :  0.115 0.067 0.149 0.024 0.176 0.206 0.262 
 22     2446    (0)    2 :  0.107 0.013 0.072 0.038 0.504 0.123 0.143 
 23     2447    (0)    2 :  0.388 0.011 0.070 0.023 0.007 0.243 0.258 
 24     2448    (0)    2 :  0.056 0.004 0.044 0.756 0.069 0.045 0.026 
 25     2449    (0)    2 :  0.083 0.290 0.300 0.004 0.098 0.121 0.104 
 26     2450    (0)    2 :  0.084 0.228 0.338 0.004 0.018 0.162 0.166 
 27     2451    (0)    2 :  0.085 0.238 0.166 0.011 0.025 0.186 0.290 
 28     2452    (0)    2 :  0.082 0.005 0.200 0.088 0.457 0.096 0.072 
 29     2453    (0)    2 :  0.149 0.005 0.062 0.051 0.014 0.265 0.454 
 30     2454    (0)    2 :  0.080 0.005 0.039 0.574 0.162 0.071 0.068 
 31     2455    (0)    2 :  0.213 0.012 0.125 0.006 0.091 0.273 0.279 
 32     2456    (0)    2 :  0.287 0.006 0.065 0.073 0.008 0.256 0.305 
 33     2457    (0)    2 :  0.013 0.028 0.010 0.007 0.902 0.018 0.021 
 34     2458    (0)    2 :  0.381 0.230 0.039 0.024 0.019 0.192 0.114 
 35     2398    (0)    3 :  0.035 0.002 0.749 0.015 0.011 0.157 0.031 
 36     2399    (0)    3 :  0.253 0.014 0.134 0.013 0.139 0.219 0.226 
 37     2400    (0)    3 :  0.066 0.005 0.624 0.035 0.018 0.170 0.081 
 38     2401    (0)    3 :  0.093 0.002 0.623 0.042 0.029 0.156 0.056 
 39     2402    (0)    3 :  0.102 0.130 0.094 0.381 0.057 0.101 0.135 
 40     2403    (0)    3 :  0.006 0.002 0.812 0.003 0.025 0.146 0.006 
 41     2404    (0)    3 :  0.011 0.002 0.795 0.021 0.016 0.147 0.009 
 42     2405    (0)    3 :  0.441 0.005 0.188 0.005 0.008 0.229 0.124 
 43     2406    (0)    3 :  0.146 0.002 0.197 0.250 0.049 0.158 0.198 
 44     2407    (0)    3 :  0.122 0.005 0.058 0.618 0.034 0.087 0.075 
 45     2408    (0)    3 :  0.267 0.006 0.108 0.154 0.037 0.210 0.217 
 46     2409    (0)    3 :  0.018 0.003 0.695 0.092 0.027 0.138 0.027 
 47     2410    (0)    3 :  0.013 0.002 0.777 0.028 0.025 0.144 0.010 
 48     2459    (0)    4 :  0.014 0.009 0.009 0.014 0.913 0.021 0.022 
 49     2460    (0)    4 :  0.189 0.007 0.063 0.201 0.106 0.190 0.243 
 50     2461    (0)    4 :  0.127 0.005 0.513 0.006 0.152 0.146 0.051 
 51     2462    (4)    4 :  0.018 0.006 0.013 0.022 0.893 0.024 0.026 
 52     2463    (0)    4 :  0.049 0.003 0.088 0.020 0.720 0.064 0.055 
 53     2464    (2)    4 :  0.014 0.014 0.024 0.014 0.891 0.020 0.023 
 54     2465    (0)    4 :  0.131 0.009 0.531 0.021 0.037 0.178 0.094 
 55     2466    (2)    4 :  0.141 0.005 0.065 0.017 0.536 0.115 0.121 
 56     2467    (0)    4 :  0.345 0.015 0.060 0.029 0.074 0.242 0.233 
 57     2468    (0)    4 :  0.086 0.007 0.448 0.014 0.212 0.148 0.084 
 58     2469    (0)    4 :  0.168 0.013 0.331 0.016 0.154 0.177 0.141 
 59     2369    (0)    5 :  0.331 0.005 0.102 0.318 0.007 0.167 0.070 
 60     2370    (0)    5 :  0.174 0.003 0.555 0.022 0.008 0.183 0.057 
 61     2372    (0)    5 :  0.201 0.005 0.262 0.017 0.042 0.232 0.241 
 62     2373    (0)    5 :  0.106 0.169 0.084 0.070 0.013 0.205 0.354 
 63     2374    (0)    5 :  0.003 0.002 0.005 0.004 0.979 0.004 0.003 
 64     2375    (0)    5 :  0.168 0.004 0.096 0.007 0.023 0.296 0.405 
 65     2376    (0)    5 :  0.267 0.006 0.142 0.040 0.027 0.247 0.271 
 66     2377    (0)    5 :  0.213 0.013 0.091 0.190 0.062 0.190 0.241 
 67     2378    (0)    5 :  0.544 0.002 0.077 0.043 0.018 0.236 0.080 
 68     2379    (0)    5 :  0.410 0.010 0.057 0.010 0.011 0.245 0.257 
 69     2380    (0)    5 :  0.075 0.002 0.267 0.013 0.406 0.127 0.109 
 70     2381    (0)    5 :  0.510 0.002 0.065 0.118 0.034 0.216 0.054 
 71     2382    (0)    5 :  0.202 0.057 0.222 0.003 0.011 0.252 0.253 
 72     2383    (0)    5 :  0.188 0.008 0.337 0.137 0.020 0.179 0.130 
 73     2384    (0)    5 :  0.365 0.020 0.189 0.012 0.036 0.221 0.157 
 74     2385    (0)    5 :  0.300 0.017 0.073 0.015 0.035 0.257 0.302 
 75     2386    (0)    5 :  0.154 0.002 0.079 0.053 0.023 0.277 0.410 
 76     2387    (0)    5 :  0.418 0.004 0.111 0.042 0.015 0.238 0.173 
 77     2388    (0)    5 :  0.576 0.007 0.062 0.004 0.006 0.254 0.092 
 78     2389    (2)    5 :  0.138 0.101 0.085 0.005 0.009 0.257 0.406 
 79     2390    (0)    5 :  0.433 0.035 0.054 0.008 0.014 0.236 0.221 
 80     2391    (0)    5 :  0.381 0.003 0.048 0.282 0.010 0.179 0.098 
 81     2392    (0)    5 :  0.173 0.007 0.073 0.316 0.089 0.169 0.175 
 82     1408    (0)    6 :  0.007 0.967 0.004 0.002 0.006 0.007 0.008 
 83     1409    (0)    6 :  0.005 0.975 0.005 0.002 0.004 0.005 0.005 
 84     1410    (0)    6 :  0.003 0.986 0.002 0.002 0.002 0.003 0.003 
 85     1411    (0)    6 :  0.004 0.977 0.004 0.003 0.004 0.004 0.004 
 86     1412    (0)    6 :  0.005 0.974 0.003 0.003 0.006 0.004 0.005 
 87     1413    (0)    6 :  0.005 0.975 0.005 0.002 0.004 0.005 0.005 
 88     1414    (0)    6 :  0.002 0.988 0.002 0.002 0.002 0.002 0.002 
 89     1415    (0)    6 :  0.004 0.979 0.003 0.003 0.003 0.004 0.004 
 90     1416    (0)    6 :  0.003 0.978 0.004 0.004 0.003 0.004 0.004 
 91     1417    (0)    6 :  0.003 0.983 0.003 0.002 0.002 0.003 0.003 
 92     1418    (0)    6 :  0.007 0.966 0.007 0.002 0.005 0.006 0.006 
 93     1419    (0)    6 :  0.003 0.983 0.003 0.002 0.002 0.003 0.003 
 94     1420    (0)    6 :  0.005 0.970 0.005 0.004 0.006 0.005 0.006 
 95     1421    (0)    6 :  0.010 0.947 0.007 0.004 0.009 0.011 0.013 
 96     1422    (0)    6 :  0.004 0.978 0.003 0.002 0.005 0.004 0.005 
 97     1423    (0)    6 :  0.008 0.972 0.003 0.003 0.003 0.006 0.006 
 98     1424    (0)    6 :  0.012 0.926 0.008 0.005 0.022 0.012 0.015 
 99     1425    (0)    6 :  0.009 0.957 0.006 0.008 0.004 0.008 0.009 
100     1426    (0)    6 :  0.009 0.954 0.007 0.005 0.007 0.009 0.009 
101     1427    (0)    6 :  0.012 0.913 0.009 0.008 0.022 0.015 0.021 
102     1428    (0)    6 :  0.003 0.982 0.003 0.002 0.003 0.003 0.004 
103     1429    (0)    6 :  0.004 0.974 0.003 0.006 0.004 0.004 0.005 
104     1430    (0)    6 :  0.007 0.967 0.004 0.003 0.005 0.006 0.007 
105     1431    (0)    6 :  0.019 0.910 0.018 0.011 0.009 0.018 0.016 
106     1432    (0)    6 :  0.003 0.983 0.003 0.003 0.003 0.003 0.003 
107     1433    (0)    6 :  0.005 0.971 0.004 0.003 0.003 0.006 0.007 
108     1434    (0)    6 :  0.010 0.939 0.011 0.011 0.011 0.009 0.009 
109     1435    (0)    6 :  0.011 0.948 0.008 0.004 0.005 0.011 0.013 
110     1436    (0)    6 :  0.012 0.917 0.009 0.011 0.020 0.014 0.018 
111     1437    (0)    6 :  0.002 0.985 0.003 0.002 0.002 0.003 0.003 
112     2229    (0)    7 :  0.003 0.002 0.003 0.981 0.003 0.003 0.004 
113     2230    (0)    7 :  0.028 0.002 0.014 0.919 0.011 0.016 0.010 
114     2235    (0)    7 :  0.028 0.016 0.011 0.879 0.018 0.022 0.026 
115     2236    (0)    7 :  0.037 0.004 0.040 0.810 0.035 0.037 0.037 
116     2237    (0)    7 :  0.009 0.009 0.106 0.820 0.017 0.026 0.013 
117     2238    (0)    7 :  0.004 0.002 0.005 0.977 0.005 0.004 0.004 
118     2239    (0)    7 :  0.006 0.001 0.005 0.975 0.005 0.005 0.004 
119     2240    (0)    7 :  0.011 0.003 0.010 0.930 0.020 0.011 0.013 
120     2241    (0)    7 :  0.022 0.023 0.015 0.842 0.031 0.028 0.039 
121     2242    (0)    7 :  0.039 0.002 0.021 0.868 0.031 0.023 0.016 
122     2243    (0)    7 :  0.016 0.003 0.036 0.902 0.012 0.018 0.013 
123     2244    (0)    7 :  0.010 0.002 0.017 0.928 0.025 0.010 0.008 
124     2245    (0)    7 :  0.004 0.004 0.005 0.972 0.005 0.004 0.005 
125     2246    (0)    7 :  0.006 0.002 0.007 0.968 0.005 0.006 0.006 
126     2247    (0)    7 :  0.008 0.002 0.008 0.959 0.007 0.008 0.008 
127     2248    (0)    7 :  0.003 0.002 0.003 0.981 0.004 0.003 0.004 
128     2249    (0)    7 :  0.049 0.006 0.020 0.817 0.012 0.042 0.054 
129     2250    (0)    7 :  0.003 0.001 0.003 0.987 0.002 0.003 0.002 
130     2251    (0)    7 :  0.010 0.008 0.010 0.942 0.008 0.011 0.011 
131     2252    (0)    7 :  0.004 0.003 0.003 0.978 0.004 0.004 0.004 
132     2253    (0)    7 :  0.048 0.003 0.023 0.848 0.016 0.032 0.030 
133     2254    (0)    7 :  0.035 0.004 0.035 0.708 0.144 0.034 0.041 
134     2255    (0)    7 :  0.014 0.002 0.011 0.935 0.007 0.014 0.017 
135     2256    (0)    7 :  0.116 0.002 0.165 0.540 0.065 0.081 0.031 
136     2257    (0)    7 :  0.006 0.008 0.006 0.961 0.007 0.006 0.006 
137     2258    (0)    7 :  0.023 0.003 0.014 0.900 0.027 0.018 0.016 
138     2259    (0)    7 :  0.004 0.002 0.006 0.977 0.004 0.004 0.004 
139     2260    (0)    7 :  0.006 0.002 0.008 0.960 0.006 0.008 0.009 
140     2261    (0)    7 :  0.006 0.004 0.007 0.966 0.006 0.006 0.006 
141     2262    (0)    7 :  0.003 0.002 0.005 0.978 0.004 0.004 0.004 
142     2263    (0)    7 :  0.004 0.005 0.004 0.972 0.005 0.005 0.005 
143     2264    (0)    7 :  0.009 0.003 0.005 0.963 0.005 0.007 0.007 
144     2265    (0)    7 :  0.014 0.005 0.056 0.890 0.006 0.018 0.011 
145     2266    (0)    7 :  0.012 0.002 0.036 0.896 0.029 0.015 0.010 
146     2267    (0)    7 :  0.005 0.002 0.008 0.967 0.008 0.005 0.005 
147     2268    (0)    7 :  0.008 0.005 0.009 0.956 0.005 0.008 0.009 
148     2269    (0)    7 :  0.004 0.003 0.004 0.977 0.003 0.004 0.004 
149     2270    (0)    7 :  0.007 0.005 0.005 0.964 0.005 0.007 0.007 
150     2271    (0)    7 :  0.062 0.011 0.023 0.791 0.019 0.046 0.047 


Estimated Allele Frequencies in each cluster
First column gives estimated ancestral frequencies


Locus 1 : 1 
4 alleles
0.0% missing data
  91   (0.341) 0.333 0.556 0.218 0.368 0.455 0.318 0.341 
  89   (0.527) 0.525 0.407 0.608 0.574 0.438 0.542 0.528 
  93   (0.110) 0.109 0.035 0.163 0.056 0.099 0.117 0.109 
  99   (0.022) 0.033 0.002 0.011 0.002 0.008 0.023 0.022 

Locus 2 : 2 
6 alleles
0.0% missing data
 134   (0.272) 0.257 0.113 0.404 0.150 0.275 0.293 0.273 
 136   (0.341) 0.358 0.560 0.315 0.572 0.345 0.340 0.340 
 140   (0.095) 0.094 0.058 0.059 0.042 0.062 0.087 0.095 
 138   (0.241) 0.243 0.237 0.200 0.232 0.299 0.234 0.241 
 142   (0.021) 0.013 0.030 0.008 0.002 0.008 0.016 0.021 
 132   (0.030) 0.035 0.003 0.014 0.002 0.011 0.030 0.030 

Locus 3 : 3 
6 alleles
0.0% missing data
 179   (0.313) 0.335 0.153 0.368 0.308 0.397 0.328 0.313 
 187   (0.299) 0.317 0.356 0.204 0.479 0.191 0.291 0.300 
 185   (0.109) 0.095 0.219 0.078 0.009 0.108 0.099 0.110 
 191   (0.035) 0.020 0.003 0.072 0.009 0.084 0.035 0.034 
 181   (0.186) 0.168 0.087 0.223 0.191 0.197 0.187 0.185 
 175   (0.058) 0.066 0.183 0.055 0.004 0.023 0.060 0.058 

Locus 4 : 4 
10 alleles
0.0% missing data
 241   (0.198) 0.210 0.438 0.129 0.075 0.155 0.192 0.199 
 247   (0.077) 0.085 0.022 0.054 0.006 0.057 0.078 0.077 
 253   (0.376) 0.379 0.135 0.504 0.682 0.398 0.398 0.376 
 273   (0.019) 0.012 0.002 0.009 0.001 0.010 0.015 0.020 
 269   (0.167) 0.199 0.041 0.235 0.137 0.208 0.187 0.166 
 271   (0.071) 0.051 0.191 0.030 0.024 0.136 0.057 0.071 
 249   (0.045) 0.034 0.062 0.019 0.070 0.018 0.037 0.045 
 245   (0.021) 0.012 0.105 0.008 0.002 0.007 0.016 0.021 
 265   (0.013) 0.010 0.001 0.006 0.002 0.007 0.010 0.013 
 239   (0.013) 0.008 0.002 0.006 0.001 0.005 0.010 0.013 

Locus 5 : 5 
4 alleles
0.0% missing data
 103   (0.895) 0.911 0.783 0.954 0.962 0.893 0.911 0.896 
 105   (0.057) 0.041 0.185 0.026 0.004 0.089 0.047 0.057 
 102   (0.017) 0.028 0.001 0.008 0.001 0.006 0.019 0.016 
 104   (0.032) 0.019 0.031 0.013 0.033 0.011 0.024 0.031 

Locus 6 : 6 
5 alleles
0.0% missing data
 135   (0.347) 0.308 0.687 0.257 0.186 0.314 0.320 0.347 
 145   (0.332) 0.360 0.029 0.497 0.146 0.388 0.370 0.335 
 141   (0.252) 0.284 0.084 0.207 0.612 0.273 0.254 0.250 
 147   (0.047) 0.033 0.125 0.030 0.054 0.018 0.039 0.047 
 137   (0.022) 0.015 0.074 0.009 0.002 0.008 0.017 0.022 

Locus 7 : 7 
10 alleles
0.7% missing data
  97   (0.200) 0.188 0.123 0.197 0.194 0.183 0.196 0.200 
 103   (0.272) 0.349 0.025 0.363 0.298 0.327 0.313 0.273 
  89   (0.092) 0.087 0.176 0.049 0.061 0.069 0.084 0.091 
  93   (0.251) 0.247 0.346 0.213 0.380 0.154 0.243 0.251 
  83   (0.045) 0.046 0.004 0.108 0.004 0.023 0.058 0.046 
  99   (0.024) 0.015 0.034 0.024 0.002 0.009 0.021 0.024 
  85   (0.026) 0.016 0.002 0.011 0.004 0.148 0.020 0.026 
  91   (0.043) 0.026 0.095 0.017 0.048 0.015 0.033 0.043 
 105   (0.021) 0.011 0.075 0.008 0.002 0.031 0.015 0.020 
 101   (0.027) 0.015 0.120 0.010 0.007 0.040 0.019 0.026 

Locus 8 : 8 
8 alleles
0.0% missing data
 129   (0.580) 0.598 0.392 0.628 0.737 0.663 0.596 0.581 
 143   (0.239) 0.257 0.301 0.210 0.070 0.262 0.241 0.240 
 141   (0.055) 0.039 0.005 0.071 0.081 0.026 0.053 0.055 
 149   (0.057) 0.048 0.267 0.038 0.099 0.023 0.050 0.056 
 133   (0.023) 0.028 0.003 0.021 0.002 0.008 0.024 0.023 
 145   (0.013) 0.007 0.001 0.020 0.001 0.004 0.012 0.013 
 127   (0.020) 0.015 0.030 0.008 0.002 0.008 0.016 0.020 
 131   (0.013) 0.007 0.001 0.005 0.008 0.006 0.009 0.012 

Locus 9 : 9 
4 alleles
0.0% missing data
 189   (0.465) 0.534 0.311 0.415 0.261 0.590 0.478 0.465 
 191   (0.333) 0.307 0.276 0.302 0.629 0.283 0.322 0.334 
 195   (0.182) 0.147 0.410 0.271 0.100 0.119 0.184 0.182 
 193   (0.020) 0.012 0.002 0.012 0.010 0.008 0.016 0.020 

Locus 10 : 10 
6 alleles
0.0% missing data
 250   (0.046) 0.048 0.166 0.023 0.004 0.019 0.043 0.046 
 254   (0.057) 0.039 0.021 0.025 0.013 0.027 0.047 0.057 
 252   (0.103) 0.076 0.067 0.060 0.178 0.200 0.085 0.102 
 238   (0.585) 0.561 0.675 0.659 0.443 0.658 0.592 0.586 
 232   (0.187) 0.246 0.069 0.210 0.360 0.088 0.208 0.187 
 248   (0.022) 0.031 0.002 0.023 0.002 0.008 0.025 0.022 

Locus 11 : 11 
4 alleles
0.0% missing data
  87   (0.742) 0.782 0.501 0.794 0.650 0.590 0.768 0.746 
  89   (0.177) 0.159 0.103 0.170 0.272 0.316 0.168 0.175 
  91   (0.059) 0.042 0.336 0.028 0.076 0.087 0.046 0.058 
  85   (0.022) 0.016 0.060 0.009 0.002 0.007 0.017 0.021 

Locus 12 : 12 
11 alleles
0.0% missing data
 160   (0.278) 0.259 0.500 0.273 0.228 0.282 0.275 0.278 
 158   (0.199) 0.211 0.059 0.264 0.415 0.176 0.211 0.198 
 162   (0.209) 0.248 0.019 0.174 0.152 0.381 0.218 0.210 
 170   (0.063) 0.078 0.130 0.088 0.013 0.024 0.071 0.063 
 161   (0.105) 0.095 0.220 0.077 0.058 0.065 0.097 0.105 
 154   (0.030) 0.029 0.015 0.014 0.003 0.014 0.027 0.030 
 143   (0.031) 0.020 0.049 0.013 0.002 0.015 0.025 0.031 
 149   (0.028) 0.021 0.003 0.037 0.003 0.015 0.026 0.028 
 147   (0.032) 0.025 0.003 0.032 0.124 0.019 0.028 0.032 
 159   (0.013) 0.007 0.001 0.022 0.001 0.005 0.012 0.013 
 134   (0.013) 0.008 0.001 0.005 0.001 0.005 0.010 0.013 

Locus 13 : 13 
4 alleles
0.0% missing data
 113   (0.327) 0.311 0.280 0.389 0.348 0.185 0.332 0.328 
 115   (0.504) 0.531 0.482 0.459 0.485 0.585 0.505 0.505 
 108   (0.155) 0.150 0.236 0.147 0.166 0.226 0.152 0.153 
 110   (0.014) 0.008 0.002 0.006 0.001 0.005 0.010 0.013 

Locus 14 : 14 
7 alleles
0.0% missing data
 225   (0.152) 0.156 0.074 0.084 0.081 0.154 0.143 0.153 
 229   (0.446) 0.495 0.360 0.459 0.576 0.415 0.465 0.447 
 227   (0.136) 0.114 0.012 0.299 0.156 0.172 0.156 0.136 
 231   (0.191) 0.175 0.426 0.122 0.112 0.217 0.174 0.191 
 213   (0.013) 0.010 0.001 0.006 0.001 0.005 0.011 0.013 
 233   (0.048) 0.041 0.125 0.021 0.074 0.021 0.040 0.047 
 203   (0.013) 0.008 0.001 0.010 0.001 0.016 0.011 0.013 

Locus 15 : 15 
4 alleles
0.7% missing data
 143   (0.905) 0.928 0.803 0.945 0.988 0.927 0.920 0.906 
 145   (0.055) 0.049 0.115 0.038 0.009 0.030 0.050 0.055 
 147   (0.026) 0.014 0.081 0.012 0.002 0.038 0.019 0.025 
 157   (0.014) 0.009 0.001 0.005 0.001 0.005 0.011 0.014 

Locus 16 : 16 
5 alleles
0.0% missing data
 158   (0.503) 0.528 0.314 0.533 0.666 0.473 0.518 0.504 
 156   (0.275) 0.231 0.242 0.240 0.189 0.414 0.257 0.276 
 154   (0.078) 0.078 0.345 0.040 0.046 0.030 0.071 0.078 
 160   (0.130) 0.154 0.098 0.178 0.097 0.078 0.143 0.129 
 152   (0.013) 0.009 0.001 0.009 0.002 0.006 0.011 0.013 

Locus 17 : 17 
5 alleles
0.0% missing data
  90   (0.661) 0.699 0.441 0.629 0.779 0.684 0.671 0.663 
 100   (0.115) 0.114 0.160 0.098 0.011 0.173 0.112 0.115 
 102   (0.150) 0.128 0.099 0.194 0.196 0.112 0.149 0.149 
 104   (0.013) 0.014 0.001 0.006 0.001 0.005 0.012 0.013 
  88   (0.061) 0.046 0.299 0.074 0.012 0.027 0.057 0.060 

Locus 18 : 18 
7 alleles
0.0% missing data
 127   (0.259) 0.288 0.403 0.304 0.159 0.172 0.278 0.258 
 140   (0.288) 0.270 0.239 0.322 0.115 0.425 0.285 0.288 
 142   (0.143) 0.163 0.024 0.073 0.498 0.121 0.139 0.143 
 148   (0.105) 0.094 0.068 0.087 0.098 0.063 0.098 0.106 
 146   (0.094) 0.088 0.008 0.080 0.112 0.049 0.090 0.094 
 138   (0.051) 0.050 0.004 0.104 0.014 0.026 0.060 0.051 
 150   (0.061) 0.047 0.254 0.030 0.006 0.144 0.050 0.060 

Locus 19 : 19 
6 alleles
0.0% missing data
 190   (0.116) 0.092 0.037 0.133 0.337 0.066 0.111 0.115 
 194   (0.572) 0.637 0.594 0.560 0.517 0.411 0.593 0.574 
 202   (0.044) 0.049 0.062 0.022 0.004 0.018 0.042 0.044 
 188   (0.143) 0.138 0.013 0.115 0.131 0.265 0.137 0.143 
 200   (0.110) 0.077 0.292 0.164 0.009 0.236 0.107 0.109 
 198   (0.014) 0.008 0.002 0.006 0.001 0.005 0.011 0.014 

Locus 20 : 20 
6 alleles
0.0% missing data
 252   (0.633) 0.661 0.122 0.708 0.773 0.786 0.659 0.636 
 246   (0.109) 0.105 0.160 0.166 0.013 0.089 0.115 0.109 
 248   (0.018) 0.027 0.001 0.008 0.001 0.007 0.019 0.017 
 244   (0.043) 0.032 0.077 0.021 0.064 0.027 0.034 0.042 
 250   (0.118) 0.090 0.349 0.051 0.121 0.055 0.099 0.118 
 254   (0.079) 0.085 0.290 0.046 0.028 0.037 0.075 0.078 

Locus 21 : 21 
7 alleles
0.0% missing data
 167   (0.262) 0.252 0.097 0.334 0.263 0.403 0.270 0.263 
 173   (0.287) 0.280 0.269 0.319 0.309 0.349 0.287 0.286 
 163   (0.044) 0.068 0.119 0.021 0.004 0.017 0.049 0.043 
 177   (0.198) 0.231 0.075 0.162 0.360 0.101 0.204 0.198 
 175   (0.126) 0.099 0.234 0.117 0.057 0.098 0.117 0.127 
 165   (0.068) 0.062 0.176 0.042 0.007 0.028 0.063 0.069 
 159   (0.014) 0.007 0.030 0.005 0.001 0.005 0.010 0.014 

Locus 22 : 22 
11 alleles
0.0% missing data
 152   (0.414) 0.447 0.126 0.529 0.536 0.343 0.445 0.415 
 158   (0.113) 0.107 0.411 0.106 0.012 0.126 0.110 0.113 
 146   (0.183) 0.190 0.016 0.150 0.274 0.355 0.180 0.184 
 150   (0.052) 0.041 0.153 0.049 0.022 0.020 0.047 0.052 
 156   (0.027) 0.016 0.028 0.014 0.002 0.026 0.020 0.026 
 162   (0.037) 0.026 0.184 0.019 0.003 0.013 0.032 0.038 
 166   (0.066) 0.054 0.006 0.048 0.050 0.072 0.059 0.067 
 164   (0.043) 0.058 0.015 0.026 0.007 0.021 0.045 0.043 
 148   (0.025) 0.041 0.016 0.012 0.002 0.009 0.028 0.025 
 142   (0.024) 0.013 0.045 0.042 0.002 0.008 0.023 0.023 
 154   (0.015) 0.008 0.001 0.006 0.090 0.005 0.011 0.015 

Locus 23 : 23 
6 alleles
0.7% missing data
 144   (0.175) 0.170 0.298 0.210 0.130 0.198 0.179 0.174 
 156   (0.168) 0.161 0.308 0.127 0.071 0.129 0.161 0.168 
 154   (0.500) 0.550 0.209 0.521 0.574 0.583 0.520 0.503 
 160   (0.105) 0.082 0.088 0.119 0.167 0.069 0.099 0.104 
 152   (0.019) 0.012 0.002 0.008 0.050 0.008 0.015 0.019 
 158   (0.033) 0.026 0.095 0.015 0.009 0.013 0.027 0.033 

Locus 24 : 24 
4 alleles
0.7% missing data
  81   (0.378) 0.383 0.312 0.370 0.242 0.440 0.380 0.379 
  83   (0.483) 0.473 0.587 0.502 0.461 0.410 0.484 0.484 
  77   (0.095) 0.112 0.008 0.109 0.265 0.101 0.101 0.094 
  85   (0.044) 0.033 0.094 0.019 0.033 0.049 0.034 0.043 

Locus 25 : 25 
6 alleles
0.7% missing data
 124   (0.523) 0.554 0.613 0.644 0.298 0.611 0.550 0.522 
 132   (0.255) 0.254 0.022 0.239 0.628 0.248 0.254 0.255 
 122   (0.126) 0.126 0.330 0.064 0.022 0.094 0.117 0.127 
 126   (0.061) 0.041 0.019 0.038 0.049 0.034 0.051 0.062 
 120   (0.021) 0.016 0.015 0.009 0.002 0.009 0.017 0.021 
 136   (0.014) 0.009 0.001 0.006 0.001 0.005 0.011 0.014 

Locus 26 : 26 
6 alleles
0.0% missing data
 165   (0.248) 0.221 0.112 0.350 0.156 0.302 0.254 0.248 
 183   (0.337) 0.350 0.369 0.266 0.466 0.274 0.331 0.337 
 179   (0.116) 0.090 0.226 0.078 0.081 0.146 0.100 0.116 
 175   (0.212) 0.271 0.019 0.251 0.290 0.163 0.240 0.211 
 181   (0.066) 0.052 0.184 0.044 0.006 0.105 0.058 0.066 
 185   (0.022) 0.015 0.089 0.010 0.002 0.010 0.017 0.022 

Locus 27 : 27 
4 alleles
0.0% missing data
 142   (0.507) 0.471 0.418 0.585 0.639 0.703 0.507 0.507 
 150   (0.161) 0.190 0.209 0.133 0.016 0.101 0.168 0.162 
 148   (0.247) 0.278 0.294 0.171 0.135 0.151 0.245 0.247 
 138   (0.084) 0.061 0.079 0.112 0.211 0.045 0.080 0.083 

Locus 28 : 28 
5 alleles
0.0% missing data
 260   (0.452) 0.521 0.296 0.563 0.256 0.340 0.494 0.452 
 262   (0.446) 0.397 0.530 0.369 0.702 0.617 0.417 0.446 
 258   (0.025) 0.022 0.002 0.015 0.002 0.011 0.023 0.026 
 256   (0.063) 0.052 0.170 0.034 0.039 0.027 0.054 0.063 
 264   (0.014) 0.008 0.001 0.018 0.001 0.005 0.012 0.013 

Locus 29 : 29 
5 alleles
0.0% missing data
 140   (0.161) 0.129 0.455 0.183 0.071 0.106 0.153 0.161 
 150   (0.484) 0.484 0.208 0.520 0.715 0.677 0.491 0.484 
 148   (0.083) 0.074 0.024 0.047 0.077 0.069 0.072 0.083 
 146   (0.243) 0.281 0.311 0.236 0.133 0.132 0.255 0.242 
 152   (0.030) 0.033 0.003 0.014 0.005 0.015 0.028 0.030 

Locus 30 : 30 
6 alleles
0.0% missing data
 125   (0.275) 0.299 0.124 0.179 0.283 0.319 0.271 0.276 
 129   (0.501) 0.489 0.240 0.659 0.580 0.445 0.523 0.503 
 123   (0.100) 0.081 0.067 0.091 0.126 0.179 0.089 0.099 
 127   (0.068) 0.067 0.371 0.032 0.006 0.033 0.062 0.068 
 121   (0.016) 0.028 0.001 0.007 0.001 0.005 0.019 0.016 
 131   (0.039) 0.036 0.196 0.032 0.004 0.017 0.036 0.039 

Locus 31 : 31 
5 alleles
0.0% missing data
 155   (0.563) 0.601 0.612 0.540 0.660 0.447 0.573 0.564 
 159   (0.140) 0.107 0.099 0.165 0.087 0.282 0.132 0.140 
 157   (0.188) 0.216 0.090 0.208 0.162 0.153 0.202 0.189 
 153   (0.074) 0.053 0.175 0.066 0.083 0.104 0.064 0.073 
 151   (0.035) 0.022 0.025 0.021 0.008 0.014 0.028 0.034 

Locus 32 : 32 
4 alleles
0.0% missing data
  92   (0.274) 0.238 0.472 0.221 0.289 0.286 0.253 0.274 
  94   (0.072) 0.067 0.050 0.043 0.077 0.047 0.065 0.072 
  95   (0.181) 0.231 0.322 0.177 0.120 0.097 0.196 0.180 
  91   (0.473) 0.464 0.156 0.559 0.514 0.570 0.486 0.475 

Locus 33 : 33 
4 alleles
0.0% missing data
 146   (0.342) 0.326 0.529 0.345 0.103 0.212 0.340 0.344 
 148   (0.082) 0.060 0.121 0.045 0.097 0.120 0.068 0.081 
 150   (0.525) 0.577 0.299 0.563 0.796 0.540 0.548 0.524 
 154   (0.051) 0.036 0.051 0.047 0.004 0.128 0.044 0.050 

Locus 34 : 34 
7 alleles
0.0% missing data
 180   (0.401) 0.411 0.322 0.379 0.529 0.445 0.402 0.402 
 192   (0.157) 0.168 0.162 0.217 0.015 0.122 0.173 0.159 
 184   (0.207) 0.204 0.127 0.172 0.222 0.179 0.199 0.206 
 196   (0.143) 0.145 0.014 0.189 0.165 0.187 0.150 0.143 
 198   (0.053) 0.036 0.328 0.026 0.021 0.053 0.042 0.052 
 190   (0.026) 0.029 0.047 0.011 0.002 0.009 0.024 0.025 
 194   (0.014) 0.007 0.001 0.005 0.046 0.005 0.010 0.014 

Locus 35 : 35 
6 alleles
0.0% missing data
 106   (0.273) 0.271 0.128 0.322 0.180 0.351 0.280 0.272 
 112   (0.297) 0.282 0.074 0.355 0.502 0.385 0.301 0.298 
  94   (0.026) 0.043 0.002 0.012 0.002 0.010 0.029 0.025 
 110   (0.216) 0.236 0.166 0.157 0.290 0.159 0.213 0.215 
 108   (0.151) 0.142 0.626 0.115 0.023 0.081 0.142 0.151 
  90   (0.038) 0.026 0.004 0.040 0.003 0.015 0.035 0.038 

Locus 36 : 36 
8 alleles
0.0% missing data
 168   (0.103) 0.087 0.337 0.076 0.008 0.175 0.093 0.104 
 178   (0.045) 0.035 0.004 0.084 0.009 0.019 0.049 0.045 
 170   (0.276) 0.288 0.324 0.219 0.156 0.271 0.270 0.276 
 174   (0.122) 0.129 0.051 0.122 0.030 0.207 0.123 0.122 
 172   (0.283) 0.250 0.169 0.378 0.478 0.227 0.290 0.284 
 176   (0.103) 0.171 0.009 0.057 0.100 0.045 0.119 0.104 
 166   (0.046) 0.029 0.004 0.056 0.217 0.024 0.042 0.046 
 186   (0.021) 0.011 0.103 0.008 0.002 0.032 0.015 0.021 

Locus 37 : 37 
6 alleles
0.0% missing data
  85   (0.190) 0.182 0.045 0.154 0.177 0.412 0.182 0.189 
  95   (0.068) 0.066 0.017 0.062 0.088 0.029 0.067 0.068 
  89   (0.545) 0.564 0.532 0.601 0.718 0.467 0.559 0.545 
  83   (0.131) 0.128 0.366 0.130 0.012 0.066 0.130 0.132 
  81   (0.048) 0.046 0.004 0.046 0.004 0.020 0.048 0.048 
  91   (0.018) 0.013 0.037 0.007 0.001 0.006 0.014 0.018 

Locus 38 : 38 
7 alleles
0.0% missing data
 161   (0.349) 0.352 0.556 0.307 0.484 0.362 0.341 0.349 
 165   (0.207) 0.230 0.176 0.162 0.174 0.276 0.206 0.206 
 167   (0.042) 0.033 0.004 0.052 0.013 0.043 0.040 0.042 
 169   (0.094) 0.111 0.008 0.096 0.129 0.086 0.100 0.093 
 173   (0.281) 0.259 0.255 0.337 0.189 0.224 0.288 0.283 
 175   (0.014) 0.007 0.001 0.042 0.001 0.005 0.016 0.014 
 159   (0.013) 0.007 0.001 0.005 0.010 0.005 0.009 0.012 

Locus 39 : 39 
5 alleles
0.0% missing data
  85   (0.226) 0.205 0.084 0.266 0.127 0.180 0.227 0.227 
  87   (0.128) 0.108 0.390 0.056 0.148 0.196 0.109 0.128 
  91   (0.151) 0.162 0.267 0.160 0.032 0.076 0.157 0.151 
  81   (0.074) 0.080 0.006 0.069 0.025 0.050 0.075 0.075 
  89   (0.420) 0.446 0.253 0.448 0.668 0.497 0.431 0.420 

Locus 40 : 40 
3 alleles
0.0% missing data
 167   (0.755) 0.766 0.474 0.796 0.925 0.832 0.766 0.755 
 161   (0.195) 0.178 0.493 0.181 0.062 0.149 0.187 0.195 
 165   (0.050) 0.056 0.033 0.023 0.013 0.019 0.046 0.050 

Locus 41 : 41 
6 alleles
0.0% missing data
 224   (0.037) 0.022 0.016 0.020 0.057 0.027 0.028 0.036 
 228   (0.378) 0.352 0.388 0.480 0.576 0.321 0.386 0.376 
 238   (0.365) 0.401 0.101 0.316 0.239 0.545 0.371 0.367 
 240   (0.137) 0.158 0.410 0.149 0.012 0.076 0.145 0.138 
 236   (0.069) 0.054 0.084 0.029 0.114 0.026 0.057 0.069 
 242   (0.014) 0.013 0.001 0.006 0.001 0.005 0.012 0.014 

Locus 42 : 42 
7 alleles
0.7% missing data
 130   (0.535) 0.608 0.578 0.534 0.468 0.493 0.559 0.534 
 118   (0.053) 0.038 0.101 0.054 0.006 0.036 0.047 0.053 
 128   (0.066) 0.054 0.005 0.114 0.139 0.059 0.069 0.065 
 132   (0.079) 0.071 0.007 0.073 0.266 0.035 0.075 0.078 
 114   (0.108) 0.111 0.009 0.089 0.085 0.094 0.105 0.108 
 134   (0.145) 0.109 0.298 0.130 0.017 0.275 0.134 0.146 
 122   (0.016) 0.010 0.001 0.007 0.018 0.006 0.012 0.015 

Locus 43 : 43 
5 alleles
0.0% missing data
 104   (0.432) 0.420 0.106 0.471 0.165 0.428 0.440 0.436 
  98   (0.151) 0.142 0.251 0.076 0.215 0.140 0.134 0.150 
 102   (0.195) 0.217 0.017 0.303 0.436 0.336 0.218 0.194 
  92   (0.150) 0.173 0.447 0.100 0.114 0.069 0.148 0.149 
  96   (0.071) 0.048 0.179 0.050 0.071 0.027 0.059 0.071 

Locus 44 : 44 
5 alleles
0.0% missing data
  95   (0.218) 0.200 0.402 0.201 0.356 0.226 0.206 0.217 
 101   (0.365) 0.341 0.228 0.474 0.400 0.360 0.376 0.365 
 103   (0.278) 0.326 0.095 0.257 0.228 0.308 0.291 0.277 
  99   (0.103) 0.108 0.238 0.049 0.013 0.086 0.096 0.103 
  97   (0.037) 0.025 0.036 0.019 0.003 0.019 0.030 0.037 

Locus 45 : 45 
7 alleles
0.0% missing data
 181   (0.544) 0.616 0.268 0.636 0.737 0.411 0.583 0.545 
 191   (0.289) 0.261 0.604 0.240 0.181 0.405 0.272 0.289 
 179   (0.033) 0.019 0.075 0.013 0.002 0.132 0.024 0.032 
 177   (0.069) 0.050 0.036 0.079 0.074 0.028 0.063 0.069 
 189   (0.020) 0.013 0.002 0.008 0.002 0.007 0.016 0.020 
 183   (0.020) 0.015 0.002 0.012 0.002 0.008 0.017 0.020 
 193   (0.026) 0.025 0.014 0.012 0.002 0.009 0.023 0.026 

Locus 46 : 46 
6 alleles
0.0% missing data
 211   (0.205) 0.185 0.393 0.184 0.176 0.280 0.194 0.205 
 215   (0.074) 0.066 0.032 0.034 0.083 0.039 0.067 0.075 
 205   (0.448) 0.491 0.354 0.521 0.491 0.491 0.475 0.449 
 207   (0.199) 0.208 0.127 0.224 0.176 0.106 0.207 0.199 
 201   (0.053) 0.039 0.065 0.028 0.074 0.055 0.042 0.052 
 202   (0.021) 0.012 0.029 0.009 0.002 0.029 0.015 0.020 

Locus 47 : 47 
10 alleles
0.0% missing data
 142   (0.287) 0.290 0.132 0.372 0.203 0.391 0.305 0.288 
 162   (0.065) 0.055 0.052 0.048 0.006 0.043 0.060 0.066 
 164   (0.038) 0.026 0.108 0.023 0.003 0.014 0.032 0.038 
 168   (0.147) 0.170 0.310 0.152 0.260 0.063 0.155 0.147 
 158   (0.175) 0.189 0.181 0.147 0.073 0.156 0.174 0.175 
 170   (0.041) 0.029 0.102 0.017 0.014 0.014 0.033 0.041 
 166   (0.139) 0.153 0.032 0.151 0.287 0.261 0.146 0.137 
 156   (0.041) 0.034 0.068 0.028 0.004 0.019 0.036 0.041 
 144   (0.055) 0.047 0.005 0.056 0.149 0.033 0.052 0.055 
 160   (0.013) 0.007 0.011 0.005 0.001 0.006 0.009 0.012 

Locus 48 : 48 
6 alleles
0.0% missing data
 149   (0.351) 0.346 0.756 0.425 0.116 0.206 0.365 0.353 
 151   (0.224) 0.242 0.090 0.169 0.231 0.269 0.220 0.223 
 145   (0.193) 0.184 0.121 0.234 0.250 0.285 0.195 0.190 
 153   (0.193) 0.192 0.018 0.154 0.400 0.227 0.187 0.195 
 147   (0.014) 0.009 0.001 0.005 0.001 0.005 0.011 0.014 
 143   (0.026) 0.027 0.014 0.013 0.002 0.009 0.023 0.025 

Values of parameters used in structure:
DATAFILE=admix1.str,	OUTFILE=k7/admix1_k7_run7,	NUMINDS=150,	NUMLOCI=48,	MISSING=-9,	LABEL=1,	POPDATA=1,	POPFLAG=0,	PHENOTYPE=0,	EXTRACOLS=0,	MAXPOPS=7,	BURNIN=500000,	NUMREPS=750000,	USEPOPINFO=0,	INFERALPHA=1,	INFERLAMBDA=0,	POPSPECIFICLAMBDA=0,	POPALPHAS=0,	COMPUTEPROB=1,	NOADMIX=0,	ADMBURNIN=500,	UPDATEFREQ=100,	PRINTLIKES=0,	INTERMEDSAVE=0,	PRINTKLD=0,	PRINTNET=1,	PRINTLAMBDA=1,	ANCESTDIST=0,	NUMBOXES=1000,	ANCESTPINT=0.90000,	GENSBACK=2,	MIGRPRIOR=0.01000,	PRINTQHAT=0,	PRINTQSUM=1,	ALPHA=1.0000,	FREQSCORR=1,	FPRIORMEAN=0.0100,	FPRIORSD=0.0500,	ONEFST=0,	LAMBDA=1.0000,	UNIFPRIORALPHA=1,	ALPHAMAX=10.0000,	ALPHAPRIORA=1.0000,	ALPHAPRIORB=2.0000,	ALPHAPROPSD=0.0250,	STARTATPOPINFO=0,	RANDOMIZE=0,	LINKAGE=0,	METROFREQ=10,	REPORTHITRATE=0,	MARKOVPHASE=0,	PHASED=1,	PLOIDY=2,	PHASEINFO=0	LOCPRIOR=0, 	LOCPRIORINIT=1.000000, 	LOCDATA=0, 	LOCISPOP=1, 	LOCPRIORSTEP=0.100000, 	MAXLOCPRIOR=20.000000, 	SEED=709133,	
[STRAT parameters]:    NUMSIMSTATS=1000,	PHENOTYPECOL=-9,	POOLFREQ=10,	LOCUSxONLY=0,	EMERROR=0.00100,	MISSINGPHENO=-9,	