

----------------------------------------------------
STRUCTURE by Pritchard, Stephens and Donnelly (2000)
     and Falush, Stephens and Pritchard (2003)
       Code by Pritchard, Falush and Hubisz
             Version 2.3.4 (Jul 2012)
----------------------------------------------------



Command line arguments:   structure -D 399369 -K 2 -m mainparams -o k2/admix1_k2_run7 
Input File:    admix1.str

Run parameters:
   150 individuals
   48 loci
   2 populations assumed
   500000 Burn-in period
   750000 Reps
RANDOMIZE turned off


--------------------------------------------
Proportion of membership of each pre-defined
 population in each of the 2 clusters

Given    Inferred Clusters       Number of
 Pop       1      2             Individuals

  1:     0.254  0.746              10
  2:     0.341  0.659              24
  3:     0.106  0.894              13
  4:     0.200  0.800              11
  5:     0.216  0.784              23
  6:     0.971  0.029              30
  7:     0.027  0.973              39
--------------------------------------------

Allele-freq. divergence among pops (Net nucleotide distance),
computed using point estimates of P.

      1       2      
 1      -    0.1049  
 2   0.1049     -    

Average distances (expected heterozygosity) between individuals in same cluster:
cluster  1  : 0.6523 
cluster  2  : 0.5807 

--------------------------------------------
Estimated Ln Prob of Data   = -17574.3
Mean value of ln likelihood = -17423.0
Variance of ln likelihood   = 302.6
Mean value of alpha         = 0.2916

Mean value of Fst_1         = 0.1133
Mean value of Fst_2         = 0.1639


Inferred ancestry of individuals:
        Label (%Miss) Pop:  Inferred clusters
  1     2355    (0)    1 :  0.285 0.715 
  2     2356    (0)    1 :  0.417 0.583 
  3     2357    (0)    1 :  0.024 0.976 
  4     2358    (0)    1 :  0.340 0.660 
  5     2359    (0)    1 :  0.094 0.906 
  6     2360    (0)    1 :  0.324 0.676 
  7     2361    (2)    1 :  0.159 0.841 
  8     2362    (0)    1 :  0.204 0.796 
  9     2363    (0)    1 :  0.444 0.556 
 10     2364    (0)    1 :  0.252 0.748 
 11     2434    (0)    2 :  0.342 0.658 
 12     2435    (0)    2 :  0.561 0.439 
 13     2436    (0)    2 :  0.504 0.496 
 14     2437    (0)    2 :  0.541 0.459 
 15     2438    (0)    2 :  0.344 0.656 
 16     2439    (0)    2 :  0.180 0.820 
 17     2440    (0)    2 :  0.400 0.600 
 18     2441    (0)    2 :  0.437 0.563 
 19     2442    (0)    2 :  0.482 0.518 
 20     2443    (0)    2 :  0.315 0.685 
 21     2444    (0)    2 :  0.330 0.670 
 22     2446    (0)    2 :  0.288 0.712 
 23     2447    (0)    2 :  0.280 0.720 
 24     2448    (0)    2 :  0.027 0.973 
 25     2449    (0)    2 :  0.547 0.453 
 26     2450    (0)    2 :  0.523 0.477 
 27     2451    (0)    2 :  0.549 0.451 
 28     2452    (0)    2 :  0.093 0.907 
 29     2453    (0)    2 :  0.228 0.772 
 30     2454    (0)    2 :  0.038 0.962 
 31     2455    (0)    2 :  0.287 0.713 
 32     2456    (0)    2 :  0.187 0.813 
 33     2457    (0)    2 :  0.287 0.713 
 34     2458    (0)    2 :  0.424 0.576 
 35     2398    (0)    3 :  0.056 0.944 
 36     2399    (0)    3 :  0.175 0.825 
 37     2400    (0)    3 :  0.109 0.891 
 38     2401    (0)    3 :  0.031 0.969 
 39     2402    (0)    3 :  0.258 0.742 
 40     2403    (0)    3 :  0.076 0.924 
 41     2404    (0)    3 :  0.062 0.938 
 42     2405    (0)    3 :  0.230 0.770 
 43     2406    (0)    3 :  0.048 0.952 
 44     2407    (0)    3 :  0.053 0.947 
 45     2408    (0)    3 :  0.153 0.847 
 46     2409    (0)    3 :  0.085 0.915 
 47     2410    (0)    3 :  0.039 0.961 
 48     2459    (0)    4 :  0.248 0.752 
 49     2460    (0)    4 :  0.149 0.851 
 50     2461    (0)    4 :  0.199 0.801 
 51     2462    (4)    4 :  0.145 0.855 
 52     2463    (0)    4 :  0.134 0.866 
 53     2464    (2)    4 :  0.300 0.700 
 54     2465    (0)    4 :  0.150 0.850 
 55     2466    (2)    4 :  0.168 0.832 
 56     2467    (0)    4 :  0.235 0.765 
 57     2468    (0)    4 :  0.193 0.807 
 58     2469    (0)    4 :  0.282 0.718 
 59     2369    (0)    5 :  0.071 0.929 
 60     2370    (0)    5 :  0.036 0.964 
 61     2372    (0)    5 :  0.126 0.874 
 62     2373    (0)    5 :  0.489 0.511 
 63     2374    (0)    5 :  0.109 0.891 
 64     2375    (0)    5 :  0.235 0.765 
 65     2376    (0)    5 :  0.232 0.768 
 66     2377    (0)    5 :  0.195 0.805 
 67     2378    (0)    5 :  0.048 0.952 
 68     2379    (0)    5 :  0.343 0.657 
 69     2380    (0)    5 :  0.049 0.951 
 70     2381    (0)    5 :  0.063 0.937 
 71     2382    (0)    5 :  0.433 0.567 
 72     2383    (0)    5 :  0.152 0.848 
 73     2384    (0)    5 :  0.235 0.765 
 74     2385    (0)    5 :  0.364 0.636 
 75     2386    (0)    5 :  0.110 0.890 
 76     2387    (0)    5 :  0.146 0.854 
 77     2388    (0)    5 :  0.405 0.595 
 78     2389    (2)    5 :  0.557 0.443 
 79     2390    (0)    5 :  0.374 0.626 
 80     2391    (0)    5 :  0.104 0.896 
 81     2392    (0)    5 :  0.098 0.902 
 82     1408    (0)    6 :  0.983 0.017 
 83     1409    (0)    6 :  0.981 0.019 
 84     1410    (0)    6 :  0.985 0.015 
 85     1411    (0)    6 :  0.974 0.026 
 86     1412    (0)    6 :  0.981 0.019 
 87     1413    (0)    6 :  0.980 0.020 
 88     1414    (0)    6 :  0.989 0.011 
 89     1415    (0)    6 :  0.978 0.022 
 90     1416    (0)    6 :  0.977 0.023 
 91     1417    (0)    6 :  0.987 0.013 
 92     1418    (0)    6 :  0.976 0.024 
 93     1419    (0)    6 :  0.985 0.015 
 94     1420    (0)    6 :  0.973 0.027 
 95     1421    (0)    6 :  0.971 0.029 
 96     1422    (0)    6 :  0.986 0.014 
 97     1423    (0)    6 :  0.983 0.017 
 98     1424    (0)    6 :  0.951 0.049 
 99     1425    (0)    6 :  0.959 0.041 
100     1426    (0)    6 :  0.956 0.044 
101     1427    (0)    6 :  0.942 0.058 
102     1428    (0)    6 :  0.984 0.016 
103     1429    (0)    6 :  0.966 0.034 
104     1430    (0)    6 :  0.980 0.020 
105     1431    (0)    6 :  0.925 0.075 
106     1432    (0)    6 :  0.986 0.014 
107     1433    (0)    6 :  0.981 0.019 
108     1434    (0)    6 :  0.926 0.074 
109     1435    (0)    6 :  0.973 0.027 
110     1436    (0)    6 :  0.934 0.066 
111     1437    (0)    6 :  0.986 0.014 
112     2229    (0)    7 :  0.020 0.980 
113     2230    (0)    7 :  0.012 0.988 
114     2235    (0)    7 :  0.070 0.930 
115     2236    (0)    7 :  0.026 0.974 
116     2237    (0)    7 :  0.050 0.950 
117     2238    (0)    7 :  0.013 0.987 
118     2239    (0)    7 :  0.009 0.991 
119     2240    (0)    7 :  0.033 0.967 
120     2241    (0)    7 :  0.097 0.903 
121     2242    (0)    7 :  0.013 0.987 
122     2243    (0)    7 :  0.017 0.983 
123     2244    (0)    7 :  0.011 0.989 
124     2245    (0)    7 :  0.032 0.968 
125     2246    (0)    7 :  0.015 0.985 
126     2247    (0)    7 :  0.018 0.982 
127     2248    (0)    7 :  0.017 0.983 
128     2249    (0)    7 :  0.051 0.949 
129     2250    (0)    7 :  0.009 0.991 
130     2251    (0)    7 :  0.033 0.967 
131     2252    (0)    7 :  0.021 0.979 
132     2253    (0)    7 :  0.021 0.979 
133     2254    (0)    7 :  0.027 0.973 
134     2255    (0)    7 :  0.023 0.977 
135     2256    (0)    7 :  0.011 0.989 
136     2257    (0)    7 :  0.051 0.949 
137     2258    (0)    7 :  0.016 0.984 
138     2259    (0)    7 :  0.014 0.986 
139     2260    (0)    7 :  0.017 0.983 
140     2261    (0)    7 :  0.039 0.961 
141     2262    (0)    7 :  0.015 0.985 
142     2263    (0)    7 :  0.046 0.954 
143     2264    (0)    7 :  0.025 0.975 
144     2265    (0)    7 :  0.019 0.981 
145     2266    (0)    7 :  0.015 0.985 
146     2267    (0)    7 :  0.012 0.988 
147     2268    (0)    7 :  0.033 0.967 
148     2269    (0)    7 :  0.019 0.981 
149     2270    (0)    7 :  0.034 0.966 
150     2271    (0)    7 :  0.060 0.940 


Estimated Allele Frequencies in each cluster
First column gives estimated ancestral frequencies


Locus 1 : 1 
4 alleles
0.0% missing data
  91   (0.396) 0.535 0.311 
  89   (0.421) 0.413 0.573 
  93   (0.125) 0.041 0.103 
  99   (0.058) 0.010 0.013 

Locus 2 : 2 
6 alleles
0.0% missing data
 134   (0.189) 0.132 0.268 
 136   (0.347) 0.490 0.428 
 140   (0.123) 0.081 0.058 
 138   (0.228) 0.252 0.228 
 142   (0.053) 0.031 0.002 
 132   (0.060) 0.014 0.016 

Locus 3 : 3 
6 alleles
0.0% missing data
 179   (0.226) 0.142 0.370 
 187   (0.305) 0.321 0.363 
 185   (0.132) 0.260 0.016 
 191   (0.061) 0.007 0.034 
 181   (0.171) 0.091 0.207 
 175   (0.106) 0.178 0.010 

Locus 4 : 4 
10 alleles
0.0% missing data
 241   (0.201) 0.416 0.099 
 247   (0.094) 0.065 0.035 
 253   (0.188) 0.109 0.594 
 273   (0.046) 0.018 0.003 
 269   (0.119) 0.048 0.200 
 271   (0.114) 0.192 0.020 
 249   (0.099) 0.057 0.040 
 245   (0.059) 0.079 0.002 
 265   (0.040) 0.006 0.004 
 239   (0.039) 0.010 0.002 

Locus 5 : 5 
4 alleles
0.0% missing data
 103   (0.748) 0.781 0.966 
 105   (0.103) 0.182 0.005 
 102   (0.056) 0.010 0.008 
 104   (0.094) 0.028 0.020 

Locus 6 : 6 
5 alleles
0.0% missing data
 135   (0.436) 0.730 0.172 
 145   (0.131) 0.023 0.365 
 141   (0.219) 0.076 0.430 
 147   (0.145) 0.109 0.032 
 137   (0.070) 0.063 0.002 

Locus 7 : 7 
10 alleles
0.7% missing data
  97   (0.158) 0.139 0.195 
 103   (0.085) 0.014 0.379 
  89   (0.132) 0.186 0.048 
  93   (0.227) 0.338 0.275 
  83   (0.061) 0.012 0.046 
  99   (0.054) 0.042 0.002 
  85   (0.060) 0.014 0.025 
  91   (0.100) 0.092 0.024 
 105   (0.055) 0.064 0.002 
 101   (0.069) 0.100 0.004 

Locus 8 : 8 
8 alleles
0.0% missing data
 129   (0.359) 0.379 0.719 
 143   (0.228) 0.355 0.136 
 141   (0.063) 0.007 0.069 
 149   (0.158) 0.205 0.054 
 133   (0.056) 0.014 0.011 
 145   (0.042) 0.004 0.005 
 127   (0.054) 0.030 0.002 
 131   (0.041) 0.005 0.005 

Locus 9 : 9 
4 alleles
0.0% missing data
 189   (0.357) 0.355 0.410 
 191   (0.318) 0.252 0.457 
 195   (0.269) 0.383 0.124 
 193   (0.056) 0.009 0.008 

Locus 10 : 10 
6 alleles
0.0% missing data
 250   (0.085) 0.150 0.004 
 254   (0.091) 0.050 0.018 
 252   (0.146) 0.073 0.132 
 238   (0.464) 0.660 0.535 
 232   (0.162) 0.062 0.295 
 248   (0.051) 0.004 0.016 

Locus 11 : 11 
4 alleles
0.0% missing data
  87   (0.543) 0.561 0.729 
  89   (0.204) 0.112 0.229 
  91   (0.188) 0.274 0.040 
  85   (0.065) 0.053 0.002 

Locus 12 : 12 
11 alleles
0.0% missing data
 160   (0.241) 0.476 0.224 
 158   (0.128) 0.052 0.330 
 162   (0.078) 0.013 0.255 
 170   (0.112) 0.124 0.035 
 161   (0.136) 0.221 0.050 
 154   (0.061) 0.028 0.009 
 143   (0.054) 0.059 0.002 
 149   (0.056) 0.013 0.016 
 147   (0.056) 0.005 0.069 
 159   (0.039) 0.004 0.005 
 134   (0.038) 0.005 0.005 

Locus 13 : 13 
4 alleles
0.0% missing data
 113   (0.306) 0.295 0.332 
 115   (0.424) 0.476 0.513 
 108   (0.226) 0.219 0.153 
 110   (0.044) 0.011 0.002 

Locus 14 : 14 
7 alleles
0.0% missing data
 225   (0.149) 0.097 0.114 
 229   (0.326) 0.338 0.539 
 227   (0.082) 0.011 0.204 
 231   (0.231) 0.437 0.094 
 213   (0.042) 0.010 0.002 
 233   (0.127) 0.103 0.042 
 203   (0.042) 0.004 0.005 

Locus 15 : 15 
4 alleles
0.7% missing data
 143   (0.757) 0.807 0.977 
 145   (0.122) 0.116 0.016 
 147   (0.074) 0.070 0.003 
 157   (0.047) 0.008 0.004 

Locus 16 : 16 
5 alleles
0.0% missing data
 158   (0.359) 0.306 0.619 
 156   (0.268) 0.287 0.222 
 154   (0.164) 0.300 0.026 
 160   (0.165) 0.102 0.127 
 152   (0.044) 0.004 0.005 

Locus 17 : 17 
5 alleles
0.0% missing data
  90   (0.465) 0.457 0.751 
 100   (0.171) 0.192 0.053 
 102   (0.176) 0.096 0.174 
 104   (0.044) 0.007 0.004 
  88   (0.144) 0.248 0.018 

Locus 18 : 18 
7 alleles
0.0% missing data
 127   (0.269) 0.379 0.206 
 140   (0.247) 0.287 0.219 
 142   (0.102) 0.016 0.313 
 148   (0.133) 0.069 0.094 
 146   (0.073) 0.009 0.108 
 138   (0.064) 0.008 0.049 
 150   (0.112) 0.231 0.010 

Locus 19 : 19 
6 alleles
0.0% missing data
 190   (0.131) 0.034 0.216 
 194   (0.463) 0.565 0.556 
 202   (0.083) 0.081 0.006 
 188   (0.089) 0.013 0.170 
 200   (0.190) 0.298 0.049 
 198   (0.044) 0.010 0.002 

Locus 20 : 20 
6 alleles
0.0% missing data
 252   (0.272) 0.116 0.817 
 246   (0.177) 0.192 0.056 
 248   (0.054) 0.009 0.009 
 244   (0.122) 0.069 0.036 
 250   (0.222) 0.335 0.066 
 254   (0.152) 0.280 0.017 

Locus 21 : 21 
7 alleles
0.0% missing data
 167   (0.182) 0.104 0.320 
 173   (0.249) 0.257 0.314 
 163   (0.089) 0.129 0.007 
 177   (0.157) 0.070 0.283 
 175   (0.170) 0.237 0.063 
 165   (0.107) 0.180 0.012 
 159   (0.047) 0.022 0.001 

Locus 22 : 22 
11 alleles
0.0% missing data
 152   (0.203) 0.126 0.541 
 158   (0.147) 0.407 0.023 
 146   (0.081) 0.011 0.272 
 150   (0.106) 0.146 0.016 
 156   (0.061) 0.038 0.004 
 162   (0.072) 0.159 0.002 
 166   (0.064) 0.009 0.061 
 164   (0.078) 0.025 0.026 
 148   (0.064) 0.032 0.007 
 142   (0.072) 0.041 0.008 
 154   (0.053) 0.004 0.039 

Locus 23 : 23 
6 alleles
0.7% missing data
 144   (0.223) 0.271 0.153 
 156   (0.205) 0.333 0.077 
 154   (0.288) 0.219 0.614 
 160   (0.149) 0.089 0.124 
 152   (0.054) 0.005 0.025 
 158   (0.081) 0.084 0.006 

Locus 24 : 24 
4 alleles
0.7% missing data
  81   (0.335) 0.339 0.328 
  83   (0.466) 0.571 0.460 
  77   (0.081) 0.007 0.189 
  85   (0.118) 0.083 0.023 

Locus 25 : 25 
6 alleles
0.7% missing data
 124   (0.501) 0.608 0.451 
 132   (0.106) 0.011 0.468 
 122   (0.185) 0.324 0.029 
 126   (0.104) 0.031 0.044 
 120   (0.058) 0.019 0.004 
 136   (0.046) 0.007 0.004 

Locus 26 : 26 
6 alleles
0.0% missing data
 165   (0.203) 0.132 0.244 
 183   (0.330) 0.364 0.371 
 179   (0.186) 0.236 0.065 
 175   (0.095) 0.012 0.303 
 181   (0.119) 0.186 0.014 
 185   (0.068) 0.070 0.002 

Locus 27 : 27 
4 alleles
0.0% missing data
 142   (0.400) 0.382 0.626 
 150   (0.194) 0.243 0.073 
 148   (0.257) 0.307 0.166 
 138   (0.149) 0.068 0.135 

Locus 28 : 28 
5 alleles
0.0% missing data
 260   (0.330) 0.323 0.416 
 262   (0.430) 0.496 0.546 
 258   (0.058) 0.024 0.006 
 256   (0.138) 0.152 0.028 
 264   (0.044) 0.006 0.005 

Locus 29 : 29 
5 alleles
0.0% missing data
 140   (0.244) 0.421 0.078 
 150   (0.311) 0.193 0.667 
 148   (0.108) 0.033 0.072 
 146   (0.271) 0.337 0.167 
 152   (0.066) 0.016 0.015 

Locus 30 : 30 
6 alleles
0.0% missing data
 125   (0.227) 0.144 0.286 
 129   (0.350) 0.269 0.588 
 123   (0.152) 0.078 0.109 
 127   (0.117) 0.327 0.006 
 121   (0.053) 0.017 0.004 
 131   (0.101) 0.166 0.006 

Locus 31 : 31 
5 alleles
0.0% missing data
 155   (0.442) 0.599 0.600 
 159   (0.163) 0.117 0.129 
 157   (0.166) 0.093 0.200 
 153   (0.154) 0.152 0.062 
 151   (0.076) 0.040 0.008 

Locus 32 : 32 
4 alleles
0.0% missing data
  92   (0.338) 0.460 0.232 
  94   (0.124) 0.054 0.062 
  95   (0.254) 0.318 0.135 
  91   (0.283) 0.168 0.571 

Locus 33 : 33 
4 alleles
0.0% missing data
 146   (0.354) 0.539 0.189 
 148   (0.162) 0.120 0.069 
 150   (0.378) 0.265 0.722 
 154   (0.107) 0.076 0.020 

Locus 34 : 34 
7 alleles
0.0% missing data
 180   (0.314) 0.331 0.467 
 192   (0.181) 0.195 0.101 
 184   (0.188) 0.136 0.212 
 196   (0.088) 0.015 0.189 
 198   (0.118) 0.267 0.010 
 190   (0.060) 0.052 0.002 
 194   (0.051) 0.004 0.020 

Locus 35 : 35 
6 alleles
0.0% missing data
 106   (0.229) 0.142 0.271 
 112   (0.193) 0.066 0.444 
  94   (0.066) 0.029 0.008 
 110   (0.234) 0.162 0.241 
 108   (0.201) 0.570 0.023 
  90   (0.076) 0.032 0.012 

Locus 36 : 36 
8 alleles
0.0% missing data
 168   (0.125) 0.349 0.011 
 178   (0.062) 0.008 0.039 
 170   (0.258) 0.357 0.187 
 174   (0.125) 0.051 0.109 
 172   (0.221) 0.142 0.405 
 176   (0.076) 0.010 0.128 
 166   (0.069) 0.006 0.119 
 186   (0.064) 0.077 0.002 

Locus 37 : 37 
6 alleles
0.0% missing data
  85   (0.147) 0.051 0.226 
  95   (0.093) 0.020 0.073 
  89   (0.451) 0.495 0.645 
  83   (0.176) 0.379 0.028 
  81   (0.078) 0.024 0.026 
  91   (0.055) 0.032 0.002 

Locus 38 : 38 
7 alleles
0.0% missing data
 161   (0.343) 0.504 0.390 
 165   (0.197) 0.183 0.199 
 167   (0.063) 0.011 0.032 
 169   (0.068) 0.006 0.128 
 173   (0.240) 0.288 0.234 
 175   (0.047) 0.005 0.010 
 159   (0.042) 0.003 0.006 

Locus 39 : 39 
5 alleles
0.0% missing data
  85   (0.184) 0.112 0.196 
  87   (0.233) 0.352 0.096 
  91   (0.199) 0.297 0.063 
  81   (0.076) 0.013 0.061 
  89   (0.309) 0.226 0.585 

Locus 40 : 40 
3 alleles
0.0% missing data
 167   (0.597) 0.461 0.906 
 161   (0.297) 0.486 0.077 
 165   (0.106) 0.054 0.017 

Locus 41 : 41 
6 alleles
0.0% missing data
 224   (0.084) 0.017 0.035 
 228   (0.352) 0.346 0.485 
 238   (0.210) 0.105 0.388 
 240   (0.172) 0.437 0.024 
 236   (0.139) 0.087 0.065 
 242   (0.044) 0.009 0.003 

Locus 42 : 42 
7 alleles
0.7% missing data
 130   (0.430) 0.554 0.525 
 118   (0.106) 0.104 0.014 
 128   (0.070) 0.006 0.111 
 132   (0.074) 0.007 0.166 
 114   (0.078) 0.011 0.114 
 134   (0.195) 0.314 0.058 
 122   (0.048) 0.004 0.011 

Locus 43 : 43 
5 alleles
0.0% missing data
 104   (0.249) 0.152 0.365 
  98   (0.237) 0.242 0.143 
 102   (0.098) 0.011 0.370 
  92   (0.255) 0.431 0.079 
  96   (0.161) 0.164 0.043 

Locus 44 : 44 
5 alleles
0.0% missing data
  95   (0.306) 0.344 0.263 
 101   (0.289) 0.220 0.423 
 103   (0.203) 0.107 0.296 
  99   (0.135) 0.270 0.014 
  97   (0.067) 0.059 0.003 

Locus 45 : 45 
7 alleles
0.0% missing data
 181   (0.326) 0.253 0.710 
 191   (0.325) 0.577 0.196 
 179   (0.086) 0.088 0.008 
 177   (0.107) 0.035 0.066 
 189   (0.051) 0.011 0.007 
 183   (0.049) 0.006 0.010 
 193   (0.056) 0.030 0.002 

Locus 46 : 46 
6 alleles
0.0% missing data
 211   (0.240) 0.377 0.165 
 215   (0.101) 0.035 0.070 
 205   (0.313) 0.352 0.520 
 207   (0.179) 0.144 0.193 
 201   (0.110) 0.061 0.048 
 202   (0.056) 0.029 0.003 

Locus 47 : 47 
10 alleles
0.0% missing data
 142   (0.167) 0.135 0.315 
 162   (0.087) 0.089 0.017 
 164   (0.061) 0.105 0.002 
 168   (0.186) 0.269 0.182 
 158   (0.155) 0.192 0.123 
 170   (0.080) 0.095 0.008 
 166   (0.093) 0.023 0.243 
 156   (0.075) 0.075 0.009 
 144   (0.058) 0.006 0.098 
 160   (0.038) 0.012 0.001 

Locus 48 : 48 
6 alleles
0.0% missing data
 149   (0.397) 0.740 0.184 
 151   (0.190) 0.092 0.247 
 145   (0.209) 0.122 0.242 
 153   (0.095) 0.010 0.320 
 147   (0.045) 0.009 0.003 
 143   (0.063) 0.026 0.005 

Values of parameters used in structure:
DATAFILE=admix1.str,	OUTFILE=k2/admix1_k2_run7,	NUMINDS=150,	NUMLOCI=48,	MISSING=-9,	LABEL=1,	POPDATA=1,	POPFLAG=0,	PHENOTYPE=0,	EXTRACOLS=0,	MAXPOPS=2,	BURNIN=500000,	NUMREPS=750000,	USEPOPINFO=0,	INFERALPHA=1,	INFERLAMBDA=0,	POPSPECIFICLAMBDA=0,	POPALPHAS=0,	COMPUTEPROB=1,	NOADMIX=0,	ADMBURNIN=500,	UPDATEFREQ=100,	PRINTLIKES=0,	INTERMEDSAVE=0,	PRINTKLD=0,	PRINTNET=1,	PRINTLAMBDA=1,	ANCESTDIST=0,	NUMBOXES=1000,	ANCESTPINT=0.90000,	GENSBACK=2,	MIGRPRIOR=0.01000,	PRINTQHAT=0,	PRINTQSUM=1,	ALPHA=1.0000,	FREQSCORR=1,	FPRIORMEAN=0.0100,	FPRIORSD=0.0500,	ONEFST=0,	LAMBDA=1.0000,	UNIFPRIORALPHA=1,	ALPHAMAX=10.0000,	ALPHAPRIORA=1.0000,	ALPHAPRIORB=2.0000,	ALPHAPROPSD=0.0250,	STARTATPOPINFO=0,	RANDOMIZE=0,	LINKAGE=0,	METROFREQ=10,	REPORTHITRATE=0,	MARKOVPHASE=0,	PHASED=1,	PLOIDY=2,	PHASEINFO=0	LOCPRIOR=0, 	LOCPRIORINIT=1.000000, 	LOCDATA=0, 	LOCISPOP=1, 	LOCPRIORSTEP=0.100000, 	MAXLOCPRIOR=20.000000, 	SEED=399369,	
[STRAT parameters]:    NUMSIMSTATS=1000,	PHENOTYPECOL=-9,	POOLFREQ=10,	LOCUSxONLY=0,	EMERROR=0.00100,	MISSINGPHENO=-9,	