

----------------------------------------------------
STRUCTURE by Pritchard, Stephens and Donnelly (2000)
     and Falush, Stephens and Pritchard (2003)
       Code by Pritchard, Falush and Hubisz
             Version 2.3.4 (Jul 2012)
----------------------------------------------------



Command line arguments:   structure -D 991575 -K 7 -m mainparams -o k7/admix1_k7_run9 
Input File:    admix1.str

Run parameters:
   150 individuals
   48 loci
   7 populations assumed
   500000 Burn-in period
   750000 Reps
RANDOMIZE turned off


--------------------------------------------
Proportion of membership of each pre-defined
 population in each of the 7 clusters

Given    Inferred Clusters                                   Number of
 Pop       1      2      3      4      5      6      7      Individuals

  1:     0.223  0.019  0.018  0.072  0.212  0.219  0.237       10
  2:     0.223  0.074  0.075  0.129  0.096  0.228  0.175       24
  3:     0.091  0.014  0.129  0.038  0.516  0.091  0.120       13
  4:     0.098  0.009  0.034  0.440  0.214  0.096  0.109       11
  5:     0.213  0.020  0.074  0.084  0.115  0.203  0.290       23
  6:     0.007  0.964  0.004  0.006  0.005  0.007  0.006       30
  7:     0.015  0.004  0.913  0.016  0.020  0.014  0.018       39
--------------------------------------------

Allele-freq. divergence among pops (Net nucleotide distance),
computed using point estimates of P.

      1       2       3       4       5       6       7      
 1      -    0.0577  0.0305  0.0121  0.0085  0.0000  0.0014  
 2   0.0577     -    0.1190  0.0814  0.0837  0.0567  0.0657  
 3   0.0305  0.1190     -    0.0398  0.0371  0.0307  0.0310  
 4   0.0121  0.0814  0.0398     -    0.0194  0.0118  0.0154  
 5   0.0085  0.0837  0.0371  0.0194     -    0.0085  0.0101  
 6   0.0000  0.0567  0.0307  0.0118  0.0085     -    0.0019  
 7   0.0014  0.0657  0.0310  0.0154  0.0101  0.0019     -    

Average distances (expected heterozygosity) between individuals in same cluster:
cluster  1  : 0.6544 
cluster  2  : 0.6403 
cluster  3  : 0.5532 
cluster  4  : 0.6186 
cluster  5  : 0.6051 
cluster  6  : 0.6568 
cluster  7  : 0.6353 

--------------------------------------------
Estimated Ln Prob of Data   = -17660.4
Mean value of ln likelihood = -16884.6
Variance of ln likelihood   = 1551.6
Mean value of alpha         = 0.0397

Mean value of Fst_1         = 0.0074
Mean value of Fst_2         = 0.1520
Mean value of Fst_3         = 0.1315
Mean value of Fst_4         = 0.0896
Mean value of Fst_5         = 0.0718
Mean value of Fst_6         = 0.0030
Mean value of Fst_7         = 0.0363


Inferred ancestry of individuals:
        Label (%Miss) Pop:  Inferred clusters
  1     2355    (0)    1 :  0.349 0.011 0.012 0.118 0.036 0.361 0.112 
  2     2356    (0)    1 :  0.335 0.011 0.003 0.088 0.083 0.360 0.119 
  3     2357    (0)    1 :  0.033 0.002 0.070 0.131 0.699 0.034 0.031 
  4     2358    (0)    1 :  0.212 0.011 0.006 0.041 0.019 0.164 0.546 
  5     2359    (0)    1 :  0.142 0.003 0.016 0.014 0.157 0.090 0.578 
  6     2360    (0)    1 :  0.178 0.067 0.007 0.071 0.367 0.196 0.114 
  7     2361    (2)    1 :  0.233 0.003 0.038 0.016 0.021 0.186 0.502 
  8     2362    (0)    1 :  0.090 0.009 0.011 0.011 0.672 0.076 0.131 
  9     2363    (0)    1 :  0.297 0.065 0.007 0.198 0.028 0.323 0.082 
 10     2364    (0)    1 :  0.356 0.008 0.013 0.032 0.041 0.400 0.150 
 11     2434    (0)    2 :  0.265 0.040 0.020 0.037 0.114 0.272 0.252 
 12     2435    (0)    2 :  0.378 0.055 0.005 0.048 0.007 0.438 0.068 
 13     2436    (0)    2 :  0.361 0.070 0.004 0.046 0.026 0.392 0.101 
 14     2437    (0)    2 :  0.311 0.200 0.007 0.014 0.041 0.353 0.073 
 15     2438    (0)    2 :  0.174 0.011 0.006 0.005 0.016 0.105 0.684 
 16     2439    (0)    2 :  0.142 0.006 0.013 0.222 0.132 0.126 0.359 
 17     2440    (0)    2 :  0.245 0.061 0.007 0.051 0.291 0.258 0.087 
 18     2441    (0)    2 :  0.355 0.060 0.032 0.012 0.010 0.372 0.160 
 19     2442    (0)    2 :  0.313 0.131 0.009 0.020 0.020 0.318 0.188 
 20     2443    (0)    2 :  0.344 0.013 0.016 0.036 0.067 0.357 0.167 
 21     2444    (0)    2 :  0.248 0.066 0.023 0.176 0.149 0.257 0.080 
 22     2446    (0)    2 :  0.129 0.013 0.037 0.530 0.075 0.135 0.081 
 23     2447    (0)    2 :  0.244 0.011 0.022 0.008 0.027 0.254 0.433 
 24     2448    (0)    2 :  0.033 0.004 0.765 0.067 0.045 0.027 0.059 
 25     2449    (0)    2 :  0.100 0.291 0.004 0.115 0.342 0.096 0.052 
 26     2450    (0)    2 :  0.151 0.224 0.004 0.018 0.368 0.159 0.076 
 27     2451    (0)    2 :  0.246 0.229 0.010 0.025 0.160 0.262 0.069 
 28     2452    (0)    2 :  0.074 0.005 0.093 0.468 0.220 0.065 0.075 
 29     2453    (0)    2 :  0.397 0.005 0.049 0.012 0.010 0.401 0.127 
 30     2454    (0)    2 :  0.070 0.005 0.575 0.160 0.038 0.075 0.076 
 31     2455    (0)    2 :  0.307 0.012 0.006 0.093 0.100 0.311 0.171 
 32     2456    (0)    2 :  0.288 0.006 0.071 0.008 0.017 0.296 0.314 
 33     2457    (0)    2 :  0.021 0.028 0.008 0.899 0.009 0.023 0.013 
 34     2458    (0)    2 :  0.165 0.231 0.026 0.017 0.009 0.126 0.426 
 35     2398    (0)    3 :  0.034 0.002 0.015 0.010 0.869 0.029 0.040 
 36     2399    (0)    3 :  0.225 0.016 0.014 0.160 0.136 0.210 0.240 
 37     2400    (0)    3 :  0.076 0.005 0.034 0.023 0.711 0.082 0.069 
 38     2401    (0)    3 :  0.057 0.002 0.038 0.035 0.728 0.052 0.088 
 39     2402    (0)    3 :  0.110 0.136 0.394 0.063 0.098 0.119 0.079 
 40     2403    (0)    3 :  0.007 0.002 0.003 0.018 0.959 0.006 0.006 
 41     2404    (0)    3 :  0.009 0.002 0.020 0.011 0.938 0.009 0.011 
 42     2405    (0)    3 :  0.167 0.005 0.005 0.008 0.184 0.137 0.494 
 43     2406    (0)    3 :  0.164 0.002 0.257 0.051 0.215 0.198 0.113 
 44     2407    (0)    3 :  0.081 0.005 0.619 0.033 0.056 0.077 0.131 
 45     2408    (0)    3 :  0.222 0.006 0.155 0.044 0.090 0.226 0.258 
 46     2409    (0)    3 :  0.024 0.003 0.092 0.023 0.813 0.027 0.019 
 47     2410    (0)    3 :  0.011 0.002 0.030 0.021 0.913 0.011 0.013 
 48     2459    (0)    4 :  0.018 0.009 0.015 0.913 0.012 0.019 0.014 
 49     2460    (0)    4 :  0.233 0.007 0.205 0.104 0.034 0.222 0.194 
 50     2461    (0)    4 :  0.057 0.005 0.006 0.187 0.588 0.044 0.111 
 51     2462    (4)    4 :  0.023 0.006 0.023 0.884 0.019 0.027 0.019 
 52     2463    (0)    4 :  0.053 0.003 0.021 0.730 0.095 0.051 0.046 
 53     2464    (2)    4 :  0.022 0.014 0.013 0.893 0.024 0.023 0.011 
 54     2465    (0)    4 :  0.096 0.009 0.020 0.038 0.600 0.091 0.146 
 55     2466    (2)    4 :  0.113 0.005 0.016 0.584 0.061 0.118 0.102 
 56     2467    (0)    4 :  0.248 0.017 0.030 0.075 0.021 0.236 0.374 
 57     2468    (0)    4 :  0.077 0.007 0.013 0.244 0.505 0.083 0.070 
 58     2469    (0)    4 :  0.134 0.014 0.016 0.193 0.392 0.146 0.106 
 59     2369    (0)    5 :  0.125 0.005 0.306 0.007 0.102 0.071 0.383 
 60     2370    (0)    5 :  0.091 0.003 0.022 0.008 0.598 0.059 0.220 
 61     2372    (0)    5 :  0.243 0.005 0.017 0.043 0.263 0.240 0.189 
 62     2373    (0)    5 :  0.285 0.160 0.061 0.013 0.055 0.333 0.094 
 63     2374    (0)    5 :  0.003 0.002 0.004 0.978 0.005 0.004 0.003 
 64     2375    (0)    5 :  0.380 0.004 0.007 0.025 0.049 0.422 0.112 
 65     2376    (0)    5 :  0.282 0.007 0.038 0.027 0.121 0.278 0.247 
 66     2377    (0)    5 :  0.225 0.014 0.188 0.067 0.078 0.240 0.189 
 67     2378    (0)    5 :  0.167 0.002 0.041 0.017 0.045 0.087 0.641 
 68     2379    (0)    5 :  0.274 0.010 0.011 0.011 0.008 0.270 0.416 
 69     2380    (0)    5 :  0.098 0.002 0.013 0.436 0.281 0.109 0.060 
 70     2381    (0)    5 :  0.140 0.002 0.115 0.030 0.037 0.078 0.599 
 71     2382    (0)    5 :  0.272 0.056 0.003 0.011 0.208 0.277 0.172 
 72     2383    (0)    5 :  0.132 0.008 0.132 0.022 0.382 0.136 0.187 
 73     2384    (0)    5 :  0.193 0.020 0.011 0.036 0.164 0.150 0.426 
 74     2385    (0)    5 :  0.283 0.017 0.016 0.036 0.026 0.288 0.332 
 75     2386    (0)    5 :  0.387 0.002 0.050 0.026 0.029 0.403 0.103 
 76     2387    (0)    5 :  0.212 0.004 0.041 0.015 0.078 0.181 0.470 
 77     2388    (0)    5 :  0.182 0.007 0.003 0.005 0.011 0.112 0.680 
 78     2389    (2)    5 :  0.366 0.092 0.004 0.009 0.034 0.399 0.096 
 79     2390    (0)    5 :  0.230 0.038 0.008 0.015 0.008 0.230 0.471 
 80     2391    (0)    5 :  0.148 0.003 0.286 0.009 0.020 0.112 0.422 
 81     2392    (0)    5 :  0.174 0.007 0.323 0.094 0.054 0.187 0.162 
 82     1408    (0)    6 :  0.008 0.966 0.002 0.006 0.004 0.008 0.007 
 83     1409    (0)    6 :  0.005 0.975 0.002 0.004 0.005 0.005 0.005 
 84     1410    (0)    6 :  0.003 0.985 0.002 0.002 0.002 0.003 0.003 
 85     1411    (0)    6 :  0.004 0.977 0.003 0.004 0.004 0.004 0.004 
 86     1412    (0)    6 :  0.005 0.973 0.003 0.006 0.003 0.005 0.004 
 87     1413    (0)    6 :  0.005 0.974 0.002 0.004 0.005 0.005 0.005 
 88     1414    (0)    6 :  0.003 0.988 0.002 0.002 0.002 0.002 0.002 
 89     1415    (0)    6 :  0.004 0.979 0.003 0.003 0.003 0.004 0.004 
 90     1416    (0)    6 :  0.004 0.978 0.004 0.003 0.003 0.004 0.003 
 91     1417    (0)    6 :  0.003 0.983 0.002 0.003 0.002 0.003 0.004 
 92     1418    (0)    6 :  0.006 0.966 0.002 0.005 0.007 0.006 0.007 
 93     1419    (0)    6 :  0.003 0.983 0.002 0.002 0.003 0.003 0.003 
 94     1420    (0)    6 :  0.005 0.970 0.004 0.006 0.004 0.006 0.005 
 95     1421    (0)    6 :  0.013 0.945 0.004 0.009 0.006 0.013 0.010 
 96     1422    (0)    6 :  0.005 0.978 0.002 0.005 0.002 0.005 0.004 
 97     1423    (0)    6 :  0.006 0.972 0.003 0.003 0.003 0.006 0.008 
 98     1424    (0)    6 :  0.013 0.927 0.005 0.020 0.008 0.014 0.012 
 99     1425    (0)    6 :  0.009 0.956 0.008 0.004 0.006 0.009 0.009 
100     1426    (0)    6 :  0.009 0.954 0.005 0.007 0.006 0.009 0.009 
101     1427    (0)    6 :  0.019 0.914 0.008 0.020 0.008 0.020 0.011 
102     1428    (0)    6 :  0.003 0.982 0.002 0.003 0.003 0.003 0.003 
103     1429    (0)    6 :  0.004 0.974 0.006 0.005 0.003 0.004 0.004 
104     1430    (0)    6 :  0.007 0.966 0.003 0.005 0.004 0.008 0.007 
105     1431    (0)    6 :  0.017 0.908 0.011 0.010 0.017 0.017 0.020 
106     1432    (0)    6 :  0.003 0.982 0.003 0.003 0.002 0.003 0.003 
107     1433    (0)    6 :  0.007 0.971 0.003 0.004 0.004 0.007 0.005 
108     1434    (0)    6 :  0.010 0.938 0.010 0.011 0.012 0.009 0.010 
109     1435    (0)    6 :  0.013 0.949 0.004 0.005 0.007 0.013 0.010 
110     1436    (0)    6 :  0.017 0.916 0.011 0.019 0.009 0.017 0.011 
111     1437    (0)    6 :  0.003 0.984 0.002 0.002 0.003 0.003 0.002 
112     2229    (0)    7 :  0.004 0.002 0.981 0.003 0.003 0.003 0.003 
113     2230    (0)    7 :  0.013 0.002 0.919 0.010 0.016 0.010 0.030 
114     2235    (0)    7 :  0.026 0.016 0.877 0.019 0.008 0.026 0.029 
115     2236    (0)    7 :  0.035 0.004 0.811 0.035 0.041 0.036 0.037 
116     2237    (0)    7 :  0.011 0.008 0.819 0.018 0.123 0.012 0.008 
117     2238    (0)    7 :  0.004 0.002 0.977 0.005 0.005 0.004 0.003 
118     2239    (0)    7 :  0.005 0.001 0.975 0.005 0.004 0.004 0.006 
119     2240    (0)    7 :  0.013 0.003 0.930 0.020 0.010 0.012 0.011 
120     2241    (0)    7 :  0.038 0.022 0.839 0.028 0.012 0.038 0.022 
121     2242    (0)    7 :  0.020 0.002 0.869 0.030 0.019 0.017 0.041 
122     2243    (0)    7 :  0.013 0.003 0.901 0.011 0.042 0.013 0.016 
123     2244    (0)    7 :  0.009 0.002 0.928 0.026 0.018 0.008 0.009 
124     2245    (0)    7 :  0.005 0.004 0.972 0.005 0.004 0.005 0.004 
125     2246    (0)    7 :  0.006 0.002 0.967 0.005 0.007 0.006 0.007 
126     2247    (0)    7 :  0.007 0.002 0.959 0.007 0.009 0.008 0.007 
127     2248    (0)    7 :  0.004 0.002 0.981 0.004 0.003 0.004 0.003 
128     2249    (0)    7 :  0.051 0.006 0.817 0.012 0.014 0.051 0.049 
129     2250    (0)    7 :  0.002 0.001 0.987 0.002 0.003 0.002 0.003 
130     2251    (0)    7 :  0.011 0.008 0.942 0.008 0.010 0.011 0.011 
131     2252    (0)    7 :  0.004 0.003 0.977 0.004 0.003 0.004 0.004 
132     2253    (0)    7 :  0.034 0.003 0.852 0.015 0.018 0.032 0.046 
133     2254    (0)    7 :  0.036 0.003 0.709 0.150 0.032 0.038 0.032 
134     2255    (0)    7 :  0.018 0.002 0.932 0.008 0.011 0.016 0.013 
135     2256    (0)    7 :  0.051 0.001 0.550 0.064 0.163 0.038 0.132 
136     2257    (0)    7 :  0.006 0.008 0.961 0.007 0.006 0.007 0.005 
137     2258    (0)    7 :  0.018 0.003 0.898 0.029 0.014 0.017 0.021 
138     2259    (0)    7 :  0.004 0.002 0.976 0.004 0.006 0.004 0.004 
139     2260    (0)    7 :  0.009 0.002 0.959 0.006 0.008 0.009 0.006 
140     2261    (0)    7 :  0.006 0.004 0.966 0.006 0.007 0.006 0.005 
141     2262    (0)    7 :  0.004 0.002 0.979 0.004 0.005 0.004 0.003 
142     2263    (0)    7 :  0.005 0.005 0.973 0.005 0.004 0.005 0.004 
143     2264    (0)    7 :  0.007 0.003 0.963 0.005 0.005 0.008 0.009 
144     2265    (0)    7 :  0.012 0.005 0.893 0.007 0.057 0.011 0.016 
145     2266    (0)    7 :  0.011 0.002 0.899 0.025 0.038 0.011 0.013 
146     2267    (0)    7 :  0.005 0.002 0.968 0.008 0.009 0.005 0.005 
147     2268    (0)    7 :  0.008 0.005 0.955 0.006 0.009 0.008 0.008 
148     2269    (0)    7 :  0.004 0.003 0.977 0.003 0.004 0.005 0.004 
149     2270    (0)    7 :  0.007 0.005 0.964 0.005 0.005 0.007 0.008 
150     2271    (0)    7 :  0.050 0.011 0.792 0.019 0.016 0.044 0.068 


Estimated Allele Frequencies in each cluster
First column gives estimated ancestral frequencies


Locus 1 : 1 
4 alleles
0.0% missing data
  91   (0.340) 0.339 0.556 0.368 0.450 0.197 0.340 0.333 
  89   (0.530) 0.529 0.406 0.574 0.443 0.624 0.530 0.523 
  93   (0.108) 0.108 0.035 0.056 0.099 0.171 0.107 0.110 
  99   (0.022) 0.024 0.002 0.002 0.008 0.008 0.023 0.035 

Locus 2 : 2 
6 alleles
0.0% missing data
 134   (0.275) 0.272 0.113 0.151 0.275 0.427 0.275 0.253 
 136   (0.338) 0.341 0.559 0.571 0.343 0.312 0.338 0.360 
 140   (0.095) 0.094 0.057 0.042 0.066 0.054 0.095 0.092 
 138   (0.241) 0.242 0.237 0.232 0.298 0.190 0.241 0.246 
 142   (0.021) 0.019 0.030 0.002 0.008 0.007 0.020 0.012 
 132   (0.031) 0.032 0.003 0.002 0.011 0.010 0.031 0.037 

Locus 3 : 3 
6 alleles
0.0% missing data
 179   (0.308) 0.312 0.153 0.309 0.399 0.376 0.308 0.335 
 187   (0.300) 0.304 0.356 0.479 0.193 0.187 0.303 0.317 
 185   (0.111) 0.108 0.219 0.009 0.111 0.074 0.111 0.090 
 191   (0.036) 0.033 0.003 0.009 0.082 0.080 0.035 0.020 
 181   (0.187) 0.184 0.087 0.190 0.193 0.229 0.185 0.170 
 175   (0.057) 0.059 0.183 0.004 0.022 0.054 0.058 0.069 

Locus 4 : 4 
10 alleles
0.0% missing data
 241   (0.201) 0.203 0.439 0.075 0.159 0.118 0.203 0.210 
 247   (0.078) 0.081 0.022 0.006 0.058 0.048 0.078 0.088 
 253   (0.374) 0.374 0.135 0.682 0.398 0.527 0.374 0.379 
 273   (0.020) 0.018 0.002 0.001 0.009 0.007 0.019 0.011 
 269   (0.165) 0.172 0.041 0.137 0.206 0.247 0.166 0.205 
 271   (0.071) 0.067 0.191 0.024 0.133 0.024 0.070 0.047 
 249   (0.044) 0.042 0.062 0.070 0.018 0.015 0.044 0.031 
 245   (0.021) 0.019 0.105 0.002 0.007 0.006 0.020 0.011 
 265   (0.013) 0.013 0.001 0.002 0.007 0.004 0.013 0.010 
 239   (0.013) 0.012 0.002 0.001 0.005 0.005 0.013 0.008 

Locus 5 : 5 
4 alleles
0.0% missing data
 103   (0.896) 0.899 0.782 0.962 0.896 0.964 0.898 0.912 
 105   (0.056) 0.053 0.185 0.004 0.087 0.021 0.055 0.039 
 102   (0.017) 0.019 0.001 0.001 0.006 0.005 0.017 0.032 
 104   (0.031) 0.029 0.031 0.033 0.011 0.010 0.030 0.018 

Locus 6 : 6 
5 alleles
0.0% missing data
 135   (0.349) 0.343 0.687 0.186 0.313 0.239 0.348 0.306 
 145   (0.330) 0.335 0.029 0.146 0.395 0.526 0.332 0.354 
 141   (0.249) 0.255 0.084 0.612 0.265 0.201 0.251 0.291 
 147   (0.048) 0.045 0.125 0.054 0.018 0.026 0.046 0.034 
 137   (0.023) 0.021 0.074 0.002 0.008 0.008 0.022 0.015 

Locus 7 : 7 
10 alleles
0.7% missing data
  97   (0.199) 0.197 0.123 0.194 0.183 0.197 0.199 0.186 
 103   (0.268) 0.285 0.025 0.298 0.328 0.374 0.272 0.361 
  89   (0.093) 0.092 0.175 0.061 0.071 0.043 0.093 0.087 
  93   (0.254) 0.252 0.346 0.380 0.156 0.206 0.256 0.244 
  83   (0.046) 0.047 0.004 0.004 0.024 0.120 0.046 0.046 
  99   (0.024) 0.022 0.034 0.002 0.009 0.023 0.023 0.015 
  85   (0.026) 0.024 0.002 0.004 0.145 0.010 0.025 0.014 
  91   (0.042) 0.039 0.095 0.048 0.015 0.013 0.041 0.024 
 105   (0.021) 0.018 0.075 0.002 0.030 0.006 0.019 0.010 
 101   (0.026) 0.023 0.120 0.007 0.038 0.008 0.025 0.013 

Locus 8 : 8 
8 alleles
0.0% missing data
 129   (0.581) 0.586 0.392 0.738 0.661 0.636 0.583 0.599 
 143   (0.238) 0.242 0.301 0.070 0.265 0.203 0.240 0.259 
 141   (0.056) 0.052 0.005 0.081 0.026 0.074 0.055 0.036 
 149   (0.056) 0.054 0.267 0.099 0.022 0.034 0.055 0.048 
 133   (0.023) 0.024 0.003 0.002 0.008 0.020 0.023 0.029 
 145   (0.013) 0.011 0.001 0.001 0.004 0.022 0.012 0.007 
 127   (0.020) 0.019 0.030 0.002 0.008 0.006 0.019 0.015 
 131   (0.013) 0.012 0.001 0.007 0.006 0.004 0.012 0.007 

Locus 9 : 9 
4 alleles
0.0% missing data
 189   (0.463) 0.477 0.311 0.261 0.585 0.404 0.468 0.546 
 191   (0.334) 0.329 0.277 0.629 0.286 0.296 0.333 0.302 
 195   (0.183) 0.176 0.410 0.100 0.121 0.289 0.180 0.140 
 193   (0.020) 0.018 0.002 0.010 0.008 0.011 0.019 0.011 

Locus 10 : 10 
6 alleles
0.0% missing data
 250   (0.046) 0.046 0.167 0.004 0.019 0.019 0.046 0.049 
 254   (0.057) 0.054 0.020 0.013 0.028 0.020 0.057 0.035 
 252   (0.105) 0.098 0.067 0.178 0.197 0.055 0.103 0.072 
 238   (0.584) 0.581 0.675 0.443 0.658 0.672 0.582 0.554 
 232   (0.187) 0.196 0.069 0.359 0.090 0.212 0.190 0.255 
 248   (0.022) 0.024 0.002 0.002 0.008 0.022 0.022 0.035 

Locus 11 : 11 
4 alleles
0.0% missing data
  87   (0.746) 0.756 0.500 0.650 0.596 0.799 0.750 0.788 
  89   (0.174) 0.170 0.103 0.272 0.310 0.170 0.172 0.156 
  91   (0.058) 0.054 0.336 0.076 0.087 0.025 0.056 0.039 
  85   (0.022) 0.020 0.060 0.002 0.007 0.007 0.021 0.017 

Locus 12 : 12 
11 alleles
0.0% missing data
 160   (0.278) 0.275 0.500 0.229 0.283 0.274 0.277 0.256 
 158   (0.199) 0.201 0.059 0.414 0.174 0.274 0.199 0.217 
 162   (0.210) 0.218 0.019 0.152 0.379 0.168 0.214 0.251 
 170   (0.062) 0.065 0.130 0.013 0.023 0.087 0.061 0.084 
 161   (0.105) 0.103 0.220 0.058 0.067 0.075 0.105 0.092 
 154   (0.030) 0.030 0.015 0.003 0.014 0.011 0.030 0.030 
 143   (0.031) 0.029 0.049 0.002 0.015 0.010 0.031 0.017 
 149   (0.028) 0.026 0.003 0.003 0.015 0.040 0.027 0.018 
 147   (0.032) 0.029 0.003 0.125 0.021 0.034 0.031 0.021 
 159   (0.013) 0.012 0.001 0.001 0.004 0.024 0.012 0.006 
 134   (0.013) 0.012 0.001 0.001 0.004 0.004 0.012 0.007 

Locus 13 : 13 
4 alleles
0.0% missing data
 113   (0.328) 0.326 0.280 0.348 0.186 0.396 0.327 0.310 
 115   (0.503) 0.507 0.482 0.485 0.589 0.455 0.506 0.528 
 108   (0.156) 0.154 0.236 0.166 0.220 0.145 0.154 0.155 
 110   (0.013) 0.012 0.002 0.001 0.005 0.005 0.013 0.007 

Locus 14 : 14 
7 alleles
0.0% missing data
 225   (0.154) 0.155 0.074 0.081 0.156 0.072 0.155 0.155 
 229   (0.442) 0.454 0.360 0.576 0.415 0.454 0.444 0.508 
 227   (0.136) 0.131 0.012 0.156 0.172 0.332 0.134 0.107 
 231   (0.193) 0.189 0.425 0.112 0.215 0.112 0.193 0.172 
 213   (0.014) 0.013 0.001 0.001 0.005 0.004 0.014 0.009 
 233   (0.048) 0.046 0.125 0.074 0.021 0.017 0.047 0.041 
 203   (0.013) 0.012 0.001 0.001 0.016 0.009 0.013 0.007 

Locus 15 : 15 
4 alleles
0.7% missing data
 143   (0.903) 0.909 0.802 0.988 0.927 0.949 0.906 0.931 
 145   (0.057) 0.055 0.115 0.009 0.031 0.036 0.057 0.048 
 147   (0.026) 0.023 0.081 0.002 0.037 0.011 0.025 0.013 
 157   (0.014) 0.013 0.001 0.001 0.005 0.004 0.013 0.008 

Locus 16 : 16 
5 alleles
0.0% missing data
 158   (0.500) 0.505 0.314 0.666 0.479 0.538 0.502 0.529 
 156   (0.278) 0.269 0.242 0.189 0.406 0.237 0.276 0.224 
 154   (0.078) 0.078 0.345 0.046 0.030 0.034 0.078 0.079 
 160   (0.130) 0.135 0.097 0.097 0.079 0.183 0.131 0.161 
 152   (0.014) 0.012 0.001 0.002 0.006 0.008 0.013 0.008 

Locus 17 : 17 
5 alleles
0.0% missing data
  90   (0.662) 0.669 0.441 0.780 0.685 0.623 0.666 0.701 
 100   (0.114) 0.115 0.160 0.011 0.171 0.094 0.114 0.114 
 102   (0.150) 0.145 0.098 0.195 0.112 0.203 0.147 0.125 
 104   (0.013) 0.013 0.001 0.001 0.005 0.004 0.013 0.015 
  88   (0.061) 0.058 0.299 0.012 0.028 0.076 0.059 0.045 

Locus 18 : 18 
7 alleles
0.0% missing data
 127   (0.261) 0.268 0.402 0.159 0.172 0.309 0.262 0.300 
 140   (0.286) 0.280 0.239 0.115 0.426 0.330 0.286 0.258 
 142   (0.143) 0.149 0.024 0.498 0.120 0.059 0.144 0.170 
 148   (0.105) 0.102 0.068 0.098 0.065 0.087 0.105 0.089 
 146   (0.093) 0.093 0.008 0.112 0.050 0.076 0.094 0.086 
 138   (0.052) 0.051 0.004 0.014 0.027 0.112 0.051 0.052 
 150   (0.060) 0.056 0.254 0.006 0.141 0.026 0.058 0.044 

Locus 19 : 19 
6 alleles
0.0% missing data
 190   (0.118) 0.112 0.037 0.337 0.068 0.139 0.116 0.086 
 194   (0.570) 0.583 0.595 0.518 0.416 0.554 0.575 0.645 
 202   (0.045) 0.045 0.062 0.004 0.017 0.018 0.045 0.051 
 188   (0.142) 0.142 0.013 0.131 0.261 0.110 0.142 0.137 
 200   (0.112) 0.104 0.291 0.009 0.232 0.174 0.109 0.073 
 198   (0.014) 0.012 0.002 0.001 0.005 0.005 0.013 0.007 

Locus 20 : 20 
6 alleles
0.0% missing data
 252   (0.634) 0.641 0.123 0.773 0.782 0.719 0.636 0.665 
 246   (0.110) 0.107 0.160 0.013 0.091 0.178 0.109 0.103 
 248   (0.018) 0.019 0.001 0.001 0.007 0.006 0.018 0.030 
 244   (0.042) 0.039 0.077 0.064 0.027 0.017 0.040 0.031 
 250   (0.119) 0.114 0.348 0.121 0.055 0.040 0.118 0.085 
 254   (0.078) 0.079 0.290 0.028 0.038 0.040 0.078 0.086 

Locus 21 : 21 
7 alleles
0.0% missing data
 167   (0.262) 0.259 0.097 0.263 0.405 0.351 0.261 0.245 
 173   (0.285) 0.283 0.269 0.309 0.346 0.323 0.284 0.280 
 163   (0.043) 0.049 0.119 0.003 0.016 0.015 0.045 0.076 
 177   (0.199) 0.206 0.075 0.360 0.101 0.154 0.202 0.239 
 175   (0.128) 0.122 0.234 0.057 0.099 0.117 0.126 0.092 
 165   (0.069) 0.068 0.176 0.007 0.028 0.036 0.069 0.062 
 159   (0.014) 0.012 0.030 0.001 0.004 0.004 0.013 0.007 

Locus 22 : 22 
11 alleles
0.0% missing data
 152   (0.411) 0.420 0.126 0.536 0.349 0.543 0.414 0.452 
 158   (0.115) 0.113 0.411 0.012 0.126 0.106 0.115 0.107 
 146   (0.183) 0.184 0.016 0.274 0.350 0.149 0.184 0.185 
 150   (0.053) 0.050 0.153 0.022 0.020 0.048 0.051 0.040 
 156   (0.027) 0.025 0.028 0.002 0.025 0.012 0.026 0.015 
 162   (0.038) 0.036 0.184 0.003 0.014 0.016 0.038 0.024 
 166   (0.068) 0.065 0.006 0.050 0.072 0.045 0.067 0.051 
 164   (0.043) 0.046 0.015 0.007 0.021 0.021 0.044 0.062 
 148   (0.025) 0.028 0.016 0.002 0.009 0.008 0.025 0.045 
 142   (0.023) 0.020 0.045 0.002 0.008 0.046 0.022 0.012 
 154   (0.015) 0.013 0.001 0.090 0.005 0.005 0.014 0.007 

Locus 23 : 23 
6 alleles
0.7% missing data
 144   (0.174) 0.172 0.299 0.130 0.195 0.218 0.174 0.170 
 156   (0.169) 0.168 0.308 0.071 0.129 0.121 0.170 0.161 
 154   (0.500) 0.511 0.209 0.574 0.587 0.518 0.503 0.554 
 160   (0.104) 0.099 0.088 0.167 0.068 0.125 0.102 0.078 
 152   (0.019) 0.018 0.002 0.049 0.008 0.006 0.019 0.011 
 158   (0.033) 0.032 0.095 0.009 0.013 0.011 0.033 0.026 

Locus 24 : 24 
4 alleles
0.7% missing data
  81   (0.375) 0.377 0.312 0.241 0.442 0.368 0.376 0.380 
  83   (0.486) 0.484 0.586 0.461 0.412 0.506 0.487 0.471 
  77   (0.095) 0.098 0.008 0.265 0.099 0.110 0.095 0.118 
  85   (0.043) 0.040 0.094 0.033 0.048 0.015 0.042 0.031 

Locus 25 : 25 
6 alleles
0.7% missing data
 124   (0.519) 0.523 0.614 0.298 0.611 0.665 0.519 0.558 
 132   (0.255) 0.256 0.022 0.628 0.248 0.236 0.255 0.254 
 122   (0.128) 0.130 0.329 0.022 0.092 0.052 0.129 0.129 
 126   (0.063) 0.059 0.019 0.049 0.035 0.034 0.062 0.037 
 120   (0.021) 0.020 0.015 0.002 0.009 0.008 0.021 0.015 
 136   (0.014) 0.013 0.001 0.001 0.005 0.005 0.014 0.008 

Locus 26 : 26 
6 alleles
0.0% missing data
 165   (0.247) 0.241 0.112 0.157 0.300 0.366 0.246 0.215 
 183   (0.338) 0.342 0.369 0.465 0.275 0.254 0.339 0.357 
 179   (0.117) 0.110 0.226 0.081 0.149 0.074 0.115 0.081 
 175   (0.210) 0.223 0.019 0.290 0.161 0.255 0.213 0.284 
 181   (0.066) 0.063 0.185 0.006 0.104 0.042 0.066 0.049 
 185   (0.022) 0.020 0.089 0.002 0.010 0.008 0.021 0.014 

Locus 27 : 27 
4 alleles
0.0% missing data
 142   (0.510) 0.502 0.418 0.639 0.701 0.602 0.506 0.464 
 150   (0.161) 0.167 0.209 0.016 0.104 0.128 0.164 0.192 
 148   (0.244) 0.252 0.295 0.135 0.150 0.152 0.247 0.286 
 138   (0.085) 0.079 0.078 0.211 0.046 0.118 0.082 0.058 

Locus 28 : 28 
5 alleles
0.0% missing data
 260   (0.449) 0.465 0.297 0.256 0.341 0.577 0.453 0.536 
 262   (0.450) 0.438 0.530 0.702 0.616 0.361 0.447 0.385 
 258   (0.026) 0.025 0.002 0.002 0.011 0.013 0.026 0.021 
 256   (0.062) 0.060 0.170 0.039 0.027 0.031 0.061 0.050 
 264   (0.014) 0.012 0.001 0.001 0.005 0.019 0.013 0.008 

Locus 29 : 29 
5 alleles
0.0% missing data
 140   (0.161) 0.154 0.456 0.071 0.109 0.191 0.159 0.118 
 150   (0.483) 0.481 0.208 0.715 0.676 0.528 0.482 0.481 
 148   (0.083) 0.081 0.024 0.077 0.069 0.041 0.082 0.072 
 146   (0.242) 0.252 0.310 0.132 0.132 0.229 0.245 0.294 
 152   (0.031) 0.032 0.003 0.005 0.015 0.011 0.031 0.035 

Locus 30 : 30 
6 alleles
0.0% missing data
 125   (0.275) 0.282 0.124 0.283 0.317 0.157 0.278 0.307 
 129   (0.501) 0.498 0.241 0.580 0.446 0.690 0.501 0.481 
 123   (0.100) 0.095 0.067 0.126 0.180 0.091 0.098 0.077 
 127   (0.069) 0.069 0.370 0.006 0.034 0.026 0.069 0.066 
 121   (0.016) 0.019 0.001 0.001 0.005 0.005 0.017 0.032 
 131   (0.038) 0.038 0.197 0.004 0.017 0.030 0.038 0.037 

Locus 31 : 31 
5 alleles
0.0% missing data
 155   (0.563) 0.575 0.612 0.659 0.452 0.527 0.567 0.613 
 159   (0.139) 0.131 0.099 0.087 0.277 0.172 0.137 0.099 
 157   (0.188) 0.192 0.090 0.162 0.153 0.214 0.190 0.219 
 153   (0.075) 0.069 0.175 0.083 0.103 0.067 0.072 0.048 
 151   (0.035) 0.033 0.024 0.008 0.014 0.020 0.034 0.021 

Locus 32 : 32 
4 alleles
0.0% missing data
  92   (0.274) 0.268 0.472 0.289 0.283 0.212 0.272 0.234 
  94   (0.072) 0.070 0.050 0.077 0.049 0.039 0.071 0.066 
  95   (0.177) 0.188 0.322 0.120 0.096 0.173 0.179 0.244 
  91   (0.477) 0.474 0.156 0.514 0.571 0.577 0.478 0.456 

Locus 33 : 33 
4 alleles
0.0% missing data
 146   (0.346) 0.343 0.529 0.103 0.216 0.347 0.347 0.317 
 148   (0.082) 0.077 0.122 0.097 0.119 0.041 0.080 0.057 
 150   (0.521) 0.532 0.298 0.796 0.538 0.565 0.523 0.592 
 154   (0.051) 0.048 0.051 0.004 0.126 0.046 0.050 0.035 

Locus 34 : 34 
7 alleles
0.0% missing data
 180   (0.400) 0.401 0.322 0.528 0.444 0.380 0.401 0.409 
 192   (0.158) 0.161 0.162 0.015 0.124 0.225 0.159 0.168 
 184   (0.207) 0.207 0.126 0.222 0.181 0.166 0.208 0.204 
 196   (0.142) 0.143 0.014 0.166 0.185 0.194 0.142 0.147 
 198   (0.053) 0.050 0.328 0.021 0.052 0.023 0.052 0.034 
 190   (0.025) 0.026 0.047 0.002 0.009 0.008 0.025 0.031 
 194   (0.015) 0.013 0.001 0.045 0.005 0.004 0.014 0.007 

Locus 35 : 35 
6 alleles
0.0% missing data
 106   (0.275) 0.274 0.129 0.181 0.353 0.330 0.274 0.269 
 112   (0.297) 0.294 0.074 0.502 0.381 0.366 0.296 0.279 
  94   (0.025) 0.029 0.002 0.002 0.009 0.008 0.027 0.048 
 110   (0.212) 0.217 0.165 0.290 0.158 0.144 0.214 0.242 
 108   (0.152) 0.150 0.626 0.023 0.084 0.110 0.152 0.137 
  90   (0.038) 0.036 0.004 0.003 0.015 0.041 0.038 0.024 

Locus 36 : 36 
8 alleles
0.0% missing data
 168   (0.103) 0.099 0.337 0.008 0.180 0.074 0.102 0.078 
 178   (0.046) 0.044 0.004 0.010 0.020 0.090 0.045 0.034 
 170   (0.276) 0.280 0.323 0.156 0.268 0.205 0.277 0.293 
 174   (0.121) 0.122 0.051 0.030 0.209 0.121 0.121 0.128 
 172   (0.284) 0.278 0.169 0.478 0.226 0.398 0.282 0.247 
 176   (0.102) 0.116 0.009 0.100 0.044 0.045 0.107 0.183 
 166   (0.046) 0.042 0.004 0.217 0.023 0.059 0.045 0.027 
 186   (0.021) 0.019 0.103 0.002 0.031 0.007 0.020 0.010 

Locus 37 : 37 
6 alleles
0.0% missing data
  85   (0.189) 0.188 0.045 0.177 0.409 0.146 0.188 0.181 
  95   (0.068) 0.068 0.017 0.088 0.028 0.060 0.067 0.068 
  89   (0.545) 0.548 0.532 0.718 0.466 0.613 0.545 0.567 
  83   (0.133) 0.131 0.365 0.012 0.070 0.131 0.133 0.123 
  81   (0.048) 0.049 0.004 0.004 0.021 0.045 0.049 0.047 
  91   (0.018) 0.017 0.037 0.001 0.006 0.005 0.017 0.013 

Locus 38 : 38 
7 alleles
0.0% missing data
 161   (0.349) 0.350 0.556 0.484 0.362 0.297 0.349 0.352 
 165   (0.204) 0.210 0.176 0.174 0.274 0.150 0.206 0.236 
 167   (0.041) 0.038 0.004 0.013 0.044 0.057 0.040 0.028 
 169   (0.093) 0.097 0.008 0.129 0.085 0.094 0.094 0.116 
 173   (0.285) 0.281 0.254 0.189 0.224 0.350 0.285 0.254 
 175   (0.014) 0.013 0.001 0.001 0.005 0.047 0.013 0.007 
 159   (0.013) 0.012 0.001 0.010 0.005 0.004 0.012 0.007 

Locus 39 : 39 
5 alleles
0.0% missing data
  85   (0.227) 0.223 0.084 0.127 0.183 0.273 0.227 0.199 
  87   (0.129) 0.124 0.390 0.148 0.193 0.044 0.127 0.107 
  91   (0.152) 0.155 0.267 0.032 0.077 0.162 0.153 0.165 
  81   (0.075) 0.075 0.007 0.025 0.053 0.070 0.075 0.077 
  89   (0.418) 0.423 0.253 0.668 0.494 0.452 0.418 0.452 

Locus 40 : 40 
3 alleles
0.0% missing data
 167   (0.756) 0.758 0.475 0.925 0.833 0.800 0.756 0.766 
 161   (0.195) 0.192 0.492 0.062 0.149 0.182 0.194 0.176 
 165   (0.049) 0.050 0.033 0.013 0.018 0.018 0.050 0.057 

Locus 41 : 41 
6 alleles
0.0% missing data
 224   (0.037) 0.033 0.016 0.057 0.028 0.017 0.035 0.020 
 228   (0.377) 0.373 0.388 0.576 0.321 0.495 0.375 0.352 
 238   (0.367) 0.375 0.101 0.239 0.541 0.309 0.370 0.407 
 240   (0.136) 0.139 0.411 0.012 0.080 0.152 0.137 0.156 
 236   (0.069) 0.066 0.084 0.114 0.026 0.022 0.069 0.052 
 242   (0.014) 0.013 0.001 0.001 0.005 0.004 0.014 0.013 

Locus 42 : 42 
7 alleles
0.7% missing data
 130   (0.532) 0.549 0.578 0.468 0.489 0.525 0.536 0.628 
 118   (0.053) 0.049 0.101 0.006 0.037 0.056 0.051 0.033 
 128   (0.066) 0.063 0.005 0.139 0.058 0.125 0.065 0.053 
 132   (0.079) 0.078 0.007 0.266 0.035 0.072 0.079 0.070 
 114   (0.108) 0.108 0.009 0.085 0.101 0.086 0.109 0.106 
 134   (0.147) 0.139 0.298 0.017 0.274 0.131 0.145 0.100 
 122   (0.016) 0.015 0.001 0.018 0.006 0.005 0.015 0.010 

Locus 43 : 43 
5 alleles
0.0% missing data
 104   (0.435) 0.435 0.106 0.164 0.429 0.479 0.438 0.409 
  98   (0.151) 0.149 0.251 0.215 0.137 0.064 0.151 0.142 
 102   (0.192) 0.196 0.017 0.436 0.335 0.321 0.191 0.223 
  92   (0.149) 0.153 0.448 0.114 0.071 0.089 0.150 0.181 
  96   (0.072) 0.067 0.178 0.071 0.027 0.047 0.070 0.045 

Locus 44 : 44 
5 alleles
0.0% missing data
  95   (0.219) 0.214 0.403 0.357 0.229 0.198 0.216 0.194 
 101   (0.360) 0.356 0.228 0.399 0.356 0.494 0.359 0.337 
 103   (0.279) 0.289 0.095 0.228 0.310 0.253 0.281 0.337 
  99   (0.104) 0.106 0.238 0.014 0.086 0.038 0.105 0.110 
  97   (0.038) 0.036 0.036 0.003 0.020 0.017 0.038 0.022 

Locus 45 : 45 
7 alleles
0.0% missing data
 181   (0.544) 0.558 0.268 0.737 0.412 0.649 0.548 0.629 
 191   (0.289) 0.283 0.605 0.181 0.405 0.233 0.287 0.254 
 179   (0.033) 0.030 0.075 0.002 0.130 0.011 0.032 0.018 
 177   (0.070) 0.065 0.036 0.074 0.029 0.081 0.068 0.048 
 189   (0.020) 0.019 0.002 0.002 0.007 0.006 0.020 0.012 
 183   (0.020) 0.019 0.002 0.002 0.008 0.011 0.019 0.013 
 193   (0.025) 0.025 0.013 0.002 0.009 0.009 0.025 0.026 

Locus 46 : 46 
6 alleles
0.0% missing data
 211   (0.204) 0.200 0.393 0.175 0.281 0.180 0.203 0.181 
 215   (0.076) 0.075 0.032 0.083 0.040 0.028 0.076 0.064 
 205   (0.449) 0.457 0.354 0.491 0.488 0.538 0.452 0.494 
 207   (0.199) 0.202 0.127 0.175 0.107 0.222 0.199 0.216 
 201   (0.052) 0.049 0.065 0.074 0.054 0.024 0.051 0.035 
 202   (0.020) 0.018 0.029 0.002 0.029 0.008 0.019 0.011 

Locus 47 : 47 
10 alleles
0.0% missing data
 142   (0.287) 0.287 0.131 0.203 0.392 0.391 0.288 0.285 
 162   (0.065) 0.064 0.052 0.006 0.043 0.044 0.065 0.052 
 164   (0.038) 0.036 0.108 0.003 0.014 0.022 0.038 0.023 
 168   (0.148) 0.153 0.310 0.260 0.065 0.148 0.148 0.180 
 158   (0.174) 0.178 0.181 0.074 0.155 0.139 0.176 0.191 
 170   (0.041) 0.039 0.102 0.013 0.014 0.014 0.041 0.028 
 166   (0.137) 0.140 0.032 0.287 0.256 0.152 0.137 0.160 
 156   (0.041) 0.039 0.068 0.004 0.019 0.026 0.041 0.030 
 144   (0.055) 0.053 0.005 0.149 0.035 0.059 0.054 0.043 
 160   (0.013) 0.011 0.011 0.001 0.006 0.004 0.012 0.007 

Locus 48 : 48 
6 alleles
0.0% missing data
 149   (0.353) 0.353 0.756 0.116 0.209 0.439 0.354 0.342 
 151   (0.223) 0.227 0.090 0.231 0.265 0.158 0.224 0.249 
 145   (0.191) 0.188 0.120 0.250 0.283 0.240 0.189 0.187 
 153   (0.195) 0.194 0.018 0.400 0.230 0.148 0.195 0.187 
 147   (0.014) 0.013 0.001 0.001 0.005 0.004 0.014 0.009 
 143   (0.025) 0.025 0.014 0.002 0.009 0.011 0.025 0.028 

Values of parameters used in structure:
DATAFILE=admix1.str,	OUTFILE=k7/admix1_k7_run9,	NUMINDS=150,	NUMLOCI=48,	MISSING=-9,	LABEL=1,	POPDATA=1,	POPFLAG=0,	PHENOTYPE=0,	EXTRACOLS=0,	MAXPOPS=7,	BURNIN=500000,	NUMREPS=750000,	USEPOPINFO=0,	INFERALPHA=1,	INFERLAMBDA=0,	POPSPECIFICLAMBDA=0,	POPALPHAS=0,	COMPUTEPROB=1,	NOADMIX=0,	ADMBURNIN=500,	UPDATEFREQ=100,	PRINTLIKES=0,	INTERMEDSAVE=0,	PRINTKLD=0,	PRINTNET=1,	PRINTLAMBDA=1,	ANCESTDIST=0,	NUMBOXES=1000,	ANCESTPINT=0.90000,	GENSBACK=2,	MIGRPRIOR=0.01000,	PRINTQHAT=0,	PRINTQSUM=1,	ALPHA=1.0000,	FREQSCORR=1,	FPRIORMEAN=0.0100,	FPRIORSD=0.0500,	ONEFST=0,	LAMBDA=1.0000,	UNIFPRIORALPHA=1,	ALPHAMAX=10.0000,	ALPHAPRIORA=1.0000,	ALPHAPRIORB=2.0000,	ALPHAPROPSD=0.0250,	STARTATPOPINFO=0,	RANDOMIZE=0,	LINKAGE=0,	METROFREQ=10,	REPORTHITRATE=0,	MARKOVPHASE=0,	PHASED=1,	PLOIDY=2,	PHASEINFO=0	LOCPRIOR=0, 	LOCPRIORINIT=1.000000, 	LOCDATA=0, 	LOCISPOP=1, 	LOCPRIORSTEP=0.100000, 	MAXLOCPRIOR=20.000000, 	SEED=991575,	
[STRAT parameters]:    NUMSIMSTATS=1000,	PHENOTYPECOL=-9,	POOLFREQ=10,	LOCUSxONLY=0,	EMERROR=0.00100,	MISSINGPHENO=-9,	