

----------------------------------------------------
STRUCTURE by Pritchard, Stephens and Donnelly (2000)
     and Falush, Stephens and Pritchard (2003)
       Code by Pritchard, Falush and Hubisz
             Version 2.3.4 (Jul 2012)
----------------------------------------------------



Command line arguments:   structure -D 226722 -K 7 -m mainparams -o k7/admix1_k7_run3 
Input File:    admix1.str

Run parameters:
   150 individuals
   48 loci
   7 populations assumed
   500000 Burn-in period
   750000 Reps
RANDOMIZE turned off


--------------------------------------------
Proportion of membership of each pre-defined
 population in each of the 7 clusters

Given    Inferred Clusters                                   Number of
 Pop       1      2      3      4      5      6      7      Individuals

  1:     0.193  0.236  0.205  0.210  0.118  0.019  0.019       10
  2:     0.189  0.235  0.099  0.177  0.149  0.075  0.076       24
  3:     0.094  0.097  0.492  0.119  0.058  0.125  0.014       13
  4:     0.186  0.115  0.200  0.148  0.308  0.034  0.008       11
  5:     0.199  0.206  0.121  0.246  0.134  0.073  0.021       23
  6:     0.007  0.007  0.005  0.006  0.006  0.004  0.964       30
  7:     0.016  0.014  0.020  0.018  0.016  0.912  0.004       39
--------------------------------------------

Allele-freq. divergence among pops (Net nucleotide distance),
computed using point estimates of P.

      1       2       3       4       5       6       7      
 1      -    0.0006  0.0080  0.0005  0.0028  0.0302  0.0627  
 2   0.0006     -    0.0075  0.0009  0.0055  0.0309  0.0581  
 3   0.0080  0.0075     -    0.0083  0.0130  0.0365  0.0825  
 4   0.0005  0.0009  0.0083     -    0.0046  0.0300  0.0649  
 5   0.0028  0.0055  0.0130  0.0046     -    0.0342  0.0719  
 6   0.0302  0.0309  0.0365  0.0300  0.0342     -    0.1189  
 7   0.0627  0.0581  0.0825  0.0649  0.0719  0.1189     -    

Average distances (expected heterozygosity) between individuals in same cluster:
cluster  1  : 0.6460 
cluster  2  : 0.6525 
cluster  3  : 0.6077 
cluster  4  : 0.6403 
cluster  5  : 0.6345 
cluster  6  : 0.5533 
cluster  7  : 0.6404 

--------------------------------------------
Estimated Ln Prob of Data   = -17958.0
Mean value of ln likelihood = -16849.5
Variance of ln likelihood   = 2216.9
Mean value of alpha         = 0.0396

Mean value of Fst_1         = 0.0367
Mean value of Fst_2         = 0.0136
Mean value of Fst_3         = 0.0711
Mean value of Fst_4         = 0.0434
Mean value of Fst_5         = 0.0698
Mean value of Fst_6         = 0.1310
Mean value of Fst_7         = 0.1522


Inferred ancestry of individuals:
        Label (%Miss) Pop:  Inferred clusters
  1     2355    (0)    1 :  0.244 0.389 0.044 0.138 0.160 0.013 0.012 
  2     2356    (0)    1 :  0.232 0.336 0.099 0.165 0.153 0.003 0.011 
  3     2357    (0)    1 :  0.060 0.052 0.654 0.067 0.089 0.076 0.002 
  4     2358    (0)    1 :  0.229 0.173 0.041 0.408 0.131 0.007 0.011 
  5     2359    (0)    1 :  0.185 0.121 0.145 0.432 0.100 0.015 0.002 
  6     2360    (0)    1 :  0.167 0.238 0.301 0.134 0.090 0.006 0.063 
  7     2361    (2)    1 :  0.242 0.189 0.042 0.379 0.107 0.038 0.003 
  8     2362    (0)    1 :  0.099 0.080 0.642 0.112 0.047 0.011 0.009 
  9     2363    (0)    1 :  0.223 0.366 0.030 0.126 0.178 0.007 0.070 
 10     2364    (0)    1 :  0.250 0.414 0.046 0.141 0.127 0.014 0.008 
 11     2434    (0)    2 :  0.210 0.236 0.123 0.251 0.115 0.020 0.044 
 12     2435    (0)    2 :  0.230 0.436 0.009 0.138 0.123 0.006 0.059 
 13     2436    (0)    2 :  0.216 0.432 0.026 0.120 0.127 0.004 0.075 
 14     2437    (0)    2 :  0.191 0.340 0.049 0.116 0.086 0.007 0.210 
 15     2438    (0)    2 :  0.216 0.124 0.043 0.494 0.107 0.006 0.011 
 16     2439    (0)    2 :  0.217 0.199 0.124 0.267 0.175 0.013 0.005 
 17     2440    (0)    2 :  0.167 0.272 0.282 0.107 0.104 0.007 0.062 
 18     2441    (0)    2 :  0.221 0.384 0.017 0.179 0.107 0.032 0.061 
 19     2442    (0)    2 :  0.220 0.326 0.028 0.179 0.103 0.008 0.136 
 20     2443    (0)    2 :  0.246 0.337 0.082 0.185 0.121 0.016 0.014 
 21     2444    (0)    2 :  0.192 0.276 0.149 0.125 0.167 0.023 0.068 
 22     2446    (0)    2 :  0.233 0.178 0.064 0.133 0.342 0.037 0.013 
 23     2447    (0)    2 :  0.211 0.222 0.045 0.367 0.124 0.020 0.011 
 24     2448    (0)    2 :  0.044 0.034 0.043 0.058 0.057 0.761 0.004 
 25     2449    (0)    2 :  0.102 0.120 0.327 0.068 0.094 0.004 0.284 
 26     2450    (0)    2 :  0.109 0.162 0.356 0.083 0.056 0.004 0.231 
 27     2451    (0)    2 :  0.155 0.254 0.178 0.087 0.070 0.012 0.244 
 28     2452    (0)    2 :  0.176 0.105 0.204 0.121 0.298 0.093 0.005 
 29     2453    (0)    2 :  0.262 0.388 0.018 0.170 0.101 0.056 0.005 
 30     2454    (0)    2 :  0.096 0.076 0.037 0.090 0.127 0.569 0.005 
 31     2455    (0)    2 :  0.231 0.344 0.106 0.151 0.150 0.006 0.012 
 32     2456    (0)    2 :  0.224 0.278 0.029 0.277 0.114 0.073 0.006 
 33     2457    (0)    2 :  0.202 0.019 0.008 0.130 0.604 0.007 0.030 
 34     2458    (0)    2 :  0.163 0.113 0.023 0.353 0.095 0.022 0.232 
 35     2398    (0)    3 :  0.027 0.041 0.838 0.061 0.017 0.015 0.002 
 36     2399    (0)    3 :  0.243 0.231 0.135 0.201 0.160 0.014 0.015 
 37     2400    (0)    3 :  0.061 0.091 0.698 0.075 0.038 0.032 0.005 
 38     2401    (0)    3 :  0.086 0.077 0.656 0.086 0.054 0.039 0.002 
 39     2402    (0)    3 :  0.117 0.133 0.083 0.091 0.071 0.375 0.129 
 40     2403    (0)    3 :  0.008 0.008 0.923 0.044 0.012 0.003 0.002 
 41     2404    (0)    3 :  0.009 0.011 0.902 0.047 0.009 0.021 0.002 
 42     2405    (0)    3 :  0.182 0.140 0.177 0.389 0.102 0.005 0.004 
 43     2406    (0)    3 :  0.178 0.193 0.181 0.112 0.097 0.238 0.002 
 44     2407    (0)    3 :  0.087 0.077 0.057 0.108 0.050 0.616 0.005 
 45     2408    (0)    3 :  0.192 0.220 0.086 0.228 0.115 0.153 0.006 
 46     2409    (0)    3 :  0.022 0.025 0.787 0.054 0.020 0.091 0.003 
 47     2410    (0)    3 :  0.014 0.012 0.877 0.051 0.013 0.030 0.002 
 48     2459    (0)    4 :  0.215 0.018 0.008 0.140 0.598 0.012 0.009 
 49     2460    (0)    4 :  0.217 0.220 0.044 0.177 0.128 0.205 0.008 
 50     2461    (0)    4 :  0.122 0.099 0.536 0.105 0.128 0.006 0.005 
 51     2462    (4)    4 :  0.212 0.018 0.013 0.143 0.590 0.019 0.005 
 52     2463    (0)    4 :  0.203 0.062 0.098 0.134 0.478 0.021 0.003 
 53     2464    (2)    4 :  0.205 0.024 0.025 0.129 0.591 0.014 0.013 
 54     2465    (0)    4 :  0.112 0.125 0.549 0.118 0.067 0.020 0.008 
 55     2466    (2)    4 :  0.232 0.160 0.061 0.143 0.381 0.018 0.005 
 56     2467    (0)    4 :  0.227 0.212 0.033 0.332 0.151 0.029 0.017 
 57     2468    (0)    4 :  0.123 0.124 0.490 0.098 0.144 0.014 0.007 
 58     2469    (0)    4 :  0.178 0.204 0.343 0.110 0.135 0.016 0.013 
 59     2369    (0)    5 :  0.149 0.108 0.111 0.261 0.060 0.306 0.005 
 60     2370    (0)    5 :  0.115 0.088 0.582 0.148 0.044 0.021 0.003 
 61     2372    (0)    5 :  0.186 0.250 0.251 0.185 0.106 0.017 0.005 
 62     2373    (0)    5 :  0.195 0.297 0.060 0.129 0.082 0.063 0.173 
 63     2374    (0)    5 :  0.207 0.004 0.005 0.131 0.647 0.004 0.002 
 64     2375    (0)    5 :  0.262 0.424 0.051 0.133 0.118 0.007 0.004 
 65     2376    (0)    5 :  0.207 0.293 0.116 0.224 0.113 0.039 0.007 
 66     2377    (0)    5 :  0.196 0.210 0.078 0.181 0.126 0.196 0.013 
 67     2378    (0)    5 :  0.223 0.125 0.067 0.450 0.097 0.037 0.002 
 68     2379    (0)    5 :  0.241 0.215 0.025 0.371 0.128 0.010 0.010 
 69     2380    (0)    5 :  0.167 0.115 0.277 0.109 0.317 0.013 0.002 
 70     2381    (0)    5 :  0.193 0.092 0.053 0.450 0.108 0.102 0.002 
 71     2382    (0)    5 :  0.190 0.316 0.203 0.146 0.090 0.003 0.053 
 72     2383    (0)    5 :  0.134 0.159 0.341 0.154 0.064 0.140 0.008 
 73     2384    (0)    5 :  0.229 0.178 0.175 0.287 0.100 0.011 0.020 
 74     2385    (0)    5 :  0.233 0.262 0.039 0.302 0.131 0.016 0.018 
 75     2386    (0)    5 :  0.233 0.416 0.040 0.138 0.115 0.055 0.002 
 76     2387    (0)    5 :  0.221 0.169 0.097 0.365 0.106 0.039 0.004 
 77     2388    (0)    5 :  0.225 0.122 0.038 0.495 0.110 0.003 0.006 
 78     2389    (2)    5 :  0.209 0.405 0.049 0.130 0.101 0.004 0.102 
 79     2390    (0)    5 :  0.222 0.173 0.024 0.404 0.129 0.008 0.040 
 80     2391    (0)    5 :  0.163 0.114 0.034 0.333 0.093 0.261 0.003 
 81     2392    (0)    5 :  0.169 0.196 0.060 0.141 0.108 0.318 0.007 
 82     1408    (0)    6 :  0.007 0.008 0.004 0.006 0.006 0.002 0.967 
 83     1409    (0)    6 :  0.004 0.005 0.005 0.005 0.004 0.002 0.975 
 84     1410    (0)    6 :  0.002 0.002 0.002 0.003 0.002 0.002 0.986 
 85     1411    (0)    6 :  0.004 0.004 0.004 0.004 0.004 0.003 0.977 
 86     1412    (0)    6 :  0.005 0.005 0.003 0.005 0.006 0.003 0.973 
 87     1413    (0)    6 :  0.004 0.005 0.005 0.005 0.004 0.002 0.975 
 88     1414    (0)    6 :  0.002 0.002 0.002 0.002 0.002 0.002 0.988 
 89     1415    (0)    6 :  0.004 0.004 0.003 0.004 0.003 0.003 0.980 
 90     1416    (0)    6 :  0.004 0.004 0.004 0.004 0.004 0.004 0.978 
 91     1417    (0)    6 :  0.003 0.003 0.002 0.003 0.003 0.002 0.984 
 92     1418    (0)    6 :  0.006 0.006 0.007 0.006 0.006 0.002 0.966 
 93     1419    (0)    6 :  0.003 0.003 0.003 0.003 0.003 0.002 0.983 
 94     1420    (0)    6 :  0.005 0.005 0.005 0.005 0.006 0.004 0.970 
 95     1421    (0)    6 :  0.010 0.012 0.006 0.010 0.010 0.004 0.948 
 96     1422    (0)    6 :  0.004 0.005 0.002 0.004 0.005 0.002 0.979 
 97     1423    (0)    6 :  0.005 0.006 0.003 0.007 0.004 0.003 0.973 
 98     1424    (0)    6 :  0.014 0.013 0.008 0.013 0.019 0.005 0.928 
 99     1425    (0)    6 :  0.008 0.009 0.006 0.008 0.005 0.008 0.957 
100     1426    (0)    6 :  0.009 0.009 0.006 0.009 0.008 0.005 0.955 
101     1427    (0)    6 :  0.017 0.018 0.008 0.014 0.020 0.009 0.915 
102     1428    (0)    6 :  0.003 0.004 0.003 0.003 0.003 0.002 0.982 
103     1429    (0)    6 :  0.004 0.004 0.003 0.004 0.004 0.006 0.974 
104     1430    (0)    6 :  0.006 0.007 0.004 0.007 0.006 0.003 0.967 
105     1431    (0)    6 :  0.015 0.016 0.018 0.018 0.012 0.012 0.911 
106     1432    (0)    6 :  0.003 0.003 0.002 0.003 0.003 0.003 0.983 
107     1433    (0)    6 :  0.006 0.007 0.004 0.005 0.004 0.003 0.971 
108     1434    (0)    6 :  0.010 0.009 0.012 0.010 0.011 0.011 0.938 
109     1435    (0)    6 :  0.011 0.013 0.007 0.009 0.008 0.004 0.948 
110     1436    (0)    6 :  0.015 0.017 0.009 0.012 0.018 0.011 0.918 
111     1437    (0)    6 :  0.003 0.003 0.003 0.002 0.002 0.002 0.985 
112     2229    (0)    7 :  0.003 0.004 0.004 0.003 0.003 0.981 0.002 
113     2230    (0)    7 :  0.017 0.014 0.016 0.025 0.012 0.914 0.002 
114     2235    (0)    7 :  0.025 0.024 0.009 0.028 0.022 0.878 0.015 
115     2236    (0)    7 :  0.037 0.035 0.040 0.037 0.037 0.810 0.004 
116     2237    (0)    7 :  0.012 0.013 0.121 0.015 0.017 0.814 0.008 
117     2238    (0)    7 :  0.004 0.003 0.006 0.004 0.005 0.976 0.002 
118     2239    (0)    7 :  0.005 0.005 0.004 0.006 0.005 0.974 0.001 
119     2240    (0)    7 :  0.014 0.012 0.011 0.014 0.017 0.929 0.003 
120     2241    (0)    7 :  0.033 0.035 0.014 0.025 0.029 0.843 0.021 
121     2242    (0)    7 :  0.026 0.020 0.019 0.037 0.030 0.867 0.002 
122     2243    (0)    7 :  0.013 0.014 0.043 0.017 0.013 0.898 0.003 
123     2244    (0)    7 :  0.013 0.009 0.019 0.012 0.021 0.925 0.002 
124     2245    (0)    7 :  0.005 0.005 0.005 0.004 0.005 0.972 0.004 
125     2246    (0)    7 :  0.006 0.006 0.007 0.006 0.006 0.968 0.002 
126     2247    (0)    7 :  0.008 0.008 0.009 0.007 0.007 0.959 0.002 
127     2248    (0)    7 :  0.004 0.004 0.003 0.003 0.004 0.981 0.002 
128     2249    (0)    7 :  0.041 0.044 0.015 0.049 0.025 0.819 0.006 
129     2250    (0)    7 :  0.002 0.002 0.003 0.003 0.002 0.987 0.001 
130     2251    (0)    7 :  0.010 0.011 0.010 0.010 0.008 0.943 0.008 
131     2252    (0)    7 :  0.004 0.004 0.003 0.004 0.004 0.978 0.003 
132     2253    (0)    7 :  0.032 0.031 0.018 0.041 0.022 0.852 0.003 
133     2254    (0)    7 :  0.065 0.038 0.032 0.048 0.111 0.703 0.004 
134     2255    (0)    7 :  0.013 0.016 0.011 0.012 0.011 0.934 0.003 
135     2256    (0)    7 :  0.068 0.048 0.162 0.110 0.067 0.544 0.001 
136     2257    (0)    7 :  0.006 0.006 0.006 0.006 0.007 0.961 0.008 
137     2258    (0)    7 :  0.021 0.019 0.014 0.022 0.025 0.897 0.003 
138     2259    (0)    7 :  0.004 0.004 0.006 0.004 0.004 0.977 0.002 
139     2260    (0)    7 :  0.007 0.008 0.008 0.007 0.007 0.961 0.002 
140     2261    (0)    7 :  0.006 0.006 0.007 0.005 0.006 0.966 0.004 
141     2262    (0)    7 :  0.004 0.004 0.005 0.004 0.004 0.978 0.002 
142     2263    (0)    7 :  0.005 0.005 0.004 0.004 0.005 0.973 0.005 
143     2264    (0)    7 :  0.007 0.007 0.005 0.009 0.006 0.963 0.003 
144     2265    (0)    7 :  0.012 0.011 0.059 0.015 0.009 0.889 0.004 
145     2266    (0)    7 :  0.015 0.010 0.040 0.016 0.023 0.895 0.002 
146     2267    (0)    7 :  0.006 0.005 0.008 0.006 0.007 0.967 0.002 
147     2268    (0)    7 :  0.008 0.009 0.009 0.007 0.006 0.956 0.005 
148     2269    (0)    7 :  0.004 0.004 0.004 0.004 0.004 0.977 0.003 
149     2270    (0)    7 :  0.007 0.007 0.005 0.007 0.006 0.964 0.005 
150     2271    (0)    7 :  0.050 0.044 0.020 0.055 0.029 0.791 0.012 


Estimated Allele Frequencies in each cluster
First column gives estimated ancestral frequencies


Locus 1 : 1 
4 alleles
0.0% missing data
  91   (0.339) 0.359 0.335 0.200 0.350 0.418 0.368 0.556 
  89   (0.527) 0.511 0.535 0.620 0.511 0.466 0.574 0.406 
  93   (0.111) 0.108 0.109 0.170 0.109 0.102 0.056 0.036 
  99   (0.022) 0.021 0.021 0.009 0.030 0.014 0.002 0.002 

Locus 2 : 2 
6 alleles
0.0% missing data
 134   (0.270) 0.267 0.276 0.423 0.263 0.275 0.150 0.113 
 136   (0.341) 0.345 0.338 0.312 0.356 0.343 0.572 0.560 
 140   (0.095) 0.091 0.098 0.054 0.086 0.073 0.041 0.057 
 138   (0.242) 0.256 0.239 0.192 0.251 0.280 0.233 0.237 
 142   (0.021) 0.015 0.018 0.008 0.013 0.011 0.002 0.030 
 132   (0.030) 0.027 0.031 0.012 0.032 0.018 0.002 0.003 

Locus 3 : 3 
6 alleles
0.0% missing data
 179   (0.310) 0.338 0.313 0.372 0.338 0.370 0.309 0.152 
 187   (0.300) 0.284 0.307 0.192 0.296 0.229 0.479 0.355 
 185   (0.107) 0.104 0.111 0.073 0.094 0.107 0.009 0.219 
 191   (0.036) 0.038 0.030 0.080 0.033 0.067 0.009 0.003 
 181   (0.188) 0.185 0.184 0.228 0.178 0.192 0.190 0.087 
 175   (0.059) 0.052 0.055 0.055 0.062 0.036 0.005 0.183 

Locus 4 : 4 
10 alleles
0.0% missing data
 241   (0.195) 0.194 0.203 0.117 0.195 0.172 0.075 0.438 
 247   (0.075) 0.076 0.080 0.051 0.079 0.065 0.006 0.022 
 253   (0.377) 0.385 0.379 0.523 0.386 0.388 0.682 0.135 
 273   (0.019) 0.015 0.019 0.007 0.012 0.012 0.001 0.002 
 269   (0.166) 0.185 0.167 0.243 0.203 0.199 0.136 0.041 
 271   (0.071) 0.075 0.067 0.025 0.064 0.113 0.024 0.192 
 249   (0.046) 0.034 0.043 0.017 0.031 0.025 0.070 0.062 
 245   (0.022) 0.015 0.019 0.007 0.013 0.011 0.002 0.105 
 265   (0.013) 0.011 0.012 0.005 0.009 0.008 0.002 0.001 
 239   (0.014) 0.010 0.012 0.005 0.008 0.007 0.001 0.002 

Locus 5 : 5 
4 alleles
0.0% missing data
 103   (0.894) 0.903 0.902 0.961 0.908 0.897 0.961 0.782 
 105   (0.056) 0.058 0.054 0.022 0.048 0.077 0.004 0.185 
 102   (0.017) 0.017 0.016 0.006 0.025 0.011 0.001 0.001 
 104   (0.033) 0.022 0.028 0.011 0.018 0.016 0.033 0.031 

Locus 6 : 6 
5 alleles
0.0% missing data
 135   (0.345) 0.324 0.340 0.244 0.312 0.322 0.186 0.687 
 145   (0.330) 0.365 0.355 0.515 0.352 0.370 0.145 0.029 
 141   (0.253) 0.260 0.244 0.205 0.289 0.271 0.612 0.084 
 147   (0.049) 0.036 0.042 0.028 0.033 0.026 0.055 0.125 
 137   (0.023) 0.015 0.019 0.008 0.014 0.011 0.002 0.075 

Locus 7 : 7 
10 alleles
0.7% missing data
  97   (0.199) 0.193 0.199 0.196 0.186 0.188 0.194 0.123 
 103   (0.271) 0.312 0.287 0.372 0.343 0.316 0.297 0.025 
  89   (0.093) 0.084 0.091 0.045 0.084 0.075 0.061 0.176 
  93   (0.249) 0.229 0.254 0.205 0.233 0.188 0.380 0.345 
  83   (0.045) 0.043 0.048 0.118 0.042 0.030 0.004 0.004 
  99   (0.025) 0.018 0.021 0.024 0.015 0.013 0.002 0.034 
  85   (0.027) 0.049 0.024 0.010 0.037 0.109 0.004 0.002 
  91   (0.043) 0.030 0.039 0.014 0.025 0.022 0.048 0.096 
 105   (0.021) 0.018 0.016 0.006 0.014 0.026 0.002 0.075 
 101   (0.028) 0.024 0.022 0.009 0.020 0.034 0.007 0.120 

Locus 8 : 8 
8 alleles
0.0% missing data
 129   (0.577) 0.607 0.587 0.633 0.608 0.639 0.737 0.392 
 143   (0.239) 0.252 0.247 0.204 0.252 0.257 0.070 0.301 
 141   (0.055) 0.044 0.054 0.073 0.038 0.033 0.081 0.005 
 149   (0.058) 0.045 0.051 0.036 0.046 0.032 0.099 0.267 
 133   (0.023) 0.020 0.022 0.020 0.026 0.014 0.002 0.003 
 145   (0.014) 0.008 0.011 0.022 0.008 0.006 0.001 0.001 
 127   (0.021) 0.015 0.018 0.007 0.015 0.012 0.002 0.030 
 131   (0.013) 0.009 0.011 0.005 0.008 0.007 0.008 0.001 

Locus 9 : 9 
4 alleles
0.0% missing data
 189   (0.463) 0.510 0.470 0.403 0.544 0.564 0.260 0.311 
 191   (0.333) 0.314 0.332 0.299 0.301 0.293 0.630 0.276 
 195   (0.183) 0.161 0.180 0.286 0.143 0.133 0.100 0.410 
 193   (0.021) 0.014 0.018 0.012 0.012 0.011 0.010 0.003 

Locus 10 : 10 
6 alleles
0.0% missing data
 250   (0.046) 0.040 0.045 0.020 0.043 0.028 0.004 0.166 
 254   (0.055) 0.045 0.059 0.021 0.036 0.034 0.013 0.020 
 252   (0.104) 0.113 0.094 0.057 0.097 0.168 0.179 0.068 
 238   (0.584) 0.597 0.588 0.670 0.575 0.628 0.443 0.675 
 232   (0.188) 0.183 0.192 0.209 0.223 0.129 0.359 0.069 
 248   (0.023) 0.022 0.022 0.023 0.027 0.013 0.002 0.002 

Locus 11 : 11 
4 alleles
0.0% missing data
  87   (0.739) 0.732 0.763 0.797 0.746 0.641 0.650 0.500 
  89   (0.177) 0.195 0.166 0.170 0.188 0.271 0.272 0.103 
  91   (0.061) 0.057 0.052 0.026 0.050 0.077 0.077 0.336 
  85   (0.022) 0.016 0.019 0.007 0.016 0.011 0.002 0.060 

Locus 12 : 12 
11 alleles
0.0% missing data
 160   (0.278) 0.275 0.281 0.275 0.260 0.272 0.229 0.500 
 158   (0.199) 0.196 0.194 0.273 0.214 0.188 0.415 0.059 
 162   (0.207) 0.258 0.218 0.170 0.263 0.334 0.151 0.019 
 170   (0.064) 0.060 0.061 0.088 0.071 0.039 0.013 0.130 
 161   (0.104) 0.092 0.103 0.075 0.089 0.076 0.058 0.220 
 154   (0.030) 0.027 0.029 0.012 0.027 0.019 0.003 0.015 
 143   (0.031) 0.023 0.031 0.010 0.019 0.019 0.002 0.049 
 149   (0.028) 0.024 0.028 0.037 0.019 0.019 0.003 0.003 
 147   (0.033) 0.028 0.031 0.032 0.022 0.022 0.124 0.003 
 159   (0.013) 0.008 0.010 0.024 0.007 0.006 0.001 0.001 
 134   (0.014) 0.010 0.013 0.005 0.008 0.007 0.001 0.001 

Locus 13 : 13 
4 alleles
0.0% missing data
 113   (0.326) 0.294 0.327 0.394 0.296 0.229 0.348 0.280 
 115   (0.502) 0.532 0.515 0.453 0.528 0.561 0.485 0.482 
 108   (0.158) 0.164 0.146 0.148 0.168 0.203 0.166 0.236 
 110   (0.014) 0.009 0.012 0.005 0.008 0.007 0.001 0.002 

Locus 14 : 14 
7 alleles
0.0% missing data
 225   (0.151) 0.153 0.156 0.074 0.154 0.153 0.080 0.074 
 229   (0.445) 0.461 0.451 0.454 0.480 0.432 0.576 0.360 
 227   (0.138) 0.137 0.137 0.325 0.128 0.159 0.156 0.012 
 231   (0.190) 0.189 0.188 0.114 0.182 0.205 0.112 0.426 
 213   (0.014) 0.010 0.013 0.005 0.009 0.007 0.001 0.002 
 233   (0.049) 0.038 0.043 0.018 0.039 0.028 0.074 0.125 
 203   (0.014) 0.012 0.011 0.010 0.009 0.015 0.001 0.001 

Locus 15 : 15 
4 alleles
0.7% missing data
 143   (0.903) 0.918 0.910 0.949 0.927 0.922 0.988 0.802 
 145   (0.057) 0.048 0.056 0.035 0.046 0.038 0.009 0.115 
 147   (0.026) 0.023 0.021 0.011 0.019 0.032 0.002 0.081 
 157   (0.014) 0.010 0.013 0.004 0.009 0.007 0.001 0.001 

Locus 16 : 16 
5 alleles
0.0% missing data
 158   (0.502) 0.508 0.513 0.539 0.514 0.481 0.666 0.314 
 156   (0.275) 0.288 0.273 0.237 0.260 0.365 0.189 0.242 
 154   (0.079) 0.066 0.075 0.035 0.072 0.046 0.046 0.345 
 160   (0.130) 0.127 0.126 0.181 0.145 0.100 0.097 0.098 
 152   (0.014) 0.011 0.012 0.008 0.008 0.008 0.002 0.001 

Locus 17 : 17 
5 alleles
0.0% missing data
  90   (0.658) 0.675 0.670 0.622 0.693 0.683 0.779 0.441 
 100   (0.116) 0.129 0.115 0.094 0.122 0.154 0.011 0.160 
 102   (0.151) 0.135 0.145 0.202 0.128 0.120 0.196 0.099 
 104   (0.014) 0.011 0.012 0.005 0.013 0.007 0.001 0.001 
  88   (0.062) 0.049 0.058 0.076 0.044 0.036 0.012 0.299 

Locus 18 : 18 
7 alleles
0.0% missing data
 127   (0.261) 0.248 0.257 0.311 0.277 0.207 0.159 0.403 
 140   (0.286) 0.310 0.290 0.327 0.293 0.379 0.115 0.239 
 142   (0.142) 0.146 0.142 0.064 0.154 0.129 0.498 0.024 
 148   (0.105) 0.095 0.107 0.082 0.085 0.074 0.098 0.068 
 146   (0.092) 0.083 0.095 0.077 0.081 0.063 0.111 0.008 
 138   (0.052) 0.045 0.050 0.113 0.049 0.033 0.014 0.004 
 150   (0.062) 0.074 0.058 0.027 0.062 0.115 0.006 0.254 

Locus 19 : 19 
6 alleles
0.0% missing data
 190   (0.117) 0.097 0.115 0.137 0.089 0.079 0.338 0.037 
 194   (0.569) 0.562 0.583 0.551 0.595 0.473 0.517 0.594 
 202   (0.045) 0.039 0.043 0.020 0.045 0.028 0.004 0.062 
 188   (0.142) 0.169 0.142 0.112 0.157 0.224 0.131 0.013 
 200   (0.112) 0.123 0.104 0.175 0.106 0.191 0.010 0.292 
 198   (0.014) 0.010 0.013 0.005 0.008 0.007 0.001 0.002 

Locus 20 : 20 
6 alleles
0.0% missing data
 252   (0.633) 0.682 0.647 0.716 0.678 0.743 0.772 0.123 
 246   (0.110) 0.103 0.106 0.177 0.106 0.094 0.013 0.160 
 248   (0.018) 0.017 0.017 0.007 0.023 0.011 0.001 0.001 
 244   (0.044) 0.035 0.038 0.018 0.031 0.030 0.064 0.077 
 250   (0.116) 0.093 0.116 0.041 0.084 0.071 0.121 0.349 
 254   (0.078) 0.070 0.076 0.041 0.077 0.052 0.028 0.290 

Locus 21 : 21 
7 alleles
0.0% missing data
 167   (0.267) 0.297 0.272 0.346 0.271 0.354 0.262 0.097 
 173   (0.286) 0.298 0.278 0.321 0.294 0.331 0.310 0.269 
 163   (0.044) 0.044 0.043 0.018 0.062 0.029 0.004 0.119 
 177   (0.196) 0.185 0.199 0.155 0.215 0.137 0.360 0.075 
 175   (0.126) 0.112 0.127 0.118 0.097 0.103 0.056 0.234 
 165   (0.067) 0.057 0.070 0.037 0.055 0.040 0.007 0.175 
 159   (0.014) 0.008 0.011 0.004 0.007 0.006 0.001 0.030 

Locus 22 : 22 
11 alleles
0.0% missing data
 152   (0.409) 0.413 0.422 0.542 0.431 0.371 0.536 0.126 
 158   (0.114) 0.114 0.112 0.107 0.109 0.120 0.012 0.411 
 146   (0.183) 0.224 0.190 0.145 0.212 0.299 0.273 0.016 
 150   (0.054) 0.042 0.049 0.049 0.040 0.030 0.023 0.153 
 156   (0.028) 0.022 0.025 0.013 0.018 0.024 0.002 0.029 
 162   (0.037) 0.028 0.038 0.017 0.023 0.020 0.003 0.183 
 166   (0.067) 0.065 0.068 0.044 0.056 0.071 0.050 0.006 
 164   (0.043) 0.042 0.043 0.023 0.052 0.031 0.006 0.015 
 148   (0.025) 0.024 0.023 0.009 0.037 0.016 0.002 0.016 
 142   (0.024) 0.015 0.019 0.046 0.014 0.011 0.002 0.045 
 154   (0.016) 0.010 0.012 0.005 0.008 0.007 0.090 0.001 

Locus 23 : 23 
6 alleles
0.7% missing data
 144   (0.177) 0.174 0.168 0.218 0.180 0.191 0.130 0.299 
 156   (0.166) 0.155 0.168 0.122 0.157 0.140 0.071 0.308 
 154   (0.498) 0.543 0.519 0.516 0.544 0.564 0.573 0.208 
 160   (0.106) 0.089 0.100 0.125 0.083 0.076 0.167 0.089 
 152   (0.020) 0.014 0.016 0.007 0.012 0.010 0.050 0.002 
 158   (0.034) 0.025 0.030 0.012 0.024 0.018 0.009 0.095 

Locus 24 : 24 
4 alleles
0.7% missing data
  81   (0.372) 0.393 0.380 0.368 0.383 0.419 0.241 0.312 
  83   (0.485) 0.465 0.490 0.505 0.465 0.432 0.461 0.586 
  77   (0.098) 0.102 0.092 0.110 0.115 0.104 0.264 0.008 
  85   (0.045) 0.040 0.038 0.017 0.037 0.046 0.033 0.094 

Locus 25 : 25 
6 alleles
0.7% missing data
 124   (0.521) 0.548 0.522 0.659 0.563 0.585 0.298 0.614 
 132   (0.256) 0.259 0.258 0.237 0.253 0.251 0.628 0.022 
 122   (0.126) 0.118 0.126 0.056 0.121 0.105 0.022 0.329 
 126   (0.062) 0.048 0.061 0.035 0.040 0.040 0.049 0.019 
 120   (0.021) 0.016 0.018 0.008 0.014 0.012 0.002 0.015 
 136   (0.014) 0.011 0.014 0.005 0.008 0.007 0.001 0.001 

Locus 26 : 26 
6 alleles
0.0% missing data
 165   (0.247) 0.253 0.243 0.362 0.240 0.285 0.156 0.112 
 183   (0.337) 0.330 0.338 0.255 0.338 0.295 0.466 0.369 
 179   (0.115) 0.113 0.117 0.073 0.093 0.133 0.081 0.226 
 175   (0.210) 0.218 0.217 0.259 0.256 0.184 0.289 0.019 
 181   (0.067) 0.069 0.066 0.041 0.059 0.091 0.006 0.184 
 185   (0.022) 0.016 0.019 0.009 0.014 0.013 0.002 0.089 

Locus 27 : 27 
4 alleles
0.0% missing data
 142   (0.515) 0.545 0.511 0.598 0.508 0.635 0.638 0.418 
 150   (0.158) 0.157 0.167 0.128 0.171 0.124 0.015 0.209 
 148   (0.241) 0.232 0.244 0.155 0.260 0.186 0.135 0.294 
 138   (0.086) 0.066 0.078 0.119 0.062 0.055 0.211 0.079 

Locus 28 : 28 
5 alleles
0.0% missing data
 260   (0.447) 0.451 0.458 0.575 0.497 0.383 0.255 0.296 
 262   (0.449) 0.467 0.446 0.361 0.426 0.557 0.703 0.530 
 258   (0.026) 0.021 0.025 0.014 0.020 0.016 0.002 0.002 
 256   (0.064) 0.052 0.059 0.032 0.049 0.038 0.039 0.170 
 264   (0.014) 0.009 0.012 0.019 0.008 0.007 0.001 0.001 

Locus 29 : 29 
5 alleles
0.0% missing data
 140   (0.161) 0.139 0.161 0.187 0.123 0.117 0.071 0.455 
 150   (0.486) 0.528 0.488 0.524 0.512 0.616 0.715 0.208 
 148   (0.082) 0.077 0.079 0.043 0.073 0.073 0.077 0.023 
 146   (0.240) 0.228 0.241 0.234 0.261 0.173 0.132 0.311 
 152   (0.031) 0.028 0.030 0.013 0.031 0.021 0.006 0.003 

Locus 30 : 30 
6 alleles
0.0% missing data
 125   (0.272) 0.291 0.276 0.163 0.300 0.308 0.283 0.124 
 129   (0.500) 0.490 0.506 0.679 0.485 0.462 0.580 0.240 
 123   (0.103) 0.110 0.097 0.093 0.096 0.151 0.126 0.067 
 127   (0.069) 0.060 0.069 0.028 0.061 0.044 0.006 0.371 
 121   (0.017) 0.017 0.016 0.006 0.025 0.011 0.001 0.001 
 131   (0.039) 0.032 0.036 0.031 0.032 0.023 0.004 0.196 

Locus 31 : 31 
5 alleles
0.0% missing data
 155   (0.559) 0.552 0.568 0.532 0.576 0.489 0.660 0.612 
 159   (0.141) 0.160 0.138 0.169 0.135 0.230 0.087 0.099 
 157   (0.188) 0.189 0.191 0.212 0.207 0.169 0.162 0.090 
 153   (0.076) 0.073 0.070 0.066 0.061 0.092 0.083 0.174 
 151   (0.036) 0.026 0.033 0.021 0.022 0.020 0.009 0.025 

Locus 32 : 32 
4 alleles
0.0% missing data
  92   (0.272) 0.265 0.267 0.212 0.247 0.276 0.289 0.472 
  94   (0.074) 0.065 0.070 0.040 0.063 0.054 0.077 0.050 
  95   (0.180) 0.175 0.179 0.177 0.212 0.130 0.120 0.322 
  91   (0.474) 0.495 0.484 0.571 0.477 0.540 0.513 0.156 

Locus 33 : 33 
4 alleles
0.0% missing data
 146   (0.338) 0.312 0.349 0.344 0.306 0.252 0.102 0.529 
 148   (0.084) 0.082 0.078 0.043 0.069 0.105 0.098 0.121 
 150   (0.526) 0.545 0.527 0.566 0.574 0.542 0.796 0.299 
 154   (0.052) 0.061 0.046 0.047 0.051 0.102 0.004 0.051 

Locus 34 : 34 
7 alleles
0.0% missing data
 180   (0.401) 0.412 0.408 0.381 0.412 0.429 0.529 0.322 
 192   (0.157) 0.159 0.167 0.219 0.158 0.138 0.015 0.161 
 184   (0.206) 0.201 0.202 0.169 0.202 0.190 0.222 0.127 
 196   (0.143) 0.153 0.142 0.194 0.156 0.172 0.166 0.014 
 198   (0.053) 0.045 0.047 0.024 0.038 0.050 0.021 0.328 
 190   (0.026) 0.021 0.022 0.009 0.027 0.014 0.002 0.047 
 194   (0.015) 0.009 0.011 0.004 0.007 0.007 0.046 0.001 

Locus 35 : 35 
6 alleles
0.0% missing data
 106   (0.273) 0.289 0.275 0.327 0.282 0.326 0.181 0.128 
 112   (0.301) 0.314 0.297 0.364 0.301 0.356 0.502 0.074 
  94   (0.025) 0.027 0.025 0.009 0.039 0.017 0.002 0.002 
 110   (0.215) 0.208 0.215 0.149 0.222 0.177 0.290 0.166 
 108   (0.149) 0.134 0.151 0.109 0.130 0.102 0.023 0.625 
  90   (0.038) 0.028 0.037 0.042 0.025 0.021 0.003 0.004 

Locus 36 : 36 
8 alleles
0.0% missing data
 168   (0.104) 0.116 0.110 0.074 0.093 0.146 0.008 0.337 
 178   (0.046) 0.037 0.045 0.090 0.034 0.027 0.010 0.004 
 170   (0.276) 0.276 0.275 0.210 0.289 0.277 0.155 0.324 
 174   (0.122) 0.146 0.124 0.119 0.136 0.181 0.030 0.051 
 172   (0.285) 0.264 0.281 0.392 0.251 0.241 0.479 0.169 
 176   (0.099) 0.108 0.106 0.048 0.152 0.074 0.099 0.009 
 166   (0.047) 0.034 0.041 0.060 0.030 0.028 0.217 0.004 
 186   (0.022) 0.019 0.017 0.007 0.015 0.027 0.002 0.103 

Locus 37 : 37 
6 alleles
0.0% missing data
  85   (0.189) 0.236 0.185 0.150 0.214 0.341 0.177 0.045 
  95   (0.069) 0.057 0.064 0.062 0.063 0.041 0.089 0.017 
  89   (0.547) 0.535 0.549 0.608 0.552 0.493 0.718 0.532 
  83   (0.129) 0.117 0.137 0.129 0.116 0.087 0.011 0.365 
  81   (0.048) 0.043 0.050 0.044 0.042 0.030 0.004 0.004 
  91   (0.018) 0.012 0.015 0.006 0.013 0.009 0.001 0.037 

Locus 38 : 38 
7 alleles
0.0% missing data
 161   (0.349) 0.355 0.347 0.300 0.351 0.361 0.484 0.556 
 165   (0.206) 0.226 0.206 0.156 0.237 0.256 0.174 0.176 
 167   (0.042) 0.039 0.043 0.053 0.032 0.039 0.013 0.004 
 169   (0.094) 0.099 0.095 0.094 0.108 0.093 0.128 0.008 
 173   (0.281) 0.263 0.287 0.346 0.256 0.238 0.189 0.254 
 175   (0.015) 0.009 0.011 0.047 0.009 0.007 0.001 0.001 
 159   (0.014) 0.008 0.011 0.005 0.007 0.007 0.010 0.001 

Locus 39 : 39 
5 alleles
0.0% missing data
  85   (0.222) 0.206 0.226 0.274 0.202 0.191 0.127 0.084 
  87   (0.129) 0.132 0.122 0.047 0.121 0.173 0.148 0.390 
  91   (0.151) 0.137 0.151 0.162 0.150 0.102 0.032 0.267 
  81   (0.074) 0.071 0.078 0.067 0.073 0.060 0.025 0.006 
  89   (0.424) 0.454 0.423 0.449 0.453 0.475 0.668 0.253 

Locus 40 : 40 
3 alleles
0.0% missing data
 167   (0.755) 0.780 0.762 0.799 0.773 0.809 0.925 0.475 
 161   (0.195) 0.178 0.191 0.182 0.175 0.161 0.062 0.492 
 165   (0.050) 0.042 0.046 0.019 0.052 0.030 0.013 0.033 

Locus 41 : 41 
6 alleles
0.0% missing data
 224   (0.038) 0.029 0.033 0.018 0.023 0.029 0.058 0.016 
 228   (0.378) 0.353 0.370 0.498 0.354 0.334 0.577 0.388 
 238   (0.365) 0.422 0.375 0.307 0.419 0.492 0.238 0.101 
 240   (0.136) 0.133 0.144 0.149 0.141 0.099 0.012 0.409 
 236   (0.069) 0.053 0.066 0.023 0.051 0.038 0.114 0.084 
 242   (0.014) 0.011 0.012 0.005 0.012 0.008 0.001 0.001 

Locus 42 : 42 
7 alleles
0.7% missing data
 130   (0.533) 0.547 0.536 0.527 0.594 0.518 0.468 0.579 
 118   (0.053) 0.044 0.050 0.057 0.037 0.039 0.006 0.101 
 128   (0.068) 0.058 0.061 0.123 0.060 0.060 0.139 0.006 
 132   (0.080) 0.069 0.076 0.073 0.067 0.049 0.267 0.007 
 114   (0.106) 0.108 0.115 0.084 0.102 0.100 0.084 0.009 
 134   (0.144) 0.163 0.148 0.130 0.131 0.226 0.017 0.298 
 122   (0.016) 0.011 0.013 0.005 0.010 0.008 0.019 0.001 

Locus 43 : 43 
5 alleles
0.0% missing data
 104   (0.426) 0.429 0.444 0.475 0.417 0.430 0.164 0.105 
  98   (0.150) 0.142 0.142 0.066 0.142 0.141 0.216 0.252 
 102   (0.200) 0.237 0.197 0.319 0.235 0.291 0.435 0.017 
  92   (0.150) 0.137 0.148 0.093 0.157 0.098 0.114 0.447 
  96   (0.074) 0.054 0.068 0.048 0.048 0.040 0.071 0.179 

Locus 44 : 44 
5 alleles
0.0% missing data
  95   (0.221) 0.216 0.218 0.196 0.201 0.220 0.357 0.403 
 101   (0.363) 0.355 0.358 0.491 0.351 0.361 0.400 0.228 
 103   (0.276) 0.299 0.282 0.256 0.320 0.304 0.227 0.095 
  99   (0.102) 0.100 0.104 0.041 0.104 0.092 0.013 0.238 
  97   (0.038) 0.029 0.039 0.017 0.024 0.023 0.003 0.036 

Locus 45 : 45 
7 alleles
0.0% missing data
 181   (0.541) 0.537 0.552 0.646 0.589 0.463 0.736 0.268 
 191   (0.291) 0.309 0.289 0.235 0.279 0.363 0.181 0.604 
 179   (0.034) 0.047 0.029 0.011 0.035 0.098 0.003 0.075 
 177   (0.070) 0.055 0.066 0.080 0.047 0.040 0.074 0.036 
 189   (0.019) 0.016 0.020 0.007 0.013 0.010 0.002 0.002 
 183   (0.020) 0.015 0.020 0.011 0.014 0.011 0.002 0.002 
 193   (0.026) 0.021 0.024 0.010 0.023 0.014 0.002 0.014 

Locus 46 : 46 
6 alleles
0.0% missing data
 211   (0.207) 0.215 0.205 0.182 0.198 0.252 0.175 0.393 
 215   (0.074) 0.065 0.077 0.029 0.061 0.050 0.083 0.032 
 205   (0.446) 0.467 0.455 0.533 0.491 0.481 0.491 0.353 
 207   (0.198) 0.186 0.197 0.223 0.195 0.139 0.176 0.127 
 201   (0.054) 0.049 0.049 0.024 0.041 0.053 0.073 0.065 
 202   (0.021) 0.018 0.017 0.008 0.014 0.025 0.002 0.029 

Locus 47 : 47 
10 alleles
0.0% missing data
 142   (0.288) 0.310 0.296 0.389 0.303 0.354 0.203 0.132 
 162   (0.065) 0.057 0.067 0.046 0.053 0.048 0.006 0.052 
 164   (0.037) 0.028 0.038 0.021 0.024 0.020 0.003 0.108 
 168   (0.148) 0.137 0.148 0.149 0.156 0.096 0.261 0.309 
 158   (0.172) 0.179 0.174 0.138 0.182 0.167 0.073 0.181 
 170   (0.041) 0.031 0.038 0.014 0.027 0.021 0.014 0.102 
 166   (0.138) 0.165 0.130 0.155 0.175 0.223 0.287 0.032 
 156   (0.041) 0.035 0.041 0.026 0.030 0.026 0.004 0.068 
 144   (0.056) 0.050 0.057 0.057 0.043 0.038 0.149 0.005 
 160   (0.013) 0.009 0.011 0.005 0.007 0.007 0.001 0.011 

Locus 48 : 48 
6 alleles
0.0% missing data
 149   (0.351) 0.322 0.360 0.435 0.325 0.252 0.116 0.756 
 151   (0.221) 0.235 0.216 0.160 0.250 0.257 0.231 0.090 
 145   (0.195) 0.205 0.183 0.242 0.204 0.255 0.250 0.120 
 153   (0.193) 0.207 0.204 0.146 0.187 0.213 0.400 0.018 
 147   (0.014) 0.010 0.013 0.004 0.009 0.007 0.001 0.001 
 143   (0.025) 0.021 0.023 0.011 0.025 0.014 0.002 0.014 

Values of parameters used in structure:
DATAFILE=admix1.str,	OUTFILE=k7/admix1_k7_run3,	NUMINDS=150,	NUMLOCI=48,	MISSING=-9,	LABEL=1,	POPDATA=1,	POPFLAG=0,	PHENOTYPE=0,	EXTRACOLS=0,	MAXPOPS=7,	BURNIN=500000,	NUMREPS=750000,	USEPOPINFO=0,	INFERALPHA=1,	INFERLAMBDA=0,	POPSPECIFICLAMBDA=0,	POPALPHAS=0,	COMPUTEPROB=1,	NOADMIX=0,	ADMBURNIN=500,	UPDATEFREQ=100,	PRINTLIKES=0,	INTERMEDSAVE=0,	PRINTKLD=0,	PRINTNET=1,	PRINTLAMBDA=1,	ANCESTDIST=0,	NUMBOXES=1000,	ANCESTPINT=0.90000,	GENSBACK=2,	MIGRPRIOR=0.01000,	PRINTQHAT=0,	PRINTQSUM=1,	ALPHA=1.0000,	FREQSCORR=1,	FPRIORMEAN=0.0100,	FPRIORSD=0.0500,	ONEFST=0,	LAMBDA=1.0000,	UNIFPRIORALPHA=1,	ALPHAMAX=10.0000,	ALPHAPRIORA=1.0000,	ALPHAPRIORB=2.0000,	ALPHAPROPSD=0.0250,	STARTATPOPINFO=0,	RANDOMIZE=0,	LINKAGE=0,	METROFREQ=10,	REPORTHITRATE=0,	MARKOVPHASE=0,	PHASED=1,	PLOIDY=2,	PHASEINFO=0	LOCPRIOR=0, 	LOCPRIORINIT=1.000000, 	LOCDATA=0, 	LOCISPOP=1, 	LOCPRIORSTEP=0.100000, 	MAXLOCPRIOR=20.000000, 	SEED=226722,	
[STRAT parameters]:    NUMSIMSTATS=1000,	PHENOTYPECOL=-9,	POOLFREQ=10,	LOCUSxONLY=0,	EMERROR=0.00100,	MISSINGPHENO=-9,	