

----------------------------------------------------
STRUCTURE by Pritchard, Stephens and Donnelly (2000)
     and Falush, Stephens and Pritchard (2003)
       Code by Pritchard, Falush and Hubisz
             Version 2.3.4 (Jul 2012)
----------------------------------------------------



Command line arguments:   structure -D 682370 -K 5 -m mainparams -o k5/admix1_k5_run4 
Input File:    admix1.str

Run parameters:
   150 individuals
   48 loci
   5 populations assumed
   500000 Burn-in period
   750000 Reps
RANDOMIZE turned off


--------------------------------------------
Proportion of membership of each pre-defined
 population in each of the 5 clusters

Given    Inferred Clusters                     Number of
 Pop       1      2      3      4      5      Individuals

  1:     0.024  0.324  0.342  0.026  0.283       10
  2:     0.084  0.357  0.230  0.089  0.240       24
  3:     0.153  0.128  0.397  0.018  0.304       13
  4:     0.044  0.220  0.209  0.011  0.516       11
  5:     0.091  0.321  0.365  0.028  0.196       23
  6:     0.005  0.008  0.007  0.973  0.007       30
  7:     0.932  0.018  0.024  0.005  0.021       39
--------------------------------------------

Allele-freq. divergence among pops (Net nucleotide distance),
computed using point estimates of P.

      1       2       3       4       5      
 1      -    0.0299  0.0299  0.1164  0.0321  
 2   0.0299     -    0.0020  0.0570  0.0029  
 3   0.0299  0.0020     -    0.0690  0.0034  
 4   0.1164  0.0570  0.0690     -    0.0710  
 5   0.0321  0.0029  0.0034  0.0710     -    

Average distances (expected heterozygosity) between individuals in same cluster:
cluster  1  : 0.5560 
cluster  2  : 0.6548 
cluster  3  : 0.6291 
cluster  4  : 0.6416 
cluster  5  : 0.6297 

--------------------------------------------
Estimated Ln Prob of Data   = -17518.1
Mean value of ln likelihood = -16952.4
Variance of ln likelihood   = 1131.5
Mean value of alpha         = 0.0463

Mean value of Fst_1         = 0.1291
Mean value of Fst_2         = 0.0150
Mean value of Fst_3         = 0.0386
Mean value of Fst_4         = 0.1487
Mean value of Fst_5         = 0.0477


Inferred ancestry of individuals:
        Label (%Miss) Pop:  Inferred clusters
  1     2355    (0)    1 :  0.016 0.472 0.159 0.016 0.337 
  2     2356    (0)    1 :  0.004 0.445 0.204 0.016 0.331 
  3     2357    (0)    1 :  0.094 0.071 0.327 0.002 0.506 
  4     2358    (0)    1 :  0.008 0.437 0.428 0.013 0.115 
  5     2359    (0)    1 :  0.019 0.146 0.657 0.003 0.175 
  6     2360    (0)    1 :  0.007 0.142 0.359 0.087 0.405 
  7     2361    (2)    1 :  0.051 0.445 0.419 0.004 0.081 
  8     2362    (0)    1 :  0.015 0.141 0.606 0.009 0.229 
  9     2363    (0)    1 :  0.009 0.436 0.071 0.095 0.389 
 10     2364    (0)    1 :  0.020 0.509 0.190 0.015 0.266 
 11     2434    (0)    2 :  0.024 0.369 0.423 0.052 0.132 
 12     2435    (0)    2 :  0.007 0.655 0.105 0.084 0.149 
 13     2436    (0)    2 :  0.005 0.508 0.096 0.135 0.256 
 14     2437    (0)    2 :  0.010 0.488 0.155 0.233 0.114 
 15     2438    (0)    2 :  0.008 0.439 0.502 0.015 0.036 
 16     2439    (0)    2 :  0.016 0.221 0.245 0.008 0.510 
 17     2440    (0)    2 :  0.009 0.303 0.313 0.074 0.301 
 18     2441    (0)    2 :  0.048 0.598 0.183 0.086 0.085 
 19     2442    (0)    2 :  0.012 0.516 0.214 0.165 0.094 
 20     2443    (0)    2 :  0.021 0.435 0.333 0.020 0.191 
 21     2444    (0)    2 :  0.029 0.228 0.219 0.093 0.432 
 22     2446    (0)    2 :  0.034 0.235 0.103 0.016 0.612 
 23     2447    (0)    2 :  0.027 0.482 0.428 0.013 0.050 
 24     2448    (0)    2 :  0.822 0.045 0.058 0.005 0.071 
 25     2449    (0)    2 :  0.005 0.162 0.161 0.292 0.380 
 26     2450    (0)    2 :  0.005 0.139 0.349 0.261 0.247 
 27     2451    (0)    2 :  0.017 0.415 0.160 0.250 0.157 
 28     2452    (0)    2 :  0.092 0.149 0.158 0.005 0.595 
 29     2453    (0)    2 :  0.062 0.638 0.208 0.006 0.086 
 30     2454    (0)    2 :  0.613 0.115 0.095 0.007 0.170 
 31     2455    (0)    2 :  0.008 0.313 0.323 0.021 0.336 
 32     2456    (0)    2 :  0.092 0.527 0.322 0.008 0.051 
 33     2457    (0)    2 :  0.011 0.210 0.071 0.049 0.660 
 34     2458    (0)    2 :  0.046 0.373 0.302 0.228 0.051 
 35     2398    (0)    3 :  0.022 0.078 0.545 0.003 0.351 
 36     2399    (0)    3 :  0.018 0.267 0.362 0.024 0.330 
 37     2400    (0)    3 :  0.069 0.245 0.385 0.006 0.295 
 38     2401    (0)    3 :  0.055 0.082 0.473 0.003 0.387 
 39     2402    (0)    3 :  0.466 0.093 0.112 0.168 0.161 
 40     2403    (0)    3 :  0.004 0.015 0.503 0.002 0.476 
 41     2404    (0)    3 :  0.032 0.017 0.516 0.002 0.433 
 42     2405    (0)    3 :  0.006 0.232 0.630 0.006 0.126 
 43     2406    (0)    3 :  0.313 0.184 0.246 0.003 0.254 
 44     2407    (0)    3 :  0.636 0.117 0.144 0.007 0.097 
 45     2408    (0)    3 :  0.208 0.255 0.299 0.009 0.228 
 46     2409    (0)    3 :  0.126 0.061 0.432 0.003 0.378 
 47     2410    (0)    3 :  0.033 0.014 0.511 0.002 0.440 
 48     2459    (0)    4 :  0.025 0.232 0.078 0.011 0.654 
 49     2460    (0)    4 :  0.239 0.347 0.169 0.010 0.235 
 50     2461    (0)    4 :  0.007 0.142 0.264 0.005 0.582 
 51     2462    (4)    4 :  0.059 0.227 0.100 0.009 0.605 
 52     2463    (0)    4 :  0.026 0.179 0.158 0.004 0.633 
 53     2464    (2)    4 :  0.012 0.198 0.073 0.023 0.693 
 54     2465    (0)    4 :  0.024 0.093 0.562 0.008 0.314 
 55     2466    (2)    4 :  0.017 0.199 0.116 0.005 0.663 
 56     2467    (0)    4 :  0.042 0.449 0.346 0.022 0.141 
 57     2468    (0)    4 :  0.015 0.157 0.249 0.008 0.569 
 58     2469    (0)    4 :  0.018 0.201 0.183 0.016 0.582 
 59     2369    (0)    5 :  0.321 0.107 0.456 0.006 0.110 
 60     2370    (0)    5 :  0.030 0.117 0.644 0.003 0.206 
 61     2372    (0)    5 :  0.020 0.183 0.485 0.006 0.306 
 62     2373    (0)    5 :  0.103 0.433 0.176 0.212 0.076 
 63     2374    (0)    5 :  0.007 0.176 0.074 0.002 0.740 
 64     2375    (0)    5 :  0.010 0.538 0.185 0.006 0.261 
 65     2376    (0)    5 :  0.049 0.364 0.368 0.010 0.209 
 66     2377    (0)    5 :  0.273 0.259 0.231 0.022 0.215 
 67     2378    (0)    5 :  0.053 0.227 0.593 0.002 0.125 
 68     2379    (0)    5 :  0.012 0.560 0.372 0.012 0.044 
 69     2380    (0)    5 :  0.015 0.169 0.196 0.002 0.618 
 70     2381    (0)    5 :  0.158 0.251 0.505 0.003 0.083 
 71     2382    (0)    5 :  0.003 0.260 0.422 0.080 0.235 
 72     2383    (0)    5 :  0.139 0.130 0.499 0.010 0.223 
 73     2384    (0)    5 :  0.014 0.225 0.575 0.024 0.161 
 74     2385    (0)    5 :  0.019 0.513 0.366 0.021 0.082 
 75     2386    (0)    5 :  0.080 0.500 0.192 0.003 0.225 
 76     2387    (0)    5 :  0.047 0.346 0.513 0.005 0.089 
 77     2388    (0)    5 :  0.004 0.469 0.485 0.009 0.032 
 78     2389    (2)    5 :  0.006 0.531 0.166 0.146 0.151 
 79     2390    (0)    5 :  0.009 0.551 0.359 0.036 0.045 
 80     2391    (0)    5 :  0.343 0.248 0.349 0.004 0.055 
 81     2392    (0)    5 :  0.370 0.226 0.173 0.009 0.222 
 82     1408    (0)    6 :  0.002 0.009 0.006 0.976 0.006 
 83     1409    (0)    6 :  0.003 0.005 0.005 0.982 0.005 
 84     1410    (0)    6 :  0.002 0.003 0.003 0.989 0.002 
 85     1411    (0)    6 :  0.004 0.005 0.005 0.982 0.005 
 86     1412    (0)    6 :  0.003 0.006 0.005 0.980 0.006 
 87     1413    (0)    6 :  0.003 0.006 0.005 0.981 0.005 
 88     1414    (0)    6 :  0.002 0.003 0.002 0.991 0.002 
 89     1415    (0)    6 :  0.003 0.004 0.004 0.985 0.004 
 90     1416    (0)    6 :  0.005 0.004 0.004 0.983 0.004 
 91     1417    (0)    6 :  0.002 0.004 0.004 0.988 0.003 
 92     1418    (0)    6 :  0.003 0.008 0.007 0.975 0.007 
 93     1419    (0)    6 :  0.002 0.004 0.004 0.987 0.003 
 94     1420    (0)    6 :  0.005 0.006 0.006 0.978 0.006 
 95     1421    (0)    6 :  0.005 0.014 0.010 0.961 0.011 
 96     1422    (0)    6 :  0.002 0.005 0.004 0.985 0.004 
 97     1423    (0)    6 :  0.003 0.007 0.006 0.981 0.004 
 98     1424    (0)    6 :  0.006 0.016 0.013 0.947 0.017 
 99     1425    (0)    6 :  0.009 0.010 0.009 0.966 0.006 
100     1426    (0)    6 :  0.006 0.011 0.010 0.965 0.009 
101     1427    (0)    6 :  0.010 0.021 0.012 0.940 0.018 
102     1428    (0)    6 :  0.002 0.004 0.004 0.987 0.004 
103     1429    (0)    6 :  0.007 0.005 0.004 0.979 0.005 
104     1430    (0)    6 :  0.004 0.008 0.007 0.976 0.006 
105     1431    (0)    6 :  0.014 0.020 0.019 0.933 0.015 
106     1432    (0)    6 :  0.003 0.004 0.003 0.987 0.003 
107     1433    (0)    6 :  0.003 0.007 0.005 0.978 0.005 
108     1434    (0)    6 :  0.012 0.011 0.014 0.951 0.011 
109     1435    (0)    6 :  0.004 0.014 0.012 0.959 0.010 
110     1436    (0)    6 :  0.013 0.020 0.012 0.938 0.017 
111     1437    (0)    6 :  0.003 0.003 0.003 0.989 0.003 
112     2229    (0)    7 :  0.986 0.004 0.004 0.002 0.004 
113     2230    (0)    7 :  0.942 0.015 0.023 0.002 0.018 
114     2235    (0)    7 :  0.911 0.030 0.025 0.018 0.016 
115     2236    (0)    7 :  0.835 0.046 0.056 0.005 0.057 
116     2237    (0)    7 :  0.879 0.015 0.047 0.011 0.048 
117     2238    (0)    7 :  0.984 0.004 0.005 0.002 0.005 
118     2239    (0)    7 :  0.983 0.005 0.006 0.001 0.005 
119     2240    (0)    7 :  0.950 0.014 0.014 0.004 0.017 
120     2241    (0)    7 :  0.887 0.038 0.024 0.027 0.023 
121     2242    (0)    7 :  0.913 0.022 0.036 0.003 0.027 
122     2243    (0)    7 :  0.927 0.015 0.028 0.003 0.027 
123     2244    (0)    7 :  0.947 0.012 0.013 0.002 0.026 
124     2245    (0)    7 :  0.978 0.005 0.005 0.005 0.006 
125     2246    (0)    7 :  0.976 0.007 0.008 0.003 0.007 
126     2247    (0)    7 :  0.971 0.008 0.009 0.002 0.010 
127     2248    (0)    7 :  0.986 0.004 0.004 0.002 0.004 
128     2249    (0)    7 :  0.872 0.059 0.039 0.008 0.022 
129     2250    (0)    7 :  0.990 0.003 0.003 0.001 0.003 
130     2251    (0)    7 :  0.951 0.014 0.013 0.009 0.012 
131     2252    (0)    7 :  0.983 0.005 0.004 0.004 0.004 
132     2253    (0)    7 :  0.891 0.039 0.045 0.003 0.022 
133     2254    (0)    7 :  0.735 0.073 0.054 0.004 0.134 
134     2255    (0)    7 :  0.953 0.018 0.014 0.003 0.012 
135     2256    (0)    7 :  0.596 0.061 0.221 0.002 0.121 
136     2257    (0)    7 :  0.970 0.007 0.006 0.010 0.007 
137     2258    (0)    7 :  0.927 0.021 0.022 0.004 0.026 
138     2259    (0)    7 :  0.983 0.005 0.006 0.002 0.005 
139     2260    (0)    7 :  0.974 0.009 0.008 0.003 0.007 
140     2261    (0)    7 :  0.975 0.007 0.007 0.004 0.007 
141     2262    (0)    7 :  0.984 0.004 0.004 0.002 0.005 
142     2263    (0)    7 :  0.978 0.006 0.005 0.005 0.005 
143     2264    (0)    7 :  0.974 0.009 0.008 0.003 0.006 
144     2265    (0)    7 :  0.921 0.012 0.040 0.006 0.022 
145     2266    (0)    7 :  0.924 0.014 0.029 0.003 0.030 
146     2267    (0)    7 :  0.977 0.006 0.008 0.002 0.008 
147     2268    (0)    7 :  0.963 0.010 0.011 0.006 0.010 
148     2269    (0)    7 :  0.983 0.005 0.005 0.003 0.004 
149     2270    (0)    7 :  0.973 0.008 0.007 0.006 0.006 
150     2271    (0)    7 :  0.825 0.062 0.065 0.015 0.032 


Estimated Allele Frequencies in each cluster
First column gives estimated ancestral frequencies


Locus 1 : 1 
4 alleles
0.0% missing data
  91   (0.344) 0.369 0.348 0.294 0.554 0.326 
  89   (0.520) 0.571 0.519 0.553 0.408 0.536 
  93   (0.111) 0.057 0.108 0.127 0.036 0.127 
  99   (0.025) 0.003 0.025 0.025 0.002 0.010 

Locus 2 : 2 
6 alleles
0.0% missing data
 134   (0.266) 0.154 0.267 0.320 0.115 0.319 
 136   (0.340) 0.566 0.338 0.328 0.556 0.336 
 140   (0.094) 0.043 0.096 0.076 0.059 0.083 
 138   (0.245) 0.233 0.250 0.236 0.237 0.236 
 142   (0.023) 0.002 0.018 0.012 0.030 0.010 
 132   (0.032) 0.003 0.032 0.028 0.003 0.017 

Locus 3 : 3 
6 alleles
0.0% missing data
 179   (0.302) 0.312 0.311 0.346 0.154 0.374 
 187   (0.303) 0.474 0.301 0.268 0.355 0.230 
 185   (0.106) 0.008 0.111 0.080 0.218 0.108 
 191   (0.038) 0.010 0.035 0.041 0.003 0.063 
 181   (0.189) 0.191 0.184 0.201 0.090 0.187 
 175   (0.062) 0.005 0.058 0.065 0.181 0.039 

Locus 4 : 4 
10 alleles
0.0% missing data
 241   (0.192) 0.078 0.195 0.180 0.434 0.166 
 247   (0.074) 0.006 0.076 0.080 0.022 0.063 
 253   (0.362) 0.676 0.367 0.431 0.137 0.429 
 273   (0.021) 0.002 0.020 0.010 0.002 0.013 
 269   (0.175) 0.141 0.184 0.203 0.044 0.208 
 271   (0.074) 0.025 0.074 0.042 0.192 0.076 
 249   (0.049) 0.068 0.041 0.027 0.062 0.024 
 245   (0.024) 0.002 0.019 0.010 0.103 0.009 
 265   (0.015) 0.002 0.013 0.007 0.001 0.008 
 239   (0.015) 0.002 0.012 0.008 0.003 0.006 

Locus 5 : 5 
4 alleles
0.0% missing data
 103   (0.887) 0.960 0.898 0.928 0.784 0.926 
 105   (0.059) 0.004 0.057 0.037 0.184 0.052 
 102   (0.020) 0.002 0.019 0.020 0.002 0.008 
 104   (0.034) 0.033 0.026 0.015 0.031 0.014 

Locus 6 : 6 
5 alleles
0.0% missing data
 135   (0.352) 0.186 0.347 0.290 0.687 0.284 
 145   (0.314) 0.149 0.341 0.406 0.028 0.458 
 141   (0.256) 0.609 0.250 0.260 0.088 0.227 
 147   (0.053) 0.054 0.042 0.033 0.124 0.022 
 137   (0.025) 0.002 0.020 0.012 0.072 0.009 

Locus 7 : 7 
10 alleles
0.7% missing data
  97   (0.198) 0.192 0.197 0.193 0.123 0.191 
 103   (0.261) 0.300 0.290 0.346 0.024 0.356 
  89   (0.094) 0.061 0.088 0.074 0.177 0.071 
  93   (0.251) 0.378 0.246 0.225 0.344 0.196 
  83   (0.041) 0.004 0.039 0.082 0.004 0.059 
  99   (0.027) 0.002 0.022 0.019 0.035 0.013 
  85   (0.032) 0.006 0.038 0.019 0.003 0.061 
  91   (0.044) 0.047 0.038 0.020 0.097 0.018 
 105   (0.022) 0.002 0.018 0.009 0.075 0.016 
 101   (0.030) 0.008 0.024 0.013 0.119 0.020 

Locus 8 : 8 
8 alleles
0.0% missing data
 129   (0.573) 0.735 0.590 0.608 0.396 0.636 
 143   (0.235) 0.071 0.248 0.243 0.301 0.250 
 141   (0.058) 0.080 0.052 0.052 0.005 0.047 
 149   (0.059) 0.100 0.049 0.038 0.263 0.028 
 133   (0.024) 0.002 0.021 0.029 0.003 0.014 
 145   (0.015) 0.001 0.011 0.013 0.001 0.010 
 127   (0.023) 0.002 0.018 0.012 0.030 0.009 
 131   (0.015) 0.009 0.011 0.006 0.002 0.006 

Locus 9 : 9 
4 alleles
0.0% missing data
 189   (0.465) 0.270 0.488 0.506 0.313 0.487 
 191   (0.328) 0.617 0.321 0.293 0.275 0.311 
 195   (0.185) 0.102 0.173 0.191 0.409 0.192 
 193   (0.022) 0.011 0.018 0.011 0.003 0.010 

Locus 10 : 10 
6 alleles
0.0% missing data
 250   (0.049) 0.004 0.045 0.036 0.164 0.027 
 254   (0.057) 0.013 0.057 0.030 0.022 0.038 
 252   (0.107) 0.179 0.106 0.068 0.070 0.115 
 238   (0.573) 0.447 0.583 0.593 0.673 0.646 
 232   (0.193) 0.355 0.190 0.239 0.070 0.159 
 248   (0.021) 0.002 0.019 0.033 0.002 0.014 

Locus 11 : 11 
4 alleles
0.0% missing data
  87   (0.728) 0.653 0.740 0.793 0.504 0.719 
  89   (0.184) 0.270 0.185 0.158 0.105 0.221 
  91   (0.064) 0.075 0.056 0.036 0.332 0.051 
  85   (0.024) 0.002 0.019 0.013 0.059 0.008 

Locus 12 : 12 
11 alleles
0.0% missing data
 160   (0.275) 0.227 0.278 0.254 0.498 0.289 
 158   (0.202) 0.411 0.197 0.244 0.060 0.189 
 162   (0.203) 0.158 0.231 0.220 0.019 0.277 
 170   (0.061) 0.013 0.055 0.095 0.129 0.045 
 161   (0.105) 0.057 0.100 0.085 0.219 0.083 
 154   (0.032) 0.003 0.030 0.023 0.015 0.018 
 143   (0.031) 0.002 0.030 0.013 0.052 0.018 
 149   (0.029) 0.003 0.028 0.025 0.003 0.029 
 147   (0.032) 0.123 0.028 0.021 0.003 0.033 
 159   (0.014) 0.001 0.010 0.013 0.001 0.011 
 134   (0.014) 0.001 0.012 0.007 0.001 0.007 

Locus 13 : 13 
4 alleles
0.0% missing data
 113   (0.327) 0.347 0.320 0.344 0.283 0.281 
 115   (0.493) 0.485 0.509 0.491 0.481 0.551 
 108   (0.164) 0.167 0.158 0.158 0.234 0.161 
 110   (0.015) 0.001 0.012 0.007 0.002 0.006 

Locus 14 : 14 
7 alleles
0.0% missing data
 225   (0.152) 0.083 0.159 0.125 0.075 0.137 
 229   (0.447) 0.574 0.454 0.491 0.362 0.430 
 227   (0.125) 0.155 0.122 0.189 0.011 0.218 
 231   (0.194) 0.113 0.196 0.147 0.425 0.170 
 213   (0.015) 0.001 0.013 0.008 0.002 0.006 
 233   (0.052) 0.073 0.044 0.032 0.123 0.024 
 203   (0.015) 0.001 0.012 0.008 0.001 0.014 

Locus 15 : 15 
4 alleles
0.7% missing data
 143   (0.900) 0.988 0.913 0.931 0.804 0.934 
 145   (0.058) 0.009 0.052 0.048 0.114 0.040 
 147   (0.028) 0.002 0.022 0.013 0.081 0.020 
 157   (0.015) 0.001 0.013 0.007 0.001 0.006 

Locus 16 : 16 
5 alleles
0.0% missing data
 158   (0.498) 0.662 0.511 0.512 0.315 0.525 
 156   (0.272) 0.189 0.276 0.244 0.245 0.307 
 154   (0.081) 0.046 0.074 0.065 0.341 0.038 
 160   (0.134) 0.100 0.127 0.170 0.098 0.122 
 152   (0.015) 0.002 0.012 0.009 0.001 0.009 

Locus 17 : 17 
5 alleles
0.0% missing data
  90   (0.651) 0.778 0.667 0.668 0.444 0.672 
 100   (0.115) 0.012 0.121 0.111 0.160 0.131 
 102   (0.154) 0.196 0.144 0.152 0.100 0.143 
 104   (0.015) 0.001 0.013 0.010 0.001 0.006 
  88   (0.065) 0.013 0.056 0.058 0.296 0.049 

Locus 18 : 18 
7 alleles
0.0% missing data
 127   (0.267) 0.164 0.260 0.299 0.401 0.229 
 140   (0.280) 0.116 0.294 0.286 0.240 0.367 
 142   (0.142) 0.490 0.145 0.128 0.024 0.106 
 148   (0.103) 0.096 0.097 0.089 0.068 0.090 
 146   (0.090) 0.112 0.090 0.084 0.008 0.073 
 138   (0.055) 0.015 0.050 0.074 0.005 0.057 
 150   (0.063) 0.006 0.065 0.040 0.253 0.078 

Locus 19 : 19 
6 alleles
0.0% missing data
 190   (0.115) 0.330 0.103 0.106 0.038 0.106 
 194   (0.557) 0.519 0.559 0.616 0.594 0.520 
 202   (0.048) 0.004 0.045 0.040 0.062 0.025 
 188   (0.146) 0.135 0.160 0.120 0.014 0.173 
 200   (0.119) 0.010 0.120 0.111 0.291 0.169 
 198   (0.015) 0.001 0.013 0.007 0.002 0.006 

Locus 20 : 20 
6 alleles
0.0% missing data
 252   (0.615) 0.772 0.640 0.706 0.125 0.719 
 246   (0.116) 0.014 0.112 0.123 0.160 0.127 
 248   (0.020) 0.002 0.019 0.020 0.002 0.010 
 244   (0.046) 0.063 0.037 0.024 0.077 0.027 
 250   (0.118) 0.120 0.112 0.065 0.350 0.062 
 254   (0.086) 0.029 0.080 0.062 0.286 0.055 

Locus 21 : 21 
7 alleles
0.0% missing data
 167   (0.250) 0.263 0.264 0.282 0.098 0.364 
 173   (0.289) 0.310 0.289 0.305 0.268 0.308 
 163   (0.052) 0.004 0.052 0.049 0.118 0.024 
 177   (0.204) 0.358 0.205 0.199 0.077 0.140 
 175   (0.123) 0.057 0.116 0.104 0.233 0.117 
 165   (0.067) 0.007 0.064 0.056 0.177 0.043 
 159   (0.015) 0.001 0.011 0.006 0.029 0.005 

Locus 22 : 22 
11 alleles
0.0% missing data
 152   (0.410) 0.532 0.425 0.476 0.128 0.434 
 158   (0.112) 0.012 0.112 0.098 0.408 0.120 
 146   (0.171) 0.275 0.188 0.183 0.015 0.247 
 150   (0.056) 0.023 0.047 0.048 0.151 0.031 
 156   (0.029) 0.003 0.025 0.014 0.030 0.021 
 162   (0.038) 0.003 0.034 0.024 0.183 0.020 
 166   (0.066) 0.053 0.065 0.050 0.006 0.062 
 164   (0.045) 0.007 0.044 0.049 0.016 0.027 
 148   (0.030) 0.003 0.028 0.027 0.018 0.012 
 142   (0.027) 0.002 0.020 0.024 0.044 0.020 
 154   (0.017) 0.087 0.012 0.006 0.001 0.006 

Locus 23 : 23 
6 alleles
0.7% missing data
 144   (0.179) 0.132 0.171 0.190 0.296 0.188 
 156   (0.169) 0.072 0.168 0.147 0.307 0.131 
 154   (0.489) 0.570 0.519 0.544 0.211 0.566 
 160   (0.107) 0.168 0.097 0.090 0.090 0.093 
 152   (0.020) 0.050 0.015 0.009 0.002 0.008 
 158   (0.035) 0.010 0.029 0.020 0.095 0.014 

Locus 24 : 24 
4 alleles
0.7% missing data
  81   (0.375) 0.243 0.391 0.366 0.313 0.422 
  83   (0.483) 0.457 0.478 0.494 0.587 0.459 
  77   (0.095) 0.266 0.091 0.115 0.008 0.090 
  85   (0.047) 0.035 0.040 0.025 0.093 0.030 

Locus 25 : 25 
6 alleles
0.7% missing data
 124   (0.526) 0.303 0.536 0.585 0.613 0.612 
 132   (0.244) 0.622 0.247 0.254 0.022 0.237 
 122   (0.129) 0.023 0.128 0.103 0.328 0.085 
 126   (0.063) 0.048 0.057 0.037 0.020 0.046 
 120   (0.023) 0.002 0.018 0.013 0.015 0.012 
 136   (0.015) 0.001 0.013 0.008 0.001 0.008 

Locus 26 : 26 
6 alleles
0.0% missing data
 165   (0.256) 0.161 0.257 0.270 0.114 0.296 
 183   (0.337) 0.460 0.335 0.327 0.371 0.278 
 179   (0.107) 0.081 0.109 0.068 0.225 0.131 
 175   (0.209) 0.291 0.217 0.269 0.020 0.210 
 181   (0.066) 0.006 0.064 0.053 0.182 0.072 
 185   (0.024) 0.002 0.019 0.013 0.088 0.012 

Locus 27 : 27 
4 alleles
0.0% missing data
 142   (0.502) 0.639 0.508 0.516 0.421 0.608 
 150   (0.157) 0.015 0.162 0.170 0.207 0.146 
 148   (0.249) 0.139 0.253 0.237 0.292 0.172 
 138   (0.092) 0.206 0.078 0.078 0.080 0.074 

Locus 28 : 28 
5 alleles
0.0% missing data
 260   (0.451) 0.263 0.459 0.546 0.297 0.451 
 262   (0.442) 0.695 0.447 0.372 0.531 0.488 
 258   (0.027) 0.002 0.025 0.022 0.003 0.017 
 256   (0.065) 0.039 0.056 0.049 0.168 0.034 
 264   (0.015) 0.001 0.012 0.010 0.001 0.009 

Locus 29 : 29 
5 alleles
0.0% missing data
 140   (0.152) 0.070 0.142 0.143 0.453 0.162 
 150   (0.479) 0.709 0.494 0.510 0.210 0.577 
 148   (0.083) 0.079 0.080 0.058 0.024 0.064 
 146   (0.252) 0.136 0.250 0.266 0.311 0.179 
 152   (0.033) 0.006 0.033 0.024 0.003 0.019 

Locus 30 : 30 
6 alleles
0.0% missing data
 125   (0.279) 0.283 0.290 0.259 0.126 0.250 
 129   (0.486) 0.581 0.485 0.560 0.245 0.539 
 123   (0.104) 0.124 0.104 0.076 0.067 0.133 
 127   (0.072) 0.007 0.069 0.047 0.366 0.045 
 121   (0.019) 0.001 0.019 0.018 0.002 0.007 
 131   (0.040) 0.004 0.032 0.039 0.193 0.025 

Locus 31 : 31 
5 alleles
0.0% missing data
 155   (0.567) 0.655 0.577 0.576 0.611 0.509 
 159   (0.138) 0.090 0.144 0.124 0.100 0.205 
 157   (0.184) 0.163 0.180 0.223 0.090 0.186 
 153   (0.075) 0.083 0.068 0.054 0.172 0.081 
 151   (0.036) 0.009 0.031 0.022 0.027 0.019 

Locus 32 : 32 
4 alleles
0.0% missing data
  92   (0.274) 0.289 0.271 0.229 0.472 0.238 
  94   (0.075) 0.075 0.069 0.059 0.050 0.058 
  95   (0.192) 0.124 0.187 0.205 0.319 0.149 
  91   (0.459) 0.512 0.473 0.506 0.160 0.555 

Locus 33 : 33 
4 alleles
0.0% missing data
 146   (0.336) 0.109 0.336 0.323 0.528 0.305 
 148   (0.084) 0.095 0.079 0.054 0.121 0.084 
 150   (0.526) 0.792 0.530 0.580 0.300 0.536 
 154   (0.055) 0.004 0.055 0.043 0.050 0.075 

Locus 34 : 34 
7 alleles
0.0% missing data
 180   (0.396) 0.525 0.403 0.396 0.325 0.422 
 192   (0.151) 0.015 0.154 0.200 0.161 0.168 
 184   (0.207) 0.225 0.208 0.185 0.127 0.186 
 196   (0.148) 0.168 0.153 0.162 0.014 0.170 
 198   (0.053) 0.022 0.046 0.030 0.325 0.038 
 190   (0.029) 0.002 0.025 0.020 0.046 0.010 
 194   (0.016) 0.044 0.011 0.006 0.001 0.005 

Locus 35 : 35 
6 alleles
0.0% missing data
 106   (0.269) 0.188 0.276 0.281 0.131 0.333 
 112   (0.300) 0.498 0.300 0.317 0.078 0.341 
  94   (0.029) 0.002 0.031 0.029 0.002 0.013 
 110   (0.215) 0.287 0.213 0.207 0.166 0.173 
 108   (0.148) 0.023 0.143 0.135 0.619 0.112 
  90   (0.039) 0.003 0.036 0.031 0.005 0.029 

Locus 36 : 36 
8 alleles
0.0% missing data
 168   (0.096) 0.007 0.108 0.067 0.333 0.144 
 178   (0.045) 0.010 0.040 0.060 0.004 0.047 
 170   (0.280) 0.159 0.283 0.261 0.327 0.244 
 174   (0.115) 0.032 0.122 0.130 0.051 0.169 
 172   (0.284) 0.475 0.270 0.303 0.170 0.278 
 176   (0.108) 0.102 0.117 0.132 0.010 0.064 
 166   (0.048) 0.214 0.039 0.036 0.004 0.037 
 186   (0.024) 0.002 0.019 0.010 0.102 0.017 

Locus 37 : 37 
6 alleles
0.0% missing data
  85   (0.195) 0.179 0.211 0.178 0.046 0.261 
  95   (0.071) 0.089 0.064 0.063 0.017 0.044 
  89   (0.531) 0.715 0.524 0.587 0.532 0.537 
  83   (0.134) 0.012 0.136 0.116 0.364 0.114 
  81   (0.049) 0.004 0.050 0.047 0.004 0.036 
  91   (0.020) 0.002 0.016 0.010 0.036 0.007 

Locus 38 : 38 
7 alleles
0.0% missing data
 161   (0.348) 0.482 0.352 0.325 0.552 0.343 
 165   (0.216) 0.175 0.227 0.199 0.176 0.213 
 167   (0.040) 0.013 0.040 0.036 0.004 0.058 
 169   (0.091) 0.131 0.090 0.112 0.008 0.086 
 173   (0.273) 0.186 0.270 0.302 0.257 0.277 
 175   (0.017) 0.001 0.012 0.021 0.001 0.019 
 159   (0.015) 0.011 0.010 0.006 0.001 0.005 

Locus 39 : 39 
5 alleles
0.0% missing data
  85   (0.226) 0.128 0.229 0.210 0.085 0.238 
  87   (0.137) 0.146 0.135 0.085 0.388 0.119 
  91   (0.154) 0.034 0.149 0.164 0.267 0.124 
  81   (0.075) 0.027 0.076 0.069 0.007 0.074 
  89   (0.409) 0.665 0.411 0.471 0.253 0.446 

Locus 40 : 40 
3 alleles
0.0% missing data
 167   (0.748) 0.922 0.760 0.780 0.477 0.806 
 161   (0.196) 0.064 0.188 0.177 0.490 0.170 
 165   (0.056) 0.014 0.052 0.043 0.033 0.024 

Locus 41 : 41 
6 alleles
0.0% missing data
 224   (0.039) 0.056 0.032 0.019 0.016 0.027 
 228   (0.387) 0.573 0.374 0.402 0.386 0.373 
 238   (0.353) 0.245 0.378 0.387 0.103 0.427 
 240   (0.134) 0.013 0.137 0.144 0.409 0.137 
 236   (0.072) 0.112 0.066 0.039 0.085 0.030 
 242   (0.015) 0.001 0.013 0.009 0.001 0.005 

Locus 42 : 42 
7 alleles
0.7% missing data
 130   (0.538) 0.471 0.545 0.597 0.580 0.502 
 118   (0.055) 0.006 0.050 0.041 0.100 0.051 
 128   (0.067) 0.138 0.059 0.077 0.006 0.075 
 132   (0.079) 0.263 0.073 0.070 0.007 0.053 
 114   (0.104) 0.085 0.111 0.088 0.009 0.117 
 134   (0.139) 0.017 0.149 0.119 0.297 0.196 
 122   (0.017) 0.020 0.013 0.007 0.001 0.006 

Locus 43 : 43 
5 alleles
0.0% missing data
 104   (0.409) 0.168 0.425 0.454 0.108 0.455 
  98   (0.157) 0.214 0.150 0.114 0.251 0.111 
 102   (0.199) 0.434 0.207 0.245 0.017 0.296 
  92   (0.161) 0.115 0.156 0.138 0.444 0.097 
  96   (0.074) 0.069 0.063 0.050 0.180 0.041 

Locus 44 : 44 
5 alleles
0.0% missing data
  95   (0.221) 0.351 0.215 0.193 0.397 0.225 
 101   (0.356) 0.398 0.345 0.417 0.227 0.386 
 103   (0.278) 0.234 0.294 0.290 0.098 0.289 
  99   (0.107) 0.014 0.110 0.080 0.239 0.073 
  97   (0.038) 0.003 0.036 0.020 0.039 0.027 

Locus 45 : 45 
7 alleles
0.0% missing data
 181   (0.540) 0.733 0.546 0.628 0.271 0.528 
 191   (0.282) 0.183 0.289 0.249 0.599 0.325 
 179   (0.036) 0.003 0.039 0.018 0.075 0.063 
 177   (0.073) 0.077 0.063 0.060 0.036 0.048 
 189   (0.021) 0.002 0.020 0.012 0.002 0.011 
 183   (0.021) 0.002 0.018 0.016 0.002 0.014 
 193   (0.028) 0.002 0.024 0.018 0.016 0.012 

Locus 46 : 46 
6 alleles
0.0% missing data
 211   (0.205) 0.175 0.210 0.171 0.390 0.236 
 215   (0.076) 0.083 0.073 0.051 0.033 0.050 
 205   (0.441) 0.489 0.453 0.512 0.354 0.502 
 207   (0.203) 0.176 0.200 0.226 0.129 0.154 
 201   (0.052) 0.076 0.046 0.030 0.066 0.040 
 202   (0.023) 0.002 0.018 0.011 0.029 0.017 

Locus 47 : 47 
10 alleles
0.0% missing data
 142   (0.277) 0.202 0.297 0.305 0.132 0.391 
 162   (0.063) 0.006 0.061 0.056 0.052 0.056 
 164   (0.038) 0.003 0.033 0.022 0.110 0.022 
 168   (0.154) 0.256 0.146 0.170 0.306 0.107 
 158   (0.169) 0.081 0.173 0.185 0.180 0.143 
 170   (0.043) 0.014 0.038 0.023 0.102 0.016 
 166   (0.148) 0.285 0.152 0.160 0.034 0.172 
 156   (0.042) 0.005 0.038 0.030 0.068 0.031 
 144   (0.053) 0.148 0.051 0.042 0.004 0.057 
 160   (0.014) 0.001 0.010 0.006 0.012 0.005 

Locus 48 : 48 
6 alleles
0.0% missing data
 149   (0.342) 0.118 0.334 0.386 0.752 0.325 
 151   (0.228) 0.233 0.232 0.213 0.092 0.213 
 145   (0.204) 0.248 0.201 0.206 0.123 0.233 
 153   (0.184) 0.397 0.196 0.164 0.017 0.212 
 147   (0.015) 0.001 0.013 0.007 0.002 0.006 
 143   (0.028) 0.002 0.024 0.023 0.015 0.012 

Values of parameters used in structure:
DATAFILE=admix1.str,	OUTFILE=k5/admix1_k5_run4,	NUMINDS=150,	NUMLOCI=48,	MISSING=-9,	LABEL=1,	POPDATA=1,	POPFLAG=0,	PHENOTYPE=0,	EXTRACOLS=0,	MAXPOPS=5,	BURNIN=500000,	NUMREPS=750000,	USEPOPINFO=0,	INFERALPHA=1,	INFERLAMBDA=0,	POPSPECIFICLAMBDA=0,	POPALPHAS=0,	COMPUTEPROB=1,	NOADMIX=0,	ADMBURNIN=500,	UPDATEFREQ=100,	PRINTLIKES=0,	INTERMEDSAVE=0,	PRINTKLD=0,	PRINTNET=1,	PRINTLAMBDA=1,	ANCESTDIST=0,	NUMBOXES=1000,	ANCESTPINT=0.90000,	GENSBACK=2,	MIGRPRIOR=0.01000,	PRINTQHAT=0,	PRINTQSUM=1,	ALPHA=1.0000,	FREQSCORR=1,	FPRIORMEAN=0.0100,	FPRIORSD=0.0500,	ONEFST=0,	LAMBDA=1.0000,	UNIFPRIORALPHA=1,	ALPHAMAX=10.0000,	ALPHAPRIORA=1.0000,	ALPHAPRIORB=2.0000,	ALPHAPROPSD=0.0250,	STARTATPOPINFO=0,	RANDOMIZE=0,	LINKAGE=0,	METROFREQ=10,	REPORTHITRATE=0,	MARKOVPHASE=0,	PHASED=1,	PLOIDY=2,	PHASEINFO=0	LOCPRIOR=0, 	LOCPRIORINIT=1.000000, 	LOCDATA=0, 	LOCISPOP=1, 	LOCPRIORSTEP=0.100000, 	MAXLOCPRIOR=20.000000, 	SEED=682370,	
[STRAT parameters]:    NUMSIMSTATS=1000,	PHENOTYPECOL=-9,	POOLFREQ=10,	LOCUSxONLY=0,	EMERROR=0.00100,	MISSINGPHENO=-9,	