

----------------------------------------------------
STRUCTURE by Pritchard, Stephens and Donnelly (2000)
     and Falush, Stephens and Pritchard (2003)
       Code by Pritchard, Falush and Hubisz
             Version 2.3.4 (Jul 2012)
----------------------------------------------------



Command line arguments:   structure -D 437303 -K 4 -m mainparams -o k4/admix1_k4_run2 
Input File:    admix1.str

Run parameters:
   150 individuals
   48 loci
   4 populations assumed
   500000 Burn-in period
   750000 Reps
RANDOMIZE turned off


--------------------------------------------
Proportion of membership of each pre-defined
 population in each of the 4 clusters

Given    Inferred Clusters              Number of
 Pop       1      2      3      4      Individuals

  1:     0.397  0.027  0.036  0.540       10
  2:     0.427  0.091  0.102  0.380       24
  3:     0.193  0.165  0.021  0.620       13
  4:     0.172  0.054  0.016  0.759       11
  5:     0.485  0.111  0.032  0.371       23
  6:     0.009  0.005  0.978  0.007       30
  7:     0.023  0.943  0.006  0.028       39
--------------------------------------------

Allele-freq. divergence among pops (Net nucleotide distance),
computed using point estimates of P.

      1       2       3       4      
 1      -    0.0296  0.0562  0.0069  
 2   0.0296     -    0.1154  0.0327  
 3   0.0562  0.1154     -    0.0744  
 4   0.0069  0.0327  0.0744     -    

Average distances (expected heterozygosity) between individuals in same cluster:
cluster  1  : 0.6540 
cluster  2  : 0.5569 
cluster  3  : 0.6423 
cluster  4  : 0.6213 

--------------------------------------------
Estimated Ln Prob of Data   = -17569.8
Mean value of ln likelihood = -17026.9
Variance of ln likelihood   = 1085.8
Mean value of alpha         = 0.0537

Mean value of Fst_1         = 0.0109
Mean value of Fst_2         = 0.1283
Mean value of Fst_3         = 0.1468
Mean value of Fst_4         = 0.0415


Inferred ancestry of individuals:
        Label (%Miss) Pop:  Inferred clusters
  1     2355    (0)    1 :  0.293 0.019 0.023 0.665 
  2     2356    (0)    1 :  0.384 0.004 0.020 0.591 
  3     2357    (0)    1 :  0.021 0.083 0.002 0.893 
  4     2358    (0)    1 :  0.887 0.010 0.012 0.090 
  5     2359    (0)    1 :  0.383 0.033 0.004 0.581 
  6     2360    (0)    1 :  0.056 0.008 0.102 0.833 
  7     2361    (2)    1 :  0.867 0.057 0.004 0.072 
  8     2362    (0)    1 :  0.519 0.019 0.010 0.452 
  9     2363    (0)    1 :  0.291 0.012 0.157 0.540 
 10     2364    (0)    1 :  0.269 0.026 0.024 0.681 
 11     2434    (0)    2 :  0.708 0.028 0.046 0.217 
 12     2435    (0)    2 :  0.668 0.010 0.151 0.171 
 13     2436    (0)    2 :  0.292 0.007 0.213 0.487 
 14     2437    (0)    2 :  0.568 0.013 0.265 0.154 
 15     2438    (0)    2 :  0.954 0.009 0.013 0.023 
 16     2439    (0)    2 :  0.103 0.017 0.010 0.870 
 17     2440    (0)    2 :  0.150 0.010 0.086 0.754 
 18     2441    (0)    2 :  0.763 0.070 0.119 0.048 
 19     2442    (0)    2 :  0.719 0.014 0.178 0.090 
 20     2443    (0)    2 :  0.588 0.028 0.025 0.358 
 21     2444    (0)    2 :  0.095 0.029 0.100 0.776 
 22     2446    (0)    2 :  0.085 0.034 0.027 0.854 
 23     2447    (0)    2 :  0.919 0.031 0.012 0.038 
 24     2448    (0)    2 :  0.054 0.869 0.006 0.072 
 25     2449    (0)    2 :  0.078 0.006 0.296 0.620 
 26     2450    (0)    2 :  0.108 0.006 0.281 0.606 
 27     2451    (0)    2 :  0.473 0.023 0.275 0.229 
 28     2452    (0)    2 :  0.038 0.110 0.006 0.846 
 29     2453    (0)    2 :  0.916 0.058 0.007 0.019 
 30     2454    (0)    2 :  0.096 0.640 0.009 0.255 
 31     2455    (0)    2 :  0.176 0.009 0.022 0.793 
 32     2456    (0)    2 :  0.876 0.093 0.008 0.023 
 33     2457    (0)    2 :  0.102 0.020 0.092 0.786 
 34     2458    (0)    2 :  0.712 0.058 0.198 0.032 
 35     2398    (0)    3 :  0.117 0.035 0.003 0.845 
 36     2399    (0)    3 :  0.397 0.021 0.029 0.554 
 37     2400    (0)    3 :  0.472 0.078 0.007 0.443 
 38     2401    (0)    3 :  0.052 0.060 0.003 0.885 
 39     2402    (0)    3 :  0.052 0.517 0.190 0.242 
 40     2403    (0)    3 :  0.010 0.005 0.003 0.982 
 41     2404    (0)    3 :  0.021 0.045 0.002 0.932 
 42     2405    (0)    3 :  0.739 0.009 0.006 0.246 
 43     2406    (0)    3 :  0.137 0.333 0.003 0.527 
 44     2407    (0)    3 :  0.175 0.645 0.009 0.172 
 45     2408    (0)    3 :  0.260 0.224 0.010 0.505 
 46     2409    (0)    3 :  0.071 0.141 0.004 0.784 
 47     2410    (0)    3 :  0.012 0.038 0.003 0.948 
 48     2459    (0)    4 :  0.120 0.035 0.020 0.824 
 49     2460    (0)    4 :  0.539 0.283 0.013 0.165 
 50     2461    (0)    4 :  0.029 0.008 0.005 0.958 
 51     2462    (4)    4 :  0.124 0.075 0.014 0.787 
 52     2463    (0)    4 :  0.045 0.026 0.004 0.925 
 53     2464    (2)    4 :  0.069 0.015 0.050 0.866 
 54     2465    (0)    4 :  0.091 0.035 0.009 0.865 
 55     2466    (2)    4 :  0.035 0.021 0.005 0.938 
 56     2467    (0)    4 :  0.722 0.054 0.025 0.199 
 57     2468    (0)    4 :  0.058 0.015 0.009 0.919 
 58     2469    (0)    4 :  0.059 0.021 0.020 0.899 
 59     2369    (0)    5 :  0.315 0.420 0.009 0.255 
 60     2370    (0)    5 :  0.479 0.043 0.004 0.475 
 61     2372    (0)    5 :  0.144 0.022 0.008 0.827 
 62     2373    (0)    5 :  0.602 0.132 0.228 0.038 
 63     2374    (0)    5 :  0.013 0.011 0.003 0.973 
 64     2375    (0)    5 :  0.328 0.011 0.010 0.651 
 65     2376    (0)    5 :  0.369 0.060 0.011 0.560 
 66     2377    (0)    5 :  0.297 0.313 0.031 0.360 
 67     2378    (0)    5 :  0.583 0.091 0.002 0.324 
 68     2379    (0)    5 :  0.954 0.015 0.012 0.020 
 69     2380    (0)    5 :  0.048 0.014 0.003 0.935 
 70     2381    (0)    5 :  0.605 0.227 0.003 0.164 
 71     2382    (0)    5 :  0.282 0.004 0.085 0.629 
 72     2383    (0)    5 :  0.242 0.185 0.015 0.558 
 73     2384    (0)    5 :  0.671 0.018 0.022 0.289 
 74     2385    (0)    5 :  0.890 0.022 0.021 0.067 
 75     2386    (0)    5 :  0.377 0.112 0.004 0.508 
 76     2387    (0)    5 :  0.798 0.057 0.005 0.139 
 77     2388    (0)    5 :  0.969 0.005 0.009 0.016 
 78     2389    (2)    5 :  0.426 0.008 0.203 0.364 
 79     2390    (0)    5 :  0.934 0.011 0.033 0.022 
 80     2391    (0)    5 :  0.525 0.395 0.005 0.074 
 81     2392    (0)    5 :  0.311 0.391 0.013 0.286 
 82     1408    (0)    6 :  0.011 0.003 0.981 0.006 
 83     1409    (0)    6 :  0.006 0.003 0.985 0.006 
 84     1410    (0)    6 :  0.004 0.003 0.990 0.003 
 85     1411    (0)    6 :  0.005 0.004 0.984 0.006 
 86     1412    (0)    6 :  0.007 0.003 0.985 0.005 
 87     1413    (0)    6 :  0.007 0.003 0.984 0.005 
 88     1414    (0)    6 :  0.003 0.002 0.992 0.002 
 89     1415    (0)    6 :  0.005 0.004 0.987 0.005 
 90     1416    (0)    6 :  0.005 0.005 0.986 0.004 
 91     1417    (0)    6 :  0.005 0.002 0.990 0.003 
 92     1418    (0)    6 :  0.009 0.003 0.980 0.008 
 93     1419    (0)    6 :  0.005 0.003 0.989 0.004 
 94     1420    (0)    6 :  0.007 0.005 0.982 0.006 
 95     1421    (0)    6 :  0.015 0.005 0.970 0.011 
 96     1422    (0)    6 :  0.006 0.003 0.988 0.004 
 97     1423    (0)    6 :  0.009 0.003 0.984 0.004 
 98     1424    (0)    6 :  0.017 0.007 0.957 0.019 
 99     1425    (0)    6 :  0.011 0.010 0.970 0.008 
100     1426    (0)    6 :  0.013 0.007 0.971 0.010 
101     1427    (0)    6 :  0.019 0.012 0.953 0.016 
102     1428    (0)    6 :  0.004 0.003 0.989 0.004 
103     1429    (0)    6 :  0.006 0.008 0.982 0.005 
104     1430    (0)    6 :  0.010 0.004 0.980 0.005 
105     1431    (0)    6 :  0.025 0.015 0.945 0.016 
106     1432    (0)    6 :  0.004 0.003 0.989 0.004 
107     1433    (0)    6 :  0.007 0.004 0.983 0.006 
108     1434    (0)    6 :  0.014 0.014 0.958 0.014 
109     1435    (0)    6 :  0.017 0.005 0.965 0.012 
110     1436    (0)    6 :  0.019 0.014 0.949 0.018 
111     1437    (0)    6 :  0.003 0.003 0.990 0.003 
112     2229    (0)    7 :  0.004 0.988 0.003 0.005 
113     2230    (0)    7 :  0.017 0.958 0.003 0.022 
114     2235    (0)    7 :  0.039 0.927 0.021 0.014 
115     2236    (0)    7 :  0.058 0.854 0.007 0.081 
116     2237    (0)    7 :  0.011 0.907 0.014 0.069 
117     2238    (0)    7 :  0.004 0.987 0.002 0.007 
118     2239    (0)    7 :  0.006 0.986 0.002 0.006 
119     2240    (0)    7 :  0.017 0.958 0.005 0.020 
120     2241    (0)    7 :  0.047 0.905 0.030 0.018 
121     2242    (0)    7 :  0.025 0.935 0.003 0.036 
122     2243    (0)    7 :  0.015 0.941 0.004 0.040 
123     2244    (0)    7 :  0.010 0.963 0.002 0.025 
124     2245    (0)    7 :  0.006 0.981 0.006 0.007 
125     2246    (0)    7 :  0.007 0.980 0.003 0.009 
126     2247    (0)    7 :  0.008 0.977 0.003 0.011 
127     2248    (0)    7 :  0.005 0.988 0.002 0.005 
128     2249    (0)    7 :  0.093 0.882 0.008 0.017 
129     2250    (0)    7 :  0.004 0.992 0.001 0.003 
130     2251    (0)    7 :  0.018 0.957 0.012 0.013 
131     2252    (0)    7 :  0.006 0.985 0.004 0.004 
132     2253    (0)    7 :  0.063 0.903 0.004 0.029 
133     2254    (0)    7 :  0.055 0.763 0.005 0.177 
134     2255    (0)    7 :  0.020 0.963 0.004 0.013 
135     2256    (0)    7 :  0.083 0.674 0.002 0.241 
136     2257    (0)    7 :  0.007 0.974 0.011 0.008 
137     2258    (0)    7 :  0.021 0.940 0.004 0.035 
138     2259    (0)    7 :  0.005 0.986 0.002 0.007 
139     2260    (0)    7 :  0.009 0.980 0.003 0.008 
140     2261    (0)    7 :  0.007 0.980 0.005 0.008 
141     2262    (0)    7 :  0.004 0.987 0.003 0.006 
142     2263    (0)    7 :  0.006 0.980 0.007 0.006 
143     2264    (0)    7 :  0.011 0.979 0.004 0.006 
144     2265    (0)    7 :  0.016 0.947 0.007 0.030 
145     2266    (0)    7 :  0.016 0.937 0.003 0.044 
146     2267    (0)    7 :  0.006 0.982 0.002 0.010 
147     2268    (0)    7 :  0.011 0.967 0.007 0.015 
148     2269    (0)    7 :  0.006 0.986 0.004 0.005 
149     2270    (0)    7 :  0.009 0.977 0.007 0.007 
150     2271    (0)    7 :  0.121 0.832 0.017 0.029 


Estimated Allele Frequencies in each cluster
First column gives estimated ancestral frequencies


Locus 1 : 1 
4 alleles
0.0% missing data
  91   (0.345) 0.342 0.370 0.553 0.299 
  89   (0.517) 0.521 0.569 0.410 0.556 
  93   (0.111) 0.103 0.058 0.036 0.136 
  99   (0.027) 0.034 0.003 0.002 0.008 

Locus 2 : 2 
6 alleles
0.0% missing data
 134   (0.250) 0.243 0.156 0.116 0.357 
 136   (0.345) 0.339 0.562 0.552 0.325 
 140   (0.096) 0.094 0.044 0.060 0.078 
 138   (0.251) 0.269 0.233 0.239 0.213 
 142   (0.024) 0.019 0.002 0.030 0.008 
 132   (0.034) 0.035 0.003 0.003 0.020 

Locus 3 : 3 
6 alleles
0.0% missing data
 179   (0.298) 0.297 0.314 0.154 0.378 
 187   (0.306) 0.318 0.472 0.354 0.225 
 185   (0.103) 0.101 0.008 0.219 0.100 
 191   (0.036) 0.026 0.010 0.003 0.062 
 181   (0.188) 0.185 0.190 0.092 0.196 
 175   (0.069) 0.074 0.005 0.178 0.039 

Locus 4 : 4 
10 alleles
0.0% missing data
 241   (0.185) 0.189 0.079 0.430 0.173 
 247   (0.074) 0.081 0.006 0.023 0.070 
 253   (0.352) 0.356 0.673 0.137 0.451 
 273   (0.021) 0.019 0.002 0.002 0.012 
 269   (0.184) 0.200 0.144 0.046 0.195 
 271   (0.075) 0.064 0.025 0.195 0.060 
 249   (0.051) 0.041 0.067 0.061 0.024 
 245   (0.026) 0.022 0.002 0.101 0.006 
 265   (0.016) 0.014 0.002 0.001 0.005 
 239   (0.016) 0.014 0.002 0.003 0.004 

Locus 5 : 5 
4 alleles
0.0% missing data
 103   (0.882) 0.897 0.960 0.785 0.936 
 105   (0.059) 0.052 0.004 0.183 0.046 
 102   (0.022) 0.025 0.002 0.002 0.007 
 104   (0.036) 0.026 0.034 0.030 0.012 

Locus 6 : 6 
5 alleles
0.0% missing data
 135   (0.354) 0.356 0.186 0.689 0.265 
 145   (0.296) 0.303 0.150 0.027 0.494 
 141   (0.266) 0.269 0.609 0.090 0.217 
 147   (0.057) 0.049 0.053 0.123 0.018 
 137   (0.027) 0.023 0.002 0.071 0.007 

Locus 7 : 7 
10 alleles
0.7% missing data
  97   (0.192) 0.194 0.191 0.122 0.196 
 103   (0.260) 0.292 0.306 0.025 0.359 
  89   (0.094) 0.089 0.060 0.175 0.067 
  93   (0.249) 0.254 0.373 0.343 0.200 
  83   (0.043) 0.043 0.004 0.004 0.080 
  99   (0.029) 0.025 0.002 0.035 0.012 
  85   (0.035) 0.028 0.007 0.003 0.049 
  91   (0.046) 0.039 0.046 0.099 0.013 
 105   (0.023) 0.015 0.002 0.076 0.010 
 101   (0.031) 0.022 0.009 0.118 0.014 

Locus 8 : 8 
8 alleles
0.0% missing data
 129   (0.563) 0.580 0.736 0.397 0.635 
 143   (0.233) 0.243 0.071 0.303 0.250 
 141   (0.057) 0.051 0.078 0.005 0.054 
 149   (0.063) 0.055 0.100 0.258 0.022 
 133   (0.028) 0.028 0.003 0.004 0.016 
 145   (0.016) 0.011 0.001 0.001 0.012 
 127   (0.024) 0.020 0.002 0.030 0.007 
 131   (0.016) 0.011 0.009 0.002 0.004 

Locus 9 : 9 
4 alleles
0.0% missing data
 189   (0.471) 0.505 0.277 0.317 0.482 
 191   (0.319) 0.306 0.609 0.273 0.311 
 195   (0.186) 0.170 0.103 0.407 0.199 
 193   (0.024) 0.019 0.011 0.003 0.008 

Locus 10 : 10 
6 alleles
0.0% missing data
 250   (0.052) 0.051 0.004 0.160 0.026 
 254   (0.057) 0.052 0.013 0.024 0.038 
 252   (0.109) 0.096 0.178 0.071 0.093 
 238   (0.551) 0.553 0.447 0.671 0.649 
 232   (0.206) 0.221 0.355 0.071 0.177 
 248   (0.025) 0.028 0.003 0.002 0.017 

Locus 11 : 11 
4 alleles
0.0% missing data
  87   (0.722) 0.757 0.657 0.506 0.755 
  89   (0.184) 0.168 0.268 0.106 0.201 
  91   (0.067) 0.052 0.074 0.330 0.038 
  85   (0.026) 0.022 0.002 0.058 0.006 

Locus 12 : 12 
11 alleles
0.0% missing data
 160   (0.263) 0.260 0.226 0.494 0.282 
 158   (0.207) 0.217 0.409 0.060 0.205 
 162   (0.192) 0.211 0.162 0.018 0.267 
 170   (0.074) 0.078 0.016 0.130 0.056 
 161   (0.108) 0.105 0.057 0.216 0.080 
 154   (0.034) 0.036 0.003 0.016 0.013 
 143   (0.030) 0.025 0.002 0.058 0.014 
 149   (0.028) 0.023 0.003 0.003 0.033 
 147   (0.034) 0.023 0.121 0.003 0.030 
 159   (0.015) 0.010 0.001 0.001 0.013 
 134   (0.015) 0.012 0.002 0.001 0.008 

Locus 13 : 13 
4 alleles
0.0% missing data
 113   (0.332) 0.345 0.347 0.287 0.296 
 115   (0.481) 0.478 0.485 0.479 0.547 
 108   (0.171) 0.164 0.167 0.232 0.152 
 110   (0.016) 0.014 0.001 0.002 0.005 

Locus 14 : 14 
7 alleles
0.0% missing data
 225   (0.151) 0.153 0.084 0.076 0.130 
 229   (0.461) 0.493 0.577 0.364 0.425 
 227   (0.105) 0.085 0.153 0.010 0.257 
 231   (0.194) 0.191 0.113 0.427 0.151 
 213   (0.016) 0.015 0.001 0.002 0.005 
 233   (0.057) 0.051 0.072 0.121 0.019 
 203   (0.016) 0.011 0.001 0.001 0.012 

Locus 15 : 15 
4 alleles
0.7% missing data
 143   (0.898) 0.917 0.987 0.806 0.931 
 145   (0.057) 0.047 0.009 0.113 0.048 
 147   (0.029) 0.020 0.002 0.080 0.017 
 157   (0.016) 0.016 0.001 0.001 0.004 

Locus 16 : 16 
5 alleles
0.0% missing data
 158   (0.496) 0.511 0.661 0.316 0.518 
 156   (0.251) 0.233 0.188 0.248 0.307 
 154   (0.089) 0.091 0.047 0.336 0.033 
 160   (0.148) 0.154 0.102 0.099 0.132 
 152   (0.016) 0.012 0.003 0.001 0.010 

Locus 17 : 17 
5 alleles
0.0% missing data
  90   (0.644) 0.659 0.778 0.446 0.677 
 100   (0.115) 0.116 0.012 0.159 0.125 
 102   (0.157) 0.151 0.195 0.100 0.142 
 104   (0.016) 0.016 0.001 0.001 0.004 
  88   (0.068) 0.058 0.013 0.293 0.052 

Locus 18 : 18 
7 alleles
0.0% missing data
 127   (0.275) 0.288 0.169 0.399 0.244 
 140   (0.268) 0.261 0.116 0.241 0.362 
 142   (0.147) 0.164 0.487 0.025 0.087 
 148   (0.098) 0.085 0.095 0.068 0.101 
 146   (0.090) 0.090 0.113 0.009 0.076 
 138   (0.058) 0.059 0.015 0.005 0.064 
 150   (0.064) 0.053 0.006 0.252 0.065 

Locus 19 : 19 
6 alleles
0.0% missing data
 190   (0.103) 0.081 0.323 0.038 0.125 
 194   (0.564) 0.585 0.524 0.592 0.551 
 202   (0.052) 0.053 0.005 0.062 0.023 
 188   (0.149) 0.159 0.137 0.014 0.143 
 200   (0.116) 0.107 0.010 0.292 0.152 
 198   (0.016) 0.014 0.001 0.002 0.005 

Locus 20 : 20 
6 alleles
0.0% missing data
 252   (0.601) 0.621 0.773 0.126 0.748 
 246   (0.119) 0.117 0.015 0.159 0.128 
 248   (0.022) 0.024 0.002 0.002 0.009 
 244   (0.049) 0.038 0.063 0.076 0.020 
 250   (0.117) 0.114 0.118 0.355 0.047 
 254   (0.091) 0.085 0.030 0.283 0.049 

Locus 21 : 21 
7 alleles
0.0% missing data
 167   (0.240) 0.227 0.265 0.099 0.364 
 173   (0.293) 0.297 0.311 0.268 0.301 
 163   (0.059) 0.068 0.005 0.116 0.020 
 177   (0.214) 0.242 0.355 0.078 0.132 
 175   (0.113) 0.095 0.056 0.231 0.129 
 165   (0.066) 0.061 0.007 0.178 0.050 
 159   (0.017) 0.011 0.001 0.029 0.004 

Locus 22 : 22 
11 alleles
0.0% missing data
 152   (0.411) 0.451 0.530 0.130 0.444 
 158   (0.106) 0.100 0.012 0.406 0.117 
 146   (0.159) 0.156 0.276 0.015 0.242 
 150   (0.060) 0.054 0.024 0.150 0.032 
 156   (0.030) 0.023 0.003 0.032 0.017 
 162   (0.039) 0.032 0.003 0.183 0.023 
 166   (0.063) 0.058 0.053 0.006 0.060 
 164   (0.051) 0.056 0.009 0.017 0.028 
 148   (0.034) 0.037 0.003 0.018 0.009 
 142   (0.029) 0.020 0.002 0.044 0.023 
 154   (0.018) 0.012 0.085 0.001 0.004 

Locus 23 : 23 
6 alleles
0.7% missing data
 144   (0.178) 0.167 0.132 0.292 0.198 
 156   (0.172) 0.179 0.072 0.308 0.124 
 154   (0.484) 0.510 0.571 0.212 0.570 
 160   (0.109) 0.098 0.166 0.091 0.090 
 152   (0.021) 0.015 0.049 0.002 0.006 
 158   (0.037) 0.031 0.010 0.095 0.011 

Locus 24 : 24 
4 alleles
0.7% missing data
  81   (0.373) 0.383 0.242 0.312 0.406 
  83   (0.480) 0.480 0.455 0.588 0.478 
  77   (0.097) 0.096 0.267 0.008 0.094 
  85   (0.050) 0.041 0.036 0.092 0.021 

Locus 25 : 25 
6 alleles
0.7% missing data
 124   (0.532) 0.537 0.306 0.612 0.612 
 132   (0.235) 0.248 0.620 0.021 0.236 
 122   (0.131) 0.135 0.024 0.329 0.081 
 126   (0.062) 0.049 0.047 0.021 0.050 
 120   (0.024) 0.018 0.003 0.015 0.011 
 136   (0.017) 0.012 0.001 0.001 0.010 

Locus 26 : 26 
6 alleles
0.0% missing data
 165   (0.249) 0.248 0.160 0.114 0.302 
 183   (0.347) 0.363 0.458 0.372 0.270 
 179   (0.100) 0.077 0.080 0.226 0.122 
 175   (0.217) 0.243 0.294 0.020 0.224 
 181   (0.062) 0.050 0.005 0.180 0.073 
 185   (0.026) 0.019 0.002 0.087 0.010 

Locus 27 : 27 
4 alleles
0.0% missing data
 142   (0.490) 0.465 0.641 0.423 0.597 
 150   (0.154) 0.162 0.015 0.205 0.163 
 148   (0.262) 0.296 0.141 0.292 0.163 
 138   (0.094) 0.076 0.203 0.079 0.078 

Locus 28 : 28 
5 alleles
0.0% missing data
 260   (0.465) 0.504 0.270 0.298 0.480 
 262   (0.421) 0.391 0.687 0.532 0.463 
 258   (0.028) 0.027 0.002 0.003 0.018 
 256   (0.069) 0.064 0.040 0.166 0.031 
 264   (0.016) 0.014 0.001 0.001 0.008 

Locus 29 : 29 
5 alleles
0.0% missing data
 140   (0.140) 0.115 0.070 0.452 0.175 
 150   (0.467) 0.457 0.706 0.210 0.579 
 148   (0.087) 0.085 0.079 0.025 0.054 
 146   (0.271) 0.305 0.139 0.310 0.178 
 152   (0.035) 0.038 0.007 0.003 0.014 

Locus 30 : 30 
6 alleles
0.0% missing data
 125   (0.281) 0.304 0.281 0.127 0.236 
 129   (0.474) 0.473 0.584 0.248 0.574 
 123   (0.106) 0.090 0.122 0.068 0.116 
 127   (0.073) 0.071 0.007 0.363 0.040 
 121   (0.022) 0.025 0.002 0.002 0.005 
 131   (0.043) 0.036 0.004 0.191 0.029 

Locus 31 : 31 
5 alleles
0.0% missing data
 155   (0.583) 0.632 0.653 0.610 0.493 
 159   (0.125) 0.102 0.090 0.100 0.201 
 157   (0.182) 0.181 0.165 0.090 0.212 
 153   (0.072) 0.053 0.082 0.171 0.076 
 151   (0.038) 0.031 0.010 0.030 0.018 

Locus 32 : 32 
4 alleles
0.0% missing data
  92   (0.275) 0.274 0.288 0.474 0.216 
  94   (0.078) 0.069 0.074 0.049 0.056 
  95   (0.210) 0.223 0.127 0.316 0.148 
  91   (0.437) 0.434 0.511 0.161 0.579 

Locus 33 : 33 
4 alleles
0.0% missing data
 146   (0.323) 0.331 0.110 0.527 0.319 
 148   (0.084) 0.067 0.095 0.121 0.074 
 150   (0.537) 0.553 0.791 0.302 0.544 
 154   (0.057) 0.050 0.004 0.051 0.063 

Locus 34 : 34 
7 alleles
0.0% missing data
 180   (0.390) 0.386 0.525 0.327 0.420 
 192   (0.144) 0.146 0.014 0.161 0.206 
 184   (0.212) 0.220 0.224 0.127 0.174 
 196   (0.151) 0.162 0.169 0.015 0.162 
 198   (0.055) 0.044 0.022 0.324 0.027 
 190   (0.031) 0.031 0.002 0.045 0.007 
 194   (0.018) 0.012 0.043 0.001 0.004 

Locus 35 : 35 
6 alleles
0.0% missing data
 106   (0.259) 0.247 0.191 0.131 0.336 
 112   (0.293) 0.284 0.494 0.079 0.347 
  94   (0.032) 0.043 0.002 0.003 0.008 
 110   (0.227) 0.238 0.287 0.169 0.161 
 108   (0.150) 0.152 0.023 0.614 0.113 
  90   (0.038) 0.035 0.003 0.005 0.033 

Locus 36 : 36 
8 alleles
0.0% missing data
 168   (0.091) 0.079 0.007 0.331 0.129 
 178   (0.043) 0.037 0.010 0.004 0.064 
 170   (0.282) 0.298 0.160 0.329 0.229 
 174   (0.113) 0.109 0.034 0.051 0.163 
 172   (0.279) 0.272 0.472 0.169 0.297 
 176   (0.119) 0.152 0.105 0.010 0.067 
 166   (0.048) 0.037 0.209 0.004 0.038 
 186   (0.025) 0.016 0.002 0.101 0.012 

Locus 37 : 37 
6 alleles
0.0% missing data
  85   (0.197) 0.200 0.180 0.047 0.228 
  95   (0.074) 0.072 0.089 0.018 0.045 
  89   (0.524) 0.513 0.714 0.532 0.577 
  83   (0.134) 0.144 0.012 0.365 0.105 
  81   (0.048) 0.053 0.004 0.004 0.040 
  91   (0.022) 0.018 0.002 0.034 0.005 

Locus 38 : 38 
7 alleles
0.0% missing data
 161   (0.352) 0.356 0.479 0.550 0.320 
 165   (0.223) 0.238 0.176 0.177 0.191 
 167   (0.037) 0.028 0.013 0.004 0.058 
 169   (0.091) 0.096 0.135 0.008 0.092 
 173   (0.263) 0.259 0.186 0.259 0.312 
 175   (0.018) 0.012 0.001 0.001 0.023 
 159   (0.016) 0.011 0.011 0.001 0.004 

Locus 39 : 39 
5 alleles
0.0% missing data
  85   (0.216) 0.217 0.127 0.085 0.240 
  87   (0.140) 0.128 0.145 0.389 0.094 
  91   (0.159) 0.164 0.036 0.267 0.133 
  81   (0.072) 0.072 0.028 0.007 0.076 
  89   (0.412) 0.419 0.664 0.253 0.457 

Locus 40 : 40 
3 alleles
0.0% missing data
 167   (0.742) 0.744 0.921 0.476 0.816 
 161   (0.198) 0.194 0.065 0.490 0.164 
 165   (0.060) 0.063 0.014 0.034 0.020 

Locus 41 : 41 
6 alleles
0.0% missing data
 224   (0.041) 0.029 0.055 0.016 0.025 
 228   (0.393) 0.391 0.570 0.384 0.379 
 238   (0.342) 0.358 0.251 0.103 0.428 
 240   (0.134) 0.134 0.013 0.408 0.143 
 236   (0.073) 0.071 0.110 0.088 0.022 
 242   (0.016) 0.016 0.001 0.001 0.004 

Locus 42 : 42 
7 alleles
0.7% missing data
 130   (0.555) 0.597 0.477 0.580 0.507 
 118   (0.054) 0.044 0.007 0.099 0.050 
 128   (0.067) 0.056 0.137 0.006 0.082 
 132   (0.081) 0.083 0.260 0.007 0.050 
 114   (0.099) 0.094 0.085 0.009 0.118 
 134   (0.126) 0.113 0.016 0.297 0.188 
 122   (0.018) 0.013 0.019 0.001 0.005 

Locus 43 : 43 
5 alleles
0.0% missing data
 104   (0.388) 0.402 0.171 0.109 0.491 
  98   (0.162) 0.156 0.212 0.249 0.097 
 102   (0.199) 0.195 0.436 0.017 0.284 
  92   (0.176) 0.185 0.115 0.441 0.086 
  96   (0.076) 0.062 0.068 0.183 0.042 

Locus 44 : 44 
5 alleles
0.0% missing data
  95   (0.220) 0.201 0.347 0.390 0.218 
 101   (0.348) 0.338 0.398 0.225 0.429 
 103   (0.286) 0.311 0.238 0.100 0.272 
  99   (0.109) 0.121 0.015 0.241 0.057 
  97   (0.037) 0.030 0.003 0.044 0.025 

Locus 45 : 45 
7 alleles
0.0% missing data
 181   (0.540) 0.577 0.733 0.272 0.560 
 191   (0.275) 0.264 0.182 0.594 0.303 
 179   (0.038) 0.027 0.003 0.077 0.049 
 177   (0.074) 0.068 0.077 0.036 0.049 
 189   (0.023) 0.022 0.002 0.002 0.011 
 183   (0.021) 0.016 0.002 0.002 0.018 
 193   (0.029) 0.026 0.002 0.018 0.010 

Locus 46 : 46 
6 alleles
0.0% missing data
 211   (0.196) 0.182 0.175 0.388 0.218 
 215   (0.075) 0.067 0.082 0.032 0.055 
 205   (0.441) 0.457 0.490 0.352 0.517 
 207   (0.211) 0.239 0.175 0.131 0.161 
 201   (0.051) 0.038 0.077 0.067 0.034 
 202   (0.024) 0.016 0.002 0.029 0.014 

Locus 47 : 47 
10 alleles
0.0% missing data
 142   (0.260) 0.257 0.201 0.132 0.397 
 162   (0.060) 0.054 0.005 0.053 0.063 
 164   (0.036) 0.030 0.003 0.114 0.020 
 168   (0.166) 0.172 0.256 0.304 0.113 
 158   (0.174) 0.198 0.085 0.179 0.139 
 170   (0.045) 0.043 0.014 0.100 0.011 
 166   (0.152) 0.158 0.283 0.034 0.162 
 156   (0.041) 0.034 0.005 0.067 0.034 
 144   (0.051) 0.042 0.146 0.004 0.056 
 160   (0.015) 0.010 0.001 0.013 0.004 

Locus 48 : 48 
6 alleles
0.0% missing data
 149   (0.336) 0.334 0.120 0.749 0.368 
 151   (0.232) 0.242 0.234 0.093 0.200 
 145   (0.211) 0.205 0.247 0.124 0.219 
 153   (0.175) 0.174 0.395 0.016 0.200 
 147   (0.016) 0.015 0.002 0.002 0.004 
 143   (0.030) 0.030 0.002 0.015 0.009 

Values of parameters used in structure:
DATAFILE=admix1.str,	OUTFILE=k4/admix1_k4_run2,	NUMINDS=150,	NUMLOCI=48,	MISSING=-9,	LABEL=1,	POPDATA=1,	POPFLAG=0,	PHENOTYPE=0,	EXTRACOLS=0,	MAXPOPS=4,	BURNIN=500000,	NUMREPS=750000,	USEPOPINFO=0,	INFERALPHA=1,	INFERLAMBDA=0,	POPSPECIFICLAMBDA=0,	POPALPHAS=0,	COMPUTEPROB=1,	NOADMIX=0,	ADMBURNIN=500,	UPDATEFREQ=100,	PRINTLIKES=0,	INTERMEDSAVE=0,	PRINTKLD=0,	PRINTNET=1,	PRINTLAMBDA=1,	ANCESTDIST=0,	NUMBOXES=1000,	ANCESTPINT=0.90000,	GENSBACK=2,	MIGRPRIOR=0.01000,	PRINTQHAT=0,	PRINTQSUM=1,	ALPHA=1.0000,	FREQSCORR=1,	FPRIORMEAN=0.0100,	FPRIORSD=0.0500,	ONEFST=0,	LAMBDA=1.0000,	UNIFPRIORALPHA=1,	ALPHAMAX=10.0000,	ALPHAPRIORA=1.0000,	ALPHAPRIORB=2.0000,	ALPHAPROPSD=0.0250,	STARTATPOPINFO=0,	RANDOMIZE=0,	LINKAGE=0,	METROFREQ=10,	REPORTHITRATE=0,	MARKOVPHASE=0,	PHASED=1,	PLOIDY=2,	PHASEINFO=0	LOCPRIOR=0, 	LOCPRIORINIT=1.000000, 	LOCDATA=0, 	LOCISPOP=1, 	LOCPRIORSTEP=0.100000, 	MAXLOCPRIOR=20.000000, 	SEED=437303,	
[STRAT parameters]:    NUMSIMSTATS=1000,	PHENOTYPECOL=-9,	POOLFREQ=10,	LOCUSxONLY=0,	EMERROR=0.00100,	MISSINGPHENO=-9,	