

----------------------------------------------------
STRUCTURE by Pritchard, Stephens and Donnelly (2000)
     and Falush, Stephens and Pritchard (2003)
       Code by Pritchard, Falush and Hubisz
             Version 2.3.4 (Jul 2012)
----------------------------------------------------



Command line arguments:   structure -D 592525 -K 13 -m mainparams -o k13/temp3_k13_run10 
Input File:    temp3.str

Run parameters:
   396 individuals
   49 loci
   13 populations assumed
   500000 Burn-in period
   750000 Reps
RANDOMIZE turned off


--------------------------------------------
Proportion of membership of each pre-defined
 population in each of the 13 clusters

Given    Inferred Clusters                                                                             Number of
 Pop       1      2      3      4      5      6      7      8      9     10     11     12     13      Individuals

  1:     0.007  0.011  0.012  0.003  0.013  0.005  0.887  0.009  0.007  0.011  0.010  0.012  0.011       20
  2:     0.006  0.007  0.007  0.003  0.006  0.004  0.248  0.005  0.006  0.010  0.012  0.006  0.682       31
  3:     0.021  0.008  0.006  0.004  0.009  0.004  0.885  0.004  0.011  0.006  0.009  0.009  0.025       20
  4:     0.032  0.036  0.022  0.097  0.047  0.012  0.440  0.007  0.021  0.060  0.013  0.047  0.166        8
  5:     0.004  0.005  0.004  0.003  0.005  0.003  0.005  0.952  0.004  0.005  0.003  0.004  0.004       29
  6:     0.003  0.004  0.003  0.032  0.004  0.932  0.003  0.003  0.003  0.002  0.004  0.004  0.002        8
  7:     0.096  0.282  0.034  0.012  0.226  0.007  0.011  0.023  0.021  0.023  0.010  0.241  0.014       21
  8:     0.053  0.264  0.028  0.022  0.272  0.013  0.022  0.027  0.031  0.013  0.008  0.236  0.012       34
  9:     0.221  0.047  0.251  0.006  0.051  0.006  0.021  0.008  0.221  0.092  0.008  0.050  0.018       32
 10:     0.144  0.038  0.234  0.003  0.041  0.004  0.019  0.014  0.296  0.135  0.007  0.043  0.023       25
 11:     0.182  0.174  0.045  0.013  0.170  0.007  0.010  0.011  0.128  0.067  0.012  0.168  0.012       30
 12:     0.004  0.005  0.003  0.950  0.005  0.007  0.003  0.004  0.004  0.005  0.003  0.005  0.004       35
 13:     0.018  0.021  0.014  0.003  0.021  0.004  0.676  0.006  0.008  0.019  0.012  0.020  0.179       19
 14:     0.010  0.007  0.023  0.002  0.008  0.004  0.425  0.004  0.013  0.010  0.350  0.007  0.135       17
 15:     0.010  0.325  0.007  0.009  0.189  0.002  0.012  0.005  0.008  0.009  0.018  0.395  0.009        4
 16:     0.010  0.010  0.009  0.003  0.010  0.004  0.864  0.007  0.008  0.008  0.008  0.010  0.049       63
--------------------------------------------

Allele-freq. divergence among pops (Net nucleotide distance),
computed using point estimates of P.

      1       2       3       4       5       6       7       8       9      10      11      12      13      
 1      -    0.0157  0.0254  0.1079  0.0150  0.1242  0.0447  0.0730  0.0267  0.0311  0.1302  0.0156  0.0559  
 2   0.0157     -    0.0229  0.0797  0.0002  0.0979  0.0289  0.0539  0.0242  0.0245  0.1061  0.0002  0.0346  
 3   0.0254  0.0229     -    0.1200  0.0217  0.1275  0.0498  0.0762  0.0283  0.0381  0.1332  0.0229  0.0552  
 4   0.1079  0.0797  0.1200     -    0.0782  0.1136  0.1399  0.1185  0.1292  0.1053  0.2169  0.0807  0.1340  
 5   0.0150  0.0002  0.0217  0.0782     -    0.0963  0.0282  0.0528  0.0232  0.0235  0.1042  0.0003  0.0339  
 6   0.1242  0.0979  0.1275  0.1136  0.0963     -    0.1407  0.1343  0.1293  0.1340  0.2079  0.0991  0.1367  
 7   0.0447  0.0289  0.0498  0.1399  0.0282  0.1407     -    0.0778  0.0462  0.0522  0.1073  0.0287  0.0284  
 8   0.0730  0.0539  0.0762  0.1185  0.0528  0.1343  0.0778     -    0.0791  0.0842  0.1631  0.0541  0.0904  
 9   0.0267  0.0242  0.0283  0.1292  0.0232  0.1293  0.0462  0.0791     -    0.0465  0.1295  0.0239  0.0588  
10   0.0311  0.0245  0.0381  0.1053  0.0235  0.1340  0.0522  0.0842  0.0465     -    0.1328  0.0242  0.0555  
11   0.1302  0.1061  0.1332  0.2169  0.1042  0.2079  0.1073  0.1631  0.1295  0.1328     -    0.1037  0.1196  
12   0.0156  0.0002  0.0229  0.0807  0.0003  0.0991  0.0287  0.0541  0.0239  0.0242  0.1037     -    0.0349  
13   0.0559  0.0346  0.0552  0.1340  0.0339  0.1367  0.0284  0.0904  0.0588  0.0555  0.1196  0.0349     -    

Average distances (expected heterozygosity) between individuals in same cluster:
cluster  1  : 0.5900 
cluster  2  : 0.6448 
cluster  3  : 0.5785 
cluster  4  : 0.6369 
cluster  5  : 0.6496 
cluster  6  : 0.5300 
cluster  7  : 0.5435 
cluster  8  : 0.5507 
cluster  9  : 0.5531 
cluster 10  : 0.5863 
cluster 11  : 0.4254 
cluster 12  : 0.6441 
cluster 13  : 0.5504 

--------------------------------------------
Estimated Ln Prob of Data   = -43960.9
Mean value of ln likelihood = -42363.9
Variance of ln likelihood   = 3193.8
Mean value of alpha         = 0.0328

Mean value of Fst_1         = 0.0918
Mean value of Fst_2         = 0.0192
Mean value of Fst_3         = 0.1199
Mean value of Fst_4         = 0.1825
Mean value of Fst_5         = 0.0114
Mean value of Fst_6         = 0.3101
Mean value of Fst_7         = 0.1305
Mean value of Fst_8         = 0.2101
Mean value of Fst_9         = 0.1316
Mean value of Fst_10         = 0.1431
Mean value of Fst_11         = 0.4202
Mean value of Fst_12         = 0.0227
Mean value of Fst_13         = 0.1593


Inferred ancestry of individuals:
        Label (%Miss) Pop:  Inferred clusters
  1       34    (0)    1 :  0.005 0.007 0.007 0.007 0.008 0.002 0.906 0.002 0.004 0.020 0.013 0.007 0.012 
  2       38    (0)    1 :  0.007 0.026 0.014 0.006 0.031 0.004 0.758 0.043 0.033 0.016 0.018 0.030 0.013 
  3       41    (0)    1 :  0.003 0.003 0.004 0.001 0.003 0.001 0.967 0.002 0.003 0.003 0.003 0.003 0.004 
  4       44    (0)    1 :  0.004 0.005 0.004 0.001 0.006 0.001 0.953 0.003 0.004 0.005 0.004 0.005 0.006 
  5       45    (0)    1 :  0.005 0.003 0.004 0.001 0.003 0.002 0.937 0.002 0.004 0.002 0.020 0.003 0.014 
  6       47    (0)    1 :  0.023 0.073 0.070 0.002 0.092 0.011 0.578 0.029 0.005 0.032 0.003 0.076 0.008 
  7       50    (0)    1 :  0.004 0.026 0.013 0.006 0.028 0.009 0.811 0.004 0.002 0.015 0.008 0.033 0.042 
  8      384    (0)    1 :  0.006 0.006 0.019 0.002 0.006 0.004 0.887 0.003 0.014 0.023 0.004 0.006 0.020 
  9      385    (2)    1 :  0.005 0.013 0.009 0.005 0.014 0.008 0.888 0.010 0.006 0.007 0.006 0.015 0.014 
 10      386    (0)    1 :  0.002 0.002 0.003 0.001 0.002 0.001 0.967 0.002 0.002 0.003 0.003 0.003 0.007 
 11      387    (0)    1 :  0.006 0.006 0.009 0.001 0.006 0.002 0.927 0.007 0.003 0.004 0.011 0.007 0.011 
 12      388    (0)    1 :  0.004 0.003 0.006 0.001 0.003 0.001 0.908 0.006 0.003 0.003 0.055 0.003 0.005 
 13      389    (0)    1 :  0.009 0.003 0.005 0.001 0.003 0.002 0.953 0.004 0.005 0.003 0.006 0.003 0.003 
 14      390    (4)    1 :  0.011 0.012 0.028 0.004 0.012 0.026 0.850 0.019 0.009 0.003 0.003 0.012 0.011 
 15      391    (0)    1 :  0.008 0.006 0.019 0.001 0.006 0.003 0.895 0.007 0.024 0.010 0.009 0.006 0.006 
 16      392    (0)    1 :  0.009 0.004 0.012 0.001 0.004 0.002 0.943 0.002 0.004 0.007 0.002 0.004 0.008 
 17      393    (2)    1 :  0.004 0.003 0.006 0.001 0.003 0.002 0.948 0.013 0.003 0.004 0.003 0.003 0.005 
 18      394    (0)    1 :  0.003 0.003 0.003 0.001 0.003 0.002 0.962 0.002 0.002 0.003 0.011 0.002 0.004 
 19      395    (0)    1 :  0.006 0.017 0.006 0.007 0.016 0.010 0.873 0.010 0.010 0.016 0.006 0.015 0.008 
 20      396    (0)    1 :  0.008 0.006 0.006 0.003 0.007 0.017 0.830 0.017 0.005 0.054 0.021 0.006 0.021 
 21      328    (0)   10 :  0.011 0.149 0.068 0.003 0.130 0.012 0.075 0.013 0.073 0.009 0.004 0.099 0.356 
 22      333    (0)   10 :  0.157 0.019 0.056 0.003 0.019 0.001 0.005 0.005 0.690 0.018 0.002 0.019 0.006 
 23      918    (0)   10 :  0.022 0.013 0.015 0.003 0.015 0.006 0.006 0.145 0.727 0.007 0.025 0.014 0.003 
 24      919    (0)   10 :  0.066 0.013 0.026 0.002 0.014 0.002 0.010 0.005 0.817 0.006 0.015 0.017 0.007 
 25      920    (0)   10 :  0.006 0.005 0.908 0.001 0.006 0.002 0.004 0.002 0.049 0.004 0.004 0.005 0.005 
 26      921    (0)   10 :  0.005 0.005 0.004 0.002 0.004 0.001 0.006 0.003 0.004 0.953 0.002 0.005 0.006 
 27      922    (0)   10 :  0.382 0.010 0.482 0.002 0.011 0.001 0.027 0.004 0.029 0.008 0.008 0.009 0.026 
 28      926    (0)   10 :  0.030 0.005 0.843 0.001 0.006 0.002 0.003 0.002 0.086 0.011 0.004 0.005 0.003 
 29      927    (0)   10 :  0.744 0.006 0.054 0.004 0.007 0.001 0.008 0.003 0.147 0.010 0.006 0.006 0.003 
 30      928    (0)   10 :  0.739 0.024 0.024 0.003 0.027 0.002 0.043 0.004 0.064 0.010 0.022 0.029 0.009 
 31      929    (0)   10 :  0.174 0.068 0.145 0.004 0.076 0.009 0.055 0.002 0.239 0.064 0.021 0.109 0.034 
 32      930    (0)   10 :  0.121 0.132 0.271 0.002 0.140 0.010 0.014 0.004 0.095 0.086 0.004 0.102 0.018 
 33      932    (0)   10 :  0.008 0.005 0.009 0.003 0.005 0.002 0.004 0.005 0.010 0.935 0.001 0.005 0.007 
 34      933    (0)   10 :  0.007 0.011 0.755 0.002 0.014 0.004 0.011 0.095 0.070 0.010 0.002 0.015 0.004 
 35      949    (0)   10 :  0.004 0.003 0.003 0.002 0.003 0.002 0.003 0.002 0.003 0.968 0.002 0.003 0.003 
 36      950    (0)   10 :  0.190 0.092 0.245 0.003 0.076 0.003 0.005 0.015 0.098 0.166 0.004 0.098 0.004 
 37      964    (4)   10 :  0.418 0.035 0.062 0.008 0.043 0.015 0.014 0.002 0.328 0.020 0.006 0.041 0.007 
 38      986    (0)   10 :  0.042 0.045 0.186 0.005 0.052 0.002 0.018 0.005 0.525 0.036 0.008 0.064 0.014 
 39      987    (0)   10 :  0.310 0.114 0.031 0.004 0.173 0.002 0.048 0.014 0.108 0.011 0.007 0.159 0.018 
 40     1001    (4)   10 :  0.011 0.005 0.007 0.002 0.005 0.002 0.008 0.002 0.940 0.005 0.003 0.005 0.005 
 41     1002    (4)   10 :  0.004 0.004 0.004 0.003 0.004 0.003 0.006 0.004 0.952 0.002 0.008 0.004 0.003 
 42     1003    (2)   10 :  0.032 0.150 0.043 0.002 0.175 0.007 0.044 0.003 0.267 0.024 0.012 0.231 0.011 
 43     1004    (0)   10 :  0.010 0.006 0.944 0.004 0.006 0.004 0.003 0.004 0.008 0.003 0.001 0.006 0.003 
 44     1005    (0)   10 :  0.086 0.019 0.647 0.001 0.018 0.003 0.043 0.013 0.132 0.010 0.006 0.019 0.004 
 45     1010    (0)   10 :  0.013 0.003 0.011 0.001 0.003 0.001 0.006 0.006 0.940 0.003 0.004 0.003 0.006 
 46      341    (0)   11 :  0.007 0.257 0.007 0.033 0.355 0.003 0.004 0.013 0.003 0.051 0.026 0.236 0.004 
 47      343    (0)   11 :  0.027 0.222 0.004 0.018 0.383 0.004 0.009 0.012 0.063 0.006 0.011 0.240 0.002 
 48      914    (0)   11 :  0.005 0.004 0.008 0.001 0.004 0.002 0.007 0.004 0.862 0.004 0.090 0.005 0.004 
 49      916    (0)   11 :  0.009 0.297 0.020 0.016 0.266 0.003 0.022 0.003 0.005 0.005 0.007 0.246 0.101 
 50      924    (0)   11 :  0.292 0.110 0.037 0.007 0.109 0.002 0.004 0.015 0.239 0.006 0.003 0.170 0.006 
 51      938    (0)   11 :  0.014 0.007 0.008 0.003 0.007 0.004 0.010 0.002 0.031 0.887 0.012 0.008 0.009 
 52      939    (0)   11 :  0.917 0.003 0.005 0.001 0.003 0.001 0.005 0.005 0.004 0.048 0.002 0.003 0.003 
 53      940    (0)   11 :  0.069 0.080 0.029 0.023 0.056 0.004 0.003 0.003 0.589 0.080 0.002 0.056 0.005 
 54      941    (2)   11 :  0.684 0.006 0.011 0.014 0.006 0.006 0.003 0.012 0.004 0.241 0.002 0.006 0.005 
 55      942    (0)   11 :  0.016 0.254 0.012 0.010 0.291 0.004 0.006 0.014 0.018 0.008 0.003 0.356 0.007 
 56      943    (0)   11 :  0.013 0.278 0.203 0.002 0.215 0.002 0.013 0.002 0.029 0.004 0.003 0.197 0.039 
 57      944    (0)   11 :  0.876 0.015 0.005 0.001 0.012 0.003 0.011 0.003 0.029 0.004 0.019 0.012 0.010 
 58      945    (0)   11 :  0.009 0.006 0.010 0.002 0.005 0.002 0.003 0.002 0.932 0.020 0.001 0.005 0.004 
 59      946    (0)   11 :  0.195 0.171 0.006 0.010 0.198 0.068 0.007 0.003 0.073 0.008 0.004 0.247 0.009 
 60      947    (0)   11 :  0.013 0.369 0.076 0.004 0.205 0.002 0.004 0.040 0.015 0.005 0.047 0.215 0.004 
 61      951    (0)   11 :  0.011 0.319 0.017 0.029 0.315 0.004 0.003 0.011 0.011 0.013 0.005 0.255 0.006 
 62      952    (0)   11 :  0.050 0.235 0.023 0.002 0.328 0.014 0.006 0.072 0.047 0.012 0.007 0.199 0.004 
 63      953    (0)   11 :  0.571 0.018 0.019 0.006 0.026 0.003 0.020 0.014 0.007 0.247 0.004 0.025 0.039 
 64      954    (0)   11 :  0.612 0.082 0.006 0.011 0.069 0.009 0.008 0.007 0.072 0.009 0.005 0.108 0.003 
 65      955    (0)   11 :  0.015 0.301 0.012 0.026 0.196 0.016 0.004 0.014 0.097 0.018 0.011 0.286 0.004 
 66      961    (6)   11 :  0.013 0.408 0.007 0.004 0.184 0.003 0.017 0.004 0.015 0.023 0.004 0.303 0.014 
 67      974    (0)   11 :  0.582 0.102 0.008 0.002 0.088 0.015 0.005 0.022 0.011 0.023 0.008 0.131 0.003 
 68      975    (4)   11 :  0.063 0.242 0.022 0.006 0.315 0.002 0.017 0.003 0.018 0.011 0.007 0.277 0.017 
 69      980    (0)   11 :  0.033 0.260 0.203 0.005 0.207 0.002 0.007 0.016 0.044 0.018 0.006 0.190 0.009 
 70      981    (0)   11 :  0.013 0.179 0.027 0.029 0.296 0.003 0.009 0.004 0.005 0.191 0.016 0.223 0.006 
 71      982    (0)   11 :  0.131 0.078 0.528 0.002 0.081 0.002 0.028 0.002 0.029 0.003 0.025 0.080 0.011 
 72      984    (0)   11 :  0.150 0.187 0.004 0.014 0.323 0.011 0.039 0.004 0.014 0.036 0.004 0.202 0.013 
 73      985    (0)   11 :  0.021 0.389 0.017 0.006 0.270 0.004 0.008 0.009 0.008 0.009 0.002 0.251 0.004 
 74     2578    (6)   11 :  0.026 0.054 0.010 0.106 0.090 0.006 0.012 0.002 0.535 0.011 0.018 0.122 0.007 
 75     2580    (2)   11 :  0.012 0.296 0.003 0.004 0.212 0.007 0.019 0.003 0.017 0.014 0.012 0.383 0.019 
 76     2470    (4)   12 :  0.007 0.003 0.005 0.964 0.004 0.002 0.002 0.002 0.003 0.003 0.001 0.004 0.002 
 77     2471    (0)   12 :  0.006 0.004 0.002 0.955 0.004 0.006 0.003 0.003 0.002 0.007 0.003 0.004 0.002 
 78     2472    (0)   12 :  0.004 0.003 0.003 0.951 0.004 0.012 0.002 0.003 0.006 0.003 0.004 0.003 0.002 
 79     2484    (0)   12 :  0.003 0.005 0.004 0.931 0.007 0.007 0.002 0.026 0.003 0.004 0.002 0.005 0.002 
 80     2486    (2)   12 :  0.002 0.002 0.002 0.972 0.002 0.004 0.002 0.003 0.002 0.004 0.001 0.002 0.002 
 81     2487    (2)   12 :  0.005 0.004 0.004 0.951 0.004 0.004 0.003 0.006 0.004 0.005 0.003 0.004 0.003 
 82     2489    (0)   12 :  0.005 0.007 0.003 0.940 0.007 0.002 0.004 0.002 0.006 0.005 0.002 0.009 0.009 
 83     2596    (2)   12 :  0.005 0.009 0.005 0.919 0.012 0.003 0.002 0.017 0.010 0.002 0.004 0.010 0.002 
 84     1366    (0)   12 :  0.002 0.003 0.002 0.970 0.003 0.003 0.003 0.001 0.002 0.002 0.003 0.003 0.003 
 85     1367    (0)   12 :  0.003 0.004 0.002 0.961 0.004 0.002 0.006 0.005 0.002 0.003 0.002 0.004 0.003 
 86     1368    (0)   12 :  0.005 0.019 0.003 0.882 0.022 0.007 0.007 0.013 0.008 0.006 0.005 0.021 0.004 
 87     1369    (0)   12 :  0.004 0.006 0.006 0.909 0.006 0.029 0.003 0.005 0.005 0.004 0.006 0.006 0.012 
 88     1370    (0)   12 :  0.004 0.004 0.003 0.961 0.004 0.006 0.002 0.002 0.003 0.002 0.002 0.005 0.002 
 89     1371    (0)   12 :  0.002 0.003 0.002 0.972 0.003 0.002 0.003 0.003 0.002 0.002 0.002 0.003 0.002 
 90     1372    (0)   12 :  0.003 0.006 0.003 0.949 0.006 0.004 0.005 0.005 0.002 0.007 0.001 0.006 0.004 
 91     1373    (0)   12 :  0.006 0.006 0.002 0.945 0.006 0.013 0.004 0.002 0.003 0.003 0.001 0.005 0.003 
 92     1374    (0)   12 :  0.003 0.003 0.002 0.971 0.003 0.003 0.002 0.004 0.002 0.002 0.001 0.003 0.002 
 93     1375    (0)   12 :  0.001 0.002 0.002 0.975 0.002 0.005 0.001 0.003 0.002 0.002 0.001 0.002 0.001 
 94     2476    (0)   12 :  0.003 0.006 0.003 0.881 0.006 0.069 0.005 0.004 0.002 0.002 0.006 0.006 0.008 
 95     2478    (2)   12 :  0.003 0.004 0.003 0.965 0.004 0.004 0.002 0.002 0.004 0.003 0.002 0.004 0.002 
 96     2479    (4)   12 :  0.003 0.003 0.002 0.971 0.003 0.003 0.002 0.002 0.002 0.003 0.001 0.003 0.003 
 97     2481    (0)   12 :  0.004 0.005 0.006 0.945 0.005 0.003 0.004 0.002 0.004 0.012 0.002 0.005 0.005 
 98     2483    (6)   12 :  0.002 0.003 0.002 0.969 0.003 0.005 0.002 0.003 0.003 0.003 0.002 0.003 0.002 
 99     2485    (0)   12 :  0.002 0.003 0.004 0.973 0.003 0.002 0.001 0.003 0.002 0.003 0.001 0.003 0.002 
100     2488    (0)   12 :  0.001 0.002 0.002 0.972 0.002 0.004 0.001 0.002 0.008 0.002 0.001 0.002 0.001 
101     2490    (0)   12 :  0.002 0.003 0.002 0.970 0.003 0.002 0.002 0.003 0.002 0.003 0.003 0.003 0.002 
102     2492    (2)   12 :  0.002 0.002 0.002 0.967 0.002 0.004 0.002 0.003 0.002 0.002 0.006 0.002 0.003 
103     2493    (0)   12 :  0.012 0.005 0.005 0.915 0.006 0.001 0.006 0.005 0.008 0.014 0.013 0.005 0.005 
104     2494    (2)   12 :  0.005 0.006 0.005 0.941 0.007 0.003 0.005 0.001 0.004 0.006 0.003 0.006 0.006 
105     2495    (0)   12 :  0.015 0.011 0.007 0.856 0.012 0.004 0.007 0.006 0.004 0.031 0.012 0.012 0.023 
106     2496    (0)   12 :  0.003 0.003 0.002 0.975 0.003 0.002 0.002 0.003 0.002 0.002 0.001 0.003 0.001 
107     2497    (2)   12 :  0.002 0.003 0.003 0.963 0.003 0.009 0.002 0.002 0.003 0.003 0.003 0.003 0.003 
108     2592    (2)   12 :  0.001 0.002 0.002 0.967 0.003 0.002 0.005 0.003 0.002 0.003 0.004 0.002 0.005 
109     2593    (4)   12 :  0.003 0.002 0.002 0.968 0.002 0.002 0.002 0.002 0.003 0.005 0.003 0.002 0.002 
110     2595    (2)   12 :  0.002 0.003 0.002 0.970 0.003 0.003 0.002 0.003 0.002 0.005 0.001 0.003 0.002 
111     2498    (4)   13 :  0.006 0.008 0.005 0.006 0.008 0.004 0.912 0.007 0.005 0.014 0.002 0.008 0.016 
112     2513    (2)   13 :  0.005 0.006 0.004 0.002 0.005 0.002 0.915 0.010 0.010 0.005 0.009 0.007 0.020 
113     2514    (2)   13 :  0.027 0.033 0.009 0.008 0.030 0.002 0.771 0.003 0.009 0.020 0.003 0.032 0.054 
114     2597    (6)   13 :  0.013 0.017 0.019 0.002 0.020 0.011 0.804 0.004 0.012 0.042 0.019 0.018 0.019 
115     2499    (4)   13 :  0.038 0.054 0.007 0.002 0.037 0.004 0.669 0.014 0.004 0.008 0.017 0.042 0.103 
116     2500    (0)   13 :  0.003 0.008 0.002 0.010 0.007 0.004 0.920 0.006 0.003 0.009 0.004 0.007 0.016 
117     2506    (2)   13 :  0.004 0.007 0.003 0.004 0.007 0.004 0.811 0.004 0.006 0.007 0.019 0.007 0.117 
118     2509    (6)   13 :  0.008 0.042 0.011 0.003 0.045 0.008 0.672 0.021 0.012 0.092 0.015 0.039 0.031 
119     2511    (2)   13 :  0.008 0.009 0.008 0.003 0.009 0.001 0.332 0.005 0.005 0.003 0.020 0.009 0.587 
120     2512    (2)   13 :  0.004 0.005 0.007 0.002 0.006 0.007 0.833 0.002 0.004 0.003 0.054 0.006 0.066 
121     2515    (2)   13 :  0.016 0.007 0.011 0.001 0.006 0.001 0.322 0.002 0.004 0.003 0.003 0.007 0.617 
122     2516    (2)   13 :  0.014 0.018 0.015 0.001 0.018 0.001 0.757 0.002 0.008 0.012 0.011 0.019 0.123 
123     2517    (4)   13 :  0.011 0.008 0.052 0.003 0.008 0.002 0.489 0.003 0.019 0.008 0.008 0.008 0.382 
124     2518    (2)   13 :  0.115 0.021 0.047 0.002 0.019 0.004 0.535 0.005 0.011 0.006 0.007 0.018 0.209 
125     2519    (0)   13 :  0.018 0.079 0.029 0.003 0.096 0.002 0.557 0.016 0.026 0.009 0.015 0.080 0.071 
126     2520    (2)   13 :  0.003 0.004 0.003 0.002 0.003 0.002 0.604 0.002 0.003 0.002 0.006 0.004 0.363 
127     2521    (2)   13 :  0.035 0.049 0.015 0.002 0.040 0.002 0.202 0.004 0.003 0.057 0.005 0.039 0.547 
128     2603    (4)   13 :  0.006 0.023 0.004 0.003 0.026 0.003 0.826 0.003 0.004 0.044 0.004 0.021 0.033 
129     2606    (2)   13 :  0.009 0.009 0.006 0.002 0.009 0.005 0.905 0.002 0.007 0.011 0.004 0.010 0.021 
130      718    (0)   14 :  0.005 0.005 0.009 0.001 0.005 0.004 0.327 0.006 0.008 0.007 0.564 0.006 0.052 
131      719    (0)   14 :  0.022 0.014 0.018 0.002 0.016 0.005 0.551 0.009 0.005 0.005 0.318 0.016 0.018 
132      720    (0)   14 :  0.005 0.006 0.004 0.001 0.005 0.001 0.263 0.001 0.005 0.003 0.630 0.006 0.068 
133      721    (0)   14 :  0.014 0.020 0.018 0.006 0.020 0.013 0.652 0.017 0.021 0.004 0.041 0.019 0.156 
134      722    (0)   14 :  0.018 0.004 0.004 0.001 0.004 0.002 0.270 0.002 0.008 0.007 0.408 0.004 0.269 
135      723    (0)   14 :  0.025 0.006 0.008 0.001 0.005 0.001 0.837 0.004 0.010 0.018 0.009 0.006 0.071 
136      724    (0)   14 :  0.007 0.004 0.005 0.001 0.004 0.005 0.675 0.002 0.005 0.002 0.283 0.004 0.004 
137      725    (0)   14 :  0.003 0.004 0.004 0.002 0.004 0.003 0.547 0.006 0.006 0.003 0.322 0.004 0.093 
138      726    (0)   14 :  0.005 0.014 0.005 0.004 0.016 0.002 0.147 0.003 0.008 0.082 0.660 0.013 0.040 
139      727    (0)   14 :  0.002 0.002 0.003 0.001 0.003 0.002 0.963 0.003 0.004 0.003 0.008 0.002 0.004 
140      728    (2)   14 :  0.034 0.007 0.003 0.001 0.008 0.002 0.213 0.002 0.006 0.003 0.629 0.009 0.082 
141      729    (0)   14 :  0.010 0.011 0.261 0.002 0.013 0.007 0.368 0.004 0.089 0.012 0.073 0.011 0.138 
142      730    (0)   14 :  0.001 0.002 0.002 0.001 0.002 0.003 0.001 0.001 0.002 0.002 0.980 0.002 0.002 
143      731    (0)   14 :  0.011 0.014 0.015 0.002 0.015 0.004 0.425 0.007 0.016 0.004 0.055 0.013 0.418 
144      732    (0)   14 :  0.002 0.003 0.002 0.001 0.003 0.002 0.013 0.005 0.003 0.005 0.953 0.004 0.004 
145      733    (0)   14 :  0.006 0.005 0.030 0.001 0.006 0.014 0.551 0.003 0.020 0.015 0.016 0.005 0.328 
146      734    (0)   14 :  0.003 0.003 0.004 0.001 0.003 0.003 0.421 0.002 0.007 0.002 0.005 0.003 0.545 
147     1079    (0)   15 :  0.012 0.344 0.005 0.005 0.172 0.002 0.007 0.003 0.011 0.005 0.034 0.397 0.004 
148     1081    (0)   15 :  0.012 0.319 0.009 0.002 0.204 0.002 0.018 0.006 0.005 0.005 0.009 0.401 0.006 
149     1082    (2)   15 :  0.007 0.321 0.004 0.025 0.198 0.003 0.006 0.008 0.005 0.018 0.004 0.388 0.015 
150     1083    (0)   15 :  0.008 0.317 0.009 0.003 0.182 0.003 0.018 0.005 0.011 0.009 0.026 0.397 0.012 
151     2055    (0)   16 :  0.023 0.008 0.045 0.002 0.007 0.003 0.634 0.002 0.010 0.003 0.004 0.007 0.252 
152     2056    (0)   16 :  0.006 0.009 0.004 0.004 0.009 0.004 0.482 0.012 0.006 0.007 0.003 0.008 0.445 
153     2057    (0)   16 :  0.009 0.013 0.005 0.004 0.012 0.003 0.866 0.003 0.008 0.032 0.008 0.013 0.024 
154     2058    (0)   16 :  0.002 0.003 0.002 0.001 0.003 0.001 0.963 0.005 0.003 0.003 0.004 0.003 0.007 
155     2059    (0)   16 :  0.004 0.005 0.003 0.002 0.005 0.002 0.947 0.003 0.005 0.007 0.003 0.005 0.009 
156     2060    (0)   16 :  0.004 0.005 0.002 0.001 0.005 0.007 0.944 0.002 0.004 0.006 0.004 0.004 0.011 
157     2061    (0)   16 :  0.009 0.012 0.007 0.007 0.011 0.022 0.901 0.005 0.004 0.005 0.004 0.010 0.003 
158     2062    (0)   16 :  0.009 0.009 0.006 0.003 0.009 0.003 0.873 0.004 0.039 0.011 0.014 0.009 0.010 
159     2063    (0)   16 :  0.003 0.004 0.004 0.001 0.004 0.002 0.956 0.002 0.004 0.004 0.003 0.004 0.008 
160     2064    (0)   16 :  0.003 0.004 0.002 0.001 0.004 0.003 0.959 0.002 0.003 0.003 0.004 0.004 0.009 
161     2065    (0)   16 :  0.001 0.002 0.002 0.001 0.002 0.001 0.953 0.002 0.002 0.001 0.015 0.002 0.014 
162     2066    (0)   16 :  0.005 0.004 0.003 0.002 0.004 0.001 0.940 0.002 0.004 0.004 0.003 0.004 0.025 
163     2067    (0)   16 :  0.013 0.009 0.006 0.005 0.009 0.003 0.888 0.008 0.005 0.005 0.003 0.009 0.038 
164     2068    (0)   16 :  0.014 0.044 0.007 0.002 0.040 0.005 0.724 0.029 0.022 0.021 0.016 0.046 0.030 
165     2069    (0)   16 :  0.003 0.003 0.003 0.001 0.003 0.002 0.962 0.002 0.003 0.002 0.006 0.004 0.008 
166     2070    (0)   16 :  0.078 0.077 0.060 0.001 0.107 0.001 0.277 0.002 0.019 0.007 0.003 0.067 0.299 
167     2071    (0)   16 :  0.005 0.008 0.005 0.002 0.008 0.009 0.919 0.008 0.004 0.006 0.005 0.009 0.011 
168     2072    (0)   16 :  0.003 0.007 0.002 0.003 0.007 0.009 0.930 0.003 0.003 0.002 0.002 0.006 0.021 
169     2073    (0)   16 :  0.014 0.019 0.005 0.026 0.019 0.006 0.812 0.007 0.010 0.010 0.043 0.022 0.005 
170     2074    (0)   16 :  0.003 0.004 0.002 0.003 0.004 0.003 0.952 0.002 0.003 0.002 0.002 0.004 0.017 
171     2075    (0)   16 :  0.005 0.006 0.006 0.002 0.007 0.003 0.838 0.022 0.004 0.003 0.007 0.007 0.092 
172     2076    (0)   16 :  0.002 0.002 0.002 0.001 0.002 0.001 0.975 0.002 0.002 0.003 0.002 0.002 0.004 
173     2077    (0)   16 :  0.017 0.010 0.013 0.006 0.011 0.006 0.863 0.008 0.008 0.016 0.020 0.010 0.011 
174     2078    (0)   16 :  0.008 0.005 0.005 0.001 0.005 0.004 0.924 0.003 0.009 0.003 0.005 0.005 0.022 
175     2079    (0)   16 :  0.021 0.008 0.005 0.002 0.008 0.001 0.884 0.032 0.011 0.010 0.004 0.008 0.004 
176     2080    (0)   16 :  0.005 0.018 0.004 0.019 0.017 0.002 0.885 0.018 0.003 0.004 0.004 0.018 0.003 
177     2081    (0)   16 :  0.004 0.004 0.003 0.001 0.004 0.002 0.958 0.003 0.003 0.003 0.004 0.004 0.007 
178     2082    (0)   16 :  0.005 0.019 0.007 0.003 0.019 0.002 0.763 0.007 0.009 0.005 0.010 0.017 0.134 
179     2083    (0)   16 :  0.006 0.011 0.005 0.004 0.011 0.003 0.879 0.002 0.004 0.009 0.002 0.012 0.052 
180     2084    (0)   16 :  0.006 0.008 0.008 0.002 0.007 0.002 0.921 0.009 0.010 0.006 0.003 0.007 0.010 
181     2085    (0)   16 :  0.013 0.010 0.022 0.005 0.011 0.001 0.750 0.003 0.010 0.005 0.010 0.010 0.151 
182     2086    (0)   16 :  0.007 0.011 0.009 0.002 0.011 0.003 0.918 0.003 0.005 0.010 0.002 0.013 0.006 
183     2087    (0)   16 :  0.006 0.006 0.004 0.002 0.006 0.005 0.890 0.042 0.005 0.003 0.020 0.006 0.005 
184     2088    (0)   16 :  0.046 0.015 0.040 0.002 0.016 0.003 0.802 0.013 0.011 0.020 0.002 0.018 0.011 
185     2089    (0)   16 :  0.002 0.002 0.002 0.001 0.002 0.001 0.969 0.002 0.003 0.002 0.002 0.002 0.009 
186     2090    (0)   16 :  0.007 0.007 0.006 0.004 0.007 0.006 0.904 0.031 0.002 0.006 0.004 0.007 0.010 
187     2091    (0)   16 :  0.004 0.003 0.006 0.001 0.004 0.001 0.951 0.003 0.004 0.006 0.003 0.004 0.009 
188     2092    (0)   16 :  0.003 0.005 0.004 0.001 0.005 0.002 0.893 0.026 0.007 0.003 0.008 0.006 0.037 
189     2093    (0)   16 :  0.003 0.003 0.003 0.001 0.003 0.001 0.965 0.002 0.003 0.002 0.005 0.003 0.007 
190     2094    (0)   16 :  0.002 0.003 0.003 0.001 0.003 0.002 0.819 0.001 0.005 0.003 0.002 0.003 0.154 
191     2095    (0)   16 :  0.008 0.006 0.005 0.001 0.005 0.005 0.913 0.035 0.004 0.005 0.003 0.006 0.004 
192     2096    (0)   16 :  0.003 0.003 0.008 0.001 0.003 0.001 0.892 0.002 0.002 0.004 0.026 0.003 0.052 
193     2097    (0)   16 :  0.003 0.003 0.002 0.001 0.003 0.002 0.957 0.001 0.004 0.007 0.004 0.003 0.007 
194     2098    (0)   16 :  0.027 0.024 0.026 0.007 0.025 0.003 0.761 0.015 0.007 0.013 0.060 0.023 0.009 
195     2099    (0)   16 :  0.010 0.035 0.045 0.001 0.036 0.007 0.359 0.004 0.009 0.030 0.014 0.035 0.415 
196     2100    (0)   16 :  0.007 0.014 0.007 0.003 0.014 0.002 0.833 0.003 0.008 0.079 0.006 0.013 0.010 
197     2101    (0)   16 :  0.006 0.005 0.008 0.002 0.005 0.003 0.937 0.006 0.006 0.006 0.005 0.005 0.006 
198     2102    (2)   16 :  0.002 0.004 0.003 0.001 0.004 0.002 0.949 0.002 0.005 0.002 0.003 0.004 0.020 
199     2103    (0)   16 :  0.016 0.006 0.010 0.001 0.006 0.002 0.833 0.004 0.005 0.006 0.006 0.006 0.097 
200     2104    (0)   16 :  0.041 0.007 0.022 0.001 0.008 0.001 0.855 0.002 0.036 0.005 0.009 0.009 0.003 
201     2105    (0)   16 :  0.035 0.006 0.012 0.001 0.006 0.006 0.873 0.004 0.022 0.003 0.005 0.007 0.020 
202     2106    (0)   16 :  0.008 0.013 0.006 0.002 0.011 0.002 0.892 0.002 0.005 0.007 0.003 0.015 0.034 
203     2107    (0)   16 :  0.011 0.009 0.013 0.002 0.009 0.002 0.859 0.005 0.022 0.004 0.042 0.009 0.013 
204     2108    (0)   16 :  0.006 0.011 0.006 0.002 0.012 0.004 0.917 0.005 0.012 0.003 0.003 0.012 0.007 
205     2109    (0)   16 :  0.011 0.011 0.019 0.002 0.010 0.005 0.680 0.003 0.006 0.008 0.005 0.012 0.229 
206     2110    (0)   16 :  0.014 0.009 0.016 0.002 0.008 0.004 0.875 0.005 0.040 0.004 0.011 0.008 0.005 
207     2111    (0)   16 :  0.005 0.004 0.006 0.001 0.003 0.001 0.951 0.003 0.011 0.006 0.002 0.004 0.004 
208     2112    (0)   16 :  0.004 0.004 0.003 0.001 0.004 0.004 0.870 0.004 0.003 0.008 0.006 0.004 0.084 
209     2583    (2)   16 :  0.005 0.004 0.004 0.005 0.004 0.005 0.922 0.008 0.003 0.004 0.003 0.004 0.028 
210     2584    (4)   16 :  0.007 0.012 0.003 0.004 0.015 0.004 0.904 0.004 0.003 0.010 0.009 0.013 0.013 
211     2587    (2)   16 :  0.011 0.004 0.008 0.001 0.004 0.001 0.944 0.002 0.005 0.004 0.002 0.004 0.008 
212     2590    (2)   16 :  0.003 0.005 0.005 0.003 0.005 0.012 0.927 0.002 0.005 0.004 0.006 0.005 0.018 
213     2591    (6)   16 :  0.011 0.007 0.005 0.002 0.007 0.001 0.896 0.010 0.016 0.010 0.005 0.007 0.022 
214       87    (0)    2 :  0.004 0.009 0.014 0.004 0.010 0.004 0.012 0.013 0.010 0.009 0.010 0.010 0.891 
215       88    (0)    2 :  0.002 0.002 0.002 0.001 0.002 0.001 0.011 0.002 0.002 0.002 0.002 0.002 0.968 
216       90    (0)    2 :  0.002 0.003 0.004 0.001 0.003 0.001 0.619 0.001 0.003 0.003 0.009 0.003 0.348 
217       92    (0)    2 :  0.008 0.010 0.015 0.002 0.010 0.002 0.093 0.002 0.009 0.016 0.008 0.009 0.815 
218       96    (0)    2 :  0.008 0.009 0.006 0.002 0.009 0.002 0.784 0.024 0.009 0.068 0.006 0.009 0.064 
219       97    (0)    2 :  0.009 0.005 0.005 0.001 0.005 0.001 0.054 0.003 0.004 0.010 0.008 0.006 0.888 
220      105    (0)    2 :  0.004 0.004 0.005 0.001 0.004 0.002 0.013 0.006 0.003 0.004 0.008 0.004 0.942 
221      120    (0)    2 :  0.002 0.003 0.004 0.001 0.002 0.004 0.003 0.002 0.002 0.004 0.002 0.002 0.969 
222      123    (0)    2 :  0.006 0.003 0.004 0.001 0.003 0.001 0.753 0.003 0.004 0.003 0.002 0.003 0.211 
223      128    (0)    2 :  0.003 0.005 0.003 0.002 0.005 0.002 0.953 0.003 0.002 0.005 0.003 0.005 0.012 
224      129    (0)    2 :  0.011 0.006 0.015 0.002 0.007 0.002 0.842 0.004 0.008 0.004 0.003 0.006 0.090 
225      132    (0)    2 :  0.002 0.004 0.003 0.001 0.005 0.002 0.011 0.002 0.003 0.007 0.004 0.005 0.951 
226      504    (0)    2 :  0.008 0.005 0.007 0.001 0.005 0.001 0.324 0.003 0.010 0.004 0.003 0.005 0.624 
227      505    (0)    2 :  0.003 0.005 0.008 0.002 0.005 0.001 0.074 0.003 0.010 0.005 0.010 0.006 0.868 
228      506    (0)    2 :  0.007 0.012 0.004 0.023 0.012 0.002 0.314 0.003 0.006 0.028 0.010 0.013 0.568 
229      507    (0)    2 :  0.004 0.005 0.036 0.002 0.005 0.003 0.024 0.003 0.017 0.005 0.005 0.005 0.885 
230      508    (0)    2 :  0.011 0.014 0.006 0.003 0.013 0.027 0.011 0.003 0.007 0.017 0.003 0.012 0.873 
231      509    (0)    2 :  0.006 0.015 0.004 0.003 0.012 0.003 0.064 0.003 0.008 0.003 0.016 0.014 0.849 
232      510    (0)    2 :  0.005 0.005 0.009 0.001 0.005 0.002 0.004 0.002 0.004 0.003 0.002 0.005 0.952 
233      511    (0)    2 :  0.005 0.007 0.006 0.003 0.007 0.002 0.083 0.014 0.007 0.003 0.100 0.007 0.755 
234      512    (0)    2 :  0.007 0.004 0.004 0.002 0.004 0.002 0.164 0.004 0.006 0.003 0.004 0.004 0.792 
235      513    (0)    2 :  0.003 0.004 0.004 0.001 0.004 0.002 0.064 0.002 0.002 0.003 0.004 0.004 0.904 
236      514    (0)    2 :  0.006 0.012 0.005 0.003 0.012 0.003 0.684 0.016 0.005 0.023 0.005 0.011 0.215 
237      515    (0)    2 :  0.015 0.020 0.010 0.004 0.013 0.009 0.080 0.004 0.006 0.017 0.003 0.012 0.807 
238      558    (0)    2 :  0.014 0.005 0.006 0.001 0.006 0.004 0.043 0.003 0.009 0.005 0.052 0.005 0.847 
239      559    (0)    2 :  0.003 0.003 0.003 0.002 0.003 0.003 0.635 0.002 0.002 0.004 0.003 0.003 0.335 
240      560    (0)    2 :  0.003 0.004 0.004 0.001 0.005 0.011 0.634 0.008 0.004 0.004 0.009 0.004 0.309 
241      561    (0)    2 :  0.002 0.005 0.004 0.002 0.005 0.003 0.138 0.004 0.004 0.003 0.057 0.005 0.766 
242      562    (0)    2 :  0.007 0.008 0.008 0.003 0.007 0.003 0.026 0.002 0.004 0.018 0.004 0.008 0.904 
243      563    (0)    2 :  0.003 0.003 0.002 0.003 0.003 0.003 0.003 0.002 0.002 0.003 0.002 0.003 0.968 
244      564    (0)    2 :  0.007 0.006 0.007 0.002 0.006 0.011 0.170 0.004 0.007 0.009 0.005 0.006 0.762 
245      136    (0)    3 :  0.003 0.007 0.005 0.006 0.008 0.001 0.913 0.004 0.005 0.004 0.031 0.008 0.006 
246      138    (0)    3 :  0.008 0.006 0.006 0.002 0.006 0.003 0.931 0.004 0.006 0.003 0.006 0.006 0.015 
247      140    (0)    3 :  0.009 0.007 0.005 0.001 0.007 0.003 0.912 0.007 0.018 0.008 0.004 0.006 0.015 
248      141    (0)    3 :  0.017 0.027 0.006 0.003 0.034 0.006 0.835 0.004 0.010 0.004 0.005 0.037 0.012 
249      144    (0)    3 :  0.003 0.005 0.005 0.003 0.005 0.002 0.940 0.015 0.003 0.005 0.003 0.005 0.007 
250      146    (0)    3 :  0.002 0.004 0.002 0.002 0.004 0.003 0.884 0.004 0.003 0.013 0.002 0.004 0.073 
251      148    (0)    3 :  0.005 0.020 0.015 0.007 0.020 0.005 0.817 0.001 0.003 0.019 0.009 0.022 0.056 
252      150    (0)    3 :  0.004 0.005 0.004 0.002 0.005 0.008 0.940 0.001 0.013 0.004 0.004 0.005 0.005 
253      152    (0)    3 :  0.004 0.004 0.004 0.001 0.004 0.002 0.954 0.002 0.004 0.002 0.003 0.004 0.012 
254      666    (0)    3 :  0.005 0.004 0.006 0.002 0.004 0.002 0.956 0.002 0.006 0.002 0.001 0.005 0.005 
255      667    (0)    3 :  0.006 0.011 0.009 0.002 0.013 0.001 0.922 0.002 0.005 0.006 0.002 0.012 0.011 
256      668    (0)    3 :  0.009 0.008 0.007 0.003 0.010 0.010 0.824 0.003 0.057 0.006 0.009 0.010 0.044 
257      669    (0)    3 :  0.007 0.004 0.007 0.003 0.005 0.004 0.872 0.002 0.011 0.002 0.061 0.004 0.019 
258      670    (0)    3 :  0.301 0.014 0.006 0.001 0.016 0.013 0.504 0.003 0.040 0.020 0.007 0.015 0.061 
259      684    (0)    3 :  0.003 0.004 0.005 0.001 0.004 0.003 0.940 0.002 0.006 0.004 0.014 0.004 0.011 
260      685    (0)    3 :  0.003 0.007 0.003 0.007 0.006 0.008 0.935 0.003 0.003 0.006 0.005 0.008 0.005 
261      686    (0)    3 :  0.010 0.006 0.005 0.002 0.006 0.003 0.827 0.003 0.006 0.003 0.004 0.006 0.116 
262      687    (0)    3 :  0.004 0.004 0.003 0.001 0.004 0.001 0.957 0.004 0.005 0.004 0.005 0.004 0.004 
263      688    (2)    3 :  0.003 0.003 0.004 0.001 0.003 0.002 0.959 0.003 0.005 0.003 0.004 0.003 0.006 
264      689    (0)    3 :  0.011 0.009 0.012 0.028 0.009 0.003 0.880 0.005 0.006 0.009 0.004 0.009 0.015 
265      165    (0)    4 :  0.022 0.015 0.008 0.004 0.014 0.003 0.854 0.003 0.012 0.015 0.011 0.016 0.022 
266      167    (0)    4 :  0.016 0.029 0.009 0.002 0.028 0.045 0.505 0.003 0.021 0.285 0.009 0.027 0.019 
267      170    (0)    4 :  0.015 0.008 0.024 0.003 0.008 0.005 0.875 0.009 0.010 0.015 0.005 0.008 0.014 
268      714    (0)    4 :  0.020 0.007 0.003 0.003 0.008 0.003 0.194 0.002 0.005 0.005 0.044 0.007 0.699 
269      715    (2)    4 :  0.023 0.082 0.019 0.019 0.106 0.016 0.219 0.003 0.017 0.027 0.010 0.129 0.328 
270      716    (0)    4 :  0.006 0.013 0.085 0.030 0.014 0.011 0.788 0.003 0.008 0.013 0.007 0.013 0.010 
271      717    (2)    4 :  0.152 0.102 0.014 0.004 0.173 0.012 0.078 0.007 0.004 0.068 0.009 0.147 0.232 
272     2346    (2)    4 :  0.003 0.031 0.016 0.712 0.027 0.003 0.004 0.025 0.091 0.048 0.006 0.027 0.005 
273      189    (0)    5 :  0.006 0.006 0.007 0.002 0.006 0.006 0.009 0.889 0.006 0.043 0.004 0.006 0.009 
274      190    (0)    5 :  0.003 0.003 0.002 0.003 0.003 0.002 0.003 0.970 0.003 0.004 0.002 0.002 0.002 
275      193    (0)    5 :  0.005 0.008 0.004 0.003 0.009 0.001 0.003 0.948 0.003 0.003 0.002 0.008 0.004 
276      761    (0)    5 :  0.003 0.002 0.003 0.001 0.002 0.001 0.002 0.972 0.003 0.004 0.001 0.002 0.002 
277      762    (0)    5 :  0.007 0.003 0.006 0.002 0.003 0.002 0.004 0.954 0.005 0.002 0.007 0.004 0.002 
278      763    (0)    5 :  0.004 0.004 0.004 0.002 0.004 0.003 0.005 0.953 0.007 0.003 0.003 0.004 0.005 
279      764    (0)    5 :  0.004 0.003 0.004 0.001 0.003 0.002 0.004 0.966 0.004 0.003 0.004 0.003 0.002 
280      765    (0)    5 :  0.004 0.005 0.004 0.002 0.005 0.001 0.004 0.954 0.003 0.004 0.003 0.005 0.004 
281      778    (0)    5 :  0.006 0.017 0.007 0.009 0.016 0.015 0.016 0.860 0.012 0.011 0.003 0.015 0.014 
282      779    (0)    5 :  0.005 0.004 0.003 0.002 0.004 0.002 0.007 0.957 0.004 0.005 0.003 0.003 0.002 
283      780    (0)    5 :  0.002 0.003 0.005 0.002 0.003 0.002 0.002 0.967 0.005 0.002 0.001 0.003 0.002 
284      781    (0)    5 :  0.003 0.003 0.002 0.002 0.003 0.014 0.003 0.951 0.003 0.003 0.006 0.003 0.006 
285      782    (0)    5 :  0.003 0.004 0.002 0.003 0.004 0.002 0.009 0.953 0.003 0.004 0.002 0.005 0.008 
286      783    (0)    5 :  0.001 0.001 0.002 0.001 0.001 0.001 0.002 0.984 0.002 0.001 0.001 0.001 0.001 
287      784    (0)    5 :  0.003 0.004 0.003 0.001 0.004 0.001 0.003 0.959 0.004 0.006 0.002 0.004 0.004 
288      785    (0)    5 :  0.004 0.003 0.004 0.002 0.003 0.003 0.003 0.959 0.004 0.003 0.005 0.004 0.002 
289      786    (0)    5 :  0.005 0.004 0.003 0.002 0.004 0.001 0.003 0.958 0.008 0.006 0.001 0.004 0.002 
290      787    (0)    5 :  0.003 0.003 0.003 0.001 0.003 0.002 0.005 0.970 0.003 0.002 0.002 0.003 0.002 
291      788    (0)    5 :  0.006 0.010 0.007 0.003 0.009 0.004 0.007 0.922 0.009 0.002 0.003 0.009 0.008 
292      789    (0)    5 :  0.005 0.007 0.003 0.020 0.008 0.002 0.004 0.931 0.002 0.007 0.001 0.008 0.002 
293      790    (0)    5 :  0.006 0.004 0.005 0.002 0.004 0.006 0.004 0.948 0.004 0.008 0.002 0.004 0.002 
294      791    (0)    5 :  0.007 0.007 0.004 0.002 0.007 0.002 0.010 0.940 0.006 0.003 0.002 0.007 0.004 
295      792    (0)    5 :  0.002 0.002 0.002 0.002 0.002 0.003 0.002 0.973 0.002 0.002 0.004 0.002 0.002 
296      793    (0)    5 :  0.004 0.005 0.005 0.002 0.006 0.002 0.006 0.949 0.004 0.004 0.004 0.005 0.003 
297      794    (0)    5 :  0.004 0.005 0.004 0.002 0.005 0.002 0.002 0.958 0.005 0.004 0.002 0.005 0.003 
298      795    (0)    5 :  0.003 0.004 0.003 0.004 0.004 0.002 0.003 0.960 0.003 0.004 0.002 0.004 0.004 
299      796    (0)    5 :  0.002 0.002 0.002 0.004 0.002 0.003 0.002 0.975 0.002 0.002 0.002 0.002 0.002 
300      797    (0)    5 :  0.002 0.002 0.003 0.001 0.002 0.002 0.002 0.970 0.007 0.002 0.002 0.002 0.002 
301      798    (0)    5 :  0.005 0.003 0.012 0.001 0.003 0.002 0.006 0.953 0.003 0.003 0.002 0.003 0.004 
302      282    (0)    6 :  0.004 0.008 0.003 0.039 0.009 0.910 0.003 0.002 0.004 0.003 0.001 0.008 0.005 
303      284    (0)    6 :  0.004 0.004 0.003 0.002 0.004 0.938 0.003 0.012 0.004 0.003 0.016 0.004 0.002 
304      287    (0)    6 :  0.003 0.006 0.008 0.002 0.006 0.954 0.002 0.003 0.004 0.003 0.003 0.005 0.002 
305      295    (0)    6 :  0.001 0.001 0.001 0.002 0.001 0.986 0.001 0.001 0.001 0.001 0.001 0.001 0.001 
306      302    (0)    6 :  0.002 0.001 0.002 0.004 0.001 0.982 0.001 0.001 0.002 0.001 0.001 0.001 0.001 
307      306    (4)    6 :  0.005 0.008 0.006 0.163 0.010 0.771 0.007 0.004 0.006 0.002 0.005 0.009 0.003 
308      308    (0)    6 :  0.001 0.002 0.001 0.001 0.002 0.977 0.002 0.001 0.002 0.002 0.003 0.002 0.003 
309      867    (0)    6 :  0.001 0.002 0.002 0.047 0.002 0.936 0.001 0.001 0.002 0.001 0.002 0.002 0.002 
310      315    (0)    7 :  0.007 0.204 0.015 0.003 0.228 0.010 0.011 0.057 0.247 0.016 0.002 0.196 0.005 
311      565    (0)    7 :  0.007 0.225 0.007 0.005 0.436 0.002 0.009 0.023 0.004 0.005 0.003 0.262 0.011 
312      566    (2)    7 :  0.503 0.035 0.321 0.004 0.036 0.003 0.007 0.012 0.007 0.022 0.010 0.031 0.008 
313      567    (2)    7 :  0.007 0.299 0.003 0.004 0.198 0.002 0.028 0.004 0.005 0.022 0.007 0.411 0.010 
314      877    (0)    7 :  0.016 0.389 0.009 0.003 0.232 0.002 0.008 0.004 0.005 0.015 0.056 0.242 0.020 
315      878    (0)    7 :  0.013 0.393 0.014 0.021 0.231 0.009 0.004 0.006 0.003 0.049 0.006 0.248 0.005 
316      879    (0)    7 :  0.007 0.197 0.007 0.029 0.315 0.006 0.006 0.006 0.010 0.105 0.005 0.295 0.012 
317      880    (0)    7 :  0.009 0.311 0.005 0.009 0.214 0.002 0.005 0.005 0.008 0.010 0.010 0.404 0.008 
318      881    (0)    7 :  0.010 0.352 0.023 0.018 0.323 0.007 0.005 0.009 0.007 0.006 0.005 0.228 0.005 
319      882    (0)    7 :  0.009 0.405 0.007 0.049 0.217 0.026 0.006 0.009 0.004 0.026 0.003 0.233 0.006 
320      883    (0)    7 :  0.013 0.351 0.012 0.026 0.283 0.007 0.009 0.004 0.026 0.020 0.002 0.238 0.008 
321      884    (0)    7 :  0.222 0.262 0.120 0.003 0.135 0.002 0.018 0.003 0.026 0.012 0.004 0.175 0.019 
322      885    (0)    7 :  0.038 0.372 0.073 0.005 0.196 0.008 0.005 0.004 0.015 0.011 0.003 0.250 0.019 
323      886    (0)    7 :  0.025 0.275 0.009 0.006 0.219 0.008 0.010 0.189 0.011 0.004 0.003 0.236 0.005 
324      887    (0)    7 :  0.797 0.017 0.026 0.033 0.018 0.017 0.011 0.003 0.014 0.036 0.002 0.014 0.012 
325      888    (0)    7 :  0.007 0.405 0.006 0.002 0.209 0.004 0.022 0.006 0.005 0.003 0.004 0.216 0.111 
326      889    (0)    7 :  0.063 0.227 0.023 0.012 0.304 0.007 0.006 0.004 0.016 0.052 0.004 0.277 0.005 
327      890    (0)    7 :  0.016 0.247 0.008 0.007 0.252 0.004 0.005 0.017 0.009 0.010 0.056 0.365 0.004 
328      891    (0)    7 :  0.016 0.412 0.004 0.005 0.200 0.003 0.010 0.005 0.004 0.008 0.012 0.316 0.007 
329      892    (0)    7 :  0.036 0.347 0.007 0.003 0.265 0.008 0.009 0.004 0.008 0.048 0.003 0.255 0.008 
330      893    (0)    7 :  0.195 0.204 0.020 0.005 0.239 0.003 0.037 0.110 0.013 0.004 0.003 0.161 0.005 
331      319    (2)    8 :  0.109 0.279 0.005 0.004 0.327 0.002 0.007 0.006 0.003 0.031 0.003 0.218 0.006 
332      335    (0)    8 :  0.027 0.191 0.006 0.005 0.398 0.008 0.008 0.015 0.007 0.007 0.012 0.313 0.004 
333      895    (0)    8 :  0.048 0.286 0.007 0.150 0.293 0.006 0.007 0.006 0.006 0.014 0.004 0.170 0.003 
334      896    (0)    8 :  0.008 0.282 0.007 0.004 0.396 0.007 0.008 0.003 0.018 0.025 0.002 0.198 0.043 
335      897    (0)    8 :  0.007 0.442 0.008 0.004 0.251 0.002 0.004 0.006 0.005 0.004 0.001 0.256 0.010 
336      898    (0)    8 :  0.149 0.358 0.063 0.004 0.157 0.002 0.005 0.004 0.009 0.007 0.004 0.233 0.006 
337      899    (0)    8 :  0.029 0.280 0.089 0.008 0.215 0.004 0.182 0.004 0.013 0.010 0.001 0.151 0.014 
338      900    (0)    8 :  0.030 0.283 0.016 0.005 0.319 0.013 0.007 0.033 0.017 0.012 0.006 0.243 0.016 
339      901    (0)    8 :  0.081 0.192 0.006 0.029 0.278 0.003 0.147 0.023 0.008 0.025 0.004 0.192 0.012 
340      902    (0)    8 :  0.074 0.212 0.019 0.096 0.324 0.010 0.026 0.002 0.009 0.019 0.002 0.202 0.005 
341      903    (0)    8 :  0.014 0.346 0.006 0.005 0.359 0.027 0.004 0.003 0.003 0.005 0.001 0.215 0.011 
342      904    (0)    8 :  0.005 0.381 0.004 0.002 0.186 0.008 0.008 0.002 0.005 0.013 0.004 0.372 0.011 
343      905    (0)    8 :  0.004 0.252 0.007 0.088 0.312 0.010 0.072 0.003 0.006 0.024 0.008 0.191 0.024 
344      906    (0)    8 :  0.009 0.303 0.022 0.110 0.248 0.006 0.004 0.005 0.005 0.006 0.002 0.274 0.007 
345      907    (0)    8 :  0.027 0.254 0.056 0.058 0.291 0.011 0.005 0.007 0.008 0.013 0.008 0.236 0.026 
346      908    (0)    8 :  0.008 0.398 0.030 0.002 0.275 0.003 0.015 0.006 0.010 0.005 0.004 0.234 0.008 
347      909    (0)    8 :  0.071 0.016 0.018 0.005 0.017 0.006 0.016 0.301 0.521 0.004 0.004 0.017 0.005 
348      910    (0)    8 :  0.012 0.178 0.010 0.053 0.278 0.002 0.007 0.087 0.010 0.005 0.003 0.349 0.007 
349      911    (0)    8 :  0.016 0.197 0.037 0.012 0.266 0.009 0.015 0.035 0.005 0.005 0.030 0.370 0.005 
350      912    (0)    8 :  0.012 0.220 0.038 0.007 0.261 0.006 0.005 0.002 0.010 0.006 0.012 0.414 0.006 
351      913    (0)    8 :  0.070 0.185 0.173 0.005 0.167 0.109 0.048 0.043 0.038 0.005 0.002 0.138 0.017 
352     2411    (0)    8 :  0.006 0.470 0.006 0.005 0.235 0.004 0.007 0.004 0.006 0.004 0.003 0.242 0.008 
353     2412    (0)    8 :  0.600 0.038 0.195 0.002 0.045 0.016 0.008 0.006 0.031 0.012 0.002 0.031 0.014 
354     2413    (0)    8 :  0.005 0.360 0.005 0.028 0.326 0.007 0.012 0.019 0.006 0.009 0.004 0.205 0.014 
355     2414    (0)    8 :  0.014 0.250 0.009 0.003 0.446 0.004 0.006 0.002 0.024 0.006 0.010 0.223 0.004 
356     2415    (2)    8 :  0.015 0.279 0.013 0.003 0.274 0.003 0.021 0.028 0.050 0.026 0.003 0.257 0.029 
357     2417    (4)    8 :  0.189 0.241 0.008 0.010 0.246 0.005 0.061 0.007 0.023 0.004 0.010 0.174 0.021 
358     2418    (4)    8 :  0.007 0.322 0.005 0.013 0.252 0.004 0.005 0.007 0.011 0.008 0.003 0.356 0.007 
359     2419    (2)    8 :  0.076 0.250 0.014 0.003 0.339 0.002 0.005 0.004 0.009 0.012 0.010 0.272 0.004 
360     2420    (0)    8 :  0.011 0.294 0.007 0.005 0.329 0.054 0.003 0.005 0.010 0.007 0.004 0.265 0.004 
361     2421    (0)    8 :  0.017 0.252 0.020 0.005 0.267 0.004 0.005 0.012 0.140 0.054 0.002 0.210 0.011 
362     2422    (2)    8 :  0.009 0.196 0.005 0.008 0.217 0.005 0.005 0.222 0.008 0.018 0.006 0.297 0.003 
363     2423    (0)    8 :  0.024 0.276 0.009 0.007 0.329 0.006 0.018 0.009 0.006 0.014 0.067 0.218 0.017 
364     2576    (0)    8 :  0.014 0.226 0.022 0.010 0.331 0.070 0.010 0.009 0.006 0.007 0.014 0.271 0.011 
365      321    (0)    9 :  0.959 0.004 0.003 0.002 0.005 0.002 0.004 0.002 0.008 0.003 0.002 0.004 0.003 
366      338    (0)    9 :  0.003 0.003 0.003 0.001 0.003 0.001 0.002 0.001 0.970 0.004 0.004 0.003 0.002 
367      339    (0)    9 :  0.092 0.016 0.063 0.013 0.017 0.004 0.014 0.008 0.675 0.017 0.057 0.015 0.010 
368      363    (0)    9 :  0.018 0.023 0.017 0.005 0.021 0.011 0.004 0.009 0.008 0.850 0.007 0.024 0.003 
369      915    (0)    9 :  0.057 0.010 0.761 0.001 0.010 0.003 0.013 0.003 0.117 0.004 0.003 0.010 0.006 
370      917    (0)    9 :  0.091 0.028 0.657 0.002 0.033 0.001 0.006 0.003 0.029 0.111 0.005 0.030 0.003 
371      923    (0)    9 :  0.030 0.198 0.035 0.003 0.287 0.006 0.013 0.013 0.116 0.049 0.009 0.235 0.006 
372      925    (0)    9 :  0.003 0.002 0.969 0.001 0.002 0.002 0.003 0.003 0.004 0.003 0.002 0.002 0.003 
373      931    (0)    9 :  0.103 0.168 0.207 0.002 0.157 0.002 0.005 0.006 0.059 0.023 0.002 0.259 0.006 
374      935    (0)    9 :  0.011 0.008 0.006 0.003 0.009 0.003 0.007 0.004 0.925 0.010 0.002 0.008 0.004 
375      936    (0)    9 :  0.357 0.017 0.221 0.010 0.017 0.004 0.003 0.011 0.321 0.014 0.003 0.018 0.004 
376      937    (0)    9 :  0.769 0.006 0.190 0.002 0.006 0.001 0.003 0.002 0.007 0.004 0.001 0.005 0.004 
377      948    (0)    9 :  0.027 0.207 0.244 0.013 0.142 0.003 0.011 0.016 0.149 0.061 0.002 0.117 0.007 
378      956    (0)    9 :  0.080 0.020 0.762 0.004 0.017 0.001 0.026 0.003 0.036 0.005 0.003 0.017 0.027 
379      957    (0)    9 :  0.918 0.008 0.023 0.003 0.008 0.002 0.002 0.002 0.010 0.009 0.003 0.008 0.003 
380      967    (0)    9 :  0.855 0.010 0.012 0.002 0.009 0.002 0.003 0.004 0.079 0.006 0.005 0.010 0.004 
381      968    (2)    9 :  0.007 0.012 0.911 0.004 0.010 0.002 0.006 0.004 0.004 0.006 0.006 0.012 0.017 
382      969    (4)    9 :  0.018 0.042 0.647 0.005 0.045 0.003 0.010 0.009 0.137 0.024 0.011 0.044 0.006 
383      970    (2)    9 :  0.483 0.107 0.041 0.008 0.079 0.038 0.004 0.006 0.017 0.071 0.013 0.127 0.006 
384      971    (6)    9 :  0.032 0.010 0.237 0.002 0.010 0.002 0.012 0.003 0.144 0.517 0.016 0.009 0.005 
385      972    (0)    9 :  0.009 0.006 0.006 0.003 0.008 0.006 0.003 0.003 0.941 0.004 0.001 0.006 0.005 
386      973    (2)    9 :  0.011 0.239 0.014 0.022 0.351 0.004 0.005 0.013 0.053 0.007 0.009 0.262 0.009 
387      978    (0)    9 :  0.003 0.003 0.949 0.003 0.003 0.002 0.002 0.020 0.003 0.002 0.002 0.003 0.005 
388      979    (0)    9 :  0.061 0.073 0.019 0.040 0.075 0.004 0.331 0.003 0.051 0.092 0.016 0.070 0.165 
389      988    (6)    9 :  0.005 0.005 0.026 0.002 0.005 0.001 0.006 0.003 0.005 0.928 0.002 0.006 0.005 
390      989    (0)    9 :  0.340 0.108 0.076 0.003 0.108 0.004 0.013 0.005 0.139 0.056 0.011 0.116 0.021 
391      990    (0)    9 :  0.774 0.045 0.008 0.003 0.047 0.007 0.011 0.026 0.016 0.007 0.005 0.048 0.003 
392      991    (0)    9 :  0.592 0.009 0.026 0.003 0.008 0.002 0.003 0.006 0.314 0.023 0.002 0.007 0.005 
393      992    (0)    9 :  0.027 0.029 0.663 0.006 0.030 0.031 0.009 0.003 0.118 0.011 0.018 0.028 0.027 
394     1006    (2)    9 :  0.009 0.007 0.060 0.002 0.008 0.002 0.011 0.008 0.821 0.007 0.031 0.007 0.029 
395     1017    (0)    9 :  0.311 0.062 0.176 0.003 0.096 0.003 0.095 0.014 0.013 0.005 0.005 0.068 0.148 
396     2582    (4)    9 :  0.028 0.017 0.017 0.003 0.017 0.017 0.041 0.026 0.786 0.004 0.012 0.016 0.016 


Estimated Allele Frequencies in each cluster
First column gives estimated ancestral frequencies


Locus 1 : 1 
4 alleles
0.0% missing data
  89   (0.526) 0.476 0.540 0.512 0.288 0.539 0.072 0.635 0.640 0.588 0.497 0.695 0.537 0.338 
  93   (0.069) 0.020 0.070 0.119 0.044 0.065 0.034 0.058 0.047 0.014 0.023 0.007 0.062 0.114 
  91   (0.384) 0.497 0.371 0.340 0.667 0.375 0.739 0.307 0.312 0.385 0.473 0.295 0.376 0.546 
  99   (0.022) 0.008 0.018 0.028 0.001 0.022 0.155 0.001 0.001 0.013 0.007 0.002 0.025 0.002 

Locus 2 : 2 
6 alleles
1.3% missing data
 136   (0.319) 0.199 0.354 0.087 0.452 0.336 0.197 0.546 0.463 0.067 0.210 0.106 0.345 0.691 
 138   (0.300) 0.460 0.276 0.575 0.226 0.286 0.755 0.248 0.157 0.476 0.230 0.250 0.274 0.147 
 140   (0.080) 0.056 0.079 0.040 0.110 0.081 0.010 0.045 0.005 0.034 0.117 0.452 0.086 0.012 
 134   (0.243) 0.216 0.226 0.222 0.201 0.237 0.031 0.160 0.371 0.298 0.421 0.187 0.227 0.146 
 142   (0.033) 0.062 0.028 0.069 0.010 0.030 0.004 0.001 0.002 0.121 0.017 0.003 0.030 0.003 
 132   (0.024) 0.007 0.037 0.008 0.001 0.030 0.003 0.001 0.001 0.004 0.006 0.002 0.037 0.002 

Locus 3 : 3 
6 alleles
0.0% missing data
 187   (0.355) 0.319 0.357 0.175 0.359 0.357 0.753 0.506 0.261 0.171 0.302 0.734 0.364 0.510 
 179   (0.233) 0.340 0.258 0.135 0.056 0.243 0.030 0.231 0.015 0.208 0.275 0.172 0.259 0.353 
 181   (0.234) 0.106 0.212 0.435 0.078 0.227 0.195 0.235 0.069 0.435 0.321 0.077 0.207 0.121 
 175   (0.067) 0.124 0.071 0.048 0.230 0.067 0.008 0.002 0.005 0.158 0.039 0.007 0.066 0.005 
 185   (0.073) 0.100 0.073 0.186 0.267 0.070 0.009 0.002 0.454 0.018 0.054 0.007 0.071 0.006 
 191   (0.038) 0.011 0.030 0.020 0.010 0.036 0.005 0.024 0.196 0.009 0.010 0.005 0.033 0.004 

Locus 4 : 4 
10 alleles
0.0% missing data
 241   (0.145) 0.183 0.136 0.218 0.520 0.138 0.206 0.026 0.150 0.075 0.054 0.017 0.124 0.283 
 269   (0.166) 0.205 0.163 0.332 0.019 0.164 0.235 0.147 0.103 0.097 0.235 0.017 0.150 0.043 
 253   (0.503) 0.532 0.513 0.399 0.181 0.515 0.536 0.735 0.464 0.765 0.428 0.664 0.548 0.595 
 247   (0.069) 0.029 0.097 0.023 0.028 0.079 0.008 0.002 0.276 0.045 0.110 0.006 0.093 0.006 
 271   (0.045) 0.034 0.032 0.014 0.114 0.039 0.006 0.028 0.003 0.007 0.154 0.005 0.031 0.044 
 249   (0.035) 0.007 0.026 0.007 0.069 0.030 0.004 0.061 0.002 0.006 0.009 0.287 0.025 0.025 
 245   (0.012) 0.002 0.009 0.002 0.067 0.010 0.001 0.000 0.001 0.002 0.003 0.001 0.008 0.001 
 257   (0.008) 0.003 0.005 0.003 0.000 0.006 0.001 0.000 0.000 0.001 0.002 0.001 0.005 0.003 
 239   (0.008) 0.002 0.006 0.001 0.000 0.008 0.001 0.000 0.000 0.001 0.002 0.001 0.006 0.001 
 273   (0.010) 0.003 0.012 0.002 0.001 0.011 0.001 0.000 0.001 0.001 0.003 0.001 0.009 0.001 

Locus 5 : 5 
7 alleles
0.8% missing data
 103   (0.833) 0.892 0.815 0.942 0.742 0.818 0.977 0.991 0.963 0.942 0.945 0.984 0.800 0.983 
 104   (0.065) 0.055 0.071 0.024 0.060 0.078 0.009 0.007 0.004 0.032 0.021 0.007 0.096 0.008 
 105   (0.052) 0.027 0.075 0.025 0.169 0.059 0.007 0.002 0.003 0.019 0.021 0.005 0.068 0.005 
 102   (0.017) 0.018 0.017 0.003 0.001 0.018 0.003 0.000 0.001 0.003 0.004 0.001 0.016 0.001 
 107   (0.012) 0.002 0.008 0.002 0.026 0.011 0.001 0.000 0.001 0.002 0.003 0.001 0.008 0.001 
  99   (0.008) 0.002 0.005 0.002 0.001 0.006 0.001 0.000 0.013 0.001 0.002 0.001 0.005 0.001 
 101   (0.012) 0.004 0.009 0.002 0.001 0.010 0.001 0.000 0.014 0.002 0.004 0.001 0.008 0.001 

Locus 6 : 6 
5 alleles
0.3% missing data
 141   (0.298) 0.332 0.269 0.170 0.121 0.287 0.040 0.579 0.135 0.229 0.623 0.859 0.278 0.359 
 145   (0.383) 0.483 0.442 0.460 0.023 0.409 0.388 0.197 0.262 0.668 0.209 0.068 0.433 0.131 
 147   (0.069) 0.028 0.054 0.016 0.130 0.065 0.010 0.045 0.317 0.014 0.026 0.014 0.057 0.158 
 135   (0.238) 0.155 0.227 0.351 0.647 0.230 0.560 0.178 0.285 0.088 0.139 0.058 0.223 0.351 
 137   (0.012) 0.002 0.008 0.002 0.079 0.010 0.001 0.000 0.001 0.002 0.003 0.001 0.008 0.001 

Locus 7 : 7 
10 alleles
1.0% missing data
  93   (0.241) 0.348 0.219 0.202 0.119 0.226 0.729 0.325 0.069 0.326 0.268 0.609 0.212 0.378 
 103   (0.257) 0.322 0.283 0.379 0.016 0.266 0.037 0.410 0.503 0.380 0.242 0.078 0.293 0.316 
  97   (0.203) 0.059 0.212 0.233 0.275 0.208 0.140 0.161 0.259 0.106 0.216 0.027 0.211 0.159 
  91   (0.069) 0.021 0.060 0.017 0.056 0.068 0.061 0.038 0.154 0.069 0.029 0.006 0.062 0.007 
  83   (0.052) 0.025 0.064 0.051 0.003 0.064 0.007 0.001 0.003 0.029 0.015 0.005 0.075 0.004 
  89   (0.109) 0.207 0.099 0.058 0.304 0.102 0.016 0.015 0.007 0.073 0.207 0.267 0.088 0.126 
  85   (0.040) 0.011 0.044 0.055 0.002 0.040 0.005 0.049 0.002 0.009 0.015 0.005 0.036 0.008 
 105   (0.014) 0.003 0.010 0.002 0.085 0.012 0.002 0.000 0.001 0.005 0.003 0.002 0.013 0.001 
  99   (0.008) 0.002 0.005 0.002 0.011 0.006 0.002 0.000 0.001 0.001 0.002 0.001 0.004 0.001 
 101   (0.008) 0.002 0.005 0.001 0.129 0.006 0.001 0.000 0.000 0.001 0.002 0.001 0.004 0.001 

Locus 8 : 8 
8 alleles
0.0% missing data
 129   (0.530) 0.752 0.536 0.594 0.319 0.532 0.140 0.713 0.644 0.722 0.439 0.691 0.534 0.469 
 149   (0.103) 0.084 0.092 0.051 0.287 0.101 0.013 0.128 0.016 0.039 0.135 0.016 0.097 0.109 
 143   (0.257) 0.119 0.262 0.297 0.303 0.261 0.762 0.057 0.130 0.216 0.399 0.281 0.264 0.292 
 141   (0.059) 0.029 0.061 0.026 0.004 0.059 0.008 0.099 0.207 0.013 0.016 0.008 0.061 0.126 
 131   (0.011) 0.002 0.007 0.020 0.001 0.008 0.043 0.000 0.001 0.003 0.003 0.001 0.006 0.001 
 133   (0.016) 0.009 0.022 0.007 0.001 0.017 0.002 0.000 0.001 0.003 0.004 0.001 0.016 0.001 
 127   (0.017) 0.004 0.014 0.003 0.086 0.015 0.032 0.000 0.001 0.002 0.004 0.001 0.015 0.001 
 145   (0.008) 0.002 0.006 0.001 0.000 0.007 0.001 0.000 0.000 0.001 0.002 0.001 0.006 0.001 

Locus 9 : 9 
4 alleles
0.0% missing data
 191   (0.372) 0.163 0.364 0.401 0.320 0.375 0.258 0.551 0.547 0.323 0.286 0.854 0.389 0.633 
 195   (0.151) 0.064 0.130 0.275 0.338 0.140 0.400 0.198 0.054 0.313 0.262 0.030 0.131 0.046 
 189   (0.468) 0.771 0.501 0.322 0.341 0.479 0.341 0.248 0.398 0.362 0.449 0.116 0.476 0.320 
 193   (0.008) 0.002 0.005 0.002 0.001 0.006 0.001 0.003 0.001 0.001 0.003 0.001 0.005 0.001 

Locus 10 : 10 
7 alleles
0.3% missing data
 238   (0.564) 0.837 0.554 0.662 0.744 0.562 0.403 0.611 0.347 0.725 0.845 0.124 0.562 0.404 
 252   (0.107) 0.055 0.106 0.110 0.015 0.107 0.021 0.104 0.034 0.047 0.039 0.305 0.109 0.172 
 232   (0.241) 0.089 0.259 0.211 0.129 0.247 0.189 0.261 0.275 0.216 0.093 0.556 0.249 0.417 
 254   (0.046) 0.010 0.043 0.009 0.082 0.042 0.382 0.023 0.257 0.007 0.013 0.011 0.039 0.004 
 248   (0.020) 0.005 0.018 0.004 0.001 0.020 0.003 0.001 0.085 0.003 0.005 0.002 0.018 0.002 
 236   (0.008) 0.002 0.006 0.002 0.000 0.007 0.001 0.000 0.001 0.002 0.002 0.001 0.006 0.001 
 250   (0.014) 0.003 0.013 0.003 0.029 0.014 0.002 0.000 0.001 0.002 0.003 0.001 0.017 0.001 

Locus 11 : 11 
4 alleles
0.0% missing data
  87   (0.719) 0.754 0.738 0.842 0.520 0.727 0.964 0.647 0.532 0.854 0.899 0.359 0.733 0.571 
  89   (0.208) 0.221 0.209 0.127 0.154 0.208 0.027 0.314 0.384 0.105 0.069 0.606 0.209 0.317 
  91   (0.065) 0.024 0.049 0.029 0.169 0.059 0.008 0.040 0.083 0.040 0.030 0.035 0.053 0.111 
  85   (0.008) 0.002 0.005 0.001 0.157 0.006 0.001 0.000 0.000 0.001 0.002 0.001 0.004 0.001 

Locus 12 : 12 
12 alleles
0.3% missing data
 147   (0.047) 0.084 0.043 0.032 0.003 0.041 0.006 0.099 0.003 0.014 0.014 0.109 0.036 0.338 
 158   (0.231) 0.106 0.243 0.326 0.098 0.237 0.032 0.542 0.022 0.231 0.153 0.083 0.234 0.320 
 160   (0.231) 0.245 0.200 0.274 0.405 0.216 0.641 0.114 0.716 0.338 0.207 0.036 0.197 0.171 
 162   (0.226) 0.296 0.265 0.116 0.014 0.242 0.073 0.212 0.232 0.295 0.360 0.739 0.275 0.135 
 150   (0.008) 0.002 0.005 0.022 0.000 0.006 0.001 0.000 0.000 0.002 0.002 0.001 0.004 0.001 
 161   (0.116) 0.137 0.111 0.143 0.269 0.119 0.104 0.022 0.018 0.039 0.043 0.017 0.117 0.024 
 149   (0.023) 0.008 0.021 0.017 0.001 0.021 0.003 0.001 0.001 0.054 0.182 0.002 0.021 0.002 
 154   (0.020) 0.005 0.026 0.004 0.002 0.023 0.003 0.001 0.001 0.003 0.007 0.002 0.021 0.002 
 143   (0.025) 0.006 0.020 0.005 0.178 0.024 0.127 0.001 0.001 0.011 0.006 0.002 0.023 0.002 
 170   (0.055) 0.059 0.055 0.054 0.029 0.059 0.008 0.009 0.004 0.011 0.022 0.007 0.062 0.006 
 164   (0.008) 0.002 0.007 0.001 0.000 0.007 0.001 0.000 0.000 0.001 0.002 0.001 0.006 0.001 
 159   (0.009) 0.051 0.005 0.006 0.001 0.007 0.001 0.000 0.001 0.001 0.002 0.001 0.005 0.001 

Locus 13 : 13 
4 alleles
0.0% missing data
 108   (0.194) 0.138 0.182 0.123 0.292 0.190 0.302 0.166 0.199 0.082 0.069 0.422 0.177 0.160 
 115   (0.432) 0.531 0.433 0.498 0.376 0.429 0.082 0.583 0.287 0.527 0.635 0.516 0.430 0.389 
 113   (0.367) 0.329 0.380 0.377 0.332 0.373 0.615 0.251 0.514 0.389 0.294 0.061 0.388 0.450 
 109   (0.008) 0.002 0.006 0.001 0.001 0.007 0.001 0.000 0.000 0.002 0.002 0.001 0.006 0.001 

Locus 14 : 14 
7 alleles
2.5% missing data
 172   (0.422) 0.548 0.467 0.453 0.312 0.435 0.637 0.398 0.292 0.448 0.398 0.052 0.451 0.222 
 174   (0.319) 0.228 0.302 0.189 0.144 0.317 0.161 0.371 0.288 0.432 0.322 0.914 0.316 0.681 
 176   (0.103) 0.063 0.089 0.037 0.029 0.102 0.014 0.152 0.364 0.034 0.222 0.020 0.096 0.044 
 182   (0.060) 0.124 0.059 0.191 0.014 0.058 0.008 0.006 0.004 0.019 0.030 0.005 0.054 0.037 
 178   (0.049) 0.025 0.040 0.026 0.130 0.042 0.007 0.069 0.049 0.060 0.014 0.004 0.034 0.011 
 180   (0.040) 0.011 0.036 0.103 0.370 0.038 0.173 0.004 0.002 0.007 0.013 0.004 0.039 0.004 
 170   (0.008) 0.002 0.008 0.002 0.000 0.008 0.001 0.000 0.000 0.001 0.002 0.001 0.009 0.001 

Locus 15 : 15 
5 alleles
0.8% missing data
 225   (0.121) 0.178 0.109 0.105 0.060 0.115 0.254 0.095 0.210 0.028 0.088 0.015 0.108 0.028 
 229   (0.537) 0.458 0.557 0.467 0.478 0.552 0.117 0.465 0.417 0.574 0.778 0.887 0.568 0.417 
 227   (0.145) 0.302 0.126 0.364 0.009 0.134 0.231 0.262 0.018 0.312 0.075 0.045 0.125 0.290 
 231   (0.126) 0.035 0.140 0.037 0.349 0.129 0.307 0.089 0.350 0.022 0.037 0.024 0.122 0.138 
 233   (0.071) 0.026 0.068 0.026 0.103 0.069 0.091 0.088 0.005 0.064 0.022 0.028 0.077 0.126 

Locus 16 : 16 
5 alleles
0.5% missing data
 143   (0.832) 0.932 0.842 0.718 0.616 0.834 0.763 0.963 0.819 0.927 0.896 0.983 0.840 0.980 
 145   (0.096) 0.046 0.092 0.132 0.187 0.101 0.228 0.015 0.006 0.051 0.038 0.010 0.104 0.014 
 147   (0.046) 0.016 0.039 0.144 0.195 0.041 0.006 0.001 0.142 0.017 0.059 0.004 0.036 0.004 
 133   (0.018) 0.004 0.021 0.004 0.001 0.017 0.002 0.000 0.032 0.003 0.004 0.002 0.015 0.001 
 157   (0.009) 0.002 0.005 0.002 0.001 0.007 0.001 0.019 0.001 0.001 0.003 0.001 0.005 0.001 

Locus 17 : 17 
5 alleles
0.3% missing data
 158   (0.522) 0.636 0.524 0.493 0.326 0.529 0.202 0.505 0.200 0.740 0.455 0.311 0.525 0.649 
 156   (0.244) 0.168 0.253 0.329 0.166 0.245 0.598 0.307 0.503 0.189 0.112 0.211 0.252 0.130 
 160   (0.140) 0.153 0.118 0.156 0.124 0.131 0.018 0.146 0.113 0.033 0.401 0.465 0.126 0.195 
 154   (0.082) 0.024 0.099 0.020 0.384 0.086 0.181 0.041 0.183 0.017 0.029 0.012 0.091 0.025 
 152   (0.012) 0.020 0.007 0.002 0.001 0.009 0.001 0.000 0.001 0.020 0.003 0.001 0.006 0.001 

Locus 18 : 18 
5 alleles
0.0% missing data
  90   (0.666) 0.553 0.662 0.704 0.336 0.662 0.594 0.729 0.793 0.908 0.545 0.619 0.646 0.807 
 102   (0.216) 0.412 0.215 0.257 0.044 0.218 0.030 0.241 0.199 0.068 0.151 0.088 0.226 0.160 
  88   (0.076) 0.020 0.077 0.017 0.441 0.077 0.010 0.030 0.005 0.015 0.288 0.289 0.083 0.029 
 100   (0.034) 0.012 0.041 0.007 0.178 0.036 0.365 0.001 0.002 0.008 0.010 0.003 0.039 0.003 
 104   (0.008) 0.003 0.005 0.014 0.000 0.006 0.001 0.000 0.000 0.001 0.006 0.001 0.005 0.001 

Locus 19 : 19 
8 alleles
0.3% missing data
 142   (0.134) 0.065 0.147 0.176 0.023 0.139 0.021 0.412 0.009 0.034 0.124 0.784 0.151 0.375 
 146   (0.082) 0.236 0.065 0.028 0.005 0.077 0.011 0.194 0.224 0.036 0.154 0.050 0.078 0.041 
 127   (0.256) 0.271 0.262 0.181 0.154 0.261 0.482 0.184 0.062 0.477 0.134 0.062 0.258 0.101 
 138   (0.054) 0.030 0.052 0.089 0.004 0.054 0.055 0.022 0.004 0.012 0.022 0.010 0.052 0.018 
 140   (0.268) 0.226 0.282 0.275 0.310 0.274 0.326 0.089 0.180 0.163 0.396 0.042 0.276 0.355 
 150   (0.061) 0.033 0.055 0.187 0.214 0.056 0.008 0.002 0.306 0.207 0.018 0.006 0.052 0.005 
 148   (0.111) 0.131 0.102 0.057 0.069 0.105 0.015 0.050 0.214 0.066 0.143 0.043 0.094 0.066 
 128   (0.034) 0.008 0.035 0.007 0.220 0.033 0.082 0.048 0.002 0.005 0.010 0.005 0.040 0.039 

Locus 20 : 20 
7 alleles
0.3% missing data
 190   (0.142) 0.097 0.127 0.115 0.045 0.129 0.018 0.406 0.201 0.279 0.291 0.017 0.119 0.360 
 194   (0.569) 0.560 0.575 0.601 0.560 0.578 0.947 0.497 0.477 0.552 0.402 0.401 0.583 0.463 
 188   (0.185) 0.122 0.215 0.261 0.012 0.197 0.023 0.095 0.173 0.089 0.111 0.574 0.209 0.169 
 200   (0.067) 0.213 0.057 0.016 0.302 0.066 0.008 0.002 0.004 0.076 0.188 0.005 0.065 0.006 
 202   (0.020) 0.004 0.014 0.003 0.041 0.017 0.002 0.001 0.145 0.003 0.005 0.002 0.014 0.002 
 198   (0.008) 0.002 0.005 0.001 0.040 0.006 0.001 0.000 0.000 0.001 0.002 0.001 0.004 0.001 
 196   (0.008) 0.002 0.008 0.001 0.001 0.007 0.001 0.000 0.001 0.001 0.002 0.001 0.006 0.001 

Locus 21 : 21 
6 alleles
0.8% missing data
 252   (0.684) 0.836 0.729 0.762 0.078 0.708 0.390 0.849 0.730 0.723 0.658 0.817 0.726 0.732 
 244   (0.024) 0.006 0.015 0.005 0.040 0.020 0.004 0.009 0.002 0.015 0.009 0.150 0.015 0.002 
 246   (0.096) 0.033 0.095 0.022 0.212 0.094 0.186 0.005 0.048 0.112 0.122 0.010 0.093 0.165 
 254   (0.084) 0.081 0.069 0.021 0.240 0.077 0.084 0.034 0.083 0.125 0.133 0.010 0.068 0.009 
 250   (0.091) 0.034 0.067 0.183 0.428 0.079 0.334 0.090 0.135 0.023 0.073 0.012 0.069 0.089 
 248   (0.021) 0.009 0.024 0.006 0.001 0.022 0.003 0.012 0.001 0.003 0.005 0.002 0.028 0.003 

Locus 22 : 22 
7 alleles
0.0% missing data
 167   (0.178) 0.179 0.180 0.081 0.071 0.179 0.130 0.331 0.122 0.118 0.057 0.636 0.187 0.196 
 177   (0.289) 0.224 0.301 0.262 0.044 0.291 0.267 0.261 0.171 0.219 0.442 0.171 0.290 0.585 
 165   (0.048) 0.014 0.048 0.014 0.075 0.051 0.007 0.006 0.016 0.008 0.154 0.005 0.058 0.007 
 173   (0.282) 0.469 0.260 0.564 0.204 0.265 0.138 0.368 0.214 0.553 0.279 0.166 0.249 0.172 
 175   (0.136) 0.095 0.133 0.052 0.494 0.137 0.448 0.031 0.257 0.090 0.049 0.016 0.131 0.033 
 163   (0.047) 0.014 0.043 0.023 0.111 0.048 0.006 0.003 0.219 0.008 0.013 0.005 0.049 0.005 
 159   (0.021) 0.004 0.035 0.004 0.001 0.028 0.002 0.001 0.001 0.003 0.007 0.002 0.036 0.002 

Locus 23 : 23 
11 alleles
1.0% missing data
 152   (0.442) 0.545 0.429 0.528 0.107 0.437 0.474 0.641 0.373 0.658 0.541 0.124 0.422 0.483 
 154   (0.011) 0.002 0.006 0.002 0.001 0.008 0.001 0.064 0.001 0.002 0.003 0.001 0.006 0.026 
 146   (0.218) 0.348 0.208 0.319 0.014 0.215 0.082 0.232 0.137 0.220 0.215 0.842 0.215 0.223 
 166   (0.088) 0.033 0.107 0.030 0.006 0.096 0.120 0.022 0.006 0.019 0.165 0.009 0.101 0.212 
 156   (0.018) 0.004 0.010 0.019 0.103 0.013 0.002 0.000 0.306 0.007 0.004 0.002 0.010 0.001 
 162   (0.048) 0.016 0.062 0.016 0.135 0.054 0.006 0.001 0.069 0.009 0.019 0.004 0.058 0.004 
 142   (0.017) 0.004 0.012 0.003 0.029 0.015 0.002 0.000 0.001 0.056 0.004 0.002 0.013 0.001 
 150   (0.036) 0.019 0.038 0.012 0.113 0.037 0.089 0.008 0.002 0.009 0.012 0.004 0.043 0.007 
 164   (0.031) 0.008 0.027 0.007 0.068 0.028 0.004 0.013 0.002 0.005 0.007 0.003 0.025 0.035 
 158   (0.080) 0.019 0.092 0.061 0.425 0.089 0.011 0.018 0.103 0.015 0.027 0.009 0.099 0.007 
 148   (0.011) 0.002 0.008 0.002 0.001 0.009 0.208 0.000 0.001 0.002 0.002 0.001 0.007 0.001 

Locus 24 : 24 
7 alleles
0.5% missing data
 154   (0.542) 0.625 0.559 0.620 0.187 0.560 0.403 0.538 0.224 0.525 0.522 0.932 0.582 0.408 
 158   (0.026) 0.005 0.024 0.005 0.140 0.023 0.003 0.003 0.002 0.004 0.139 0.019 0.020 0.002 
 144   (0.170) 0.201 0.143 0.122 0.242 0.156 0.558 0.174 0.635 0.397 0.057 0.023 0.144 0.188 
 160   (0.109) 0.104 0.096 0.214 0.015 0.100 0.014 0.190 0.104 0.032 0.185 0.012 0.087 0.231 
 156   (0.127) 0.057 0.158 0.033 0.414 0.138 0.018 0.036 0.034 0.038 0.091 0.012 0.149 0.076 
 152   (0.016) 0.005 0.009 0.004 0.001 0.012 0.002 0.058 0.001 0.002 0.004 0.001 0.009 0.094 
 146   (0.010) 0.002 0.011 0.002 0.001 0.011 0.002 0.000 0.001 0.001 0.002 0.001 0.009 0.001 

Locus 25 : 25 
4 alleles
0.3% missing data
  81   (0.372) 0.435 0.387 0.304 0.372 0.388 0.255 0.157 0.025 0.437 0.475 0.708 0.408 0.307 
  83   (0.459) 0.311 0.459 0.478 0.593 0.451 0.722 0.498 0.920 0.417 0.464 0.237 0.444 0.563 
  77   (0.087) 0.167 0.074 0.060 0.005 0.081 0.011 0.331 0.050 0.046 0.035 0.042 0.070 0.069 
  85   (0.081) 0.086 0.080 0.157 0.030 0.080 0.011 0.014 0.006 0.100 0.026 0.012 0.079 0.061 

Locus 26 : 26 
6 alleles
0.3% missing data
 126   (0.031) 0.007 0.024 0.007 0.012 0.027 0.004 0.055 0.002 0.005 0.008 0.004 0.022 0.044 
 132   (0.320) 0.264 0.317 0.390 0.022 0.323 0.209 0.518 0.445 0.399 0.281 0.922 0.329 0.236 
 124   (0.532) 0.590 0.552 0.552 0.482 0.534 0.402 0.409 0.545 0.458 0.641 0.060 0.535 0.708 
 122   (0.079) 0.130 0.072 0.041 0.459 0.078 0.030 0.017 0.005 0.132 0.061 0.011 0.078 0.008 
 136   (0.014) 0.004 0.015 0.005 0.001 0.015 0.002 0.000 0.001 0.002 0.004 0.001 0.013 0.001 
 120   (0.024) 0.006 0.020 0.004 0.024 0.023 0.352 0.001 0.001 0.004 0.006 0.002 0.022 0.002 

Locus 27 : 27 
7 alleles
0.0% missing data
 183   (0.352) 0.274 0.359 0.318 0.204 0.351 0.330 0.581 0.423 0.386 0.353 0.181 0.353 0.494 
 175   (0.266) 0.307 0.285 0.484 0.017 0.276 0.036 0.243 0.446 0.150 0.387 0.104 0.292 0.240 
 165   (0.232) 0.214 0.227 0.123 0.105 0.231 0.307 0.117 0.056 0.426 0.210 0.692 0.226 0.166 
 179   (0.096) 0.187 0.079 0.065 0.289 0.091 0.321 0.057 0.006 0.030 0.037 0.018 0.084 0.096 
 181   (0.037) 0.015 0.039 0.008 0.268 0.038 0.004 0.001 0.069 0.006 0.009 0.003 0.035 0.003 
 185   (0.008) 0.002 0.005 0.001 0.117 0.006 0.001 0.000 0.000 0.001 0.002 0.001 0.005 0.001 
 157   (0.008) 0.002 0.006 0.001 0.000 0.007 0.001 0.000 0.000 0.001 0.002 0.001 0.006 0.001 

Locus 28 : 28 
4 alleles
0.0% missing data
 142   (0.647) 0.636 0.652 0.752 0.525 0.649 0.341 0.721 0.744 0.851 0.650 0.324 0.654 0.613 
 148   (0.191) 0.145 0.202 0.103 0.261 0.200 0.639 0.070 0.067 0.058 0.062 0.407 0.208 0.170 
 138   (0.046) 0.011 0.033 0.011 0.046 0.038 0.006 0.197 0.003 0.050 0.016 0.258 0.030 0.205 
 150   (0.116) 0.208 0.113 0.134 0.168 0.114 0.015 0.012 0.186 0.040 0.272 0.011 0.108 0.012 

Locus 29 : 29 
6 alleles
1.0% missing data
 260   (0.397) 0.534 0.392 0.530 0.231 0.397 0.075 0.359 0.375 0.499 0.466 0.272 0.405 0.411 
 262   (0.486) 0.389 0.487 0.354 0.684 0.484 0.909 0.631 0.551 0.420 0.460 0.715 0.473 0.579 
 264   (0.019) 0.008 0.020 0.069 0.001 0.018 0.002 0.001 0.001 0.003 0.006 0.002 0.017 0.001 
 256   (0.077) 0.065 0.077 0.044 0.083 0.080 0.011 0.008 0.072 0.056 0.062 0.010 0.084 0.007 
 258   (0.013) 0.003 0.020 0.002 0.001 0.014 0.001 0.000 0.001 0.002 0.004 0.001 0.017 0.001 
 266   (0.008) 0.002 0.005 0.001 0.000 0.006 0.001 0.000 0.000 0.020 0.002 0.001 0.004 0.001 

Locus 30 : 30 
7 alleles
0.5% missing data
 150   (0.434) 0.600 0.453 0.409 0.234 0.441 0.145 0.697 0.292 0.629 0.274 0.144 0.456 0.503 
 146   (0.266) 0.203 0.269 0.342 0.313 0.271 0.038 0.183 0.340 0.140 0.284 0.084 0.265 0.241 
 140   (0.188) 0.169 0.178 0.225 0.405 0.185 0.802 0.078 0.061 0.089 0.204 0.725 0.178 0.052 
 148   (0.073) 0.018 0.068 0.015 0.039 0.069 0.010 0.037 0.305 0.057 0.167 0.043 0.068 0.183 
 152   (0.023) 0.005 0.023 0.005 0.008 0.022 0.003 0.001 0.002 0.082 0.062 0.003 0.024 0.002 
 151   (0.008) 0.003 0.005 0.002 0.000 0.006 0.001 0.002 0.000 0.001 0.002 0.001 0.005 0.019 
 142   (0.008) 0.002 0.005 0.002 0.001 0.006 0.001 0.002 0.001 0.001 0.006 0.001 0.005 0.001 

Locus 31 : 31 
6 alleles
0.3% missing data
 125   (0.282) 0.129 0.324 0.136 0.146 0.306 0.158 0.476 0.031 0.077 0.129 0.631 0.319 0.334 
 129   (0.419) 0.578 0.396 0.591 0.068 0.404 0.225 0.476 0.783 0.587 0.571 0.310 0.404 0.584 
 123   (0.166) 0.164 0.150 0.222 0.113 0.159 0.022 0.045 0.104 0.272 0.157 0.046 0.149 0.071 
 131   (0.046) 0.061 0.055 0.029 0.140 0.050 0.007 0.001 0.003 0.010 0.020 0.004 0.059 0.004 
 127   (0.075) 0.065 0.066 0.019 0.532 0.070 0.542 0.002 0.078 0.053 0.120 0.008 0.061 0.006 
 121   (0.012) 0.003 0.009 0.002 0.001 0.010 0.045 0.000 0.001 0.002 0.003 0.001 0.008 0.001 

Locus 32 : 32 
6 alleles
0.3% missing data
 155   (0.551) 0.346 0.586 0.373 0.404 0.569 0.601 0.705 0.709 0.619 0.391 0.557 0.597 0.761 
 153   (0.080) 0.063 0.083 0.086 0.322 0.079 0.072 0.082 0.005 0.023 0.037 0.052 0.079 0.007 
 159   (0.150) 0.295 0.125 0.414 0.199 0.138 0.019 0.118 0.010 0.163 0.156 0.070 0.124 0.185 
 157   (0.178) 0.286 0.172 0.119 0.065 0.174 0.140 0.092 0.021 0.187 0.403 0.316 0.164 0.043 
 151   (0.034) 0.008 0.027 0.007 0.009 0.032 0.167 0.004 0.255 0.006 0.011 0.004 0.028 0.003 
 163   (0.008) 0.002 0.006 0.002 0.000 0.007 0.001 0.001 0.001 0.002 0.002 0.001 0.006 0.001 

Locus 33 : 33 
5 alleles
1.0% missing data
  92   (0.337) 0.443 0.318 0.427 0.489 0.329 0.140 0.256 0.439 0.288 0.181 0.406 0.309 0.239 
  95   (0.158) 0.129 0.179 0.070 0.223 0.167 0.298 0.129 0.409 0.036 0.439 0.017 0.183 0.027 
  91   (0.427) 0.406 0.415 0.484 0.248 0.420 0.553 0.566 0.146 0.662 0.356 0.541 0.415 0.649 
  94   (0.069) 0.021 0.083 0.017 0.030 0.078 0.009 0.049 0.005 0.013 0.022 0.036 0.087 0.085 
  90   (0.008) 0.002 0.005 0.002 0.010 0.006 0.001 0.000 0.001 0.001 0.002 0.001 0.005 0.001 

Locus 34 : 34 
5 alleles
0.0% missing data
 146   (0.304) 0.316 0.314 0.394 0.654 0.313 0.584 0.071 0.310 0.344 0.157 0.059 0.318 0.059 
 150   (0.579) 0.636 0.573 0.495 0.240 0.576 0.400 0.846 0.640 0.632 0.559 0.928 0.579 0.893 
 148   (0.064) 0.031 0.055 0.022 0.039 0.057 0.009 0.081 0.047 0.012 0.214 0.007 0.048 0.041 
 154   (0.039) 0.014 0.049 0.025 0.066 0.043 0.005 0.001 0.002 0.008 0.010 0.004 0.046 0.005 
 152   (0.015) 0.004 0.009 0.063 0.001 0.011 0.002 0.000 0.001 0.004 0.060 0.001 0.009 0.001 

Locus 35 : 35 
7 alleles
0.0% missing data
 180   (0.451) 0.360 0.477 0.246 0.361 0.459 0.727 0.615 0.670 0.456 0.368 0.424 0.472 0.405 
 184   (0.210) 0.091 0.196 0.519 0.179 0.201 0.231 0.150 0.072 0.291 0.226 0.429 0.188 0.138 
 196   (0.116) 0.151 0.111 0.155 0.029 0.110 0.015 0.173 0.007 0.103 0.038 0.120 0.101 0.207 
 198   (0.073) 0.031 0.078 0.016 0.258 0.081 0.009 0.018 0.067 0.015 0.024 0.009 0.094 0.195 
 194   (0.015) 0.003 0.009 0.003 0.001 0.011 0.002 0.038 0.001 0.002 0.005 0.002 0.008 0.044 
 192   (0.125) 0.263 0.123 0.050 0.172 0.129 0.015 0.006 0.182 0.131 0.335 0.014 0.130 0.010 
 190   (0.011) 0.101 0.007 0.011 0.001 0.008 0.001 0.000 0.001 0.002 0.003 0.001 0.006 0.001 

Locus 36 : 36 
6 alleles
0.0% missing data
 110   (0.177) 0.174 0.176 0.050 0.114 0.180 0.188 0.382 0.072 0.085 0.061 0.268 0.192 0.167 
 112   (0.347) 0.320 0.361 0.481 0.052 0.354 0.046 0.503 0.059 0.365 0.485 0.063 0.357 0.706 
 108   (0.128) 0.105 0.129 0.081 0.585 0.132 0.133 0.009 0.112 0.113 0.039 0.015 0.130 0.012 
  90   (0.037) 0.026 0.028 0.007 0.002 0.031 0.449 0.017 0.002 0.006 0.165 0.059 0.026 0.010 
 106   (0.302) 0.374 0.302 0.380 0.246 0.296 0.183 0.088 0.709 0.430 0.248 0.596 0.291 0.104 
  96   (0.008) 0.002 0.005 0.001 0.001 0.006 0.001 0.000 0.046 0.001 0.002 0.001 0.004 0.001 

Locus 37 : 37 
9 alleles
0.0% missing data
 172   (0.332) 0.365 0.321 0.358 0.155 0.333 0.046 0.458 0.583 0.441 0.424 0.436 0.347 0.229 
 176   (0.098) 0.028 0.100 0.024 0.099 0.098 0.013 0.122 0.017 0.017 0.120 0.020 0.089 0.340 
 166   (0.059) 0.032 0.045 0.114 0.004 0.051 0.008 0.275 0.004 0.118 0.078 0.011 0.047 0.234 
 170   (0.280) 0.235 0.308 0.207 0.348 0.285 0.586 0.135 0.323 0.222 0.146 0.494 0.291 0.167 
 174   (0.129) 0.280 0.133 0.084 0.045 0.136 0.018 0.006 0.067 0.167 0.161 0.012 0.133 0.013 
 178   (0.035) 0.023 0.034 0.114 0.002 0.035 0.004 0.002 0.002 0.007 0.022 0.021 0.031 0.010 
 186   (0.017) 0.025 0.010 0.088 0.023 0.012 0.002 0.000 0.001 0.003 0.005 0.001 0.009 0.001 
 168   (0.043) 0.012 0.043 0.010 0.323 0.043 0.321 0.001 0.003 0.025 0.043 0.004 0.047 0.003 
 158   (0.008) 0.002 0.008 0.002 0.000 0.007 0.001 0.000 0.000 0.001 0.002 0.001 0.006 0.001 

Locus 38 : 38 
6 alleles
0.0% missing data
  85   (0.168) 0.085 0.156 0.120 0.017 0.165 0.515 0.226 0.239 0.165 0.213 0.270 0.168 0.234 
  89   (0.557) 0.682 0.546 0.776 0.609 0.556 0.345 0.656 0.506 0.518 0.706 0.246 0.563 0.670 
  83   (0.140) 0.113 0.153 0.039 0.314 0.145 0.018 0.029 0.246 0.119 0.043 0.427 0.146 0.045 
  95   (0.060) 0.055 0.049 0.043 0.028 0.054 0.008 0.079 0.004 0.148 0.017 0.049 0.046 0.044 
  81   (0.056) 0.060 0.083 0.019 0.004 0.064 0.011 0.010 0.004 0.044 0.017 0.007 0.064 0.005 
  91   (0.019) 0.004 0.014 0.003 0.028 0.016 0.104 0.001 0.001 0.005 0.005 0.002 0.013 0.001 

Locus 39 : 39 
10 alleles
0.0% missing data
 161   (0.342) 0.338 0.338 0.245 0.696 0.337 0.416 0.551 0.374 0.213 0.469 0.088 0.328 0.581 
 169   (0.101) 0.125 0.105 0.180 0.006 0.102 0.235 0.095 0.006 0.138 0.034 0.647 0.114 0.083 
 159   (0.019) 0.004 0.014 0.004 0.001 0.017 0.002 0.036 0.001 0.005 0.005 0.002 0.017 0.014 
 173   (0.253) 0.354 0.234 0.361 0.176 0.252 0.191 0.135 0.514 0.168 0.403 0.195 0.247 0.087 
 165   (0.219) 0.162 0.240 0.160 0.117 0.227 0.148 0.172 0.100 0.397 0.070 0.063 0.229 0.229 
 175   (0.012) 0.002 0.007 0.039 0.001 0.009 0.001 0.000 0.001 0.069 0.003 0.001 0.006 0.001 
 155   (0.018) 0.004 0.025 0.003 0.001 0.021 0.002 0.000 0.001 0.004 0.007 0.002 0.020 0.001 
 167   (0.018) 0.004 0.019 0.004 0.001 0.019 0.002 0.011 0.001 0.003 0.005 0.002 0.024 0.002 
 177   (0.008) 0.003 0.006 0.001 0.000 0.007 0.001 0.000 0.000 0.001 0.002 0.001 0.006 0.001 
 168   (0.010) 0.002 0.013 0.002 0.001 0.010 0.001 0.000 0.001 0.002 0.002 0.001 0.009 0.001 

Locus 40 : 40 
6 alleles
0.8% missing data
  89   (0.423) 0.450 0.432 0.561 0.233 0.425 0.055 0.557 0.093 0.650 0.536 0.752 0.430 0.706 
  91   (0.153) 0.135 0.176 0.056 0.106 0.164 0.167 0.144 0.188 0.039 0.085 0.193 0.179 0.020 
  85   (0.191) 0.199 0.188 0.235 0.234 0.187 0.118 0.034 0.474 0.215 0.172 0.027 0.180 0.071 
  83   (0.008) 0.002 0.005 0.002 0.001 0.006 0.001 0.003 0.001 0.001 0.003 0.001 0.005 0.001 
  87   (0.107) 0.140 0.090 0.032 0.420 0.096 0.644 0.170 0.129 0.034 0.051 0.015 0.085 0.134 
  81   (0.118) 0.073 0.108 0.113 0.007 0.121 0.015 0.091 0.116 0.060 0.152 0.012 0.121 0.068 

Locus 41 : 41 
4 alleles
0.5% missing data
 167   (0.755) 0.841 0.759 0.929 0.409 0.756 0.638 0.919 0.861 0.606 0.829 0.919 0.759 0.899 
 161   (0.203) 0.126 0.207 0.060 0.467 0.205 0.357 0.079 0.136 0.279 0.159 0.075 0.201 0.098 
 165   (0.033) 0.028 0.028 0.008 0.123 0.032 0.004 0.001 0.002 0.114 0.010 0.005 0.034 0.003 
 177   (0.008) 0.005 0.006 0.002 0.000 0.007 0.001 0.000 0.001 0.001 0.002 0.001 0.006 0.001 

Locus 42 : 42 
6 alleles
0.5% missing data
 228   (0.439) 0.463 0.419 0.661 0.114 0.430 0.640 0.514 0.235 0.430 0.621 0.711 0.424 0.652 
 238   (0.329) 0.338 0.371 0.275 0.073 0.344 0.094 0.325 0.116 0.331 0.209 0.059 0.358 0.274 
 236   (0.100) 0.079 0.083 0.027 0.297 0.093 0.250 0.064 0.390 0.039 0.050 0.217 0.086 0.016 
 224   (0.030) 0.007 0.020 0.006 0.013 0.025 0.004 0.094 0.002 0.005 0.087 0.003 0.019 0.049 
 240   (0.090) 0.110 0.098 0.028 0.503 0.097 0.011 0.002 0.256 0.192 0.030 0.008 0.103 0.007 
 232   (0.012) 0.004 0.009 0.004 0.001 0.011 0.001 0.001 0.001 0.003 0.003 0.001 0.010 0.003 

Locus 43 : 43 
7 alleles
0.0% missing data
 130   (0.536) 0.495 0.563 0.409 0.732 0.552 0.071 0.636 0.775 0.388 0.566 0.680 0.573 0.515 
 134   (0.104) 0.080 0.119 0.087 0.178 0.109 0.242 0.012 0.007 0.032 0.121 0.011 0.109 0.011 
 114   (0.050) 0.012 0.043 0.010 0.003 0.047 0.422 0.109 0.003 0.008 0.104 0.036 0.040 0.055 
 128   (0.131) 0.176 0.116 0.177 0.008 0.123 0.017 0.123 0.034 0.281 0.151 0.250 0.114 0.130 
 132   (0.106) 0.119 0.100 0.286 0.006 0.101 0.014 0.117 0.049 0.161 0.036 0.014 0.102 0.284 
 118   (0.065) 0.116 0.053 0.028 0.073 0.060 0.234 0.003 0.132 0.130 0.020 0.008 0.056 0.005 
 136   (0.008) 0.002 0.006 0.001 0.000 0.007 0.001 0.000 0.000 0.001 0.002 0.001 0.006 0.001 

Locus 44 : 44 
6 alleles
0.8% missing data
  98   (0.118) 0.029 0.102 0.028 0.252 0.108 0.252 0.224 0.097 0.129 0.186 0.087 0.101 0.097 
 104   (0.410) 0.519 0.437 0.442 0.227 0.428 0.058 0.208 0.413 0.512 0.544 0.101 0.448 0.134 
 102   (0.267) 0.364 0.259 0.363 0.017 0.260 0.545 0.410 0.476 0.306 0.202 0.068 0.256 0.444 
 106   (0.008) 0.002 0.006 0.004 0.000 0.007 0.001 0.001 0.001 0.001 0.004 0.001 0.006 0.001 
  92   (0.127) 0.063 0.137 0.142 0.324 0.131 0.054 0.093 0.008 0.022 0.039 0.015 0.130 0.283 
  96   (0.070) 0.022 0.060 0.023 0.180 0.066 0.088 0.064 0.004 0.031 0.025 0.728 0.059 0.042 

Locus 45 : 45 
5 alleles
0.3% missing data
 101   (0.308) 0.237 0.325 0.359 0.354 0.311 0.041 0.472 0.185 0.169 0.434 0.078 0.301 0.284 
 103   (0.303) 0.376 0.282 0.469 0.102 0.298 0.250 0.175 0.347 0.476 0.145 0.450 0.286 0.332 
  95   (0.236) 0.299 0.236 0.124 0.351 0.234 0.097 0.318 0.458 0.243 0.096 0.387 0.242 0.205 
  99   (0.142) 0.086 0.150 0.046 0.188 0.148 0.416 0.034 0.009 0.111 0.322 0.083 0.164 0.179 
  97   (0.011) 0.003 0.007 0.003 0.005 0.009 0.196 0.000 0.001 0.002 0.003 0.001 0.007 0.001 

Locus 46 : 46 
7 alleles
0.3% missing data
 181   (0.584) 0.599 0.568 0.753 0.145 0.580 0.537 0.753 0.859 0.697 0.571 0.945 0.572 0.718 
 191   (0.274) 0.322 0.308 0.180 0.637 0.285 0.248 0.189 0.102 0.133 0.389 0.041 0.298 0.108 
 177   (0.066) 0.061 0.053 0.044 0.096 0.060 0.009 0.056 0.004 0.062 0.019 0.007 0.053 0.168 
 193   (0.015) 0.003 0.009 0.011 0.011 0.011 0.002 0.000 0.001 0.096 0.004 0.001 0.008 0.001 
 179   (0.043) 0.011 0.046 0.009 0.110 0.049 0.201 0.001 0.003 0.006 0.012 0.004 0.054 0.004 
 189   (0.008) 0.001 0.004 0.001 0.000 0.006 0.001 0.000 0.031 0.001 0.002 0.001 0.004 0.001 
 183   (0.011) 0.002 0.011 0.002 0.001 0.011 0.002 0.000 0.001 0.005 0.003 0.001 0.010 0.001 

Locus 47 : 47 
6 alleles
0.8% missing data
 205   (0.455) 0.437 0.481 0.682 0.306 0.469 0.273 0.498 0.409 0.528 0.395 0.883 0.501 0.557 
 207   (0.152) 0.205 0.140 0.169 0.074 0.143 0.020 0.118 0.203 0.216 0.097 0.059 0.126 0.199 
 211   (0.225) 0.133 0.230 0.108 0.386 0.228 0.317 0.256 0.269 0.126 0.415 0.038 0.224 0.148 
 201   (0.068) 0.152 0.060 0.018 0.044 0.063 0.376 0.078 0.004 0.017 0.023 0.010 0.056 0.046 
 215   (0.086) 0.070 0.074 0.020 0.181 0.082 0.012 0.049 0.114 0.109 0.065 0.009 0.078 0.048 
 202   (0.014) 0.003 0.015 0.003 0.009 0.015 0.002 0.000 0.001 0.004 0.005 0.001 0.015 0.001 

Locus 48 : 48 
9 alleles
1.0% missing data
 144   (0.079) 0.106 0.066 0.022 0.010 0.074 0.013 0.226 0.132 0.017 0.030 0.063 0.070 0.203 
 166   (0.144) 0.072 0.120 0.179 0.017 0.134 0.061 0.306 0.382 0.340 0.050 0.467 0.123 0.190 
 168   (0.144) 0.089 0.136 0.038 0.225 0.140 0.198 0.241 0.110 0.054 0.088 0.065 0.125 0.064 
 142   (0.349) 0.474 0.375 0.647 0.148 0.360 0.051 0.099 0.285 0.461 0.679 0.360 0.387 0.220 
 158   (0.165) 0.192 0.182 0.072 0.127 0.174 0.026 0.122 0.083 0.037 0.120 0.033 0.183 0.296 
 162   (0.031) 0.008 0.026 0.006 0.168 0.031 0.083 0.001 0.002 0.075 0.008 0.003 0.033 0.003 
 164   (0.046) 0.041 0.058 0.025 0.180 0.048 0.006 0.001 0.003 0.008 0.013 0.005 0.046 0.014 
 170   (0.015) 0.003 0.014 0.003 0.043 0.013 0.002 0.002 0.001 0.002 0.004 0.002 0.013 0.001 
 156   (0.028) 0.015 0.023 0.008 0.082 0.025 0.560 0.001 0.002 0.005 0.008 0.002 0.020 0.009 

Locus 49 : 49 
7 alleles
7.6% missing data
 151   (0.183) 0.176 0.172 0.208 0.094 0.177 0.064 0.180 0.012 0.138 0.367 0.119 0.165 0.555 
 153   (0.217) 0.295 0.239 0.317 0.042 0.226 0.027 0.364 0.027 0.344 0.222 0.128 0.251 0.165 
 149   (0.367) 0.315 0.368 0.354 0.763 0.369 0.330 0.221 0.331 0.448 0.334 0.426 0.366 0.167 
 145   (0.177) 0.196 0.179 0.110 0.038 0.177 0.529 0.195 0.626 0.061 0.060 0.320 0.174 0.086 
 147   (0.030) 0.012 0.023 0.006 0.005 0.026 0.048 0.036 0.002 0.005 0.010 0.003 0.023 0.025 
 143   (0.018) 0.004 0.015 0.003 0.058 0.018 0.002 0.001 0.001 0.003 0.004 0.002 0.016 0.002 
 152   (0.008) 0.002 0.005 0.002 0.001 0.006 0.001 0.003 0.001 0.001 0.003 0.002 0.005 0.001 

Values of parameters used in structure:
DATAFILE=temp3.str,	OUTFILE=k13/temp3_k13_run10,	NUMINDS=396,	NUMLOCI=49,	MISSING=-9,	LABEL=1,	POPDATA=1,	POPFLAG=0,	PHENOTYPE=0,	EXTRACOLS=0,	MAXPOPS=13,	BURNIN=500000,	NUMREPS=750000,	USEPOPINFO=0,	INFERALPHA=1,	INFERLAMBDA=0,	POPSPECIFICLAMBDA=0,	POPALPHAS=0,	COMPUTEPROB=1,	NOADMIX=0,	ADMBURNIN=500,	UPDATEFREQ=100,	PRINTLIKES=0,	INTERMEDSAVE=0,	PRINTKLD=0,	PRINTNET=1,	PRINTLAMBDA=1,	ANCESTDIST=0,	NUMBOXES=1000,	ANCESTPINT=0.90000,	GENSBACK=2,	MIGRPRIOR=0.01000,	PRINTQHAT=0,	PRINTQSUM=1,	ALPHA=1.0000,	FREQSCORR=1,	FPRIORMEAN=0.0100,	FPRIORSD=0.0500,	ONEFST=0,	LAMBDA=1.0000,	UNIFPRIORALPHA=1,	ALPHAMAX=10.0000,	ALPHAPRIORA=1.0000,	ALPHAPRIORB=2.0000,	ALPHAPROPSD=0.0250,	STARTATPOPINFO=0,	RANDOMIZE=0,	LINKAGE=0,	METROFREQ=10,	REPORTHITRATE=0,	MARKOVPHASE=0,	PHASED=1,	PLOIDY=2,	PHASEINFO=0	LOCPRIOR=0, 	LOCPRIORINIT=1.000000, 	LOCDATA=0, 	LOCISPOP=1, 	LOCPRIORSTEP=0.100000, 	MAXLOCPRIOR=20.000000, 	SEED=592525,	
[STRAT parameters]:    NUMSIMSTATS=1000,	PHENOTYPECOL=-9,	POOLFREQ=10,	LOCUSxONLY=0,	EMERROR=0.00100,	MISSINGPHENO=-9,	