

----------------------------------------------------
STRUCTURE by Pritchard, Stephens and Donnelly (2000)
     and Falush, Stephens and Pritchard (2003)
       Code by Pritchard, Falush and Hubisz
             Version 2.3.4 (Jul 2012)
----------------------------------------------------



Command line arguments:   structure -D 712169 -K 13 -m mainparams -o k13/temp3_k13_run5 
Input File:    temp3.str

Run parameters:
   396 individuals
   49 loci
   13 populations assumed
   500000 Burn-in period
   750000 Reps
RANDOMIZE turned off


--------------------------------------------
Proportion of membership of each pre-defined
 population in each of the 13 clusters

Given    Inferred Clusters                                                                             Number of
 Pop       1      2      3      4      5      6      7      8      9     10     11     12     13      Individuals

  1:     0.015  0.009  0.008  0.011  0.007  0.011  0.003  0.005  0.011  0.009  0.012  0.888  0.010       20
  2:     0.006  0.006  0.006  0.704  0.006  0.006  0.003  0.004  0.010  0.005  0.007  0.227  0.011       31
  3:     0.009  0.012  0.014  0.028  0.011  0.008  0.004  0.004  0.006  0.004  0.006  0.884  0.010       20
  4:     0.047  0.038  0.036  0.170  0.021  0.045  0.098  0.012  0.058  0.007  0.021  0.433  0.013        8
  5:     0.005  0.004  0.004  0.004  0.004  0.004  0.003  0.003  0.005  0.952  0.004  0.005  0.003       29
  6:     0.005  0.003  0.003  0.002  0.003  0.004  0.033  0.931  0.002  0.003  0.003  0.003  0.004        8
  7:     0.200  0.197  0.185  0.014  0.024  0.255  0.012  0.007  0.024  0.022  0.041  0.011  0.009       21
  8:     0.271  0.171  0.148  0.011  0.032  0.232  0.022  0.013  0.013  0.027  0.030  0.022  0.008       34
  9:     0.057  0.111  0.121  0.019  0.233  0.050  0.006  0.005  0.093  0.008  0.270  0.020  0.009       32
 10:     0.041  0.079  0.084  0.024  0.310  0.041  0.003  0.004  0.135  0.015  0.240  0.018  0.007       25
 11:     0.165  0.173  0.173  0.012  0.136  0.164  0.013  0.007  0.076  0.010  0.048  0.010  0.012       30
 12:     0.005  0.004  0.004  0.004  0.003  0.005  0.950  0.007  0.005  0.004  0.003  0.003  0.003       35
 13:     0.024  0.019  0.020  0.210  0.009  0.020  0.003  0.004  0.018  0.006  0.013  0.643  0.012       19
 14:     0.008  0.008  0.009  0.165  0.014  0.007  0.002  0.004  0.011  0.004  0.022  0.392  0.355       17
 15:     0.079  0.217  0.218  0.009  0.008  0.406  0.009  0.002  0.009  0.006  0.007  0.013  0.018        4
 16:     0.011  0.010  0.010  0.059  0.008  0.010  0.003  0.004  0.008  0.007  0.009  0.854  0.008       63
--------------------------------------------

Allele-freq. divergence among pops (Net nucleotide distance),
computed using point estimates of P.

      1       2       3       4       5       6       7       8       9      10      11      12      13      
 1      -    0.0021  0.0032  0.0324  0.0216  0.0008  0.0772  0.0946  0.0229  0.0516  0.0200  0.0275  0.1027  
 2   0.0021     -    0.0002  0.0380  0.0202  0.0020  0.0868  0.1045  0.0227  0.0573  0.0187  0.0309  0.1092  
 3   0.0032  0.0002     -    0.0398  0.0203  0.0032  0.0894  0.1069  0.0231  0.0590  0.0190  0.0322  0.1114  
 4   0.0324  0.0380  0.0398     -    0.0568  0.0343  0.1339  0.1363  0.0549  0.0896  0.0538  0.0267  0.1164  
 5   0.0216  0.0202  0.0203  0.0568     -    0.0233  0.1279  0.1288  0.0453  0.0785  0.0264  0.0455  0.1273  
 6   0.0008  0.0020  0.0032  0.0343  0.0233     -    0.0810  0.0995  0.0244  0.0543  0.0222  0.0289  0.1034  
 7   0.0772  0.0868  0.0894  0.1339  0.1279  0.0810     -    0.1138  0.1052  0.1186  0.1192  0.1400  0.2157  
 8   0.0946  0.1045  0.1069  0.1363  0.1288  0.0995  0.1138     -    0.1341  0.1345  0.1273  0.1409  0.2069  
 9   0.0229  0.0227  0.0231  0.0549  0.0453  0.0244  0.1052  0.1341     -    0.0837  0.0368  0.0521  0.1320  
10   0.0516  0.0573  0.0590  0.0896  0.0785  0.0543  0.1186  0.1345  0.0837     -    0.0758  0.0776  0.1618  
11   0.0200  0.0187  0.0190  0.0538  0.0264  0.0222  0.1192  0.1273  0.0368  0.0758     -    0.0492  0.1320  
12   0.0275  0.0309  0.0322  0.0267  0.0455  0.0289  0.1400  0.1409  0.0521  0.0776  0.0492     -    0.1060  
13   0.1027  0.1092  0.1114  0.1164  0.1273  0.1034  0.2157  0.2069  0.1320  0.1618  0.1320  0.1060     -    

Average distances (expected heterozygosity) between individuals in same cluster:
cluster  1  : 0.6532 
cluster  2  : 0.6310 
cluster  3  : 0.6256 
cluster  4  : 0.5518 
cluster  5  : 0.5557 
cluster  6  : 0.6429 
cluster  7  : 0.6368 
cluster  8  : 0.5295 
cluster  9  : 0.5854 
cluster 10  : 0.5507 
cluster 11  : 0.5797 
cluster 12  : 0.5432 
cluster 13  : 0.4275 

--------------------------------------------
Estimated Ln Prob of Data   = -44295.1
Mean value of ln likelihood = -42395.2
Variance of ln likelihood   = 3799.8
Mean value of alpha         = 0.0328

Mean value of Fst_1         = 0.0002
Mean value of Fst_2         = 0.0473
Mean value of Fst_3         = 0.0570
Mean value of Fst_4         = 0.1581
Mean value of Fst_5         = 0.1278
Mean value of Fst_6         = 0.0240
Mean value of Fst_7         = 0.1824
Mean value of Fst_8         = 0.3107
Mean value of Fst_9         = 0.1425
Mean value of Fst_10         = 0.2097
Mean value of Fst_11         = 0.1152
Mean value of Fst_12         = 0.1300
Mean value of Fst_13         = 0.4151


Inferred ancestry of individuals:
        Label (%Miss) Pop:  Inferred clusters
  1       34    (0)    1 :  0.009 0.006 0.007 0.013 0.004 0.007 0.008 0.002 0.021 0.002 0.007 0.901 0.013 
  2       38    (0)    1 :  0.036 0.019 0.017 0.012 0.032 0.027 0.006 0.005 0.013 0.041 0.013 0.762 0.017 
  3       41    (0)    1 :  0.003 0.003 0.003 0.004 0.003 0.003 0.001 0.001 0.002 0.002 0.004 0.967 0.003 
  4       44    (0)    1 :  0.007 0.004 0.004 0.006 0.004 0.005 0.001 0.001 0.005 0.003 0.004 0.952 0.004 
  5       45    (0)    1 :  0.003 0.004 0.004 0.015 0.004 0.003 0.001 0.002 0.002 0.002 0.005 0.936 0.020 
  6       47    (0)    1 :  0.125 0.046 0.039 0.007 0.006 0.062 0.002 0.010 0.028 0.028 0.070 0.575 0.003 
  7       50    (0)    1 :  0.025 0.020 0.017 0.037 0.002 0.029 0.005 0.008 0.014 0.004 0.012 0.818 0.008 
  8      384    (0)    1 :  0.006 0.006 0.006 0.018 0.014 0.006 0.002 0.004 0.020 0.003 0.016 0.895 0.004 
  9      385    (2)    1 :  0.012 0.011 0.009 0.012 0.006 0.015 0.005 0.008 0.007 0.010 0.009 0.890 0.006 
 10      386    (0)    1 :  0.002 0.003 0.002 0.009 0.002 0.003 0.001 0.001 0.003 0.002 0.003 0.966 0.003 
 11      387    (0)    1 :  0.005 0.006 0.006 0.011 0.003 0.007 0.001 0.002 0.004 0.006 0.008 0.929 0.011 
 12      388    (0)    1 :  0.003 0.003 0.003 0.005 0.003 0.003 0.001 0.001 0.003 0.006 0.006 0.909 0.055 
 13      389    (0)    1 :  0.003 0.005 0.005 0.003 0.005 0.003 0.001 0.001 0.002 0.004 0.005 0.956 0.006 
 14      390    (4)    1 :  0.014 0.011 0.011 0.012 0.009 0.010 0.004 0.025 0.003 0.018 0.028 0.852 0.003 
 15      391    (0)    1 :  0.007 0.007 0.007 0.006 0.025 0.006 0.001 0.002 0.009 0.007 0.018 0.895 0.009 
 16      392    (0)    1 :  0.004 0.005 0.006 0.008 0.004 0.004 0.001 0.002 0.007 0.002 0.011 0.946 0.002 
 17      393    (2)    1 :  0.003 0.003 0.003 0.004 0.003 0.003 0.001 0.002 0.004 0.012 0.006 0.951 0.003 
 18      394    (0)    1 :  0.003 0.003 0.003 0.004 0.002 0.002 0.001 0.002 0.003 0.002 0.003 0.961 0.011 
 19      395    (0)    1 :  0.016 0.013 0.010 0.009 0.010 0.015 0.007 0.010 0.014 0.009 0.006 0.876 0.005 
 20      396    (0)    1 :  0.008 0.006 0.007 0.021 0.004 0.005 0.003 0.017 0.054 0.016 0.005 0.831 0.022 
 21      328    (0)   10 :  0.129 0.075 0.070 0.381 0.066 0.106 0.003 0.012 0.008 0.013 0.067 0.065 0.003 
 22      333    (0)   10 :  0.015 0.073 0.073 0.006 0.711 0.016 0.003 0.001 0.017 0.005 0.073 0.005 0.002 
 23      918    (0)   10 :  0.015 0.017 0.018 0.003 0.729 0.014 0.003 0.006 0.007 0.144 0.015 0.006 0.023 
 24      919    (0)   10 :  0.012 0.030 0.035 0.007 0.835 0.016 0.002 0.002 0.006 0.005 0.026 0.010 0.014 
 25      920    (0)   10 :  0.007 0.005 0.006 0.005 0.051 0.005 0.001 0.002 0.004 0.002 0.902 0.004 0.005 
 26      921    (0)   10 :  0.004 0.005 0.004 0.006 0.004 0.004 0.002 0.002 0.955 0.002 0.004 0.006 0.002 
 27      922    (0)   10 :  0.013 0.147 0.158 0.027 0.051 0.010 0.002 0.001 0.008 0.004 0.542 0.028 0.008 
 28      926    (0)   10 :  0.005 0.018 0.018 0.003 0.090 0.005 0.001 0.002 0.010 0.002 0.840 0.003 0.003 
 29      927    (0)   10 :  0.008 0.281 0.352 0.004 0.226 0.007 0.004 0.001 0.014 0.004 0.084 0.009 0.007 
 30      928    (0)   10 :  0.042 0.281 0.351 0.010 0.130 0.038 0.003 0.002 0.015 0.004 0.058 0.046 0.021 
 31      929    (0)   10 :  0.059 0.130 0.129 0.032 0.263 0.101 0.004 0.009 0.056 0.002 0.141 0.054 0.019 
 32      930    (0)   10 :  0.128 0.122 0.111 0.018 0.105 0.096 0.002 0.010 0.081 0.004 0.304 0.014 0.004 
 33      932    (0)   10 :  0.005 0.006 0.007 0.007 0.012 0.005 0.003 0.002 0.935 0.005 0.008 0.004 0.001 
 34      933    (0)   10 :  0.018 0.013 0.010 0.004 0.080 0.013 0.002 0.005 0.009 0.104 0.728 0.012 0.002 
 35      949    (0)   10 :  0.003 0.003 0.004 0.003 0.003 0.003 0.002 0.002 0.969 0.002 0.003 0.003 0.002 
 36      950    (0)   10 :  0.055 0.138 0.134 0.004 0.110 0.107 0.003 0.003 0.167 0.014 0.255 0.005 0.005 
 37      964    (4)   10 :  0.046 0.198 0.217 0.007 0.359 0.036 0.008 0.014 0.019 0.002 0.075 0.014 0.006 
 38      986    (0)   10 :  0.053 0.050 0.046 0.014 0.539 0.055 0.004 0.002 0.037 0.005 0.169 0.018 0.008 
 39      987    (0)   10 :  0.182 0.201 0.189 0.017 0.127 0.161 0.004 0.002 0.011 0.013 0.038 0.049 0.007 
 40     1001    (4)   10 :  0.005 0.008 0.008 0.005 0.941 0.005 0.002 0.002 0.005 0.002 0.007 0.008 0.003 
 41     1002    (4)   10 :  0.005 0.004 0.004 0.003 0.950 0.004 0.003 0.003 0.002 0.004 0.004 0.006 0.008 
 42     1003    (2)   10 :  0.190 0.120 0.098 0.012 0.285 0.177 0.002 0.007 0.022 0.003 0.034 0.038 0.011 
 43     1004    (0)   10 :  0.005 0.007 0.007 0.003 0.007 0.006 0.003 0.004 0.003 0.004 0.946 0.003 0.001 
 44     1005    (0)   10 :  0.017 0.040 0.046 0.004 0.131 0.018 0.001 0.003 0.010 0.013 0.671 0.041 0.006 
 45     1010    (0)   10 :  0.004 0.006 0.007 0.007 0.941 0.004 0.001 0.001 0.003 0.005 0.012 0.006 0.004 
 46      341    (0)   11 :  0.360 0.147 0.112 0.004 0.003 0.237 0.031 0.003 0.053 0.014 0.006 0.004 0.026 
 47      343    (0)   11 :  0.546 0.109 0.079 0.002 0.062 0.141 0.017 0.004 0.006 0.011 0.005 0.008 0.010 
 48      914    (0)   11 :  0.004 0.005 0.005 0.005 0.856 0.005 0.001 0.002 0.005 0.004 0.010 0.007 0.092 
 49      916    (0)   11 :  0.234 0.187 0.154 0.092 0.005 0.255 0.016 0.003 0.004 0.003 0.019 0.022 0.006 
 50      924    (0)   11 :  0.086 0.208 0.208 0.006 0.253 0.159 0.007 0.002 0.006 0.015 0.043 0.004 0.003 
 51      938    (0)   11 :  0.007 0.010 0.010 0.009 0.032 0.007 0.003 0.004 0.886 0.002 0.008 0.010 0.013 
 52      939    (0)   11 :  0.004 0.334 0.422 0.003 0.033 0.007 0.001 0.001 0.146 0.006 0.034 0.006 0.002 
 53      940    (0)   11 :  0.040 0.061 0.072 0.005 0.636 0.051 0.024 0.004 0.071 0.003 0.029 0.003 0.002 
 54      941    (2)   11 :  0.007 0.261 0.329 0.004 0.004 0.006 0.014 0.006 0.330 0.010 0.022 0.003 0.002 
 55      942    (0)   11 :  0.310 0.178 0.133 0.008 0.017 0.302 0.009 0.004 0.008 0.014 0.011 0.005 0.003 
 56      943    (0)   11 :  0.203 0.158 0.126 0.038 0.028 0.221 0.002 0.002 0.003 0.003 0.198 0.014 0.003 
 57      944    (0)   11 :  0.017 0.330 0.410 0.013 0.130 0.020 0.001 0.003 0.004 0.003 0.034 0.014 0.020 
 58      945    (0)   11 :  0.005 0.007 0.007 0.003 0.933 0.006 0.002 0.002 0.020 0.002 0.010 0.003 0.001 
 59      946    (0)   11 :  0.226 0.183 0.167 0.008 0.086 0.230 0.009 0.061 0.008 0.003 0.006 0.007 0.004 
 60      947    (0)   11 :  0.138 0.197 0.194 0.004 0.013 0.276 0.004 0.002 0.004 0.039 0.080 0.004 0.045 
 61      951    (0)   11 :  0.279 0.179 0.149 0.007 0.012 0.291 0.030 0.004 0.013 0.010 0.018 0.004 0.005 
 62      952    (0)   11 :  0.412 0.129 0.116 0.004 0.046 0.154 0.001 0.013 0.014 0.072 0.025 0.006 0.007 
 63      953    (0)   11 :  0.025 0.226 0.286 0.036 0.007 0.020 0.007 0.003 0.323 0.014 0.031 0.020 0.004 
 64      954    (0)   11 :  0.046 0.313 0.351 0.003 0.109 0.118 0.011 0.009 0.011 0.007 0.008 0.008 0.005 
 65      955    (0)   11 :  0.167 0.176 0.157 0.004 0.092 0.303 0.026 0.017 0.018 0.014 0.013 0.004 0.011 
 66      961    (6)   11 :  0.075 0.258 0.226 0.013 0.014 0.356 0.004 0.002 0.019 0.003 0.007 0.018 0.004 
 67      974    (0)   11 :  0.068 0.321 0.375 0.003 0.016 0.131 0.002 0.014 0.026 0.021 0.011 0.005 0.007 
 68      975    (4)   11 :  0.311 0.185 0.154 0.018 0.020 0.242 0.007 0.002 0.011 0.003 0.024 0.016 0.007 
 69      980    (0)   11 :  0.190 0.176 0.145 0.009 0.053 0.194 0.005 0.002 0.019 0.015 0.178 0.007 0.006 
 70      981    (0)   11 :  0.298 0.129 0.101 0.007 0.004 0.186 0.028 0.003 0.191 0.004 0.023 0.009 0.017 
 71      982    (0)   11 :  0.057 0.103 0.101 0.011 0.030 0.075 0.002 0.002 0.004 0.002 0.562 0.024 0.027 
 72      984    (0)   11 :  0.464 0.140 0.126 0.011 0.017 0.140 0.011 0.009 0.036 0.004 0.005 0.034 0.003 
 73      985    (0)   11 :  0.215 0.215 0.205 0.004 0.007 0.294 0.006 0.004 0.010 0.008 0.019 0.009 0.002 
 74     2578    (6)   11 :  0.064 0.068 0.058 0.007 0.538 0.094 0.110 0.006 0.012 0.002 0.011 0.011 0.018 
 75     2580    (2)   11 :  0.094 0.204 0.206 0.017 0.016 0.403 0.004 0.007 0.013 0.003 0.004 0.018 0.011 
 76     2470    (4)   12 :  0.004 0.005 0.005 0.002 0.003 0.004 0.964 0.002 0.003 0.002 0.005 0.002 0.001 
 77     2471    (0)   12 :  0.004 0.005 0.005 0.002 0.002 0.004 0.954 0.006 0.008 0.003 0.002 0.003 0.003 
 78     2472    (0)   12 :  0.004 0.004 0.004 0.002 0.006 0.003 0.951 0.012 0.003 0.003 0.004 0.002 0.004 
 79     2484    (0)   12 :  0.008 0.004 0.004 0.002 0.003 0.005 0.930 0.007 0.003 0.026 0.004 0.002 0.002 
 80     2486    (2)   12 :  0.002 0.002 0.002 0.002 0.002 0.002 0.972 0.004 0.004 0.003 0.002 0.002 0.001 
 81     2487    (2)   12 :  0.004 0.004 0.004 0.004 0.004 0.004 0.951 0.004 0.006 0.006 0.004 0.003 0.003 
 82     2489    (0)   12 :  0.006 0.006 0.006 0.008 0.006 0.008 0.941 0.002 0.005 0.002 0.003 0.004 0.002 
 83     2596    (2)   12 :  0.015 0.008 0.007 0.002 0.010 0.009 0.917 0.003 0.002 0.016 0.006 0.002 0.003 
 84     1366    (0)   12 :  0.003 0.003 0.003 0.002 0.002 0.003 0.970 0.003 0.002 0.001 0.002 0.002 0.003 
 85     1367    (0)   12 :  0.004 0.003 0.003 0.003 0.002 0.004 0.961 0.002 0.003 0.005 0.002 0.006 0.002 
 86     1368    (0)   12 :  0.020 0.016 0.014 0.004 0.007 0.021 0.880 0.007 0.005 0.012 0.003 0.007 0.005 
 87     1369    (0)   12 :  0.006 0.005 0.005 0.011 0.005 0.006 0.909 0.029 0.004 0.005 0.006 0.003 0.006 
 88     1370    (0)   12 :  0.004 0.004 0.004 0.002 0.003 0.005 0.961 0.006 0.002 0.002 0.002 0.002 0.002 
 89     1371    (0)   12 :  0.003 0.003 0.003 0.002 0.002 0.003 0.972 0.002 0.002 0.003 0.002 0.003 0.002 
 90     1372    (0)   12 :  0.006 0.005 0.005 0.003 0.002 0.006 0.949 0.004 0.006 0.006 0.003 0.004 0.001 
 91     1373    (0)   12 :  0.005 0.006 0.006 0.003 0.003 0.005 0.945 0.013 0.003 0.002 0.002 0.005 0.001 
 92     1374    (0)   12 :  0.003 0.003 0.003 0.002 0.002 0.003 0.971 0.003 0.002 0.004 0.002 0.002 0.001 
 93     1375    (0)   12 :  0.002 0.002 0.002 0.001 0.002 0.002 0.975 0.005 0.001 0.003 0.002 0.001 0.001 
 94     2476    (0)   12 :  0.006 0.005 0.004 0.007 0.002 0.006 0.880 0.071 0.002 0.004 0.003 0.006 0.006 
 95     2478    (2)   12 :  0.004 0.003 0.003 0.002 0.004 0.004 0.965 0.004 0.003 0.002 0.003 0.002 0.002 
 96     2479    (4)   12 :  0.003 0.003 0.003 0.002 0.002 0.003 0.971 0.003 0.003 0.002 0.002 0.002 0.001 
 97     2481    (0)   12 :  0.005 0.004 0.004 0.005 0.004 0.004 0.946 0.003 0.011 0.002 0.005 0.004 0.002 
 98     2483    (6)   12 :  0.003 0.002 0.003 0.002 0.003 0.003 0.969 0.004 0.003 0.003 0.002 0.002 0.002 
 99     2485    (0)   12 :  0.003 0.002 0.002 0.002 0.002 0.003 0.973 0.002 0.003 0.003 0.004 0.001 0.001 
100     2488    (0)   12 :  0.002 0.002 0.002 0.001 0.008 0.002 0.972 0.004 0.002 0.002 0.001 0.001 0.001 
101     2490    (0)   12 :  0.003 0.002 0.002 0.003 0.003 0.003 0.970 0.002 0.003 0.003 0.002 0.002 0.003 
102     2492    (2)   12 :  0.002 0.002 0.002 0.003 0.002 0.002 0.967 0.004 0.002 0.003 0.002 0.002 0.006 
103     2493    (0)   12 :  0.005 0.007 0.009 0.005 0.009 0.005 0.914 0.001 0.015 0.005 0.006 0.006 0.013 
104     2494    (2)   12 :  0.007 0.006 0.006 0.006 0.004 0.007 0.941 0.004 0.006 0.001 0.005 0.005 0.003 
105     2495    (0)   12 :  0.012 0.012 0.013 0.023 0.005 0.011 0.856 0.004 0.032 0.006 0.007 0.007 0.012 
106     2496    (0)   12 :  0.002 0.003 0.003 0.001 0.002 0.002 0.976 0.002 0.002 0.003 0.002 0.002 0.001 
107     2497    (2)   12 :  0.003 0.003 0.003 0.003 0.003 0.003 0.962 0.009 0.003 0.002 0.002 0.002 0.003 
108     2592    (2)   12 :  0.003 0.002 0.002 0.004 0.002 0.002 0.967 0.002 0.003 0.003 0.001 0.005 0.004 
109     2593    (4)   12 :  0.002 0.003 0.002 0.002 0.003 0.002 0.968 0.002 0.006 0.002 0.002 0.002 0.003 
110     2595    (2)   12 :  0.003 0.003 0.002 0.002 0.002 0.003 0.970 0.003 0.004 0.003 0.002 0.002 0.001 
111     2498    (4)   13 :  0.008 0.007 0.008 0.016 0.005 0.008 0.006 0.004 0.014 0.007 0.005 0.911 0.002 
112     2513    (2)   13 :  0.005 0.006 0.006 0.026 0.011 0.007 0.002 0.002 0.005 0.010 0.004 0.908 0.009 
113     2514    (2)   13 :  0.029 0.030 0.029 0.061 0.009 0.032 0.008 0.002 0.020 0.003 0.009 0.765 0.003 
114     2597    (6)   13 :  0.023 0.017 0.016 0.018 0.013 0.017 0.002 0.011 0.038 0.004 0.019 0.802 0.019 
115     2499    (4)   13 :  0.036 0.046 0.045 0.128 0.005 0.045 0.002 0.004 0.009 0.014 0.007 0.640 0.018 
116     2500    (0)   13 :  0.006 0.006 0.006 0.017 0.003 0.007 0.011 0.004 0.009 0.006 0.002 0.920 0.004 
117     2506    (2)   13 :  0.008 0.006 0.006 0.180 0.006 0.007 0.004 0.004 0.007 0.004 0.003 0.744 0.021 
118     2509    (6)   13 :  0.051 0.027 0.027 0.036 0.012 0.037 0.004 0.008 0.084 0.019 0.011 0.669 0.014 
119     2511    (2)   13 :  0.009 0.008 0.007 0.651 0.005 0.009 0.002 0.001 0.003 0.005 0.007 0.270 0.022 
120     2512    (2)   13 :  0.006 0.005 0.005 0.085 0.004 0.006 0.002 0.007 0.004 0.002 0.006 0.810 0.059 
121     2515    (2)   13 :  0.007 0.008 0.010 0.682 0.004 0.005 0.001 0.001 0.003 0.002 0.010 0.264 0.003 
122     2516    (2)   13 :  0.015 0.017 0.017 0.186 0.008 0.019 0.001 0.001 0.013 0.002 0.014 0.693 0.012 
123     2517    (4)   13 :  0.009 0.009 0.009 0.473 0.020 0.007 0.003 0.002 0.007 0.003 0.043 0.406 0.009 
124     2518    (2)   13 :  0.023 0.047 0.064 0.259 0.017 0.020 0.002 0.004 0.006 0.005 0.050 0.496 0.007 
125     2519    (0)   13 :  0.132 0.052 0.044 0.079 0.024 0.072 0.002 0.002 0.009 0.015 0.026 0.526 0.016 
126     2520    (2)   13 :  0.003 0.003 0.003 0.473 0.003 0.003 0.002 0.002 0.002 0.002 0.003 0.495 0.006 
127     2521    (2)   13 :  0.036 0.043 0.047 0.552 0.003 0.044 0.002 0.002 0.061 0.003 0.016 0.185 0.005 
128     2603    (4)   13 :  0.031 0.015 0.013 0.039 0.004 0.021 0.003 0.003 0.044 0.003 0.004 0.817 0.004 
129     2606    (2)   13 :  0.009 0.009 0.009 0.021 0.008 0.010 0.002 0.005 0.010 0.002 0.006 0.904 0.004 
130      718    (0)   14 :  0.006 0.004 0.005 0.062 0.008 0.005 0.001 0.004 0.008 0.006 0.008 0.313 0.569 
131      719    (0)   14 :  0.017 0.017 0.020 0.017 0.005 0.016 0.002 0.005 0.005 0.009 0.018 0.543 0.326 
132      720    (0)   14 :  0.006 0.006 0.006 0.070 0.005 0.006 0.001 0.001 0.004 0.001 0.004 0.254 0.636 
133      721    (0)   14 :  0.020 0.018 0.017 0.195 0.020 0.020 0.006 0.012 0.004 0.017 0.017 0.612 0.042 
134      722    (0)   14 :  0.004 0.008 0.010 0.324 0.008 0.004 0.001 0.002 0.007 0.002 0.004 0.215 0.411 
135      723    (0)   14 :  0.006 0.012 0.015 0.081 0.011 0.005 0.001 0.001 0.017 0.004 0.009 0.828 0.009 
136      724    (0)   14 :  0.004 0.005 0.005 0.005 0.005 0.004 0.001 0.005 0.002 0.002 0.005 0.666 0.290 
137      725    (0)   14 :  0.004 0.003 0.003 0.140 0.006 0.004 0.002 0.003 0.003 0.005 0.004 0.488 0.335 
138      726    (0)   14 :  0.018 0.011 0.009 0.051 0.008 0.013 0.004 0.002 0.082 0.003 0.005 0.126 0.668 
139      727    (0)   14 :  0.003 0.003 0.002 0.005 0.004 0.003 0.001 0.002 0.002 0.003 0.003 0.963 0.008 
140      728    (2)   14 :  0.007 0.017 0.020 0.092 0.007 0.009 0.001 0.002 0.003 0.002 0.003 0.205 0.631 
141      729    (0)   14 :  0.014 0.011 0.010 0.181 0.096 0.011 0.002 0.007 0.013 0.004 0.239 0.332 0.081 
142      730    (0)   14 :  0.002 0.002 0.002 0.002 0.002 0.002 0.001 0.003 0.002 0.001 0.002 0.001 0.980 
143      731    (0)   14 :  0.015 0.013 0.012 0.513 0.016 0.011 0.002 0.004 0.005 0.007 0.013 0.330 0.059 
144      732    (0)   14 :  0.003 0.003 0.003 0.004 0.003 0.003 0.001 0.002 0.004 0.004 0.002 0.012 0.955 
145      733    (0)   14 :  0.005 0.005 0.005 0.430 0.022 0.004 0.001 0.015 0.016 0.003 0.027 0.444 0.022 
146      734    (0)   14 :  0.003 0.003 0.003 0.639 0.007 0.003 0.001 0.003 0.002 0.002 0.004 0.326 0.005 
147     1079    (0)   15 :  0.030 0.240 0.244 0.004 0.010 0.412 0.004 0.002 0.005 0.003 0.005 0.007 0.034 
148     1081    (0)   15 :  0.107 0.217 0.212 0.007 0.006 0.398 0.002 0.002 0.005 0.006 0.009 0.019 0.010 
149     1082    (2)   15 :  0.102 0.198 0.203 0.014 0.005 0.414 0.025 0.002 0.016 0.008 0.004 0.005 0.004 
150     1083    (0)   15 :  0.076 0.211 0.214 0.012 0.010 0.402 0.003 0.003 0.009 0.006 0.010 0.020 0.024 
151     2055    (0)   16 :  0.008 0.013 0.014 0.355 0.010 0.007 0.002 0.003 0.003 0.002 0.042 0.537 0.004 
152     2056    (0)   16 :  0.010 0.007 0.007 0.468 0.006 0.009 0.004 0.004 0.007 0.011 0.004 0.459 0.003 
153     2057    (0)   16 :  0.012 0.012 0.011 0.028 0.008 0.013 0.004 0.003 0.032 0.003 0.005 0.862 0.008 
154     2058    (0)   16 :  0.003 0.003 0.003 0.007 0.003 0.003 0.001 0.001 0.003 0.005 0.002 0.962 0.005 
155     2059    (0)   16 :  0.006 0.005 0.005 0.010 0.005 0.005 0.002 0.002 0.007 0.003 0.003 0.945 0.003 
156     2060    (0)   16 :  0.005 0.005 0.005 0.014 0.004 0.005 0.001 0.007 0.006 0.002 0.002 0.940 0.005 
157     2061    (0)   16 :  0.011 0.011 0.010 0.003 0.004 0.011 0.007 0.023 0.005 0.004 0.007 0.899 0.004 
158     2062    (0)   16 :  0.010 0.009 0.009 0.010 0.040 0.008 0.003 0.002 0.011 0.004 0.006 0.873 0.014 
159     2063    (0)   16 :  0.004 0.004 0.004 0.012 0.005 0.004 0.001 0.002 0.004 0.002 0.004 0.951 0.004 
160     2064    (0)   16 :  0.003 0.004 0.004 0.009 0.003 0.004 0.001 0.003 0.003 0.002 0.002 0.959 0.003 
161     2065    (0)   16 :  0.002 0.002 0.002 0.016 0.002 0.002 0.001 0.001 0.001 0.002 0.002 0.951 0.015 
162     2066    (0)   16 :  0.004 0.004 0.004 0.033 0.004 0.003 0.002 0.001 0.004 0.002 0.003 0.933 0.003 
163     2067    (0)   16 :  0.010 0.010 0.010 0.038 0.005 0.009 0.005 0.003 0.005 0.008 0.006 0.887 0.003 
164     2068    (0)   16 :  0.035 0.039 0.032 0.035 0.021 0.046 0.002 0.005 0.019 0.027 0.007 0.714 0.016 
165     2069    (0)   16 :  0.003 0.003 0.003 0.007 0.003 0.004 0.001 0.002 0.002 0.002 0.003 0.962 0.006 
166     2070    (0)   16 :  0.157 0.066 0.059 0.288 0.019 0.060 0.001 0.001 0.006 0.002 0.058 0.278 0.003 
167     2071    (0)   16 :  0.008 0.007 0.007 0.011 0.004 0.009 0.002 0.009 0.006 0.008 0.005 0.919 0.005 
168     2072    (0)   16 :  0.006 0.006 0.005 0.026 0.002 0.007 0.003 0.010 0.002 0.003 0.002 0.924 0.002 
169     2073    (0)   16 :  0.019 0.017 0.017 0.005 0.011 0.021 0.027 0.006 0.010 0.007 0.005 0.812 0.043 
170     2074    (0)   16 :  0.004 0.003 0.003 0.023 0.003 0.004 0.003 0.003 0.002 0.002 0.002 0.945 0.003 
171     2075    (0)   16 :  0.006 0.006 0.006 0.135 0.004 0.007 0.002 0.003 0.002 0.021 0.006 0.796 0.008 
172     2076    (0)   16 :  0.002 0.002 0.002 0.004 0.002 0.002 0.001 0.001 0.003 0.001 0.002 0.974 0.002 
173     2077    (0)   16 :  0.012 0.012 0.013 0.013 0.009 0.010 0.006 0.006 0.016 0.008 0.014 0.859 0.023 
174     2078    (0)   16 :  0.005 0.006 0.006 0.027 0.010 0.005 0.001 0.004 0.003 0.003 0.005 0.919 0.006 
175     2079    (0)   16 :  0.009 0.013 0.015 0.005 0.012 0.009 0.002 0.001 0.011 0.031 0.006 0.883 0.004 
176     2080    (0)   16 :  0.019 0.014 0.012 0.003 0.003 0.018 0.018 0.002 0.003 0.017 0.004 0.884 0.005 
177     2081    (0)   16 :  0.004 0.004 0.004 0.007 0.004 0.004 0.001 0.002 0.004 0.003 0.003 0.957 0.004 
178     2082    (0)   16 :  0.018 0.015 0.014 0.149 0.008 0.017 0.003 0.002 0.005 0.007 0.006 0.745 0.010 
179     2083    (0)   16 :  0.012 0.009 0.009 0.057 0.004 0.011 0.004 0.003 0.008 0.002 0.006 0.872 0.002 
180     2084    (0)   16 :  0.008 0.007 0.007 0.010 0.010 0.008 0.002 0.002 0.006 0.008 0.008 0.920 0.003 
181     2085    (0)   16 :  0.013 0.011 0.011 0.211 0.010 0.010 0.005 0.001 0.005 0.003 0.023 0.688 0.010 
182     2086    (0)   16 :  0.010 0.010 0.010 0.006 0.005 0.012 0.002 0.003 0.009 0.003 0.009 0.919 0.002 
183     2087    (0)   16 :  0.007 0.006 0.006 0.005 0.005 0.006 0.002 0.005 0.003 0.039 0.004 0.894 0.019 
184     2088    (0)   16 :  0.018 0.027 0.028 0.014 0.011 0.016 0.002 0.003 0.021 0.014 0.042 0.801 0.003 
185     2089    (0)   16 :  0.002 0.002 0.002 0.009 0.003 0.002 0.001 0.001 0.002 0.002 0.002 0.969 0.002 
186     2090    (0)   16 :  0.007 0.007 0.007 0.010 0.003 0.007 0.004 0.006 0.006 0.029 0.005 0.905 0.004 
187     2091    (0)   16 :  0.004 0.004 0.004 0.010 0.004 0.004 0.001 0.001 0.006 0.003 0.006 0.950 0.003 
188     2092    (0)   16 :  0.005 0.005 0.005 0.038 0.006 0.006 0.001 0.002 0.003 0.023 0.004 0.894 0.008 
189     2093    (0)   16 :  0.003 0.003 0.003 0.007 0.003 0.003 0.001 0.001 0.002 0.002 0.003 0.965 0.004 
190     2094    (0)   16 :  0.003 0.003 0.003 0.232 0.005 0.003 0.001 0.002 0.003 0.001 0.003 0.741 0.002 
191     2095    (0)   16 :  0.006 0.006 0.006 0.004 0.004 0.005 0.001 0.005 0.005 0.032 0.005 0.916 0.003 
192     2096    (0)   16 :  0.003 0.003 0.003 0.076 0.003 0.003 0.001 0.001 0.004 0.002 0.008 0.864 0.030 
193     2097    (0)   16 :  0.004 0.003 0.003 0.008 0.004 0.003 0.001 0.002 0.007 0.001 0.002 0.956 0.004 
194     2098    (0)   16 :  0.028 0.025 0.025 0.008 0.008 0.025 0.007 0.003 0.014 0.013 0.026 0.758 0.060 
195     2099    (0)   16 :  0.039 0.026 0.024 0.407 0.009 0.035 0.001 0.006 0.030 0.004 0.046 0.358 0.014 
196     2100    (0)   16 :  0.011 0.012 0.011 0.010 0.009 0.013 0.003 0.002 0.074 0.003 0.007 0.839 0.006 
197     2101    (0)   16 :  0.005 0.006 0.005 0.007 0.007 0.004 0.002 0.003 0.006 0.006 0.008 0.935 0.006 
198     2102    (2)   16 :  0.004 0.004 0.003 0.037 0.005 0.004 0.001 0.002 0.002 0.002 0.003 0.931 0.003 
199     2103    (0)   16 :  0.006 0.010 0.011 0.164 0.006 0.006 0.001 0.002 0.007 0.004 0.012 0.764 0.007 
200     2104    (0)   16 :  0.008 0.022 0.023 0.003 0.039 0.009 0.001 0.001 0.006 0.002 0.023 0.853 0.009 
201     2105    (0)   16 :  0.006 0.016 0.020 0.022 0.024 0.007 0.001 0.006 0.003 0.003 0.013 0.873 0.005 
202     2106    (0)   16 :  0.010 0.012 0.012 0.042 0.006 0.014 0.002 0.002 0.007 0.002 0.006 0.883 0.003 
203     2107    (0)   16 :  0.008 0.010 0.011 0.014 0.022 0.009 0.002 0.002 0.004 0.005 0.015 0.852 0.047 
204     2108    (0)   16 :  0.012 0.009 0.008 0.007 0.010 0.011 0.002 0.004 0.003 0.005 0.006 0.919 0.003 
205     2109    (0)   16 :  0.010 0.011 0.011 0.314 0.006 0.011 0.002 0.005 0.007 0.003 0.018 0.597 0.004 
206     2110    (0)   16 :  0.009 0.010 0.010 0.005 0.041 0.008 0.002 0.004 0.004 0.005 0.017 0.873 0.012 
207     2111    (0)   16 :  0.003 0.004 0.004 0.004 0.011 0.004 0.001 0.001 0.005 0.004 0.006 0.952 0.002 
208     2112    (0)   16 :  0.005 0.004 0.004 0.099 0.003 0.004 0.001 0.004 0.007 0.004 0.003 0.854 0.007 
209     2583    (2)   16 :  0.005 0.004 0.005 0.029 0.003 0.004 0.005 0.005 0.004 0.009 0.004 0.921 0.003 
210     2584    (4)   16 :  0.017 0.010 0.009 0.011 0.002 0.012 0.004 0.004 0.010 0.003 0.003 0.904 0.009 
211     2587    (2)   16 :  0.004 0.007 0.007 0.009 0.006 0.004 0.001 0.001 0.005 0.002 0.009 0.943 0.002 
212     2590    (2)   16 :  0.005 0.005 0.004 0.018 0.004 0.005 0.003 0.013 0.004 0.002 0.004 0.927 0.006 
213     2591    (6)   16 :  0.007 0.009 0.010 0.035 0.015 0.008 0.002 0.001 0.010 0.010 0.005 0.882 0.005 
214       87    (0)    2 :  0.010 0.007 0.006 0.897 0.010 0.009 0.004 0.004 0.008 0.012 0.013 0.011 0.009 
215       88    (0)    2 :  0.002 0.002 0.002 0.970 0.002 0.002 0.001 0.001 0.002 0.002 0.002 0.010 0.002 
216       90    (0)    2 :  0.003 0.003 0.003 0.454 0.003 0.003 0.001 0.001 0.003 0.001 0.003 0.512 0.010 
217       92    (0)    2 :  0.010 0.009 0.008 0.838 0.009 0.008 0.002 0.002 0.015 0.002 0.014 0.073 0.008 
218       96    (0)    2 :  0.009 0.009 0.009 0.086 0.008 0.010 0.002 0.002 0.073 0.023 0.006 0.757 0.006 
219       97    (0)    2 :  0.005 0.007 0.007 0.896 0.005 0.006 0.001 0.001 0.010 0.003 0.004 0.049 0.007 
220      105    (0)    2 :  0.004 0.004 0.004 0.945 0.003 0.004 0.001 0.002 0.004 0.005 0.004 0.011 0.008 
221      120    (0)    2 :  0.002 0.002 0.002 0.969 0.002 0.002 0.002 0.003 0.005 0.002 0.003 0.003 0.002 
222      123    (0)    2 :  0.003 0.004 0.005 0.293 0.005 0.003 0.001 0.001 0.003 0.003 0.004 0.671 0.002 
223      128    (0)    2 :  0.004 0.004 0.004 0.013 0.002 0.005 0.002 0.002 0.005 0.003 0.002 0.951 0.003 
224      129    (0)    2 :  0.007 0.008 0.008 0.105 0.009 0.006 0.002 0.002 0.004 0.004 0.015 0.828 0.003 
225      132    (0)    2 :  0.005 0.004 0.004 0.948 0.002 0.005 0.001 0.002 0.007 0.002 0.003 0.012 0.004 
226      504    (0)    2 :  0.005 0.006 0.006 0.687 0.011 0.005 0.001 0.001 0.005 0.003 0.006 0.261 0.003 
227      505    (0)    2 :  0.005 0.004 0.004 0.886 0.009 0.005 0.002 0.001 0.004 0.003 0.008 0.060 0.009 
228      506    (0)    2 :  0.013 0.010 0.010 0.517 0.005 0.013 0.024 0.002 0.027 0.003 0.004 0.362 0.010 
229      507    (0)    2 :  0.005 0.005 0.005 0.892 0.015 0.005 0.002 0.003 0.005 0.003 0.031 0.023 0.005 
230      508    (0)    2 :  0.013 0.013 0.013 0.869 0.007 0.012 0.003 0.028 0.018 0.003 0.007 0.011 0.003 
231      509    (0)    2 :  0.011 0.012 0.013 0.841 0.007 0.015 0.003 0.003 0.003 0.003 0.005 0.068 0.016 
232      510    (0)    2 :  0.005 0.005 0.005 0.949 0.004 0.006 0.001 0.002 0.003 0.002 0.010 0.004 0.002 
233      511    (0)    2 :  0.008 0.006 0.007 0.763 0.007 0.007 0.003 0.002 0.003 0.013 0.006 0.079 0.098 
234      512    (0)    2 :  0.004 0.005 0.005 0.821 0.006 0.004 0.002 0.002 0.004 0.004 0.004 0.136 0.004 
235      513    (0)    2 :  0.004 0.004 0.003 0.909 0.002 0.004 0.001 0.002 0.002 0.002 0.003 0.059 0.004 
236      514    (0)    2 :  0.012 0.009 0.008 0.280 0.005 0.010 0.003 0.002 0.023 0.016 0.005 0.622 0.005 
237      515    (0)    2 :  0.011 0.015 0.015 0.826 0.006 0.015 0.004 0.009 0.016 0.004 0.010 0.065 0.003 
238      558    (0)    2 :  0.005 0.008 0.009 0.859 0.009 0.005 0.001 0.004 0.005 0.003 0.006 0.039 0.046 
239      559    (0)    2 :  0.003 0.003 0.003 0.446 0.002 0.003 0.002 0.002 0.004 0.002 0.003 0.524 0.003 
240      560    (0)    2 :  0.005 0.004 0.004 0.400 0.004 0.004 0.001 0.011 0.004 0.008 0.003 0.542 0.009 
241      561    (0)    2 :  0.005 0.004 0.004 0.789 0.004 0.005 0.002 0.003 0.003 0.004 0.003 0.119 0.054 
242      562    (0)    2 :  0.008 0.007 0.007 0.906 0.004 0.008 0.003 0.003 0.018 0.002 0.008 0.022 0.005 
243      563    (0)    2 :  0.003 0.003 0.003 0.967 0.002 0.003 0.003 0.004 0.003 0.002 0.002 0.003 0.001 
244      564    (0)    2 :  0.006 0.005 0.006 0.801 0.007 0.005 0.002 0.009 0.009 0.004 0.007 0.134 0.004 
245      136    (0)    3 :  0.008 0.005 0.005 0.006 0.005 0.007 0.006 0.002 0.004 0.004 0.004 0.911 0.032 
246      138    (0)    3 :  0.006 0.006 0.008 0.017 0.006 0.006 0.002 0.003 0.003 0.004 0.006 0.928 0.006 
247      140    (0)    3 :  0.008 0.007 0.007 0.018 0.018 0.007 0.001 0.002 0.007 0.006 0.006 0.909 0.004 
248      141    (0)    3 :  0.030 0.027 0.024 0.012 0.010 0.036 0.003 0.006 0.004 0.004 0.007 0.832 0.006 
249      144    (0)    3 :  0.005 0.004 0.004 0.007 0.003 0.005 0.002 0.002 0.005 0.014 0.005 0.940 0.003 
250      146    (0)    3 :  0.004 0.003 0.003 0.109 0.003 0.004 0.002 0.003 0.014 0.004 0.002 0.846 0.002 
251      148    (0)    3 :  0.021 0.014 0.012 0.067 0.003 0.020 0.007 0.005 0.018 0.001 0.015 0.806 0.010 
252      150    (0)    3 :  0.005 0.005 0.005 0.005 0.013 0.005 0.002 0.007 0.004 0.001 0.004 0.941 0.004 
253      152    (0)    3 :  0.003 0.004 0.004 0.011 0.004 0.004 0.001 0.002 0.002 0.002 0.004 0.956 0.003 
254      666    (0)    3 :  0.004 0.005 0.005 0.005 0.006 0.005 0.002 0.002 0.002 0.002 0.005 0.956 0.001 
255      667    (0)    3 :  0.014 0.009 0.008 0.010 0.004 0.011 0.002 0.001 0.006 0.002 0.008 0.924 0.002 
256      668    (0)    3 :  0.012 0.009 0.008 0.046 0.055 0.009 0.003 0.009 0.005 0.003 0.007 0.823 0.010 
257      669    (0)    3 :  0.005 0.005 0.005 0.030 0.010 0.004 0.003 0.003 0.002 0.002 0.007 0.859 0.064 
258      670    (0)    3 :  0.016 0.105 0.147 0.059 0.055 0.014 0.001 0.014 0.020 0.002 0.009 0.550 0.007 
259      684    (0)    3 :  0.004 0.004 0.004 0.012 0.006 0.004 0.001 0.003 0.004 0.002 0.005 0.938 0.014 
260      685    (0)    3 :  0.006 0.006 0.005 0.005 0.002 0.007 0.007 0.008 0.005 0.003 0.003 0.936 0.005 
261      686    (0)    3 :  0.007 0.008 0.008 0.116 0.007 0.006 0.002 0.003 0.003 0.003 0.006 0.828 0.004 
262      687    (0)    3 :  0.004 0.004 0.004 0.004 0.005 0.004 0.001 0.001 0.004 0.004 0.003 0.956 0.005 
263      688    (2)    3 :  0.003 0.003 0.003 0.006 0.005 0.003 0.001 0.002 0.003 0.003 0.004 0.958 0.005 
264      689    (0)    3 :  0.010 0.009 0.009 0.016 0.007 0.008 0.029 0.003 0.008 0.004 0.011 0.880 0.004 
265      165    (0)    4 :  0.013 0.019 0.019 0.027 0.014 0.016 0.004 0.003 0.015 0.003 0.009 0.846 0.012 
266      167    (0)    4 :  0.025 0.026 0.023 0.025 0.023 0.028 0.002 0.046 0.275 0.003 0.009 0.505 0.010 
267      170    (0)    4 :  0.010 0.011 0.011 0.014 0.010 0.008 0.003 0.005 0.015 0.009 0.023 0.876 0.005 
268      714    (0)    4 :  0.008 0.010 0.012 0.735 0.005 0.007 0.003 0.003 0.005 0.002 0.003 0.159 0.047 
269      715    (2)    4 :  0.096 0.073 0.062 0.330 0.016 0.116 0.019 0.016 0.026 0.003 0.020 0.211 0.010 
270      716    (0)    4 :  0.016 0.011 0.010 0.013 0.008 0.014 0.031 0.011 0.014 0.002 0.074 0.788 0.007 
271      717    (2)    4 :  0.181 0.134 0.134 0.208 0.004 0.149 0.004 0.011 0.070 0.007 0.014 0.075 0.008 
272     2346    (2)    4 :  0.031 0.017 0.019 0.005 0.091 0.025 0.714 0.003 0.042 0.026 0.015 0.005 0.007 
273      189    (0)    5 :  0.006 0.006 0.006 0.009 0.005 0.006 0.002 0.006 0.041 0.892 0.007 0.009 0.004 
274      190    (0)    5 :  0.003 0.003 0.003 0.002 0.003 0.003 0.003 0.002 0.003 0.970 0.002 0.003 0.002 
275      193    (0)    5 :  0.010 0.006 0.007 0.004 0.003 0.007 0.003 0.001 0.003 0.947 0.004 0.003 0.002 
276      761    (0)    5 :  0.002 0.003 0.003 0.002 0.003 0.002 0.001 0.001 0.004 0.972 0.003 0.002 0.001 
277      762    (0)    5 :  0.004 0.005 0.005 0.002 0.005 0.003 0.002 0.002 0.003 0.953 0.006 0.003 0.007 
278      763    (0)    5 :  0.004 0.004 0.004 0.005 0.007 0.003 0.002 0.003 0.003 0.954 0.004 0.004 0.003 
279      764    (0)    5 :  0.003 0.003 0.003 0.002 0.004 0.003 0.001 0.002 0.003 0.966 0.003 0.004 0.004 
280      765    (0)    5 :  0.005 0.005 0.005 0.004 0.003 0.005 0.002 0.001 0.004 0.954 0.004 0.004 0.003 
281      778    (0)    5 :  0.018 0.012 0.012 0.013 0.011 0.015 0.008 0.015 0.010 0.858 0.007 0.016 0.004 
282      779    (0)    5 :  0.004 0.004 0.004 0.002 0.004 0.003 0.002 0.002 0.005 0.956 0.003 0.007 0.003 
283      780    (0)    5 :  0.003 0.003 0.003 0.002 0.005 0.003 0.002 0.002 0.002 0.968 0.005 0.002 0.001 
284      781    (0)    5 :  0.003 0.003 0.003 0.006 0.003 0.003 0.002 0.014 0.003 0.951 0.002 0.003 0.005 
285      782    (0)    5 :  0.004 0.004 0.004 0.007 0.003 0.005 0.003 0.002 0.004 0.953 0.002 0.009 0.002 
286      783    (0)    5 :  0.001 0.001 0.001 0.001 0.002 0.001 0.001 0.001 0.001 0.984 0.002 0.002 0.001 
287      784    (0)    5 :  0.005 0.004 0.004 0.004 0.003 0.004 0.001 0.001 0.006 0.959 0.003 0.003 0.002 
288      785    (0)    5 :  0.003 0.004 0.004 0.002 0.004 0.004 0.002 0.003 0.003 0.959 0.004 0.003 0.005 
289      786    (0)    5 :  0.003 0.004 0.004 0.002 0.007 0.004 0.002 0.001 0.006 0.958 0.003 0.003 0.001 
290      787    (0)    5 :  0.003 0.003 0.003 0.002 0.003 0.003 0.001 0.002 0.002 0.969 0.003 0.005 0.002 
291      788    (0)    5 :  0.009 0.008 0.008 0.008 0.008 0.010 0.003 0.004 0.002 0.923 0.006 0.007 0.003 
292      789    (0)    5 :  0.008 0.006 0.006 0.002 0.002 0.008 0.020 0.002 0.006 0.931 0.003 0.004 0.001 
293      790    (0)    5 :  0.004 0.005 0.005 0.002 0.004 0.004 0.002 0.005 0.009 0.948 0.005 0.004 0.002 
294      791    (0)    5 :  0.006 0.007 0.007 0.004 0.006 0.007 0.002 0.002 0.003 0.939 0.004 0.009 0.002 
295      792    (0)    5 :  0.002 0.002 0.002 0.002 0.002 0.002 0.002 0.003 0.002 0.973 0.002 0.002 0.003 
296      793    (0)    5 :  0.006 0.005 0.005 0.003 0.004 0.005 0.003 0.002 0.004 0.948 0.005 0.007 0.004 
297      794    (0)    5 :  0.004 0.005 0.005 0.002 0.005 0.005 0.002 0.002 0.004 0.957 0.004 0.002 0.002 
298      795    (0)    5 :  0.004 0.004 0.004 0.004 0.003 0.004 0.004 0.002 0.004 0.960 0.003 0.002 0.002 
299      796    (0)    5 :  0.002 0.002 0.002 0.002 0.002 0.002 0.004 0.003 0.002 0.975 0.002 0.002 0.002 
300      797    (0)    5 :  0.002 0.002 0.002 0.002 0.006 0.002 0.001 0.002 0.002 0.970 0.003 0.002 0.002 
301      798    (0)    5 :  0.003 0.004 0.004 0.004 0.003 0.003 0.001 0.002 0.003 0.953 0.012 0.006 0.002 
302      282    (0)    6 :  0.010 0.006 0.006 0.005 0.004 0.008 0.040 0.908 0.003 0.002 0.003 0.003 0.001 
303      284    (0)    6 :  0.004 0.004 0.004 0.002 0.004 0.004 0.002 0.938 0.003 0.012 0.003 0.003 0.016 
304      287    (0)    6 :  0.006 0.004 0.004 0.002 0.004 0.005 0.002 0.954 0.003 0.003 0.007 0.003 0.003 
305      295    (0)    6 :  0.001 0.001 0.001 0.001 0.001 0.001 0.002 0.986 0.001 0.001 0.001 0.001 0.001 
306      302    (0)    6 :  0.001 0.001 0.001 0.001 0.001 0.001 0.004 0.982 0.001 0.001 0.002 0.001 0.001 
307      306    (4)    6 :  0.011 0.007 0.006 0.003 0.006 0.008 0.169 0.766 0.002 0.004 0.006 0.007 0.005 
308      308    (0)    6 :  0.002 0.002 0.002 0.003 0.002 0.002 0.001 0.977 0.002 0.001 0.002 0.002 0.003 
309      867    (0)    6 :  0.002 0.002 0.002 0.002 0.002 0.002 0.048 0.935 0.001 0.001 0.002 0.001 0.002 
310      315    (0)    7 :  0.340 0.102 0.067 0.005 0.209 0.171 0.002 0.009 0.016 0.051 0.014 0.011 0.002 
311      565    (0)    7 :  0.547 0.115 0.073 0.012 0.004 0.197 0.005 0.003 0.005 0.022 0.007 0.008 0.003 
312      566    (2)    7 :  0.032 0.226 0.249 0.009 0.011 0.038 0.004 0.003 0.024 0.011 0.377 0.007 0.010 
313      567    (2)    7 :  0.105 0.202 0.206 0.010 0.006 0.400 0.004 0.002 0.024 0.004 0.004 0.028 0.007 
314      877    (0)    7 :  0.132 0.227 0.204 0.019 0.005 0.320 0.003 0.002 0.014 0.004 0.009 0.008 0.053 
315      878    (0)    7 :  0.161 0.203 0.206 0.005 0.003 0.309 0.021 0.009 0.053 0.007 0.014 0.004 0.006 
316      879    (0)    7 :  0.291 0.161 0.107 0.012 0.009 0.265 0.028 0.006 0.097 0.006 0.008 0.007 0.006 
317      880    (0)    7 :  0.071 0.222 0.224 0.008 0.007 0.423 0.008 0.002 0.010 0.005 0.005 0.005 0.010 
318      881    (0)    7 :  0.399 0.177 0.136 0.005 0.006 0.201 0.018 0.006 0.006 0.009 0.025 0.005 0.006 
319      882    (0)    7 :  0.129 0.226 0.204 0.007 0.004 0.299 0.054 0.026 0.026 0.009 0.007 0.006 0.003 
320      883    (0)    7 :  0.327 0.166 0.154 0.008 0.027 0.238 0.027 0.006 0.019 0.004 0.011 0.009 0.002 
321      884    (0)    7 :  0.087 0.226 0.231 0.020 0.039 0.220 0.003 0.002 0.013 0.003 0.136 0.018 0.004 
322      885    (0)    7 :  0.129 0.223 0.211 0.017 0.016 0.290 0.005 0.009 0.012 0.004 0.076 0.005 0.003 
323      886    (0)    7 :  0.190 0.173 0.142 0.005 0.012 0.255 0.006 0.008 0.005 0.183 0.009 0.009 0.003 
324      887    (0)    7 :  0.026 0.303 0.370 0.014 0.078 0.023 0.033 0.016 0.045 0.004 0.075 0.012 0.002 
325      888    (0)    7 :  0.142 0.206 0.190 0.106 0.005 0.305 0.002 0.004 0.003 0.006 0.006 0.023 0.004 
326      889    (0)    7 :  0.275 0.203 0.148 0.005 0.018 0.226 0.012 0.008 0.061 0.004 0.030 0.006 0.005 
327      890    (0)    7 :  0.209 0.174 0.158 0.004 0.009 0.343 0.007 0.004 0.010 0.016 0.008 0.005 0.054 
328      891    (0)    7 :  0.075 0.254 0.249 0.007 0.004 0.365 0.005 0.003 0.008 0.005 0.004 0.010 0.012 
329      892    (0)    7 :  0.220 0.178 0.187 0.007 0.008 0.314 0.002 0.008 0.053 0.004 0.007 0.008 0.003 
330      893    (0)    7 :  0.308 0.178 0.165 0.005 0.014 0.148 0.005 0.003 0.004 0.104 0.027 0.038 0.003 
331      319    (2)    8 :  0.352 0.197 0.164 0.006 0.003 0.221 0.004 0.002 0.030 0.005 0.005 0.007 0.003 
332      335    (0)    8 :  0.394 0.168 0.109 0.004 0.007 0.256 0.006 0.008 0.008 0.015 0.006 0.008 0.012 
333      895    (0)    8 :  0.348 0.148 0.132 0.003 0.006 0.166 0.151 0.006 0.016 0.005 0.008 0.007 0.005 
334      896    (0)    8 :  0.546 0.114 0.081 0.038 0.016 0.154 0.004 0.007 0.022 0.003 0.006 0.008 0.002 
335      897    (0)    8 :  0.155 0.255 0.231 0.010 0.005 0.313 0.004 0.002 0.004 0.006 0.008 0.004 0.001 
336      898    (0)    8 :  0.064 0.257 0.252 0.005 0.011 0.306 0.004 0.002 0.007 0.004 0.080 0.005 0.003 
337      899    (0)    8 :  0.221 0.146 0.139 0.014 0.015 0.189 0.007 0.004 0.009 0.003 0.079 0.171 0.001 
338      900    (0)    8 :  0.355 0.175 0.133 0.016 0.016 0.214 0.005 0.013 0.011 0.033 0.016 0.007 0.006 
339      901    (0)    8 :  0.323 0.138 0.128 0.013 0.010 0.152 0.030 0.003 0.027 0.023 0.006 0.144 0.004 
340      902    (0)    8 :  0.474 0.110 0.091 0.006 0.010 0.149 0.090 0.009 0.017 0.003 0.015 0.024 0.002 
341      903    (0)    8 :  0.425 0.165 0.137 0.011 0.003 0.210 0.004 0.025 0.005 0.003 0.006 0.004 0.001 
342      904    (0)    8 :  0.072 0.217 0.213 0.011 0.005 0.440 0.002 0.008 0.013 0.002 0.004 0.008 0.004 
343      905    (0)    8 :  0.339 0.135 0.100 0.025 0.006 0.181 0.092 0.010 0.024 0.003 0.006 0.071 0.008 
344      906    (0)    8 :  0.150 0.193 0.168 0.006 0.005 0.323 0.110 0.006 0.007 0.005 0.022 0.004 0.002 
345      907    (0)    8 :  0.323 0.157 0.140 0.023 0.008 0.205 0.053 0.011 0.012 0.007 0.049 0.005 0.007 
346      908    (0)    8 :  0.287 0.197 0.165 0.009 0.010 0.270 0.002 0.003 0.005 0.006 0.027 0.014 0.004 
347      909    (0)    8 :  0.013 0.036 0.042 0.005 0.534 0.018 0.005 0.005 0.004 0.300 0.017 0.016 0.003 
348      910    (0)    8 :  0.227 0.151 0.134 0.007 0.010 0.313 0.049 0.002 0.004 0.085 0.010 0.006 0.003 
349      911    (0)    8 :  0.180 0.187 0.137 0.005 0.005 0.343 0.012 0.008 0.006 0.037 0.038 0.013 0.029 
350      912    (0)    8 :  0.149 0.211 0.154 0.006 0.011 0.391 0.008 0.007 0.006 0.002 0.038 0.005 0.013 
351      913    (0)    8 :  0.208 0.135 0.115 0.018 0.041 0.133 0.005 0.101 0.005 0.043 0.150 0.044 0.003 
352     2411    (0)    8 :  0.135 0.252 0.240 0.008 0.006 0.326 0.005 0.004 0.004 0.004 0.006 0.007 0.003 
353     2412    (0)    8 :  0.060 0.232 0.277 0.014 0.039 0.037 0.002 0.017 0.015 0.007 0.290 0.008 0.002 
354     2413    (0)    8 :  0.396 0.166 0.136 0.013 0.006 0.201 0.028 0.008 0.008 0.019 0.005 0.011 0.004 
355     2414    (0)    8 :  0.616 0.103 0.072 0.004 0.025 0.142 0.003 0.004 0.006 0.002 0.009 0.006 0.009 
356     2415    (2)    8 :  0.224 0.177 0.141 0.027 0.049 0.280 0.003 0.003 0.030 0.027 0.013 0.022 0.003 
357     2417    (4)    8 :  0.271 0.196 0.196 0.020 0.033 0.183 0.010 0.004 0.004 0.007 0.011 0.054 0.011 
358     2418    (4)    8 :  0.149 0.221 0.212 0.007 0.010 0.356 0.014 0.004 0.007 0.007 0.005 0.005 0.003 
359     2419    (2)    8 :  0.352 0.189 0.153 0.004 0.012 0.234 0.003 0.002 0.012 0.004 0.020 0.005 0.009 
360     2420    (0)    8 :  0.312 0.192 0.148 0.004 0.011 0.240 0.006 0.060 0.008 0.006 0.008 0.003 0.004 
361     2421    (0)    8 :  0.221 0.170 0.134 0.012 0.143 0.213 0.005 0.004 0.057 0.012 0.021 0.005 0.002 
362     2422    (2)    8 :  0.185 0.136 0.119 0.003 0.008 0.286 0.009 0.004 0.019 0.212 0.005 0.006 0.006 
363     2423    (0)    8 :  0.369 0.150 0.126 0.017 0.007 0.198 0.007 0.006 0.015 0.009 0.009 0.017 0.069 
364     2576    (0)    8 :  0.324 0.152 0.119 0.011 0.006 0.247 0.010 0.070 0.007 0.009 0.024 0.009 0.014 
365      321    (0)    9 :  0.011 0.365 0.443 0.003 0.086 0.028 0.002 0.002 0.012 0.003 0.037 0.007 0.002 
366      338    (0)    9 :  0.003 0.003 0.003 0.002 0.970 0.003 0.001 0.001 0.004 0.001 0.003 0.002 0.004 
367      339    (0)    9 :  0.024 0.040 0.048 0.011 0.682 0.013 0.012 0.004 0.018 0.007 0.068 0.014 0.059 
368      363    (0)    9 :  0.019 0.022 0.021 0.003 0.008 0.022 0.006 0.010 0.852 0.008 0.017 0.004 0.007 
369      915    (0)    9 :  0.008 0.031 0.028 0.006 0.112 0.010 0.001 0.003 0.005 0.003 0.775 0.015 0.003 
370      917    (0)    9 :  0.033 0.049 0.051 0.003 0.026 0.025 0.002 0.001 0.105 0.003 0.692 0.006 0.005 
371      923    (0)    9 :  0.342 0.128 0.099 0.006 0.103 0.207 0.003 0.005 0.037 0.013 0.038 0.012 0.008 
372      925    (0)    9 :  0.002 0.003 0.003 0.003 0.004 0.002 0.001 0.002 0.003 0.003 0.968 0.003 0.002 
373      931    (0)    9 :  0.094 0.172 0.151 0.006 0.058 0.254 0.003 0.002 0.025 0.006 0.222 0.005 0.002 
374      935    (0)    9 :  0.010 0.009 0.009 0.005 0.927 0.007 0.003 0.003 0.009 0.004 0.006 0.007 0.002 
375      936    (0)    9 :  0.014 0.148 0.152 0.004 0.310 0.019 0.010 0.004 0.014 0.011 0.307 0.003 0.003 
376      937    (0)    9 :  0.007 0.279 0.323 0.005 0.012 0.007 0.002 0.001 0.005 0.002 0.353 0.003 0.002 
377      948    (0)    9 :  0.132 0.099 0.101 0.008 0.136 0.152 0.013 0.003 0.061 0.016 0.267 0.010 0.002 
378      956    (0)    9 :  0.019 0.038 0.039 0.027 0.038 0.015 0.004 0.001 0.005 0.003 0.784 0.025 0.002 
379      957    (0)    9 :  0.012 0.329 0.418 0.003 0.074 0.016 0.003 0.002 0.023 0.003 0.111 0.003 0.004 
380      967    (0)    9 :  0.014 0.313 0.388 0.004 0.184 0.015 0.002 0.003 0.008 0.004 0.057 0.003 0.005 
381      968    (2)    9 :  0.010 0.013 0.011 0.016 0.004 0.013 0.004 0.003 0.006 0.004 0.905 0.005 0.006 
382      969    (4)    9 :  0.045 0.044 0.047 0.006 0.150 0.049 0.006 0.003 0.024 0.011 0.594 0.011 0.011 
383      970    (2)    9 :  0.055 0.275 0.300 0.007 0.021 0.120 0.008 0.037 0.094 0.006 0.059 0.004 0.014 
384      971    (6)    9 :  0.011 0.019 0.024 0.006 0.171 0.010 0.002 0.002 0.524 0.003 0.198 0.012 0.017 
385      972    (0)    9 :  0.010 0.008 0.008 0.005 0.938 0.006 0.002 0.006 0.004 0.003 0.006 0.003 0.001 
386      973    (2)    9 :  0.432 0.138 0.090 0.009 0.048 0.215 0.020 0.003 0.006 0.013 0.013 0.005 0.009 
387      978    (0)    9 :  0.004 0.003 0.003 0.005 0.003 0.003 0.004 0.002 0.003 0.020 0.947 0.002 0.002 
388      979    (0)    9 :  0.077 0.072 0.062 0.206 0.057 0.063 0.041 0.004 0.082 0.003 0.021 0.296 0.016 
389      988    (6)    9 :  0.005 0.005 0.005 0.005 0.005 0.005 0.002 0.001 0.930 0.003 0.024 0.006 0.002 
390      989    (0)    9 :  0.107 0.196 0.209 0.019 0.160 0.120 0.003 0.004 0.059 0.005 0.093 0.015 0.011 
391      990    (0)    9 :  0.130 0.320 0.362 0.004 0.022 0.083 0.003 0.007 0.008 0.027 0.019 0.012 0.005 
392      991    (0)    9 :  0.008 0.215 0.265 0.005 0.402 0.008 0.003 0.002 0.025 0.006 0.057 0.003 0.002 
393      992    (0)    9 :  0.035 0.026 0.025 0.024 0.112 0.029 0.005 0.030 0.011 0.003 0.675 0.008 0.018 
394     1006    (2)    9 :  0.008 0.009 0.008 0.030 0.820 0.007 0.002 0.002 0.006 0.008 0.060 0.010 0.031 
395     1017    (0)    9 :  0.139 0.147 0.142 0.138 0.022 0.049 0.003 0.003 0.005 0.014 0.236 0.096 0.005 
396     2582    (4)    9 :  0.017 0.024 0.022 0.017 0.777 0.017 0.003 0.017 0.004 0.025 0.021 0.044 0.012 


Estimated Allele Frequencies in each cluster
First column gives estimated ancestral frequencies


Locus 1 : 1 
4 alleles
0.0% missing data
  89   (0.530) 0.531 0.516 0.509 0.352 0.588 0.537 0.288 0.072 0.490 0.641 0.505 0.636 0.699 
  93   (0.068) 0.068 0.049 0.045 0.106 0.014 0.064 0.044 0.033 0.022 0.047 0.114 0.060 0.007 
  91   (0.380) 0.380 0.418 0.431 0.540 0.385 0.375 0.667 0.739 0.482 0.311 0.354 0.303 0.291 
  99   (0.022) 0.021 0.017 0.015 0.002 0.013 0.023 0.001 0.156 0.007 0.001 0.027 0.001 0.002 

Locus 2 : 2 
6 alleles
1.3% missing data
 136   (0.320) 0.321 0.298 0.287 0.686 0.070 0.352 0.452 0.197 0.207 0.463 0.090 0.544 0.110 
 138   (0.298) 0.298 0.344 0.358 0.155 0.479 0.272 0.226 0.755 0.236 0.157 0.570 0.248 0.251 
 140   (0.081) 0.080 0.072 0.070 0.012 0.034 0.084 0.109 0.010 0.114 0.005 0.041 0.045 0.449 
 134   (0.244) 0.244 0.220 0.219 0.142 0.296 0.225 0.201 0.032 0.422 0.371 0.216 0.162 0.184 
 142   (0.032) 0.032 0.041 0.042 0.002 0.118 0.028 0.010 0.004 0.016 0.002 0.074 0.001 0.003 
 132   (0.024) 0.024 0.026 0.023 0.002 0.004 0.038 0.001 0.003 0.006 0.001 0.008 0.001 0.002 

Locus 3 : 3 
6 alleles
0.0% missing data
 187   (0.360) 0.360 0.343 0.347 0.502 0.173 0.362 0.359 0.753 0.312 0.261 0.180 0.509 0.732 
 179   (0.230) 0.230 0.289 0.299 0.353 0.214 0.263 0.056 0.030 0.277 0.015 0.143 0.228 0.168 
 181   (0.235) 0.235 0.173 0.157 0.131 0.422 0.205 0.078 0.195 0.311 0.069 0.423 0.234 0.083 
 175   (0.066) 0.066 0.089 0.094 0.005 0.163 0.067 0.230 0.008 0.037 0.004 0.049 0.002 0.006 
 185   (0.071) 0.071 0.083 0.084 0.006 0.019 0.072 0.267 0.009 0.052 0.455 0.186 0.002 0.007 
 191   (0.038) 0.038 0.024 0.020 0.004 0.009 0.031 0.010 0.005 0.010 0.195 0.019 0.024 0.005 

Locus 4 : 4 
10 alleles
0.0% missing data
 241   (0.144) 0.144 0.150 0.155 0.267 0.079 0.129 0.520 0.207 0.060 0.149 0.215 0.026 0.018 
 269   (0.165) 0.165 0.172 0.177 0.040 0.099 0.151 0.019 0.235 0.239 0.103 0.333 0.150 0.017 
 253   (0.506) 0.506 0.534 0.536 0.613 0.761 0.544 0.182 0.535 0.424 0.464 0.398 0.732 0.663 
 247   (0.068) 0.068 0.072 0.067 0.005 0.043 0.096 0.028 0.008 0.107 0.276 0.024 0.002 0.006 
 271   (0.044) 0.044 0.032 0.031 0.044 0.007 0.030 0.114 0.006 0.152 0.003 0.014 0.027 0.005 
 249   (0.035) 0.035 0.018 0.016 0.026 0.006 0.023 0.069 0.004 0.009 0.002 0.007 0.061 0.287 
 245   (0.012) 0.012 0.006 0.005 0.001 0.002 0.007 0.067 0.001 0.003 0.001 0.002 0.000 0.001 
 257   (0.008) 0.008 0.004 0.004 0.002 0.001 0.005 0.000 0.001 0.002 0.000 0.003 0.000 0.001 
 239   (0.007) 0.008 0.004 0.003 0.001 0.001 0.005 0.000 0.001 0.002 0.000 0.001 0.000 0.001 
 273   (0.011) 0.011 0.007 0.007 0.001 0.002 0.009 0.001 0.001 0.003 0.001 0.002 0.000 0.001 

Locus 5 : 5 
7 alleles
0.8% missing data
 103   (0.833) 0.833 0.838 0.844 0.985 0.942 0.803 0.742 0.977 0.947 0.963 0.939 0.990 0.984 
 104   (0.066) 0.066 0.072 0.069 0.007 0.031 0.091 0.060 0.010 0.021 0.004 0.027 0.007 0.007 
 105   (0.051) 0.051 0.057 0.055 0.004 0.020 0.070 0.169 0.007 0.019 0.003 0.024 0.002 0.005 
 102   (0.018) 0.018 0.018 0.018 0.001 0.003 0.016 0.001 0.003 0.004 0.001 0.003 0.001 0.001 
 107   (0.012) 0.012 0.006 0.005 0.001 0.002 0.007 0.026 0.001 0.003 0.001 0.002 0.000 0.001 
  99   (0.008) 0.008 0.003 0.003 0.001 0.001 0.004 0.000 0.001 0.002 0.013 0.002 0.000 0.001 
 101   (0.012) 0.012 0.007 0.006 0.001 0.002 0.008 0.001 0.001 0.004 0.014 0.002 0.000 0.001 

Locus 6 : 6 
5 alleles
0.3% missing data
 141   (0.296) 0.296 0.296 0.300 0.374 0.237 0.271 0.121 0.040 0.623 0.136 0.163 0.579 0.856 
 145   (0.384) 0.384 0.455 0.464 0.129 0.659 0.445 0.023 0.388 0.206 0.262 0.473 0.200 0.069 
 147   (0.070) 0.070 0.045 0.040 0.149 0.013 0.054 0.130 0.010 0.027 0.317 0.017 0.046 0.015 
 135   (0.238) 0.238 0.198 0.191 0.348 0.089 0.221 0.647 0.560 0.141 0.285 0.345 0.175 0.060 
 137   (0.012) 0.012 0.006 0.005 0.001 0.002 0.008 0.079 0.001 0.003 0.001 0.002 0.000 0.001 

Locus 7 : 7 
10 alleles
1.0% missing data
  93   (0.239) 0.239 0.261 0.275 0.376 0.331 0.211 0.119 0.729 0.270 0.069 0.203 0.325 0.605 
 103   (0.257) 0.257 0.303 0.310 0.320 0.376 0.293 0.016 0.037 0.241 0.504 0.378 0.410 0.081 
  97   (0.206) 0.206 0.156 0.142 0.161 0.102 0.213 0.275 0.140 0.212 0.259 0.224 0.160 0.028 
  91   (0.069) 0.069 0.047 0.041 0.006 0.068 0.061 0.056 0.062 0.027 0.154 0.018 0.038 0.007 
  83   (0.053) 0.053 0.055 0.050 0.004 0.029 0.074 0.003 0.007 0.015 0.003 0.052 0.001 0.005 
  89   (0.107) 0.107 0.133 0.144 0.123 0.079 0.089 0.305 0.016 0.213 0.007 0.067 0.014 0.266 
  85   (0.040) 0.040 0.029 0.027 0.008 0.009 0.039 0.003 0.005 0.014 0.002 0.054 0.050 0.005 
 105   (0.013) 0.013 0.008 0.007 0.001 0.005 0.012 0.085 0.002 0.003 0.001 0.002 0.000 0.002 
  99   (0.008) 0.008 0.003 0.003 0.001 0.001 0.004 0.011 0.001 0.002 0.001 0.002 0.000 0.001 
 101   (0.008) 0.008 0.003 0.003 0.001 0.001 0.004 0.129 0.001 0.002 0.000 0.001 0.000 0.001 

Locus 8 : 8 
8 alleles
0.0% missing data
 129   (0.533) 0.533 0.612 0.637 0.479 0.723 0.538 0.319 0.140 0.453 0.643 0.607 0.715 0.695 
 149   (0.102) 0.102 0.090 0.086 0.116 0.040 0.095 0.287 0.013 0.130 0.016 0.056 0.127 0.017 
 143   (0.255) 0.255 0.214 0.198 0.277 0.214 0.262 0.303 0.762 0.390 0.131 0.280 0.058 0.276 
 141   (0.058) 0.058 0.049 0.047 0.124 0.013 0.060 0.003 0.008 0.015 0.207 0.027 0.099 0.008 
 131   (0.011) 0.011 0.005 0.004 0.001 0.003 0.006 0.001 0.044 0.003 0.001 0.018 0.000 0.001 
 133   (0.016) 0.016 0.016 0.015 0.001 0.003 0.019 0.001 0.002 0.004 0.001 0.007 0.000 0.001 
 127   (0.017) 0.017 0.010 0.009 0.001 0.002 0.014 0.086 0.031 0.004 0.001 0.003 0.000 0.001 
 145   (0.008) 0.008 0.004 0.003 0.001 0.001 0.006 0.000 0.001 0.002 0.000 0.001 0.000 0.001 

Locus 9 : 9 
4 alleles
0.0% missing data
 191   (0.371) 0.371 0.298 0.275 0.632 0.316 0.382 0.320 0.257 0.279 0.547 0.387 0.549 0.851 
 195   (0.148) 0.148 0.106 0.096 0.050 0.302 0.128 0.339 0.400 0.255 0.054 0.267 0.200 0.031 
 189   (0.472) 0.473 0.593 0.626 0.317 0.380 0.485 0.341 0.342 0.464 0.398 0.344 0.248 0.117 
 193   (0.008) 0.008 0.004 0.003 0.001 0.001 0.005 0.000 0.001 0.002 0.001 0.002 0.003 0.001 

Locus 10 : 10 
7 alleles
0.3% missing data
 238   (0.565) 0.565 0.659 0.685 0.403 0.728 0.559 0.744 0.403 0.850 0.348 0.680 0.616 0.128 
 252   (0.106) 0.106 0.089 0.082 0.165 0.047 0.109 0.015 0.021 0.038 0.034 0.106 0.105 0.303 
 232   (0.242) 0.242 0.194 0.181 0.424 0.212 0.252 0.129 0.189 0.090 0.276 0.197 0.255 0.555 
 254   (0.045) 0.045 0.030 0.027 0.004 0.007 0.041 0.082 0.382 0.012 0.257 0.009 0.023 0.011 
 248   (0.020) 0.020 0.013 0.011 0.001 0.003 0.018 0.001 0.003 0.005 0.084 0.004 0.001 0.002 
 236   (0.008) 0.008 0.004 0.004 0.001 0.001 0.005 0.000 0.001 0.002 0.001 0.002 0.000 0.001 
 250   (0.014) 0.014 0.010 0.010 0.001 0.002 0.016 0.028 0.002 0.003 0.001 0.003 0.000 0.001 

Locus 11 : 11 
4 alleles
0.0% missing data
  87   (0.720) 0.720 0.743 0.746 0.578 0.853 0.735 0.520 0.964 0.902 0.532 0.840 0.646 0.366 
  89   (0.208) 0.208 0.213 0.214 0.313 0.108 0.211 0.154 0.027 0.067 0.384 0.130 0.315 0.598 
  91   (0.064) 0.064 0.040 0.037 0.108 0.039 0.049 0.169 0.008 0.029 0.083 0.029 0.039 0.035 
  85   (0.008) 0.008 0.003 0.003 0.001 0.001 0.004 0.157 0.001 0.002 0.000 0.001 0.000 0.001 

Locus 12 : 12 
12 alleles
0.3% missing data
 147   (0.048) 0.047 0.055 0.060 0.333 0.018 0.039 0.003 0.006 0.015 0.003 0.036 0.095 0.107 
 158   (0.232) 0.232 0.193 0.179 0.324 0.226 0.235 0.098 0.032 0.152 0.022 0.313 0.545 0.088 
 160   (0.230) 0.230 0.214 0.216 0.167 0.332 0.192 0.405 0.642 0.215 0.717 0.270 0.115 0.036 
 162   (0.228) 0.227 0.282 0.290 0.139 0.298 0.279 0.014 0.074 0.356 0.232 0.121 0.212 0.735 
 150   (0.008) 0.008 0.003 0.003 0.001 0.002 0.004 0.000 0.001 0.002 0.000 0.021 0.000 0.001 
 161   (0.116) 0.116 0.119 0.122 0.023 0.043 0.114 0.269 0.103 0.041 0.018 0.148 0.022 0.017 
 149   (0.023) 0.023 0.016 0.015 0.002 0.052 0.021 0.001 0.003 0.180 0.001 0.016 0.001 0.002 
 154   (0.019) 0.019 0.017 0.015 0.001 0.003 0.023 0.002 0.002 0.006 0.001 0.003 0.001 0.002 
 143   (0.024) 0.024 0.016 0.013 0.002 0.010 0.021 0.179 0.127 0.006 0.001 0.005 0.001 0.002 
 170   (0.055) 0.055 0.059 0.059 0.006 0.012 0.061 0.029 0.008 0.022 0.004 0.051 0.009 0.007 
 164   (0.008) 0.008 0.004 0.003 0.001 0.001 0.005 0.000 0.001 0.002 0.000 0.001 0.000 0.001 
 159   (0.010) 0.010 0.021 0.024 0.001 0.002 0.005 0.001 0.001 0.002 0.001 0.014 0.000 0.001 

Locus 13 : 13 
4 alleles
0.0% missing data
 108   (0.193) 0.193 0.162 0.159 0.164 0.085 0.173 0.292 0.302 0.067 0.199 0.124 0.165 0.420 
 115   (0.434) 0.434 0.469 0.476 0.396 0.529 0.433 0.376 0.081 0.625 0.287 0.500 0.585 0.518 
 113   (0.366) 0.366 0.365 0.362 0.440 0.384 0.389 0.332 0.615 0.306 0.514 0.374 0.250 0.061 
 109   (0.008) 0.008 0.004 0.003 0.001 0.002 0.005 0.000 0.001 0.002 0.000 0.001 0.000 0.001 

Locus 14 : 14 
7 alleles
2.5% missing data
 172   (0.423) 0.423 0.492 0.507 0.224 0.454 0.460 0.311 0.637 0.399 0.292 0.466 0.401 0.053 
 174   (0.317) 0.317 0.279 0.268 0.669 0.421 0.308 0.144 0.160 0.320 0.289 0.191 0.369 0.912 
 176   (0.104) 0.104 0.082 0.077 0.050 0.034 0.095 0.029 0.015 0.219 0.364 0.037 0.152 0.021 
 182   (0.060) 0.060 0.082 0.088 0.039 0.025 0.055 0.014 0.008 0.034 0.004 0.183 0.006 0.005 
 178   (0.049) 0.048 0.032 0.031 0.013 0.059 0.034 0.130 0.006 0.014 0.049 0.026 0.069 0.004 
 180   (0.039) 0.039 0.027 0.024 0.004 0.007 0.039 0.370 0.173 0.013 0.002 0.096 0.004 0.004 
 170   (0.008) 0.008 0.006 0.006 0.001 0.001 0.009 0.000 0.001 0.002 0.000 0.001 0.000 0.001 

Locus 15 : 15 
5 alleles
0.8% missing data
 225   (0.123) 0.124 0.134 0.140 0.029 0.033 0.107 0.060 0.254 0.091 0.210 0.106 0.097 0.015 
 229   (0.538) 0.538 0.525 0.516 0.419 0.570 0.566 0.478 0.117 0.779 0.417 0.467 0.465 0.888 
 227   (0.143) 0.143 0.189 0.204 0.288 0.315 0.124 0.009 0.232 0.073 0.018 0.364 0.263 0.045 
 231   (0.124) 0.124 0.098 0.089 0.144 0.021 0.128 0.349 0.309 0.036 0.350 0.036 0.086 0.025 
 233   (0.071) 0.071 0.054 0.050 0.120 0.062 0.075 0.103 0.089 0.021 0.005 0.026 0.090 0.027 

Locus 16 : 16 
5 alleles
0.5% missing data
 143   (0.831) 0.831 0.873 0.883 0.982 0.927 0.841 0.616 0.763 0.901 0.819 0.728 0.962 0.983 
 145   (0.097) 0.097 0.081 0.074 0.013 0.051 0.100 0.187 0.228 0.036 0.006 0.127 0.016 0.010 
 147   (0.046) 0.046 0.029 0.027 0.004 0.018 0.037 0.195 0.006 0.056 0.142 0.138 0.001 0.004 
 133   (0.018) 0.018 0.013 0.013 0.001 0.003 0.017 0.001 0.002 0.004 0.032 0.004 0.000 0.002 
 157   (0.009) 0.009 0.004 0.003 0.001 0.001 0.005 0.001 0.001 0.002 0.001 0.002 0.020 0.001 

Locus 17 : 17 
5 alleles
0.3% missing data
 158   (0.527) 0.528 0.567 0.573 0.641 0.738 0.524 0.327 0.202 0.451 0.201 0.509 0.505 0.311 
 156   (0.243) 0.242 0.223 0.216 0.140 0.189 0.253 0.166 0.600 0.114 0.503 0.313 0.308 0.210 
 160   (0.138) 0.137 0.130 0.134 0.190 0.036 0.121 0.124 0.017 0.403 0.113 0.157 0.146 0.465 
 154   (0.082) 0.082 0.070 0.065 0.028 0.017 0.096 0.383 0.179 0.029 0.183 0.020 0.040 0.013 
 152   (0.011) 0.011 0.011 0.012 0.001 0.021 0.006 0.001 0.001 0.003 0.001 0.002 0.000 0.001 

Locus 18 : 18 
5 alleles
0.0% missing data
  90   (0.666) 0.666 0.620 0.607 0.797 0.897 0.648 0.336 0.594 0.536 0.793 0.698 0.730 0.621 
 102   (0.217) 0.217 0.289 0.309 0.174 0.079 0.226 0.044 0.030 0.166 0.199 0.263 0.238 0.090 
  88   (0.075) 0.075 0.057 0.052 0.026 0.014 0.082 0.441 0.009 0.282 0.005 0.017 0.031 0.284 
 100   (0.034) 0.034 0.030 0.028 0.003 0.008 0.040 0.178 0.366 0.010 0.002 0.007 0.001 0.003 
 104   (0.008) 0.008 0.004 0.004 0.001 0.001 0.004 0.000 0.001 0.005 0.000 0.014 0.000 0.001 

Locus 19 : 19 
8 alleles
0.3% missing data
 142   (0.135) 0.135 0.119 0.113 0.377 0.035 0.153 0.023 0.021 0.125 0.009 0.168 0.411 0.780 
 146   (0.084) 0.084 0.130 0.143 0.044 0.047 0.076 0.005 0.011 0.157 0.223 0.038 0.197 0.051 
 127   (0.259) 0.259 0.265 0.267 0.103 0.470 0.260 0.154 0.484 0.128 0.062 0.185 0.186 0.063 
 138   (0.053) 0.053 0.043 0.040 0.017 0.012 0.051 0.004 0.054 0.021 0.004 0.089 0.022 0.010 
 140   (0.265) 0.266 0.259 0.254 0.342 0.165 0.277 0.310 0.325 0.388 0.180 0.276 0.088 0.042 
 150   (0.061) 0.061 0.047 0.042 0.005 0.201 0.050 0.214 0.008 0.018 0.306 0.180 0.002 0.006 
 148   (0.109) 0.109 0.111 0.114 0.070 0.065 0.094 0.069 0.015 0.156 0.214 0.057 0.048 0.043 
 128   (0.034) 0.033 0.026 0.025 0.042 0.005 0.039 0.220 0.081 0.009 0.002 0.006 0.047 0.004 

Locus 20 : 20 
7 alleles
0.3% missing data
 190   (0.141) 0.141 0.112 0.107 0.367 0.269 0.120 0.045 0.018 0.282 0.201 0.118 0.405 0.017 
 194   (0.570) 0.570 0.574 0.573 0.458 0.551 0.582 0.560 0.947 0.405 0.477 0.598 0.499 0.405 
 188   (0.187) 0.187 0.179 0.172 0.168 0.089 0.214 0.012 0.023 0.110 0.173 0.258 0.093 0.570 
 200   (0.067) 0.067 0.117 0.132 0.005 0.087 0.061 0.302 0.008 0.195 0.004 0.020 0.002 0.006 
 202   (0.019) 0.019 0.010 0.009 0.001 0.003 0.014 0.041 0.002 0.005 0.144 0.003 0.001 0.002 
 198   (0.008) 0.008 0.003 0.003 0.001 0.001 0.004 0.040 0.001 0.002 0.000 0.001 0.000 0.001 
 196   (0.008) 0.008 0.005 0.004 0.001 0.001 0.006 0.001 0.001 0.002 0.000 0.001 0.000 0.001 

Locus 21 : 21 
6 alleles
0.8% missing data
 252   (0.686) 0.686 0.774 0.786 0.734 0.723 0.736 0.079 0.391 0.669 0.730 0.772 0.850 0.818 
 244   (0.024) 0.024 0.011 0.010 0.002 0.014 0.014 0.040 0.003 0.009 0.002 0.005 0.009 0.148 
 246   (0.095) 0.095 0.070 0.065 0.156 0.109 0.092 0.212 0.185 0.117 0.048 0.022 0.005 0.010 
 254   (0.084) 0.084 0.070 0.072 0.009 0.127 0.064 0.239 0.083 0.129 0.083 0.021 0.035 0.010 
 250   (0.090) 0.090 0.055 0.049 0.097 0.023 0.066 0.429 0.335 0.071 0.135 0.172 0.088 0.012 
 248   (0.021) 0.020 0.020 0.019 0.002 0.003 0.027 0.001 0.003 0.005 0.001 0.007 0.012 0.002 

Locus 22 : 22 
7 alleles
0.0% missing data
 167   (0.177) 0.177 0.182 0.184 0.196 0.117 0.186 0.070 0.130 0.057 0.121 0.087 0.334 0.631 
 177   (0.287) 0.287 0.272 0.268 0.578 0.216 0.293 0.044 0.268 0.445 0.171 0.259 0.257 0.170 
 165   (0.049) 0.049 0.038 0.035 0.007 0.008 0.055 0.074 0.007 0.150 0.016 0.014 0.006 0.005 
 173   (0.282) 0.281 0.330 0.348 0.183 0.557 0.251 0.204 0.138 0.280 0.214 0.561 0.369 0.171 
 175   (0.138) 0.138 0.121 0.113 0.031 0.090 0.130 0.495 0.449 0.048 0.256 0.052 0.032 0.016 
 163   (0.047) 0.047 0.033 0.030 0.005 0.008 0.046 0.111 0.006 0.013 0.220 0.022 0.003 0.005 
 159   (0.021) 0.021 0.024 0.023 0.002 0.003 0.039 0.001 0.002 0.007 0.001 0.004 0.001 0.002 

Locus 23 : 23 
11 alleles
1.0% missing data
 152   (0.443) 0.444 0.466 0.476 0.489 0.648 0.422 0.107 0.476 0.547 0.373 0.538 0.643 0.128 
 154   (0.011) 0.011 0.005 0.004 0.037 0.002 0.006 0.001 0.001 0.003 0.001 0.002 0.061 0.001 
 146   (0.218) 0.218 0.264 0.276 0.222 0.233 0.213 0.014 0.082 0.215 0.137 0.315 0.232 0.838 
 166   (0.089) 0.089 0.079 0.073 0.199 0.019 0.106 0.006 0.121 0.162 0.006 0.031 0.022 0.009 
 156   (0.017) 0.017 0.007 0.006 0.001 0.007 0.009 0.103 0.002 0.004 0.307 0.019 0.000 0.002 
 162   (0.048) 0.048 0.045 0.041 0.004 0.009 0.061 0.135 0.006 0.019 0.069 0.016 0.001 0.004 
 142   (0.017) 0.017 0.009 0.008 0.001 0.053 0.011 0.029 0.002 0.004 0.001 0.003 0.000 0.002 
 150   (0.036) 0.036 0.033 0.031 0.006 0.009 0.042 0.113 0.087 0.012 0.002 0.012 0.009 0.004 
 164   (0.030) 0.030 0.019 0.017 0.033 0.005 0.025 0.068 0.004 0.007 0.002 0.007 0.013 0.003 
 158   (0.079) 0.079 0.067 0.062 0.006 0.014 0.098 0.425 0.011 0.027 0.103 0.056 0.018 0.009 
 148   (0.011) 0.011 0.005 0.005 0.001 0.002 0.007 0.001 0.208 0.002 0.001 0.002 0.000 0.001 

Locus 24 : 24 
7 alleles
0.5% missing data
 154   (0.546) 0.547 0.593 0.596 0.416 0.527 0.581 0.187 0.403 0.522 0.224 0.626 0.538 0.932 
 158   (0.025) 0.025 0.016 0.015 0.002 0.004 0.021 0.140 0.003 0.137 0.002 0.005 0.003 0.019 
 144   (0.168) 0.168 0.160 0.166 0.194 0.394 0.141 0.242 0.559 0.055 0.635 0.124 0.173 0.023 
 160   (0.108) 0.108 0.095 0.098 0.217 0.033 0.088 0.016 0.014 0.192 0.104 0.205 0.194 0.012 
 156   (0.126) 0.126 0.121 0.114 0.076 0.038 0.152 0.413 0.017 0.089 0.033 0.033 0.036 0.012 
 152   (0.016) 0.016 0.007 0.007 0.094 0.002 0.009 0.001 0.002 0.004 0.001 0.005 0.057 0.001 
 146   (0.010) 0.010 0.007 0.006 0.001 0.001 0.009 0.001 0.002 0.002 0.001 0.002 0.000 0.001 

Locus 25 : 25 
4 alleles
0.3% missing data
  81   (0.372) 0.372 0.410 0.416 0.299 0.442 0.404 0.373 0.255 0.470 0.025 0.315 0.157 0.701 
  83   (0.457) 0.457 0.402 0.386 0.555 0.407 0.443 0.593 0.722 0.466 0.920 0.472 0.500 0.240 
  77   (0.089) 0.089 0.106 0.115 0.084 0.052 0.073 0.005 0.012 0.038 0.050 0.064 0.331 0.047 
  85   (0.082) 0.082 0.083 0.083 0.062 0.099 0.079 0.029 0.011 0.026 0.006 0.150 0.012 0.012 

Locus 26 : 26 
6 alleles
0.3% missing data
 126   (0.031) 0.031 0.016 0.015 0.046 0.005 0.021 0.012 0.004 0.008 0.002 0.007 0.054 0.004 
 132   (0.320) 0.320 0.304 0.295 0.258 0.393 0.325 0.022 0.210 0.272 0.445 0.388 0.516 0.921 
 124   (0.533) 0.533 0.562 0.566 0.686 0.463 0.544 0.482 0.402 0.644 0.545 0.555 0.411 0.061 
 122   (0.078) 0.078 0.093 0.101 0.008 0.133 0.075 0.459 0.029 0.066 0.005 0.041 0.017 0.011 
 136   (0.015) 0.015 0.010 0.009 0.001 0.002 0.013 0.001 0.002 0.004 0.001 0.005 0.001 0.001 
 120   (0.023) 0.023 0.015 0.013 0.002 0.004 0.021 0.024 0.353 0.005 0.001 0.004 0.001 0.002 

Locus 27 : 27 
7 alleles
0.0% missing data
 183   (0.350) 0.349 0.323 0.321 0.501 0.382 0.352 0.204 0.330 0.350 0.422 0.314 0.581 0.183 
 175   (0.268) 0.268 0.296 0.302 0.239 0.159 0.293 0.017 0.036 0.393 0.446 0.471 0.243 0.107 
 165   (0.231) 0.231 0.224 0.218 0.165 0.416 0.226 0.105 0.308 0.208 0.056 0.126 0.116 0.687 
 179   (0.098) 0.098 0.120 0.125 0.090 0.035 0.082 0.289 0.320 0.036 0.006 0.079 0.058 0.019 
 181   (0.037) 0.037 0.030 0.027 0.003 0.006 0.037 0.268 0.004 0.009 0.069 0.008 0.001 0.003 
 185   (0.008) 0.008 0.003 0.003 0.001 0.001 0.004 0.117 0.001 0.002 0.000 0.001 0.000 0.001 
 157   (0.008) 0.008 0.004 0.003 0.001 0.001 0.005 0.000 0.001 0.002 0.000 0.001 0.000 0.001 

Locus 28 : 28 
4 alleles
0.0% missing data
 142   (0.647) 0.647 0.649 0.646 0.611 0.842 0.653 0.525 0.340 0.647 0.744 0.751 0.723 0.326 
 148   (0.191) 0.191 0.184 0.178 0.171 0.061 0.209 0.261 0.639 0.062 0.067 0.102 0.068 0.403 
 138   (0.045) 0.045 0.023 0.020 0.207 0.048 0.028 0.046 0.006 0.015 0.003 0.010 0.196 0.260 
 150   (0.117) 0.117 0.144 0.155 0.012 0.050 0.109 0.168 0.015 0.275 0.186 0.137 0.013 0.011 

Locus 29 : 29 
6 alleles
1.0% missing data
 260   (0.397) 0.397 0.444 0.458 0.400 0.508 0.403 0.231 0.075 0.468 0.375 0.529 0.363 0.272 
 262   (0.487) 0.487 0.452 0.442 0.591 0.413 0.474 0.684 0.910 0.456 0.551 0.355 0.627 0.714 
 264   (0.018) 0.018 0.015 0.014 0.001 0.003 0.018 0.001 0.002 0.005 0.001 0.067 0.001 0.002 
 256   (0.078) 0.078 0.074 0.073 0.007 0.055 0.083 0.083 0.011 0.065 0.072 0.045 0.009 0.010 
 258   (0.012) 0.012 0.012 0.011 0.001 0.002 0.018 0.001 0.001 0.004 0.001 0.002 0.000 0.001 
 266   (0.008) 0.008 0.003 0.003 0.001 0.019 0.004 0.000 0.001 0.002 0.000 0.001 0.000 0.001 

Locus 30 : 30 
7 alleles
0.5% missing data
 150   (0.437) 0.437 0.506 0.522 0.518 0.628 0.459 0.234 0.145 0.285 0.292 0.423 0.696 0.147 
 146   (0.266) 0.266 0.245 0.238 0.231 0.140 0.264 0.313 0.038 0.278 0.340 0.339 0.185 0.084 
 140   (0.186) 0.186 0.177 0.174 0.055 0.094 0.177 0.405 0.803 0.207 0.060 0.214 0.077 0.722 
 148   (0.072) 0.072 0.049 0.045 0.174 0.054 0.068 0.039 0.009 0.163 0.305 0.015 0.037 0.042 
 152   (0.023) 0.023 0.016 0.015 0.002 0.081 0.023 0.008 0.003 0.059 0.002 0.005 0.001 0.003 
 151   (0.008) 0.008 0.004 0.003 0.019 0.001 0.004 0.000 0.001 0.002 0.000 0.002 0.001 0.001 
 142   (0.008) 0.008 0.004 0.003 0.001 0.001 0.005 0.001 0.001 0.006 0.000 0.002 0.002 0.001 

Locus 31 : 31 
6 alleles
0.3% missing data
 125   (0.285) 0.285 0.254 0.238 0.346 0.078 0.327 0.146 0.158 0.125 0.031 0.138 0.473 0.632 
 129   (0.418) 0.418 0.461 0.478 0.572 0.581 0.402 0.068 0.226 0.575 0.783 0.598 0.479 0.310 
 123   (0.165) 0.165 0.156 0.153 0.072 0.274 0.145 0.113 0.022 0.153 0.104 0.215 0.044 0.045 
 131   (0.046) 0.046 0.059 0.061 0.004 0.011 0.059 0.140 0.007 0.022 0.003 0.028 0.001 0.004 
 127   (0.075) 0.075 0.064 0.063 0.006 0.054 0.061 0.532 0.541 0.122 0.078 0.019 0.002 0.008 
 121   (0.012) 0.012 0.006 0.006 0.001 0.002 0.007 0.001 0.045 0.003 0.001 0.002 0.000 0.001 

Locus 32 : 32 
6 alleles
0.3% missing data
 155   (0.551) 0.552 0.506 0.485 0.748 0.609 0.598 0.404 0.601 0.382 0.709 0.363 0.707 0.555 
 153   (0.079) 0.078 0.074 0.074 0.007 0.024 0.082 0.322 0.071 0.039 0.005 0.084 0.083 0.052 
 159   (0.148) 0.148 0.184 0.198 0.195 0.168 0.121 0.199 0.019 0.165 0.010 0.412 0.113 0.073 
 157   (0.180) 0.180 0.210 0.221 0.046 0.191 0.167 0.066 0.141 0.400 0.021 0.132 0.092 0.314 
 151   (0.034) 0.034 0.021 0.018 0.003 0.006 0.027 0.009 0.167 0.011 0.254 0.007 0.004 0.004 
 163   (0.008) 0.008 0.004 0.004 0.001 0.002 0.006 0.000 0.001 0.002 0.001 0.002 0.001 0.001 

Locus 33 : 33 
5 alleles
1.0% missing data
  92   (0.338) 0.338 0.361 0.366 0.243 0.296 0.311 0.489 0.139 0.190 0.438 0.433 0.256 0.402 
  95   (0.158) 0.158 0.165 0.165 0.025 0.039 0.182 0.223 0.298 0.431 0.410 0.069 0.131 0.017 
  91   (0.426) 0.426 0.410 0.410 0.648 0.651 0.414 0.248 0.553 0.356 0.146 0.479 0.564 0.546 
  94   (0.070) 0.070 0.060 0.056 0.083 0.013 0.089 0.030 0.009 0.021 0.005 0.017 0.049 0.035 
  90   (0.008) 0.008 0.004 0.003 0.001 0.001 0.004 0.010 0.001 0.002 0.001 0.002 0.000 0.001 

Locus 34 : 34 
5 alleles
0.0% missing data
 146   (0.305) 0.305 0.319 0.314 0.062 0.341 0.320 0.654 0.584 0.157 0.311 0.398 0.070 0.061 
 150   (0.578) 0.578 0.595 0.605 0.890 0.635 0.574 0.240 0.400 0.564 0.639 0.495 0.847 0.926 
 148   (0.064) 0.064 0.043 0.041 0.043 0.013 0.049 0.039 0.009 0.209 0.047 0.023 0.082 0.007 
 154   (0.038) 0.038 0.036 0.034 0.004 0.007 0.048 0.066 0.005 0.010 0.002 0.025 0.001 0.004 
 152   (0.015) 0.015 0.007 0.006 0.001 0.004 0.008 0.001 0.002 0.060 0.001 0.060 0.000 0.001 

Locus 35 : 35 
7 alleles
0.0% missing data
 180   (0.452) 0.452 0.434 0.427 0.414 0.455 0.476 0.360 0.725 0.370 0.669 0.242 0.616 0.428 
 184   (0.209) 0.209 0.156 0.145 0.139 0.285 0.185 0.179 0.233 0.218 0.072 0.495 0.151 0.424 
 196   (0.115) 0.115 0.121 0.122 0.215 0.100 0.103 0.029 0.015 0.038 0.007 0.167 0.169 0.121 
 198   (0.073) 0.073 0.066 0.062 0.182 0.015 0.091 0.258 0.009 0.024 0.067 0.016 0.018 0.009 
 194   (0.014) 0.014 0.006 0.006 0.040 0.002 0.008 0.001 0.002 0.005 0.001 0.003 0.039 0.002 
 192   (0.126) 0.126 0.177 0.190 0.010 0.135 0.131 0.172 0.015 0.343 0.182 0.058 0.007 0.015 
 190   (0.011) 0.011 0.039 0.048 0.001 0.008 0.006 0.001 0.001 0.003 0.001 0.020 0.000 0.001 

Locus 36 : 36 
6 alleles
0.0% missing data
 110   (0.178) 0.178 0.177 0.179 0.171 0.089 0.190 0.114 0.189 0.066 0.072 0.052 0.385 0.268 
 112   (0.344) 0.344 0.346 0.341 0.700 0.365 0.360 0.052 0.046 0.478 0.059 0.480 0.501 0.064 
 108   (0.131) 0.131 0.119 0.114 0.012 0.111 0.129 0.585 0.133 0.039 0.112 0.083 0.010 0.015 
  90   (0.037) 0.037 0.026 0.026 0.011 0.006 0.025 0.002 0.450 0.162 0.002 0.007 0.017 0.063 
 106   (0.303) 0.302 0.328 0.336 0.105 0.428 0.291 0.246 0.182 0.253 0.709 0.377 0.088 0.590 
  96   (0.008) 0.008 0.003 0.003 0.001 0.001 0.004 0.000 0.001 0.002 0.046 0.001 0.000 0.001 

Locus 37 : 37 
9 alleles
0.0% missing data
 172   (0.333) 0.332 0.347 0.351 0.240 0.431 0.338 0.155 0.046 0.429 0.583 0.358 0.460 0.436 
 176   (0.099) 0.100 0.071 0.064 0.334 0.017 0.091 0.099 0.014 0.118 0.017 0.024 0.119 0.021 
 166   (0.059) 0.059 0.042 0.038 0.238 0.116 0.045 0.004 0.008 0.075 0.004 0.107 0.275 0.011 
 170   (0.278) 0.278 0.276 0.272 0.162 0.222 0.300 0.348 0.587 0.141 0.323 0.211 0.136 0.492 
 174   (0.130) 0.131 0.183 0.198 0.012 0.179 0.135 0.045 0.018 0.166 0.067 0.090 0.006 0.012 
 178   (0.035) 0.035 0.030 0.028 0.009 0.007 0.032 0.002 0.004 0.022 0.002 0.110 0.002 0.021 
 186   (0.015) 0.015 0.014 0.015 0.001 0.003 0.008 0.023 0.002 0.004 0.001 0.089 0.000 0.001 
 168   (0.042) 0.042 0.032 0.029 0.003 0.024 0.045 0.323 0.320 0.042 0.003 0.010 0.001 0.004 
 158   (0.008) 0.008 0.005 0.004 0.001 0.001 0.007 0.000 0.001 0.002 0.000 0.002 0.000 0.001 

Locus 38 : 38 
6 alleles
0.0% missing data
  85   (0.169) 0.169 0.132 0.125 0.233 0.159 0.165 0.017 0.515 0.208 0.239 0.116 0.226 0.271 
  89   (0.555) 0.555 0.601 0.611 0.670 0.523 0.560 0.610 0.345 0.712 0.505 0.776 0.656 0.249 
  83   (0.141) 0.141 0.137 0.135 0.042 0.122 0.146 0.314 0.018 0.042 0.246 0.044 0.030 0.423 
  95   (0.060) 0.060 0.050 0.049 0.049 0.144 0.046 0.028 0.008 0.017 0.004 0.041 0.078 0.049 
  81   (0.056) 0.056 0.070 0.072 0.005 0.048 0.071 0.004 0.011 0.017 0.004 0.019 0.010 0.007 
  91   (0.019) 0.019 0.009 0.008 0.001 0.005 0.012 0.028 0.103 0.005 0.001 0.003 0.001 0.002 

Locus 39 : 39 
10 alleles
0.0% missing data
 161   (0.340) 0.340 0.336 0.337 0.586 0.220 0.328 0.696 0.416 0.467 0.374 0.241 0.549 0.089 
 169   (0.101) 0.100 0.113 0.118 0.078 0.139 0.110 0.006 0.235 0.033 0.006 0.181 0.097 0.640 
 159   (0.019) 0.019 0.011 0.010 0.014 0.005 0.016 0.001 0.002 0.005 0.001 0.004 0.036 0.002 
 173   (0.255) 0.255 0.281 0.288 0.090 0.171 0.246 0.176 0.192 0.408 0.514 0.369 0.135 0.198 
 165   (0.220) 0.220 0.211 0.204 0.226 0.390 0.233 0.117 0.147 0.068 0.101 0.156 0.171 0.065 
 175   (0.012) 0.012 0.005 0.004 0.001 0.066 0.006 0.001 0.001 0.003 0.001 0.038 0.000 0.001 
 155   (0.018) 0.018 0.017 0.015 0.001 0.004 0.023 0.001 0.002 0.007 0.001 0.003 0.000 0.002 
 167   (0.018) 0.018 0.014 0.013 0.002 0.003 0.023 0.001 0.002 0.005 0.001 0.004 0.011 0.002 
 177   (0.008) 0.008 0.004 0.004 0.001 0.001 0.005 0.000 0.001 0.002 0.000 0.001 0.000 0.001 
 168   (0.010) 0.011 0.008 0.007 0.001 0.002 0.010 0.001 0.001 0.002 0.001 0.002 0.000 0.001 

Locus 40 : 40 
6 alleles
0.8% missing data
  89   (0.420) 0.420 0.437 0.441 0.710 0.648 0.429 0.233 0.054 0.532 0.093 0.556 0.553 0.753 
  91   (0.154) 0.154 0.162 0.161 0.020 0.043 0.182 0.106 0.167 0.084 0.188 0.061 0.147 0.191 
  85   (0.191) 0.191 0.188 0.191 0.069 0.213 0.182 0.233 0.117 0.177 0.474 0.233 0.034 0.027 
  83   (0.008) 0.008 0.003 0.003 0.001 0.001 0.004 0.000 0.001 0.002 0.000 0.002 0.003 0.001 
  87   (0.108) 0.108 0.107 0.110 0.136 0.036 0.084 0.420 0.645 0.056 0.129 0.037 0.170 0.015 
  81   (0.119) 0.119 0.102 0.093 0.064 0.059 0.119 0.008 0.016 0.148 0.116 0.112 0.093 0.012 

Locus 41 : 41 
4 alleles
0.5% missing data
 167   (0.755) 0.755 0.791 0.798 0.898 0.612 0.759 0.409 0.638 0.835 0.861 0.929 0.920 0.917 
 161   (0.205) 0.205 0.175 0.168 0.099 0.276 0.203 0.467 0.358 0.154 0.136 0.061 0.078 0.077 
 165   (0.033) 0.033 0.029 0.028 0.003 0.111 0.032 0.123 0.004 0.010 0.002 0.009 0.001 0.005 
 177   (0.008) 0.008 0.005 0.005 0.001 0.001 0.006 0.000 0.001 0.002 0.001 0.002 0.000 0.001 

Locus 42 : 42 
6 alleles
0.5% missing data
 228   (0.435) 0.435 0.438 0.440 0.652 0.432 0.421 0.113 0.641 0.618 0.235 0.646 0.511 0.709 
 238   (0.333) 0.334 0.354 0.353 0.275 0.332 0.364 0.073 0.095 0.205 0.116 0.285 0.326 0.061 
 236   (0.101) 0.100 0.082 0.080 0.016 0.040 0.084 0.297 0.248 0.055 0.390 0.027 0.065 0.217 
 224   (0.030) 0.030 0.015 0.013 0.048 0.005 0.018 0.013 0.004 0.085 0.002 0.006 0.095 0.003 
 240   (0.090) 0.090 0.104 0.107 0.007 0.189 0.104 0.503 0.011 0.033 0.256 0.032 0.002 0.008 
 232   (0.012) 0.012 0.007 0.006 0.002 0.002 0.009 0.001 0.001 0.003 0.001 0.004 0.001 0.001 

Locus 43 : 43 
7 alleles
0.0% missing data
 130   (0.540) 0.541 0.544 0.540 0.500 0.390 0.578 0.732 0.072 0.569 0.775 0.410 0.643 0.680 
 134   (0.103) 0.104 0.103 0.099 0.010 0.033 0.113 0.178 0.243 0.117 0.007 0.088 0.013 0.011 
 114   (0.050) 0.050 0.030 0.027 0.061 0.008 0.039 0.003 0.423 0.102 0.003 0.010 0.108 0.038 
 128   (0.128) 0.128 0.138 0.142 0.144 0.278 0.110 0.008 0.016 0.152 0.034 0.178 0.118 0.248 
 132   (0.104) 0.104 0.104 0.106 0.279 0.162 0.099 0.006 0.013 0.035 0.049 0.281 0.116 0.014 
 118   (0.066) 0.065 0.077 0.083 0.005 0.129 0.055 0.073 0.232 0.023 0.132 0.032 0.003 0.009 
 136   (0.008) 0.008 0.004 0.003 0.001 0.001 0.005 0.000 0.001 0.002 0.000 0.001 0.000 0.001 

Locus 44 : 44 
6 alleles
0.8% missing data
  98   (0.118) 0.117 0.073 0.067 0.104 0.123 0.099 0.252 0.253 0.180 0.097 0.027 0.224 0.089 
 104   (0.413) 0.413 0.473 0.483 0.137 0.514 0.447 0.227 0.059 0.550 0.414 0.445 0.209 0.105 
 102   (0.266) 0.266 0.294 0.303 0.443 0.309 0.256 0.017 0.544 0.204 0.476 0.365 0.410 0.069 
 106   (0.008) 0.008 0.004 0.004 0.001 0.001 0.005 0.000 0.001 0.004 0.001 0.003 0.001 0.001 
  92   (0.127) 0.127 0.110 0.102 0.273 0.023 0.134 0.324 0.054 0.038 0.008 0.137 0.092 0.015 
  96   (0.069) 0.068 0.046 0.041 0.043 0.029 0.058 0.180 0.088 0.024 0.004 0.023 0.064 0.722 

Locus 45 : 45 
5 alleles
0.3% missing data
 101   (0.309) 0.309 0.288 0.281 0.291 0.170 0.306 0.355 0.041 0.436 0.185 0.350 0.473 0.080 
 103   (0.301) 0.302 0.315 0.319 0.329 0.473 0.283 0.102 0.251 0.150 0.347 0.474 0.173 0.447 
  95   (0.235) 0.235 0.261 0.271 0.208 0.247 0.241 0.351 0.096 0.099 0.458 0.124 0.319 0.389 
  99   (0.144) 0.144 0.130 0.124 0.171 0.108 0.163 0.188 0.417 0.313 0.009 0.049 0.034 0.083 
  97   (0.011) 0.011 0.006 0.005 0.001 0.002 0.007 0.004 0.195 0.002 0.001 0.002 0.000 0.001 

Locus 46 : 46 
7 alleles
0.3% missing data
 181   (0.586) 0.586 0.582 0.581 0.718 0.695 0.570 0.145 0.537 0.568 0.859 0.740 0.753 0.946 
 191   (0.273) 0.273 0.311 0.320 0.111 0.138 0.304 0.637 0.248 0.393 0.101 0.189 0.189 0.041 
 177   (0.065) 0.065 0.055 0.054 0.165 0.062 0.052 0.096 0.009 0.019 0.004 0.049 0.055 0.007 
 193   (0.014) 0.014 0.006 0.006 0.001 0.093 0.008 0.011 0.002 0.004 0.001 0.010 0.000 0.001 
 179   (0.043) 0.043 0.036 0.031 0.003 0.006 0.053 0.110 0.202 0.012 0.003 0.009 0.001 0.004 
 189   (0.008) 0.008 0.003 0.003 0.001 0.001 0.004 0.000 0.001 0.002 0.031 0.001 0.000 0.001 
 183   (0.011) 0.011 0.007 0.006 0.001 0.005 0.010 0.001 0.001 0.003 0.001 0.002 0.000 0.001 

Locus 47 : 47 
6 alleles
0.8% missing data
 205   (0.453) 0.453 0.473 0.470 0.560 0.520 0.499 0.306 0.272 0.397 0.408 0.673 0.495 0.882 
 207   (0.151) 0.151 0.157 0.163 0.204 0.221 0.129 0.073 0.020 0.095 0.203 0.171 0.115 0.058 
 211   (0.225) 0.225 0.192 0.185 0.147 0.125 0.223 0.387 0.318 0.412 0.269 0.109 0.259 0.039 
 201   (0.070) 0.070 0.092 0.101 0.043 0.024 0.058 0.044 0.377 0.028 0.004 0.023 0.080 0.010 
 215   (0.087) 0.087 0.075 0.072 0.045 0.106 0.077 0.181 0.012 0.064 0.114 0.021 0.050 0.009 
 202   (0.014) 0.014 0.011 0.010 0.001 0.004 0.015 0.009 0.002 0.005 0.001 0.003 0.000 0.001 

Locus 48 : 48 
9 alleles
1.0% missing data
 144   (0.079) 0.079 0.080 0.084 0.223 0.022 0.068 0.010 0.012 0.031 0.132 0.024 0.220 0.065 
 166   (0.144) 0.144 0.100 0.094 0.198 0.331 0.119 0.017 0.061 0.048 0.382 0.173 0.306 0.469 
 168   (0.146) 0.146 0.115 0.109 0.064 0.056 0.128 0.225 0.197 0.087 0.110 0.039 0.244 0.067 
 142   (0.347) 0.346 0.417 0.429 0.209 0.465 0.386 0.148 0.051 0.675 0.285 0.638 0.102 0.354 
 158   (0.166) 0.166 0.189 0.194 0.281 0.040 0.186 0.127 0.027 0.127 0.083 0.077 0.123 0.033 
 162   (0.031) 0.031 0.022 0.018 0.002 0.072 0.031 0.168 0.081 0.008 0.002 0.006 0.001 0.003 
 164   (0.045) 0.045 0.049 0.048 0.013 0.008 0.050 0.180 0.006 0.012 0.003 0.031 0.001 0.005 
 170   (0.015) 0.015 0.010 0.009 0.001 0.002 0.013 0.043 0.002 0.004 0.001 0.003 0.002 0.002 
 156   (0.028) 0.028 0.018 0.017 0.008 0.005 0.019 0.082 0.563 0.008 0.002 0.009 0.001 0.002 

Locus 49 : 49 
7 alleles
7.6% missing data
 151   (0.182) 0.182 0.169 0.169 0.550 0.136 0.164 0.094 0.063 0.371 0.012 0.208 0.175 0.121 
 153   (0.217) 0.216 0.265 0.272 0.167 0.344 0.254 0.042 0.027 0.220 0.027 0.315 0.366 0.129 
 149   (0.368) 0.368 0.351 0.345 0.167 0.446 0.364 0.763 0.331 0.332 0.331 0.352 0.222 0.426 
 145   (0.179) 0.179 0.183 0.185 0.090 0.065 0.177 0.038 0.529 0.060 0.626 0.114 0.197 0.318 
 147   (0.029) 0.029 0.018 0.016 0.023 0.005 0.022 0.005 0.046 0.010 0.002 0.006 0.037 0.003 
 143   (0.018) 0.018 0.011 0.009 0.001 0.003 0.015 0.058 0.002 0.005 0.001 0.003 0.001 0.002 
 152   (0.008) 0.008 0.004 0.003 0.001 0.001 0.005 0.001 0.001 0.003 0.001 0.002 0.003 0.002 

Values of parameters used in structure:
DATAFILE=temp3.str,	OUTFILE=k13/temp3_k13_run5,	NUMINDS=396,	NUMLOCI=49,	MISSING=-9,	LABEL=1,	POPDATA=1,	POPFLAG=0,	PHENOTYPE=0,	EXTRACOLS=0,	MAXPOPS=13,	BURNIN=500000,	NUMREPS=750000,	USEPOPINFO=0,	INFERALPHA=1,	INFERLAMBDA=0,	POPSPECIFICLAMBDA=0,	POPALPHAS=0,	COMPUTEPROB=1,	NOADMIX=0,	ADMBURNIN=500,	UPDATEFREQ=100,	PRINTLIKES=0,	INTERMEDSAVE=0,	PRINTKLD=0,	PRINTNET=1,	PRINTLAMBDA=1,	ANCESTDIST=0,	NUMBOXES=1000,	ANCESTPINT=0.90000,	GENSBACK=2,	MIGRPRIOR=0.01000,	PRINTQHAT=0,	PRINTQSUM=1,	ALPHA=1.0000,	FREQSCORR=1,	FPRIORMEAN=0.0100,	FPRIORSD=0.0500,	ONEFST=0,	LAMBDA=1.0000,	UNIFPRIORALPHA=1,	ALPHAMAX=10.0000,	ALPHAPRIORA=1.0000,	ALPHAPRIORB=2.0000,	ALPHAPROPSD=0.0250,	STARTATPOPINFO=0,	RANDOMIZE=0,	LINKAGE=0,	METROFREQ=10,	REPORTHITRATE=0,	MARKOVPHASE=0,	PHASED=1,	PLOIDY=2,	PHASEINFO=0	LOCPRIOR=0, 	LOCPRIORINIT=1.000000, 	LOCDATA=0, 	LOCISPOP=1, 	LOCPRIORSTEP=0.100000, 	MAXLOCPRIOR=20.000000, 	SEED=712169,	
[STRAT parameters]:    NUMSIMSTATS=1000,	PHENOTYPECOL=-9,	POOLFREQ=10,	LOCUSxONLY=0,	EMERROR=0.00100,	MISSINGPHENO=-9,	