

----------------------------------------------------
STRUCTURE by Pritchard, Stephens and Donnelly (2000)
     and Falush, Stephens and Pritchard (2003)
       Code by Pritchard, Falush and Hubisz
             Version 2.3.4 (Jul 2012)
----------------------------------------------------



Command line arguments:   structure -D 348324 -K 3 -m mainparams -o k3/wbnp2_k3_run5 
Input File:    wbnp2.str

Run parameters:
   146 individuals
   48 loci
   3 populations assumed
   500000 Burn-in period
   750000 Reps
RANDOMIZE turned off


--------------------------------------------
Proportion of membership of each pre-defined
 population in each of the 3 clusters

Given    Inferred Clusters       Number of
 Pop       1      2      3      Individuals

  1:     0.128  0.429  0.443       21
  2:     0.117  0.309  0.575       34
  3:     0.690  0.172  0.138       32
  4:     0.724  0.170  0.106       25
  5:     0.290  0.328  0.382       30
  6:     0.042  0.707  0.250        4
--------------------------------------------

Allele-freq. divergence among pops (Net nucleotide distance),
computed using point estimates of P.

      1       2       3      
 1      -    0.0176  0.0147  
 2   0.0176     -    0.0017  
 3   0.0147  0.0017     -    

Average distances (expected heterozygosity) between individuals in same cluster:
cluster  1  : 0.5783 
cluster  2  : 0.6359 
cluster  3  : 0.6518 

--------------------------------------------
Estimated Ln Prob of Data   = -17316.2
Mean value of ln likelihood = -16765.9
Variance of ln likelihood   = 1100.6
Mean value of alpha         = 0.1638

Mean value of Fst_1         = 0.0786
Mean value of Fst_2         = 0.0302
Mean value of Fst_3         = 0.0007


Inferred ancestry of individuals:
        Label (%Miss) Pop:  Inferred clusters
  1      315    (0)    1 :  0.155 0.135 0.710 
  2      565    (0)    1 :  0.025 0.303 0.672 
  3      566    (2)    1 :  0.486 0.340 0.174 
  4      567    (2)    1 :  0.020 0.662 0.317 
  5      877    (0)    1 :  0.049 0.519 0.431 
  6      878    (0)    1 :  0.021 0.823 0.157 
  7      879    (0)    1 :  0.047 0.549 0.404 
  8      880    (0)    1 :  0.029 0.721 0.250 
  9      881    (0)    1 :  0.050 0.125 0.825 
 10      882    (0)    1 :  0.022 0.742 0.236 
 11      883    (0)    1 :  0.049 0.393 0.558 
 12      884    (0)    1 :  0.398 0.193 0.408 
 13      885    (0)    1 :  0.143 0.484 0.373 
 14      886    (0)    1 :  0.058 0.226 0.716 
 15      887    (0)    1 :  0.697 0.152 0.151 
 16      888    (0)    1 :  0.027 0.305 0.668 
 17      889    (0)    1 :  0.124 0.270 0.606 
 18      890    (0)    1 :  0.047 0.613 0.339 
 19      891    (0)    1 :  0.028 0.656 0.316 
 20      892    (0)    1 :  0.037 0.665 0.298 
 21      893    (0)    1 :  0.169 0.134 0.697 
 22      319    (2)    2 :  0.033 0.471 0.496 
 23      335    (0)    2 :  0.044 0.166 0.789 
 24      895    (0)    2 :  0.032 0.320 0.648 
 25      896    (0)    2 :  0.046 0.201 0.753 
 26      897    (0)    2 :  0.027 0.211 0.763 
 27      898    (0)    2 :  0.189 0.252 0.559 
 28      899    (0)    2 :  0.178 0.266 0.556 
 29      900    (0)    2 :  0.075 0.332 0.593 
 30      901    (0)    2 :  0.062 0.406 0.533 
 31      902    (0)    2 :  0.061 0.246 0.693 
 32      903    (0)    2 :  0.024 0.137 0.839 
 33      904    (0)    2 :  0.023 0.546 0.431 
 34      905    (0)    2 :  0.029 0.504 0.468 
 35      906    (0)    2 :  0.034 0.418 0.548 
 36      907    (0)    2 :  0.057 0.501 0.441 
 37      908    (0)    2 :  0.063 0.155 0.782 
 38      909    (0)    2 :  0.810 0.085 0.105 
 39      910    (0)    2 :  0.046 0.243 0.711 
 40      911    (0)    2 :  0.053 0.291 0.656 
 41      912    (0)    2 :  0.078 0.305 0.617 
 42      913    (0)    2 :  0.202 0.107 0.691 
 43     2411    (0)    2 :  0.031 0.253 0.716 
 44     2412    (0)    2 :  0.726 0.116 0.159 
 45     2413    (0)    2 :  0.027 0.312 0.660 
 46     2414    (0)    2 :  0.074 0.067 0.858 
 47     2415    (2)    2 :  0.117 0.384 0.499 
 48     2417    (4)    2 :  0.240 0.205 0.555 
 49     2418    (4)    2 :  0.028 0.545 0.427 
 50     2419    (2)    2 :  0.087 0.256 0.656 
 51     2420    (0)    2 :  0.047 0.376 0.577 
 52     2421    (0)    2 :  0.283 0.356 0.361 
 53     2422    (2)    2 :  0.043 0.602 0.355 
 54     2423    (0)    2 :  0.037 0.464 0.499 
 55     2576    (0)    2 :  0.062 0.395 0.543 
 56      321    (0)    3 :  0.743 0.150 0.106 
 57      338    (0)    3 :  0.957 0.023 0.020 
 58      339    (0)    3 :  0.887 0.050 0.063 
 59      363    (0)    3 :  0.068 0.791 0.140 
 60      915    (0)    3 :  0.947 0.025 0.028 
 61      917    (0)    3 :  0.707 0.173 0.120 
 62      923    (0)    3 :  0.485 0.269 0.247 
 63      925    (0)    3 :  0.964 0.018 0.018 
 64      931    (0)    3 :  0.410 0.316 0.274 
 65      935    (0)    3 :  0.902 0.043 0.055 
 66      936    (0)    3 :  0.893 0.068 0.039 
 67      937    (0)    3 :  0.879 0.059 0.062 
 68      948    (0)    3 :  0.629 0.160 0.211 
 69      956    (0)    3 :  0.918 0.040 0.042 
 70      957    (0)    3 :  0.827 0.116 0.057 
 71      967    (0)    3 :  0.856 0.087 0.057 
 72      968    (2)    3 :  0.467 0.363 0.169 
 73      969    (2)    3 :  0.745 0.124 0.130 
 74      970    (2)    3 :  0.185 0.621 0.194 
 75      971    (4)    3 :  0.901 0.060 0.039 
 76      972    (0)    3 :  0.907 0.029 0.064 
 77      973    (0)    3 :  0.102 0.146 0.753 
 78      978    (0)    3 :  0.922 0.031 0.047 
 79      979    (0)    3 :  0.344 0.382 0.274 
 80      988    (6)    3 :  0.075 0.829 0.097 
 81      989    (0)    3 :  0.733 0.137 0.130 
 82      990    (0)    3 :  0.437 0.154 0.410 
 83      991    (0)    3 :  0.934 0.043 0.024 
 84      992    (0)    3 :  0.912 0.048 0.040 
 85     1006    (2)    3 :  0.949 0.025 0.026 
 86     1017    (0)    3 :  0.493 0.082 0.425 
 87     2582    (4)    3 :  0.894 0.047 0.060 
 88      328    (0)    4 :  0.216 0.234 0.550 
 89      333    (0)    4 :  0.922 0.040 0.038 
 90      918    (0)    4 :  0.926 0.036 0.038 
 91      919    (0)    4 :  0.937 0.033 0.030 
 92      920    (0)    4 :  0.937 0.024 0.039 
 93      921    (0)    4 :  0.040 0.874 0.085 
 94      922    (0)    4 :  0.915 0.043 0.042 
 95      926    (0)    4 :  0.947 0.032 0.021 
 96      927    (0)    4 :  0.941 0.036 0.023 
 97      928    (0)    4 :  0.805 0.093 0.102 
 98      929    (0)    4 :  0.777 0.137 0.086 
 99      930    (0)    4 :  0.605 0.206 0.189 
100      932    (0)    4 :  0.116 0.665 0.219 
101      933    (0)    4 :  0.842 0.052 0.105 
102      949    (0)    4 :  0.037 0.769 0.194 
103      950    (0)    4 :  0.512 0.389 0.099 
104      964    (4)    4 :  0.854 0.091 0.054 
105      986    (0)    4 :  0.865 0.068 0.067 
106      987    (0)    4 :  0.776 0.088 0.136 
107     1001    (4)    4 :  0.950 0.025 0.025 
108     1002    (4)    4 :  0.944 0.027 0.029 
109     1003    (2)    4 :  0.375 0.222 0.404 
110     1004    (0)    4 :  0.951 0.022 0.027 
111     1005    (0)    4 :  0.930 0.036 0.034 
112     1010    (0)    4 :  0.969 0.015 0.016 
113      341    (0)    5 :  0.023 0.511 0.466 
114      343    (0)    5 :  0.070 0.111 0.818 
115      914    (0)    5 :  0.943 0.031 0.026 
116      916    (0)    5 :  0.044 0.250 0.706 
117      924    (0)    5 :  0.583 0.175 0.241 
118      938    (0)    5 :  0.111 0.721 0.168 
119      939    (0)    5 :  0.779 0.179 0.042 
120      940    (0)    5 :  0.558 0.289 0.153 
121      941    (2)    5 :  0.506 0.373 0.121 
122      942    (0)    5 :  0.065 0.293 0.642 
123      943    (0)    5 :  0.218 0.202 0.581 
124      944    (0)    5 :  0.788 0.084 0.128 
125      945    (0)    5 :  0.927 0.042 0.032 
126      946    (0)    5 :  0.134 0.245 0.621 
127      947    (0)    5 :  0.122 0.305 0.573 
128      951    (0)    5 :  0.067 0.392 0.541 
129      952    (0)    5 :  0.120 0.177 0.703 
130      953    (0)    5 :  0.379 0.435 0.186 
131      954    (0)    5 :  0.424 0.279 0.297 
132      955    (0)    5 :  0.134 0.492 0.374 
133      961    (4)    5 :  0.053 0.477 0.469 
134      974    (0)    5 :  0.142 0.543 0.315 
135      975    (4)    5 :  0.152 0.266 0.582 
136      980    (0)    5 :  0.287 0.348 0.365 
137      981    (0)    5 :  0.027 0.726 0.247 
138      982    (0)    5 :  0.660 0.107 0.233 
139      984    (0)    5 :  0.074 0.282 0.644 
140      985    (0)    5 :  0.042 0.564 0.395 
141     2578    (4)    5 :  0.235 0.220 0.545 
142     2580    (2)    5 :  0.033 0.720 0.247 
143     1079    (0)    6 :  0.040 0.763 0.197 
144     1081    (0)    6 :  0.051 0.653 0.295 
145     1082    (2)    6 :  0.019 0.730 0.251 
146     1083    (0)    6 :  0.058 0.684 0.258 


Estimated Allele Frequencies in each cluster
First column gives estimated ancestral frequencies


Locus 1 : 1 
4 alleles
0.0% missing data
  89   (0.561) 0.528 0.536 0.563 
  91   (0.354) 0.411 0.399 0.353 
  93   (0.057) 0.041 0.049 0.057 
  99   (0.028) 0.020 0.016 0.027 

Locus 2 : 2 
6 alleles
3.4% missing data
 138   (0.281) 0.513 0.263 0.280 
 134   (0.239) 0.259 0.240 0.239 
 140   (0.078) 0.033 0.102 0.077 
 136   (0.325) 0.088 0.338 0.328 
 132   (0.044) 0.006 0.032 0.044 
 142   (0.033) 0.100 0.026 0.032 

Locus 3 : 3 
6 alleles
0.0% missing data
 187   (0.318) 0.183 0.390 0.318 
 191   (0.037) 0.011 0.018 0.037 
 179   (0.241) 0.231 0.259 0.240 
 181   (0.233) 0.334 0.200 0.234 
 185   (0.092) 0.102 0.079 0.091 
 175   (0.080) 0.138 0.053 0.080 

Locus 4 : 4 
9 alleles
0.0% missing data
 247   (0.091) 0.032 0.117 0.090 
 253   (0.513) 0.574 0.527 0.514 
 239   (0.012) 0.001 0.006 0.011 
 241   (0.138) 0.155 0.114 0.138 
 271   (0.038) 0.009 0.060 0.038 
 269   (0.159) 0.223 0.153 0.159 
 245   (0.011) 0.001 0.004 0.011 
 249   (0.022) 0.003 0.011 0.022 
 273   (0.016) 0.002 0.009 0.016 

Locus 5 : 5 
6 alleles
0.7% missing data
 103   (0.788) 0.945 0.822 0.787 
 105   (0.074) 0.020 0.083 0.074 
 102   (0.027) 0.004 0.018 0.027 
 101   (0.012) 0.001 0.007 0.012 
 104   (0.088) 0.029 0.066 0.088 
 107   (0.012) 0.001 0.004 0.012 

Locus 6 : 6 
5 alleles
0.0% missing data
 145   (0.446) 0.554 0.418 0.446 
 147   (0.057) 0.011 0.039 0.058 
 135   (0.196) 0.182 0.203 0.196 
 141   (0.289) 0.252 0.332 0.289 
 137   (0.012) 0.001 0.007 0.011 

Locus 7 : 7 
8 alleles
1.4% missing data
  97   (0.206) 0.133 0.194 0.208 
  91   (0.069) 0.030 0.056 0.069 
  93   (0.210) 0.309 0.197 0.210 
 103   (0.254) 0.347 0.308 0.252 
  85   (0.046) 0.026 0.030 0.046 
  89   (0.112) 0.113 0.138 0.111 
  83   (0.087) 0.040 0.065 0.087 
 105   (0.016) 0.002 0.012 0.016 

Locus 8 : 8 
8 alleles
0.0% missing data
 129   (0.514) 0.711 0.520 0.515 
 145   (0.011) 0.001 0.005 0.011 
 143   (0.272) 0.199 0.291 0.272 
 149   (0.094) 0.052 0.106 0.093 
 141   (0.055) 0.024 0.046 0.055 
 133   (0.026) 0.006 0.015 0.026 
 127   (0.016) 0.002 0.013 0.016 
 131   (0.011) 0.006 0.004 0.011 

Locus 9 : 9 
3 alleles
0.0% missing data
 191   (0.363) 0.320 0.336 0.364 
 189   (0.510) 0.444 0.539 0.510 
 195   (0.127) 0.236 0.125 0.126 

Locus 10 : 10 
7 alleles
0.0% missing data
 232   (0.238) 0.173 0.221 0.239 
 238   (0.566) 0.751 0.648 0.564 
 250   (0.016) 0.002 0.012 0.016 
 254   (0.037) 0.004 0.024 0.038 
 252   (0.104) 0.066 0.070 0.105 
 248   (0.027) 0.003 0.020 0.027 
 236   (0.011) 0.001 0.005 0.011 

Locus 11 : 11 
3 alleles
0.0% missing data
  87   (0.756) 0.827 0.776 0.757 
  91   (0.049) 0.029 0.039 0.049 
  89   (0.195) 0.144 0.185 0.195 

Locus 12 : 12 
12 alleles
0.0% missing data
 149   (0.037) 0.048 0.040 0.036 
 162   (0.235) 0.226 0.319 0.235 
 160   (0.197) 0.303 0.176 0.198 
 161   (0.113) 0.110 0.102 0.114 
 154   (0.026) 0.003 0.031 0.026 
 158   (0.226) 0.207 0.202 0.228 
 170   (0.062) 0.024 0.067 0.062 
 147   (0.037) 0.046 0.028 0.036 
 164   (0.011) 0.001 0.005 0.011 
 143   (0.029) 0.005 0.021 0.030 
 159   (0.016) 0.019 0.007 0.015 
 150   (0.011) 0.007 0.004 0.011 

Locus 13 : 13 
4 alleles
0.0% missing data
 115   (0.432) 0.535 0.455 0.431 
 113   (0.374) 0.364 0.381 0.374 
 108   (0.183) 0.099 0.161 0.184 
 109   (0.012) 0.001 0.004 0.012 

Locus 14 : 14 
5 alleles
0.0% missing data
 225   (0.128) 0.081 0.113 0.128 
 229   (0.568) 0.516 0.607 0.568 
 231   (0.117) 0.016 0.128 0.118 
 227   (0.130) 0.346 0.103 0.129 
 233   (0.057) 0.041 0.049 0.056 

Locus 15 : 15 
4 alleles
0.7% missing data
 143   (0.826) 0.872 0.845 0.827 
 145   (0.102) 0.067 0.093 0.102 
 133   (0.022) 0.002 0.013 0.022 
 147   (0.050) 0.059 0.049 0.049 

Locus 16 : 16 
5 alleles
0.0% missing data
 156   (0.244) 0.230 0.224 0.244 
 158   (0.544) 0.642 0.493 0.545 
 154   (0.080) 0.011 0.090 0.081 
 160   (0.118) 0.103 0.187 0.116 
 152   (0.014) 0.014 0.006 0.013 

Locus 17 : 17 
5 alleles
0.0% missing data
  90   (0.631) 0.755 0.615 0.631 
  88   (0.084) 0.011 0.122 0.084 
 102   (0.234) 0.222 0.211 0.235 
 100   (0.040) 0.006 0.047 0.039 
 104   (0.012) 0.005 0.006 0.011 

Locus 18 : 18 
8 alleles
0.7% missing data
 127   (0.254) 0.322 0.222 0.255 
 140   (0.268) 0.222 0.304 0.268 
 142   (0.145) 0.085 0.150 0.146 
 148   (0.097) 0.068 0.118 0.097 
 150   (0.071) 0.160 0.045 0.070 
 138   (0.054) 0.039 0.040 0.054 
 146   (0.091) 0.103 0.090 0.091 
 128   (0.020) 0.002 0.031 0.019 

Locus 19 : 19 
6 alleles
0.0% missing data
 188   (0.211) 0.160 0.182 0.212 
 190   (0.125) 0.174 0.125 0.124 
 194   (0.540) 0.558 0.560 0.541 
 200   (0.096) 0.105 0.117 0.095 
 202   (0.017) 0.002 0.010 0.016 
 196   (0.012) 0.001 0.006 0.011 

Locus 20 : 20 
6 alleles
1.4% missing data
 252   (0.727) 0.781 0.751 0.729 
 246   (0.098) 0.056 0.098 0.098 
 248   (0.025) 0.004 0.024 0.024 
 254   (0.073) 0.078 0.067 0.072 
 250   (0.061) 0.072 0.053 0.060 
 244   (0.017) 0.008 0.007 0.017 

Locus 21 : 21 
7 alleles
0.0% missing data
 173   (0.258) 0.574 0.222 0.257 
 175   (0.142) 0.078 0.101 0.143 
 163   (0.054) 0.013 0.045 0.055 
 167   (0.166) 0.115 0.176 0.166 
 177   (0.303) 0.211 0.343 0.303 
 159   (0.033) 0.003 0.046 0.033 
 165   (0.044) 0.005 0.066 0.043 

Locus 22 : 22 
10 alleles
2.7% missing data
 146   (0.211) 0.313 0.209 0.210 
 152   (0.431) 0.591 0.422 0.432 
 158   (0.086) 0.017 0.115 0.086 
 166   (0.111) 0.028 0.120 0.112 
 162   (0.057) 0.009 0.067 0.057 
 164   (0.022) 0.003 0.012 0.022 
 148   (0.011) 0.001 0.004 0.011 
 142   (0.026) 0.013 0.013 0.025 
 150   (0.032) 0.008 0.034 0.032 
 156   (0.013) 0.017 0.005 0.012 

Locus 23 : 23 
7 alleles
0.7% missing data
 154   (0.570) 0.582 0.568 0.572 
 144   (0.130) 0.271 0.119 0.129 
 156   (0.145) 0.033 0.149 0.146 
 160   (0.101) 0.106 0.105 0.100 
 158   (0.025) 0.003 0.048 0.024 
 146   (0.017) 0.002 0.007 0.017 
 152   (0.012) 0.003 0.005 0.011 

Locus 24 : 24 
4 alleles
0.7% missing data
  83   (0.446) 0.399 0.442 0.447 
  77   (0.075) 0.092 0.055 0.074 
  81   (0.395) 0.399 0.445 0.395 
  85   (0.084) 0.110 0.058 0.084 

Locus 25 : 25 
6 alleles
0.0% missing data
 124   (0.530) 0.532 0.554 0.531 
 132   (0.314) 0.354 0.330 0.314 
 122   (0.086) 0.105 0.072 0.085 
 120   (0.025) 0.003 0.021 0.025 
 136   (0.022) 0.003 0.013 0.022 
 126   (0.023) 0.003 0.010 0.023 

Locus 26 : 26 
6 alleles
0.0% missing data
 183   (0.339) 0.317 0.372 0.338 
 175   (0.293) 0.305 0.326 0.292 
 179   (0.089) 0.088 0.075 0.089 
 165   (0.220) 0.282 0.194 0.220 
 181   (0.047) 0.007 0.028 0.048 
 157   (0.012) 0.001 0.004 0.012 

Locus 27 : 27 
4 alleles
0.0% missing data
 142   (0.639) 0.764 0.626 0.639 
 148   (0.194) 0.078 0.204 0.195 
 150   (0.137) 0.132 0.155 0.136 
 138   (0.031) 0.026 0.015 0.030 

Locus 28 : 28 
6 alleles
0.7% missing data
 256   (0.080) 0.045 0.086 0.079 
 262   (0.479) 0.384 0.482 0.481 
 260   (0.379) 0.536 0.393 0.378 
 258   (0.021) 0.002 0.019 0.021 
 264   (0.030) 0.026 0.016 0.030 
 266   (0.012) 0.007 0.004 0.011 

Locus 29 : 29 
5 alleles
0.7% missing data
 150   (0.458) 0.567 0.421 0.459 
 146   (0.268) 0.217 0.274 0.269 
 140   (0.184) 0.160 0.188 0.184 
 148   (0.059) 0.031 0.084 0.058 
 152   (0.031) 0.026 0.033 0.030 

Locus 30 : 30 
6 alleles
0.0% missing data
 129   (0.382) 0.602 0.423 0.380 
 125   (0.291) 0.093 0.300 0.294 
 131   (0.069) 0.026 0.061 0.069 
 123   (0.161) 0.230 0.121 0.161 
 127   (0.084) 0.048 0.090 0.084 
 121   (0.012) 0.001 0.005 0.011 

Locus 31 : 31 
5 alleles
0.7% missing data
 155   (0.555) 0.444 0.568 0.557 
 159   (0.149) 0.290 0.132 0.148 
 157   (0.186) 0.199 0.212 0.185 
 153   (0.078) 0.062 0.069 0.077 
 151   (0.032) 0.004 0.019 0.033 

Locus 32 : 32 
4 alleles
1.4% missing data
  91   (0.417) 0.529 0.394 0.416 
  92   (0.349) 0.396 0.278 0.351 
  95   (0.159) 0.065 0.249 0.158 
  94   (0.074) 0.011 0.079 0.075 

Locus 33 : 33 
5 alleles
0.0% missing data
 146   (0.326) 0.368 0.294 0.327 
 150   (0.548) 0.573 0.575 0.548 
 148   (0.054) 0.015 0.068 0.054 
 154   (0.051) 0.012 0.049 0.051 
 152   (0.021) 0.031 0.014 0.020 

Locus 34 : 34 
6 alleles
0.0% missing data
 180   (0.449) 0.352 0.442 0.452 
 184   (0.183) 0.310 0.179 0.182 
 198   (0.069) 0.016 0.065 0.069 
 192   (0.170) 0.136 0.222 0.169 
 196   (0.111) 0.143 0.084 0.111 
 190   (0.018) 0.043 0.008 0.017 

Locus 35 : 35 
5 alleles
0.0% missing data
 108   (0.150) 0.097 0.120 0.151 
 112   (0.376) 0.397 0.389 0.376 
 106   (0.291) 0.411 0.281 0.291 
 110   (0.151) 0.092 0.172 0.151 
  90   (0.032) 0.004 0.038 0.031 

Locus 36 : 36 
9 alleles
0.0% missing data
 166   (0.050) 0.110 0.032 0.050 
 170   (0.268) 0.234 0.255 0.270 
 174   (0.164) 0.180 0.155 0.164 
 178   (0.040) 0.028 0.049 0.040 
 172   (0.309) 0.380 0.349 0.309 
 168   (0.048) 0.014 0.054 0.048 
 176   (0.094) 0.013 0.097 0.095 
 158   (0.011) 0.001 0.005 0.011 
 186   (0.014) 0.040 0.005 0.013 

Locus 37 : 37 
6 alleles
0.0% missing data
  85   (0.158) 0.122 0.159 0.158 
  91   (0.017) 0.002 0.008 0.017 
  89   (0.538) 0.669 0.587 0.537 
  83   (0.146) 0.087 0.149 0.146 
  81   (0.088) 0.038 0.068 0.088 
  95   (0.053) 0.083 0.029 0.053 

Locus 38 : 38 
10 alleles
0.0% missing data
 165   (0.242) 0.235 0.186 0.245 
 173   (0.248) 0.291 0.282 0.248 
 161   (0.320) 0.275 0.351 0.320 
 167   (0.020) 0.002 0.019 0.020 
 169   (0.085) 0.145 0.109 0.084 
 168   (0.017) 0.002 0.007 0.017 
 155   (0.028) 0.004 0.028 0.028 
 175   (0.013) 0.041 0.004 0.012 
 159   (0.016) 0.003 0.009 0.016 
 177   (0.011) 0.001 0.005 0.011 

Locus 39 : 39 
5 alleles
0.0% missing data
  81   (0.118) 0.074 0.129 0.118 
  89   (0.430) 0.579 0.438 0.430 
  85   (0.192) 0.228 0.184 0.192 
  91   (0.166) 0.064 0.171 0.167 
  87   (0.093) 0.055 0.077 0.093 

Locus 40 : 40 
4 alleles
0.7% missing data
 161   (0.211) 0.152 0.216 0.211 
 167   (0.745) 0.788 0.754 0.746 
 165   (0.032) 0.058 0.026 0.031 
 177   (0.012) 0.002 0.005 0.012 

Locus 41 : 41 
6 alleles
0.7% missing data
 238   (0.361) 0.301 0.332 0.362 
 228   (0.405) 0.520 0.447 0.404 
 236   (0.084) 0.047 0.077 0.084 
 240   (0.116) 0.128 0.111 0.116 
 224   (0.022) 0.003 0.028 0.022 
 232   (0.012) 0.001 0.005 0.012 

Locus 42 : 42 
7 alleles
0.0% missing data
 130   (0.531) 0.419 0.569 0.533 
 134   (0.128) 0.072 0.117 0.129 
 114   (0.039) 0.004 0.049 0.039 
 128   (0.126) 0.212 0.128 0.125 
 118   (0.071) 0.093 0.056 0.070 
 132   (0.093) 0.198 0.078 0.092 
 136   (0.012) 0.001 0.004 0.011 

Locus 43 : 43 
5 alleles
0.7% missing data
  98   (0.098) 0.057 0.110 0.098 
 104   (0.461) 0.502 0.490 0.461 
  92   (0.131) 0.062 0.114 0.132 
 102   (0.255) 0.358 0.234 0.255 
  96   (0.055) 0.022 0.052 0.054 

Locus 44 : 44 
5 alleles
0.0% missing data
  99   (0.143) 0.079 0.188 0.142 
 103   (0.293) 0.449 0.262 0.293 
 101   (0.330) 0.252 0.337 0.331 
  95   (0.223) 0.218 0.208 0.223 
  97   (0.012) 0.002 0.004 0.011 

Locus 45 : 45 
6 alleles
0.0% missing data
 181   (0.561) 0.718 0.525 0.561 
 183   (0.017) 0.002 0.009 0.017 
 177   (0.058) 0.058 0.035 0.058 
 191   (0.294) 0.176 0.382 0.293 
 179   (0.056) 0.006 0.044 0.056 
 193   (0.015) 0.040 0.005 0.014 

Locus 46 : 46 
6 alleles
2.1% missing data
 205   (0.484) 0.550 0.507 0.484 
 215   (0.081) 0.066 0.059 0.082 
 211   (0.221) 0.106 0.283 0.221 
 207   (0.135) 0.221 0.090 0.135 
 201   (0.062) 0.055 0.049 0.062 
 202   (0.016) 0.002 0.013 0.016 

Locus 47 : 47 
9 alleles
1.4% missing data
 142   (0.377) 0.534 0.456 0.375 
 162   (0.039) 0.032 0.021 0.039 
 144   (0.070) 0.042 0.049 0.071 
 158   (0.155) 0.076 0.197 0.155 
 168   (0.142) 0.048 0.123 0.144 
 164   (0.063) 0.024 0.043 0.064 
 156   (0.027) 0.007 0.016 0.027 
 166   (0.116) 0.235 0.087 0.115 
 170   (0.011) 0.001 0.007 0.011 

Locus 48 : 48 
6 alleles
4.1% missing data
 145   (0.183) 0.111 0.161 0.184 
 153   (0.213) 0.360 0.243 0.211 
 143   (0.023) 0.003 0.013 0.023 
 151   (0.192) 0.152 0.217 0.191 
 149   (0.367) 0.372 0.352 0.368 
 147   (0.022) 0.003 0.014 0.022 

Values of parameters used in structure:
DATAFILE=wbnp2.str,	OUTFILE=k3/wbnp2_k3_run5,	NUMINDS=146,	NUMLOCI=48,	MISSING=-9,	LABEL=1,	POPDATA=1,	POPFLAG=0,	PHENOTYPE=0,	EXTRACOLS=0,	MAXPOPS=3,	BURNIN=500000,	NUMREPS=750000,	USEPOPINFO=0,	INFERALPHA=1,	INFERLAMBDA=0,	POPSPECIFICLAMBDA=0,	POPALPHAS=0,	COMPUTEPROB=1,	NOADMIX=0,	ADMBURNIN=500,	UPDATEFREQ=100,	PRINTLIKES=0,	INTERMEDSAVE=0,	PRINTKLD=0,	PRINTNET=1,	PRINTLAMBDA=1,	ANCESTDIST=0,	NUMBOXES=1000,	ANCESTPINT=0.90000,	GENSBACK=2,	MIGRPRIOR=0.01000,	PRINTQHAT=0,	PRINTQSUM=1,	ALPHA=1.0000,	FREQSCORR=1,	FPRIORMEAN=0.0100,	FPRIORSD=0.0500,	ONEFST=0,	LAMBDA=1.0000,	UNIFPRIORALPHA=1,	ALPHAMAX=10.0000,	ALPHAPRIORA=1.0000,	ALPHAPRIORB=2.0000,	ALPHAPROPSD=0.0250,	STARTATPOPINFO=0,	RANDOMIZE=0,	LINKAGE=0,	METROFREQ=10,	REPORTHITRATE=0,	MARKOVPHASE=0,	PHASED=1,	PLOIDY=2,	PHASEINFO=0	LOCPRIOR=0, 	LOCPRIORINIT=1.000000, 	LOCDATA=0, 	LOCISPOP=1, 	LOCPRIORSTEP=0.100000, 	MAXLOCPRIOR=20.000000, 	SEED=348324,	
[STRAT parameters]:    NUMSIMSTATS=1000,	PHENOTYPECOL=-9,	POOLFREQ=10,	LOCUSxONLY=0,	EMERROR=0.00100,	MISSINGPHENO=-9,	