

----------------------------------------------------
STRUCTURE by Pritchard, Stephens and Donnelly (2000)
     and Falush, Stephens and Pritchard (2003)
       Code by Pritchard, Falush and Hubisz
             Version 2.3.4 (Jul 2012)
----------------------------------------------------



Command line arguments:   structure -D 885096 -K 4 -m mainparams -o k4/wbnp2_k4_run5 
Input File:    wbnp2.str

Run parameters:
   146 individuals
   48 loci
   4 populations assumed
   500000 Burn-in period
   750000 Reps
RANDOMIZE turned off


--------------------------------------------
Proportion of membership of each pre-defined
 population in each of the 4 clusters

Given    Inferred Clusters              Number of
 Pop       1      2      3      4      Individuals

  1:     0.090  0.395  0.413  0.102       21
  2:     0.064  0.436  0.406  0.095       34
  3:     0.161  0.117  0.111  0.612       32
  4:     0.187  0.076  0.074  0.663       25
  5:     0.194  0.307  0.297  0.202       30
  6:     0.038  0.392  0.534  0.035        4
--------------------------------------------

Allele-freq. divergence among pops (Net nucleotide distance),
computed using point estimates of P.

      1       2       3       4      
 1      -    0.0199  0.0207  0.0314  
 2   0.0199     -    0.0001  0.0176  
 3   0.0207  0.0001     -    0.0188  
 4   0.0314  0.0176  0.0188     -    

Average distances (expected heterozygosity) between individuals in same cluster:
cluster  1  : 0.5878 
cluster  2  : 0.6489 
cluster  3  : 0.6454 
cluster  4  : 0.5733 

--------------------------------------------
Estimated Ln Prob of Data   = -17374.4
Mean value of ln likelihood = -16662.7
Variance of ln likelihood   = 1423.3
Mean value of alpha         = 0.1425

Mean value of Fst_1         = 0.1157
Mean value of Fst_2         = 0.0047
Mean value of Fst_3         = 0.0110
Mean value of Fst_4         = 0.0886


Inferred ancestry of individuals:
        Label (%Miss) Pop:  Inferred clusters
  1      315    (0)    1 :  0.030 0.459 0.353 0.159 
  2      565    (0)    1 :  0.029 0.530 0.422 0.020 
  3      566    (2)    1 :  0.211 0.195 0.188 0.406 
  4      567    (2)    1 :  0.047 0.409 0.527 0.017 
  5      877    (0)    1 :  0.037 0.418 0.505 0.040 
  6      878    (0)    1 :  0.123 0.373 0.487 0.017 
  7      879    (0)    1 :  0.169 0.407 0.385 0.039 
  8      880    (0)    1 :  0.066 0.400 0.512 0.022 
  9      881    (0)    1 :  0.029 0.522 0.406 0.043 
 10      882    (0)    1 :  0.079 0.401 0.503 0.017 
 11      883    (0)    1 :  0.061 0.454 0.446 0.039 
 12      884    (0)    1 :  0.080 0.308 0.300 0.311 
 13      885    (0)    1 :  0.066 0.386 0.446 0.103 
 14      886    (0)    1 :  0.020 0.450 0.482 0.049 
 15      887    (0)    1 :  0.251 0.108 0.097 0.544 
 16      888    (0)    1 :  0.016 0.435 0.527 0.022 
 17      889    (0)    1 :  0.260 0.360 0.303 0.077 
 18      890    (0)    1 :  0.060 0.437 0.465 0.038 
 19      891    (0)    1 :  0.037 0.409 0.534 0.019 
 20      892    (0)    1 :  0.196 0.380 0.397 0.027 
 21      893    (0)    1 :  0.025 0.451 0.384 0.140 
 22      319    (2)    2 :  0.143 0.430 0.405 0.023 
 23      335    (0)    2 :  0.070 0.511 0.388 0.031 
 24      895    (0)    2 :  0.155 0.440 0.385 0.021 
 25      896    (0)    2 :  0.050 0.515 0.394 0.040 
 26      897    (0)    2 :  0.023 0.496 0.459 0.022 
 27      898    (0)    2 :  0.044 0.405 0.435 0.117 
 28      899    (0)    2 :  0.043 0.421 0.372 0.164 
 29      900    (0)    2 :  0.083 0.453 0.404 0.059 
 30      901    (0)    2 :  0.203 0.399 0.359 0.038 
 31      902    (0)    2 :  0.059 0.495 0.401 0.044 
 32      903    (0)    2 :  0.022 0.544 0.415 0.020 
 33      904    (0)    2 :  0.033 0.425 0.524 0.018 
 34      905    (0)    2 :  0.124 0.436 0.416 0.024 
 35      906    (0)    2 :  0.030 0.472 0.470 0.028 
 36      907    (0)    2 :  0.042 0.435 0.480 0.043 
 37      908    (0)    2 :  0.018 0.496 0.426 0.060 
 38      909    (0)    2 :  0.025 0.108 0.121 0.746 
 39      910    (0)    2 :  0.016 0.492 0.454 0.038 
 40      911    (0)    2 :  0.043 0.478 0.441 0.038 
 41      912    (0)    2 :  0.040 0.457 0.441 0.061 
 42      913    (0)    2 :  0.034 0.459 0.356 0.151 
 43     2411    (0)    2 :  0.024 0.470 0.479 0.026 
 44     2412    (0)    2 :  0.173 0.132 0.106 0.588 
 45     2413    (0)    2 :  0.025 0.460 0.490 0.025 
 46     2414    (0)    2 :  0.027 0.543 0.369 0.061 
 47     2415    (2)    2 :  0.061 0.417 0.435 0.087 
 48     2417    (4)    2 :  0.054 0.413 0.387 0.146 
 49     2418    (4)    2 :  0.036 0.430 0.511 0.023 
 50     2419    (2)    2 :  0.105 0.463 0.375 0.058 
 51     2420    (0)    2 :  0.034 0.473 0.455 0.039 
 52     2421    (0)    2 :  0.088 0.323 0.311 0.278 
 53     2422    (2)    2 :  0.076 0.445 0.445 0.034 
 54     2423    (0)    2 :  0.101 0.441 0.430 0.027 
 55     2576    (0)    2 :  0.057 0.451 0.448 0.044 
 56      321    (0)    3 :  0.367 0.133 0.123 0.377 
 57      338    (0)    3 :  0.021 0.017 0.017 0.945 
 58      339    (0)    3 :  0.095 0.061 0.052 0.792 
 59      363    (0)    3 :  0.812 0.067 0.076 0.045 
 60      915    (0)    3 :  0.023 0.027 0.027 0.923 
 61      917    (0)    3 :  0.364 0.087 0.076 0.474 
 62      923    (0)    3 :  0.047 0.225 0.230 0.497 
 63      925    (0)    3 :  0.018 0.015 0.015 0.952 
 64      931    (0)    3 :  0.112 0.277 0.262 0.349 
 65      935    (0)    3 :  0.039 0.051 0.044 0.867 
 66      936    (0)    3 :  0.089 0.043 0.044 0.824 
 67      937    (0)    3 :  0.123 0.067 0.060 0.750 
 68      948    (0)    3 :  0.082 0.170 0.168 0.581 
 69      956    (0)    3 :  0.056 0.047 0.044 0.853 
 70      957    (0)    3 :  0.300 0.056 0.052 0.592 
 71      967    (0)    3 :  0.139 0.064 0.065 0.732 
 72      968    (2)    3 :  0.083 0.198 0.215 0.505 
 73      969    (2)    3 :  0.073 0.117 0.119 0.691 
 74      970    (2)    3 :  0.388 0.237 0.269 0.107 
 75      971    (4)    3 :  0.266 0.030 0.028 0.675 
 76      972    (0)    3 :  0.019 0.051 0.042 0.889 
 77      973    (0)    3 :  0.028 0.485 0.391 0.096 
 78      978    (0)    3 :  0.030 0.036 0.031 0.903 
 79      979    (0)    3 :  0.190 0.242 0.262 0.306 
 80      988    (6)    3 :  0.885 0.036 0.042 0.037 
 81      989    (0)    3 :  0.144 0.122 0.120 0.614 
 82      990    (0)    3 :  0.104 0.358 0.297 0.241 
 83      991    (0)    3 :  0.135 0.022 0.021 0.822 
 84      992    (0)    3 :  0.038 0.039 0.040 0.883 
 85     1006    (2)    3 :  0.020 0.021 0.021 0.937 
 86     1017    (0)    3 :  0.028 0.272 0.226 0.474 
 87     2582    (4)    3 :  0.021 0.060 0.066 0.853 
 88      328    (0)    4 :  0.027 0.356 0.367 0.250 
 89      333    (0)    4 :  0.065 0.037 0.034 0.864 
 90      918    (0)    4 :  0.023 0.036 0.040 0.901 
 91      919    (0)    4 :  0.035 0.032 0.032 0.901 
 92      920    (0)    4 :  0.024 0.028 0.024 0.923 
 93      921    (0)    4 :  0.904 0.033 0.045 0.018 
 94      922    (0)    4 :  0.058 0.042 0.040 0.861 
 95      926    (0)    4 :  0.083 0.020 0.018 0.879 
 96      927    (0)    4 :  0.161 0.022 0.021 0.797 
 97      928    (0)    4 :  0.134 0.112 0.105 0.649 
 98      929    (0)    4 :  0.156 0.099 0.102 0.643 
 99      930    (0)    4 :  0.195 0.153 0.144 0.508 
100      932    (0)    4 :  0.913 0.022 0.020 0.044 
101      933    (0)    4 :  0.046 0.079 0.064 0.810 
102      949    (0)    4 :  0.958 0.015 0.015 0.013 
103      950    (0)    4 :  0.347 0.113 0.125 0.415 
104      964    (4)    4 :  0.228 0.061 0.054 0.657 
105      986    (0)    4 :  0.102 0.065 0.059 0.774 
106      987    (0)    4 :  0.047 0.144 0.136 0.673 
107     1001    (4)    4 :  0.031 0.023 0.023 0.923 
108     1002    (4)    4 :  0.016 0.027 0.026 0.932 
109     1003    (2)    4 :  0.059 0.304 0.284 0.353 
110     1004    (0)    4 :  0.017 0.024 0.023 0.935 
111     1005    (0)    4 :  0.028 0.033 0.036 0.904 
112     1010    (0)    4 :  0.018 0.015 0.015 0.952 
113      341    (0)    5 :  0.164 0.450 0.369 0.017 
114      343    (0)    5 :  0.040 0.524 0.382 0.054 
115      914    (0)    5 :  0.027 0.022 0.022 0.929 
116      916    (0)    5 :  0.020 0.459 0.482 0.039 
117      924    (0)    5 :  0.055 0.250 0.261 0.435 
118      938    (0)    5 :  0.891 0.026 0.027 0.055 
119      939    (0)    5 :  0.838 0.022 0.023 0.117 
120      940    (0)    5 :  0.217 0.154 0.148 0.482 
121      941    (2)    5 :  0.929 0.020 0.019 0.031 
122      942    (0)    5 :  0.041 0.470 0.437 0.051 
123      943    (0)    5 :  0.018 0.384 0.369 0.229 
124      944    (0)    5 :  0.076 0.135 0.136 0.652 
125      945    (0)    5 :  0.076 0.027 0.028 0.868 
126      946    (0)    5 :  0.055 0.459 0.400 0.086 
127      947    (0)    5 :  0.022 0.428 0.439 0.112 
128      951    (0)    5 :  0.052 0.455 0.435 0.059 
129      952    (0)    5 :  0.080 0.490 0.352 0.079 
130      953    (0)    5 :  0.876 0.042 0.041 0.041 
131      954    (0)    5 :  0.165 0.320 0.329 0.186 
132      955    (0)    5 :  0.048 0.395 0.455 0.102 
133      961    (4)    5 :  0.050 0.410 0.501 0.040 
134      974    (0)    5 :  0.196 0.343 0.374 0.088 
135      975    (4)    5 :  0.054 0.436 0.395 0.115 
136      980    (0)    5 :  0.083 0.320 0.350 0.248 
137      981    (0)    5 :  0.321 0.322 0.334 0.023 
138      982    (0)    5 :  0.025 0.175 0.166 0.634 
139      984    (0)    5 :  0.218 0.409 0.330 0.043 
140      985    (0)    5 :  0.095 0.431 0.442 0.032 
141     2578    (4)    5 :  0.053 0.418 0.338 0.191 
142     2580    (2)    5 :  0.039 0.408 0.525 0.028 
143     1079    (0)    6 :  0.030 0.386 0.552 0.032 
144     1081    (0)    6 :  0.031 0.388 0.537 0.044 
145     1082    (2)    6 :  0.059 0.408 0.517 0.016 
146     1083    (0)    6 :  0.032 0.387 0.532 0.050 


Estimated Allele Frequencies in each cluster
First column gives estimated ancestral frequencies


Locus 1 : 1 
4 alleles
0.0% missing data
  89   (0.563) 0.436 0.564 0.565 0.552 
  91   (0.354) 0.539 0.354 0.354 0.381 
  93   (0.055) 0.015 0.056 0.058 0.047 
  99   (0.027) 0.010 0.026 0.023 0.020 

Locus 2 : 2 
6 alleles
3.4% missing data
 138   (0.290) 0.318 0.282 0.272 0.522 
 134   (0.230) 0.360 0.223 0.212 0.249 
 140   (0.084) 0.093 0.085 0.088 0.030 
 136   (0.321) 0.190 0.336 0.356 0.083 
 132   (0.041) 0.009 0.042 0.043 0.006 
 142   (0.035) 0.029 0.032 0.029 0.109 

Locus 3 : 3 
6 alleles
0.0% missing data
 187   (0.327) 0.378 0.335 0.349 0.160 
 191   (0.036) 0.009 0.034 0.030 0.011 
 179   (0.243) 0.270 0.249 0.256 0.210 
 181   (0.221) 0.243 0.213 0.200 0.365 
 185   (0.092) 0.063 0.091 0.089 0.109 
 175   (0.080) 0.037 0.079 0.077 0.145 

Locus 4 : 4 
9 alleles
0.0% missing data
 247   (0.094) 0.083 0.099 0.107 0.031 
 253   (0.519) 0.446 0.526 0.534 0.588 
 239   (0.011) 0.002 0.010 0.009 0.001 
 241   (0.138) 0.120 0.137 0.134 0.148 
 271   (0.033) 0.117 0.031 0.028 0.006 
 269   (0.157) 0.220 0.152 0.148 0.219 
 245   (0.011) 0.002 0.010 0.008 0.001 
 249   (0.021) 0.004 0.020 0.018 0.003 
 273   (0.016) 0.004 0.015 0.014 0.002 

Locus 5 : 5 
6 alleles
0.7% missing data
 103   (0.788) 0.933 0.786 0.785 0.948 
 105   (0.075) 0.029 0.081 0.088 0.019 
 102   (0.027) 0.007 0.026 0.024 0.003 
 101   (0.012) 0.003 0.010 0.009 0.001 
 104   (0.087) 0.026 0.087 0.086 0.027 
 107   (0.012) 0.002 0.010 0.008 0.001 

Locus 6 : 6 
5 alleles
0.0% missing data
 145   (0.454) 0.236 0.463 0.474 0.597 
 147   (0.056) 0.035 0.054 0.050 0.009 
 135   (0.208) 0.158 0.208 0.210 0.187 
 141   (0.270) 0.569 0.264 0.257 0.206 
 137   (0.011) 0.002 0.011 0.010 0.001 

Locus 7 : 7 
8 alleles
1.4% missing data
  97   (0.201) 0.139 0.203 0.204 0.147 
  91   (0.068) 0.028 0.067 0.064 0.032 
  93   (0.213) 0.240 0.210 0.207 0.306 
 103   (0.271) 0.284 0.277 0.287 0.352 
  85   (0.044) 0.010 0.043 0.043 0.029 
  89   (0.101) 0.269 0.098 0.096 0.091 
  83   (0.085) 0.026 0.086 0.084 0.041 
 105   (0.016) 0.004 0.015 0.014 0.002 

Locus 8 : 8 
8 alleles
0.0% missing data
 129   (0.519) 0.576 0.521 0.523 0.710 
 145   (0.011) 0.002 0.010 0.009 0.001 
 143   (0.272) 0.269 0.274 0.278 0.205 
 149   (0.092) 0.127 0.090 0.088 0.048 
 141   (0.055) 0.014 0.055 0.056 0.023 
 133   (0.025) 0.006 0.025 0.024 0.005 
 127   (0.016) 0.004 0.015 0.015 0.002 
 131   (0.011) 0.003 0.009 0.008 0.006 

Locus 9 : 9 
3 alleles
0.0% missing data
 191   (0.365) 0.205 0.367 0.370 0.348 
 189   (0.514) 0.631 0.516 0.518 0.392 
 195   (0.121) 0.164 0.117 0.112 0.260 

Locus 10 : 10 
7 alleles
0.0% missing data
 232   (0.240) 0.080 0.246 0.256 0.188 
 238   (0.571) 0.871 0.565 0.562 0.733 
 250   (0.016) 0.003 0.016 0.015 0.002 
 254   (0.035) 0.007 0.036 0.035 0.004 
 252   (0.101) 0.029 0.101 0.100 0.069 
 248   (0.027) 0.008 0.025 0.023 0.003 
 236   (0.011) 0.002 0.010 0.008 0.001 

Locus 11 : 11 
3 alleles
0.0% missing data
  87   (0.751) 0.913 0.748 0.742 0.818 
  91   (0.050) 0.017 0.048 0.047 0.030 
  89   (0.199) 0.070 0.203 0.211 0.153 

Locus 12 : 12 
12 alleles
0.0% missing data
 149   (0.032) 0.112 0.029 0.025 0.039 
 162   (0.240) 0.351 0.252 0.270 0.210 
 160   (0.195) 0.228 0.191 0.185 0.310 
 161   (0.114) 0.053 0.115 0.116 0.116 
 154   (0.028) 0.010 0.028 0.029 0.003 
 158   (0.224) 0.160 0.224 0.221 0.221 
 170   (0.064) 0.040 0.064 0.065 0.024 
 147   (0.037) 0.024 0.036 0.035 0.046 
 164   (0.011) 0.002 0.009 0.008 0.001 
 143   (0.029) 0.008 0.028 0.026 0.005 
 159   (0.016) 0.010 0.014 0.012 0.016 
 150   (0.011) 0.002 0.009 0.007 0.008 

Locus 13 : 13 
4 alleles
0.0% missing data
 115   (0.432) 0.492 0.431 0.432 0.548 
 113   (0.375) 0.400 0.379 0.382 0.352 
 108   (0.182) 0.106 0.180 0.178 0.098 
 109   (0.011) 0.002 0.010 0.008 0.001 

Locus 14 : 14 
5 alleles
0.0% missing data
 225   (0.128) 0.135 0.125 0.121 0.066 
 229   (0.561) 0.717 0.561 0.560 0.498 
 231   (0.119) 0.038 0.127 0.135 0.017 
 227   (0.136) 0.096 0.130 0.124 0.374 
 233   (0.056) 0.014 0.057 0.059 0.045 

Locus 15 : 15 
4 alleles
0.7% missing data
 143   (0.824) 0.898 0.828 0.832 0.860 
 145   (0.103) 0.042 0.103 0.102 0.074 
 133   (0.021) 0.005 0.021 0.020 0.002 
 147   (0.052) 0.055 0.049 0.046 0.064 

Locus 16 : 16 
5 alleles
0.0% missing data
 156   (0.248) 0.129 0.254 0.262 0.236 
 158   (0.547) 0.454 0.541 0.532 0.665 
 154   (0.081) 0.029 0.087 0.094 0.011 
 160   (0.109) 0.381 0.105 0.102 0.076 
 152   (0.015) 0.008 0.013 0.011 0.012 

Locus 17 : 17 
5 alleles
0.0% missing data
  90   (0.632) 0.502 0.636 0.641 0.795 
  88   (0.077) 0.189 0.077 0.076 0.010 
 102   (0.238) 0.283 0.233 0.228 0.185 
 100   (0.041) 0.016 0.044 0.047 0.006 
 104   (0.012) 0.010 0.010 0.008 0.004 

Locus 18 : 18 
8 alleles
0.7% missing data
 127   (0.256) 0.129 0.257 0.257 0.345 
 140   (0.272) 0.298 0.275 0.280 0.223 
 142   (0.145) 0.112 0.150 0.156 0.084 
 148   (0.092) 0.229 0.089 0.086 0.046 
 150   (0.070) 0.026 0.067 0.063 0.180 
 138   (0.054) 0.022 0.052 0.050 0.041 
 146   (0.090) 0.179 0.086 0.081 0.078 
 128   (0.022) 0.005 0.024 0.028 0.002 

Locus 19 : 19 
6 alleles
0.0% missing data
 188   (0.208) 0.079 0.213 0.219 0.176 
 190   (0.117) 0.186 0.113 0.108 0.184 
 194   (0.565) 0.445 0.571 0.578 0.564 
 200   (0.083) 0.285 0.078 0.072 0.073 
 202   (0.016) 0.004 0.015 0.014 0.002 
 196   (0.011) 0.002 0.010 0.009 0.001 

Locus 20 : 20 
6 alleles
1.4% missing data
 252   (0.729) 0.765 0.738 0.746 0.765 
 246   (0.097) 0.092 0.096 0.096 0.059 
 248   (0.024) 0.005 0.025 0.026 0.004 
 254   (0.072) 0.078 0.069 0.067 0.083 
 250   (0.061) 0.055 0.057 0.053 0.081 
 244   (0.017) 0.005 0.015 0.012 0.008 

Locus 21 : 21 
7 alleles
0.0% missing data
 173   (0.263) 0.280 0.256 0.247 0.596 
 175   (0.138) 0.050 0.139 0.137 0.076 
 163   (0.055) 0.020 0.054 0.051 0.013 
 167   (0.172) 0.103 0.176 0.180 0.113 
 177   (0.292) 0.437 0.295 0.300 0.193 
 159   (0.037) 0.013 0.039 0.042 0.004 
 165   (0.043) 0.098 0.043 0.043 0.005 

Locus 22 : 22 
10 alleles
2.7% missing data
 146   (0.215) 0.255 0.212 0.209 0.306 
 152   (0.421) 0.543 0.417 0.410 0.594 
 158   (0.094) 0.035 0.100 0.108 0.020 
 166   (0.108) 0.113 0.110 0.113 0.027 
 162   (0.059) 0.026 0.062 0.067 0.010 
 164   (0.021) 0.004 0.021 0.019 0.003 
 148   (0.011) 0.002 0.010 0.009 0.001 
 142   (0.025) 0.007 0.023 0.020 0.013 
 150   (0.032) 0.012 0.033 0.036 0.007 
 156   (0.013) 0.003 0.011 0.009 0.019 

Locus 23 : 23 
7 alleles
0.7% missing data
 154   (0.578) 0.566 0.580 0.579 0.567 
 144   (0.134) 0.070 0.132 0.130 0.299 
 156   (0.141) 0.077 0.149 0.160 0.032 
 160   (0.093) 0.203 0.089 0.085 0.095 
 158   (0.026) 0.079 0.025 0.025 0.003 
 146   (0.016) 0.003 0.015 0.013 0.002 
 152   (0.011) 0.002 0.010 0.008 0.003 

Locus 24 : 24 
4 alleles
0.7% missing data
  83   (0.433) 0.446 0.437 0.442 0.405 
  77   (0.079) 0.070 0.075 0.071 0.082 
  81   (0.406) 0.457 0.407 0.409 0.395 
  85   (0.083) 0.027 0.081 0.078 0.119 

Locus 25 : 25 
6 alleles
0.0% missing data
 124   (0.519) 0.645 0.523 0.528 0.515 
 132   (0.324) 0.245 0.327 0.330 0.376 
 122   (0.088) 0.094 0.085 0.081 0.100 
 120   (0.026) 0.006 0.025 0.024 0.003 
 136   (0.021) 0.006 0.020 0.018 0.003 
 126   (0.022) 0.004 0.020 0.018 0.003 

Locus 26 : 26 
6 alleles
0.0% missing data
 183   (0.344) 0.330 0.349 0.358 0.323 
 175   (0.292) 0.392 0.294 0.299 0.293 
 179   (0.093) 0.068 0.089 0.083 0.080 
 165   (0.216) 0.198 0.213 0.207 0.298 
 181   (0.044) 0.009 0.045 0.045 0.006 
 157   (0.011) 0.002 0.010 0.008 0.001 

Locus 27 : 27 
4 alleles
0.0% missing data
 142   (0.642) 0.621 0.641 0.640 0.783 
 148   (0.201) 0.079 0.208 0.217 0.079 
 150   (0.128) 0.292 0.123 0.117 0.109 
 138   (0.030) 0.009 0.027 0.025 0.029 

Locus 28 : 28 
6 alleles
0.7% missing data
 256   (0.083) 0.094 0.081 0.078 0.039 
 262   (0.472) 0.444 0.479 0.487 0.381 
 260   (0.383) 0.438 0.382 0.381 0.545 
 258   (0.020) 0.005 0.020 0.021 0.002 
 264   (0.030) 0.016 0.028 0.025 0.025 
 266   (0.011) 0.003 0.010 0.008 0.007 

Locus 29 : 29 
5 alleles
0.7% missing data
 150   (0.460) 0.371 0.464 0.466 0.572 
 146   (0.266) 0.242 0.268 0.269 0.220 
 140   (0.181) 0.250 0.178 0.175 0.145 
 148   (0.061) 0.096 0.061 0.062 0.034 
 152   (0.032) 0.041 0.029 0.027 0.029 

Locus 30 : 30 
6 alleles
0.0% missing data
 129   (0.384) 0.569 0.379 0.375 0.606 
 125   (0.297) 0.101 0.311 0.329 0.096 
 131   (0.070) 0.046 0.070 0.071 0.020 
 123   (0.159) 0.129 0.154 0.145 0.243 
 127   (0.079) 0.152 0.076 0.072 0.034 
 121   (0.011) 0.002 0.010 0.008 0.001 

Locus 31 : 31 
5 alleles
0.7% missing data
 155   (0.564) 0.342 0.578 0.596 0.471 
 159   (0.147) 0.230 0.138 0.129 0.292 
 157   (0.178) 0.362 0.174 0.168 0.172 
 153   (0.081) 0.056 0.080 0.079 0.060 
 151   (0.031) 0.011 0.030 0.028 0.004 

Locus 32 : 32 
4 alleles
1.4% missing data
  91   (0.413) 0.395 0.410 0.408 0.547 
  92   (0.352) 0.280 0.345 0.330 0.388 
  95   (0.159) 0.303 0.165 0.179 0.054 
  94   (0.076) 0.023 0.080 0.084 0.011 

Locus 33 : 33 
5 alleles
0.0% missing data
 146   (0.330) 0.210 0.330 0.328 0.388 
 150   (0.553) 0.605 0.557 0.564 0.558 
 148   (0.046) 0.139 0.043 0.039 0.011 
 154   (0.051) 0.014 0.053 0.055 0.012 
 152   (0.020) 0.032 0.017 0.014 0.031 

Locus 34 : 34 
6 alleles
0.0% missing data
 180   (0.453) 0.361 0.461 0.469 0.348 
 184   (0.186) 0.158 0.183 0.181 0.344 
 198   (0.068) 0.015 0.072 0.077 0.014 
 192   (0.162) 0.412 0.158 0.153 0.094 
 196   (0.112) 0.041 0.110 0.107 0.156 
 190   (0.019) 0.012 0.016 0.014 0.045 

Locus 35 : 35 
5 alleles
0.0% missing data
 108   (0.152) 0.055 0.150 0.145 0.100 
 112   (0.366) 0.455 0.366 0.363 0.401 
 106   (0.294) 0.275 0.295 0.299 0.420 
 110   (0.161) 0.135 0.165 0.171 0.076 
  90   (0.027) 0.080 0.025 0.022 0.003 

Locus 36 : 36 
9 alleles
0.0% missing data
 166   (0.050) 0.045 0.046 0.042 0.119 
 170   (0.269) 0.117 0.280 0.292 0.246 
 174   (0.161) 0.226 0.158 0.153 0.158 
 178   (0.043) 0.033 0.042 0.041 0.032 
 172   (0.309) 0.443 0.309 0.310 0.372 
 168   (0.050) 0.041 0.050 0.051 0.014 
 176   (0.092) 0.090 0.093 0.093 0.012 
 158   (0.011) 0.002 0.010 0.009 0.001 
 186   (0.014) 0.004 0.012 0.010 0.045 

Locus 37 : 37 
6 alleles
0.0% missing data
  85   (0.161) 0.133 0.161 0.161 0.131 
  91   (0.017) 0.003 0.015 0.013 0.002 
  89   (0.532) 0.754 0.532 0.533 0.654 
  83   (0.150) 0.070 0.153 0.158 0.087 
  81   (0.086) 0.025 0.087 0.088 0.036 
  95   (0.054) 0.014 0.051 0.048 0.090 

Locus 38 : 38 
10 alleles
0.0% missing data
 165   (0.242) 0.079 0.244 0.244 0.250 
 173   (0.243) 0.422 0.239 0.233 0.277 
 161   (0.316) 0.427 0.319 0.323 0.251 
 167   (0.020) 0.004 0.020 0.020 0.002 
 169   (0.095) 0.043 0.099 0.108 0.162 
 168   (0.016) 0.003 0.015 0.013 0.002 
 155   (0.029) 0.012 0.029 0.028 0.004 
 175   (0.013) 0.003 0.011 0.009 0.048 
 159   (0.015) 0.004 0.015 0.013 0.003 
 177   (0.011) 0.004 0.010 0.008 0.001 

Locus 39 : 39 
5 alleles
0.0% missing data
  81   (0.121) 0.138 0.117 0.113 0.072 
  89   (0.425) 0.468 0.426 0.429 0.600 
  85   (0.196) 0.188 0.193 0.189 0.233 
  91   (0.164) 0.105 0.172 0.181 0.057 
  87   (0.094) 0.101 0.091 0.087 0.038 

Locus 40 : 40 
4 alleles
0.7% missing data
 161   (0.218) 0.159 0.218 0.219 0.157 
 167   (0.737) 0.829 0.740 0.743 0.777 
 165   (0.034) 0.010 0.032 0.030 0.064 
 177   (0.011) 0.002 0.010 0.009 0.002 

Locus 41 : 41 
6 alleles
0.7% missing data
 238   (0.360) 0.201 0.367 0.376 0.312 
 228   (0.399) 0.561 0.397 0.395 0.521 
 236   (0.086) 0.087 0.084 0.080 0.040 
 240   (0.124) 0.088 0.125 0.125 0.123 
 224   (0.020) 0.061 0.018 0.015 0.002 
 232   (0.011) 0.002 0.010 0.009 0.001 

Locus 42 : 42 
7 alleles
0.0% missing data
 130   (0.532) 0.560 0.544 0.557 0.392 
 134   (0.125) 0.099 0.125 0.126 0.071 
 114   (0.040) 0.062 0.038 0.037 0.004 
 128   (0.125) 0.167 0.120 0.115 0.224 
 118   (0.074) 0.078 0.071 0.066 0.084 
 132   (0.093) 0.033 0.092 0.092 0.223 
 136   (0.011) 0.002 0.010 0.008 0.001 

Locus 43 : 43 
5 alleles
0.7% missing data
  98   (0.097) 0.123 0.095 0.093 0.062 
 104   (0.459) 0.567 0.461 0.462 0.485 
  92   (0.130) 0.056 0.134 0.137 0.060 
 102   (0.257) 0.232 0.255 0.253 0.370 
  96   (0.056) 0.022 0.056 0.055 0.023 

Locus 44 : 44 
5 alleles
0.0% missing data
  99   (0.143) 0.208 0.145 0.150 0.077 
 103   (0.298) 0.241 0.291 0.280 0.476 
 101   (0.321) 0.411 0.322 0.324 0.231 
  95   (0.227) 0.138 0.231 0.237 0.214 
  97   (0.011) 0.002 0.010 0.008 0.002 

Locus 45 : 45 
6 alleles
0.0% missing data
 181   (0.560) 0.536 0.557 0.551 0.733 
 183   (0.017) 0.003 0.016 0.014 0.002 
 177   (0.057) 0.015 0.055 0.050 0.064 
 191   (0.299) 0.426 0.307 0.320 0.148 
 179   (0.053) 0.016 0.054 0.055 0.006 
 193   (0.014) 0.003 0.012 0.010 0.047 

Locus 46 : 46 
6 alleles
2.1% missing data
 205   (0.490) 0.435 0.497 0.506 0.574 
 215   (0.082) 0.056 0.079 0.076 0.062 
 211   (0.215) 0.349 0.219 0.226 0.092 
 207   (0.135) 0.066 0.130 0.122 0.236 
 201   (0.062) 0.090 0.059 0.054 0.033 
 202   (0.016) 0.004 0.016 0.015 0.003 

Locus 47 : 47 
9 alleles
1.4% missing data
 142   (0.373) 0.601 0.375 0.382 0.535 
 162   (0.038) 0.011 0.036 0.032 0.035 
 144   (0.070) 0.031 0.069 0.066 0.040 
 158   (0.161) 0.201 0.168 0.177 0.050 
 168   (0.142) 0.082 0.142 0.140 0.046 
 164   (0.060) 0.025 0.061 0.060 0.022 
 156   (0.026) 0.010 0.025 0.022 0.006 
 166   (0.118) 0.037 0.115 0.111 0.264 
 170   (0.011) 0.002 0.011 0.010 0.001 

Locus 48 : 48 
6 alleles
4.1% missing data
 145   (0.183) 0.093 0.186 0.187 0.106 
 153   (0.227) 0.249 0.230 0.237 0.362 
 143   (0.022) 0.006 0.021 0.019 0.002 
 151   (0.179) 0.320 0.177 0.174 0.147 
 149   (0.367) 0.322 0.366 0.365 0.380 
 147   (0.022) 0.009 0.020 0.018 0.003 

Values of parameters used in structure:
DATAFILE=wbnp2.str,	OUTFILE=k4/wbnp2_k4_run5,	NUMINDS=146,	NUMLOCI=48,	MISSING=-9,	LABEL=1,	POPDATA=1,	POPFLAG=0,	PHENOTYPE=0,	EXTRACOLS=0,	MAXPOPS=4,	BURNIN=500000,	NUMREPS=750000,	USEPOPINFO=0,	INFERALPHA=1,	INFERLAMBDA=0,	POPSPECIFICLAMBDA=0,	POPALPHAS=0,	COMPUTEPROB=1,	NOADMIX=0,	ADMBURNIN=500,	UPDATEFREQ=100,	PRINTLIKES=0,	INTERMEDSAVE=0,	PRINTKLD=0,	PRINTNET=1,	PRINTLAMBDA=1,	ANCESTDIST=0,	NUMBOXES=1000,	ANCESTPINT=0.90000,	GENSBACK=2,	MIGRPRIOR=0.01000,	PRINTQHAT=0,	PRINTQSUM=1,	ALPHA=1.0000,	FREQSCORR=1,	FPRIORMEAN=0.0100,	FPRIORSD=0.0500,	ONEFST=0,	LAMBDA=1.0000,	UNIFPRIORALPHA=1,	ALPHAMAX=10.0000,	ALPHAPRIORA=1.0000,	ALPHAPRIORB=2.0000,	ALPHAPROPSD=0.0250,	STARTATPOPINFO=0,	RANDOMIZE=0,	LINKAGE=0,	METROFREQ=10,	REPORTHITRATE=0,	MARKOVPHASE=0,	PHASED=1,	PLOIDY=2,	PHASEINFO=0	LOCPRIOR=0, 	LOCPRIORINIT=1.000000, 	LOCDATA=0, 	LOCISPOP=1, 	LOCPRIORSTEP=0.100000, 	MAXLOCPRIOR=20.000000, 	SEED=885096,	
[STRAT parameters]:    NUMSIMSTATS=1000,	PHENOTYPECOL=-9,	POOLFREQ=10,	LOCUSxONLY=0,	EMERROR=0.00100,	MISSINGPHENO=-9,	