

----------------------------------------------------
STRUCTURE by Pritchard, Stephens and Donnelly (2000)
     and Falush, Stephens and Pritchard (2003)
       Code by Pritchard, Falush and Hubisz
             Version 2.3.4 (Jul 2012)
----------------------------------------------------



Command line arguments:   structure -D 960058 -K 2 -m mainparams -o k2/wbnp2_k2_run10 
Input File:    wbnp2.str

Run parameters:
   146 individuals
   48 loci
   2 populations assumed
   500000 Burn-in period
   750000 Reps
RANDOMIZE turned off


--------------------------------------------
Proportion of membership of each pre-defined
 population in each of the 2 clusters

Given    Inferred Clusters       Number of
 Pop       1      2             Individuals

  1:     0.220  0.780              21
  2:     0.209  0.791              34
  3:     0.764  0.236              32
  4:     0.788  0.212              25
  5:     0.423  0.577              30
  6:     0.114  0.886               4
--------------------------------------------

Allele-freq. divergence among pops (Net nucleotide distance),
computed using point estimates of P.

      1       2      
 1      -    0.0177  
 2   0.0177     -    

Average distances (expected heterozygosity) between individuals in same cluster:
cluster  1  : 0.5793 
cluster  2  : 0.6537 

--------------------------------------------
Estimated Ln Prob of Data   = -17036.9
Mean value of ln likelihood = -16859.2
Variance of ln likelihood   = 355.5
Mean value of alpha         = 0.3711

Mean value of Fst_1         = 0.0845
Mean value of Fst_2         = 0.0018


Inferred ancestry of individuals:
        Label (%Miss) Pop:  Inferred clusters
  1      315    (0)    1 :  0.316 0.684 
  2      565    (0)    1 :  0.064 0.936 
  3      566    (2)    1 :  0.681 0.319 
  4      567    (2)    1 :  0.056 0.944 
  5      877    (0)    1 :  0.119 0.881 
  6      878    (0)    1 :  0.061 0.939 
  7      879    (0)    1 :  0.129 0.871 
  8      880    (0)    1 :  0.083 0.917 
  9      881    (0)    1 :  0.129 0.871 
 10      882    (0)    1 :  0.059 0.941 
 11      883    (0)    1 :  0.126 0.874 
 12      884    (0)    1 :  0.576 0.424 
 13      885    (0)    1 :  0.309 0.691 
 14      886    (0)    1 :  0.147 0.853 
 15      887    (0)    1 :  0.781 0.219 
 16      888    (0)    1 :  0.068 0.932 
 17      889    (0)    1 :  0.304 0.696 
 18      890    (0)    1 :  0.121 0.879 
 19      891    (0)    1 :  0.064 0.936 
 20      892    (0)    1 :  0.107 0.893 
 21      893    (0)    1 :  0.321 0.679 
 22      319    (2)    2 :  0.091 0.909 
 23      335    (0)    2 :  0.137 0.863 
 24      895    (0)    2 :  0.091 0.909 
 25      896    (0)    2 :  0.105 0.895 
 26      897    (0)    2 :  0.072 0.928 
 27      898    (0)    2 :  0.366 0.634 
 28      899    (0)    2 :  0.322 0.678 
 29      900    (0)    2 :  0.190 0.810 
 30      901    (0)    2 :  0.181 0.819 
 31      902    (0)    2 :  0.154 0.846 
 32      903    (0)    2 :  0.061 0.939 
 33      904    (0)    2 :  0.057 0.943 
 34      905    (0)    2 :  0.072 0.928 
 35      906    (0)    2 :  0.083 0.917 
 36      907    (0)    2 :  0.138 0.862 
 37      908    (0)    2 :  0.154 0.846 
 38      909    (0)    2 :  0.838 0.162 
 39      910    (0)    2 :  0.111 0.889 
 40      911    (0)    2 :  0.150 0.850 
 41      912    (0)    2 :  0.210 0.790 
 42      913    (0)    2 :  0.473 0.527 
 43     2411    (0)    2 :  0.085 0.915 
 44     2412    (0)    2 :  0.795 0.205 
 45     2413    (0)    2 :  0.065 0.935 
 46     2414    (0)    2 :  0.204 0.796 
 47     2415    (2)    2 :  0.270 0.730 
 48     2417    (4)    2 :  0.405 0.595 
 49     2418    (4)    2 :  0.069 0.931 
 50     2419    (2)    2 :  0.231 0.769 
 51     2420    (0)    2 :  0.110 0.890 
 52     2421    (0)    2 :  0.451 0.549 
 53     2422    (2)    2 :  0.100 0.900 
 54     2423    (0)    2 :  0.107 0.893 
 55     2576    (0)    2 :  0.155 0.845 
 56      321    (0)    3 :  0.851 0.149 
 57      338    (0)    3 :  0.959 0.041 
 58      339    (0)    3 :  0.899 0.101 
 59      363    (0)    3 :  0.198 0.802 
 60      915    (0)    3 :  0.952 0.048 
 61      917    (0)    3 :  0.782 0.218 
 62      923    (0)    3 :  0.534 0.466 
 63      925    (0)    3 :  0.962 0.038 
 64      931    (0)    3 :  0.591 0.409 
 65      935    (0)    3 :  0.911 0.089 
 66      936    (0)    3 :  0.929 0.071 
 67      937    (0)    3 :  0.907 0.093 
 68      948    (0)    3 :  0.716 0.284 
 69      956    (0)    3 :  0.932 0.068 
 70      957    (0)    3 :  0.902 0.098 
 71      967    (0)    3 :  0.901 0.099 
 72      968    (2)    3 :  0.659 0.341 
 73      969    (2)    3 :  0.832 0.168 
 74      970    (2)    3 :  0.461 0.539 
 75      971    (4)    3 :  0.936 0.064 
 76      972    (0)    3 :  0.901 0.099 
 77      973    (0)    3 :  0.224 0.776 
 78      978    (0)    3 :  0.928 0.072 
 79      979    (0)    3 :  0.579 0.421 
 80      988    (6)    3 :  0.249 0.751 
 81      989    (0)    3 :  0.812 0.188 
 82      990    (0)    3 :  0.600 0.400 
 83      991    (0)    3 :  0.960 0.040 
 84      992    (0)    3 :  0.921 0.079 
 85     1006    (2)    3 :  0.951 0.049 
 86     1017    (0)    3 :  0.611 0.389 
 87     2582    (4)    3 :  0.898 0.102 
 88      328    (0)    4 :  0.364 0.636 
 89      333    (0)    4 :  0.937 0.063 
 90      918    (0)    4 :  0.929 0.071 
 91      919    (0)    4 :  0.946 0.054 
 92      920    (0)    4 :  0.929 0.071 
 93      921    (0)    4 :  0.168 0.832 
 94      922    (0)    4 :  0.930 0.070 
 95      926    (0)    4 :  0.960 0.040 
 96      927    (0)    4 :  0.965 0.035 
 97      928    (0)    4 :  0.864 0.136 
 98      929    (0)    4 :  0.871 0.129 
 99      930    (0)    4 :  0.756 0.244 
100      932    (0)    4 :  0.379 0.621 
101      933    (0)    4 :  0.846 0.154 
102      949    (0)    4 :  0.182 0.818 
103      950    (0)    4 :  0.712 0.288 
104      964    (4)    4 :  0.924 0.076 
105      986    (0)    4 :  0.909 0.091 
106      987    (0)    4 :  0.818 0.182 
107     1001    (4)    4 :  0.956 0.044 
108     1002    (4)    4 :  0.942 0.058 
109     1003    (2)    4 :  0.561 0.439 
110     1004    (0)    4 :  0.949 0.051 
111     1005    (0)    4 :  0.934 0.066 
112     1010    (0)    4 :  0.971 0.029 
113      341    (0)    5 :  0.065 0.935 
114      343    (0)    5 :  0.199 0.801 
115      914    (0)    5 :  0.950 0.050 
116      916    (0)    5 :  0.101 0.899 
117      924    (0)    5 :  0.702 0.298 
118      938    (0)    5 :  0.365 0.635 
119      939    (0)    5 :  0.930 0.070 
120      940    (0)    5 :  0.755 0.245 
121      941    (2)    5 :  0.820 0.180 
122      942    (0)    5 :  0.169 0.831 
123      943    (0)    5 :  0.370 0.630 
124      944    (0)    5 :  0.844 0.156 
125      945    (0)    5 :  0.939 0.061 
126      946    (0)    5 :  0.310 0.690 
127      947    (0)    5 :  0.236 0.764 
128      951    (0)    5 :  0.163 0.837 
129      952    (0)    5 :  0.270 0.730 
130      953    (0)    5 :  0.687 0.313 
131      954    (0)    5 :  0.650 0.350 
132      955    (0)    5 :  0.250 0.750 
133      961    (4)    5 :  0.136 0.864 
134      974    (0)    5 :  0.340 0.660 
135      975    (4)    5 :  0.304 0.696 
136      980    (0)    5 :  0.480 0.520 
137      981    (0)    5 :  0.077 0.923 
138      982    (0)    5 :  0.734 0.266 
139      984    (0)    5 :  0.224 0.776 
140      985    (0)    5 :  0.115 0.885 
141     2578    (4)    5 :  0.411 0.589 
142     2580    (2)    5 :  0.084 0.916 
143     1079    (0)    6 :  0.123 0.877 
144     1081    (0)    6 :  0.139 0.861 
145     1082    (2)    6 :  0.053 0.947 
146     1083    (0)    6 :  0.141 0.859 


Estimated Allele Frequencies in each cluster
First column gives estimated ancestral frequencies


Locus 1 : 1 
4 alleles
0.0% missing data
  89   (0.565) 0.512 0.569 
  91   (0.349) 0.432 0.348 
  93   (0.060) 0.037 0.058 
  99   (0.026) 0.019 0.024 

Locus 2 : 2 
6 alleles
3.4% missing data
 138   (0.235) 0.513 0.230 
 134   (0.234) 0.263 0.232 
 140   (0.096) 0.035 0.095 
 136   (0.363) 0.090 0.373 
 132   (0.045) 0.006 0.045 
 142   (0.028) 0.092 0.025 

Locus 3 : 3 
6 alleles
0.0% missing data
 187   (0.357) 0.200 0.363 
 191   (0.035) 0.010 0.035 
 179   (0.242) 0.241 0.242 
 181   (0.212) 0.320 0.210 
 185   (0.084) 0.103 0.082 
 175   (0.070) 0.126 0.068 

Locus 4 : 4 
9 alleles
0.0% missing data
 247   (0.109) 0.035 0.111 
 253   (0.501) 0.581 0.504 
 239   (0.011) 0.001 0.010 
 241   (0.129) 0.149 0.128 
 271   (0.051) 0.012 0.051 
 269   (0.150) 0.218 0.148 
 245   (0.012) 0.001 0.010 
 249   (0.021) 0.002 0.021 
 273   (0.017) 0.001 0.016 

Locus 5 : 5 
6 alleles
0.7% missing data
 103   (0.778) 0.942 0.779 
 105   (0.084) 0.024 0.085 
 102   (0.027) 0.003 0.027 
 101   (0.012) 0.001 0.011 
 104   (0.088) 0.029 0.088 
 107   (0.012) 0.001 0.011 

Locus 6 : 6 
5 alleles
0.0% missing data
 145   (0.442) 0.520 0.443 
 147   (0.056) 0.012 0.056 
 135   (0.205) 0.179 0.205 
 141   (0.285) 0.288 0.285 
 137   (0.012) 0.001 0.011 

Locus 7 : 7 
8 alleles
1.4% missing data
  97   (0.211) 0.129 0.214 
  91   (0.070) 0.028 0.070 
  93   (0.192) 0.304 0.191 
 103   (0.263) 0.351 0.263 
  85   (0.046) 0.022 0.045 
  89   (0.116) 0.124 0.115 
  83   (0.085) 0.040 0.085 
 105   (0.017) 0.002 0.016 

Locus 8 : 8 
8 alleles
0.0% missing data
 129   (0.493) 0.700 0.495 
 145   (0.012) 0.001 0.010 
 143   (0.281) 0.212 0.284 
 149   (0.103) 0.054 0.103 
 141   (0.057) 0.022 0.056 
 133   (0.026) 0.006 0.025 
 127   (0.017) 0.001 0.016 
 131   (0.011) 0.004 0.010 

Locus 9 : 9 
3 alleles
0.0% missing data
 191   (0.360) 0.315 0.361 
 189   (0.518) 0.465 0.521 
 195   (0.122) 0.221 0.119 

Locus 10 : 10 
7 alleles
0.0% missing data
 232   (0.243) 0.168 0.245 
 238   (0.567) 0.759 0.568 
 250   (0.017) 0.001 0.016 
 254   (0.037) 0.003 0.037 
 252   (0.097) 0.065 0.096 
 248   (0.027) 0.002 0.027 
 236   (0.012) 0.001 0.010 

Locus 11 : 11 
3 alleles
0.0% missing data
  87   (0.748) 0.833 0.750 
  91   (0.050) 0.026 0.049 
  89   (0.201) 0.141 0.201 

Locus 12 : 12 
12 alleles
0.0% missing data
 149   (0.036) 0.049 0.034 
 162   (0.263) 0.242 0.267 
 160   (0.172) 0.298 0.172 
 161   (0.113) 0.105 0.113 
 154   (0.030) 0.003 0.031 
 158   (0.218) 0.204 0.221 
 170   (0.066) 0.028 0.067 
 147   (0.035) 0.043 0.033 
 164   (0.011) 0.001 0.010 
 143   (0.030) 0.005 0.030 
 159   (0.015) 0.016 0.013 
 150   (0.011) 0.005 0.009 

Locus 13 : 13 
4 alleles
0.0% missing data
 115   (0.434) 0.526 0.433 
 113   (0.373) 0.371 0.373 
 108   (0.182) 0.102 0.183 
 109   (0.012) 0.001 0.011 

Locus 14 : 14 
5 alleles
0.0% missing data
 225   (0.122) 0.089 0.121 
 229   (0.583) 0.530 0.586 
 231   (0.135) 0.017 0.140 
 227   (0.100) 0.326 0.096 
 233   (0.060) 0.038 0.058 

Locus 15 : 15 
4 alleles
0.7% missing data
 143   (0.823) 0.875 0.826 
 145   (0.105) 0.064 0.105 
 133   (0.022) 0.002 0.022 
 147   (0.050) 0.059 0.047 

Locus 16 : 16 
5 alleles
0.0% missing data
 156   (0.244) 0.222 0.244 
 158   (0.505) 0.635 0.505 
 154   (0.093) 0.012 0.096 
 160   (0.144) 0.120 0.143 
 152   (0.014) 0.011 0.012 

Locus 17 : 17 
5 alleles
0.0% missing data
  90   (0.619) 0.736 0.619 
  88   (0.108) 0.015 0.111 
 102   (0.214) 0.237 0.213 
 100   (0.047) 0.008 0.047 
 104   (0.012) 0.004 0.010 

Locus 18 : 18 
8 alleles
0.7% missing data
 127   (0.238) 0.309 0.239 
 140   (0.285) 0.229 0.289 
 142   (0.152) 0.090 0.154 
 148   (0.105) 0.075 0.105 
 150   (0.059) 0.146 0.056 
 138   (0.054) 0.036 0.053 
 146   (0.080) 0.113 0.079 
 128   (0.026) 0.002 0.026 

Locus 19 : 19 
6 alleles
0.0% missing data
 188   (0.214) 0.150 0.215 
 190   (0.120) 0.169 0.118 
 194   (0.547) 0.555 0.551 
 200   (0.092) 0.122 0.090 
 202   (0.017) 0.001 0.016 
 196   (0.012) 0.001 0.011 

Locus 20 : 20 
6 alleles
1.4% missing data
 252   (0.716) 0.796 0.722 
 246   (0.104) 0.056 0.104 
 248   (0.027) 0.004 0.027 
 254   (0.075) 0.072 0.073 
 250   (0.062) 0.066 0.060 
 244   (0.017) 0.006 0.015 

Locus 21 : 21 
7 alleles
0.0% missing data
 173   (0.209) 0.551 0.205 
 175   (0.137) 0.075 0.138 
 163   (0.057) 0.012 0.057 
 167   (0.177) 0.117 0.177 
 177   (0.320) 0.233 0.322 
 159   (0.043) 0.004 0.043 
 165   (0.057) 0.008 0.058 

Locus 22 : 22 
10 alleles
2.7% missing data
 146   (0.192) 0.315 0.190 
 152   (0.404) 0.585 0.404 
 158   (0.107) 0.020 0.110 
 166   (0.123) 0.031 0.126 
 162   (0.067) 0.011 0.069 
 164   (0.022) 0.002 0.021 
 148   (0.012) 0.001 0.010 
 142   (0.025) 0.012 0.023 
 150   (0.036) 0.009 0.036 
 156   (0.013) 0.013 0.011 

Locus 23 : 23 
7 alleles
0.7% missing data
 154   (0.556) 0.596 0.558 
 144   (0.119) 0.252 0.116 
 156   (0.160) 0.035 0.165 
 160   (0.099) 0.110 0.097 
 158   (0.038) 0.004 0.038 
 146   (0.017) 0.001 0.016 
 152   (0.012) 0.002 0.010 

Locus 24 : 24 
4 alleles
0.7% missing data
  83   (0.442) 0.406 0.444 
  77   (0.068) 0.088 0.066 
  81   (0.415) 0.403 0.417 
  85   (0.075) 0.102 0.073 

Locus 25 : 25 
6 alleles
0.0% missing data
 124   (0.530) 0.542 0.534 
 132   (0.320) 0.348 0.321 
 122   (0.079) 0.103 0.076 
 120   (0.027) 0.003 0.027 
 136   (0.022) 0.002 0.021 
 126   (0.022) 0.002 0.021 

Locus 26 : 26 
6 alleles
0.0% missing data
 183   (0.352) 0.322 0.355 
 175   (0.300) 0.310 0.301 
 179   (0.082) 0.091 0.080 
 165   (0.207) 0.269 0.206 
 181   (0.047) 0.007 0.047 
 157   (0.012) 0.001 0.011 

Locus 27 : 27 
4 alleles
0.0% missing data
 142   (0.616) 0.756 0.616 
 148   (0.213) 0.081 0.216 
 150   (0.141) 0.140 0.139 
 138   (0.030) 0.022 0.028 

Locus 28 : 28 
6 alleles
0.7% missing data
 256   (0.085) 0.050 0.085 
 262   (0.480) 0.398 0.486 
 260   (0.372) 0.522 0.372 
 258   (0.022) 0.002 0.021 
 264   (0.029) 0.024 0.027 
 266   (0.012) 0.005 0.010 

Locus 29 : 29 
5 alleles
0.7% missing data
 150   (0.432) 0.555 0.433 
 146   (0.273) 0.222 0.275 
 140   (0.187) 0.165 0.187 
 148   (0.075) 0.031 0.075 
 152   (0.033) 0.027 0.030 

Locus 30 : 30 
6 alleles
0.0% missing data
 129   (0.372) 0.596 0.369 
 125   (0.322) 0.094 0.330 
 131   (0.069) 0.030 0.069 
 123   (0.141) 0.220 0.138 
 127   (0.084) 0.059 0.083 
 121   (0.012) 0.001 0.011 

Locus 31 : 31 
5 alleles
0.7% missing data
 155   (0.579) 0.441 0.585 
 159   (0.127) 0.280 0.124 
 157   (0.186) 0.212 0.185 
 153   (0.076) 0.063 0.075 
 151   (0.032) 0.004 0.032 

Locus 32 : 32 
4 alleles
1.4% missing data
  91   (0.394) 0.519 0.392 
  92   (0.312) 0.392 0.309 
  95   (0.209) 0.078 0.212 
  94   (0.085) 0.011 0.087 

Locus 33 : 33 
5 alleles
0.0% missing data
 146   (0.310) 0.361 0.310 
 150   (0.550) 0.580 0.553 
 148   (0.064) 0.019 0.063 
 154   (0.056) 0.012 0.056 
 152   (0.020) 0.028 0.017 

Locus 34 : 34 
6 alleles
0.0% missing data
 180   (0.444) 0.369 0.449 
 184   (0.178) 0.289 0.176 
 198   (0.076) 0.015 0.077 
 192   (0.185) 0.155 0.186 
 196   (0.100) 0.135 0.098 
 190   (0.017) 0.038 0.014 

Locus 35 : 35 
5 alleles
0.0% missing data
 108   (0.145) 0.095 0.145 
 112   (0.371) 0.406 0.371 
 106   (0.277) 0.400 0.275 
 110   (0.170) 0.093 0.171 
  90   (0.037) 0.005 0.037 

Locus 36 : 36 
9 alleles
0.0% missing data
 166   (0.039) 0.104 0.036 
 170   (0.272) 0.227 0.275 
 174   (0.150) 0.188 0.150 
 178   (0.045) 0.031 0.044 
 172   (0.310) 0.388 0.311 
 168   (0.055) 0.014 0.055 
 176   (0.104) 0.014 0.108 
 158   (0.011) 0.001 0.010 
 186   (0.014) 0.033 0.012 

Locus 37 : 37 
6 alleles
0.0% missing data
  85   (0.166) 0.119 0.167 
  91   (0.017) 0.002 0.016 
  89   (0.527) 0.681 0.529 
  83   (0.157) 0.085 0.159 
  81   (0.086) 0.038 0.086 
  95   (0.047) 0.075 0.044 

Locus 38 : 38 
10 alleles
0.0% missing data
 165   (0.219) 0.232 0.220 
 173   (0.251) 0.296 0.253 
 161   (0.325) 0.291 0.329 
 167   (0.021) 0.002 0.021 
 169   (0.096) 0.137 0.094 
 168   (0.016) 0.001 0.016 
 155   (0.031) 0.003 0.031 
 175   (0.013) 0.034 0.011 
 159   (0.016) 0.003 0.015 
 177   (0.011) 0.001 0.010 

Locus 39 : 39 
5 alleles
0.0% missing data
  81   (0.125) 0.081 0.125 
  89   (0.418) 0.568 0.417 
  85   (0.188) 0.221 0.187 
  91   (0.180) 0.068 0.183 
  87   (0.088) 0.061 0.087 

Locus 40 : 40 
4 alleles
0.7% missing data
 161   (0.221) 0.154 0.222 
 167   (0.734) 0.795 0.737 
 165   (0.032) 0.050 0.030 
 177   (0.012) 0.001 0.011 

Locus 41 : 41 
6 alleles
0.7% missing data
 238   (0.360) 0.294 0.364 
 228   (0.402) 0.524 0.402 
 236   (0.084) 0.051 0.084 
 240   (0.115) 0.127 0.113 
 224   (0.027) 0.003 0.026 
 232   (0.012) 0.001 0.011 

Locus 42 : 42 
7 alleles
0.0% missing data
 130   (0.549) 0.438 0.556 
 134   (0.130) 0.074 0.130 
 114   (0.047) 0.004 0.048 
 128   (0.116) 0.209 0.114 
 118   (0.061) 0.093 0.059 
 132   (0.085) 0.180 0.082 
 136   (0.012) 0.001 0.010 

Locus 43 : 43 
5 alleles
0.7% missing data
  98   (0.109) 0.058 0.109 
 104   (0.456) 0.515 0.457 
  92   (0.136) 0.061 0.137 
 102   (0.239) 0.346 0.237 
  96   (0.060) 0.019 0.060 

Locus 44 : 44 
5 alleles
0.0% missing data
  99   (0.169) 0.086 0.170 
 103   (0.262) 0.437 0.260 
 101   (0.343) 0.255 0.346 
  95   (0.214) 0.220 0.213 
  97   (0.012) 0.002 0.010 

Locus 45 : 45 
6 alleles
0.0% missing data
 181   (0.519) 0.711 0.518 
 183   (0.017) 0.002 0.016 
 177   (0.054) 0.052 0.052 
 191   (0.339) 0.196 0.344 
 179   (0.057) 0.006 0.058 
 193   (0.014) 0.033 0.012 

Locus 46 : 46 
6 alleles
2.1% missing data
 205   (0.482) 0.549 0.484 
 215   (0.072) 0.069 0.070 
 211   (0.258) 0.117 0.263 
 207   (0.115) 0.204 0.113 
 201   (0.056) 0.059 0.055 
 202   (0.017) 0.002 0.016 

Locus 47 : 47 
9 alleles
1.4% missing data
 142   (0.377) 0.545 0.378 
 162   (0.035) 0.030 0.033 
 144   (0.066) 0.043 0.065 
 158   (0.178) 0.085 0.182 
 168   (0.142) 0.053 0.145 
 164   (0.062) 0.023 0.062 
 156   (0.027) 0.006 0.026 
 166   (0.101) 0.214 0.099 
 170   (0.011) 0.001 0.010 

Locus 48 : 48 
6 alleles
4.1% missing data
 145   (0.179) 0.117 0.180 
 153   (0.216) 0.349 0.214 
 143   (0.022) 0.002 0.022 
 151   (0.198) 0.164 0.198 
 149   (0.362) 0.365 0.364 
 147   (0.023) 0.003 0.022 

Values of parameters used in structure:
DATAFILE=wbnp2.str,	OUTFILE=k2/wbnp2_k2_run10,	NUMINDS=146,	NUMLOCI=48,	MISSING=-9,	LABEL=1,	POPDATA=1,	POPFLAG=0,	PHENOTYPE=0,	EXTRACOLS=0,	MAXPOPS=2,	BURNIN=500000,	NUMREPS=750000,	USEPOPINFO=0,	INFERALPHA=1,	INFERLAMBDA=0,	POPSPECIFICLAMBDA=0,	POPALPHAS=0,	COMPUTEPROB=1,	NOADMIX=0,	ADMBURNIN=500,	UPDATEFREQ=100,	PRINTLIKES=0,	INTERMEDSAVE=0,	PRINTKLD=0,	PRINTNET=1,	PRINTLAMBDA=1,	ANCESTDIST=0,	NUMBOXES=1000,	ANCESTPINT=0.90000,	GENSBACK=2,	MIGRPRIOR=0.01000,	PRINTQHAT=0,	PRINTQSUM=1,	ALPHA=1.0000,	FREQSCORR=1,	FPRIORMEAN=0.0100,	FPRIORSD=0.0500,	ONEFST=0,	LAMBDA=1.0000,	UNIFPRIORALPHA=1,	ALPHAMAX=10.0000,	ALPHAPRIORA=1.0000,	ALPHAPRIORB=2.0000,	ALPHAPROPSD=0.0250,	STARTATPOPINFO=0,	RANDOMIZE=0,	LINKAGE=0,	METROFREQ=10,	REPORTHITRATE=0,	MARKOVPHASE=0,	PHASED=1,	PLOIDY=2,	PHASEINFO=0	LOCPRIOR=0, 	LOCPRIORINIT=1.000000, 	LOCDATA=0, 	LOCISPOP=1, 	LOCPRIORSTEP=0.100000, 	MAXLOCPRIOR=20.000000, 	SEED=960058,	
[STRAT parameters]:    NUMSIMSTATS=1000,	PHENOTYPECOL=-9,	POOLFREQ=10,	LOCUSxONLY=0,	EMERROR=0.00100,	MISSINGPHENO=-9,	