locusID	N_alleles	Alleles
BMS1117	3	91 89 93 
TGLA53	5	134 136 138 142 140 
BMC4214	5	181 175 179 187 185 
BM1225	3	253 241 269 
BM47	2	103 105 
BMS1315	5	145 141 135 137 147 
IL4	7	91 103 97 93 85 83 89 
BM2113	5	129 143 149 141 145 
BMS1716	3	195 189 191 
BM1706	4	238 252 232 254 
BMS1675	2	87 89 
BMS1857	7	147 162 161 158 160 165 143 
BMS1001	3	113 115 108 
BMS601	5	178 172 174 182 176 
BM720	6	229 231 227 225 233 223 
ILSTS102	2	143 145 
BMS1074	4	154 156 160 158 
BMS1172	4	90 102 100 88 
BMS2258	6	127 140 146 138 148 150 
BM757	4	190 194 200 188 
SPS115	3	252 246 254 
BMS527	6	175 167 173 165 159 177 
BM2830	7	152 150 146 158 162 164 166 
INRA194	4	154 160 144 156 
BMS941	3	83 81 85 
INRA037	3	124 122 132 
BM4107	5	165 183 181 175 179 
TGLA122	3	142 150 148 
HUJ246	3	260 262 256 
BMS528	5	146 150 140 148 152 
BM4440	5	127 129 125 131 123 
TGLA44	4	157 159 155 151 
BMS510	4	91 94 95 92 
BMS1355	4	148 150 146 154 
BM1824	5	180 196 184 192 190 
BMS812	5	112 110 106 90 108 
BMS2639	5	170 172 174 166 176 
BMS410	5	85 89 83 95 81 
AGLA232	3	161 173 165 
BM17132	5	81 89 91 85 87 
BM711	2	167 161 
INRA133	5	236 238 228 224 240 
RM372	6	114 130 132 118 134 128 
BM4311	5	92 102 98 104 96 
BMS1747	4	95 101 99 103 
BL1036	4	181 191 179 177 
BM1862	5	205 211 215 207 201 
BMS1862	6	142 162 168 158 166 164 
URB011	5	145 153 151 143 149 
