Pearson correlation: R=0.580709	 P-value<0.01
indivID	f_Missing	f_Homozygotes
341	0	0.22449
343	0	0.285714
914	0	0.469388
916	0	0.387755
924	0	0.408163
938	0	0.326531
939	0	0.346939
940	0	0.387755
941	0.0204082	0.416667
942	0	0.265306
943	0	0.408163
944	0	0.346939
945	0	0.44898
946	0	0.367347
947	0	0.408163
951	0	0.244898
952	0	0.367347
953	0	0.408163
954	0	0.428571
955	0	0.285714
961	0.0612245	0.565217
974	0	0.408163
975	0.0408163	0.382979
980	0	0.367347
981	0	0.265306
982	0	0.44898
984	0	0.306122
985	0	0.367347
2578	0.0612245	0.565217
2580	0.0204082	0.333333
