

----------------------------------------------------
STRUCTURE by Pritchard, Stephens and Donnelly (2000)
     and Falush, Stephens and Pritchard (2003)
       Code by Pritchard, Falush and Hubisz
             Version 2.3.4 (Jul 2012)
----------------------------------------------------



Command line arguments:   structure -D 136672 -K 6 -m mainparams -o k6/temp1_k6_run8 
Input File:    temp1.str

Run parameters:
   178 individuals
   49 loci
   6 populations assumed
   500000 Burn-in period
   750000 Reps
RANDOMIZE turned off


--------------------------------------------
Proportion of membership of each pre-defined
 population in each of the 6 clusters

Given    Inferred Clusters                            Number of
 Pop       1      2      3      4      5      6      Individuals

  1:     0.291  0.025  0.306  0.019  0.332  0.028       10
  2:     0.282  0.095  0.284  0.070  0.226  0.043       24
  3:     0.271  0.015  0.289  0.120  0.280  0.025       13
  4:     0.278  0.013  0.401  0.035  0.220  0.053       11
  5:     0.253  0.030  0.243  0.082  0.346  0.047       23
  6:     0.007  0.967  0.007  0.005  0.006  0.008       30
  7:     0.019  0.005  0.020  0.909  0.024  0.024       39
  8:     0.048  0.030  0.045  0.014  0.049  0.814       28
--------------------------------------------

Allele-freq. divergence among pops (Net nucleotide distance),
computed using point estimates of P.

      1       2       3       4       5       6      
 1      -    0.0646  0.0003  0.0306  0.0009  0.0142  
 2   0.0646     -    0.0670  0.1194  0.0689  0.0821  
 3   0.0003  0.0670     -    0.0311  0.0014  0.0146  
 4   0.0306  0.1194  0.0311     -    0.0299  0.0390  
 5   0.0009  0.0689  0.0014  0.0299     -    0.0162  
 6   0.0142  0.0821  0.0146  0.0390  0.0162     -    

Average distances (expected heterozygosity) between individuals in same cluster:
cluster  1  : 0.6427 
cluster  2  : 0.6414 
cluster  3  : 0.6386 
cluster  4  : 0.5553 
cluster  5  : 0.6331 
cluster  6  : 0.6059 

--------------------------------------------
Estimated Ln Prob of Data   = -21259.7
Mean value of ln likelihood = -20490.2
Variance of ln likelihood   = 1539.0
Mean value of alpha         = 0.0423

Mean value of Fst_1         = 0.0246
Mean value of Fst_2         = 0.1539
Mean value of Fst_3         = 0.0299
Mean value of Fst_4         = 0.1243
Mean value of Fst_5         = 0.0341
Mean value of Fst_6         = 0.0852


Inferred ancestry of individuals:
        Label (%Miss) Pop:  Inferred clusters
  1     2355    (0)    1 :  0.351 0.019 0.380 0.009 0.159 0.082 
  2     2356    (0)    1 :  0.343 0.020 0.410 0.003 0.204 0.020 
  3     2357    (0)    1 :  0.299 0.002 0.326 0.049 0.242 0.082 
  4     2358    (0)    1 :  0.175 0.012 0.250 0.007 0.551 0.005 
  5     2359    (0)    1 :  0.178 0.003 0.193 0.016 0.580 0.030 
  6     2360    (0)    1 :  0.331 0.051 0.351 0.010 0.249 0.008 
  7     2361    (2)    1 :  0.172 0.003 0.245 0.036 0.535 0.009 
  8     2362    (0)    1 :  0.287 0.008 0.184 0.019 0.492 0.010 
  9     2363    (0)    1 :  0.332 0.117 0.399 0.009 0.137 0.006 
 10     2364    (0)    1 :  0.439 0.013 0.326 0.029 0.168 0.025 
 11     2434    (0)    2 :  0.247 0.109 0.257 0.021 0.350 0.017 
 12     2435    (0)    2 :  0.452 0.099 0.336 0.006 0.094 0.013 
 13     2436    (0)    2 :  0.390 0.122 0.308 0.004 0.111 0.065 
 14     2437    (0)    2 :  0.404 0.193 0.231 0.006 0.117 0.050 
 15     2438    (0)    2 :  0.154 0.011 0.235 0.006 0.590 0.005 
 16     2439    (0)    2 :  0.258 0.006 0.454 0.009 0.260 0.013 
 17     2440    (0)    2 :  0.288 0.070 0.211 0.007 0.140 0.284 
 18     2441    (0)    2 :  0.400 0.068 0.284 0.027 0.186 0.035 
 19     2442    (0)    2 :  0.282 0.245 0.216 0.011 0.224 0.022 
 20     2443    (0)    2 :  0.339 0.012 0.271 0.013 0.281 0.085 
 21     2444    (0)    2 :  0.302 0.097 0.363 0.017 0.153 0.068 
 22     2446    (0)    2 :  0.287 0.013 0.495 0.016 0.174 0.014 
 23     2447    (0)    2 :  0.227 0.018 0.241 0.018 0.488 0.009 
 24     2448    (0)    2 :  0.053 0.005 0.066 0.762 0.103 0.012 
 25     2449    (0)    2 :  0.221 0.299 0.287 0.005 0.156 0.031 
 26     2450    (0)    2 :  0.320 0.194 0.242 0.004 0.228 0.013 
 27     2451    (0)    2 :  0.375 0.224 0.234 0.010 0.132 0.027 
 28     2452    (0)    2 :  0.240 0.004 0.435 0.091 0.193 0.037 
 29     2453    (0)    2 :  0.432 0.008 0.297 0.048 0.208 0.006 
 30     2454    (0)    2 :  0.133 0.005 0.158 0.513 0.139 0.053 
 31     2455    (0)    2 :  0.337 0.013 0.327 0.006 0.222 0.095 
 32     2456    (0)    2 :  0.271 0.007 0.240 0.035 0.401 0.046 
 33     2457    (0)    2 :  0.244 0.113 0.465 0.012 0.153 0.012 
 34     2458    (0)    2 :  0.122 0.335 0.160 0.042 0.331 0.010 
 35     2398    (0)    3 :  0.334 0.002 0.275 0.018 0.339 0.032 
 36     2399    (0)    3 :  0.252 0.024 0.390 0.013 0.316 0.005 
 37     2400    (0)    3 :  0.357 0.006 0.271 0.047 0.310 0.009 
 38     2401    (0)    3 :  0.306 0.002 0.311 0.060 0.291 0.029 
 39     2402    (0)    3 :  0.158 0.135 0.224 0.308 0.138 0.036 
 40     2403    (0)    3 :  0.317 0.002 0.387 0.003 0.269 0.021 
 41     2404    (0)    3 :  0.315 0.002 0.357 0.027 0.269 0.030 
 42     2405    (0)    3 :  0.216 0.005 0.207 0.005 0.555 0.013 
 43     2406    (0)    3 :  0.286 0.002 0.254 0.243 0.202 0.013 
 44     2407    (0)    3 :  0.105 0.005 0.114 0.569 0.116 0.092 
 45     2408    (0)    3 :  0.258 0.007 0.283 0.115 0.322 0.013 
 46     2409    (0)    3 :  0.302 0.003 0.301 0.122 0.244 0.028 
 47     2410    (0)    3 :  0.311 0.002 0.378 0.029 0.273 0.008 
 48     2459    (0)    4 :  0.274 0.009 0.496 0.020 0.161 0.040 
 49     2460    (0)    4 :  0.295 0.009 0.319 0.158 0.207 0.012 
 50     2461    (0)    4 :  0.281 0.005 0.387 0.005 0.246 0.076 
 51     2462    (4)    4 :  0.262 0.008 0.446 0.082 0.156 0.046 
 52     2463    (0)    4 :  0.262 0.003 0.500 0.016 0.194 0.025 
 53     2464    (2)    4 :  0.256 0.038 0.518 0.010 0.169 0.009 
 54     2465    (0)    4 :  0.318 0.007 0.227 0.027 0.392 0.030 
 55     2466    (2)    4 :  0.250 0.004 0.465 0.019 0.174 0.088 
 56     2467    (0)    4 :  0.235 0.041 0.219 0.024 0.299 0.183 
 57     2468    (0)    4 :  0.320 0.007 0.398 0.018 0.214 0.044 
 58     2469    (0)    4 :  0.301 0.013 0.441 0.010 0.205 0.029 
 59     2369    (0)    5 :  0.126 0.006 0.116 0.313 0.410 0.028 
 60     2370    (0)    5 :  0.246 0.002 0.153 0.016 0.578 0.005 
 61     2372    (0)    5 :  0.244 0.007 0.179 0.011 0.206 0.354 
 62     2373    (0)    5 :  0.236 0.256 0.157 0.192 0.142 0.017 
 63     2374    (0)    5 :  0.257 0.002 0.550 0.008 0.176 0.007 
 64     2375    (0)    5 :  0.473 0.006 0.351 0.007 0.139 0.024 
 65     2376    (0)    5 :  0.309 0.006 0.217 0.051 0.261 0.154 
 66     2377    (0)    5 :  0.237 0.019 0.214 0.264 0.255 0.010 
 67     2378    (0)    5 :  0.147 0.002 0.193 0.062 0.568 0.028 
 68     2379    (0)    5 :  0.249 0.011 0.255 0.010 0.442 0.033 
 69     2380    (0)    5 :  0.288 0.002 0.421 0.009 0.212 0.069 
 70     2381    (0)    5 :  0.133 0.003 0.202 0.087 0.561 0.014 
 71     2382    (0)    5 :  0.355 0.068 0.292 0.003 0.268 0.013 
 72     2383    (0)    5 :  0.239 0.011 0.161 0.212 0.354 0.024 
 73     2384    (0)    5 :  0.208 0.021 0.199 0.009 0.549 0.014 
 74     2385    (0)    5 :  0.283 0.018 0.280 0.012 0.386 0.021 
 75     2386    (0)    5 :  0.463 0.003 0.302 0.064 0.161 0.008 
 76     2387    (0)    5 :  0.194 0.004 0.228 0.038 0.511 0.025 
 77     2388    (0)    5 :  0.160 0.008 0.238 0.003 0.576 0.014 
 78     2389    (2)    5 :  0.408 0.186 0.238 0.005 0.105 0.058 
 79     2390    (0)    5 :  0.203 0.033 0.252 0.008 0.464 0.041 
 80     2391    (0)    5 :  0.143 0.003 0.176 0.176 0.455 0.048 
 81     2392    (0)    5 :  0.208 0.008 0.226 0.325 0.174 0.059 
 82     1408    (0)    6 :  0.007 0.974 0.007 0.002 0.006 0.005 
 83     1409    (0)    6 :  0.004 0.982 0.004 0.002 0.004 0.003 
 84     1410    (0)    6 :  0.003 0.986 0.003 0.002 0.003 0.003 
 85     1411    (0)    6 :  0.004 0.979 0.004 0.003 0.004 0.005 
 86     1412    (0)    6 :  0.005 0.980 0.005 0.003 0.004 0.004 
 87     1413    (0)    6 :  0.006 0.977 0.005 0.003 0.006 0.004 
 88     1414    (0)    6 :  0.002 0.990 0.002 0.002 0.002 0.002 
 89     1415    (0)    6 :  0.004 0.983 0.004 0.003 0.004 0.002 
 90     1416    (0)    6 :  0.004 0.981 0.004 0.004 0.004 0.004 
 91     1417    (0)    6 :  0.003 0.987 0.003 0.002 0.003 0.002 
 92     1418    (0)    6 :  0.006 0.975 0.006 0.003 0.006 0.004 
 93     1419    (0)    6 :  0.003 0.984 0.003 0.002 0.003 0.004 
 94     1420    (0)    6 :  0.004 0.974 0.005 0.004 0.004 0.009 
 95     1421    (0)    6 :  0.011 0.937 0.010 0.004 0.009 0.029 
 96     1422    (0)    6 :  0.004 0.984 0.004 0.002 0.003 0.003 
 97     1423    (0)    6 :  0.004 0.980 0.004 0.003 0.006 0.004 
 98     1424    (0)    6 :  0.013 0.942 0.014 0.005 0.011 0.014 
 99     1425    (0)    6 :  0.007 0.938 0.007 0.008 0.007 0.033 
100     1426    (0)    6 :  0.008 0.966 0.008 0.005 0.008 0.005 
101     1427    (0)    6 :  0.024 0.892 0.022 0.020 0.015 0.027 
102     1428    (0)    6 :  0.003 0.985 0.003 0.002 0.003 0.003 
103     1429    (0)    6 :  0.004 0.978 0.004 0.007 0.004 0.003 
104     1430    (0)    6 :  0.005 0.980 0.005 0.003 0.005 0.003 
105     1431    (0)    6 :  0.016 0.918 0.015 0.012 0.017 0.023 
106     1432    (0)    6 :  0.003 0.986 0.003 0.002 0.003 0.003 
107     1433    (0)    6 :  0.006 0.971 0.006 0.003 0.005 0.009 
108     1434    (0)    6 :  0.012 0.947 0.011 0.013 0.012 0.005 
109     1435    (0)    6 :  0.019 0.936 0.016 0.008 0.015 0.005 
110     1436    (0)    6 :  0.016 0.934 0.017 0.011 0.012 0.011 
111     1437    (0)    6 :  0.003 0.987 0.002 0.002 0.002 0.004 
112     2229    (0)    7 :  0.003 0.002 0.003 0.986 0.003 0.003 
113     2230    (0)    7 :  0.013 0.002 0.016 0.916 0.021 0.032 
114     2235    (0)    7 :  0.023 0.017 0.022 0.896 0.030 0.011 
115     2236    (0)    7 :  0.065 0.004 0.072 0.757 0.081 0.022 
116     2237    (0)    7 :  0.021 0.009 0.021 0.908 0.019 0.022 
117     2238    (0)    7 :  0.004 0.002 0.004 0.979 0.004 0.006 
118     2239    (0)    7 :  0.004 0.001 0.005 0.981 0.006 0.004 
119     2240    (0)    7 :  0.013 0.004 0.014 0.947 0.012 0.011 
120     2241    (0)    7 :  0.035 0.024 0.032 0.853 0.029 0.026 
121     2242    (0)    7 :  0.024 0.002 0.028 0.889 0.039 0.017 
122     2243    (0)    7 :  0.019 0.002 0.018 0.865 0.019 0.077 
123     2244    (0)    7 :  0.014 0.002 0.019 0.912 0.014 0.039 
124     2245    (0)    7 :  0.005 0.005 0.005 0.951 0.005 0.031 
125     2246    (0)    7 :  0.008 0.004 0.007 0.958 0.007 0.016 
126     2247    (0)    7 :  0.009 0.002 0.009 0.964 0.009 0.007 
127     2248    (0)    7 :  0.003 0.002 0.003 0.985 0.003 0.003 
128     2249    (0)    7 :  0.030 0.007 0.029 0.880 0.039 0.015 
129     2250    (0)    7 :  0.003 0.001 0.002 0.988 0.003 0.002 
130     2251    (0)    7 :  0.010 0.007 0.010 0.944 0.010 0.020 
131     2252    (0)    7 :  0.004 0.004 0.004 0.978 0.004 0.005 
132     2253    (0)    7 :  0.030 0.003 0.030 0.868 0.054 0.016 
133     2254    (0)    7 :  0.060 0.003 0.085 0.710 0.045 0.098 
134     2255    (0)    7 :  0.019 0.002 0.015 0.930 0.014 0.020 
135     2256    (0)    7 :  0.135 0.002 0.165 0.407 0.274 0.017 
136     2257    (0)    7 :  0.008 0.018 0.008 0.952 0.006 0.009 
137     2258    (0)    7 :  0.020 0.003 0.021 0.863 0.020 0.073 
138     2259    (0)    7 :  0.004 0.002 0.004 0.981 0.004 0.004 
139     2260    (0)    7 :  0.008 0.002 0.007 0.968 0.007 0.008 
140     2261    (0)    7 :  0.008 0.005 0.008 0.967 0.007 0.005 
141     2262    (0)    7 :  0.004 0.002 0.004 0.983 0.004 0.004 
142     2263    (0)    7 :  0.005 0.005 0.005 0.962 0.004 0.019 
143     2264    (0)    7 :  0.007 0.003 0.007 0.970 0.009 0.004 
144     2265    (0)    7 :  0.022 0.005 0.016 0.914 0.029 0.013 
145     2266    (0)    7 :  0.024 0.003 0.027 0.915 0.024 0.007 
146     2267    (0)    7 :  0.007 0.002 0.007 0.964 0.007 0.012 
147     2268    (0)    7 :  0.012 0.007 0.012 0.950 0.013 0.005 
148     2269    (0)    7 :  0.005 0.003 0.004 0.980 0.004 0.003 
149     2270    (0)    7 :  0.005 0.004 0.006 0.971 0.006 0.007 
150     2271    (0)    7 :  0.030 0.006 0.027 0.662 0.039 0.236 
151     2302    (0)    8 :  0.005 0.002 0.005 0.005 0.004 0.979 
152     2303    (0)    8 :  0.027 0.016 0.027 0.005 0.025 0.900 
153     2304    (0)    8 :  0.017 0.005 0.015 0.021 0.014 0.928 
154     2305    (0)    8 :  0.016 0.003 0.018 0.017 0.021 0.924 
155     2306    (0)    8 :  0.014 0.005 0.013 0.022 0.013 0.933 
156     2307    (0)    8 :  0.020 0.003 0.021 0.015 0.013 0.928 
157     2308    (0)    8 :  0.117 0.691 0.099 0.003 0.073 0.017 
158     2309    (0)    8 :  0.006 0.002 0.006 0.006 0.006 0.973 
159     2310    (0)    8 :  0.032 0.002 0.033 0.016 0.030 0.887 
160     2311    (0)    8 :  0.005 0.002 0.006 0.005 0.005 0.977 
161     2312    (0)    8 :  0.006 0.002 0.005 0.007 0.005 0.974 
162     2313    (0)    8 :  0.062 0.003 0.047 0.030 0.092 0.767 
163     2314    (0)    8 :  0.048 0.003 0.037 0.014 0.049 0.849 
164     2315    (0)    8 :  0.036 0.008 0.025 0.007 0.030 0.894 
165     2316    (0)    8 :  0.040 0.009 0.036 0.028 0.048 0.839 
166     2317    (0)    8 :  0.012 0.003 0.012 0.010 0.014 0.949 
167     2318    (0)    8 :  0.011 0.003 0.012 0.010 0.010 0.954 
168     2319    (0)    8 :  0.005 0.029 0.006 0.005 0.005 0.950 
169     2320    (0)    8 :  0.008 0.004 0.007 0.005 0.007 0.969 
170     2321    (0)    8 :  0.018 0.004 0.017 0.013 0.018 0.930 
171     2322    (0)    8 :  0.213 0.005 0.274 0.009 0.119 0.379 
172     2323    (0)    8 :  0.010 0.007 0.009 0.004 0.009 0.961 
173     2324    (0)    8 :  0.020 0.005 0.019 0.009 0.021 0.926 
174     2325    (0)    8 :  0.012 0.004 0.016 0.014 0.010 0.944 
175     2326    (0)    8 :  0.252 0.004 0.221 0.058 0.332 0.133 
176     2327    (0)    8 :  0.026 0.007 0.024 0.010 0.024 0.910 
177     2328    (0)    8 :  0.259 0.003 0.204 0.012 0.325 0.197 
178     2329    (0)    8 :  0.039 0.002 0.044 0.039 0.063 0.813 


Estimated Allele Frequencies in each cluster
First column gives estimated ancestral frequencies


Locus 1 : 
4 alleles
0.0% missing data
  91   (0.352) 0.322 0.550 0.333 0.363 0.311 0.532 
  89   (0.517) 0.540 0.399 0.526 0.575 0.545 0.425 
  93   (0.112) 0.123 0.050 0.127 0.060 0.119 0.040 
  99   (0.019) 0.015 0.001 0.015 0.002 0.026 0.004 

Locus 2 : 
6 alleles
0.0% missing data
 134   (0.272) 0.309 0.113 0.301 0.154 0.292 0.282 
 136   (0.370) 0.347 0.553 0.350 0.565 0.351 0.529 
 140   (0.082) 0.082 0.056 0.089 0.042 0.076 0.020 
 138   (0.219) 0.218 0.237 0.223 0.235 0.240 0.094 
 142   (0.030) 0.019 0.039 0.016 0.002 0.015 0.070 
 132   (0.027) 0.024 0.003 0.020 0.002 0.027 0.005 

Locus 3 : 
6 alleles
0.0% missing data
 179   (0.331) 0.354 0.147 0.368 0.304 0.364 0.362 
 187   (0.288) 0.261 0.344 0.252 0.481 0.272 0.232 
 185   (0.091) 0.095 0.232 0.098 0.008 0.079 0.032 
 191   (0.030) 0.041 0.002 0.050 0.010 0.032 0.005 
 181   (0.202) 0.198 0.085 0.186 0.193 0.192 0.345 
 175   (0.057) 0.051 0.190 0.047 0.005 0.061 0.022 

Locus 4 : 
10 alleles
0.0% missing data
 241   (0.185) 0.172 0.451 0.166 0.073 0.175 0.197 
 247   (0.062) 0.066 0.020 0.065 0.005 0.073 0.012 
 253   (0.408) 0.433 0.132 0.433 0.683 0.432 0.585 
 273   (0.017) 0.015 0.002 0.015 0.001 0.010 0.003 
 269   (0.181) 0.195 0.041 0.203 0.137 0.217 0.175 
 271   (0.061) 0.058 0.190 0.065 0.024 0.044 0.011 
 249   (0.041) 0.030 0.060 0.027 0.070 0.025 0.008 
 245   (0.020) 0.014 0.100 0.011 0.002 0.010 0.003 
 265   (0.012) 0.009 0.001 0.009 0.002 0.007 0.002 
 239   (0.012) 0.009 0.003 0.007 0.003 0.007 0.002 

Locus 5 : 
4 alleles
0.0% missing data
 103   (0.891) 0.914 0.775 0.915 0.959 0.922 0.895 
 105   (0.065) 0.056 0.194 0.058 0.005 0.044 0.097 
 102   (0.016) 0.012 0.001 0.012 0.001 0.021 0.003 
 104   (0.029) 0.019 0.029 0.016 0.034 0.014 0.005 

Locus 6 : 
5 alleles
0.0% missing data
 135   (0.316) 0.298 0.684 0.288 0.187 0.282 0.204 
 145   (0.327) 0.395 0.028 0.413 0.148 0.387 0.329 
 141   (0.272) 0.244 0.083 0.247 0.608 0.270 0.429 
 147   (0.065) 0.050 0.119 0.042 0.055 0.052 0.035 
 137   (0.019) 0.013 0.086 0.010 0.002 0.010 0.003 

Locus 7 : 
10 alleles
0.6% missing data
  97   (0.182) 0.188 0.121 0.182 0.195 0.185 0.092 
 103   (0.293) 0.329 0.029 0.354 0.293 0.367 0.487 
  89   (0.085) 0.073 0.178 0.072 0.063 0.071 0.044 
  93   (0.248) 0.232 0.333 0.213 0.378 0.231 0.232 
  83   (0.044) 0.061 0.004 0.060 0.004 0.061 0.021 
  99   (0.023) 0.018 0.033 0.014 0.002 0.017 0.004 
  85   (0.038) 0.038 0.003 0.049 0.006 0.026 0.073 
  91   (0.046) 0.032 0.108 0.027 0.050 0.022 0.039 
 105   (0.017) 0.011 0.076 0.012 0.001 0.008 0.003 
 101   (0.025) 0.017 0.116 0.017 0.008 0.012 0.005 

Locus 8 : 
8 alleles
0.0% missing data
 129   (0.573) 0.606 0.392 0.622 0.740 0.607 0.564 
 143   (0.243) 0.245 0.293 0.251 0.067 0.251 0.333 
 141   (0.066) 0.062 0.005 0.051 0.080 0.053 0.065 
 149   (0.048) 0.035 0.274 0.031 0.100 0.036 0.009 
 133   (0.021) 0.018 0.002 0.016 0.002 0.025 0.004 
 145   (0.018) 0.014 0.001 0.012 0.002 0.012 0.018 
 127   (0.019) 0.012 0.030 0.010 0.002 0.011 0.005 
 131   (0.013) 0.008 0.001 0.006 0.009 0.006 0.003 

Locus 9 : 
4 alleles
0.0% missing data
 189   (0.427) 0.446 0.331 0.469 0.261 0.497 0.229 
 191   (0.351) 0.333 0.271 0.327 0.630 0.314 0.465 
 195   (0.202) 0.207 0.396 0.192 0.098 0.179 0.303 
 193   (0.019) 0.014 0.002 0.011 0.011 0.010 0.004 

Locus 10 : 
6 alleles
0.0% missing data
 250   (0.038) 0.031 0.163 0.030 0.003 0.035 0.007 
 254   (0.058) 0.050 0.020 0.045 0.013 0.033 0.077 
 252   (0.114) 0.101 0.066 0.111 0.181 0.082 0.198 
 238   (0.578) 0.609 0.682 0.616 0.441 0.580 0.606 
 232   (0.193) 0.191 0.068 0.184 0.359 0.241 0.109 
 248   (0.019) 0.017 0.001 0.014 0.002 0.029 0.004 

Locus 11 : 
4 alleles
0.0% missing data
  87   (0.738) 0.759 0.511 0.741 0.650 0.779 0.750 
  89   (0.192) 0.189 0.104 0.204 0.270 0.174 0.237 
  91   (0.051) 0.040 0.327 0.044 0.078 0.034 0.009 
  85   (0.020) 0.013 0.058 0.011 0.002 0.013 0.003 

Locus 12 : 
12 alleles
0.0% missing data
 160   (0.258) 0.269 0.506 0.276 0.230 0.247 0.177 
 158   (0.209) 0.213 0.059 0.201 0.416 0.235 0.230 
 162   (0.200) 0.223 0.018 0.249 0.158 0.232 0.200 
 170   (0.055) 0.055 0.125 0.045 0.013 0.081 0.013 
 161   (0.115) 0.101 0.214 0.096 0.053 0.096 0.183 
 154   (0.028) 0.022 0.014 0.021 0.003 0.024 0.005 
 143   (0.030) 0.027 0.051 0.027 0.002 0.017 0.009 
 149   (0.024) 0.027 0.003 0.026 0.003 0.020 0.005 
 147   (0.043) 0.034 0.003 0.035 0.119 0.026 0.169 
 159   (0.013) 0.011 0.001 0.010 0.001 0.009 0.002 
 134   (0.012) 0.010 0.001 0.008 0.001 0.006 0.002 
 165   (0.013) 0.009 0.005 0.007 0.001 0.007 0.002 

Locus 13 : 
4 alleles
0.0% missing data
 113   (0.343) 0.343 0.285 0.321 0.344 0.347 0.385 
 115   (0.484) 0.498 0.468 0.518 0.490 0.495 0.442 
 108   (0.161) 0.148 0.246 0.154 0.166 0.152 0.170 
 110   (0.013) 0.010 0.002 0.007 0.001 0.006 0.003 

Locus 14 : 
7 alleles
0.0% missing data
 172   (0.434) 0.466 0.581 0.490 0.268 0.445 0.366 
 176   (0.130) 0.129 0.059 0.110 0.082 0.119 0.128 
 182   (0.077) 0.084 0.006 0.085 0.013 0.093 0.080 
 174   (0.242) 0.238 0.096 0.239 0.557 0.249 0.234 
 170   (0.020) 0.017 0.002 0.018 0.002 0.034 0.004 
 180   (0.032) 0.021 0.136 0.021 0.023 0.018 0.006 
 178   (0.065) 0.045 0.121 0.038 0.056 0.042 0.183 

Locus 15 : 
8 alleles
0.0% missing data
 225   (0.137) 0.135 0.073 0.144 0.078 0.130 0.065 
 229   (0.428) 0.433 0.357 0.428 0.579 0.490 0.323 
 227   (0.140) 0.185 0.012 0.190 0.157 0.160 0.161 
 231   (0.204) 0.182 0.427 0.177 0.109 0.163 0.389 
 213   (0.013) 0.009 0.002 0.008 0.001 0.008 0.002 
 233   (0.054) 0.036 0.123 0.034 0.075 0.035 0.054 
 203   (0.013) 0.011 0.001 0.011 0.001 0.008 0.003 
 223   (0.012) 0.008 0.005 0.007 0.001 0.007 0.002 

Locus 16 : 
4 alleles
0.6% missing data
 143   (0.900) 0.919 0.809 0.928 0.987 0.931 0.927 
 145   (0.063) 0.053 0.112 0.045 0.010 0.049 0.066 
 147   (0.024) 0.018 0.077 0.018 0.002 0.013 0.004 
 157   (0.013) 0.010 0.001 0.008 0.001 0.007 0.002 

Locus 17 : 
5 alleles
0.0% missing data
 158   (0.503) 0.520 0.305 0.532 0.665 0.532 0.480 
 156   (0.269) 0.277 0.263 0.279 0.188 0.236 0.286 
 154   (0.079) 0.060 0.337 0.053 0.047 0.066 0.074 
 160   (0.137) 0.133 0.094 0.126 0.098 0.157 0.158 
 152   (0.013) 0.010 0.001 0.009 0.002 0.008 0.002 

Locus 18 : 
5 alleles
0.0% missing data
  90   (0.669) 0.672 0.446 0.680 0.775 0.679 0.821 
 100   (0.096) 0.104 0.167 0.114 0.010 0.108 0.020 
 102   (0.156) 0.155 0.096 0.147 0.200 0.146 0.127 
 104   (0.013) 0.009 0.001 0.008 0.001 0.011 0.002 
  88   (0.066) 0.060 0.290 0.051 0.014 0.055 0.031 

Locus 19 : 
7 alleles
0.0% missing data
 127   (0.281) 0.272 0.405 0.251 0.160 0.297 0.387 
 140   (0.294) 0.313 0.241 0.332 0.116 0.286 0.419 
 142   (0.118) 0.108 0.022 0.109 0.494 0.135 0.024 
 148   (0.098) 0.094 0.067 0.093 0.098 0.080 0.044 
 146   (0.095) 0.093 0.008 0.088 0.111 0.094 0.054 
 138   (0.060) 0.063 0.005 0.059 0.015 0.065 0.057 
 150   (0.055) 0.057 0.252 0.068 0.005 0.043 0.015 

Locus 20 : 
6 alleles
0.0% missing data
 190   (0.127) 0.117 0.036 0.107 0.337 0.094 0.272 
 194   (0.574) 0.564 0.598 0.548 0.515 0.618 0.608 
 202   (0.039) 0.032 0.060 0.031 0.003 0.040 0.007 
 188   (0.143) 0.152 0.012 0.168 0.134 0.142 0.063 
 200   (0.104) 0.126 0.292 0.138 0.010 0.100 0.047 
 198   (0.013) 0.010 0.002 0.008 0.001 0.007 0.003 

Locus 21 : 
6 alleles
0.0% missing data
 252   (0.648) 0.696 0.119 0.705 0.773 0.709 0.656 
 246   (0.123) 0.122 0.179 0.124 0.013 0.116 0.256 
 248   (0.016) 0.012 0.001 0.012 0.001 0.020 0.003 
 244   (0.040) 0.028 0.074 0.028 0.063 0.026 0.007 
 250   (0.093) 0.078 0.344 0.069 0.120 0.061 0.019 
 254   (0.081) 0.064 0.282 0.062 0.030 0.068 0.059 

Locus 22 : 
7 alleles
0.0% missing data
 167   (0.253) 0.293 0.096 0.323 0.261 0.274 0.180 
 173   (0.282) 0.289 0.265 0.291 0.313 0.295 0.243 
 163   (0.040) 0.032 0.115 0.033 0.003 0.051 0.007 
 177   (0.193) 0.181 0.075 0.165 0.353 0.212 0.100 
 175   (0.144) 0.133 0.236 0.126 0.061 0.109 0.275 
 165   (0.075) 0.063 0.171 0.055 0.008 0.053 0.192 
 159   (0.014) 0.008 0.041 0.007 0.001 0.006 0.002 

Locus 23 : 
11 alleles
0.0% missing data
 152   (0.404) 0.432 0.126 0.427 0.537 0.462 0.435 
 158   (0.103) 0.107 0.401 0.114 0.011 0.094 0.067 
 146   (0.201) 0.213 0.020 0.231 0.272 0.203 0.314 
 150   (0.057) 0.044 0.148 0.036 0.026 0.043 0.062 
 156   (0.024) 0.019 0.029 0.020 0.002 0.013 0.005 
 162   (0.031) 0.027 0.193 0.023 0.003 0.019 0.006 
 166   (0.075) 0.074 0.006 0.073 0.049 0.063 0.062 
 164   (0.045) 0.038 0.014 0.035 0.006 0.051 0.039 
 148   (0.024) 0.017 0.018 0.017 0.002 0.029 0.004 
 142   (0.023) 0.021 0.043 0.018 0.002 0.017 0.004 
 154   (0.014) 0.008 0.001 0.007 0.090 0.006 0.002 

Locus 24 : 
6 alleles
0.6% missing data
 144   (0.180) 0.182 0.305 0.185 0.132 0.175 0.207 
 156   (0.157) 0.148 0.300 0.143 0.069 0.144 0.110 
 154   (0.514) 0.542 0.212 0.554 0.572 0.569 0.603 
 160   (0.103) 0.098 0.088 0.092 0.167 0.085 0.071 
 152   (0.017) 0.011 0.001 0.009 0.051 0.008 0.003 
 158   (0.029) 0.020 0.094 0.017 0.009 0.019 0.005 

Locus 25 : 
4 alleles
0.6% missing data
  81   (0.362) 0.379 0.304 0.398 0.237 0.370 0.341 
  83   (0.498) 0.494 0.587 0.473 0.465 0.483 0.583 
  77   (0.082) 0.086 0.006 0.087 0.264 0.109 0.016 
  85   (0.058) 0.042 0.102 0.042 0.034 0.038 0.060 

Locus 26 : 
6 alleles
0.6% missing data
 124   (0.526) 0.552 0.623 0.569 0.295 0.563 0.635 
 132   (0.254) 0.257 0.021 0.255 0.630 0.267 0.195 
 122   (0.135) 0.118 0.321 0.111 0.023 0.120 0.153 
 126   (0.052) 0.049 0.019 0.043 0.050 0.032 0.011 
 120   (0.019) 0.013 0.014 0.013 0.002 0.012 0.003 
 136   (0.013) 0.010 0.001 0.009 0.001 0.007 0.002 

Locus 27 : 
6 alleles
0.0% missing data
 165   (0.251) 0.274 0.111 0.273 0.160 0.257 0.274 
 183   (0.347) 0.322 0.358 0.310 0.472 0.340 0.354 
 179   (0.087) 0.094 0.246 0.107 0.082 0.069 0.019 
 175   (0.228) 0.232 0.020 0.230 0.279 0.269 0.310 
 181   (0.067) 0.064 0.179 0.067 0.006 0.053 0.039 
 185   (0.020) 0.013 0.086 0.013 0.002 0.011 0.003 

Locus 28 : 
4 alleles
0.0% missing data
 142   (0.536) 0.559 0.410 0.582 0.634 0.523 0.677 
 150   (0.149) 0.151 0.199 0.150 0.015 0.164 0.106 
 148   (0.241) 0.216 0.311 0.204 0.138 0.252 0.202 
 138   (0.074) 0.073 0.079 0.064 0.213 0.061 0.015 

Locus 29 : 
5 alleles
0.0% missing data
 260   (0.439) 0.464 0.302 0.454 0.257 0.521 0.374 
 262   (0.458) 0.452 0.527 0.470 0.699 0.399 0.577 
 258   (0.022) 0.021 0.002 0.020 0.002 0.019 0.004 
 256   (0.068) 0.052 0.168 0.047 0.041 0.052 0.042 
 264   (0.013) 0.011 0.001 0.009 0.001 0.009 0.002 

Locus 30 : 
5 alleles
0.0% missing data
 140   (0.159) 0.162 0.454 0.160 0.071 0.130 0.181 
 150   (0.478) 0.508 0.206 0.532 0.713 0.504 0.456 
 148   (0.085) 0.072 0.022 0.072 0.075 0.069 0.095 
 146   (0.246) 0.229 0.312 0.210 0.135 0.269 0.260 
 152   (0.032) 0.028 0.006 0.027 0.006 0.028 0.008 

Locus 31 : 
6 alleles
0.0% missing data
 125   (0.269) 0.253 0.121 0.259 0.283 0.270 0.256 
 129   (0.501) 0.544 0.237 0.535 0.580 0.539 0.493 
 123   (0.104) 0.101 0.067 0.113 0.125 0.085 0.087 
 127   (0.077) 0.061 0.358 0.057 0.007 0.053 0.155 
 121   (0.015) 0.011 0.001 0.011 0.001 0.020 0.003 
 131   (0.034) 0.029 0.215 0.025 0.004 0.033 0.007 

Locus 32 : 
5 alleles
0.0% missing data
 155   (0.550) 0.547 0.608 0.529 0.656 0.587 0.427 
 159   (0.149) 0.162 0.096 0.179 0.093 0.126 0.215 
 157   (0.207) 0.204 0.088 0.203 0.160 0.218 0.340 
 153   (0.062) 0.062 0.168 0.068 0.084 0.049 0.012 
 151   (0.032) 0.026 0.040 0.021 0.008 0.020 0.006 

Locus 33 : 
4 alleles
0.0% missing data
  92   (0.250) 0.239 0.467 0.233 0.295 0.226 0.124 
  94   (0.086) 0.067 0.049 0.066 0.075 0.062 0.205 
  95   (0.154) 0.153 0.323 0.155 0.123 0.194 0.028 
  91   (0.510) 0.542 0.160 0.546 0.507 0.518 0.643 

Locus 34 : 
4 alleles
0.0% missing data
 146   (0.323) 0.329 0.525 0.308 0.103 0.309 0.298 
 148   (0.086) 0.074 0.130 0.081 0.096 0.059 0.097 
 150   (0.531) 0.538 0.294 0.546 0.796 0.582 0.534 
 154   (0.060) 0.058 0.050 0.065 0.005 0.050 0.070 

Locus 35 : 
7 alleles
0.0% missing data
 180   (0.396) 0.397 0.318 0.408 0.530 0.391 0.459 
 192   (0.158) 0.179 0.157 0.170 0.016 0.181 0.154 
 184   (0.210) 0.199 0.134 0.199 0.215 0.190 0.291 
 196   (0.152) 0.166 0.018 0.167 0.169 0.181 0.070 
 198   (0.041) 0.032 0.327 0.031 0.023 0.026 0.008 
 190   (0.030) 0.020 0.045 0.018 0.003 0.025 0.016 
 194   (0.014) 0.008 0.001 0.006 0.045 0.005 0.002 

Locus 36 : 
6 alleles
0.0% missing data
 106   (0.283) 0.303 0.137 0.317 0.184 0.295 0.287 
 112   (0.295) 0.310 0.073 0.312 0.507 0.300 0.306 
  94   (0.022) 0.018 0.002 0.019 0.002 0.033 0.004 
 110   (0.231) 0.206 0.175 0.207 0.283 0.224 0.324 
 108   (0.130) 0.124 0.609 0.114 0.021 0.122 0.055 
  90   (0.038) 0.038 0.004 0.031 0.003 0.027 0.023 

Locus 37 : 
8 alleles
0.0% missing data
 168   (0.075) 0.091 0.332 0.112 0.006 0.069 0.015 
 178   (0.042) 0.049 0.004 0.042 0.010 0.045 0.012 
 170   (0.300) 0.281 0.329 0.276 0.156 0.288 0.464 
 174   (0.125) 0.133 0.058 0.148 0.030 0.137 0.117 
 172   (0.278) 0.292 0.164 0.276 0.478 0.273 0.213 
 176   (0.110) 0.096 0.009 0.091 0.100 0.147 0.134 
 166   (0.050) 0.044 0.004 0.041 0.217 0.032 0.041 
 186   (0.020) 0.014 0.100 0.015 0.002 0.009 0.003 

Locus 38 : 
6 alleles
0.0% missing data
  85   (0.190) 0.205 0.045 0.232 0.182 0.201 0.121 
  95   (0.086) 0.070 0.021 0.063 0.087 0.074 0.150 
  89   (0.530) 0.541 0.517 0.537 0.713 0.548 0.554 
  83   (0.124) 0.125 0.373 0.116 0.012 0.123 0.067 
  81   (0.054) 0.050 0.005 0.044 0.004 0.047 0.105 
  91   (0.016) 0.009 0.038 0.008 0.001 0.008 0.003 

Locus 39 : 
7 alleles
0.0% missing data
 161   (0.362) 0.349 0.544 0.354 0.482 0.347 0.453 
 165   (0.219) 0.211 0.195 0.224 0.175 0.227 0.189 
 167   (0.034) 0.041 0.003 0.045 0.013 0.032 0.007 
 169   (0.079) 0.085 0.006 0.082 0.126 0.108 0.016 
 173   (0.279) 0.290 0.250 0.272 0.191 0.267 0.331 
 175   (0.014) 0.017 0.001 0.017 0.001 0.013 0.003 
 159   (0.012) 0.007 0.001 0.006 0.011 0.005 0.002 

Locus 40 : 
5 alleles
0.0% missing data
  85   (0.225) 0.238 0.082 0.235 0.124 0.208 0.295 
  87   (0.118) 0.103 0.401 0.109 0.150 0.090 0.052 
  91   (0.162) 0.154 0.257 0.139 0.033 0.164 0.239 
  81   (0.082) 0.078 0.007 0.077 0.025 0.077 0.117 
  89   (0.414) 0.427 0.253 0.439 0.667 0.461 0.296 

Locus 41 : 
3 alleles
0.0% missing data
 167   (0.781) 0.792 0.489 0.798 0.922 0.789 0.924 
 161   (0.175) 0.174 0.479 0.170 0.065 0.168 0.068 
 165   (0.044) 0.034 0.033 0.031 0.013 0.043 0.008 

Locus 42 : 
6 alleles
0.0% missing data
 224   (0.044) 0.031 0.016 0.029 0.057 0.022 0.074 
 228   (0.394) 0.399 0.401 0.387 0.576 0.393 0.378 
 238   (0.356) 0.374 0.099 0.394 0.243 0.385 0.375 
 240   (0.112) 0.127 0.400 0.129 0.011 0.138 0.023 
 236   (0.082) 0.060 0.083 0.052 0.112 0.052 0.147 
 242   (0.013) 0.009 0.001 0.008 0.001 0.010 0.002 

Locus 43 : 
7 alleles
0.6% missing data
 130   (0.522) 0.525 0.578 0.517 0.474 0.596 0.440 
 118   (0.051) 0.049 0.097 0.047 0.006 0.039 0.025 
 128   (0.071) 0.073 0.006 0.070 0.140 0.065 0.065 
 132   (0.090) 0.078 0.007 0.068 0.262 0.075 0.142 
 114   (0.110) 0.110 0.009 0.114 0.082 0.098 0.165 
 134   (0.142) 0.157 0.302 0.175 0.016 0.121 0.160 
 122   (0.014) 0.008 0.001 0.007 0.021 0.007 0.003 

Locus 44 : 
5 alleles
0.0% missing data
 104   (0.389) 0.437 0.104 0.429 0.166 0.430 0.259 
  98   (0.157) 0.131 0.258 0.127 0.215 0.126 0.146 
 102   (0.223) 0.243 0.018 0.269 0.437 0.252 0.370 
  92   (0.159) 0.131 0.445 0.124 0.110 0.147 0.189 
  96   (0.071) 0.059 0.175 0.051 0.072 0.044 0.036 

Locus 45 : 
5 alleles
0.0% missing data
  95   (0.220) 0.208 0.404 0.212 0.356 0.193 0.232 
 101   (0.370) 0.399 0.217 0.386 0.397 0.387 0.378 
 103   (0.282) 0.282 0.094 0.294 0.233 0.315 0.295 
  99   (0.097) 0.083 0.247 0.080 0.012 0.086 0.090 
  97   (0.031) 0.029 0.037 0.028 0.002 0.018 0.006 

Locus 46 : 
7 alleles
0.0% missing data
 181   (0.545) 0.560 0.263 0.549 0.733 0.609 0.595 
 191   (0.300) 0.298 0.596 0.315 0.180 0.275 0.359 
 179   (0.031) 0.033 0.087 0.047 0.002 0.023 0.006 
 177   (0.066) 0.060 0.035 0.049 0.080 0.054 0.025 
 189   (0.018) 0.015 0.001 0.013 0.001 0.010 0.003 
 183   (0.018) 0.015 0.001 0.012 0.002 0.012 0.007 
 193   (0.023) 0.017 0.016 0.015 0.002 0.018 0.005 

Locus 47 : 
6 alleles
0.0% missing data
 211   (0.207) 0.208 0.384 0.223 0.175 0.186 0.242 
 215   (0.082) 0.067 0.031 0.061 0.076 0.057 0.148 
 205   (0.445) 0.474 0.369 0.482 0.498 0.495 0.450 
 207   (0.190) 0.192 0.124 0.173 0.178 0.215 0.115 
 201   (0.056) 0.045 0.064 0.045 0.071 0.036 0.041 
 202   (0.019) 0.014 0.029 0.015 0.002 0.010 0.004 

Locus 48 : 
10 alleles
0.0% missing data
 142   (0.281) 0.329 0.128 0.356 0.203 0.305 0.249 
 162   (0.066) 0.059 0.051 0.055 0.006 0.047 0.187 
 164   (0.055) 0.050 0.100 0.043 0.005 0.043 0.045 
 168   (0.155) 0.139 0.325 0.122 0.258 0.168 0.159 
 158   (0.172) 0.163 0.179 0.156 0.070 0.186 0.245 
 170   (0.035) 0.025 0.103 0.021 0.013 0.021 0.006 
 166   (0.142) 0.147 0.032 0.161 0.292 0.158 0.090 
 156   (0.035) 0.032 0.067 0.028 0.004 0.026 0.008 
 144   (0.046) 0.048 0.004 0.053 0.147 0.039 0.009 
 160   (0.012) 0.007 0.011 0.006 0.001 0.005 0.003 

Locus 49 : 
6 alleles
0.0% missing data
 149   (0.301) 0.328 0.754 0.310 0.119 0.332 0.109 
 151   (0.247) 0.228 0.088 0.236 0.228 0.240 0.360 
 145   (0.227) 0.217 0.117 0.224 0.249 0.213 0.450 
 153   (0.185) 0.199 0.016 0.205 0.401 0.184 0.074 
 147   (0.013) 0.010 0.001 0.008 0.001 0.007 0.003 
 143   (0.026) 0.019 0.024 0.017 0.002 0.024 0.005 

Values of parameters used in structure:
DATAFILE=temp1.str,	OUTFILE=k6/temp1_k6_run8,	NUMINDS=178,	NUMLOCI=49,	MISSING=-9,	LABEL=1,	POPDATA=1,	POPFLAG=0,	PHENOTYPE=0,	EXTRACOLS=0,	MAXPOPS=6,	BURNIN=500000,	NUMREPS=750000,	USEPOPINFO=0,	INFERALPHA=1,	INFERLAMBDA=0,	POPSPECIFICLAMBDA=0,	POPALPHAS=0,	COMPUTEPROB=1,	NOADMIX=0,	ADMBURNIN=500,	UPDATEFREQ=100,	PRINTLIKES=0,	INTERMEDSAVE=0,	PRINTKLD=0,	PRINTNET=1,	PRINTLAMBDA=1,	ANCESTDIST=0,	NUMBOXES=1000,	ANCESTPINT=0.90000,	GENSBACK=2,	MIGRPRIOR=0.01000,	PRINTQHAT=0,	PRINTQSUM=1,	ALPHA=1.0000,	FREQSCORR=1,	FPRIORMEAN=0.0100,	FPRIORSD=0.0500,	ONEFST=0,	LAMBDA=1.0000,	UNIFPRIORALPHA=1,	ALPHAMAX=10.0000,	ALPHAPRIORA=1.0000,	ALPHAPRIORB=2.0000,	ALPHAPROPSD=0.0250,	STARTATPOPINFO=0,	RANDOMIZE=0,	LINKAGE=0,	METROFREQ=10,	REPORTHITRATE=0,	MARKOVPHASE=0,	PHASED=1,	PLOIDY=2,	PHASEINFO=0	LOCPRIOR=0, 	LOCPRIORINIT=1.000000, 	LOCDATA=0, 	LOCISPOP=1, 	LOCPRIORSTEP=0.100000, 	MAXLOCPRIOR=20.000000, 	SEED=136672,	
[STRAT parameters]:    NUMSIMSTATS=1000,	PHENOTYPECOL=-9,	POOLFREQ=10,	LOCUSxONLY=0,	EMERROR=0.00100,	MISSINGPHENO=-9,	