

----------------------------------------------------
STRUCTURE by Pritchard, Stephens and Donnelly (2000)
     and Falush, Stephens and Pritchard (2003)
       Code by Pritchard, Falush and Hubisz
             Version 2.3.4 (Jul 2012)
----------------------------------------------------



Command line arguments:   structure -D 909730 -K 8 -m mainparams -o k8/temp1_k8_run5 
Input File:    temp1.str

Run parameters:
   178 individuals
   49 loci
   8 populations assumed
   500000 Burn-in period
   750000 Reps
RANDOMIZE turned off


--------------------------------------------
Proportion of membership of each pre-defined
 population in each of the 8 clusters

Given    Inferred Clusters                                          Number of
 Pop       1      2      3      4      5      6      7      8      Individuals

  1:     0.023  0.023  0.237  0.230  0.015  0.079  0.224  0.169       10
  2:     0.086  0.034  0.203  0.187  0.063  0.120  0.226  0.081       24
  3:     0.011  0.019  0.116  0.149  0.097  0.048  0.101  0.458       13
  4:     0.010  0.047  0.117  0.141  0.027  0.411  0.113  0.134       11
  5:     0.025  0.039  0.248  0.213  0.070  0.081  0.227  0.097       23
  6:     0.957  0.007  0.007  0.006  0.004  0.007  0.007  0.005       30
  7:     0.004  0.022  0.018  0.019  0.884  0.017  0.016  0.020       39
  8:     0.029  0.778  0.041  0.048  0.013  0.020  0.042  0.030       28
--------------------------------------------

Allele-freq. divergence among pops (Net nucleotide distance),
computed using point estimates of P.

      1       2       3       4       5       6       7       8      
 1      -    0.0841  0.0645  0.0665  0.1227  0.0819  0.0622  0.0848  
 2   0.0841     -    0.0160  0.0164  0.0414  0.0232  0.0150  0.0223  
 3   0.0645  0.0160     -    0.0003  0.0312  0.0124  0.0002  0.0088  
 4   0.0665  0.0164  0.0003     -    0.0313  0.0121  0.0003  0.0080  
 5   0.1227  0.0414  0.0312  0.0313     -    0.0404  0.0311  0.0394  
 6   0.0819  0.0232  0.0124  0.0121  0.0404     -    0.0113  0.0182  
 7   0.0622  0.0150  0.0002  0.0003  0.0311  0.0113     -    0.0083  
 8   0.0848  0.0223  0.0088  0.0080  0.0394  0.0182  0.0083     -    

Average distances (expected heterozygosity) between individuals in same cluster:
cluster  1  : 0.6400 
cluster  2  : 0.6039 
cluster  3  : 0.6436 
cluster  4  : 0.6394 
cluster  5  : 0.5518 
cluster  6  : 0.6186 
cluster  7  : 0.6491 
cluster  8  : 0.6070 

--------------------------------------------
Estimated Ln Prob of Data   = -21646.8
Mean value of ln likelihood = -20372.1
Variance of ln likelihood   = 2549.4
Mean value of alpha         = 0.0395

Mean value of Fst_1         = 0.1576
Mean value of Fst_2         = 0.0895
Mean value of Fst_3         = 0.0250
Mean value of Fst_4         = 0.0318
Mean value of Fst_5         = 0.1292
Mean value of Fst_6         = 0.0875
Mean value of Fst_7         = 0.0148
Mean value of Fst_8         = 0.0768


Inferred ancestry of individuals:
        Label (%Miss) Pop:  Inferred clusters
  1     2355    (0)    1 :  0.017 0.073 0.196 0.156 0.008 0.162 0.314 0.074 
  2     2356    (0)    1 :  0.018 0.019 0.199 0.171 0.003 0.108 0.332 0.150 
  3     2357    (0)    1 :  0.001 0.063 0.066 0.096 0.037 0.079 0.063 0.594 
  4     2358    (0)    1 :  0.011 0.005 0.402 0.279 0.007 0.027 0.244 0.026 
  5     2359    (0)    1 :  0.002 0.023 0.329 0.302 0.013 0.016 0.208 0.107 
  6     2360    (0)    1 :  0.041 0.006 0.203 0.291 0.009 0.077 0.174 0.200 
  7     2361    (2)    1 :  0.003 0.008 0.396 0.259 0.032 0.010 0.264 0.028 
  8     2362    (0)    1 :  0.008 0.009 0.136 0.264 0.015 0.018 0.112 0.438 
  9     2363    (0)    1 :  0.119 0.006 0.180 0.213 0.007 0.258 0.185 0.031 
 10     2364    (0)    1 :  0.010 0.018 0.259 0.270 0.023 0.037 0.340 0.043 
 11     2434    (0)    2 :  0.100 0.015 0.262 0.164 0.019 0.044 0.279 0.115 
 12     2435    (0)    2 :  0.085 0.010 0.239 0.163 0.005 0.089 0.398 0.010 
 13     2436    (0)    2 :  0.098 0.037 0.244 0.301 0.003 0.056 0.241 0.020 
 14     2437    (0)    2 :  0.161 0.029 0.206 0.186 0.005 0.010 0.360 0.045 
 15     2438    (0)    2 :  0.009 0.005 0.419 0.280 0.005 0.005 0.247 0.031 
 16     2439    (0)    2 :  0.005 0.013 0.226 0.342 0.008 0.154 0.160 0.092 
 17     2440    (0)    2 :  0.069 0.226 0.113 0.114 0.006 0.060 0.166 0.246 
 18     2441    (0)    2 :  0.059 0.025 0.287 0.243 0.022 0.015 0.336 0.013 
 19     2442    (0)    2 :  0.218 0.016 0.225 0.185 0.010 0.028 0.292 0.026 
 20     2443    (0)    2 :  0.010 0.063 0.277 0.204 0.012 0.026 0.354 0.053 
 21     2444    (0)    2 :  0.103 0.072 0.130 0.129 0.017 0.188 0.178 0.183 
 22     2446    (0)    2 :  0.012 0.017 0.117 0.161 0.020 0.469 0.144 0.061 
 23     2447    (0)    2 :  0.015 0.008 0.379 0.257 0.017 0.008 0.279 0.035 
 24     2448    (0)    2 :  0.005 0.010 0.065 0.074 0.678 0.073 0.055 0.039 
 25     2449    (0)    2 :  0.289 0.030 0.130 0.158 0.005 0.080 0.109 0.199 
 26     2450    (0)    2 :  0.169 0.010 0.157 0.204 0.003 0.018 0.189 0.250 
 27     2451    (0)    2 :  0.210 0.017 0.161 0.135 0.007 0.017 0.273 0.179 
 28     2452    (0)    2 :  0.005 0.042 0.092 0.137 0.089 0.426 0.097 0.112 
 29     2453    (0)    2 :  0.007 0.005 0.273 0.214 0.043 0.027 0.418 0.013 
 30     2454    (0)    2 :  0.004 0.042 0.109 0.121 0.467 0.125 0.096 0.036 
 31     2455    (0)    2 :  0.013 0.079 0.181 0.245 0.005 0.104 0.244 0.129 
 32     2456    (0)    2 :  0.006 0.039 0.299 0.296 0.031 0.009 0.299 0.021 
 33     2457    (0)    2 :  0.078 0.008 0.017 0.015 0.007 0.837 0.022 0.015 
 34     2458    (0)    2 :  0.326 0.008 0.262 0.156 0.028 0.023 0.183 0.016 
 35     2398    (0)    3 :  0.002 0.022 0.042 0.044 0.012 0.019 0.045 0.814 
 36     2399    (0)    3 :  0.020 0.004 0.186 0.315 0.012 0.161 0.188 0.114 
 37     2400    (0)    3 :  0.006 0.006 0.087 0.083 0.030 0.017 0.099 0.671 
 38     2401    (0)    3 :  0.002 0.022 0.135 0.269 0.041 0.034 0.096 0.400 
 39     2402    (0)    3 :  0.094 0.032 0.139 0.207 0.214 0.078 0.147 0.088 
 40     2403    (0)    3 :  0.002 0.009 0.005 0.005 0.003 0.050 0.006 0.920 
 41     2404    (0)    3 :  0.002 0.012 0.011 0.015 0.016 0.040 0.011 0.892 
 42     2405    (0)    3 :  0.005 0.012 0.351 0.262 0.005 0.010 0.226 0.130 
 43     2406    (0)    3 :  0.002 0.010 0.179 0.331 0.165 0.036 0.152 0.125 
 44     2407    (0)    3 :  0.004 0.081 0.090 0.075 0.558 0.040 0.085 0.066 
 45     2408    (0)    3 :  0.005 0.011 0.245 0.304 0.089 0.042 0.229 0.075 
 46     2409    (0)    3 :  0.002 0.017 0.021 0.015 0.090 0.041 0.023 0.790 
 47     2410    (0)    3 :  0.002 0.007 0.011 0.015 0.028 0.052 0.012 0.872 
 48     2459    (0)    4 :  0.007 0.013 0.012 0.015 0.011 0.912 0.015 0.015 
 49     2460    (0)    4 :  0.008 0.011 0.217 0.190 0.142 0.130 0.265 0.038 
 50     2461    (0)    4 :  0.006 0.082 0.152 0.213 0.004 0.092 0.102 0.348 
 51     2462    (4)    4 :  0.005 0.013 0.017 0.019 0.026 0.880 0.023 0.018 
 52     2463    (0)    4 :  0.003 0.025 0.045 0.059 0.014 0.721 0.057 0.075 
 53     2464    (2)    4 :  0.023 0.009 0.014 0.015 0.011 0.871 0.018 0.038 
 54     2465    (0)    4 :  0.008 0.022 0.122 0.232 0.022 0.042 0.106 0.447 
 55     2466    (2)    4 :  0.004 0.147 0.097 0.131 0.016 0.480 0.096 0.029 
 56     2467    (0)    4 :  0.028 0.122 0.278 0.175 0.021 0.062 0.290 0.024 
 57     2468    (0)    4 :  0.006 0.043 0.135 0.169 0.018 0.235 0.131 0.265 
 58     2469    (0)    4 :  0.011 0.026 0.200 0.338 0.008 0.093 0.145 0.180 
 59     2369    (0)    5 :  0.005 0.025 0.216 0.212 0.292 0.010 0.150 0.089 
 60     2370    (0)    5 :  0.002 0.004 0.152 0.294 0.014 0.012 0.119 0.402 
 61     2372    (0)    5 :  0.006 0.314 0.156 0.114 0.010 0.036 0.198 0.167 
 62     2373    (0)    5 :  0.201 0.012 0.166 0.167 0.128 0.016 0.263 0.046 
 63     2374    (0)    5 :  0.002 0.004 0.004 0.005 0.005 0.963 0.004 0.013 
 64     2375    (0)    5 :  0.005 0.017 0.244 0.267 0.006 0.033 0.375 0.052 
 65     2376    (0)    5 :  0.006 0.103 0.276 0.221 0.042 0.020 0.256 0.076 
 66     2377    (0)    5 :  0.013 0.008 0.207 0.279 0.214 0.036 0.186 0.056 
 67     2378    (0)    5 :  0.002 0.024 0.374 0.264 0.049 0.014 0.227 0.047 
 68     2379    (0)    5 :  0.011 0.026 0.376 0.249 0.009 0.011 0.303 0.015 
 69     2380    (0)    5 :  0.002 0.078 0.067 0.069 0.008 0.380 0.093 0.303 
 70     2381    (0)    5 :  0.002 0.013 0.359 0.235 0.074 0.038 0.218 0.060 
 71     2382    (0)    5 :  0.062 0.012 0.184 0.240 0.003 0.021 0.241 0.236 
 72     2383    (0)    5 :  0.008 0.019 0.180 0.253 0.192 0.018 0.142 0.188 
 73     2384    (0)    5 :  0.020 0.012 0.242 0.355 0.008 0.039 0.195 0.129 
 74     2385    (0)    5 :  0.017 0.018 0.334 0.217 0.011 0.038 0.318 0.047 
 75     2386    (0)    5 :  0.003 0.007 0.259 0.189 0.051 0.039 0.403 0.049 
 76     2387    (0)    5 :  0.004 0.023 0.364 0.218 0.034 0.016 0.264 0.077 
 77     2388    (0)    5 :  0.007 0.014 0.410 0.274 0.003 0.005 0.260 0.028 
 78     2389    (2)    5 :  0.158 0.042 0.214 0.162 0.004 0.014 0.345 0.061 
 79     2390    (0)    5 :  0.033 0.035 0.404 0.232 0.007 0.011 0.266 0.013 
 80     2391    (0)    5 :  0.002 0.036 0.348 0.207 0.150 0.008 0.223 0.025 
 81     2392    (0)    5 :  0.007 0.050 0.172 0.176 0.289 0.081 0.180 0.044 
 82     1408    (0)    6 :  0.964 0.004 0.007 0.006 0.002 0.005 0.007 0.004 
 83     1409    (0)    6 :  0.976 0.003 0.004 0.004 0.002 0.003 0.004 0.004 
 84     1410    (0)    6 :  0.982 0.003 0.003 0.003 0.002 0.002 0.003 0.003 
 85     1411    (0)    6 :  0.972 0.005 0.004 0.004 0.003 0.004 0.004 0.004 
 86     1412    (0)    6 :  0.973 0.004 0.004 0.004 0.002 0.005 0.004 0.003 
 87     1413    (0)    6 :  0.969 0.003 0.005 0.005 0.002 0.004 0.005 0.006 
 88     1414    (0)    6 :  0.986 0.002 0.002 0.002 0.002 0.002 0.002 0.002 
 89     1415    (0)    6 :  0.978 0.002 0.003 0.004 0.003 0.003 0.003 0.003 
 90     1416    (0)    6 :  0.976 0.003 0.003 0.003 0.004 0.003 0.004 0.004 
 91     1417    (0)    6 :  0.982 0.002 0.003 0.003 0.002 0.002 0.003 0.002 
 92     1418    (0)    6 :  0.964 0.004 0.006 0.006 0.002 0.005 0.006 0.007 
 93     1419    (0)    6 :  0.979 0.004 0.003 0.003 0.002 0.002 0.003 0.003 
 94     1420    (0)    6 :  0.966 0.009 0.004 0.004 0.003 0.005 0.005 0.004 
 95     1421    (0)    6 :  0.922 0.026 0.010 0.009 0.004 0.009 0.012 0.007 
 96     1422    (0)    6 :  0.976 0.003 0.004 0.004 0.002 0.005 0.004 0.002 
 97     1423    (0)    6 :  0.972 0.003 0.006 0.005 0.002 0.003 0.005 0.003 
 98     1424    (0)    6 :  0.920 0.013 0.011 0.011 0.005 0.020 0.012 0.008 
 99     1425    (0)    6 :  0.927 0.033 0.008 0.008 0.008 0.004 0.008 0.005 
100     1426    (0)    6 :  0.953 0.004 0.008 0.008 0.005 0.007 0.008 0.006 
101     1427    (0)    6 :  0.857 0.021 0.019 0.019 0.017 0.034 0.024 0.009 
102     1428    (0)    6 :  0.981 0.003 0.003 0.003 0.002 0.003 0.003 0.003 
103     1429    (0)    6 :  0.972 0.003 0.004 0.004 0.007 0.004 0.004 0.003 
104     1430    (0)    6 :  0.971 0.002 0.005 0.005 0.003 0.005 0.005 0.004 
105     1431    (0)    6 :  0.896 0.022 0.016 0.014 0.011 0.008 0.017 0.014 
106     1432    (0)    6 :  0.982 0.003 0.003 0.003 0.002 0.003 0.003 0.002 
107     1433    (0)    6 :  0.961 0.009 0.006 0.007 0.003 0.004 0.006 0.004 
108     1434    (0)    6 :  0.929 0.004 0.010 0.009 0.012 0.011 0.010 0.016 
109     1435    (0)    6 :  0.919 0.004 0.017 0.017 0.008 0.008 0.018 0.008 
110     1436    (0)    6 :  0.911 0.010 0.013 0.012 0.010 0.020 0.015 0.009 
111     1437    (0)    6 :  0.983 0.003 0.002 0.002 0.002 0.002 0.003 0.002 
112     2229    (0)    7 :  0.002 0.003 0.003 0.003 0.980 0.003 0.003 0.003 
113     2230    (0)    7 :  0.002 0.033 0.022 0.021 0.880 0.011 0.017 0.013 
114     2235    (0)    7 :  0.015 0.011 0.035 0.036 0.845 0.017 0.033 0.008 
115     2236    (0)    7 :  0.003 0.016 0.053 0.059 0.730 0.038 0.050 0.052 
116     2237    (0)    7 :  0.008 0.019 0.011 0.012 0.863 0.016 0.011 0.060 
117     2238    (0)    7 :  0.002 0.006 0.003 0.004 0.971 0.005 0.004 0.006 
118     2239    (0)    7 :  0.001 0.004 0.005 0.006 0.970 0.005 0.005 0.004 
119     2240    (0)    7 :  0.003 0.009 0.011 0.011 0.923 0.022 0.011 0.010 
120     2241    (0)    7 :  0.021 0.023 0.036 0.038 0.786 0.038 0.044 0.014 
121     2242    (0)    7 :  0.002 0.016 0.034 0.038 0.833 0.029 0.025 0.022 
122     2243    (0)    7 :  0.002 0.068 0.015 0.015 0.831 0.010 0.014 0.045 
123     2244    (0)    7 :  0.002 0.043 0.012 0.013 0.876 0.027 0.010 0.018 
124     2245    (0)    7 :  0.005 0.031 0.005 0.004 0.941 0.005 0.005 0.004 
125     2246    (0)    7 :  0.004 0.016 0.007 0.007 0.945 0.007 0.008 0.006 
126     2247    (0)    7 :  0.002 0.007 0.010 0.012 0.943 0.008 0.009 0.009 
127     2248    (0)    7 :  0.002 0.003 0.003 0.003 0.979 0.004 0.003 0.003 
128     2249    (0)    7 :  0.006 0.014 0.052 0.040 0.818 0.011 0.045 0.013 
129     2250    (0)    7 :  0.001 0.002 0.003 0.003 0.985 0.002 0.002 0.003 
130     2251    (0)    7 :  0.006 0.016 0.009 0.010 0.934 0.007 0.009 0.008 
131     2252    (0)    7 :  0.003 0.005 0.005 0.004 0.971 0.004 0.004 0.004 
132     2253    (0)    7 :  0.003 0.013 0.046 0.046 0.816 0.016 0.039 0.021 
133     2254    (0)    7 :  0.003 0.080 0.036 0.056 0.660 0.108 0.037 0.021 
134     2255    (0)    7 :  0.002 0.017 0.016 0.018 0.907 0.007 0.019 0.014 
135     2256    (0)    7 :  0.001 0.013 0.099 0.108 0.346 0.118 0.070 0.245 
136     2257    (0)    7 :  0.019 0.008 0.007 0.006 0.936 0.010 0.008 0.006 
137     2258    (0)    7 :  0.003 0.069 0.022 0.022 0.828 0.022 0.019 0.014 
138     2259    (0)    7 :  0.002 0.004 0.004 0.004 0.973 0.004 0.004 0.006 
139     2260    (0)    7 :  0.002 0.007 0.007 0.007 0.954 0.007 0.008 0.007 
140     2261    (0)    7 :  0.005 0.005 0.007 0.008 0.952 0.008 0.007 0.008 
141     2262    (0)    7 :  0.002 0.003 0.003 0.003 0.975 0.005 0.004 0.004 
142     2263    (0)    7 :  0.005 0.020 0.004 0.004 0.954 0.004 0.005 0.004 
143     2264    (0)    7 :  0.003 0.003 0.009 0.008 0.958 0.006 0.008 0.005 
144     2265    (0)    7 :  0.004 0.012 0.017 0.023 0.869 0.008 0.015 0.051 
145     2266    (0)    7 :  0.003 0.007 0.012 0.011 0.878 0.033 0.013 0.045 
146     2267    (0)    7 :  0.002 0.011 0.006 0.006 0.949 0.010 0.006 0.010 
147     2268    (0)    7 :  0.006 0.004 0.012 0.014 0.935 0.007 0.011 0.009 
148     2269    (0)    7 :  0.003 0.003 0.004 0.005 0.972 0.003 0.005 0.005 
149     2270    (0)    7 :  0.004 0.007 0.006 0.006 0.961 0.004 0.006 0.004 
150     2271    (0)    7 :  0.005 0.214 0.042 0.050 0.637 0.009 0.034 0.011 
151     2302    (0)    8 :  0.002 0.971 0.004 0.004 0.005 0.005 0.004 0.005 
152     2303    (0)    8 :  0.014 0.871 0.025 0.026 0.005 0.017 0.023 0.019 
153     2304    (0)    8 :  0.005 0.900 0.011 0.013 0.019 0.011 0.014 0.026 
154     2305    (0)    8 :  0.003 0.886 0.026 0.027 0.015 0.008 0.024 0.011 
155     2306    (0)    8 :  0.005 0.914 0.015 0.014 0.019 0.008 0.014 0.011 
156     2307    (0)    8 :  0.003 0.903 0.011 0.011 0.014 0.030 0.012 0.015 
157     2308    (0)    8 :  0.670 0.011 0.090 0.053 0.003 0.038 0.125 0.010 
158     2309    (0)    8 :  0.001 0.962 0.006 0.006 0.007 0.005 0.005 0.008 
159     2310    (0)    8 :  0.002 0.829 0.016 0.018 0.016 0.013 0.019 0.087 
160     2311    (0)    8 :  0.001 0.968 0.005 0.006 0.005 0.006 0.005 0.004 
161     2312    (0)    8 :  0.002 0.965 0.005 0.005 0.006 0.005 0.005 0.007 
162     2313    (0)    8 :  0.003 0.685 0.072 0.066 0.026 0.011 0.069 0.068 
163     2314    (0)    8 :  0.003 0.733 0.020 0.019 0.013 0.024 0.020 0.167 
164     2315    (0)    8 :  0.007 0.835 0.031 0.029 0.007 0.009 0.035 0.046 
165     2316    (0)    8 :  0.008 0.772 0.050 0.051 0.028 0.021 0.049 0.021 
166     2317    (0)    8 :  0.003 0.927 0.013 0.016 0.009 0.012 0.013 0.008 
167     2318    (0)    8 :  0.003 0.934 0.009 0.008 0.010 0.013 0.010 0.013 
168     2319    (0)    8 :  0.025 0.945 0.005 0.005 0.004 0.006 0.005 0.004 
169     2320    (0)    8 :  0.004 0.954 0.008 0.008 0.004 0.007 0.008 0.007 
170     2321    (0)    8 :  0.004 0.893 0.015 0.016 0.013 0.012 0.016 0.031 
171     2322    (0)    8 :  0.005 0.382 0.117 0.156 0.008 0.121 0.123 0.088 
172     2323    (0)    8 :  0.006 0.949 0.009 0.008 0.004 0.006 0.010 0.008 
173     2324    (0)    8 :  0.005 0.890 0.016 0.016 0.009 0.022 0.016 0.027 
174     2325    (0)    8 :  0.004 0.911 0.009 0.009 0.012 0.037 0.010 0.009 
175     2326    (0)    8 :  0.003 0.063 0.250 0.383 0.038 0.042 0.188 0.033 
176     2327    (0)    8 :  0.006 0.878 0.023 0.026 0.009 0.017 0.026 0.015 
177     2328    (0)    8 :  0.003 0.130 0.236 0.282 0.011 0.016 0.265 0.057 
178     2329    (0)    8 :  0.002 0.726 0.066 0.063 0.037 0.025 0.057 0.024 


Estimated Allele Frequencies in each cluster
First column gives estimated ancestral frequencies


Locus 1 : 
4 alleles
0.0% missing data
  91   (0.348) 0.551 0.541 0.328 0.320 0.363 0.453 0.338 0.212 
  89   (0.521) 0.398 0.418 0.533 0.545 0.578 0.433 0.527 0.615 
  93   (0.113) 0.049 0.038 0.112 0.115 0.058 0.108 0.112 0.165 
  99   (0.018) 0.001 0.003 0.027 0.020 0.002 0.006 0.023 0.007 

Locus 2 : 
6 alleles
0.0% missing data
 134   (0.272) 0.111 0.277 0.261 0.261 0.149 0.281 0.269 0.457 
 136   (0.369) 0.556 0.536 0.376 0.363 0.572 0.354 0.370 0.305 
 140   (0.084) 0.055 0.020 0.088 0.097 0.039 0.062 0.086 0.051 
 138   (0.221) 0.236 0.090 0.223 0.237 0.236 0.282 0.223 0.166 
 142   (0.029) 0.039 0.072 0.020 0.018 0.002 0.011 0.024 0.010 
 132   (0.026) 0.002 0.005 0.031 0.025 0.002 0.010 0.029 0.011 

Locus 3 : 
6 alleles
0.0% missing data
 179   (0.334) 0.145 0.358 0.345 0.366 0.299 0.404 0.340 0.382 
 187   (0.285) 0.346 0.233 0.302 0.285 0.488 0.190 0.295 0.184 
 185   (0.094) 0.232 0.033 0.090 0.091 0.008 0.098 0.094 0.067 
 191   (0.030) 0.002 0.005 0.020 0.018 0.008 0.083 0.024 0.091 
 181   (0.201) 0.083 0.349 0.180 0.189 0.192 0.202 0.189 0.222 
 175   (0.056) 0.192 0.022 0.063 0.052 0.005 0.023 0.058 0.054 

Locus 4 : 
10 alleles
0.0% missing data
 241   (0.186) 0.455 0.199 0.192 0.193 0.070 0.145 0.190 0.113 
 247   (0.064) 0.019 0.013 0.073 0.068 0.005 0.057 0.071 0.050 
 253   (0.414) 0.129 0.587 0.407 0.428 0.691 0.414 0.411 0.539 
 273   (0.017) 0.002 0.003 0.013 0.012 0.001 0.010 0.015 0.008 
 269   (0.180) 0.039 0.173 0.205 0.197 0.132 0.210 0.190 0.236 
 271   (0.057) 0.191 0.010 0.048 0.043 0.023 0.129 0.052 0.024 
 249   (0.039) 0.060 0.008 0.032 0.030 0.072 0.017 0.035 0.016 
 245   (0.019) 0.102 0.003 0.013 0.012 0.002 0.007 0.016 0.006 
 265   (0.012) 0.001 0.002 0.009 0.009 0.001 0.007 0.011 0.004 
 239   (0.012) 0.002 0.002 0.008 0.008 0.002 0.004 0.010 0.005 

Locus 5 : 
4 alleles
0.0% missing data
 103   (0.895) 0.773 0.894 0.912 0.919 0.960 0.888 0.904 0.956 
 105   (0.063) 0.196 0.099 0.047 0.048 0.005 0.097 0.055 0.028 
 102   (0.014) 0.001 0.003 0.021 0.016 0.001 0.005 0.018 0.006 
 104   (0.027) 0.030 0.005 0.019 0.017 0.034 0.010 0.023 0.010 

Locus 6 : 
5 alleles
0.0% missing data
 135   (0.316) 0.686 0.204 0.298 0.282 0.186 0.309 0.307 0.239 
 145   (0.334) 0.028 0.327 0.354 0.395 0.142 0.382 0.347 0.497 
 141   (0.268) 0.079 0.435 0.278 0.250 0.615 0.275 0.271 0.225 
 147   (0.064) 0.120 0.031 0.056 0.062 0.055 0.027 0.059 0.033 
 137   (0.019) 0.087 0.003 0.014 0.012 0.002 0.007 0.016 0.007 

Locus 7 : 
10 alleles
0.6% missing data
  97   (0.185) 0.121 0.090 0.184 0.187 0.196 0.177 0.185 0.182 
 103   (0.302) 0.029 0.495 0.352 0.348 0.288 0.347 0.328 0.374 
  89   (0.085) 0.177 0.045 0.079 0.076 0.063 0.066 0.083 0.045 
  93   (0.246) 0.334 0.230 0.252 0.249 0.383 0.153 0.248 0.206 
  83   (0.041) 0.003 0.018 0.039 0.050 0.004 0.027 0.042 0.132 
  99   (0.022) 0.033 0.004 0.016 0.017 0.002 0.008 0.018 0.019 
  85   (0.032) 0.003 0.072 0.022 0.021 0.005 0.143 0.026 0.013 
  91   (0.045) 0.107 0.039 0.032 0.031 0.051 0.018 0.038 0.015 
 105   (0.017) 0.076 0.003 0.010 0.009 0.001 0.023 0.013 0.005 
 101   (0.023) 0.117 0.005 0.015 0.013 0.006 0.038 0.018 0.008 

Locus 8 : 
8 alleles
0.0% missing data
 129   (0.576) 0.389 0.561 0.596 0.594 0.739 0.668 0.589 0.641 
 143   (0.245) 0.294 0.342 0.254 0.263 0.066 0.256 0.249 0.190 
 141   (0.064) 0.005 0.060 0.052 0.055 0.082 0.029 0.059 0.083 
 149   (0.048) 0.278 0.009 0.041 0.038 0.101 0.020 0.043 0.035 
 133   (0.020) 0.002 0.004 0.025 0.021 0.002 0.007 0.022 0.015 
 145   (0.017) 0.001 0.018 0.011 0.010 0.001 0.006 0.013 0.025 
 127   (0.018) 0.030 0.004 0.014 0.012 0.001 0.007 0.015 0.006 
 131   (0.012) 0.001 0.002 0.008 0.007 0.007 0.006 0.009 0.004 

Locus 9 : 
4 alleles
0.0% missing data
 189   (0.428) 0.328 0.222 0.482 0.469 0.251 0.577 0.456 0.382 
 191   (0.354) 0.272 0.466 0.335 0.334 0.645 0.291 0.345 0.316 
 195   (0.200) 0.398 0.309 0.171 0.185 0.094 0.125 0.184 0.290 
 193   (0.018) 0.002 0.004 0.013 0.012 0.010 0.007 0.015 0.012 

Locus 10 : 
6 alleles
0.0% missing data
 250   (0.037) 0.165 0.007 0.040 0.034 0.003 0.017 0.039 0.018 
 254   (0.057) 0.019 0.078 0.046 0.048 0.013 0.032 0.053 0.024 
 252   (0.113) 0.063 0.203 0.088 0.087 0.179 0.197 0.099 0.068 
 238   (0.585) 0.685 0.608 0.568 0.571 0.437 0.654 0.577 0.667 
 232   (0.189) 0.067 0.101 0.234 0.236 0.365 0.093 0.210 0.205 
 248   (0.019) 0.001 0.004 0.024 0.024 0.002 0.007 0.021 0.017 

Locus 11 : 
4 alleles
0.0% missing data
  87   (0.744) 0.508 0.754 0.774 0.795 0.644 0.606 0.764 0.780 
  89   (0.187) 0.102 0.234 0.171 0.154 0.274 0.313 0.176 0.193 
  91   (0.050) 0.331 0.009 0.039 0.037 0.080 0.074 0.043 0.021 
  85   (0.019) 0.059 0.003 0.016 0.013 0.002 0.007 0.016 0.006 

Locus 12 : 
12 alleles
0.0% missing data
 160   (0.264) 0.508 0.174 0.254 0.254 0.233 0.281 0.262 0.275 
 158   (0.208) 0.058 0.223 0.214 0.206 0.421 0.184 0.209 0.291 
 162   (0.201) 0.018 0.202 0.226 0.220 0.151 0.364 0.216 0.173 
 170   (0.055) 0.124 0.012 0.064 0.072 0.012 0.022 0.059 0.068 
 161   (0.115) 0.216 0.186 0.108 0.109 0.053 0.065 0.110 0.083 
 154   (0.026) 0.014 0.005 0.027 0.023 0.003 0.013 0.027 0.010 
 143   (0.030) 0.050 0.009 0.025 0.026 0.002 0.022 0.027 0.012 
 149   (0.024) 0.003 0.005 0.022 0.028 0.002 0.014 0.022 0.025 
 147   (0.042) 0.003 0.178 0.035 0.040 0.121 0.020 0.037 0.027 
 159   (0.012) 0.001 0.002 0.007 0.006 0.001 0.005 0.009 0.026 
 134   (0.012) 0.001 0.002 0.009 0.008 0.001 0.005 0.010 0.005 
 165   (0.012) 0.004 0.002 0.009 0.007 0.001 0.006 0.010 0.004 

Locus 13 : 
4 alleles
0.0% missing data
 113   (0.344) 0.283 0.384 0.336 0.357 0.344 0.215 0.341 0.399 
 115   (0.488) 0.469 0.443 0.512 0.508 0.490 0.561 0.501 0.438 
 108   (0.156) 0.247 0.171 0.144 0.127 0.165 0.219 0.147 0.158 
 110   (0.012) 0.001 0.002 0.009 0.009 0.001 0.004 0.010 0.005 

Locus 14 : 
7 alleles
0.0% missing data
 172   (0.440) 0.585 0.368 0.424 0.420 0.265 0.537 0.435 0.538 
 176   (0.130) 0.057 0.125 0.127 0.128 0.079 0.058 0.127 0.145 
 182   (0.079) 0.007 0.078 0.086 0.101 0.012 0.058 0.084 0.084 
 174   (0.241) 0.091 0.228 0.254 0.264 0.564 0.287 0.245 0.192 
 170   (0.018) 0.001 0.003 0.036 0.025 0.002 0.006 0.027 0.007 
 180   (0.030) 0.137 0.006 0.022 0.018 0.023 0.029 0.025 0.011 
 178   (0.063) 0.122 0.192 0.052 0.044 0.056 0.026 0.056 0.025 

Locus 15 : 
8 alleles
0.0% missing data
 225   (0.139) 0.073 0.066 0.144 0.139 0.076 0.160 0.144 0.079 
 229   (0.429) 0.354 0.319 0.468 0.481 0.582 0.399 0.449 0.427 
 227   (0.143) 0.012 0.161 0.128 0.140 0.156 0.176 0.135 0.346 
 231   (0.203) 0.429 0.392 0.192 0.178 0.107 0.215 0.196 0.110 
 213   (0.012) 0.002 0.002 0.009 0.009 0.001 0.005 0.011 0.004 
 233   (0.051) 0.124 0.055 0.042 0.039 0.077 0.025 0.045 0.020 
 203   (0.012) 0.001 0.003 0.008 0.007 0.001 0.014 0.009 0.011 
 223   (0.012) 0.004 0.002 0.009 0.007 0.001 0.006 0.010 0.004 

Locus 16 : 
4 alleles
0.6% missing data
 143   (0.903) 0.808 0.930 0.919 0.918 0.988 0.930 0.912 0.953 
 145   (0.062) 0.113 0.064 0.057 0.059 0.009 0.030 0.059 0.033 
 147   (0.023) 0.078 0.004 0.015 0.014 0.002 0.036 0.018 0.010 
 157   (0.012) 0.001 0.002 0.009 0.009 0.001 0.005 0.011 0.004 

Locus 17 : 
5 alleles
0.0% missing data
 158   (0.504) 0.304 0.484 0.530 0.535 0.671 0.483 0.519 0.539 
 156   (0.270) 0.259 0.279 0.240 0.236 0.187 0.403 0.257 0.251 
 154   (0.078) 0.342 0.076 0.075 0.069 0.045 0.032 0.075 0.035 
 160   (0.136) 0.094 0.159 0.145 0.148 0.095 0.078 0.138 0.168 
 152   (0.012) 0.001 0.002 0.010 0.012 0.001 0.005 0.010 0.006 

Locus 18 : 
5 alleles
0.0% missing data
  90   (0.673) 0.443 0.826 0.691 0.682 0.776 0.686 0.684 0.649 
 100   (0.096) 0.168 0.019 0.103 0.104 0.010 0.160 0.100 0.076 
 102   (0.155) 0.096 0.126 0.139 0.144 0.200 0.119 0.145 0.205 
 104   (0.012) 0.001 0.002 0.013 0.010 0.001 0.004 0.012 0.004 
  88   (0.064) 0.293 0.028 0.054 0.059 0.014 0.031 0.059 0.067 

Locus 19 : 
7 alleles
0.0% missing data
 127   (0.281) 0.406 0.384 0.286 0.272 0.153 0.185 0.285 0.343 
 140   (0.297) 0.240 0.426 0.286 0.287 0.114 0.414 0.288 0.310 
 142   (0.118) 0.021 0.024 0.140 0.125 0.507 0.110 0.131 0.055 
 148   (0.098) 0.067 0.044 0.092 0.105 0.099 0.061 0.096 0.070 
 146   (0.095) 0.008 0.051 0.099 0.113 0.109 0.059 0.098 0.077 
 138   (0.057) 0.005 0.057 0.052 0.051 0.014 0.032 0.054 0.119 
 150   (0.054) 0.253 0.014 0.045 0.047 0.005 0.140 0.049 0.027 

Locus 20 : 
6 alleles
0.0% missing data
 190   (0.126) 0.035 0.280 0.104 0.108 0.346 0.073 0.114 0.132 
 194   (0.582) 0.598 0.609 0.624 0.630 0.511 0.417 0.605 0.535 
 202   (0.037) 0.060 0.007 0.042 0.036 0.003 0.015 0.040 0.019 
 188   (0.143) 0.012 0.061 0.144 0.143 0.129 0.260 0.144 0.117 
 200   (0.100) 0.293 0.041 0.077 0.076 0.009 0.230 0.087 0.192 
 198   (0.012) 0.001 0.002 0.009 0.009 0.001 0.004 0.011 0.005 

Locus 21 : 
6 alleles
0.0% missing data
 252   (0.656) 0.115 0.651 0.670 0.694 0.772 0.796 0.667 0.724 
 246   (0.121) 0.179 0.262 0.114 0.104 0.012 0.088 0.115 0.184 
 248   (0.015) 0.001 0.003 0.021 0.016 0.001 0.006 0.018 0.006 
 244   (0.038) 0.074 0.007 0.032 0.029 0.064 0.026 0.034 0.016 
 250   (0.093) 0.346 0.018 0.083 0.081 0.122 0.049 0.088 0.034 
 254   (0.076) 0.285 0.058 0.081 0.075 0.029 0.036 0.077 0.037 

Locus 22 : 
7 alleles
0.0% missing data
 167   (0.259) 0.094 0.175 0.254 0.280 0.257 0.400 0.256 0.341 
 173   (0.282) 0.265 0.243 0.274 0.276 0.310 0.340 0.277 0.324 
 163   (0.037) 0.116 0.007 0.053 0.042 0.003 0.015 0.045 0.017 
 177   (0.192) 0.073 0.094 0.221 0.202 0.361 0.101 0.209 0.156 
 175   (0.143) 0.237 0.283 0.125 0.131 0.060 0.106 0.134 0.113 
 165   (0.073) 0.172 0.196 0.065 0.062 0.007 0.033 0.069 0.046 
 159   (0.013) 0.042 0.002 0.008 0.007 0.001 0.005 0.010 0.004 

Locus 23 : 
11 alleles
0.0% missing data
 152   (0.406) 0.123 0.439 0.434 0.437 0.542 0.340 0.422 0.527 
 158   (0.107) 0.402 0.067 0.100 0.100 0.011 0.122 0.105 0.112 
 146   (0.203) 0.020 0.318 0.206 0.212 0.268 0.353 0.204 0.144 
 150   (0.055) 0.150 0.062 0.046 0.044 0.025 0.022 0.049 0.039 
 156   (0.023) 0.028 0.005 0.017 0.016 0.002 0.026 0.020 0.010 
 162   (0.031) 0.196 0.006 0.024 0.026 0.002 0.012 0.029 0.017 
 166   (0.075) 0.006 0.059 0.070 0.080 0.047 0.080 0.072 0.051 
 164   (0.044) 0.013 0.034 0.051 0.044 0.005 0.024 0.048 0.035 
 148   (0.022) 0.017 0.004 0.031 0.023 0.002 0.008 0.026 0.009 
 142   (0.021) 0.044 0.004 0.013 0.011 0.002 0.008 0.016 0.051 
 154   (0.013) 0.001 0.002 0.008 0.007 0.093 0.005 0.010 0.004 

Locus 24 : 
6 alleles
0.6% missing data
 144   (0.178) 0.307 0.203 0.166 0.155 0.132 0.201 0.171 0.243 
 156   (0.155) 0.303 0.111 0.154 0.143 0.068 0.132 0.154 0.127 
 154   (0.521) 0.208 0.609 0.557 0.587 0.574 0.582 0.542 0.473 
 160   (0.102) 0.087 0.068 0.087 0.084 0.166 0.066 0.094 0.140 
 152   (0.016) 0.001 0.003 0.012 0.012 0.052 0.007 0.013 0.006 
 158   (0.028) 0.094 0.005 0.024 0.020 0.008 0.011 0.025 0.011 

Locus 25 : 
4 alleles
0.6% missing data
  81   (0.365) 0.304 0.342 0.373 0.374 0.235 0.417 0.370 0.361 
  83   (0.496) 0.587 0.582 0.482 0.486 0.468 0.430 0.490 0.511 
  77   (0.083) 0.007 0.016 0.098 0.094 0.267 0.096 0.089 0.106 
  85   (0.057) 0.103 0.060 0.047 0.046 0.030 0.057 0.050 0.022 

Locus 26 : 
6 alleles
0.6% missing data
 124   (0.521) 0.622 0.640 0.535 0.529 0.287 0.595 0.524 0.644 
 132   (0.262) 0.022 0.191 0.266 0.275 0.637 0.259 0.265 0.248 
 122   (0.134) 0.324 0.154 0.134 0.131 0.021 0.100 0.136 0.065 
 126   (0.052) 0.017 0.011 0.041 0.041 0.051 0.032 0.048 0.031 
 120   (0.018) 0.014 0.003 0.014 0.015 0.002 0.008 0.016 0.007 
 136   (0.012) 0.001 0.002 0.009 0.010 0.001 0.005 0.011 0.005 

Locus 27 : 
6 alleles
0.0% missing data
 165   (0.248) 0.109 0.271 0.233 0.238 0.154 0.298 0.239 0.369 
 183   (0.349) 0.356 0.357 0.358 0.364 0.478 0.282 0.355 0.230 
 179   (0.091) 0.248 0.020 0.085 0.094 0.081 0.136 0.088 0.059 
 175   (0.227) 0.020 0.311 0.255 0.234 0.279 0.175 0.242 0.294 
 181   (0.066) 0.181 0.038 0.056 0.057 0.006 0.100 0.061 0.041 
 185   (0.019) 0.087 0.003 0.013 0.014 0.002 0.010 0.016 0.008 

Locus 28 : 
4 alleles
0.0% missing data
 142   (0.536) 0.407 0.681 0.501 0.527 0.632 0.712 0.515 0.609 
 150   (0.151) 0.200 0.106 0.170 0.166 0.015 0.097 0.164 0.128 
 148   (0.242) 0.314 0.199 0.272 0.252 0.133 0.150 0.257 0.146 
 138   (0.071) 0.079 0.014 0.058 0.056 0.219 0.041 0.063 0.117 

Locus 29 : 
5 alleles
0.0% missing data
 260   (0.439) 0.301 0.372 0.488 0.477 0.248 0.349 0.465 0.567 
 262   (0.461) 0.527 0.582 0.424 0.434 0.709 0.605 0.442 0.366 
 258   (0.022) 0.002 0.004 0.020 0.019 0.002 0.010 0.022 0.016 
 256   (0.067) 0.170 0.040 0.060 0.063 0.040 0.030 0.062 0.031 
 264   (0.012) 0.001 0.002 0.008 0.007 0.001 0.004 0.010 0.020 

Locus 30 : 
5 alleles
0.0% missing data
 140   (0.163) 0.457 0.187 0.144 0.149 0.070 0.113 0.153 0.182 
 150   (0.478) 0.203 0.449 0.479 0.494 0.720 0.666 0.478 0.522 
 148   (0.086) 0.022 0.095 0.080 0.080 0.073 0.068 0.082 0.045 
 146   (0.242) 0.313 0.262 0.265 0.248 0.131 0.133 0.254 0.238 
 152   (0.031) 0.006 0.007 0.033 0.028 0.005 0.020 0.033 0.014 

Locus 31 : 
6 alleles
0.0% missing data
 125   (0.267) 0.119 0.254 0.280 0.261 0.284 0.316 0.276 0.168 
 129   (0.510) 0.232 0.489 0.513 0.544 0.577 0.451 0.511 0.689 
 123   (0.101) 0.066 0.088 0.088 0.085 0.128 0.177 0.092 0.079 
 127   (0.074) 0.362 0.161 0.069 0.062 0.007 0.035 0.072 0.032 
 121   (0.014) 0.001 0.002 0.021 0.016 0.001 0.005 0.018 0.005 
 131   (0.033) 0.219 0.006 0.029 0.032 0.003 0.016 0.031 0.027 

Locus 32 : 
5 alleles
0.0% missing data
 155   (0.551) 0.610 0.422 0.583 0.568 0.663 0.452 0.570 0.520 
 159   (0.149) 0.096 0.214 0.126 0.134 0.089 0.281 0.136 0.166 
 157   (0.204) 0.087 0.345 0.214 0.214 0.157 0.161 0.208 0.239 
 153   (0.065) 0.170 0.012 0.053 0.058 0.083 0.092 0.058 0.057 
 151   (0.032) 0.037 0.006 0.025 0.025 0.007 0.014 0.028 0.018 

Locus 33 : 
4 alleles
0.0% missing data
  92   (0.251) 0.469 0.120 0.236 0.237 0.296 0.281 0.243 0.188 
  94   (0.083) 0.049 0.212 0.072 0.066 0.077 0.049 0.076 0.044 
  95   (0.151) 0.327 0.028 0.188 0.169 0.121 0.089 0.171 0.177 
  91   (0.515) 0.155 0.640 0.504 0.528 0.506 0.581 0.510 0.591 

Locus 34 : 
4 alleles
0.0% missing data
 146   (0.326) 0.527 0.297 0.326 0.332 0.095 0.204 0.331 0.339 
 148   (0.086) 0.130 0.101 0.067 0.065 0.098 0.122 0.076 0.045 
 150   (0.530) 0.293 0.533 0.562 0.558 0.802 0.547 0.543 0.576 
 154   (0.058) 0.050 0.069 0.046 0.045 0.005 0.128 0.050 0.040 

Locus 35 : 
7 alleles
0.0% missing data
 180   (0.398) 0.315 0.465 0.398 0.395 0.533 0.436 0.399 0.378 
 192   (0.158) 0.157 0.150 0.167 0.186 0.015 0.130 0.164 0.214 
 184   (0.212) 0.133 0.297 0.204 0.193 0.213 0.179 0.209 0.186 
 196   (0.152) 0.017 0.065 0.165 0.165 0.167 0.198 0.157 0.190 
 198   (0.040) 0.331 0.007 0.030 0.030 0.022 0.042 0.034 0.018 
 190   (0.027) 0.046 0.015 0.030 0.023 0.002 0.010 0.028 0.010 
 194   (0.013) 0.001 0.002 0.008 0.007 0.047 0.004 0.010 0.004 

Locus 36 : 
6 alleles
0.0% missing data
 106   (0.290) 0.135 0.284 0.292 0.308 0.175 0.353 0.290 0.314 
 112   (0.292) 0.069 0.303 0.278 0.276 0.512 0.376 0.284 0.376 
  94   (0.020) 0.002 0.004 0.035 0.026 0.002 0.007 0.028 0.008 
 110   (0.230) 0.176 0.332 0.233 0.227 0.288 0.171 0.230 0.168 
 108   (0.131) 0.615 0.057 0.133 0.136 0.021 0.075 0.134 0.086 
  90   (0.037) 0.004 0.020 0.029 0.027 0.003 0.017 0.034 0.049 

Locus 37 : 
8 alleles
0.0% missing data
 168   (0.080) 0.336 0.016 0.078 0.086 0.006 0.163 0.080 0.054 
 178   (0.040) 0.003 0.010 0.034 0.038 0.009 0.021 0.038 0.088 
 170   (0.301) 0.327 0.470 0.306 0.289 0.152 0.283 0.302 0.229 
 174   (0.127) 0.057 0.119 0.129 0.142 0.027 0.196 0.127 0.103 
 172   (0.276) 0.163 0.210 0.253 0.271 0.481 0.233 0.265 0.397 
 176   (0.108) 0.009 0.130 0.155 0.132 0.100 0.047 0.133 0.053 
 166   (0.049) 0.004 0.041 0.035 0.033 0.222 0.029 0.041 0.070 
 186   (0.019) 0.101 0.003 0.011 0.010 0.002 0.029 0.014 0.007 

Locus 38 : 
6 alleles
0.0% missing data
  85   (0.186) 0.044 0.117 0.183 0.187 0.179 0.401 0.185 0.159 
  95   (0.085) 0.021 0.153 0.078 0.071 0.088 0.039 0.081 0.075 
  89   (0.537) 0.517 0.556 0.546 0.546 0.716 0.471 0.541 0.598 
  83   (0.125) 0.375 0.062 0.134 0.137 0.012 0.061 0.129 0.124 
  81   (0.053) 0.004 0.110 0.049 0.050 0.004 0.023 0.052 0.039 
  91   (0.015) 0.039 0.003 0.011 0.009 0.001 0.005 0.012 0.005 

Locus 39 : 
7 alleles
0.0% missing data
 161   (0.365) 0.547 0.456 0.362 0.372 0.487 0.357 0.363 0.297 
 165   (0.213) 0.194 0.186 0.228 0.205 0.174 0.282 0.221 0.176 
 167   (0.034) 0.003 0.007 0.034 0.041 0.013 0.037 0.034 0.041 
 169   (0.083) 0.006 0.016 0.097 0.100 0.122 0.082 0.091 0.087 
 173   (0.280) 0.248 0.330 0.265 0.267 0.192 0.232 0.274 0.342 
 175   (0.013) 0.001 0.002 0.008 0.007 0.001 0.006 0.010 0.052 
 159   (0.012) 0.001 0.002 0.007 0.006 0.011 0.004 0.009 0.004 

Locus 40 : 
5 alleles
0.0% missing data
  85   (0.227) 0.081 0.298 0.210 0.200 0.124 0.189 0.220 0.306 
  87   (0.114) 0.403 0.049 0.100 0.092 0.152 0.186 0.107 0.047 
  91   (0.161) 0.258 0.239 0.166 0.159 0.032 0.080 0.164 0.175 
  81   (0.079) 0.006 0.120 0.088 0.091 0.022 0.047 0.083 0.058 
  89   (0.419) 0.251 0.294 0.436 0.458 0.669 0.499 0.427 0.415 

Locus 41 : 
3 alleles
0.0% missing data
 167   (0.783) 0.485 0.927 0.776 0.782 0.926 0.850 0.780 0.811 
 161   (0.176) 0.483 0.066 0.176 0.179 0.062 0.133 0.176 0.172 
 165   (0.042) 0.032 0.008 0.048 0.039 0.013 0.016 0.044 0.016 

Locus 42 : 
6 alleles
0.0% missing data
 224   (0.042) 0.016 0.077 0.028 0.025 0.058 0.029 0.034 0.022 
 228   (0.390) 0.403 0.378 0.367 0.360 0.582 0.343 0.376 0.529 
 238   (0.361) 0.096 0.370 0.382 0.384 0.234 0.528 0.375 0.294 
 240   (0.113) 0.401 0.023 0.142 0.155 0.011 0.063 0.129 0.122 
 236   (0.081) 0.083 0.151 0.069 0.065 0.114 0.033 0.074 0.030 
 242   (0.012) 0.001 0.002 0.012 0.010 0.001 0.004 0.012 0.004 

Locus 43 : 
7 alleles
0.6% missing data
 130   (0.527) 0.575 0.434 0.575 0.564 0.469 0.498 0.553 0.513 
 118   (0.051) 0.098 0.025 0.042 0.043 0.006 0.032 0.046 0.054 
 128   (0.068) 0.005 0.056 0.058 0.052 0.142 0.062 0.061 0.143 
 132   (0.089) 0.007 0.146 0.081 0.081 0.268 0.042 0.085 0.075 
 114   (0.109) 0.009 0.174 0.114 0.120 0.080 0.090 0.111 0.073 
 134   (0.143) 0.305 0.162 0.120 0.131 0.016 0.270 0.133 0.136 
 122   (0.014) 0.001 0.003 0.010 0.009 0.019 0.006 0.011 0.005 

Locus 44 : 
5 alleles
0.0% missing data
 104   (0.396) 0.101 0.250 0.410 0.424 0.159 0.423 0.409 0.479 
  98   (0.156) 0.257 0.146 0.144 0.137 0.218 0.141 0.150 0.071 
 102   (0.225) 0.018 0.377 0.226 0.228 0.439 0.334 0.222 0.315 
  92   (0.154) 0.449 0.193 0.164 0.154 0.110 0.071 0.157 0.090 
  96   (0.070) 0.175 0.035 0.056 0.056 0.074 0.031 0.062 0.045 

Locus 45 : 
5 alleles
0.0% missing data
  95   (0.220) 0.408 0.236 0.203 0.211 0.362 0.226 0.210 0.168 
 101   (0.370) 0.217 0.372 0.352 0.361 0.396 0.376 0.361 0.533 
 103   (0.284) 0.091 0.296 0.319 0.308 0.228 0.302 0.303 0.248 
  99   (0.096) 0.249 0.090 0.100 0.091 0.011 0.077 0.098 0.038 
  97   (0.030) 0.036 0.005 0.027 0.029 0.002 0.020 0.029 0.013 

Locus 46 : 
7 alleles
0.0% missing data
 181   (0.549) 0.260 0.595 0.597 0.587 0.738 0.418 0.574 0.646 
 191   (0.302) 0.602 0.362 0.283 0.291 0.176 0.404 0.292 0.241 
 179   (0.028) 0.087 0.005 0.019 0.018 0.002 0.129 0.022 0.010 
 177   (0.065) 0.035 0.024 0.053 0.059 0.079 0.028 0.058 0.076 
 189   (0.017) 0.001 0.003 0.014 0.014 0.001 0.007 0.016 0.006 
 183   (0.017) 0.001 0.006 0.014 0.012 0.001 0.007 0.016 0.010 
 193   (0.022) 0.014 0.005 0.021 0.018 0.002 0.008 0.022 0.009 

Locus 47 : 
6 alleles
0.0% missing data
 211   (0.211) 0.386 0.242 0.194 0.193 0.176 0.279 0.202 0.189 
 215   (0.081) 0.031 0.150 0.074 0.070 0.076 0.043 0.079 0.036 
 205   (0.443) 0.369 0.451 0.476 0.465 0.500 0.480 0.460 0.531 
 207   (0.190) 0.123 0.113 0.199 0.211 0.178 0.109 0.195 0.209 
 201   (0.056) 0.063 0.041 0.046 0.050 0.068 0.061 0.049 0.028 
 202   (0.018) 0.028 0.003 0.011 0.010 0.001 0.028 0.014 0.007 

Locus 48 : 
10 alleles
0.0% missing data
 142   (0.290) 0.128 0.249 0.290 0.282 0.203 0.395 0.292 0.415 
 162   (0.066) 0.051 0.196 0.055 0.052 0.006 0.042 0.061 0.044 
 164   (0.054) 0.100 0.040 0.053 0.062 0.005 0.023 0.053 0.030 
 168   (0.153) 0.330 0.161 0.166 0.164 0.263 0.069 0.158 0.126 
 158   (0.177) 0.179 0.247 0.184 0.197 0.061 0.153 0.180 0.126 
 170   (0.035) 0.103 0.006 0.027 0.027 0.013 0.012 0.031 0.012 
 166   (0.133) 0.029 0.082 0.139 0.118 0.295 0.256 0.135 0.175 
 156   (0.034) 0.067 0.007 0.032 0.036 0.004 0.015 0.032 0.019 
 144   (0.047) 0.004 0.009 0.046 0.055 0.149 0.029 0.047 0.048 
 160   (0.012) 0.010 0.003 0.008 0.007 0.001 0.006 0.009 0.004 

Locus 49 : 
6 alleles
0.0% missing data
 149   (0.304) 0.758 0.101 0.313 0.326 0.114 0.201 0.312 0.420 
 151   (0.247) 0.086 0.358 0.252 0.233 0.227 0.280 0.249 0.191 
 145   (0.220) 0.114 0.462 0.201 0.184 0.253 0.283 0.206 0.246 
 153   (0.191) 0.017 0.072 0.198 0.227 0.403 0.222 0.197 0.128 
 147   (0.012) 0.001 0.002 0.010 0.009 0.001 0.004 0.011 0.004 
 143   (0.025) 0.024 0.004 0.026 0.021 0.002 0.010 0.025 0.011 

Values of parameters used in structure:
DATAFILE=temp1.str,	OUTFILE=k8/temp1_k8_run5,	NUMINDS=178,	NUMLOCI=49,	MISSING=-9,	LABEL=1,	POPDATA=1,	POPFLAG=0,	PHENOTYPE=0,	EXTRACOLS=0,	MAXPOPS=8,	BURNIN=500000,	NUMREPS=750000,	USEPOPINFO=0,	INFERALPHA=1,	INFERLAMBDA=0,	POPSPECIFICLAMBDA=0,	POPALPHAS=0,	COMPUTEPROB=1,	NOADMIX=0,	ADMBURNIN=500,	UPDATEFREQ=100,	PRINTLIKES=0,	INTERMEDSAVE=0,	PRINTKLD=0,	PRINTNET=1,	PRINTLAMBDA=1,	ANCESTDIST=0,	NUMBOXES=1000,	ANCESTPINT=0.90000,	GENSBACK=2,	MIGRPRIOR=0.01000,	PRINTQHAT=0,	PRINTQSUM=1,	ALPHA=1.0000,	FREQSCORR=1,	FPRIORMEAN=0.0100,	FPRIORSD=0.0500,	ONEFST=0,	LAMBDA=1.0000,	UNIFPRIORALPHA=1,	ALPHAMAX=10.0000,	ALPHAPRIORA=1.0000,	ALPHAPRIORB=2.0000,	ALPHAPROPSD=0.0250,	STARTATPOPINFO=0,	RANDOMIZE=0,	LINKAGE=0,	METROFREQ=10,	REPORTHITRATE=0,	MARKOVPHASE=0,	PHASED=1,	PLOIDY=2,	PHASEINFO=0	LOCPRIOR=0, 	LOCPRIORINIT=1.000000, 	LOCDATA=0, 	LOCISPOP=1, 	LOCPRIORSTEP=0.100000, 	MAXLOCPRIOR=20.000000, 	SEED=909730,	
[STRAT parameters]:    NUMSIMSTATS=1000,	PHENOTYPECOL=-9,	POOLFREQ=10,	LOCUSxONLY=0,	EMERROR=0.00100,	MISSINGPHENO=-9,	