

----------------------------------------------------
STRUCTURE by Pritchard, Stephens and Donnelly (2000)
     and Falush, Stephens and Pritchard (2003)
       Code by Pritchard, Falush and Hubisz
             Version 2.3.4 (Jul 2012)
----------------------------------------------------



Command line arguments:   structure -D 734799 -K 5 -m mainparams -o k5/admix_W1_k5_run4 
Input File:    admix_W1.str

Run parameters:
   150 individuals
   49 loci
   5 populations assumed
   500000 Burn-in period
   750000 Reps
RANDOMIZE turned off


--------------------------------------------
Proportion of membership of each pre-defined
 population in each of the 5 clusters

Given    Inferred Clusters                     Number of
 Pop       1      2      3      4      5      Individuals

  1:     0.023  0.335  0.303  0.024  0.314       10
  2:     0.077  0.218  0.263  0.087  0.354       24
  3:     0.142  0.306  0.402  0.018  0.133       13
  4:     0.044  0.211  0.559  0.013  0.173       11
  5:     0.095  0.378  0.182  0.026  0.319       23
  6:     0.005  0.007  0.007  0.972  0.009       30
  7:     0.928  0.026  0.023  0.005  0.018       39
--------------------------------------------

Allele-freq. divergence among pops (Net nucleotide distance),
computed using point estimates of P.

      1       2       3       4       5      
 1      -    0.0308  0.0341  0.1178  0.0310  
 2   0.0308     -    0.0049  0.0678  0.0018  
 3   0.0341  0.0049     -    0.0719  0.0041  
 4   0.1178  0.0678  0.0719     -    0.0555  
 5   0.0310  0.0018  0.0041  0.0555     -    

Average distances (expected heterozygosity) between individuals in same cluster:
cluster  1  : 0.5567 
cluster  2  : 0.6316 
cluster  3  : 0.6276 
cluster  4  : 0.6408 
cluster  5  : 0.6580 

--------------------------------------------
Estimated Ln Prob of Data   = -18020.6
Mean value of ln likelihood = -17356.1
Variance of ln likelihood   = 1329.0
Mean value of alpha         = 0.0462

Mean value of Fst_1         = 0.1296
Mean value of Fst_2         = 0.0388
Mean value of Fst_3         = 0.0467
Mean value of Fst_4         = 0.1490
Mean value of Fst_5         = 0.0095


Inferred ancestry of individuals:
        Label (%Miss) Pop:  Inferred clusters
  1     2355    (0)    1 :  0.013 0.108 0.387 0.017 0.475 
  2     2356    (0)    1 :  0.004 0.160 0.396 0.016 0.424 
  3     2357    (0)    1 :  0.058 0.221 0.677 0.002 0.042 
  4     2358    (0)    1 :  0.009 0.574 0.077 0.012 0.329 
  5     2359    (0)    1 :  0.022 0.725 0.085 0.003 0.164 
  6     2360    (0)    1 :  0.012 0.239 0.496 0.073 0.181 
  7     2361    (2)    1 :  0.043 0.607 0.031 0.004 0.316 
  8     2362    (0)    1 :  0.026 0.525 0.255 0.008 0.186 
  9     2363    (0)    1 :  0.010 0.061 0.370 0.095 0.464 
 10     2364    (0)    1 :  0.034 0.135 0.261 0.012 0.559 
 11     2434    (0)    2 :  0.024 0.357 0.147 0.094 0.379 
 12     2435    (0)    2 :  0.007 0.031 0.155 0.079 0.728 
 13     2436    (0)    2 :  0.005 0.051 0.243 0.110 0.591 
 14     2437    (0)    2 :  0.008 0.068 0.145 0.181 0.598 
 15     2438    (0)    2 :  0.007 0.697 0.012 0.010 0.274 
 16     2439    (0)    2 :  0.011 0.331 0.523 0.007 0.127 
 17     2440    (0)    2 :  0.008 0.174 0.373 0.078 0.366 
 18     2441    (0)    2 :  0.039 0.145 0.097 0.078 0.640 
 19     2442    (0)    2 :  0.012 0.211 0.097 0.201 0.480 
 20     2443    (0)    2 :  0.019 0.244 0.181 0.014 0.542 
 21     2444    (0)    2 :  0.022 0.125 0.512 0.093 0.249 
 22     2446    (0)    2 :  0.020 0.128 0.663 0.016 0.174 
 23     2447    (0)    2 :  0.019 0.542 0.042 0.017 0.381 
 24     2448    (0)    2 :  0.789 0.088 0.073 0.005 0.045 
 25     2449    (0)    2 :  0.005 0.153 0.470 0.275 0.097 
 26     2450    (0)    2 :  0.004 0.230 0.300 0.184 0.282 
 27     2451    (0)    2 :  0.010 0.087 0.187 0.201 0.514 
 28     2452    (0)    2 :  0.104 0.146 0.674 0.005 0.071 
 29     2453    (0)    2 :  0.050 0.159 0.107 0.006 0.678 
 30     2454    (0)    2 :  0.567 0.130 0.197 0.005 0.101 
 31     2455    (0)    2 :  0.007 0.240 0.413 0.016 0.324 
 32     2456    (0)    2 :  0.058 0.439 0.052 0.007 0.445 
 33     2457    (0)    2 :  0.014 0.087 0.616 0.108 0.175 
 34     2458    (0)    2 :  0.040 0.382 0.039 0.300 0.238 
 35     2398    (0)    3 :  0.023 0.368 0.492 0.003 0.115 
 36     2399    (0)    3 :  0.015 0.354 0.368 0.027 0.236 
 37     2400    (0)    3 :  0.050 0.267 0.452 0.006 0.225 
 38     2401    (0)    3 :  0.073 0.332 0.501 0.003 0.090 
 39     2402    (0)    3 :  0.405 0.117 0.209 0.159 0.110 
 40     2403    (0)    3 :  0.004 0.274 0.701 0.002 0.019 
 41     2404    (0)    3 :  0.033 0.293 0.639 0.002 0.032 
 42     2405    (0)    3 :  0.006 0.692 0.068 0.005 0.229 
 43     2406    (0)    3 :  0.328 0.193 0.267 0.002 0.210 
 44     2407    (0)    3 :  0.592 0.170 0.111 0.006 0.120 
 45     2408    (0)    3 :  0.132 0.384 0.238 0.007 0.239 
 46     2409    (0)    3 :  0.148 0.242 0.530 0.003 0.076 
 47     2410    (0)    3 :  0.032 0.290 0.651 0.002 0.025 
 48     2459    (0)    4 :  0.029 0.091 0.685 0.012 0.183 
 49     2460    (0)    4 :  0.198 0.211 0.229 0.010 0.353 
 50     2461    (0)    4 :  0.006 0.278 0.661 0.005 0.050 
 51     2462    (4)    4 :  0.093 0.097 0.619 0.009 0.183 
 52     2463    (0)    4 :  0.018 0.133 0.712 0.004 0.133 
 53     2464    (2)    4 :  0.010 0.095 0.724 0.034 0.137 
 54     2465    (0)    4 :  0.038 0.441 0.362 0.007 0.151 
 55     2466    (2)    4 :  0.024 0.142 0.701 0.005 0.129 
 56     2467    (0)    4 :  0.034 0.432 0.095 0.030 0.408 
 57     2468    (0)    4 :  0.023 0.204 0.682 0.007 0.084 
 58     2469    (0)    4 :  0.015 0.198 0.679 0.015 0.093 
 59     2369    (0)    5 :  0.355 0.467 0.049 0.006 0.124 
 60     2370    (0)    5 :  0.023 0.623 0.189 0.003 0.162 
 61     2372    (0)    5 :  0.021 0.345 0.257 0.008 0.369 
 62     2373    (0)    5 :  0.187 0.103 0.075 0.215 0.420 
 63     2374    (0)    5 :  0.008 0.097 0.789 0.003 0.103 
 64     2375    (0)    5 :  0.008 0.088 0.252 0.006 0.645 
 65     2376    (0)    5 :  0.058 0.321 0.195 0.007 0.419 
 66     2377    (0)    5 :  0.291 0.248 0.192 0.019 0.250 
 67     2378    (0)    5 :  0.072 0.694 0.035 0.002 0.197 
 68     2379    (0)    5 :  0.014 0.500 0.037 0.012 0.437 
 69     2380    (0)    5 :  0.011 0.169 0.695 0.002 0.123 
 70     2381    (0)    5 :  0.108 0.662 0.049 0.003 0.178 
 71     2382    (0)    5 :  0.003 0.318 0.280 0.066 0.333 
 72     2383    (0)    5 :  0.266 0.352 0.212 0.013 0.157 
 73     2384    (0)    5 :  0.010 0.652 0.097 0.022 0.218 
 74     2385    (0)    5 :  0.015 0.381 0.088 0.021 0.495 
 75     2386    (0)    5 :  0.063 0.085 0.179 0.003 0.670 
 76     2387    (0)    5 :  0.052 0.589 0.073 0.005 0.281 
 77     2388    (0)    5 :  0.004 0.686 0.018 0.008 0.285 
 78     2389    (2)    5 :  0.005 0.068 0.153 0.126 0.647 
 79     2390    (0)    5 :  0.010 0.522 0.026 0.035 0.406 
 80     2391    (0)    5 :  0.206 0.548 0.019 0.003 0.224 
 81     2392    (0)    5 :  0.395 0.167 0.236 0.010 0.191 
 82     1408    (0)    6 :  0.002 0.006 0.006 0.978 0.008 
 83     1409    (0)    6 :  0.002 0.005 0.005 0.983 0.005 
 84     1410    (0)    6 :  0.002 0.003 0.003 0.988 0.003 
 85     1411    (0)    6 :  0.004 0.004 0.004 0.983 0.005 
 86     1412    (0)    6 :  0.003 0.004 0.006 0.982 0.005 
 87     1413    (0)    6 :  0.003 0.006 0.005 0.979 0.007 
 88     1414    (0)    6 :  0.002 0.002 0.002 0.991 0.003 
 89     1415    (0)    6 :  0.003 0.004 0.004 0.985 0.004 
 90     1416    (0)    6 :  0.004 0.004 0.004 0.984 0.004 
 91     1417    (0)    6 :  0.002 0.004 0.003 0.988 0.004 
 92     1418    (0)    6 :  0.003 0.007 0.007 0.977 0.007 
 93     1419    (0)    6 :  0.002 0.004 0.003 0.987 0.004 
 94     1420    (0)    6 :  0.004 0.005 0.005 0.980 0.006 
 95     1421    (0)    6 :  0.004 0.009 0.011 0.962 0.014 
 96     1422    (0)    6 :  0.002 0.004 0.004 0.985 0.005 
 97     1423    (0)    6 :  0.003 0.007 0.003 0.981 0.006 
 98     1424    (0)    6 :  0.006 0.012 0.016 0.950 0.016 
 99     1425    (0)    6 :  0.014 0.010 0.007 0.956 0.012 
100     1426    (0)    6 :  0.005 0.009 0.008 0.968 0.010 
101     1427    (0)    6 :  0.026 0.015 0.025 0.901 0.033 
102     1428    (0)    6 :  0.002 0.003 0.004 0.987 0.004 
103     1429    (0)    6 :  0.007 0.004 0.004 0.980 0.005 
104     1430    (0)    6 :  0.003 0.007 0.005 0.976 0.008 
105     1431    (0)    6 :  0.012 0.018 0.013 0.939 0.018 
106     1432    (0)    6 :  0.003 0.003 0.003 0.987 0.004 
107     1433    (0)    6 :  0.003 0.005 0.005 0.980 0.007 
108     1434    (0)    6 :  0.013 0.014 0.013 0.949 0.012 
109     1435    (0)    6 :  0.010 0.016 0.014 0.936 0.025 
110     1436    (0)    6 :  0.011 0.011 0.018 0.941 0.019 
111     1437    (0)    6 :  0.003 0.003 0.003 0.989 0.003 
112     2229    (0)    7 :  0.987 0.003 0.004 0.002 0.004 
113     2230    (0)    7 :  0.947 0.024 0.014 0.002 0.012 
114     2235    (0)    7 :  0.909 0.031 0.015 0.016 0.029 
115     2236    (0)    7 :  0.754 0.094 0.092 0.003 0.057 
116     2237    (0)    7 :  0.919 0.020 0.038 0.010 0.013 
117     2238    (0)    7 :  0.984 0.004 0.006 0.002 0.004 
118     2239    (0)    7 :  0.984 0.006 0.005 0.001 0.004 
119     2240    (0)    7 :  0.955 0.012 0.016 0.004 0.013 
120     2241    (0)    7 :  0.883 0.023 0.024 0.027 0.044 
121     2242    (0)    7 :  0.906 0.044 0.027 0.002 0.021 
122     2243    (0)    7 :  0.932 0.023 0.028 0.003 0.014 
123     2244    (0)    7 :  0.943 0.014 0.032 0.002 0.009 
124     2245    (0)    7 :  0.980 0.005 0.005 0.005 0.005 
125     2246    (0)    7 :  0.973 0.008 0.008 0.004 0.007 
126     2247    (0)    7 :  0.971 0.009 0.010 0.003 0.008 
127     2248    (0)    7 :  0.987 0.003 0.004 0.002 0.004 
128     2249    (0)    7 :  0.894 0.039 0.018 0.007 0.042 
129     2250    (0)    7 :  0.991 0.003 0.002 0.001 0.003 
130     2251    (0)    7 :  0.959 0.011 0.010 0.008 0.012 
131     2252    (0)    7 :  0.983 0.005 0.004 0.004 0.005 
132     2253    (0)    7 :  0.886 0.053 0.020 0.004 0.037 
133     2254    (0)    7 :  0.756 0.051 0.134 0.004 0.055 
134     2255    (0)    7 :  0.953 0.013 0.012 0.003 0.019 
135     2256    (0)    7 :  0.464 0.273 0.187 0.002 0.074 
136     2257    (0)    7 :  0.958 0.006 0.008 0.019 0.009 
137     2258    (0)    7 :  0.929 0.024 0.024 0.003 0.020 
138     2259    (0)    7 :  0.984 0.005 0.005 0.002 0.004 
139     2260    (0)    7 :  0.974 0.007 0.007 0.002 0.010 
140     2261    (0)    7 :  0.970 0.008 0.009 0.005 0.007 
141     2262    (0)    7 :  0.985 0.004 0.005 0.002 0.004 
142     2263    (0)    7 :  0.979 0.004 0.005 0.006 0.006 
143     2264    (0)    7 :  0.970 0.011 0.006 0.004 0.009 
144     2265    (0)    7 :  0.931 0.030 0.020 0.005 0.014 
145     2266    (0)    7 :  0.916 0.026 0.039 0.003 0.016 
146     2267    (0)    7 :  0.977 0.007 0.009 0.002 0.006 
147     2268    (0)    7 :  0.957 0.012 0.013 0.008 0.012 
148     2269    (0)    7 :  0.983 0.005 0.004 0.003 0.005 
149     2270    (0)    7 :  0.977 0.007 0.006 0.005 0.006 
150     2271    (0)    7 :  0.816 0.082 0.028 0.013 0.062 


Estimated Allele Frequencies in each cluster
First column gives estimated ancestral frequencies


Locus 1 : 1 
4 alleles
0.0% missing data
  91   (0.343) 0.368 0.310 0.310 0.557 0.346 
  89   (0.524) 0.571 0.539 0.551 0.405 0.524 
  93   (0.110) 0.059 0.118 0.131 0.036 0.106 
  99   (0.023) 0.002 0.032 0.008 0.002 0.024 

Locus 2 : 2 
6 alleles
0.0% missing data
 134   (0.271) 0.152 0.287 0.339 0.115 0.275 
 136   (0.339) 0.567 0.340 0.334 0.553 0.335 
 140   (0.096) 0.044 0.080 0.080 0.058 0.093 
 138   (0.239) 0.233 0.252 0.224 0.240 0.244 
 142   (0.023) 0.002 0.011 0.009 0.030 0.019 
 132   (0.032) 0.003 0.030 0.014 0.003 0.033 

Locus 3 : 3 
6 alleles
0.0% missing data
 179   (0.304) 0.305 0.351 0.376 0.153 0.307 
 187   (0.301) 0.477 0.284 0.220 0.355 0.304 
 185   (0.108) 0.008 0.081 0.106 0.220 0.108 
 191   (0.035) 0.010 0.029 0.070 0.003 0.032 
 181   (0.190) 0.195 0.187 0.190 0.089 0.189 
 175   (0.062) 0.005 0.067 0.039 0.180 0.060 

Locus 4 : 4 
10 alleles
0.0% missing data
 241   (0.192) 0.080 0.187 0.154 0.436 0.195 
 247   (0.075) 0.006 0.082 0.061 0.021 0.080 
 253   (0.369) 0.676 0.412 0.447 0.136 0.371 
 273   (0.021) 0.002 0.009 0.012 0.002 0.020 
 269   (0.168) 0.138 0.216 0.212 0.042 0.171 
 271   (0.075) 0.024 0.042 0.070 0.195 0.073 
 249   (0.048) 0.069 0.028 0.023 0.062 0.044 
 245   (0.024) 0.002 0.010 0.008 0.103 0.021 
 265   (0.014) 0.002 0.008 0.008 0.001 0.013 
 239   (0.015) 0.003 0.007 0.005 0.003 0.013 

Locus 5 : 5 
4 alleles
0.0% missing data
 103   (0.890) 0.960 0.924 0.930 0.783 0.895 
 105   (0.058) 0.004 0.036 0.050 0.185 0.058 
 102   (0.018) 0.002 0.025 0.007 0.002 0.018 
 104   (0.034) 0.034 0.014 0.013 0.031 0.029 

Locus 6 : 6 
5 alleles
0.0% missing data
 135   (0.355) 0.187 0.291 0.279 0.688 0.354 
 145   (0.314) 0.149 0.388 0.471 0.028 0.326 
 141   (0.254) 0.608 0.277 0.219 0.087 0.253 
 147   (0.053) 0.054 0.034 0.021 0.123 0.047 
 137   (0.024) 0.002 0.011 0.009 0.074 0.021 

Locus 7 : 7 
10 alleles
0.7% missing data
  97   (0.200) 0.193 0.189 0.190 0.124 0.200 
 103   (0.255) 0.296 0.362 0.358 0.024 0.272 
  89   (0.093) 0.061 0.074 0.068 0.178 0.090 
  93   (0.253) 0.378 0.235 0.194 0.342 0.253 
  83   (0.045) 0.004 0.066 0.070 0.004 0.045 
  99   (0.027) 0.002 0.018 0.014 0.034 0.024 
  85   (0.032) 0.006 0.018 0.059 0.003 0.034 
  91   (0.044) 0.048 0.019 0.017 0.096 0.040 
 105   (0.020) 0.002 0.008 0.012 0.078 0.017 
 101   (0.029) 0.009 0.012 0.019 0.119 0.025 

Locus 8 : 8 
8 alleles
0.0% missing data
 129   (0.571) 0.738 0.603 0.645 0.393 0.582 
 143   (0.234) 0.071 0.255 0.237 0.300 0.242 
 141   (0.061) 0.079 0.043 0.051 0.005 0.058 
 149   (0.059) 0.099 0.040 0.029 0.267 0.052 
 133   (0.024) 0.002 0.031 0.013 0.003 0.024 
 145   (0.014) 0.001 0.010 0.011 0.001 0.012 
 127   (0.022) 0.002 0.013 0.008 0.030 0.019 
 131   (0.014) 0.009 0.006 0.005 0.002 0.012 

Locus 9 : 9 
4 alleles
0.0% missing data
 189   (0.462) 0.262 0.537 0.467 0.317 0.481 
 191   (0.324) 0.623 0.286 0.313 0.277 0.319 
 195   (0.191) 0.104 0.167 0.209 0.404 0.181 
 193   (0.022) 0.011 0.010 0.010 0.003 0.019 

Locus 10 : 10 
6 alleles
0.0% missing data
 250   (0.047) 0.004 0.041 0.026 0.165 0.045 
 254   (0.059) 0.014 0.027 0.036 0.022 0.059 
 252   (0.106) 0.182 0.070 0.112 0.069 0.102 
 238   (0.578) 0.444 0.573 0.662 0.672 0.583 
 232   (0.188) 0.354 0.254 0.154 0.070 0.190 
 248   (0.022) 0.003 0.035 0.010 0.002 0.022 

Locus 11 : 11 
4 alleles
0.0% missing data
  87   (0.732) 0.655 0.787 0.723 0.501 0.747 
  89   (0.182) 0.267 0.162 0.222 0.106 0.178 
  91   (0.062) 0.076 0.036 0.046 0.334 0.055 
  85   (0.024) 0.002 0.015 0.008 0.059 0.020 

Locus 12 : 12 
11 alleles
0.0% missing data
 160   (0.274) 0.227 0.247 0.294 0.499 0.275 
 158   (0.202) 0.411 0.240 0.196 0.060 0.203 
 162   (0.200) 0.159 0.234 0.268 0.019 0.216 
 170   (0.065) 0.014 0.097 0.039 0.128 0.065 
 161   (0.105) 0.056 0.087 0.086 0.219 0.101 
 154   (0.032) 0.003 0.026 0.016 0.015 0.031 
 143   (0.032) 0.002 0.012 0.017 0.051 0.031 
 149   (0.029) 0.003 0.021 0.031 0.003 0.027 
 147   (0.032) 0.123 0.021 0.034 0.003 0.027 
 159   (0.014) 0.001 0.009 0.013 0.001 0.011 
 134   (0.014) 0.001 0.006 0.006 0.001 0.013 

Locus 13 : 13 
4 alleles
0.0% missing data
 113   (0.332) 0.347 0.334 0.293 0.281 0.331 
 115   (0.491) 0.488 0.502 0.541 0.479 0.497 
 108   (0.162) 0.164 0.158 0.160 0.238 0.158 
 110   (0.015) 0.001 0.006 0.006 0.002 0.013 

Locus 14 : 14 
7 alleles
0.0% missing data
 172   (0.454) 0.268 0.451 0.516 0.590 0.464 
 176   (0.135) 0.087 0.120 0.112 0.061 0.131 
 182   (0.068) 0.011 0.092 0.087 0.006 0.070 
 174   (0.219) 0.551 0.229 0.231 0.081 0.217 
 170   (0.024) 0.002 0.043 0.008 0.002 0.027 
 180   (0.039) 0.023 0.020 0.019 0.137 0.034 
 178   (0.062) 0.058 0.046 0.027 0.123 0.058 

Locus 15 : 15 
7 alleles
0.0% missing data
 225   (0.153) 0.078 0.138 0.130 0.076 0.159 
 229   (0.442) 0.577 0.508 0.418 0.363 0.448 
 227   (0.128) 0.156 0.147 0.244 0.012 0.126 
 231   (0.199) 0.113 0.158 0.165 0.421 0.197 
 213   (0.015) 0.001 0.008 0.006 0.002 0.014 
 233   (0.050) 0.074 0.034 0.023 0.125 0.044 
 203   (0.015) 0.001 0.007 0.014 0.001 0.012 

Locus 16 : 16 
4 alleles
0.7% missing data
 143   (0.897) 0.986 0.934 0.936 0.806 0.905 
 145   (0.060) 0.010 0.045 0.038 0.114 0.056 
 147   (0.029) 0.002 0.013 0.020 0.079 0.025 
 157   (0.015) 0.001 0.007 0.006 0.001 0.014 

Locus 17 : 17 
5 alleles
0.0% missing data
 158   (0.495) 0.660 0.524 0.531 0.312 0.501 
 156   (0.279) 0.191 0.225 0.303 0.246 0.282 
 154   (0.079) 0.046 0.070 0.035 0.344 0.075 
 160   (0.132) 0.100 0.173 0.122 0.096 0.129 
 152   (0.015) 0.002 0.008 0.009 0.001 0.013 

Locus 18 : 18 
5 alleles
0.0% missing data
  90   (0.648) 0.775 0.680 0.667 0.446 0.660 
 100   (0.116) 0.011 0.115 0.127 0.159 0.117 
 102   (0.154) 0.199 0.140 0.148 0.099 0.147 
 104   (0.015) 0.001 0.013 0.005 0.001 0.013 
  88   (0.068) 0.014 0.052 0.052 0.295 0.062 

Locus 19 : 19 
7 alleles
0.0% missing data
 127   (0.266) 0.164 0.301 0.231 0.401 0.266 
 140   (0.278) 0.118 0.276 0.374 0.237 0.281 
 142   (0.143) 0.490 0.150 0.093 0.025 0.147 
 148   (0.104) 0.097 0.082 0.090 0.068 0.100 
 146   (0.093) 0.110 0.086 0.070 0.009 0.094 
 138   (0.054) 0.015 0.065 0.066 0.005 0.052 
 150   (0.063) 0.006 0.040 0.075 0.255 0.061 

Locus 20 : 20 
6 alleles
0.0% missing data
 190   (0.118) 0.334 0.091 0.109 0.037 0.111 
 194   (0.560) 0.518 0.636 0.510 0.592 0.567 
 202   (0.047) 0.004 0.046 0.023 0.062 0.046 
 188   (0.146) 0.133 0.131 0.174 0.013 0.151 
 200   (0.114) 0.010 0.090 0.177 0.295 0.112 
 198   (0.015) 0.001 0.006 0.006 0.002 0.013 

Locus 21 : 21 
6 alleles
0.0% missing data
 252   (0.622) 0.773 0.693 0.720 0.124 0.642 
 246   (0.110) 0.014 0.115 0.137 0.161 0.105 
 248   (0.019) 0.002 0.024 0.007 0.002 0.019 
 244   (0.046) 0.063 0.028 0.027 0.076 0.039 
 250   (0.121) 0.120 0.068 0.058 0.349 0.118 
 254   (0.082) 0.029 0.072 0.052 0.287 0.077 

Locus 22 : 22 
7 alleles
0.0% missing data
 167   (0.253) 0.264 0.264 0.372 0.099 0.255 
 173   (0.284) 0.313 0.299 0.309 0.270 0.283 
 163   (0.047) 0.004 0.063 0.020 0.118 0.048 
 177   (0.203) 0.351 0.225 0.134 0.077 0.208 
 175   (0.128) 0.060 0.091 0.118 0.230 0.124 
 165   (0.070) 0.007 0.053 0.041 0.176 0.069 
 159   (0.015) 0.001 0.005 0.005 0.029 0.012 

Locus 23 : 23 
11 alleles
0.0% missing data
 152   (0.407) 0.531 0.477 0.441 0.128 0.418 
 158   (0.112) 0.012 0.098 0.124 0.406 0.110 
 146   (0.175) 0.275 0.182 0.242 0.016 0.183 
 150   (0.056) 0.026 0.044 0.030 0.152 0.051 
 156   (0.029) 0.003 0.013 0.021 0.030 0.026 
 162   (0.039) 0.003 0.021 0.020 0.183 0.038 
 166   (0.067) 0.053 0.049 0.058 0.006 0.066 
 164   (0.044) 0.006 0.057 0.025 0.016 0.045 
 148   (0.028) 0.002 0.035 0.010 0.018 0.027 
 142   (0.027) 0.002 0.018 0.023 0.045 0.022 
 154   (0.017) 0.087 0.006 0.006 0.001 0.013 

Locus 24 : 24 
6 alleles
0.7% missing data
 144   (0.176) 0.130 0.180 0.195 0.298 0.173 
 156   (0.171) 0.072 0.149 0.131 0.307 0.173 
 154   (0.489) 0.572 0.559 0.551 0.210 0.505 
 160   (0.107) 0.167 0.081 0.101 0.090 0.100 
 152   (0.020) 0.050 0.009 0.008 0.002 0.016 
 158   (0.036) 0.010 0.022 0.014 0.094 0.032 

Locus 25 : 25 
4 alleles
0.7% missing data
  81   (0.369) 0.240 0.375 0.423 0.311 0.374 
  83   (0.487) 0.464 0.475 0.459 0.588 0.489 
  77   (0.096) 0.262 0.122 0.090 0.008 0.095 
  85   (0.047) 0.035 0.028 0.029 0.093 0.042 

Locus 26 : 26 
6 alleles
0.7% missing data
 124   (0.520) 0.302 0.582 0.618 0.616 0.521 
 132   (0.248) 0.624 0.252 0.236 0.022 0.252 
 122   (0.129) 0.022 0.114 0.081 0.327 0.132 
 126   (0.064) 0.049 0.032 0.046 0.019 0.061 
 120   (0.023) 0.002 0.014 0.011 0.015 0.019 
 136   (0.015) 0.001 0.006 0.007 0.001 0.014 

Locus 27 : 27 
6 alleles
0.0% missing data
 165   (0.252) 0.159 0.252 0.311 0.114 0.252 
 183   (0.336) 0.469 0.333 0.267 0.369 0.337 
 179   (0.110) 0.082 0.070 0.129 0.225 0.105 
 175   (0.211) 0.282 0.283 0.213 0.020 0.221 
 181   (0.067) 0.006 0.049 0.069 0.184 0.066 
 185   (0.024) 0.002 0.012 0.011 0.089 0.020 

Locus 28 : 28 
4 alleles
0.0% missing data
 142   (0.508) 0.638 0.493 0.621 0.421 0.505 
 150   (0.156) 0.015 0.180 0.142 0.204 0.162 
 148   (0.245) 0.138 0.264 0.157 0.296 0.252 
 138   (0.091) 0.209 0.064 0.080 0.079 0.081 

Locus 29 : 29 
5 alleles
0.0% missing data
 260   (0.446) 0.259 0.550 0.455 0.299 0.459 
 262   (0.447) 0.697 0.374 0.486 0.526 0.444 
 258   (0.027) 0.002 0.021 0.017 0.002 0.026 
 256   (0.065) 0.040 0.047 0.032 0.171 0.059 
 264   (0.015) 0.001 0.009 0.011 0.001 0.012 

Locus 30 : 30 
5 alleles
0.0% missing data
 140   (0.160) 0.071 0.123 0.172 0.449 0.152 
 150   (0.478) 0.708 0.501 0.576 0.210 0.485 
 148   (0.083) 0.078 0.067 0.062 0.023 0.079 
 146   (0.246) 0.137 0.280 0.172 0.315 0.251 
 152   (0.033) 0.005 0.029 0.018 0.003 0.033 

Locus 31 : 31 
6 alleles
0.0% missing data
 125   (0.276) 0.282 0.281 0.236 0.126 0.288 
 129   (0.491) 0.584 0.524 0.559 0.244 0.489 
 123   (0.103) 0.123 0.080 0.133 0.068 0.096 
 127   (0.072) 0.006 0.053 0.042 0.366 0.071 
 121   (0.018) 0.001 0.025 0.006 0.002 0.018 
 131   (0.040) 0.004 0.038 0.024 0.194 0.037 

Locus 32 : 32 
5 alleles
0.0% missing data
 155   (0.568) 0.652 0.603 0.501 0.611 0.579 
 159   (0.138) 0.092 0.109 0.210 0.099 0.136 
 157   (0.183) 0.164 0.219 0.187 0.090 0.185 
 153   (0.074) 0.084 0.049 0.082 0.174 0.066 
 151   (0.037) 0.009 0.020 0.019 0.026 0.034 

Locus 33 : 33 
4 alleles
0.0% missing data
  92   (0.275) 0.291 0.231 0.231 0.474 0.272 
  94   (0.075) 0.076 0.060 0.055 0.051 0.070 
  95   (0.185) 0.121 0.224 0.148 0.319 0.184 
  91   (0.465) 0.512 0.485 0.566 0.157 0.474 

Locus 34 : 34 
4 alleles
0.0% missing data
 146   (0.341) 0.108 0.315 0.312 0.526 0.343 
 148   (0.082) 0.096 0.052 0.083 0.122 0.076 
 150   (0.522) 0.791 0.591 0.531 0.301 0.529 
 154   (0.055) 0.004 0.042 0.074 0.051 0.052 

Locus 35 : 35 
7 alleles
0.0% missing data
 180   (0.394) 0.528 0.398 0.421 0.322 0.398 
 192   (0.157) 0.015 0.187 0.171 0.160 0.162 
 184   (0.206) 0.222 0.193 0.186 0.127 0.206 
 196   (0.147) 0.166 0.162 0.176 0.014 0.148 
 198   (0.052) 0.023 0.029 0.032 0.329 0.047 
 190   (0.028) 0.002 0.025 0.009 0.046 0.026 
 194   (0.016) 0.044 0.006 0.005 0.001 0.013 

Locus 36 : 36 
6 alleles
0.0% missing data
 106   (0.269) 0.185 0.277 0.337 0.131 0.268 
 112   (0.296) 0.505 0.298 0.348 0.077 0.296 
  94   (0.028) 0.002 0.039 0.010 0.002 0.030 
 110   (0.214) 0.282 0.225 0.164 0.168 0.216 
 108   (0.153) 0.023 0.135 0.110 0.618 0.150 
  90   (0.040) 0.003 0.025 0.031 0.004 0.039 

Locus 37 : 37 
8 alleles
0.0% missing data
 168   (0.097) 0.007 0.070 0.144 0.333 0.097 
 178   (0.049) 0.011 0.048 0.051 0.004 0.048 
 170   (0.281) 0.156 0.278 0.236 0.326 0.285 
 174   (0.115) 0.032 0.132 0.165 0.051 0.115 
 172   (0.287) 0.477 0.273 0.297 0.169 0.282 
 176   (0.101) 0.099 0.162 0.049 0.009 0.112 
 166   (0.047) 0.216 0.027 0.041 0.004 0.042 
 186   (0.023) 0.002 0.009 0.016 0.103 0.020 

Locus 38 : 38 
6 alleles
0.0% missing data
  85   (0.191) 0.180 0.184 0.255 0.047 0.197 
  95   (0.070) 0.090 0.064 0.045 0.017 0.066 
  89   (0.539) 0.713 0.577 0.542 0.529 0.540 
  83   (0.132) 0.012 0.119 0.117 0.365 0.131 
  81   (0.049) 0.004 0.047 0.035 0.004 0.051 
  91   (0.019) 0.001 0.009 0.006 0.038 0.016 

Locus 39 : 39 
7 alleles
0.0% missing data
 161   (0.344) 0.484 0.339 0.333 0.554 0.344 
 165   (0.210) 0.173 0.222 0.206 0.177 0.216 
 167   (0.039) 0.014 0.031 0.060 0.004 0.037 
 169   (0.094) 0.127 0.120 0.081 0.008 0.096 
 173   (0.282) 0.191 0.270 0.290 0.255 0.283 
 175   (0.016) 0.001 0.014 0.024 0.001 0.013 
 159   (0.014) 0.011 0.005 0.005 0.001 0.012 

Locus 40 : 40 
5 alleles
0.0% missing data
  85   (0.224) 0.123 0.201 0.252 0.085 0.225 
  87   (0.134) 0.148 0.091 0.106 0.394 0.133 
  91   (0.156) 0.036 0.162 0.126 0.264 0.153 
  81   (0.074) 0.026 0.074 0.073 0.007 0.074 
  89   (0.412) 0.668 0.471 0.443 0.251 0.416 

Locus 41 : 41 
3 alleles
0.0% missing data
 167   (0.749) 0.923 0.775 0.803 0.480 0.756 
 161   (0.198) 0.064 0.174 0.176 0.487 0.192 
 165   (0.053) 0.013 0.051 0.020 0.033 0.052 

Locus 42 : 42 
6 alleles
0.0% missing data
 224   (0.039) 0.057 0.018 0.027 0.016 0.034 
 228   (0.387) 0.570 0.385 0.389 0.387 0.380 
 238   (0.354) 0.247 0.392 0.412 0.103 0.373 
 240   (0.133) 0.013 0.151 0.138 0.407 0.131 
 236   (0.072) 0.112 0.043 0.029 0.086 0.068 
 242   (0.015) 0.001 0.012 0.005 0.001 0.014 

Locus 43 : 43 
7 alleles
0.7% missing data
 130   (0.533) 0.474 0.617 0.490 0.581 0.544 
 118   (0.054) 0.006 0.037 0.054 0.098 0.049 
 128   (0.070) 0.137 0.067 0.083 0.006 0.065 
 132   (0.082) 0.263 0.072 0.053 0.007 0.079 
 114   (0.106) 0.085 0.096 0.113 0.009 0.107 
 134   (0.138) 0.015 0.103 0.201 0.297 0.142 
 122   (0.017) 0.020 0.007 0.006 0.001 0.013 

Locus 44 : 44 
5 alleles
0.0% missing data
 104   (0.418) 0.166 0.433 0.461 0.109 0.434 
  98   (0.157) 0.214 0.124 0.103 0.251 0.153 
 102   (0.190) 0.436 0.240 0.304 0.017 0.189 
  92   (0.157) 0.113 0.159 0.091 0.445 0.154 
  96   (0.077) 0.071 0.043 0.041 0.179 0.070 

Locus 45 : 45 
5 alleles
0.0% missing data
  95   (0.219) 0.352 0.191 0.223 0.400 0.210 
 101   (0.365) 0.399 0.381 0.405 0.225 0.365 
 103   (0.272) 0.232 0.317 0.282 0.098 0.279 
  99   (0.105) 0.014 0.094 0.064 0.240 0.108 
  97   (0.039) 0.003 0.018 0.026 0.038 0.038 

Locus 46 : 46 
7 alleles
0.0% missing data
 181   (0.536) 0.732 0.634 0.535 0.271 0.545 
 191   (0.285) 0.181 0.251 0.324 0.598 0.285 
 179   (0.036) 0.003 0.019 0.060 0.076 0.035 
 177   (0.073) 0.079 0.053 0.049 0.036 0.067 
 189   (0.021) 0.002 0.010 0.010 0.002 0.021 
 183   (0.021) 0.002 0.013 0.011 0.002 0.020 
 193   (0.028) 0.002 0.020 0.011 0.016 0.026 

Locus 47 : 47 
6 alleles
0.0% missing data
 211   (0.203) 0.175 0.172 0.237 0.390 0.200 
 215   (0.077) 0.082 0.054 0.048 0.033 0.077 
 205   (0.439) 0.492 0.502 0.506 0.355 0.447 
 207   (0.204) 0.177 0.230 0.152 0.127 0.208 
 201   (0.055) 0.073 0.032 0.040 0.066 0.049 
 202   (0.022) 0.002 0.010 0.017 0.029 0.019 

Locus 48 : 48 
10 alleles
0.0% missing data
 142   (0.276) 0.201 0.289 0.402 0.134 0.286 
 162   (0.065) 0.006 0.050 0.056 0.053 0.065 
 164   (0.041) 0.003 0.021 0.023 0.106 0.038 
 168   (0.153) 0.257 0.180 0.100 0.306 0.151 
 158   (0.168) 0.079 0.196 0.135 0.183 0.174 
 170   (0.043) 0.014 0.024 0.016 0.102 0.040 
 166   (0.144) 0.287 0.164 0.173 0.033 0.146 
 156   (0.043) 0.005 0.029 0.030 0.067 0.039 
 144   (0.054) 0.147 0.041 0.060 0.005 0.050 
 160   (0.014) 0.001 0.006 0.005 0.011 0.012 

Locus 49 : 49 
6 alleles
0.0% missing data
 149   (0.349) 0.119 0.362 0.336 0.753 0.348 
 151   (0.220) 0.231 0.231 0.209 0.091 0.225 
 145   (0.201) 0.247 0.204 0.236 0.122 0.196 
 153   (0.188) 0.399 0.169 0.203 0.017 0.191 
 147   (0.015) 0.001 0.007 0.006 0.002 0.014 
 143   (0.027) 0.002 0.027 0.010 0.015 0.025 

Values of parameters used in structure:
DATAFILE=admix_W1.str,	OUTFILE=k5/admix_W1_k5_run4,	NUMINDS=150,	NUMLOCI=49,	MISSING=-9,	LABEL=1,	POPDATA=1,	POPFLAG=0,	PHENOTYPE=0,	EXTRACOLS=0,	MAXPOPS=5,	BURNIN=500000,	NUMREPS=750000,	USEPOPINFO=0,	INFERALPHA=1,	INFERLAMBDA=0,	POPSPECIFICLAMBDA=0,	POPALPHAS=0,	COMPUTEPROB=1,	NOADMIX=0,	ADMBURNIN=500,	UPDATEFREQ=100,	PRINTLIKES=0,	INTERMEDSAVE=0,	PRINTKLD=0,	PRINTNET=1,	PRINTLAMBDA=1,	ANCESTDIST=0,	NUMBOXES=1000,	ANCESTPINT=0.90000,	GENSBACK=2,	MIGRPRIOR=0.01000,	PRINTQHAT=0,	PRINTQSUM=1,	ALPHA=1.0000,	FREQSCORR=1,	FPRIORMEAN=0.0100,	FPRIORSD=0.0500,	ONEFST=0,	LAMBDA=1.0000,	UNIFPRIORALPHA=1,	ALPHAMAX=10.0000,	ALPHAPRIORA=1.0000,	ALPHAPRIORB=2.0000,	ALPHAPROPSD=0.0250,	STARTATPOPINFO=0,	RANDOMIZE=0,	LINKAGE=0,	METROFREQ=10,	REPORTHITRATE=0,	MARKOVPHASE=0,	PHASED=1,	PLOIDY=2,	PHASEINFO=0	LOCPRIOR=0, 	LOCPRIORINIT=1.000000, 	LOCDATA=0, 	LOCISPOP=1, 	LOCPRIORSTEP=0.100000, 	MAXLOCPRIOR=20.000000, 	SEED=734799,	
[STRAT parameters]:    NUMSIMSTATS=1000,	PHENOTYPECOL=-9,	POOLFREQ=10,	LOCUSxONLY=0,	EMERROR=0.00100,	MISSINGPHENO=-9,	