

----------------------------------------------------
STRUCTURE by Pritchard, Stephens and Donnelly (2000)
     and Falush, Stephens and Pritchard (2003)
       Code by Pritchard, Falush and Hubisz
             Version 2.3.4 (Jul 2012)
----------------------------------------------------



Command line arguments:   structure -D 205657 -K 7 -m mainparams -o k7/admix_W1_k7_run4 
Input File:    admix_W1.str

Run parameters:
   150 individuals
   49 loci
   7 populations assumed
   500000 Burn-in period
   750000 Reps
RANDOMIZE turned off


--------------------------------------------
Proportion of membership of each pre-defined
 population in each of the 7 clusters

Given    Inferred Clusters                                   Number of
 Pop       1      2      3      4      5      6      7      Individuals

  1:     0.068  0.018  0.227  0.222  0.216  0.018  0.231       10
  2:     0.117  0.079  0.192  0.201  0.145  0.070  0.196       24
  3:     0.037  0.013  0.170  0.207  0.307  0.116  0.150       13
  4:     0.418  0.009  0.124  0.133  0.149  0.031  0.136       11
  5:     0.084  0.022  0.218  0.197  0.180  0.081  0.218       23
  6:     0.007  0.962  0.007  0.007  0.006  0.005  0.007       30
  7:     0.017  0.004  0.017  0.017  0.020  0.908  0.017       39
--------------------------------------------

Allele-freq. divergence among pops (Net nucleotide distance),
computed using point estimates of P.

      1       2       3       4       5       6       7      
 1      -    0.0818  0.0133  0.0131  0.0149  0.0410  0.0132  
 2   0.0818     -    0.0629  0.0629  0.0705  0.1205  0.0624  
 3   0.0133  0.0629     -    0.0001  0.0011  0.0318  0.0000  
 4   0.0131  0.0629  0.0001     -    0.0007  0.0317  0.0002  
 5   0.0149  0.0705  0.0011  0.0007     -    0.0330  0.0014  
 6   0.0410  0.1205  0.0318  0.0317  0.0330     -    0.0319  
 7   0.0132  0.0624  0.0000  0.0002  0.0014  0.0319     -    

Average distances (expected heterozygosity) between individuals in same cluster:
cluster  1  : 0.6178 
cluster  2  : 0.6396 
cluster  3  : 0.6440 
cluster  4  : 0.6454 
cluster  5  : 0.6304 
cluster  6  : 0.5539 
cluster  7  : 0.6441 

--------------------------------------------
Estimated Ln Prob of Data   = -18218.8
Mean value of ln likelihood = -17233.8
Variance of ln likelihood   = 1970.0
Mean value of alpha         = 0.0403

Mean value of Fst_1         = 0.0941
Mean value of Fst_2         = 0.1531
Mean value of Fst_3         = 0.0324
Mean value of Fst_4         = 0.0277
Mean value of Fst_5         = 0.0526
Mean value of Fst_6         = 0.1319
Mean value of Fst_7         = 0.0322


Inferred ancestry of individuals:
        Label (%Miss) Pop:  Inferred clusters
  1     2355    (0)    1 :  0.151 0.014 0.228 0.235 0.134 0.011 0.228 
  2     2356    (0)    1 :  0.108 0.013 0.233 0.280 0.165 0.003 0.198 
  3     2357    (0)    1 :  0.079 0.001 0.147 0.216 0.385 0.048 0.123 
  4     2358    (0)    1 :  0.032 0.009 0.267 0.194 0.207 0.008 0.283 
  5     2359    (0)    1 :  0.014 0.002 0.284 0.178 0.232 0.017 0.273 
  6     2360    (0)    1 :  0.064 0.048 0.208 0.216 0.219 0.009 0.235 
  7     2361    (2)    1 :  0.013 0.003 0.271 0.182 0.207 0.038 0.287 
  8     2362    (0)    1 :  0.012 0.008 0.181 0.246 0.363 0.018 0.173 
  9     2363    (0)    1 :  0.177 0.069 0.195 0.226 0.108 0.007 0.218 
 10     2364    (0)    1 :  0.034 0.008 0.259 0.243 0.140 0.024 0.292 
 11     2434    (0)    2 :  0.043 0.082 0.219 0.259 0.177 0.020 0.200 
 12     2435    (0)    2 :  0.087 0.076 0.209 0.316 0.096 0.006 0.211 
 13     2436    (0)    2 :  0.037 0.070 0.244 0.245 0.121 0.004 0.280 
 14     2437    (0)    2 :  0.013 0.192 0.186 0.298 0.128 0.006 0.176 
 15     2438    (0)    2 :  0.004 0.009 0.292 0.170 0.223 0.006 0.297 
 16     2439    (0)    2 :  0.134 0.005 0.245 0.161 0.173 0.009 0.272 
 17     2440    (0)    2 :  0.055 0.071 0.208 0.219 0.246 0.006 0.194 
 18     2441    (0)    2 :  0.012 0.058 0.244 0.284 0.130 0.026 0.247 
 19     2442    (0)    2 :  0.022 0.179 0.218 0.232 0.122 0.009 0.219 
 20     2443    (0)    2 :  0.026 0.012 0.242 0.297 0.169 0.016 0.239 
 21     2444    (0)    2 :  0.185 0.078 0.182 0.196 0.156 0.021 0.182 
 22     2446    (0)    2 :  0.405 0.012 0.153 0.128 0.106 0.022 0.175 
 23     2447    (0)    2 :  0.008 0.013 0.284 0.232 0.193 0.019 0.252 
 24     2448    (0)    2 :  0.067 0.004 0.050 0.046 0.050 0.730 0.052 
 25     2449    (0)    2 :  0.077 0.256 0.135 0.171 0.187 0.005 0.169 
 26     2450    (0)    2 :  0.015 0.173 0.183 0.224 0.217 0.003 0.185 
 27     2451    (0)    2 :  0.013 0.220 0.171 0.256 0.166 0.008 0.165 
 28     2452    (0)    2 :  0.480 0.005 0.092 0.097 0.120 0.098 0.107 
 29     2453    (0)    2 :  0.019 0.005 0.239 0.312 0.130 0.046 0.249 
 30     2454    (0)    2 :  0.134 0.004 0.093 0.075 0.070 0.530 0.095 
 31     2455    (0)    2 :  0.099 0.011 0.244 0.196 0.175 0.005 0.268 
 32     2456    (0)    2 :  0.009 0.006 0.265 0.251 0.165 0.047 0.258 
 33     2457    (0)    2 :  0.849 0.062 0.025 0.020 0.012 0.008 0.024 
 34     2458    (0)    2 :  0.019 0.296 0.190 0.131 0.150 0.026 0.189 
 35     2398    (0)    3 :  0.015 0.002 0.155 0.238 0.460 0.013 0.117 
 36     2399    (0)    3 :  0.150 0.018 0.219 0.202 0.164 0.012 0.235 
 37     2400    (0)    3 :  0.017 0.005 0.153 0.254 0.403 0.026 0.142 
 38     2401    (0)    3 :  0.031 0.002 0.172 0.232 0.338 0.050 0.175 
 39     2402    (0)    3 :  0.067 0.117 0.129 0.148 0.099 0.311 0.129 
 40     2403    (0)    3 :  0.023 0.002 0.154 0.239 0.489 0.003 0.091 
 41     2404    (0)    3 :  0.017 0.002 0.154 0.237 0.478 0.019 0.093 
 42     2405    (0)    3 :  0.007 0.005 0.281 0.201 0.240 0.005 0.261 
 43     2406    (0)    3 :  0.031 0.002 0.158 0.194 0.167 0.252 0.196 
 44     2407    (0)    3 :  0.043 0.005 0.104 0.084 0.087 0.582 0.096 
 45     2408    (0)    3 :  0.037 0.005 0.236 0.214 0.170 0.104 0.236 
 46     2409    (0)    3 :  0.023 0.003 0.142 0.214 0.424 0.105 0.091 
 47     2410    (0)    3 :  0.027 0.002 0.150 0.233 0.468 0.028 0.091 
 48     2459    (0)    4 :  0.916 0.008 0.013 0.012 0.023 0.014 0.014 
 49     2460    (0)    4 :  0.129 0.008 0.188 0.198 0.122 0.163 0.193 
 50     2461    (0)    4 :  0.078 0.005 0.175 0.228 0.298 0.006 0.210 
 51     2462    (4)    4 :  0.899 0.005 0.013 0.015 0.025 0.027 0.015 
 52     2463    (0)    4 :  0.760 0.004 0.053 0.047 0.070 0.015 0.052 
 53     2464    (2)    4 :  0.875 0.016 0.023 0.026 0.023 0.011 0.026 
 54     2465    (0)    4 :  0.032 0.008 0.186 0.230 0.342 0.027 0.175 
 55     2466    (2)    4 :  0.537 0.005 0.115 0.090 0.088 0.020 0.146 
 56     2467    (0)    4 :  0.055 0.024 0.257 0.216 0.186 0.026 0.237 
 57     2468    (0)    4 :  0.222 0.006 0.145 0.192 0.254 0.022 0.159 
 58     2469    (0)    4 :  0.095 0.011 0.201 0.204 0.208 0.012 0.269 
 59     2369    (0)    5 :  0.009 0.006 0.165 0.132 0.155 0.350 0.183 
 60     2370    (0)    5 :  0.010 0.002 0.194 0.239 0.353 0.016 0.187 
 61     2372    (0)    5 :  0.047 0.006 0.238 0.264 0.209 0.017 0.219 
 62     2373    (0)    5 :  0.018 0.190 0.153 0.237 0.104 0.140 0.159 
 63     2374    (0)    5 :  0.963 0.002 0.010 0.004 0.005 0.004 0.013 
 64     2375    (0)    5 :  0.026 0.005 0.267 0.271 0.148 0.006 0.277 
 65     2376    (0)    5 :  0.026 0.006 0.252 0.239 0.183 0.046 0.247 
 66     2377    (0)    5 :  0.046 0.012 0.182 0.188 0.136 0.231 0.204 
 67     2378    (0)    5 :  0.018 0.002 0.259 0.170 0.208 0.058 0.285 
 68     2379    (0)    5 :  0.013 0.011 0.284 0.222 0.195 0.012 0.263 
 69     2380    (0)    5 :  0.445 0.002 0.118 0.133 0.197 0.011 0.094 
 70     2381    (0)    5 :  0.037 0.002 0.254 0.155 0.212 0.076 0.263 
 71     2382    (0)    5 :  0.015 0.046 0.261 0.214 0.203 0.003 0.259 
 72     2383    (0)    5 :  0.021 0.010 0.161 0.175 0.211 0.241 0.182 
 73     2384    (0)    5 :  0.036 0.019 0.244 0.208 0.218 0.009 0.265 
 74     2385    (0)    5 :  0.031 0.018 0.256 0.267 0.186 0.012 0.230 
 75     2386    (0)    5 :  0.020 0.002 0.262 0.292 0.133 0.047 0.244 
 76     2387    (0)    5 :  0.018 0.004 0.261 0.203 0.222 0.044 0.247 
 77     2388    (0)    5 :  0.006 0.006 0.289 0.178 0.223 0.003 0.295 
 78     2389    (2)    5 :  0.010 0.117 0.234 0.272 0.129 0.004 0.233 
 79     2390    (0)    5 :  0.013 0.033 0.284 0.188 0.207 0.008 0.267 
 80     2391    (0)    5 :  0.008 0.003 0.247 0.152 0.189 0.163 0.239 
 81     2392    (0)    5 :  0.089 0.007 0.145 0.137 0.105 0.351 0.166 
 82     1408    (0)    6 :  0.005 0.969 0.006 0.006 0.005 0.002 0.006 
 83     1409    (0)    6 :  0.003 0.977 0.004 0.004 0.004 0.002 0.004 
 84     1410    (0)    6 :  0.002 0.985 0.003 0.003 0.003 0.002 0.003 
 85     1411    (0)    6 :  0.004 0.978 0.004 0.004 0.004 0.003 0.004 
 86     1412    (0)    6 :  0.006 0.974 0.004 0.004 0.004 0.003 0.004 
 87     1413    (0)    6 :  0.004 0.971 0.005 0.006 0.006 0.002 0.006 
 88     1414    (0)    6 :  0.002 0.988 0.002 0.002 0.002 0.002 0.002 
 89     1415    (0)    6 :  0.003 0.980 0.004 0.004 0.003 0.003 0.004 
 90     1416    (0)    6 :  0.004 0.978 0.004 0.004 0.004 0.004 0.004 
 91     1417    (0)    6 :  0.002 0.984 0.003 0.003 0.003 0.002 0.003 
 92     1418    (0)    6 :  0.005 0.969 0.006 0.006 0.006 0.002 0.006 
 93     1419    (0)    6 :  0.002 0.984 0.003 0.003 0.003 0.002 0.003 
 94     1420    (0)    6 :  0.006 0.972 0.005 0.005 0.004 0.003 0.005 
 95     1421    (0)    6 :  0.010 0.948 0.010 0.010 0.008 0.004 0.010 
 96     1422    (0)    6 :  0.005 0.979 0.004 0.004 0.003 0.002 0.004 
 97     1423    (0)    6 :  0.002 0.974 0.006 0.005 0.005 0.002 0.006 
 98     1424    (0)    6 :  0.023 0.927 0.012 0.012 0.010 0.005 0.012 
 99     1425    (0)    6 :  0.005 0.945 0.009 0.010 0.009 0.012 0.011 
100     1426    (0)    6 :  0.007 0.958 0.008 0.007 0.007 0.005 0.008 
101     1427    (0)    6 :  0.040 0.868 0.018 0.020 0.014 0.020 0.020 
102     1428    (0)    6 :  0.003 0.982 0.003 0.003 0.003 0.002 0.003 
103     1429    (0)    6 :  0.004 0.974 0.004 0.004 0.003 0.006 0.004 
104     1430    (0)    6 :  0.005 0.968 0.006 0.006 0.005 0.003 0.006 
105     1431    (0)    6 :  0.008 0.921 0.015 0.016 0.014 0.011 0.015 
106     1432    (0)    6 :  0.003 0.984 0.003 0.003 0.003 0.002 0.003 
107     1433    (0)    6 :  0.003 0.972 0.006 0.006 0.005 0.003 0.006 
108     1434    (0)    6 :  0.011 0.934 0.011 0.011 0.013 0.011 0.011 
109     1435    (0)    6 :  0.009 0.918 0.018 0.016 0.013 0.008 0.018 
110     1436    (0)    6 :  0.021 0.917 0.014 0.014 0.011 0.010 0.014 
111     1437    (0)    6 :  0.002 0.985 0.003 0.003 0.003 0.002 0.003 
112     2229    (0)    7 :  0.003 0.002 0.003 0.003 0.003 0.982 0.003 
113     2230    (0)    7 :  0.009 0.002 0.017 0.014 0.015 0.924 0.019 
114     2235    (0)    7 :  0.016 0.014 0.026 0.026 0.020 0.873 0.025 
115     2236    (0)    7 :  0.037 0.003 0.053 0.054 0.056 0.741 0.057 
116     2237    (0)    7 :  0.017 0.008 0.020 0.025 0.047 0.867 0.016 
117     2238    (0)    7 :  0.006 0.002 0.004 0.004 0.005 0.976 0.004 
118     2239    (0)    7 :  0.004 0.001 0.004 0.004 0.005 0.977 0.004 
119     2240    (0)    7 :  0.019 0.003 0.010 0.011 0.010 0.937 0.009 
120     2241    (0)    7 :  0.036 0.023 0.025 0.032 0.022 0.838 0.023 
121     2242    (0)    7 :  0.026 0.002 0.028 0.025 0.028 0.861 0.029 
122     2243    (0)    7 :  0.010 0.003 0.019 0.021 0.030 0.900 0.018 
123     2244    (0)    7 :  0.029 0.002 0.011 0.012 0.014 0.920 0.012 
124     2245    (0)    7 :  0.005 0.004 0.004 0.004 0.004 0.973 0.004 
125     2246    (0)    7 :  0.007 0.004 0.007 0.007 0.006 0.963 0.007 
126     2247    (0)    7 :  0.008 0.002 0.009 0.008 0.009 0.956 0.008 
127     2248    (0)    7 :  0.004 0.002 0.003 0.003 0.003 0.982 0.003 
128     2249    (0)    7 :  0.010 0.006 0.035 0.034 0.027 0.853 0.034 
129     2250    (0)    7 :  0.002 0.001 0.002 0.002 0.003 0.987 0.002 
130     2251    (0)    7 :  0.008 0.007 0.010 0.010 0.009 0.948 0.009 
131     2252    (0)    7 :  0.004 0.003 0.004 0.004 0.004 0.977 0.004 
132     2253    (0)    7 :  0.018 0.003 0.034 0.032 0.032 0.848 0.033 
133     2254    (0)    7 :  0.151 0.003 0.033 0.035 0.031 0.708 0.039 
134     2255    (0)    7 :  0.007 0.002 0.014 0.015 0.013 0.933 0.015 
135     2256    (0)    7 :  0.097 0.002 0.104 0.104 0.188 0.405 0.099 
136     2257    (0)    7 :  0.009 0.017 0.007 0.008 0.006 0.946 0.007 
137     2258    (0)    7 :  0.023 0.003 0.019 0.016 0.017 0.901 0.020 
138     2259    (0)    7 :  0.004 0.002 0.004 0.004 0.005 0.978 0.004 
139     2260    (0)    7 :  0.007 0.002 0.008 0.008 0.008 0.960 0.007 
140     2261    (0)    7 :  0.008 0.005 0.007 0.008 0.008 0.957 0.007 
141     2262    (0)    7 :  0.005 0.002 0.004 0.004 0.004 0.978 0.004 
142     2263    (0)    7 :  0.004 0.005 0.004 0.005 0.004 0.974 0.004 
143     2264    (0)    7 :  0.006 0.003 0.009 0.007 0.007 0.959 0.008 
144     2265    (0)    7 :  0.007 0.004 0.020 0.024 0.038 0.890 0.018 
145     2266    (0)    7 :  0.030 0.002 0.016 0.020 0.030 0.887 0.015 
146     2267    (0)    7 :  0.009 0.002 0.006 0.006 0.008 0.964 0.005 
147     2268    (0)    7 :  0.006 0.006 0.011 0.011 0.010 0.945 0.011 
148     2269    (0)    7 :  0.003 0.003 0.004 0.005 0.005 0.976 0.004 
149     2270    (0)    7 :  0.004 0.004 0.006 0.005 0.005 0.970 0.006 
150     2271    (0)    7 :  0.015 0.010 0.050 0.045 0.041 0.785 0.054 


Estimated Allele Frequencies in each cluster
First column gives estimated ancestral frequencies


Locus 1 : 1 
4 alleles
0.0% missing data
  91   (0.338) 0.455 0.558 0.314 0.303 0.263 0.368 0.319 
  89   (0.527) 0.437 0.404 0.543 0.552 0.579 0.574 0.541 
  93   (0.113) 0.101 0.036 0.118 0.124 0.138 0.057 0.115 
  99   (0.021) 0.007 0.002 0.024 0.021 0.019 0.002 0.024 

Locus 2 : 2 
6 alleles
0.0% missing data
 134   (0.272) 0.281 0.113 0.294 0.305 0.355 0.148 0.282 
 136   (0.342) 0.347 0.557 0.339 0.337 0.326 0.574 0.344 
 140   (0.095) 0.061 0.057 0.090 0.086 0.072 0.042 0.093 
 138   (0.240) 0.293 0.239 0.232 0.230 0.213 0.233 0.236 
 142   (0.021) 0.008 0.030 0.014 0.016 0.011 0.002 0.014 
 132   (0.030) 0.010 0.003 0.030 0.027 0.023 0.002 0.031 

Locus 3 : 3 
6 alleles
0.0% missing data
 179   (0.313) 0.395 0.151 0.333 0.332 0.350 0.302 0.333 
 187   (0.297) 0.195 0.355 0.291 0.277 0.247 0.483 0.297 
 185   (0.106) 0.101 0.222 0.099 0.098 0.084 0.008 0.102 
 191   (0.036) 0.085 0.003 0.035 0.041 0.056 0.009 0.029 
 181   (0.188) 0.202 0.087 0.184 0.193 0.203 0.193 0.181 
 175   (0.059) 0.022 0.182 0.060 0.059 0.060 0.005 0.058 

Locus 4 : 4 
10 alleles
0.0% missing data
 241   (0.192) 0.152 0.440 0.189 0.178 0.157 0.077 0.196 
 247   (0.075) 0.061 0.020 0.078 0.071 0.066 0.006 0.078 
 253   (0.378) 0.403 0.135 0.401 0.414 0.456 0.682 0.394 
 273   (0.019) 0.011 0.002 0.015 0.015 0.011 0.001 0.015 
 269   (0.169) 0.200 0.040 0.194 0.196 0.216 0.134 0.193 
 271   (0.072) 0.134 0.193 0.054 0.055 0.041 0.024 0.055 
 249   (0.046) 0.019 0.062 0.035 0.035 0.027 0.071 0.036 
 245   (0.022) 0.008 0.105 0.015 0.016 0.011 0.002 0.015 
 265   (0.014) 0.008 0.001 0.010 0.010 0.008 0.001 0.010 
 239   (0.014) 0.005 0.003 0.009 0.010 0.007 0.002 0.009 

Locus 5 : 5 
4 alleles
0.0% missing data
 103   (0.895) 0.889 0.781 0.918 0.918 0.936 0.961 0.917 
 105   (0.055) 0.093 0.187 0.042 0.042 0.033 0.004 0.043 
 102   (0.017) 0.006 0.001 0.019 0.016 0.015 0.001 0.019 
 104   (0.033) 0.012 0.031 0.022 0.023 0.016 0.034 0.021 

Locus 6 : 6 
5 alleles
0.0% missing data
 135   (0.344) 0.320 0.688 0.312 0.311 0.284 0.186 0.311 
 145   (0.330) 0.377 0.029 0.380 0.387 0.431 0.145 0.386 
 141   (0.253) 0.276 0.083 0.257 0.245 0.241 0.613 0.252 
 147   (0.051) 0.019 0.125 0.037 0.040 0.033 0.055 0.036 
 137   (0.022) 0.008 0.076 0.015 0.016 0.012 0.002 0.015 

Locus 7 : 7 
10 alleles
0.7% missing data
  97   (0.201) 0.179 0.123 0.195 0.198 0.196 0.194 0.196 
 103   (0.270) 0.327 0.024 0.324 0.315 0.347 0.294 0.325 
  89   (0.092) 0.067 0.179 0.081 0.078 0.065 0.062 0.083 
  93   (0.249) 0.154 0.342 0.245 0.241 0.228 0.382 0.248 
  83   (0.046) 0.024 0.004 0.059 0.062 0.085 0.004 0.054 
  99   (0.025) 0.009 0.034 0.019 0.022 0.020 0.002 0.019 
  85   (0.026) 0.155 0.002 0.017 0.019 0.014 0.004 0.018 
  91   (0.043) 0.016 0.095 0.030 0.032 0.022 0.049 0.031 
 105   (0.021) 0.027 0.077 0.012 0.014 0.009 0.002 0.012 
 101   (0.028) 0.042 0.120 0.017 0.019 0.013 0.007 0.016 

Locus 8 : 8 
8 alleles
0.0% missing data
 129   (0.577) 0.671 0.389 0.599 0.597 0.616 0.738 0.598 
 143   (0.238) 0.255 0.300 0.244 0.236 0.223 0.070 0.249 
 141   (0.056) 0.024 0.005 0.052 0.057 0.063 0.080 0.050 
 149   (0.058) 0.023 0.270 0.046 0.048 0.042 0.099 0.046 
 133   (0.023) 0.008 0.003 0.025 0.023 0.022 0.002 0.024 
 145   (0.014) 0.005 0.001 0.011 0.013 0.016 0.001 0.010 
 127   (0.021) 0.008 0.030 0.015 0.015 0.012 0.002 0.015 
 131   (0.014) 0.007 0.001 0.009 0.010 0.007 0.008 0.008 

Locus 9 : 9 
4 alleles
0.0% missing data
 189   (0.465) 0.592 0.314 0.489 0.467 0.456 0.253 0.490 
 191   (0.330) 0.286 0.278 0.314 0.314 0.306 0.635 0.314 
 195   (0.184) 0.115 0.406 0.183 0.203 0.225 0.101 0.182 
 193   (0.021) 0.008 0.003 0.015 0.017 0.013 0.010 0.014 

Locus 10 : 10 
6 alleles
0.0% missing data
 250   (0.046) 0.019 0.167 0.042 0.039 0.033 0.004 0.043 
 254   (0.055) 0.028 0.020 0.045 0.045 0.033 0.013 0.047 
 252   (0.104) 0.204 0.067 0.082 0.085 0.070 0.181 0.081 
 238   (0.584) 0.657 0.675 0.590 0.602 0.626 0.439 0.588 
 232   (0.188) 0.084 0.069 0.217 0.206 0.214 0.360 0.216 
 248   (0.023) 0.008 0.002 0.024 0.024 0.024 0.003 0.025 

Locus 11 : 11 
4 alleles
0.0% missing data
  87   (0.736) 0.590 0.499 0.772 0.765 0.781 0.651 0.777 
  89   (0.180) 0.317 0.104 0.168 0.173 0.173 0.270 0.163 
  91   (0.061) 0.085 0.337 0.044 0.046 0.034 0.078 0.044 
  85   (0.022) 0.008 0.060 0.016 0.016 0.012 0.002 0.016 

Locus 12 : 12 
11 alleles
0.0% missing data
 160   (0.276) 0.279 0.501 0.271 0.272 0.269 0.229 0.272 
 158   (0.199) 0.181 0.059 0.215 0.219 0.249 0.414 0.206 
 162   (0.205) 0.382 0.019 0.221 0.206 0.203 0.154 0.224 
 170   (0.065) 0.025 0.128 0.072 0.072 0.077 0.013 0.071 
 161   (0.105) 0.063 0.221 0.096 0.096 0.086 0.056 0.098 
 154   (0.031) 0.014 0.015 0.027 0.026 0.021 0.003 0.027 
 143   (0.031) 0.016 0.050 0.023 0.024 0.016 0.002 0.024 
 149   (0.028) 0.015 0.003 0.026 0.030 0.028 0.003 0.028 
 147   (0.033) 0.016 0.003 0.028 0.031 0.027 0.124 0.031 
 159   (0.014) 0.005 0.001 0.011 0.014 0.017 0.001 0.009 
 134   (0.014) 0.005 0.001 0.010 0.010 0.007 0.001 0.010 

Locus 13 : 13 
4 alleles
0.0% missing data
 113   (0.327) 0.192 0.279 0.332 0.342 0.359 0.347 0.329 
 115   (0.498) 0.580 0.480 0.507 0.495 0.478 0.489 0.517 
 108   (0.161) 0.223 0.239 0.151 0.152 0.155 0.164 0.145 
 110   (0.014) 0.005 0.002 0.010 0.011 0.008 0.001 0.010 

Locus 14 : 14 
7 alleles
0.0% missing data
 172   (0.459) 0.544 0.593 0.465 0.463 0.484 0.265 0.455 
 176   (0.129) 0.054 0.060 0.127 0.136 0.138 0.083 0.128 
 182   (0.073) 0.053 0.006 0.085 0.081 0.083 0.012 0.087 
 174   (0.221) 0.283 0.077 0.219 0.221 0.214 0.557 0.226 
 170   (0.021) 0.007 0.002 0.030 0.023 0.023 0.002 0.030 
 180   (0.038) 0.035 0.137 0.025 0.027 0.019 0.023 0.024 
 178   (0.060) 0.024 0.125 0.049 0.048 0.038 0.058 0.049 

Locus 15 : 15 
7 alleles
0.0% missing data
 225   (0.151) 0.154 0.074 0.146 0.134 0.115 0.076 0.148 
 229   (0.445) 0.416 0.360 0.464 0.460 0.462 0.579 0.473 
 227   (0.139) 0.174 0.012 0.161 0.177 0.232 0.156 0.148 
 231   (0.190) 0.212 0.424 0.171 0.170 0.145 0.111 0.175 
 213   (0.014) 0.005 0.002 0.010 0.011 0.008 0.001 0.011 
 233   (0.048) 0.021 0.127 0.037 0.037 0.028 0.076 0.037 
 203   (0.014) 0.017 0.001 0.010 0.011 0.010 0.001 0.009 

Locus 16 : 16 
4 alleles
0.7% missing data
 143   (0.901) 0.924 0.804 0.922 0.920 0.937 0.987 0.921 
 145   (0.057) 0.031 0.115 0.050 0.050 0.042 0.009 0.052 
 147   (0.028) 0.039 0.080 0.017 0.020 0.014 0.002 0.017 
 157   (0.014) 0.005 0.001 0.010 0.011 0.007 0.001 0.010 

Locus 17 : 17 
5 alleles
0.0% missing data
 158   (0.501) 0.473 0.312 0.523 0.519 0.531 0.664 0.526 
 156   (0.275) 0.413 0.243 0.251 0.255 0.244 0.190 0.249 
 154   (0.078) 0.030 0.348 0.069 0.066 0.054 0.046 0.069 
 160   (0.133) 0.078 0.097 0.147 0.149 0.162 0.098 0.144 
 152   (0.014) 0.005 0.001 0.010 0.012 0.009 0.002 0.011 

Locus 18 : 18 
5 alleles
0.0% missing data
  90   (0.657) 0.684 0.443 0.677 0.659 0.657 0.776 0.678 
 100   (0.115) 0.175 0.159 0.111 0.110 0.102 0.011 0.113 
 102   (0.150) 0.107 0.098 0.145 0.158 0.171 0.199 0.142 
 104   (0.014) 0.005 0.001 0.012 0.011 0.009 0.001 0.012 
  88   (0.064) 0.029 0.299 0.055 0.062 0.061 0.013 0.055 

Locus 19 : 19 
7 alleles
0.0% missing data
 127   (0.261) 0.173 0.404 0.278 0.278 0.303 0.158 0.270 
 140   (0.285) 0.429 0.236 0.287 0.292 0.297 0.116 0.289 
 142   (0.142) 0.120 0.024 0.139 0.128 0.110 0.499 0.143 
 148   (0.104) 0.059 0.068 0.097 0.097 0.085 0.098 0.101 
 146   (0.093) 0.049 0.008 0.091 0.090 0.084 0.109 0.093 
 138   (0.053) 0.028 0.005 0.060 0.066 0.083 0.014 0.056 
 150   (0.062) 0.141 0.256 0.048 0.049 0.038 0.006 0.049 

Locus 20 : 20 
6 alleles
0.0% missing data
 190   (0.118) 0.065 0.036 0.109 0.115 0.117 0.342 0.107 
 194   (0.569) 0.403 0.592 0.600 0.582 0.580 0.516 0.606 
 202   (0.045) 0.018 0.061 0.043 0.039 0.033 0.004 0.042 
 188   (0.144) 0.271 0.013 0.136 0.137 0.127 0.128 0.140 
 200   (0.110) 0.238 0.296 0.102 0.117 0.135 0.010 0.095 
 198   (0.014) 0.005 0.002 0.010 0.011 0.008 0.001 0.010 

Locus 21 : 21 
6 alleles
0.0% missing data
 252   (0.634) 0.789 0.120 0.664 0.662 0.688 0.773 0.662 
 246   (0.109) 0.085 0.161 0.117 0.124 0.144 0.013 0.113 
 248   (0.018) 0.007 0.001 0.019 0.017 0.015 0.001 0.019 
 244   (0.045) 0.030 0.077 0.033 0.034 0.026 0.064 0.033 
 250   (0.116) 0.055 0.350 0.093 0.093 0.068 0.121 0.096 
 254   (0.078) 0.035 0.290 0.074 0.070 0.060 0.028 0.077 

Locus 22 : 22 
7 alleles
0.0% missing data
 167   (0.267) 0.405 0.097 0.273 0.283 0.300 0.261 0.276 
 173   (0.284) 0.350 0.271 0.284 0.292 0.303 0.312 0.281 
 163   (0.044) 0.017 0.119 0.049 0.042 0.038 0.003 0.049 
 177   (0.197) 0.095 0.075 0.210 0.198 0.191 0.356 0.209 
 175   (0.127) 0.100 0.231 0.114 0.117 0.111 0.059 0.114 
 165   (0.067) 0.028 0.176 0.062 0.058 0.051 0.007 0.063 
 159   (0.014) 0.005 0.030 0.008 0.009 0.006 0.001 0.008 

Locus 23 : 23 
11 alleles
0.0% missing data
 152   (0.407) 0.340 0.126 0.449 0.454 0.490 0.536 0.447 
 158   (0.115) 0.125 0.409 0.111 0.111 0.110 0.012 0.110 
 146   (0.184) 0.353 0.016 0.183 0.177 0.165 0.272 0.188 
 150   (0.054) 0.021 0.153 0.045 0.048 0.045 0.025 0.045 
 156   (0.028) 0.031 0.028 0.019 0.021 0.015 0.002 0.019 
 162   (0.037) 0.014 0.184 0.030 0.029 0.023 0.003 0.031 
 166   (0.067) 0.072 0.006 0.059 0.060 0.052 0.050 0.061 
 164   (0.043) 0.022 0.015 0.046 0.041 0.039 0.005 0.046 
 148   (0.025) 0.009 0.017 0.027 0.023 0.021 0.002 0.027 
 142   (0.024) 0.008 0.045 0.020 0.025 0.033 0.002 0.018 
 154   (0.016) 0.005 0.001 0.009 0.010 0.007 0.091 0.009 

Locus 24 : 24 
6 alleles
0.7% missing data
 144   (0.177) 0.201 0.300 0.179 0.182 0.200 0.130 0.170 
 156   (0.167) 0.128 0.307 0.159 0.155 0.146 0.070 0.159 
 154   (0.496) 0.586 0.207 0.526 0.517 0.511 0.574 0.539 
 160   (0.106) 0.064 0.089 0.098 0.107 0.114 0.166 0.095 
 152   (0.020) 0.008 0.002 0.013 0.014 0.010 0.051 0.013 
 158   (0.034) 0.013 0.095 0.025 0.026 0.020 0.009 0.025 

Locus 25 : 25 
4 alleles
0.7% missing data
  81   (0.374) 0.420 0.310 0.383 0.379 0.375 0.239 0.388 
  83   (0.480) 0.426 0.589 0.478 0.481 0.487 0.466 0.475 
  77   (0.099) 0.103 0.008 0.106 0.106 0.112 0.262 0.104 
  85   (0.046) 0.051 0.094 0.033 0.034 0.026 0.033 0.033 

Locus 26 : 26 
6 alleles
0.7% missing data
 124   (0.526) 0.598 0.614 0.558 0.563 0.600 0.297 0.555 
 132   (0.253) 0.257 0.022 0.251 0.251 0.249 0.630 0.252 
 122   (0.123) 0.096 0.331 0.115 0.108 0.090 0.020 0.117 
 126   (0.061) 0.035 0.017 0.049 0.050 0.041 0.050 0.050 
 120   (0.022) 0.009 0.015 0.016 0.016 0.012 0.002 0.016 
 136   (0.015) 0.005 0.001 0.011 0.011 0.008 0.001 0.011 

Locus 27 : 27 
6 alleles
0.0% missing data
 165   (0.247) 0.310 0.113 0.256 0.271 0.306 0.154 0.244 
 183   (0.335) 0.277 0.369 0.324 0.317 0.288 0.474 0.332 
 179   (0.115) 0.141 0.225 0.099 0.099 0.082 0.082 0.105 
 175   (0.213) 0.161 0.019 0.248 0.239 0.264 0.282 0.245 
 181   (0.068) 0.099 0.185 0.058 0.058 0.049 0.006 0.058 
 185   (0.023) 0.011 0.089 0.015 0.016 0.012 0.002 0.015 

Locus 28 : 28 
4 alleles
0.0% missing data
 142   (0.518) 0.711 0.418 0.509 0.527 0.547 0.636 0.508 
 150   (0.157) 0.100 0.206 0.172 0.158 0.153 0.015 0.173 
 148   (0.239) 0.142 0.298 0.243 0.229 0.207 0.135 0.246 
 138   (0.086) 0.047 0.079 0.076 0.087 0.094 0.214 0.073 

Locus 29 : 29 
5 alleles
0.0% missing data
 260   (0.448) 0.343 0.297 0.500 0.496 0.538 0.253 0.495 
 262   (0.448) 0.613 0.527 0.416 0.416 0.387 0.705 0.421 
 258   (0.026) 0.012 0.002 0.023 0.022 0.019 0.002 0.022 
 256   (0.063) 0.027 0.173 0.050 0.052 0.041 0.040 0.051 
 264   (0.014) 0.005 0.001 0.011 0.014 0.015 0.001 0.011 

Locus 30 : 30 
5 alleles
0.0% missing data
 140   (0.163) 0.107 0.451 0.153 0.162 0.163 0.071 0.153 
 150   (0.487) 0.682 0.208 0.493 0.494 0.506 0.713 0.493 
 148   (0.083) 0.068 0.023 0.073 0.072 0.059 0.077 0.075 
 146   (0.236) 0.125 0.316 0.252 0.245 0.249 0.135 0.250 
 152   (0.031) 0.018 0.003 0.029 0.027 0.022 0.005 0.029 

Locus 31 : 31 
6 alleles
0.0% missing data
 125   (0.270) 0.325 0.123 0.268 0.249 0.227 0.283 0.271 
 129   (0.501) 0.439 0.240 0.528 0.546 0.592 0.581 0.523 
 123   (0.104) 0.180 0.067 0.090 0.096 0.088 0.125 0.091 
 127   (0.068) 0.032 0.372 0.062 0.058 0.047 0.006 0.063 
 121   (0.017) 0.005 0.001 0.019 0.016 0.015 0.001 0.019 
 131   (0.040) 0.018 0.197 0.034 0.036 0.033 0.004 0.034 

Locus 32 : 32 
5 alleles
0.0% missing data
 155   (0.558) 0.447 0.613 0.575 0.566 0.562 0.658 0.576 
 159   (0.140) 0.285 0.098 0.129 0.138 0.144 0.088 0.129 
 157   (0.189) 0.155 0.090 0.206 0.199 0.211 0.162 0.203 
 153   (0.077) 0.100 0.174 0.063 0.068 0.060 0.084 0.064 
 151   (0.035) 0.014 0.025 0.027 0.029 0.023 0.008 0.028 

Locus 33 : 33 
4 alleles
0.0% missing data
  92   (0.272) 0.288 0.475 0.245 0.250 0.227 0.291 0.248 
  94   (0.074) 0.048 0.051 0.063 0.062 0.052 0.078 0.064 
  95   (0.181) 0.098 0.322 0.198 0.189 0.196 0.120 0.197 
  91   (0.473) 0.566 0.152 0.493 0.499 0.525 0.511 0.491 

Locus 34 : 34 
4 alleles
0.0% missing data
 146   (0.335) 0.207 0.528 0.340 0.340 0.341 0.101 0.342 
 148   (0.084) 0.122 0.121 0.065 0.067 0.053 0.098 0.066 
 150   (0.528) 0.545 0.301 0.552 0.546 0.565 0.796 0.549 
 154   (0.053) 0.127 0.051 0.042 0.047 0.042 0.004 0.043 

Locus 35 : 35 
7 alleles
0.0% missing data
 180   (0.400) 0.439 0.320 0.404 0.397 0.390 0.531 0.410 
 192   (0.157) 0.123 0.160 0.175 0.177 0.190 0.014 0.176 
 184   (0.207) 0.184 0.127 0.202 0.197 0.191 0.220 0.198 
 196   (0.144) 0.192 0.014 0.151 0.158 0.175 0.164 0.148 
 198   (0.051) 0.048 0.331 0.037 0.039 0.030 0.023 0.037 
 190   (0.025) 0.008 0.046 0.023 0.021 0.018 0.002 0.023 
 194   (0.015) 0.005 0.001 0.009 0.010 0.007 0.046 0.008 

Locus 36 : 36 
6 alleles
0.0% missing data
 106   (0.275) 0.354 0.129 0.281 0.286 0.297 0.178 0.283 
 112   (0.298) 0.388 0.073 0.299 0.309 0.329 0.509 0.293 
  94   (0.025) 0.009 0.002 0.030 0.025 0.024 0.002 0.030 
 110   (0.216) 0.154 0.168 0.214 0.204 0.189 0.287 0.216 
 108   (0.149) 0.080 0.625 0.142 0.140 0.123 0.022 0.145 
  90   (0.037) 0.015 0.004 0.034 0.037 0.037 0.003 0.032 

Locus 37 : 37 
8 alleles
0.0% missing data
 168   (0.102) 0.166 0.337 0.094 0.092 0.079 0.008 0.100 
 178   (0.047) 0.022 0.004 0.049 0.054 0.065 0.010 0.046 
 170   (0.277) 0.272 0.324 0.273 0.265 0.250 0.153 0.273 
 174   (0.123) 0.214 0.051 0.123 0.123 0.117 0.029 0.128 
 172   (0.287) 0.230 0.168 0.287 0.306 0.335 0.479 0.281 
 176   (0.095) 0.040 0.008 0.123 0.101 0.096 0.099 0.123 
 166   (0.047) 0.025 0.004 0.039 0.044 0.048 0.220 0.036 
 186   (0.022) 0.032 0.103 0.013 0.015 0.010 0.002 0.013 

Locus 38 : 38 
6 alleles
0.0% missing data
  85   (0.188) 0.420 0.045 0.177 0.176 0.167 0.178 0.178 
  95   (0.069) 0.030 0.016 0.064 0.065 0.066 0.090 0.063 
  89   (0.551) 0.464 0.529 0.570 0.569 0.587 0.715 0.564 
  83   (0.128) 0.061 0.367 0.129 0.131 0.126 0.012 0.135 
  81   (0.047) 0.019 0.004 0.048 0.047 0.044 0.004 0.049 
  91   (0.018) 0.006 0.039 0.012 0.013 0.009 0.001 0.011 

Locus 39 : 39 
7 alleles
0.0% missing data
 161   (0.346) 0.361 0.556 0.342 0.335 0.318 0.487 0.345 
 165   (0.206) 0.277 0.177 0.207 0.198 0.190 0.172 0.210 
 167   (0.041) 0.036 0.004 0.040 0.043 0.042 0.013 0.042 
 169   (0.097) 0.089 0.008 0.103 0.102 0.103 0.124 0.102 
 173   (0.281) 0.227 0.252 0.285 0.293 0.310 0.192 0.280 
 175   (0.015) 0.005 0.001 0.016 0.020 0.030 0.001 0.012 
 159   (0.014) 0.005 0.001 0.008 0.009 0.006 0.011 0.008 

Locus 40 : 40 
5 alleles
0.0% missing data
  85   (0.223) 0.180 0.084 0.228 0.234 0.252 0.123 0.221 
  87   (0.127) 0.193 0.394 0.104 0.101 0.078 0.149 0.105 
  91   (0.151) 0.075 0.266 0.156 0.157 0.161 0.034 0.156 
  81   (0.073) 0.047 0.006 0.078 0.075 0.071 0.024 0.080 
  89   (0.426) 0.504 0.249 0.435 0.434 0.438 0.670 0.438 

Locus 41 : 41 
3 alleles
0.0% missing data
 167   (0.756) 0.837 0.476 0.767 0.769 0.783 0.925 0.768 
 161   (0.195) 0.145 0.491 0.186 0.188 0.182 0.062 0.186 
 165   (0.049) 0.019 0.033 0.047 0.042 0.035 0.013 0.046 

Locus 42 : 42 
6 alleles
0.0% missing data
 224   (0.038) 0.031 0.016 0.026 0.028 0.022 0.058 0.025 
 228   (0.382) 0.323 0.390 0.385 0.402 0.439 0.575 0.373 
 238   (0.361) 0.547 0.100 0.371 0.358 0.346 0.240 0.378 
 240   (0.136) 0.069 0.407 0.151 0.146 0.143 0.013 0.157 
 236   (0.069) 0.027 0.085 0.056 0.055 0.041 0.114 0.056 
 242   (0.014) 0.005 0.001 0.012 0.011 0.009 0.001 0.011 

Locus 43 : 43 
7 alleles
0.7% missing data
 130   (0.532) 0.500 0.580 0.560 0.546 0.552 0.471 0.558 
 118   (0.053) 0.032 0.099 0.047 0.051 0.049 0.006 0.048 
 128   (0.070) 0.060 0.006 0.070 0.078 0.095 0.138 0.065 
 132   (0.080) 0.035 0.007 0.075 0.078 0.075 0.267 0.075 
 114   (0.107) 0.091 0.009 0.108 0.104 0.094 0.084 0.114 
 134   (0.142) 0.275 0.297 0.129 0.132 0.127 0.015 0.130 
 122   (0.016) 0.006 0.001 0.010 0.011 0.008 0.020 0.010 

Locus 44 : 44 
5 alleles
0.0% missing data
 104   (0.421) 0.426 0.105 0.440 0.438 0.456 0.162 0.438 
  98   (0.152) 0.139 0.252 0.133 0.128 0.104 0.216 0.133 
 102   (0.201) 0.339 0.017 0.220 0.232 0.265 0.438 0.220 
  92   (0.152) 0.067 0.448 0.151 0.142 0.126 0.113 0.152 
  96   (0.074) 0.029 0.179 0.056 0.061 0.049 0.072 0.057 

Locus 45 : 45 
5 alleles
0.0% missing data
  95   (0.222) 0.233 0.405 0.204 0.209 0.192 0.357 0.209 
 101   (0.365) 0.369 0.225 0.377 0.388 0.434 0.399 0.361 
 103   (0.275) 0.300 0.094 0.294 0.284 0.279 0.228 0.300 
  99   (0.101) 0.079 0.240 0.096 0.089 0.072 0.013 0.099 
  97   (0.037) 0.020 0.036 0.030 0.030 0.022 0.003 0.031 

Locus 46 : 46 
7 alleles
0.0% missing data
 181   (0.540) 0.401 0.269 0.593 0.585 0.621 0.736 0.589 
 191   (0.291) 0.414 0.602 0.270 0.271 0.253 0.178 0.273 
 179   (0.034) 0.133 0.075 0.022 0.024 0.017 0.003 0.023 
 177   (0.069) 0.028 0.036 0.059 0.067 0.068 0.077 0.060 
 189   (0.020) 0.007 0.002 0.016 0.016 0.012 0.002 0.016 
 183   (0.020) 0.008 0.002 0.016 0.016 0.013 0.002 0.016 
 193   (0.027) 0.009 0.015 0.022 0.021 0.017 0.002 0.022 

Locus 47 : 47 
6 alleles
0.0% missing data
 211   (0.205) 0.283 0.393 0.190 0.194 0.187 0.175 0.193 
 215   (0.074) 0.040 0.032 0.067 0.062 0.050 0.081 0.069 
 205   (0.447) 0.483 0.354 0.479 0.476 0.501 0.495 0.477 
 207   (0.197) 0.104 0.126 0.208 0.209 0.216 0.177 0.204 
 201   (0.056) 0.058 0.065 0.043 0.045 0.035 0.071 0.044 
 202   (0.021) 0.031 0.029 0.013 0.014 0.011 0.002 0.013 

Locus 48 : 48 
10 alleles
0.0% missing data
 142   (0.286) 0.387 0.133 0.307 0.311 0.346 0.202 0.301 
 162   (0.064) 0.045 0.052 0.060 0.057 0.052 0.006 0.059 
 164   (0.039) 0.014 0.105 0.032 0.033 0.026 0.003 0.033 
 168   (0.149) 0.062 0.309 0.156 0.154 0.152 0.263 0.157 
 158   (0.171) 0.152 0.183 0.175 0.170 0.159 0.071 0.179 
 170   (0.041) 0.014 0.104 0.030 0.032 0.023 0.014 0.031 
 166   (0.137) 0.268 0.031 0.142 0.141 0.155 0.289 0.137 
 156   (0.041) 0.018 0.066 0.036 0.037 0.030 0.004 0.038 
 144   (0.057) 0.032 0.005 0.054 0.056 0.051 0.148 0.057 
 160   (0.013) 0.007 0.010 0.008 0.009 0.006 0.001 0.008 

Locus 49 : 49 
6 alleles
0.0% missing data
 149   (0.349) 0.203 0.757 0.365 0.370 0.393 0.116 0.361 
 151   (0.219) 0.280 0.089 0.219 0.209 0.201 0.229 0.217 
 145   (0.199) 0.284 0.120 0.195 0.204 0.216 0.250 0.191 
 153   (0.192) 0.219 0.018 0.187 0.184 0.164 0.402 0.199 
 147   (0.014) 0.005 0.001 0.010 0.011 0.008 0.001 0.011 
 143   (0.026) 0.009 0.015 0.023 0.022 0.018 0.002 0.022 

Values of parameters used in structure:
DATAFILE=admix_W1.str,	OUTFILE=k7/admix_W1_k7_run4,	NUMINDS=150,	NUMLOCI=49,	MISSING=-9,	LABEL=1,	POPDATA=1,	POPFLAG=0,	PHENOTYPE=0,	EXTRACOLS=0,	MAXPOPS=7,	BURNIN=500000,	NUMREPS=750000,	USEPOPINFO=0,	INFERALPHA=1,	INFERLAMBDA=0,	POPSPECIFICLAMBDA=0,	POPALPHAS=0,	COMPUTEPROB=1,	NOADMIX=0,	ADMBURNIN=500,	UPDATEFREQ=100,	PRINTLIKES=0,	INTERMEDSAVE=0,	PRINTKLD=0,	PRINTNET=1,	PRINTLAMBDA=1,	ANCESTDIST=0,	NUMBOXES=1000,	ANCESTPINT=0.90000,	GENSBACK=2,	MIGRPRIOR=0.01000,	PRINTQHAT=0,	PRINTQSUM=1,	ALPHA=1.0000,	FREQSCORR=1,	FPRIORMEAN=0.0100,	FPRIORSD=0.0500,	ONEFST=0,	LAMBDA=1.0000,	UNIFPRIORALPHA=1,	ALPHAMAX=10.0000,	ALPHAPRIORA=1.0000,	ALPHAPRIORB=2.0000,	ALPHAPROPSD=0.0250,	STARTATPOPINFO=0,	RANDOMIZE=0,	LINKAGE=0,	METROFREQ=10,	REPORTHITRATE=0,	MARKOVPHASE=0,	PHASED=1,	PLOIDY=2,	PHASEINFO=0	LOCPRIOR=0, 	LOCPRIORINIT=1.000000, 	LOCDATA=0, 	LOCISPOP=1, 	LOCPRIORSTEP=0.100000, 	MAXLOCPRIOR=20.000000, 	SEED=205657,	
[STRAT parameters]:    NUMSIMSTATS=1000,	PHENOTYPECOL=-9,	POOLFREQ=10,	LOCUSxONLY=0,	EMERROR=0.00100,	MISSINGPHENO=-9,	