

----------------------------------------------------
STRUCTURE by Pritchard, Stephens and Donnelly (2000)
     and Falush, Stephens and Pritchard (2003)
       Code by Pritchard, Falush and Hubisz
             Version 2.3.4 (Jul 2012)
----------------------------------------------------



Command line arguments:   structure -D 562968 -K 4 -m mainparams -o k4/admix_W1_k4_run3 
Input File:    admix_W1.str

Run parameters:
   150 individuals
   49 loci
   4 populations assumed
   500000 Burn-in period
   750000 Reps
RANDOMIZE turned off


--------------------------------------------
Proportion of membership of each pre-defined
 population in each of the 4 clusters

Given    Inferred Clusters              Number of
 Pop       1      2      3      4      Individuals

  1:     0.550  0.381  0.032  0.037       10
  2:     0.371  0.443  0.084  0.102       24
  3:     0.656  0.173  0.151  0.020       13
  4:     0.752  0.173  0.057  0.018       11
  5:     0.361  0.480  0.125  0.034       23
  6:     0.008  0.010  0.007  0.975       30
  7:     0.035  0.023  0.936  0.006       39
--------------------------------------------

Allele-freq. divergence among pops (Net nucleotide distance),
computed using point estimates of P.

      1       2       3       4      
 1      -    0.0073  0.0345  0.0755  
 2   0.0073     -    0.0313  0.0545  
 3   0.0345  0.0313     -    0.1172  
 4   0.0755  0.0545  0.1172     -    

Average distances (expected heterozygosity) between individuals in same cluster:
cluster  1  : 0.6188 
cluster  2  : 0.6589 
cluster  3  : 0.5571 
cluster  4  : 0.6415 

--------------------------------------------
Estimated Ln Prob of Data   = -17931.5
Mean value of ln likelihood = -17427.8
Variance of ln likelihood   = 1007.4
Mean value of alpha         = 0.0570

Mean value of Fst_1         = 0.0453
Mean value of Fst_2         = 0.0077
Mean value of Fst_3         = 0.1302
Mean value of Fst_4         = 0.1472


Inferred ancestry of individuals:
        Label (%Miss) Pop:  Inferred clusters
  1     2355    (0)    1 :  0.650 0.305 0.018 0.028 
  2     2356    (0)    1 :  0.559 0.415 0.005 0.022 
  3     2357    (0)    1 :  0.914 0.021 0.062 0.002 
  4     2358    (0)    1 :  0.072 0.904 0.014 0.011 
  5     2359    (0)    1 :  0.663 0.296 0.037 0.004 
  6     2360    (0)    1 :  0.821 0.066 0.013 0.100 
  7     2361    (2)    1 :  0.045 0.881 0.069 0.004 
  8     2362    (0)    1 :  0.616 0.335 0.037 0.011 
  9     2363    (0)    1 :  0.511 0.311 0.013 0.165 
 10     2364    (0)    1 :  0.652 0.276 0.050 0.023 
 11     2434    (0)    2 :  0.206 0.678 0.030 0.085 
 12     2435    (0)    2 :  0.139 0.704 0.009 0.148 
 13     2436    (0)    2 :  0.458 0.320 0.008 0.214 
 14     2437    (0)    2 :  0.109 0.665 0.011 0.214 
 15     2438    (0)    2 :  0.021 0.957 0.011 0.011 
 16     2439    (0)    2 :  0.909 0.069 0.012 0.010 
 17     2440    (0)    2 :  0.728 0.159 0.010 0.102 
 18     2441    (0)    2 :  0.039 0.805 0.054 0.102 
 19     2442    (0)    2 :  0.091 0.684 0.016 0.209 
 20     2443    (0)    2 :  0.241 0.714 0.025 0.020 
 21     2444    (0)    2 :  0.752 0.104 0.028 0.115 
 22     2446    (0)    2 :  0.895 0.058 0.022 0.024 
 23     2447    (0)    2 :  0.039 0.921 0.027 0.013 
 24     2448    (0)    2 :  0.099 0.067 0.827 0.007 
 25     2449    (0)    2 :  0.618 0.086 0.007 0.289 
 26     2450    (0)    2 :  0.620 0.138 0.005 0.237 
 27     2451    (0)    2 :  0.151 0.617 0.016 0.216 
 28     2452    (0)    2 :  0.841 0.032 0.121 0.006 
 29     2453    (0)    2 :  0.025 0.913 0.055 0.008 
 30     2454    (0)    2 :  0.320 0.107 0.567 0.006 
 31     2455    (0)    2 :  0.848 0.120 0.009 0.024 
 32     2456    (0)    2 :  0.038 0.888 0.066 0.007 
 33     2457    (0)    2 :  0.696 0.130 0.022 0.152 
 34     2458    (0)    2 :  0.030 0.694 0.050 0.227 
 35     2398    (0)    3 :  0.863 0.105 0.030 0.003 
 36     2399    (0)    3 :  0.721 0.215 0.019 0.044 
 37     2400    (0)    3 :  0.493 0.437 0.063 0.008 
 38     2401    (0)    3 :  0.890 0.037 0.069 0.003 
 39     2402    (0)    3 :  0.362 0.055 0.415 0.168 
 40     2403    (0)    3 :  0.982 0.011 0.005 0.003 
 41     2404    (0)    3 :  0.935 0.021 0.041 0.003 
 42     2405    (0)    3 :  0.227 0.758 0.009 0.006 
 43     2406    (0)    3 :  0.515 0.133 0.349 0.003 
 44     2407    (0)    3 :  0.212 0.177 0.602 0.009 
 45     2408    (0)    3 :  0.622 0.213 0.156 0.009 
 46     2409    (0)    3 :  0.743 0.079 0.174 0.004 
 47     2410    (0)    3 :  0.959 0.009 0.029 0.003 
 48     2459    (0)    4 :  0.822 0.112 0.045 0.021 
 49     2460    (0)    4 :  0.207 0.547 0.233 0.013 
 50     2461    (0)    4 :  0.959 0.028 0.008 0.005 
 51     2462    (4)    4 :  0.724 0.119 0.141 0.016 
 52     2463    (0)    4 :  0.941 0.033 0.021 0.005 
 53     2464    (2)    4 :  0.843 0.078 0.015 0.064 
 54     2465    (0)    4 :  0.870 0.078 0.044 0.009 
 55     2466    (2)    4 :  0.931 0.036 0.027 0.006 
 56     2467    (0)    4 :  0.134 0.788 0.048 0.030 
 57     2468    (0)    4 :  0.920 0.046 0.025 0.009 
 58     2469    (0)    4 :  0.924 0.039 0.017 0.020 
 59     2369    (0)    5 :  0.304 0.207 0.479 0.010 
 60     2370    (0)    5 :  0.673 0.289 0.034 0.004 
 61     2372    (0)    5 :  0.675 0.288 0.026 0.011 
 62     2373    (0)    5 :  0.033 0.444 0.258 0.265 
 63     2374    (0)    5 :  0.968 0.014 0.014 0.004 
 64     2375    (0)    5 :  0.655 0.323 0.010 0.012 
 65     2376    (0)    5 :  0.369 0.543 0.077 0.011 
 66     2377    (0)    5 :  0.321 0.318 0.333 0.028 
 67     2378    (0)    5 :  0.308 0.533 0.155 0.003 
 68     2379    (0)    5 :  0.021 0.949 0.018 0.012 
 69     2380    (0)    5 :  0.930 0.054 0.013 0.003 
 70     2381    (0)    5 :  0.227 0.563 0.206 0.004 
 71     2382    (0)    5 :  0.709 0.186 0.004 0.101 
 72     2383    (0)    5 :  0.541 0.160 0.280 0.019 
 73     2384    (0)    5 :  0.458 0.499 0.016 0.028 
 74     2385    (0)    5 :  0.053 0.912 0.018 0.017 
 75     2386    (0)    5 :  0.295 0.607 0.094 0.004 
 76     2387    (0)    5 :  0.137 0.785 0.073 0.005 
 77     2388    (0)    5 :  0.028 0.957 0.005 0.009 
 78     2389    (2)    5 :  0.233 0.577 0.007 0.182 
 79     2390    (0)    5 :  0.013 0.950 0.012 0.024 
 80     2391    (0)    5 :  0.035 0.644 0.317 0.004 
 81     2392    (0)    5 :  0.321 0.238 0.428 0.014 
 82     1408    (0)    6 :  0.005 0.010 0.003 0.981 
 83     1409    (0)    6 :  0.006 0.006 0.003 0.985 
 84     1410    (0)    6 :  0.003 0.004 0.003 0.989 
 85     1411    (0)    6 :  0.006 0.006 0.004 0.985 
 86     1412    (0)    6 :  0.006 0.007 0.004 0.984 
 87     1413    (0)    6 :  0.006 0.009 0.003 0.982 
 88     1414    (0)    6 :  0.002 0.004 0.002 0.992 
 89     1415    (0)    6 :  0.005 0.005 0.004 0.986 
 90     1416    (0)    6 :  0.004 0.005 0.005 0.986 
 91     1417    (0)    6 :  0.004 0.005 0.002 0.990 
 92     1418    (0)    6 :  0.008 0.009 0.003 0.980 
 93     1419    (0)    6 :  0.004 0.005 0.003 0.989 
 94     1420    (0)    6 :  0.006 0.007 0.005 0.983 
 95     1421    (0)    6 :  0.011 0.016 0.005 0.968 
 96     1422    (0)    6 :  0.004 0.006 0.003 0.987 
 97     1423    (0)    6 :  0.004 0.009 0.003 0.984 
 98     1424    (0)    6 :  0.021 0.017 0.007 0.955 
 99     1425    (0)    6 :  0.009 0.014 0.016 0.960 
100     1426    (0)    6 :  0.010 0.012 0.007 0.972 
101     1427    (0)    6 :  0.023 0.032 0.032 0.914 
102     1428    (0)    6 :  0.005 0.005 0.003 0.988 
103     1429    (0)    6 :  0.005 0.005 0.008 0.982 
104     1430    (0)    6 :  0.005 0.011 0.004 0.979 
105     1431    (0)    6 :  0.013 0.024 0.015 0.948 
106     1432    (0)    6 :  0.003 0.005 0.003 0.989 
107     1433    (0)    6 :  0.006 0.007 0.004 0.983 
108     1434    (0)    6 :  0.015 0.016 0.015 0.953 
109     1435    (0)    6 :  0.017 0.028 0.011 0.944 
110     1436    (0)    6 :  0.017 0.019 0.014 0.950 
111     1437    (0)    6 :  0.003 0.004 0.003 0.990 
112     2229    (0)    7 :  0.004 0.005 0.988 0.003 
113     2230    (0)    7 :  0.021 0.016 0.960 0.003 
114     2235    (0)    7 :  0.015 0.044 0.922 0.020 
115     2236    (0)    7 :  0.157 0.077 0.761 0.005 
116     2237    (0)    7 :  0.052 0.010 0.925 0.013 
117     2238    (0)    7 :  0.007 0.004 0.986 0.003 
118     2239    (0)    7 :  0.005 0.006 0.988 0.002 
119     2240    (0)    7 :  0.019 0.015 0.962 0.005 
120     2241    (0)    7 :  0.020 0.050 0.900 0.030 
121     2242    (0)    7 :  0.043 0.027 0.928 0.003 
122     2243    (0)    7 :  0.039 0.016 0.942 0.004 
123     2244    (0)    7 :  0.033 0.010 0.955 0.002 
124     2245    (0)    7 :  0.007 0.006 0.981 0.006 
125     2246    (0)    7 :  0.009 0.010 0.975 0.005 
126     2247    (0)    7 :  0.013 0.009 0.975 0.003 
127     2248    (0)    7 :  0.004 0.005 0.989 0.002 
128     2249    (0)    7 :  0.016 0.078 0.897 0.008 
129     2250    (0)    7 :  0.003 0.003 0.992 0.001 
130     2251    (0)    7 :  0.013 0.015 0.962 0.010 
131     2252    (0)    7 :  0.005 0.006 0.984 0.005 
132     2253    (0)    7 :  0.031 0.062 0.903 0.004 
133     2254    (0)    7 :  0.187 0.047 0.760 0.005 
134     2255    (0)    7 :  0.012 0.023 0.961 0.003 
135     2256    (0)    7 :  0.391 0.088 0.519 0.002 
136     2257    (0)    7 :  0.008 0.010 0.959 0.022 
137     2258    (0)    7 :  0.035 0.022 0.938 0.004 
138     2259    (0)    7 :  0.007 0.005 0.986 0.002 
139     2260    (0)    7 :  0.009 0.011 0.977 0.003 
140     2261    (0)    7 :  0.011 0.009 0.974 0.006 
141     2262    (0)    7 :  0.006 0.004 0.986 0.003 
142     2263    (0)    7 :  0.006 0.007 0.980 0.007 
143     2264    (0)    7 :  0.007 0.012 0.977 0.004 
144     2265    (0)    7 :  0.038 0.016 0.940 0.006 
145     2266    (0)    7 :  0.051 0.019 0.927 0.003 
146     2267    (0)    7 :  0.012 0.006 0.979 0.002 
147     2268    (0)    7 :  0.019 0.014 0.958 0.009 
148     2269    (0)    7 :  0.005 0.006 0.985 0.004 
149     2270    (0)    7 :  0.006 0.008 0.980 0.006 
150     2271    (0)    7 :  0.030 0.118 0.836 0.016 


Estimated Allele Frequencies in each cluster
First column gives estimated ancestral frequencies


Locus 1 : 1 
4 alleles
0.0% missing data
  91   (0.344) 0.298 0.342 0.369 0.555 
  89   (0.520) 0.556 0.524 0.569 0.407 
  93   (0.107) 0.139 0.100 0.059 0.036 
  99   (0.028) 0.007 0.033 0.003 0.002 

Locus 2 : 2 
6 alleles
0.0% missing data
 134   (0.248) 0.360 0.244 0.152 0.116 
 136   (0.352) 0.316 0.350 0.567 0.550 
 140   (0.096) 0.081 0.094 0.043 0.059 
 138   (0.245) 0.222 0.254 0.233 0.242 
 142   (0.024) 0.007 0.021 0.002 0.030 
 132   (0.034) 0.015 0.037 0.003 0.003 

Locus 3 : 3 
6 alleles
0.0% missing data
 179   (0.296) 0.391 0.294 0.305 0.153 
 187   (0.310) 0.217 0.319 0.477 0.355 
 185   (0.105) 0.097 0.105 0.008 0.219 
 191   (0.035) 0.062 0.028 0.010 0.003 
 181   (0.183) 0.198 0.179 0.194 0.092 
 175   (0.072) 0.037 0.075 0.005 0.178 

Locus 4 : 4 
10 alleles
0.0% missing data
 241   (0.186) 0.169 0.188 0.081 0.431 
 247   (0.076) 0.068 0.082 0.006 0.022 
 253   (0.350) 0.461 0.352 0.672 0.135 
 273   (0.022) 0.011 0.020 0.002 0.002 
 269   (0.185) 0.200 0.197 0.141 0.044 
 271   (0.076) 0.053 0.069 0.024 0.199 
 249   (0.050) 0.023 0.043 0.067 0.061 
 245   (0.025) 0.005 0.022 0.002 0.100 
 265   (0.015) 0.005 0.014 0.002 0.001 
 239   (0.015) 0.004 0.013 0.003 0.004 

Locus 5 : 5 
4 alleles
0.0% missing data
 103   (0.884) 0.938 0.895 0.960 0.784 
 105   (0.057) 0.046 0.051 0.004 0.184 
 102   (0.023) 0.007 0.024 0.002 0.002 
 104   (0.036) 0.010 0.030 0.033 0.030 

Locus 6 : 6 
5 alleles
0.0% missing data
 135   (0.361) 0.255 0.364 0.186 0.694 
 145   (0.286) 0.504 0.290 0.148 0.026 
 141   (0.267) 0.216 0.269 0.611 0.089 
 147   (0.058) 0.019 0.052 0.053 0.122 
 137   (0.028) 0.006 0.024 0.002 0.069 

Locus 7 : 7 
10 alleles
0.7% missing data
  97   (0.198) 0.189 0.201 0.190 0.123 
 103   (0.262) 0.370 0.283 0.302 0.025 
  89   (0.092) 0.067 0.087 0.061 0.177 
  93   (0.255) 0.193 0.262 0.375 0.341 
  83   (0.036) 0.089 0.034 0.003 0.003 
  99   (0.029) 0.012 0.026 0.002 0.034 
  85   (0.034) 0.049 0.029 0.007 0.003 
  91   (0.044) 0.011 0.039 0.047 0.099 
 105   (0.021) 0.007 0.016 0.002 0.078 
 101   (0.030) 0.013 0.023 0.009 0.117 

Locus 8 : 8 
8 alleles
0.0% missing data
 129   (0.563) 0.638 0.576 0.738 0.395 
 143   (0.233) 0.251 0.240 0.071 0.304 
 141   (0.057) 0.053 0.053 0.077 0.005 
 149   (0.063) 0.023 0.057 0.099 0.260 
 133   (0.028) 0.015 0.029 0.003 0.004 
 145   (0.016) 0.011 0.012 0.001 0.001 
 127   (0.024) 0.006 0.021 0.002 0.030 
 131   (0.015) 0.004 0.012 0.009 0.002 

Locus 9 : 9 
4 alleles
0.0% missing data
 189   (0.480) 0.485 0.506 0.269 0.321 
 191   (0.313) 0.306 0.302 0.617 0.275 
 195   (0.184) 0.202 0.172 0.103 0.402 
 193   (0.024) 0.007 0.020 0.011 0.003 

Locus 10 : 10 
6 alleles
0.0% missing data
 250   (0.051) 0.024 0.050 0.004 0.162 
 254   (0.058) 0.036 0.054 0.013 0.024 
 252   (0.107) 0.088 0.098 0.181 0.071 
 238   (0.554) 0.650 0.558 0.443 0.669 
 232   (0.205) 0.182 0.214 0.355 0.071 
 248   (0.025) 0.020 0.026 0.004 0.002 

Locus 11 : 11 
4 alleles
0.0% missing data
  87   (0.723) 0.765 0.747 0.657 0.503 
  89   (0.187) 0.195 0.178 0.266 0.106 
  91   (0.064) 0.035 0.053 0.075 0.333 
  85   (0.026) 0.006 0.023 0.002 0.058 

Locus 12 : 12 
11 alleles
0.0% missing data
 160   (0.259) 0.284 0.255 0.227 0.496 
 158   (0.210) 0.203 0.218 0.410 0.060 
 162   (0.194) 0.267 0.208 0.163 0.018 
 170   (0.072) 0.063 0.074 0.015 0.127 
 161   (0.110) 0.077 0.108 0.055 0.216 
 154   (0.035) 0.011 0.036 0.003 0.016 
 143   (0.030) 0.012 0.026 0.002 0.058 
 149   (0.028) 0.032 0.024 0.003 0.003 
 147   (0.033) 0.031 0.025 0.120 0.003 
 159   (0.015) 0.012 0.011 0.001 0.001 
 134   (0.015) 0.006 0.013 0.001 0.001 

Locus 13 : 13 
4 alleles
0.0% missing data
 113   (0.328) 0.309 0.334 0.344 0.285 
 115   (0.486) 0.536 0.486 0.490 0.478 
 108   (0.170) 0.151 0.166 0.164 0.235 
 110   (0.016) 0.005 0.014 0.001 0.002 

Locus 14 : 14 
7 alleles
0.0% missing data
 172   (0.443) 0.511 0.445 0.269 0.591 
 176   (0.141) 0.106 0.144 0.088 0.063 
 182   (0.062) 0.104 0.064 0.011 0.006 
 174   (0.213) 0.232 0.207 0.549 0.083 
 170   (0.033) 0.007 0.042 0.003 0.003 
 180   (0.043) 0.013 0.037 0.022 0.133 
 178   (0.066) 0.026 0.061 0.059 0.122 

Locus 15 : 15 
7 alleles
0.0% missing data
 225   (0.156) 0.130 0.159 0.079 0.076 
 229   (0.452) 0.437 0.471 0.581 0.365 
 227   (0.101) 0.258 0.088 0.151 0.009 
 231   (0.204) 0.140 0.205 0.114 0.424 
 213   (0.016) 0.004 0.015 0.001 0.002 
 233   (0.056) 0.019 0.050 0.073 0.122 
 203   (0.016) 0.012 0.012 0.001 0.001 

Locus 16 : 16 
4 alleles
0.7% missing data
 143   (0.898) 0.935 0.912 0.987 0.807 
 145   (0.057) 0.045 0.051 0.010 0.113 
 147   (0.028) 0.016 0.022 0.002 0.080 
 157   (0.016) 0.004 0.016 0.001 0.001 

Locus 17 : 17 
5 alleles
0.0% missing data
 158   (0.493) 0.530 0.503 0.659 0.313 
 156   (0.258) 0.293 0.248 0.188 0.250 
 154   (0.088) 0.032 0.088 0.048 0.339 
 160   (0.145) 0.137 0.148 0.102 0.097 
 152   (0.016) 0.009 0.013 0.003 0.001 

Locus 18 : 18 
5 alleles
0.0% missing data
  90   (0.649) 0.675 0.662 0.776 0.448 
 100   (0.113) 0.128 0.113 0.011 0.159 
 102   (0.154) 0.142 0.149 0.199 0.100 
 104   (0.016) 0.004 0.016 0.001 0.001 
  88   (0.068) 0.051 0.060 0.013 0.292 

Locus 19 : 19 
7 alleles
0.0% missing data
 127   (0.276) 0.247 0.284 0.169 0.399 
 140   (0.269) 0.358 0.266 0.116 0.240 
 142   (0.153) 0.081 0.167 0.489 0.026 
 148   (0.094) 0.102 0.083 0.095 0.069 
 146   (0.089) 0.080 0.089 0.109 0.009 
 138   (0.056) 0.068 0.055 0.015 0.005 
 150   (0.064) 0.063 0.056 0.006 0.253 

Locus 20 : 20 
6 alleles
0.0% missing data
 190   (0.103) 0.121 0.088 0.326 0.037 
 194   (0.565) 0.556 0.581 0.524 0.589 
 202   (0.052) 0.022 0.053 0.004 0.062 
 188   (0.151) 0.146 0.158 0.135 0.014 
 200   (0.112) 0.151 0.105 0.010 0.296 
 198   (0.016) 0.005 0.015 0.001 0.002 

Locus 21 : 21 
6 alleles
0.0% missing data
 252   (0.597) 0.757 0.612 0.773 0.124 
 246   (0.120) 0.124 0.118 0.015 0.161 
 248   (0.023) 0.008 0.024 0.002 0.002 
 244   (0.050) 0.020 0.041 0.062 0.075 
 250   (0.120) 0.042 0.118 0.118 0.355 
 254   (0.091) 0.048 0.086 0.029 0.284 

Locus 22 : 22 
7 alleles
0.0% missing data
 167   (0.227) 0.375 0.215 0.262 0.099 
 173   (0.288) 0.303 0.289 0.315 0.269 
 163   (0.061) 0.020 0.067 0.005 0.117 
 177   (0.226) 0.129 0.248 0.352 0.078 
 175   (0.117) 0.121 0.105 0.057 0.230 
 165   (0.066) 0.048 0.063 0.007 0.180 
 159   (0.017) 0.004 0.012 0.001 0.029 

Locus 23 : 23 
11 alleles
0.0% missing data
 152   (0.409) 0.453 0.436 0.532 0.129 
 158   (0.106) 0.119 0.101 0.011 0.403 
 146   (0.163) 0.237 0.163 0.275 0.015 
 150   (0.059) 0.031 0.054 0.026 0.150 
 156   (0.030) 0.016 0.025 0.003 0.031 
 162   (0.037) 0.022 0.032 0.003 0.185 
 166   (0.065) 0.057 0.062 0.053 0.006 
 164   (0.051) 0.029 0.055 0.008 0.017 
 148   (0.034) 0.009 0.036 0.003 0.018 
 142   (0.029) 0.022 0.022 0.003 0.044 
 154   (0.018) 0.004 0.013 0.085 0.001 

Locus 24 : 24 
6 alleles
0.7% missing data
 144   (0.178) 0.194 0.172 0.130 0.293 
 156   (0.177) 0.120 0.183 0.072 0.308 
 154   (0.479) 0.582 0.495 0.572 0.212 
 160   (0.109) 0.089 0.100 0.167 0.091 
 152   (0.021) 0.006 0.016 0.050 0.002 
 158   (0.037) 0.010 0.033 0.010 0.094 

Locus 25 : 25 
4 alleles
0.7% missing data
  81   (0.371) 0.414 0.377 0.238 0.312 
  83   (0.480) 0.474 0.481 0.459 0.588 
  77   (0.098) 0.091 0.099 0.268 0.008 
  85   (0.050) 0.022 0.043 0.035 0.092 

Locus 26 : 26 
6 alleles
0.7% missing data
 124   (0.530) 0.619 0.534 0.302 0.614 
 132   (0.233) 0.236 0.242 0.625 0.021 
 122   (0.133) 0.081 0.136 0.022 0.329 
 126   (0.063) 0.044 0.056 0.048 0.020 
 120   (0.024) 0.012 0.019 0.002 0.015 
 136   (0.016) 0.009 0.013 0.001 0.001 

Locus 27 : 27 
6 alleles
0.0% missing data
 165   (0.249) 0.303 0.249 0.159 0.114 
 183   (0.343) 0.271 0.351 0.467 0.369 
 179   (0.098) 0.121 0.081 0.080 0.227 
 175   (0.224) 0.227 0.246 0.287 0.021 
 181   (0.061) 0.069 0.054 0.005 0.182 
 185   (0.025) 0.010 0.019 0.002 0.088 

Locus 28 : 28 
4 alleles
0.0% missing data
 142   (0.480) 0.603 0.462 0.639 0.422 
 150   (0.155) 0.166 0.160 0.015 0.203 
 148   (0.270) 0.159 0.295 0.141 0.296 
 138   (0.095) 0.072 0.083 0.205 0.078 

Locus 29 : 29 
5 alleles
0.0% missing data
 260   (0.467) 0.488 0.494 0.266 0.298 
 262   (0.421) 0.456 0.401 0.690 0.529 
 258   (0.028) 0.019 0.027 0.002 0.003 
 256   (0.068) 0.029 0.063 0.040 0.169 
 264   (0.016) 0.008 0.014 0.001 0.001 

Locus 30 : 30 
5 alleles
0.0% missing data
 140   (0.144) 0.169 0.127 0.069 0.449 
 150   (0.459) 0.587 0.452 0.703 0.209 
 148   (0.087) 0.052 0.086 0.079 0.024 
 146   (0.275) 0.178 0.296 0.143 0.314 
 152   (0.036) 0.014 0.038 0.006 0.003 

Locus 31 : 31 
6 alleles
0.0% missing data
 125   (0.285) 0.235 0.302 0.284 0.128 
 129   (0.470) 0.578 0.468 0.584 0.248 
 123   (0.105) 0.114 0.094 0.120 0.069 
 127   (0.076) 0.038 0.076 0.006 0.361 
 121   (0.022) 0.005 0.025 0.002 0.002 
 131   (0.041) 0.030 0.035 0.004 0.192 

Locus 32 : 32 
5 alleles
0.0% missing data
 155   (0.595) 0.492 0.631 0.654 0.610 
 159   (0.121) 0.200 0.105 0.091 0.099 
 157   (0.177) 0.214 0.176 0.166 0.090 
 153   (0.070) 0.077 0.055 0.081 0.172 
 151   (0.037) 0.017 0.032 0.009 0.030 

Locus 33 : 33 
4 alleles
0.0% missing data
  92   (0.275) 0.212 0.273 0.291 0.477 
  94   (0.077) 0.053 0.070 0.076 0.050 
  95   (0.214) 0.150 0.223 0.125 0.316 
  91   (0.435) 0.586 0.434 0.508 0.157 

Locus 34 : 34 
4 alleles
0.0% missing data
 146   (0.329) 0.317 0.336 0.108 0.525 
 148   (0.080) 0.074 0.067 0.095 0.121 
 150   (0.535) 0.547 0.546 0.792 0.303 
 154   (0.056) 0.062 0.050 0.004 0.051 

Locus 35 : 35 
7 alleles
0.0% missing data
 180   (0.389) 0.418 0.386 0.529 0.325 
 192   (0.140) 0.210 0.141 0.014 0.160 
 184   (0.218) 0.172 0.226 0.222 0.126 
 196   (0.153) 0.166 0.160 0.167 0.015 
 198   (0.051) 0.024 0.043 0.022 0.329 
 190   (0.032) 0.007 0.031 0.002 0.045 
 194   (0.018) 0.004 0.013 0.043 0.001 

Locus 36 : 36 
6 alleles
0.0% missing data
 106   (0.259) 0.340 0.252 0.184 0.131 
 112   (0.284) 0.345 0.276 0.503 0.077 
  94   (0.034) 0.008 0.042 0.002 0.003 
 110   (0.229) 0.166 0.235 0.284 0.171 
 108   (0.153) 0.113 0.154 0.023 0.614 
  90   (0.041) 0.028 0.040 0.003 0.005 

Locus 37 : 37 
8 alleles
0.0% missing data
 168   (0.089) 0.129 0.079 0.007 0.331 
 178   (0.042) 0.065 0.037 0.010 0.004 
 170   (0.292) 0.222 0.306 0.159 0.330 
 174   (0.107) 0.169 0.103 0.033 0.050 
 172   (0.274) 0.304 0.266 0.472 0.168 
 176   (0.126) 0.064 0.152 0.106 0.011 
 166   (0.047) 0.036 0.039 0.211 0.004 
 186   (0.024) 0.011 0.018 0.002 0.102 

Locus 38 : 38 
6 alleles
0.0% missing data
  85   (0.194) 0.232 0.195 0.180 0.047 
  95   (0.074) 0.043 0.073 0.090 0.017 
  89   (0.526) 0.574 0.522 0.712 0.530 
  83   (0.136) 0.105 0.141 0.013 0.367 
  81   (0.048) 0.042 0.051 0.004 0.004 
  91   (0.022) 0.005 0.018 0.002 0.035 

Locus 39 : 39 
7 alleles
0.0% missing data
 161   (0.353) 0.320 0.356 0.479 0.551 
 165   (0.226) 0.190 0.237 0.176 0.178 
 167   (0.035) 0.059 0.029 0.013 0.003 
 169   (0.090) 0.098 0.093 0.131 0.008 
 173   (0.263) 0.306 0.261 0.189 0.258 
 175   (0.018) 0.023 0.013 0.001 0.001 
 159   (0.016) 0.003 0.012 0.011 0.001 

Locus 40 : 40 
5 alleles
0.0% missing data
  85   (0.224) 0.237 0.227 0.123 0.085 
  87   (0.139) 0.088 0.130 0.145 0.393 
  91   (0.163) 0.129 0.167 0.038 0.266 
  81   (0.073) 0.076 0.073 0.027 0.007 
  89   (0.401) 0.472 0.402 0.667 0.249 

Locus 41 : 41 
3 alleles
0.0% missing data
 167   (0.736) 0.818 0.737 0.922 0.478 
 161   (0.203) 0.162 0.200 0.064 0.488 
 165   (0.061) 0.020 0.063 0.014 0.034 

Locus 42 : 42 
6 alleles
0.0% missing data
 224   (0.041) 0.024 0.032 0.056 0.016 
 228   (0.393) 0.382 0.392 0.566 0.385 
 238   (0.342) 0.425 0.354 0.256 0.103 
 240   (0.134) 0.146 0.134 0.012 0.406 
 236   (0.075) 0.020 0.073 0.109 0.089 
 242   (0.016) 0.003 0.016 0.001 0.001 

Locus 43 : 43 
7 alleles
0.7% missing data
 130   (0.554) 0.517 0.580 0.480 0.581 
 118   (0.055) 0.049 0.048 0.006 0.098 
 128   (0.069) 0.078 0.063 0.136 0.006 
 132   (0.083) 0.049 0.085 0.260 0.007 
 114   (0.102) 0.113 0.100 0.084 0.009 
 134   (0.120) 0.190 0.110 0.013 0.298 
 122   (0.018) 0.004 0.014 0.020 0.001 

Locus 44 : 44 
5 alleles
0.0% missing data
 104   (0.393) 0.487 0.407 0.167 0.110 
  98   (0.162) 0.097 0.158 0.213 0.249 
 102   (0.188) 0.291 0.182 0.438 0.017 
  92   (0.181) 0.088 0.187 0.114 0.441 
  96   (0.076) 0.037 0.066 0.068 0.183 

Locus 45 : 45 
5 alleles
0.0% missing data
  95   (0.214) 0.219 0.200 0.346 0.390 
 101   (0.350) 0.428 0.345 0.396 0.222 
 103   (0.287) 0.277 0.303 0.240 0.101 
  99   (0.112) 0.053 0.121 0.015 0.243 
  97   (0.037) 0.023 0.032 0.003 0.044 

Locus 46 : 46 
7 alleles
0.0% missing data
 181   (0.544) 0.565 0.571 0.734 0.271 
 191   (0.273) 0.305 0.265 0.178 0.595 
 179   (0.038) 0.048 0.029 0.003 0.078 
 177   (0.071) 0.049 0.066 0.079 0.036 
 189   (0.023) 0.011 0.022 0.002 0.002 
 183   (0.021) 0.014 0.020 0.002 0.002 
 193   (0.029) 0.008 0.028 0.002 0.017 

Locus 47 : 47 
6 alleles
0.0% missing data
 211   (0.195) 0.217 0.184 0.175 0.388 
 215   (0.076) 0.052 0.071 0.082 0.033 
 205   (0.442) 0.511 0.455 0.493 0.354 
 207   (0.212) 0.169 0.230 0.176 0.129 
 201   (0.052) 0.038 0.042 0.073 0.066 
 202   (0.024) 0.014 0.018 0.002 0.029 

Locus 48 : 48 
10 alleles
0.0% missing data
 142   (0.261) 0.394 0.261 0.199 0.133 
 162   (0.061) 0.059 0.059 0.005 0.053 
 164   (0.038) 0.019 0.034 0.003 0.111 
 168   (0.165) 0.116 0.168 0.259 0.303 
 158   (0.173) 0.147 0.189 0.083 0.182 
 170   (0.044) 0.010 0.043 0.014 0.101 
 166   (0.150) 0.160 0.155 0.287 0.033 
 156   (0.043) 0.029 0.039 0.005 0.067 
 144   (0.049) 0.061 0.042 0.143 0.004 
 160   (0.015) 0.004 0.012 0.001 0.012 

Locus 49 : 49 
6 alleles
0.0% missing data
 149   (0.331) 0.370 0.328 0.119 0.751 
 151   (0.235) 0.197 0.243 0.236 0.092 
 145   (0.212) 0.218 0.207 0.246 0.124 
 153   (0.175) 0.202 0.175 0.395 0.016 
 147   (0.016) 0.004 0.016 0.001 0.002 
 143   (0.031) 0.008 0.031 0.002 0.015 

Values of parameters used in structure:
DATAFILE=admix_W1.str,	OUTFILE=k4/admix_W1_k4_run3,	NUMINDS=150,	NUMLOCI=49,	MISSING=-9,	LABEL=1,	POPDATA=1,	POPFLAG=0,	PHENOTYPE=0,	EXTRACOLS=0,	MAXPOPS=4,	BURNIN=500000,	NUMREPS=750000,	USEPOPINFO=0,	INFERALPHA=1,	INFERLAMBDA=0,	POPSPECIFICLAMBDA=0,	POPALPHAS=0,	COMPUTEPROB=1,	NOADMIX=0,	ADMBURNIN=500,	UPDATEFREQ=100,	PRINTLIKES=0,	INTERMEDSAVE=0,	PRINTKLD=0,	PRINTNET=1,	PRINTLAMBDA=1,	ANCESTDIST=0,	NUMBOXES=1000,	ANCESTPINT=0.90000,	GENSBACK=2,	MIGRPRIOR=0.01000,	PRINTQHAT=0,	PRINTQSUM=1,	ALPHA=1.0000,	FREQSCORR=1,	FPRIORMEAN=0.0100,	FPRIORSD=0.0500,	ONEFST=0,	LAMBDA=1.0000,	UNIFPRIORALPHA=1,	ALPHAMAX=10.0000,	ALPHAPRIORA=1.0000,	ALPHAPRIORB=2.0000,	ALPHAPROPSD=0.0250,	STARTATPOPINFO=0,	RANDOMIZE=0,	LINKAGE=0,	METROFREQ=10,	REPORTHITRATE=0,	MARKOVPHASE=0,	PHASED=1,	PLOIDY=2,	PHASEINFO=0	LOCPRIOR=0, 	LOCPRIORINIT=1.000000, 	LOCDATA=0, 	LOCISPOP=1, 	LOCPRIORSTEP=0.100000, 	MAXLOCPRIOR=20.000000, 	SEED=562968,	
[STRAT parameters]:    NUMSIMSTATS=1000,	PHENOTYPECOL=-9,	POOLFREQ=10,	LOCUSxONLY=0,	EMERROR=0.00100,	MISSINGPHENO=-9,	