

----------------------------------------------------
STRUCTURE by Pritchard, Stephens and Donnelly (2000)
     and Falush, Stephens and Pritchard (2003)
       Code by Pritchard, Falush and Hubisz
             Version 2.3.4 (Jul 2012)
----------------------------------------------------



Command line arguments:   structure -D 312998 -K 5 -m mainparams -o k5/admix_W1_k5_run8 
Input File:    admix_W1.str

Run parameters:
   150 individuals
   49 loci
   5 populations assumed
   500000 Burn-in period
   750000 Reps
RANDOMIZE turned off


--------------------------------------------
Proportion of membership of each pre-defined
 population in each of the 5 clusters

Given    Inferred Clusters                     Number of
 Pop       1      2      3      4      5      Individuals

  1:     0.321  0.306  0.023  0.325  0.024       10
  2:     0.310  0.243  0.077  0.281  0.088       24
  3:     0.171  0.434  0.140  0.237  0.017       13
  4:     0.172  0.521  0.044  0.251  0.012       11
  5:     0.344  0.203  0.095  0.330  0.027       23
  6:     0.008  0.007  0.006  0.008  0.971       30
  7:     0.021  0.024  0.928  0.022  0.005       39
--------------------------------------------

Allele-freq. divergence among pops (Net nucleotide distance),
computed using point estimates of P.

      1       2       3       4       5      
 1      -    0.0038  0.0306  0.0002  0.0589  
 2   0.0038     -    0.0335  0.0024  0.0725  
 3   0.0306  0.0335     -    0.0305  0.1179  
 4   0.0002  0.0024  0.0305     -    0.0627  
 5   0.0589  0.0725  0.1179  0.0627     -    

Average distances (expected heterozygosity) between individuals in same cluster:
cluster  1  : 0.6506 
cluster  2  : 0.6259 
cluster  3  : 0.5565 
cluster  4  : 0.6432 
cluster  5  : 0.6408 

--------------------------------------------
Estimated Ln Prob of Data   = -18040.9
Mean value of ln likelihood = -17350.9
Variance of ln likelihood   = 1379.9
Mean value of alpha         = 0.0466

Mean value of Fst_1         = 0.0193
Mean value of Fst_2         = 0.0494
Mean value of Fst_3         = 0.1300
Mean value of Fst_4         = 0.0292
Mean value of Fst_5         = 0.1491


Inferred ancestry of individuals:
        Label (%Miss) Pop:  Inferred clusters
  1     2355    (0)    1 :  0.342 0.298 0.013 0.328 0.018 
  2     2356    (0)    1 :  0.319 0.370 0.004 0.289 0.018 
  3     2357    (0)    1 :  0.081 0.672 0.056 0.189 0.002 
  4     2358    (0)    1 :  0.469 0.118 0.009 0.393 0.011 
  5     2359    (0)    1 :  0.377 0.186 0.022 0.412 0.003 
  6     2360    (0)    1 :  0.189 0.474 0.011 0.253 0.074 
  7     2361    (2)    1 :  0.450 0.100 0.046 0.400 0.004 
  8     2362    (0)    1 :  0.252 0.370 0.026 0.344 0.008 
  9     2363    (0)    1 :  0.320 0.274 0.010 0.305 0.091 
 10     2364    (0)    1 :  0.412 0.202 0.035 0.338 0.012 
 11     2434    (0)    2 :  0.401 0.166 0.024 0.314 0.095 
 12     2435    (0)    2 :  0.469 0.072 0.007 0.364 0.088 
 13     2436    (0)    2 :  0.405 0.160 0.006 0.314 0.116 
 14     2437    (0)    2 :  0.408 0.118 0.008 0.263 0.202 
 15     2438    (0)    2 :  0.451 0.096 0.007 0.436 0.010 
 16     2439    (0)    2 :  0.193 0.498 0.011 0.291 0.007 
 17     2440    (0)    2 :  0.271 0.368 0.008 0.275 0.077 
 18     2441    (0)    2 :  0.484 0.055 0.040 0.340 0.081 
 19     2442    (0)    2 :  0.397 0.075 0.011 0.314 0.202 
 20     2443    (0)    2 :  0.468 0.172 0.019 0.326 0.015 
 21     2444    (0)    2 :  0.192 0.443 0.022 0.253 0.090 
 22     2446    (0)    2 :  0.145 0.568 0.020 0.252 0.015 
 23     2447    (0)    2 :  0.472 0.099 0.020 0.393 0.016 
 24     2448    (0)    2 :  0.059 0.079 0.790 0.066 0.005 
 25     2449    (0)    2 :  0.112 0.461 0.006 0.146 0.276 
 26     2450    (0)    2 :  0.254 0.324 0.004 0.227 0.190 
 27     2451    (0)    2 :  0.370 0.180 0.010 0.236 0.205 
 28     2452    (0)    2 :  0.075 0.617 0.107 0.197 0.005 
 29     2453    (0)    2 :  0.507 0.062 0.053 0.371 0.007 
 30     2454    (0)    2 :  0.116 0.179 0.568 0.134 0.005 
 31     2455    (0)    2 :  0.286 0.345 0.007 0.346 0.017 
 32     2456    (0)    2 :  0.447 0.090 0.059 0.397 0.007 
 33     2457    (0)    2 :  0.132 0.521 0.013 0.235 0.099 
 34     2458    (0)    2 :  0.333 0.074 0.037 0.265 0.290 
 35     2398    (0)    3 :  0.158 0.551 0.022 0.266 0.003 
 36     2399    (0)    3 :  0.244 0.387 0.016 0.326 0.027 
 37     2400    (0)    3 :  0.218 0.485 0.051 0.240 0.006 
 38     2401    (0)    3 :  0.129 0.550 0.070 0.248 0.003 
 39     2402    (0)    3 :  0.108 0.215 0.400 0.120 0.157 
 40     2403    (0)    3 :  0.068 0.719 0.004 0.207 0.002 
 41     2404    (0)    3 :  0.079 0.673 0.032 0.213 0.002 
 42     2405    (0)    3 :  0.410 0.165 0.006 0.414 0.005 
 43     2406    (0)    3 :  0.187 0.279 0.328 0.205 0.002 
 44     2407    (0)    3 :  0.141 0.122 0.591 0.138 0.007 
 45     2408    (0)    3 :  0.298 0.266 0.131 0.298 0.007 
 46     2409    (0)    3 :  0.103 0.555 0.141 0.198 0.003 
 47     2410    (0)    3 :  0.077 0.678 0.030 0.213 0.002 
 48     2459    (0)    4 :  0.127 0.590 0.029 0.243 0.012 
 49     2460    (0)    4 :  0.300 0.206 0.192 0.292 0.010 
 50     2461    (0)    4 :  0.100 0.682 0.007 0.206 0.005 
 51     2462    (4)    4 :  0.130 0.530 0.098 0.234 0.009 
 52     2463    (0)    4 :  0.102 0.631 0.019 0.244 0.004 
 53     2464    (2)    4 :  0.104 0.625 0.011 0.229 0.032 
 54     2465    (0)    4 :  0.209 0.429 0.036 0.319 0.007 
 55     2466    (2)    4 :  0.123 0.613 0.022 0.238 0.005 
 56     2467    (0)    4 :  0.465 0.122 0.033 0.350 0.029 
 57     2468    (0)    4 :  0.106 0.653 0.024 0.210 0.007 
 58     2469    (0)    4 :  0.122 0.646 0.015 0.202 0.015 
 59     2369    (0)    5 :  0.237 0.118 0.356 0.282 0.006 
 60     2370    (0)    5 :  0.274 0.324 0.023 0.376 0.003 
 61     2372    (0)    5 :  0.354 0.274 0.021 0.343 0.008 
 62     2373    (0)    5 :  0.302 0.054 0.204 0.205 0.235 
 63     2374    (0)    5 :  0.082 0.675 0.008 0.232 0.002 
 64     2375    (0)    5 :  0.434 0.177 0.008 0.374 0.006 
 65     2376    (0)    5 :  0.405 0.203 0.057 0.327 0.008 
 66     2377    (0)    5 :  0.265 0.204 0.290 0.221 0.019 
 67     2378    (0)    5 :  0.392 0.121 0.076 0.408 0.002 
 68     2379    (0)    5 :  0.490 0.088 0.014 0.395 0.013 
 69     2380    (0)    5 :  0.114 0.665 0.011 0.208 0.002 
 70     2381    (0)    5 :  0.379 0.123 0.108 0.387 0.003 
 71     2382    (0)    5 :  0.306 0.271 0.003 0.350 0.069 
 72     2383    (0)    5 :  0.210 0.260 0.254 0.263 0.013 
 73     2384    (0)    5 :  0.332 0.196 0.011 0.438 0.023 
 74     2385    (0)    5 :  0.498 0.107 0.015 0.359 0.020 
 75     2386    (0)    5 :  0.479 0.105 0.062 0.351 0.003 
 76     2387    (0)    5 :  0.423 0.132 0.057 0.382 0.005 
 77     2388    (0)    5 :  0.451 0.100 0.004 0.437 0.008 
 78     2389    (2)    5 :  0.463 0.088 0.006 0.310 0.133 
 79     2390    (0)    5 :  0.477 0.091 0.010 0.388 0.034 
 80     2391    (0)    5 :  0.367 0.086 0.200 0.343 0.003 
 81     2392    (0)    5 :  0.176 0.214 0.395 0.205 0.009 
 82     1408    (0)    6 :  0.008 0.005 0.002 0.007 0.977 
 83     1409    (0)    6 :  0.005 0.005 0.002 0.005 0.983 
 84     1410    (0)    6 :  0.003 0.003 0.003 0.003 0.988 
 85     1411    (0)    6 :  0.005 0.004 0.004 0.004 0.983 
 86     1412    (0)    6 :  0.006 0.005 0.003 0.005 0.981 
 87     1413    (0)    6 :  0.007 0.006 0.003 0.006 0.979 
 88     1414    (0)    6 :  0.003 0.002 0.002 0.003 0.991 
 89     1415    (0)    6 :  0.004 0.004 0.003 0.004 0.985 
 90     1416    (0)    6 :  0.004 0.004 0.005 0.004 0.984 
 91     1417    (0)    6 :  0.004 0.003 0.002 0.003 0.988 
 92     1418    (0)    6 :  0.007 0.007 0.003 0.007 0.976 
 93     1419    (0)    6 :  0.004 0.003 0.002 0.004 0.987 
 94     1420    (0)    6 :  0.005 0.005 0.004 0.005 0.980 
 95     1421    (0)    6 :  0.013 0.010 0.005 0.011 0.961 
 96     1422    (0)    6 :  0.005 0.004 0.002 0.004 0.985 
 97     1423    (0)    6 :  0.007 0.004 0.003 0.006 0.981 
 98     1424    (0)    6 :  0.015 0.016 0.006 0.015 0.948 
 99     1425    (0)    6 :  0.012 0.008 0.014 0.011 0.956 
100     1426    (0)    6 :  0.009 0.008 0.005 0.009 0.969 
101     1427    (0)    6 :  0.027 0.023 0.027 0.023 0.901 
102     1428    (0)    6 :  0.004 0.004 0.002 0.004 0.987 
103     1429    (0)    6 :  0.005 0.004 0.006 0.004 0.980 
104     1430    (0)    6 :  0.008 0.005 0.003 0.007 0.976 
105     1431    (0)    6 :  0.018 0.013 0.013 0.017 0.939 
106     1432    (0)    6 :  0.003 0.003 0.003 0.003 0.987 
107     1433    (0)    6 :  0.006 0.005 0.003 0.006 0.980 
108     1434    (0)    6 :  0.013 0.013 0.012 0.013 0.949 
109     1435    (0)    6 :  0.022 0.013 0.009 0.019 0.935 
110     1436    (0)    6 :  0.016 0.016 0.012 0.017 0.939 
111     1437    (0)    6 :  0.003 0.003 0.003 0.003 0.989 
112     2229    (0)    7 :  0.004 0.004 0.987 0.004 0.002 
113     2230    (0)    7 :  0.016 0.016 0.948 0.017 0.002 
114     2235    (0)    7 :  0.030 0.015 0.910 0.028 0.016 
115     2236    (0)    7 :  0.071 0.092 0.752 0.081 0.004 
116     2237    (0)    7 :  0.014 0.043 0.914 0.020 0.010 
117     2238    (0)    7 :  0.004 0.006 0.984 0.005 0.002 
118     2239    (0)    7 :  0.005 0.005 0.984 0.005 0.001 
119     2240    (0)    7 :  0.012 0.015 0.955 0.014 0.004 
120     2241    (0)    7 :  0.039 0.021 0.882 0.031 0.027 
121     2242    (0)    7 :  0.030 0.031 0.903 0.034 0.002 
122     2243    (0)    7 :  0.017 0.028 0.932 0.020 0.003 
123     2244    (0)    7 :  0.010 0.029 0.944 0.014 0.002 
124     2245    (0)    7 :  0.005 0.005 0.979 0.005 0.005 
125     2246    (0)    7 :  0.008 0.008 0.972 0.008 0.004 
126     2247    (0)    7 :  0.008 0.009 0.971 0.008 0.003 
127     2248    (0)    7 :  0.004 0.004 0.987 0.004 0.002 
128     2249    (0)    7 :  0.042 0.020 0.894 0.036 0.007 
129     2250    (0)    7 :  0.003 0.003 0.990 0.003 0.001 
130     2251    (0)    7 :  0.011 0.010 0.959 0.011 0.009 
131     2252    (0)    7 :  0.005 0.004 0.982 0.005 0.004 
132     2253    (0)    7 :  0.045 0.024 0.885 0.041 0.004 
133     2254    (0)    7 :  0.052 0.122 0.754 0.068 0.004 
134     2255    (0)    7 :  0.017 0.012 0.953 0.015 0.003 
135     2256    (0)    7 :  0.135 0.208 0.467 0.188 0.002 
136     2257    (0)    7 :  0.008 0.007 0.958 0.008 0.019 
137     2258    (0)    7 :  0.022 0.024 0.929 0.022 0.003 
138     2259    (0)    7 :  0.004 0.005 0.984 0.005 0.002 
139     2260    (0)    7 :  0.009 0.007 0.973 0.008 0.002 
140     2261    (0)    7 :  0.007 0.009 0.970 0.008 0.005 
141     2262    (0)    7 :  0.004 0.005 0.984 0.004 0.002 
142     2263    (0)    7 :  0.005 0.005 0.979 0.005 0.006 
143     2264    (0)    7 :  0.010 0.007 0.970 0.010 0.004 
144     2265    (0)    7 :  0.018 0.026 0.927 0.023 0.005 
145     2266    (0)    7 :  0.019 0.038 0.916 0.024 0.003 
146     2267    (0)    7 :  0.006 0.009 0.977 0.007 0.002 
147     2268    (0)    7 :  0.012 0.012 0.956 0.012 0.008 
148     2269    (0)    7 :  0.005 0.005 0.983 0.005 0.004 
149     2270    (0)    7 :  0.007 0.005 0.977 0.006 0.005 
150     2271    (0)    7 :  0.076 0.035 0.812 0.064 0.013 


Estimated Allele Frequencies in each cluster
First column gives estimated ancestral frequencies


Locus 1 : 1 
4 alleles
0.0% missing data
  91   (0.343) 0.336 0.300 0.368 0.331 0.557 
  89   (0.523) 0.528 0.555 0.571 0.530 0.405 
  93   (0.111) 0.108 0.134 0.059 0.115 0.036 
  99   (0.023) 0.028 0.010 0.002 0.025 0.002 

Locus 2 : 2 
6 alleles
0.0% missing data
 134   (0.270) 0.273 0.341 0.151 0.290 0.116 
 136   (0.341) 0.341 0.333 0.568 0.334 0.553 
 140   (0.095) 0.090 0.078 0.044 0.085 0.058 
 138   (0.240) 0.246 0.225 0.233 0.248 0.240 
 142   (0.023) 0.017 0.009 0.002 0.014 0.030 
 132   (0.032) 0.034 0.014 0.003 0.030 0.003 

Locus 3 : 3 
6 alleles
0.0% missing data
 179   (0.305) 0.319 0.379 0.305 0.336 0.153 
 187   (0.301) 0.303 0.220 0.478 0.285 0.355 
 185   (0.107) 0.100 0.101 0.008 0.095 0.220 
 191   (0.036) 0.029 0.067 0.010 0.036 0.003 
 181   (0.188) 0.184 0.191 0.195 0.190 0.090 
 175   (0.063) 0.065 0.043 0.005 0.058 0.180 

Locus 4 : 4 
10 alleles
0.0% missing data
 241   (0.192) 0.196 0.154 0.079 0.187 0.436 
 247   (0.075) 0.081 0.061 0.006 0.080 0.021 
 253   (0.365) 0.377 0.453 0.676 0.396 0.136 
 273   (0.021) 0.016 0.011 0.002 0.015 0.002 
 269   (0.171) 0.188 0.218 0.138 0.195 0.042 
 271   (0.074) 0.063 0.061 0.024 0.061 0.194 
 249   (0.049) 0.039 0.022 0.069 0.034 0.062 
 245   (0.024) 0.017 0.008 0.002 0.014 0.103 
 265   (0.014) 0.011 0.007 0.002 0.010 0.001 
 239   (0.015) 0.011 0.005 0.003 0.009 0.003 

Locus 5 : 5 
4 alleles
0.0% missing data
 103   (0.889) 0.905 0.935 0.960 0.911 0.783 
 105   (0.058) 0.049 0.045 0.004 0.049 0.185 
 102   (0.019) 0.022 0.008 0.002 0.020 0.002 
 104   (0.034) 0.024 0.011 0.034 0.020 0.031 

Locus 6 : 6 
5 alleles
0.0% missing data
 135   (0.352) 0.334 0.272 0.187 0.316 0.688 
 145   (0.314) 0.338 0.474 0.149 0.374 0.028 
 141   (0.256) 0.268 0.224 0.609 0.259 0.087 
 147   (0.053) 0.042 0.022 0.054 0.036 0.124 
 137   (0.025) 0.018 0.008 0.002 0.014 0.073 

Locus 7 : 7 
10 alleles
0.7% missing data
  97   (0.200) 0.197 0.190 0.193 0.193 0.123 
 103   (0.259) 0.304 0.366 0.296 0.325 0.024 
  89   (0.093) 0.086 0.065 0.062 0.080 0.179 
  93   (0.251) 0.249 0.196 0.378 0.234 0.341 
  83   (0.044) 0.048 0.074 0.004 0.058 0.004 
  99   (0.027) 0.021 0.015 0.002 0.019 0.034 
  85   (0.032) 0.028 0.052 0.006 0.033 0.003 
  91   (0.044) 0.033 0.015 0.048 0.027 0.096 
 105   (0.021) 0.014 0.010 0.002 0.012 0.077 
 101   (0.029) 0.021 0.016 0.009 0.018 0.118 

Locus 8 : 8 
8 alleles
0.0% missing data
 129   (0.571) 0.589 0.641 0.737 0.601 0.393 
 143   (0.235) 0.247 0.240 0.070 0.251 0.300 
 141   (0.059) 0.051 0.051 0.079 0.050 0.005 
 149   (0.059) 0.048 0.029 0.099 0.041 0.266 
 133   (0.025) 0.027 0.015 0.002 0.025 0.003 
 145   (0.015) 0.011 0.011 0.001 0.011 0.001 
 127   (0.022) 0.018 0.008 0.002 0.014 0.030 
 131   (0.014) 0.010 0.005 0.009 0.008 0.002 

Locus 9 : 9 
4 alleles
0.0% missing data
 189   (0.464) 0.507 0.472 0.262 0.510 0.316 
 191   (0.325) 0.307 0.307 0.624 0.304 0.277 
 195   (0.189) 0.170 0.212 0.104 0.173 0.404 
 193   (0.022) 0.016 0.010 0.011 0.013 0.003 

Locus 10 : 10 
6 alleles
0.0% missing data
 250   (0.048) 0.045 0.025 0.004 0.040 0.165 
 254   (0.058) 0.048 0.031 0.013 0.044 0.022 
 252   (0.105) 0.090 0.103 0.183 0.089 0.069 
 238   (0.578) 0.575 0.656 0.444 0.588 0.672 
 232   (0.189) 0.216 0.169 0.354 0.212 0.070 
 248   (0.022) 0.026 0.015 0.003 0.026 0.002 

Locus 11 : 11 
4 alleles
0.0% missing data
  87   (0.729) 0.757 0.735 0.655 0.763 0.501 
  89   (0.184) 0.174 0.214 0.267 0.176 0.106 
  91   (0.063) 0.049 0.043 0.076 0.045 0.334 
  85   (0.024) 0.019 0.008 0.002 0.016 0.059 

Locus 12 : 12 
11 alleles
0.0% missing data
 160   (0.274) 0.263 0.285 0.227 0.267 0.499 
 158   (0.200) 0.214 0.207 0.411 0.216 0.060 
 162   (0.201) 0.225 0.261 0.159 0.234 0.019 
 170   (0.065) 0.074 0.051 0.014 0.076 0.128 
 161   (0.105) 0.099 0.084 0.056 0.091 0.219 
 154   (0.033) 0.031 0.016 0.003 0.027 0.015 
 143   (0.032) 0.025 0.014 0.002 0.022 0.051 
 149   (0.029) 0.024 0.031 0.003 0.025 0.003 
 147   (0.033) 0.025 0.033 0.123 0.023 0.003 
 159   (0.014) 0.010 0.013 0.001 0.010 0.001 
 134   (0.014) 0.011 0.005 0.001 0.009 0.001 

Locus 13 : 13 
4 alleles
0.0% missing data
 113   (0.329) 0.326 0.303 0.347 0.328 0.281 
 115   (0.493) 0.503 0.532 0.488 0.505 0.479 
 108   (0.164) 0.160 0.158 0.164 0.158 0.238 
 110   (0.015) 0.011 0.006 0.001 0.009 0.002 

Locus 14 : 14 
7 alleles
0.0% missing data
 172   (0.454) 0.456 0.507 0.268 0.471 0.590 
 176   (0.133) 0.127 0.117 0.086 0.118 0.061 
 182   (0.068) 0.076 0.089 0.011 0.083 0.006 
 174   (0.218) 0.221 0.230 0.552 0.224 0.081 
 170   (0.025) 0.034 0.012 0.002 0.031 0.002 
 180   (0.039) 0.030 0.018 0.023 0.025 0.136 
 178   (0.062) 0.055 0.027 0.058 0.048 0.123 

Locus 15 : 15 
7 alleles
0.0% missing data
 225   (0.152) 0.153 0.124 0.078 0.149 0.075 
 229   (0.442) 0.468 0.433 0.577 0.473 0.363 
 227   (0.129) 0.127 0.243 0.156 0.150 0.012 
 231   (0.197) 0.188 0.158 0.113 0.172 0.422 
 213   (0.015) 0.012 0.005 0.001 0.010 0.002 
 233   (0.051) 0.042 0.023 0.074 0.036 0.125 
 203   (0.015) 0.011 0.013 0.001 0.010 0.001 

Locus 16 : 16 
4 alleles
0.7% missing data
 143   (0.896) 0.914 0.939 0.986 0.923 0.806 
 145   (0.059) 0.053 0.037 0.010 0.049 0.114 
 147   (0.029) 0.021 0.019 0.002 0.019 0.079 
 157   (0.015) 0.012 0.005 0.001 0.010 0.001 

Locus 17 : 17 
5 alleles
0.0% missing data
 158   (0.496) 0.508 0.531 0.660 0.515 0.312 
 156   (0.277) 0.260 0.288 0.191 0.264 0.246 
 154   (0.079) 0.076 0.037 0.046 0.067 0.344 
 160   (0.133) 0.144 0.135 0.100 0.145 0.097 
 152   (0.015) 0.011 0.009 0.002 0.010 0.001 

Locus 18 : 18 
5 alleles
0.0% missing data
  90   (0.648) 0.671 0.665 0.775 0.673 0.446 
 100   (0.116) 0.117 0.126 0.011 0.119 0.159 
 102   (0.154) 0.142 0.150 0.199 0.142 0.099 
 104   (0.015) 0.014 0.006 0.001 0.012 0.001 
  88   (0.067) 0.056 0.053 0.013 0.054 0.295 

Locus 19 : 19 
7 alleles
0.0% missing data
 127   (0.265) 0.277 0.245 0.163 0.273 0.401 
 140   (0.278) 0.278 0.365 0.118 0.290 0.238 
 142   (0.144) 0.153 0.095 0.490 0.142 0.025 
 148   (0.103) 0.092 0.088 0.097 0.092 0.068 
 146   (0.092) 0.091 0.071 0.110 0.089 0.008 
 138   (0.054) 0.054 0.069 0.015 0.058 0.005 
 150   (0.064) 0.055 0.068 0.006 0.055 0.255 

Locus 20 : 20 
6 alleles
0.0% missing data
 190   (0.118) 0.103 0.107 0.334 0.101 0.037 
 194   (0.559) 0.593 0.529 0.518 0.588 0.591 
 202   (0.047) 0.047 0.024 0.004 0.042 0.062 
 188   (0.147) 0.144 0.165 0.133 0.148 0.013 
 200   (0.114) 0.101 0.168 0.010 0.112 0.295 
 198   (0.015) 0.011 0.006 0.001 0.009 0.002 

Locus 21 : 21 
6 alleles
0.0% missing data
 252   (0.620) 0.653 0.724 0.773 0.681 0.123 
 246   (0.111) 0.109 0.138 0.014 0.110 0.162 
 248   (0.019) 0.022 0.009 0.002 0.019 0.002 
 244   (0.047) 0.036 0.025 0.063 0.031 0.076 
 250   (0.119) 0.102 0.052 0.120 0.088 0.350 
 254   (0.083) 0.078 0.053 0.029 0.070 0.287 

Locus 22 : 22 
7 alleles
0.0% missing data
 167   (0.252) 0.251 0.364 0.264 0.276 0.099 
 173   (0.284) 0.286 0.311 0.314 0.292 0.270 
 163   (0.048) 0.055 0.024 0.004 0.051 0.118 
 177   (0.204) 0.221 0.143 0.351 0.205 0.077 
 175   (0.128) 0.113 0.113 0.059 0.109 0.230 
 165   (0.070) 0.065 0.041 0.007 0.059 0.177 
 159   (0.015) 0.010 0.004 0.001 0.008 0.029 

Locus 23 : 23 
11 alleles
0.0% missing data
 152   (0.406) 0.435 0.456 0.532 0.444 0.128 
 158   (0.111) 0.104 0.121 0.011 0.106 0.406 
 146   (0.175) 0.185 0.230 0.275 0.195 0.016 
 150   (0.057) 0.049 0.033 0.025 0.044 0.151 
 156   (0.029) 0.021 0.019 0.003 0.020 0.030 
 162   (0.039) 0.031 0.018 0.003 0.029 0.183 
 166   (0.068) 0.061 0.056 0.053 0.059 0.006 
 164   (0.044) 0.051 0.027 0.006 0.047 0.016 
 148   (0.028) 0.032 0.012 0.002 0.028 0.018 
 142   (0.027) 0.020 0.024 0.002 0.019 0.044 
 154   (0.017) 0.011 0.005 0.087 0.009 0.001 

Locus 24 : 24 
6 alleles
0.7% missing data
 144   (0.178) 0.176 0.195 0.130 0.178 0.297 
 156   (0.170) 0.167 0.127 0.071 0.158 0.307 
 154   (0.488) 0.520 0.559 0.572 0.539 0.210 
 160   (0.108) 0.093 0.100 0.167 0.090 0.090 
 152   (0.020) 0.014 0.007 0.050 0.011 0.002 
 158   (0.036) 0.029 0.013 0.010 0.024 0.094 

Locus 25 : 25 
4 alleles
0.7% missing data
  81   (0.372) 0.377 0.416 0.240 0.381 0.311 
  83   (0.484) 0.480 0.461 0.464 0.480 0.588 
  77   (0.096) 0.105 0.095 0.262 0.106 0.008 
  85   (0.048) 0.038 0.027 0.035 0.033 0.093 

Locus 26 : 26 
6 alleles
0.7% missing data
 124   (0.522) 0.541 0.624 0.301 0.558 0.615 
 132   (0.247) 0.252 0.237 0.625 0.251 0.022 
 122   (0.128) 0.127 0.079 0.022 0.119 0.328 
 126   (0.064) 0.051 0.042 0.049 0.046 0.019 
 120   (0.023) 0.018 0.011 0.002 0.015 0.015 
 136   (0.015) 0.012 0.007 0.001 0.010 0.001 

Locus 27 : 27 
6 alleles
0.0% missing data
 165   (0.251) 0.247 0.313 0.159 0.257 0.114 
 183   (0.335) 0.338 0.270 0.469 0.327 0.370 
 179   (0.110) 0.093 0.119 0.082 0.093 0.224 
 175   (0.212) 0.245 0.224 0.282 0.246 0.020 
 181   (0.068) 0.060 0.064 0.006 0.061 0.184 
 185   (0.024) 0.017 0.011 0.002 0.015 0.088 

Locus 28 : 28 
4 alleles
0.0% missing data
 142   (0.508) 0.493 0.608 0.638 0.520 0.421 
 150   (0.156) 0.170 0.146 0.015 0.167 0.205 
 148   (0.246) 0.263 0.166 0.138 0.244 0.296 
 138   (0.091) 0.074 0.081 0.209 0.070 0.079 

Locus 29 : 29 
5 alleles
0.0% missing data
 260   (0.447) 0.490 0.476 0.259 0.499 0.298 
 262   (0.446) 0.419 0.464 0.698 0.420 0.527 
 258   (0.027) 0.024 0.017 0.002 0.022 0.002 
 256   (0.065) 0.055 0.033 0.040 0.049 0.171 
 264   (0.015) 0.011 0.011 0.001 0.010 0.001 

Locus 30 : 30 
5 alleles
0.0% missing data
 140   (0.158) 0.140 0.168 0.071 0.138 0.449 
 150   (0.481) 0.490 0.568 0.708 0.509 0.210 
 148   (0.083) 0.076 0.062 0.078 0.070 0.023 
 146   (0.245) 0.263 0.185 0.138 0.252 0.315 
 152   (0.033) 0.032 0.017 0.005 0.030 0.003 

Locus 31 : 31 
6 alleles
0.0% missing data
 125   (0.275) 0.288 0.232 0.282 0.282 0.126 
 129   (0.489) 0.496 0.568 0.583 0.510 0.244 
 123   (0.105) 0.092 0.126 0.123 0.093 0.068 
 127   (0.072) 0.066 0.040 0.006 0.059 0.366 
 121   (0.018) 0.021 0.008 0.001 0.019 0.002 
 131   (0.041) 0.037 0.026 0.004 0.036 0.194 

Locus 32 : 32 
5 alleles
0.0% missing data
 155   (0.567) 0.591 0.513 0.652 0.578 0.611 
 159   (0.138) 0.123 0.199 0.092 0.136 0.099 
 157   (0.184) 0.198 0.193 0.164 0.201 0.090 
 153   (0.075) 0.060 0.077 0.084 0.060 0.173 
 151   (0.037) 0.029 0.018 0.008 0.025 0.027 

Locus 33 : 33 
4 alleles
0.0% missing data
  92   (0.274) 0.257 0.226 0.292 0.250 0.474 
  94   (0.075) 0.069 0.053 0.076 0.063 0.050 
  95   (0.187) 0.202 0.159 0.121 0.194 0.319 
  91   (0.464) 0.472 0.562 0.512 0.493 0.156 

Locus 34 : 34 
4 alleles
0.0% missing data
 146   (0.337) 0.332 0.311 0.107 0.324 0.526 
 148   (0.083) 0.069 0.076 0.096 0.067 0.122 
 150   (0.524) 0.551 0.542 0.792 0.559 0.301 
 154   (0.055) 0.048 0.070 0.004 0.050 0.051 

Locus 35 : 35 
7 alleles
0.0% missing data
 180   (0.395) 0.400 0.413 0.528 0.404 0.322 
 192   (0.156) 0.166 0.178 0.015 0.176 0.160 
 184   (0.206) 0.204 0.187 0.221 0.196 0.127 
 196   (0.146) 0.152 0.178 0.166 0.156 0.014 
 198   (0.052) 0.041 0.029 0.023 0.038 0.329 
 190   (0.028) 0.027 0.010 0.002 0.022 0.046 
 194   (0.016) 0.011 0.005 0.044 0.008 0.001 

Locus 36 : 36 
6 alleles
0.0% missing data
 106   (0.271) 0.270 0.335 0.184 0.279 0.131 
 112   (0.295) 0.292 0.344 0.505 0.305 0.076 
  94   (0.028) 0.035 0.013 0.002 0.031 0.002 
 110   (0.216) 0.222 0.166 0.283 0.217 0.168 
 108   (0.151) 0.146 0.112 0.022 0.136 0.618 
  90   (0.040) 0.034 0.030 0.003 0.032 0.004 

Locus 37 : 37 
8 alleles
0.0% missing data
 168   (0.097) 0.088 0.131 0.007 0.093 0.334 
 178   (0.049) 0.046 0.054 0.011 0.048 0.004 
 170   (0.281) 0.287 0.237 0.156 0.275 0.326 
 174   (0.116) 0.120 0.164 0.032 0.130 0.051 
 172   (0.286) 0.270 0.300 0.477 0.280 0.169 
 176   (0.101) 0.137 0.061 0.099 0.124 0.009 
 166   (0.047) 0.036 0.039 0.216 0.036 0.004 
 186   (0.024) 0.016 0.014 0.002 0.014 0.102 

Locus 38 : 38 
6 alleles
0.0% missing data
  85   (0.191) 0.191 0.244 0.180 0.201 0.046 
  95   (0.070) 0.066 0.047 0.090 0.062 0.017 
  89   (0.538) 0.551 0.551 0.713 0.556 0.529 
  83   (0.131) 0.129 0.116 0.012 0.121 0.366 
  81   (0.049) 0.048 0.036 0.004 0.049 0.004 
  91   (0.019) 0.014 0.006 0.001 0.011 0.038 

Locus 39 : 39 
7 alleles
0.0% missing data
 161   (0.345) 0.343 0.334 0.484 0.341 0.553 
 165   (0.211) 0.221 0.202 0.173 0.218 0.177 
 167   (0.040) 0.034 0.056 0.014 0.037 0.004 
 169   (0.094) 0.104 0.088 0.127 0.105 0.008 
 173   (0.279) 0.275 0.290 0.191 0.278 0.255 
 175   (0.017) 0.012 0.024 0.001 0.014 0.001 
 159   (0.015) 0.010 0.005 0.011 0.008 0.001 

Locus 40 : 40 
5 alleles
0.0% missing data
  85   (0.224) 0.217 0.247 0.123 0.216 0.085 
  87   (0.135) 0.120 0.096 0.147 0.115 0.393 
  91   (0.154) 0.157 0.132 0.035 0.150 0.266 
  81   (0.074) 0.075 0.073 0.026 0.073 0.007 
  89   (0.413) 0.431 0.452 0.668 0.446 0.251 

Locus 41 : 41 
3 alleles
0.0% missing data
 167   (0.750) 0.761 0.802 0.923 0.774 0.480 
 161   (0.197) 0.186 0.176 0.064 0.179 0.487 
 165   (0.053) 0.054 0.022 0.013 0.047 0.034 

Locus 42 : 42 
6 alleles
0.0% missing data
 224   (0.039) 0.028 0.025 0.057 0.025 0.016 
 228   (0.386) 0.378 0.394 0.571 0.380 0.387 
 238   (0.354) 0.379 0.407 0.247 0.393 0.103 
 240   (0.133) 0.140 0.142 0.012 0.138 0.407 
 236   (0.072) 0.061 0.027 0.112 0.052 0.086 
 242   (0.015) 0.014 0.005 0.001 0.011 0.001 

Locus 43 : 43 
7 alleles
0.7% missing data
 130   (0.534) 0.573 0.509 0.474 0.569 0.582 
 118   (0.054) 0.045 0.053 0.006 0.043 0.098 
 128   (0.070) 0.065 0.084 0.137 0.066 0.006 
 132   (0.082) 0.076 0.056 0.263 0.071 0.007 
 114   (0.106) 0.104 0.109 0.084 0.103 0.009 
 134   (0.137) 0.125 0.184 0.015 0.139 0.296 
 122   (0.017) 0.012 0.006 0.020 0.009 0.001 

Locus 44 : 44 
5 alleles
0.0% missing data
 104   (0.416) 0.432 0.458 0.166 0.442 0.109 
  98   (0.157) 0.146 0.100 0.214 0.132 0.251 
 102   (0.193) 0.202 0.305 0.437 0.226 0.017 
  92   (0.159) 0.160 0.097 0.113 0.147 0.444 
  96   (0.076) 0.060 0.039 0.070 0.053 0.180 

Locus 45 : 45 
5 alleles
0.0% missing data
  95   (0.219) 0.203 0.218 0.352 0.202 0.400 
 101   (0.364) 0.363 0.411 0.399 0.376 0.225 
 103   (0.274) 0.296 0.285 0.232 0.296 0.098 
  99   (0.105) 0.106 0.063 0.014 0.098 0.239 
  97   (0.039) 0.031 0.023 0.003 0.029 0.038 

Locus 46 : 46 
7 alleles
0.0% missing data
 181   (0.537) 0.579 0.555 0.732 0.580 0.271 
 191   (0.285) 0.272 0.312 0.180 0.278 0.598 
 179   (0.037) 0.029 0.052 0.003 0.033 0.076 
 177   (0.071) 0.060 0.050 0.080 0.057 0.036 
 189   (0.021) 0.017 0.009 0.002 0.016 0.002 
 183   (0.021) 0.018 0.011 0.002 0.016 0.002 
 193   (0.028) 0.025 0.011 0.002 0.021 0.016 

Locus 47 : 47 
6 alleles
0.0% missing data
 211   (0.203) 0.190 0.227 0.175 0.192 0.390 
 215   (0.077) 0.070 0.044 0.082 0.065 0.033 
 205   (0.440) 0.467 0.508 0.492 0.479 0.355 
 207   (0.202) 0.213 0.167 0.177 0.209 0.127 
 201   (0.055) 0.044 0.038 0.073 0.040 0.066 
 202   (0.023) 0.016 0.016 0.002 0.015 0.029 

Locus 48 : 48 
10 alleles
0.0% missing data
 142   (0.277) 0.285 0.389 0.201 0.305 0.134 
 162   (0.064) 0.059 0.054 0.006 0.058 0.053 
 164   (0.040) 0.032 0.022 0.003 0.028 0.106 
 168   (0.154) 0.162 0.114 0.257 0.156 0.305 
 158   (0.167) 0.182 0.142 0.079 0.180 0.183 
 170   (0.043) 0.035 0.015 0.014 0.029 0.103 
 166   (0.144) 0.153 0.172 0.287 0.158 0.033 
 156   (0.043) 0.037 0.030 0.005 0.032 0.067 
 144   (0.054) 0.046 0.058 0.147 0.047 0.005 
 160   (0.014) 0.010 0.005 0.001 0.008 0.011 

Locus 49 : 49 
6 alleles
0.0% missing data
 149   (0.347) 0.349 0.344 0.119 0.352 0.753 
 151   (0.221) 0.230 0.208 0.232 0.226 0.091 
 145   (0.203) 0.200 0.236 0.247 0.203 0.122 
 153   (0.186) 0.182 0.196 0.399 0.186 0.017 
 147   (0.015) 0.012 0.005 0.001 0.010 0.002 
 143   (0.028) 0.027 0.011 0.002 0.023 0.015 

Values of parameters used in structure:
DATAFILE=admix_W1.str,	OUTFILE=k5/admix_W1_k5_run8,	NUMINDS=150,	NUMLOCI=49,	MISSING=-9,	LABEL=1,	POPDATA=1,	POPFLAG=0,	PHENOTYPE=0,	EXTRACOLS=0,	MAXPOPS=5,	BURNIN=500000,	NUMREPS=750000,	USEPOPINFO=0,	INFERALPHA=1,	INFERLAMBDA=0,	POPSPECIFICLAMBDA=0,	POPALPHAS=0,	COMPUTEPROB=1,	NOADMIX=0,	ADMBURNIN=500,	UPDATEFREQ=100,	PRINTLIKES=0,	INTERMEDSAVE=0,	PRINTKLD=0,	PRINTNET=1,	PRINTLAMBDA=1,	ANCESTDIST=0,	NUMBOXES=1000,	ANCESTPINT=0.90000,	GENSBACK=2,	MIGRPRIOR=0.01000,	PRINTQHAT=0,	PRINTQSUM=1,	ALPHA=1.0000,	FREQSCORR=1,	FPRIORMEAN=0.0100,	FPRIORSD=0.0500,	ONEFST=0,	LAMBDA=1.0000,	UNIFPRIORALPHA=1,	ALPHAMAX=10.0000,	ALPHAPRIORA=1.0000,	ALPHAPRIORB=2.0000,	ALPHAPROPSD=0.0250,	STARTATPOPINFO=0,	RANDOMIZE=0,	LINKAGE=0,	METROFREQ=10,	REPORTHITRATE=0,	MARKOVPHASE=0,	PHASED=1,	PLOIDY=2,	PHASEINFO=0	LOCPRIOR=0, 	LOCPRIORINIT=1.000000, 	LOCDATA=0, 	LOCISPOP=1, 	LOCPRIORSTEP=0.100000, 	MAXLOCPRIOR=20.000000, 	SEED=312998,	
[STRAT parameters]:    NUMSIMSTATS=1000,	PHENOTYPECOL=-9,	POOLFREQ=10,	LOCUSxONLY=0,	EMERROR=0.00100,	MISSINGPHENO=-9,	