Iteration	log-likelihood
0	-3208.5916
1	-2337.978
2	-982.00414
3	-905.9064
4	-888.4503
5	-881.8735
6	-878.71232
7	-876.95057
8	-875.86138
9	-875.13316
10	-874.61585
11	-874.2305
12	-873.93254
13	-873.6953
14	-873.50208
15	-873.34202
16	-873.20785
17	-873.09459
18	-872.99869
19	-872.91746
20	-872.84877
21	-872.7908
22	-872.74194
23	-872.70077
24	-872.66603
25	-872.63666
26	-872.61176
27	-872.59059
28	-872.57253
29	-872.55708
30	-872.54384
31	-872.53246
32	-872.52266
33	-872.5142
34	-872.50689
35	-872.50056
36	-872.49507
37	-872.4903
38	-872.48615
39	-872.48252
40	-872.47936
41	-872.47659
42	-872.47416
43	-872.47202
44	-872.47014
45	-872.46847
46	-872.467
47	-872.4657
48	-872.46454
49	-872.46351
50	-872.46258
