

----------------------------------------------------
STRUCTURE by Pritchard, Stephens and Donnelly (2000)
     and Falush, Stephens and Pritchard (2003)
       Code by Pritchard, Falush and Hubisz
             Version 2.3.4 (Jul 2012)
----------------------------------------------------



Command line arguments:   structure -D 174449 -K 10 -m mainparams -o k10/temp1_np_k10_run4 
Input File:    temp1_np.str

Run parameters:
   272 individuals
   48 loci
   10 populations assumed
   500000 Burn-in period
   750000 Reps
RANDOMIZE turned off


--------------------------------------------
Proportion of membership of each pre-defined
 population in each of the 10 clusters

Given    Inferred Clusters                                                        Number of
 Pop       1      2      3      4      5      6      7      8      9     10      Individuals

  1:     0.008  0.077  0.212  0.021  0.600  0.020  0.018  0.020  0.003  0.020       39
  2:     0.005  0.026  0.184  0.011  0.725  0.014  0.010  0.008  0.003  0.015       33
  3:     0.007  0.017  0.011  0.023  0.008  0.027  0.024  0.021  0.005  0.856       79
  4:     0.898  0.013  0.010  0.021  0.007  0.013  0.018  0.012  0.003  0.005       19
  5:     0.012  0.005  0.003  0.006  0.004  0.004  0.006  0.005  0.953  0.003       10
  6:     0.015  0.150  0.012  0.247  0.010  0.095  0.244  0.169  0.028  0.030       10
  7:     0.030  0.169  0.019  0.296  0.027  0.036  0.211  0.145  0.014  0.053       23
  8:     0.018  0.167  0.013  0.118  0.011  0.066  0.196  0.337  0.008  0.065       11
  9:     0.007  0.061  0.025  0.100  0.029  0.428  0.241  0.094  0.005  0.009       18
 10:     0.011  0.169  0.013  0.253  0.036  0.021  0.219  0.201  0.031  0.046       25
 11:     0.020  0.139  0.064  0.194  0.023  0.312  0.146  0.090  0.002  0.010        5
--------------------------------------------

Allele-freq. divergence among pops (Net nucleotide distance),
computed using point estimates of P.

      1       2       3       4       5       6       7       8       9      10      
 1      -    0.0574  0.0811  0.0556  0.0799  0.0694  0.0585  0.0622  0.1355  0.0723  
 2   0.0574     -    0.0230  0.0035  0.0240  0.0178  0.0045  0.0033  0.1126  0.0208  
 3   0.0811  0.0230     -    0.0365  0.0268  0.0454  0.0371  0.0372  0.1561  0.0496  
 4   0.0556  0.0035  0.0365     -    0.0301  0.0174  0.0017  0.0043  0.1061  0.0197  
 5   0.0799  0.0240  0.0268  0.0301     -    0.0429  0.0308  0.0327  0.1385  0.0489  
 6   0.0694  0.0178  0.0454  0.0174  0.0429     -    0.0169  0.0180  0.1331  0.0346  
 7   0.0585  0.0045  0.0371  0.0017  0.0308  0.0169     -    0.0039  0.1095  0.0202  
 8   0.0622  0.0033  0.0372  0.0043  0.0327  0.0180  0.0039     -    0.1086  0.0193  
 9   0.1355  0.1126  0.1561  0.1061  0.1385  0.1331  0.1095  0.1086     -    0.1180  
10   0.0723  0.0208  0.0496  0.0197  0.0489  0.0346  0.0202  0.0193  0.1180     -    

Average distances (expected heterozygosity) between individuals in same cluster:
cluster  1  : 0.5504 
cluster  2  : 0.6242 
cluster  3  : 0.5399 
cluster  4  : 0.6412 
cluster  5  : 0.5564 
cluster  6  : 0.5907 
cluster  7  : 0.6343 
cluster  8  : 0.6340 
cluster  9  : 0.5432 
cluster 10  : 0.5966 

--------------------------------------------
Estimated Ln Prob of Data   = -30778.6
Mean value of ln likelihood = -29108.3
Variance of ln likelihood   = 3340.6
Mean value of alpha         = 0.0351

Mean value of Fst_1         = 0.2116
Mean value of Fst_2         = 0.0717
Mean value of Fst_3         = 0.1958
Mean value of Fst_4         = 0.0241
Mean value of Fst_5         = 0.1239
Mean value of Fst_6         = 0.1022
Mean value of Fst_7         = 0.0347
Mean value of Fst_8         = 0.0502
Mean value of Fst_9         = 0.3059
Mean value of Fst_10         = 0.0946


Inferred ancestry of individuals:
        Label (%Miss) Pop:  Inferred clusters
  1     2229    (0)    1 :  0.007 0.005 0.004 0.005 0.951 0.007 0.005 0.005 0.007 0.004 
  2     2230    (0)    1 :  0.002 0.008 0.011 0.012 0.925 0.008 0.011 0.008 0.001 0.014 
  3     2235    (0)    1 :  0.012 0.194 0.499 0.060 0.139 0.004 0.039 0.028 0.014 0.010 
  4     2236    (0)    1 :  0.041 0.051 0.031 0.065 0.508 0.181 0.052 0.057 0.003 0.009 
  5     2237    (0)    1 :  0.004 0.212 0.744 0.004 0.006 0.011 0.006 0.007 0.002 0.004 
  6     2238    (0)    1 :  0.011 0.204 0.752 0.003 0.012 0.006 0.004 0.004 0.002 0.003 
  7     2239    (0)    1 :  0.004 0.194 0.499 0.015 0.253 0.008 0.008 0.010 0.001 0.008 
  8     2240    (0)    1 :  0.009 0.049 0.136 0.021 0.701 0.007 0.017 0.040 0.008 0.011 
  9     2241    (0)    1 :  0.006 0.044 0.040 0.030 0.773 0.006 0.025 0.047 0.016 0.013 
 10     2242    (0)    1 :  0.007 0.071 0.083 0.055 0.613 0.035 0.050 0.058 0.003 0.025 
 11     2243    (0)    1 :  0.008 0.066 0.466 0.013 0.316 0.056 0.012 0.016 0.002 0.046 
 12     2244    (0)    1 :  0.002 0.020 0.046 0.009 0.838 0.032 0.012 0.015 0.002 0.025 
 13     2245    (0)    1 :  0.003 0.004 0.007 0.004 0.949 0.003 0.004 0.004 0.002 0.019 
 14     2246    (0)    1 :  0.010 0.016 0.056 0.013 0.826 0.011 0.015 0.013 0.003 0.036 
 15     2247    (0)    1 :  0.004 0.205 0.694 0.011 0.039 0.010 0.012 0.012 0.002 0.012 
 16     2248    (0)    1 :  0.007 0.006 0.009 0.005 0.948 0.004 0.005 0.006 0.004 0.005 
 17     2249    (0)    1 :  0.007 0.032 0.076 0.074 0.681 0.014 0.061 0.029 0.002 0.024 
 18     2250    (0)    1 :  0.002 0.007 0.013 0.003 0.963 0.003 0.003 0.002 0.001 0.003 
 19     2251    (0)    1 :  0.082 0.014 0.009 0.011 0.833 0.010 0.014 0.013 0.005 0.008 
 20     2252    (0)    1 :  0.004 0.017 0.048 0.007 0.898 0.005 0.006 0.006 0.002 0.008 
 21     2253    (0)    1 :  0.002 0.245 0.522 0.053 0.092 0.010 0.031 0.030 0.001 0.013 
 22     2254    (0)    1 :  0.002 0.026 0.034 0.015 0.838 0.005 0.025 0.024 0.003 0.027 
 23     2255    (0)    1 :  0.004 0.016 0.041 0.014 0.872 0.010 0.011 0.011 0.003 0.018 
 24     2256    (0)    1 :  0.003 0.129 0.037 0.128 0.215 0.219 0.095 0.152 0.002 0.020 
 25     2257    (0)    1 :  0.014 0.214 0.719 0.006 0.019 0.003 0.005 0.009 0.003 0.008 
 26     2258    (0)    1 :  0.003 0.056 0.036 0.042 0.573 0.009 0.034 0.046 0.003 0.197 
 27     2259    (0)    1 :  0.007 0.010 0.018 0.005 0.932 0.013 0.006 0.005 0.002 0.003 
 28     2260    (0)    1 :  0.003 0.214 0.639 0.012 0.081 0.015 0.009 0.015 0.002 0.010 
 29     2261    (0)    1 :  0.004 0.007 0.025 0.004 0.942 0.003 0.004 0.004 0.003 0.004 
 30     2262    (0)    1 :  0.003 0.212 0.767 0.002 0.005 0.003 0.002 0.002 0.002 0.002 
 31     2263    (0)    1 :  0.003 0.003 0.002 0.003 0.967 0.003 0.003 0.003 0.005 0.007 
 32     2264    (0)    1 :  0.002 0.015 0.015 0.016 0.914 0.010 0.013 0.010 0.002 0.003 
 33     2265    (0)    1 :  0.005 0.202 0.649 0.025 0.046 0.014 0.032 0.018 0.002 0.007 
 34     2266    (0)    1 :  0.012 0.047 0.081 0.014 0.790 0.019 0.012 0.015 0.002 0.008 
 35     2267    (0)    1 :  0.003 0.006 0.006 0.004 0.956 0.005 0.004 0.005 0.002 0.009 
 36     2268    (0)    1 :  0.006 0.021 0.039 0.012 0.877 0.007 0.019 0.013 0.002 0.003 
 37     2269    (0)    1 :  0.004 0.008 0.012 0.005 0.955 0.004 0.005 0.004 0.001 0.002 
 38     2270    (0)    1 :  0.004 0.119 0.386 0.007 0.457 0.004 0.006 0.006 0.002 0.008 
 39     2271    (0)    1 :  0.004 0.042 0.019 0.042 0.690 0.005 0.034 0.017 0.003 0.145 
 40      934    (0)   10 :  0.022 0.274 0.022 0.186 0.013 0.017 0.075 0.378 0.004 0.008 
 41     2434    (0)   10 :  0.006 0.123 0.005 0.431 0.009 0.035 0.260 0.104 0.003 0.023 
 42     2435    (0)   10 :  0.019 0.198 0.007 0.269 0.005 0.004 0.092 0.206 0.191 0.011 
 43     2436    (0)   10 :  0.008 0.108 0.003 0.110 0.002 0.011 0.182 0.128 0.309 0.138 
 44     2437    (0)   10 :  0.010 0.231 0.002 0.364 0.005 0.008 0.169 0.160 0.006 0.045 
 45     2438    (0)   10 :  0.009 0.090 0.003 0.557 0.004 0.009 0.283 0.039 0.001 0.005 
 46     2439    (0)   10 :  0.003 0.091 0.008 0.160 0.012 0.009 0.449 0.250 0.003 0.015 
 47     2440    (0)   10 :  0.010 0.111 0.008 0.121 0.008 0.078 0.063 0.106 0.031 0.464 
 48     2441    (0)   10 :  0.028 0.213 0.006 0.327 0.010 0.008 0.218 0.126 0.049 0.015 
 49     2442    (0)   10 :  0.006 0.297 0.004 0.321 0.003 0.006 0.191 0.160 0.006 0.006 
 50     2443    (0)   10 :  0.012 0.157 0.023 0.339 0.004 0.013 0.184 0.126 0.004 0.137 
 51     2444    (0)   10 :  0.004 0.218 0.022 0.174 0.010 0.067 0.139 0.346 0.004 0.017 
 52     2446    (0)   10 :  0.006 0.244 0.011 0.070 0.015 0.014 0.107 0.517 0.006 0.011 
 53     2447    (0)   10 :  0.002 0.118 0.006 0.458 0.018 0.007 0.313 0.068 0.004 0.005 
 54     2448    (0)   10 :  0.006 0.060 0.005 0.120 0.430 0.057 0.200 0.112 0.002 0.008 
 55     2449    (0)   10 :  0.007 0.036 0.002 0.114 0.003 0.029 0.583 0.197 0.015 0.013 
 56     2450    (0)   10 :  0.011 0.064 0.002 0.180 0.003 0.014 0.545 0.169 0.005 0.005 
 57     2451    (0)   10 :  0.009 0.139 0.002 0.395 0.003 0.018 0.242 0.159 0.014 0.019 
 58     2452    (0)   10 :  0.018 0.159 0.016 0.126 0.019 0.034 0.269 0.332 0.004 0.023 
 59     2453    (0)   10 :  0.023 0.287 0.006 0.332 0.013 0.008 0.162 0.160 0.006 0.004 
 60     2454    (0)   10 :  0.009 0.152 0.130 0.091 0.277 0.009 0.131 0.161 0.005 0.034 
 61     2455    (0)   10 :  0.002 0.326 0.006 0.182 0.008 0.053 0.091 0.234 0.007 0.092 
 62     2456    (0)   10 :  0.022 0.211 0.012 0.348 0.019 0.008 0.216 0.106 0.017 0.042 
 63     2457    (0)   10 :  0.004 0.248 0.008 0.014 0.006 0.007 0.054 0.621 0.032 0.006 
 64     2458    (0)   10 :  0.007 0.077 0.006 0.535 0.006 0.004 0.246 0.061 0.054 0.005 
 65     1074    (0)   11 :  0.052 0.126 0.032 0.099 0.048 0.442 0.093 0.086 0.002 0.020 
 66     1075    (0)   11 :  0.009 0.208 0.009 0.403 0.018 0.006 0.259 0.084 0.002 0.003 
 67     1076    (0)   11 :  0.005 0.006 0.004 0.008 0.002 0.957 0.007 0.007 0.001 0.003 
 68     1077    (0)   11 :  0.022 0.174 0.206 0.162 0.028 0.065 0.151 0.176 0.001 0.016 
 69     1078    (0)   11 :  0.011 0.180 0.067 0.298 0.019 0.092 0.220 0.099 0.005 0.008 
 70      382    (0)    2 :  0.003 0.046 0.154 0.015 0.724 0.010 0.017 0.011 0.003 0.017 
 71      383    (0)    2 :  0.002 0.178 0.454 0.027 0.152 0.013 0.029 0.021 0.010 0.112 
 72      647    (0)    2 :  0.003 0.008 0.482 0.007 0.436 0.022 0.012 0.008 0.002 0.019 
 73      648    (0)    2 :  0.002 0.009 0.263 0.007 0.656 0.031 0.008 0.009 0.002 0.012 
 74      649    (0)    2 :  0.003 0.010 0.040 0.007 0.919 0.005 0.006 0.006 0.002 0.004 
 75      650    (0)    2 :  0.002 0.018 0.491 0.010 0.449 0.006 0.009 0.006 0.002 0.006 
 76      651    (0)    2 :  0.002 0.024 0.606 0.004 0.346 0.004 0.004 0.004 0.001 0.003 
 77      652    (0)    2 :  0.003 0.010 0.560 0.005 0.372 0.009 0.005 0.006 0.001 0.029 
 78      653    (0)    2 :  0.002 0.005 0.005 0.005 0.964 0.005 0.004 0.005 0.001 0.003 
 79      654    (0)    2 :  0.003 0.004 0.006 0.004 0.964 0.004 0.003 0.003 0.005 0.004 
 80      658    (0)    2 :  0.003 0.007 0.041 0.006 0.922 0.007 0.006 0.005 0.001 0.002 
 81      659    (0)    2 :  0.002 0.005 0.539 0.004 0.427 0.004 0.006 0.006 0.002 0.005 
 82      660    (0)    2 :  0.004 0.005 0.006 0.005 0.960 0.006 0.006 0.006 0.001 0.003 
 83      661    (0)    2 :  0.004 0.006 0.006 0.005 0.960 0.005 0.005 0.005 0.001 0.003 
 84      662    (0)    2 :  0.008 0.004 0.004 0.004 0.950 0.003 0.004 0.004 0.016 0.004 
 85      663    (0)    2 :  0.002 0.016 0.085 0.004 0.876 0.004 0.004 0.003 0.003 0.004 
 86      664    (0)    2 :  0.005 0.008 0.562 0.009 0.376 0.013 0.008 0.008 0.001 0.009 
 87      665    (0)    2 :  0.003 0.016 0.031 0.012 0.869 0.009 0.013 0.022 0.002 0.024 
 88      671    (0)    2 :  0.002 0.067 0.802 0.003 0.106 0.005 0.003 0.005 0.002 0.006 
 89      672    (0)    2 :  0.002 0.005 0.005 0.005 0.964 0.005 0.005 0.004 0.002 0.003 
 90      673    (0)    2 :  0.003 0.039 0.078 0.005 0.859 0.003 0.005 0.004 0.002 0.003 
 91      674    (0)    2 :  0.020 0.020 0.046 0.028 0.779 0.009 0.023 0.019 0.004 0.051 
 92      675    (0)    2 :  0.018 0.006 0.004 0.007 0.939 0.004 0.005 0.006 0.006 0.006 
 93      676    (0)    2 :  0.004 0.010 0.021 0.006 0.933 0.006 0.005 0.006 0.002 0.007 
 94      677    (0)    2 :  0.002 0.005 0.021 0.004 0.952 0.002 0.004 0.004 0.002 0.005 
 95      678    (0)    2 :  0.003 0.003 0.004 0.003 0.973 0.004 0.003 0.003 0.002 0.002 
 96      679    (0)    2 :  0.002 0.005 0.005 0.004 0.965 0.003 0.004 0.005 0.005 0.003 
 97      680    (0)    2 :  0.002 0.004 0.066 0.003 0.904 0.006 0.005 0.004 0.002 0.003 
 98      681    (0)    2 :  0.002 0.004 0.005 0.003 0.966 0.005 0.004 0.004 0.004 0.004 
 99      682    (0)    2 :  0.002 0.005 0.048 0.003 0.922 0.006 0.003 0.003 0.002 0.005 
100      683    (0)    2 :  0.008 0.018 0.019 0.019 0.836 0.044 0.020 0.017 0.003 0.016 
101      755    (0)    2 :  0.017 0.120 0.099 0.112 0.223 0.195 0.078 0.054 0.001 0.101 
102     2286    (0)    2 :  0.006 0.157 0.524 0.003 0.289 0.006 0.004 0.004 0.002 0.005 
103      690    (0)    3 :  0.009 0.039 0.008 0.047 0.016 0.274 0.120 0.100 0.001 0.386 
104      691    (0)    3 :  0.003 0.013 0.002 0.022 0.003 0.012 0.022 0.015 0.005 0.902 
105      692    (0)    3 :  0.010 0.007 0.010 0.006 0.011 0.005 0.007 0.005 0.011 0.929 
106      693    (0)    3 :  0.002 0.007 0.004 0.006 0.003 0.004 0.005 0.008 0.002 0.960 
107      694    (0)    3 :  0.001 0.009 0.005 0.010 0.006 0.433 0.008 0.020 0.001 0.505 
108      695    (0)    3 :  0.014 0.019 0.005 0.013 0.004 0.009 0.014 0.025 0.003 0.894 
109      696    (0)    3 :  0.054 0.014 0.021 0.021 0.021 0.031 0.027 0.017 0.002 0.792 
110      697    (0)    3 :  0.004 0.013 0.035 0.008 0.007 0.019 0.007 0.010 0.001 0.896 
111      698    (0)    3 :  0.002 0.005 0.004 0.006 0.004 0.006 0.007 0.007 0.003 0.956 
112      699    (0)    3 :  0.010 0.010 0.015 0.004 0.011 0.005 0.004 0.007 0.005 0.928 
113      700    (0)    3 :  0.079 0.085 0.045 0.061 0.012 0.210 0.040 0.157 0.001 0.309 
114      701    (0)    3 :  0.006 0.017 0.004 0.029 0.005 0.012 0.043 0.028 0.014 0.841 
115      703    (0)    3 :  0.007 0.011 0.005 0.015 0.003 0.007 0.033 0.017 0.007 0.897 
116      704    (0)    3 :  0.012 0.013 0.015 0.022 0.007 0.018 0.015 0.011 0.003 0.882 
117      705    (0)    3 :  0.016 0.022 0.007 0.070 0.011 0.015 0.033 0.021 0.002 0.804 
118      706    (0)    3 :  0.004 0.013 0.013 0.019 0.007 0.009 0.013 0.012 0.004 0.908 
119      707    (0)    3 :  0.004 0.005 0.011 0.005 0.014 0.003 0.005 0.004 0.002 0.947 
120      708    (0)    3 :  0.010 0.012 0.023 0.007 0.021 0.008 0.006 0.007 0.006 0.900 
121      709    (0)    3 :  0.007 0.023 0.010 0.019 0.007 0.019 0.018 0.024 0.002 0.870 
122      710    (0)    3 :  0.004 0.013 0.003 0.014 0.006 0.012 0.012 0.017 0.029 0.891 
123      711    (0)    3 :  0.003 0.026 0.006 0.037 0.012 0.008 0.055 0.029 0.002 0.821 
124     2287    (0)    3 :  0.006 0.013 0.005 0.013 0.013 0.016 0.010 0.012 0.002 0.909 
125     2288    (0)    3 :  0.006 0.012 0.011 0.017 0.005 0.013 0.012 0.012 0.018 0.894 
126     2289    (0)    3 :  0.006 0.009 0.003 0.008 0.003 0.008 0.007 0.011 0.006 0.941 
127     2290    (0)    3 :  0.009 0.018 0.027 0.011 0.005 0.023 0.014 0.011 0.002 0.881 
128     2291    (0)    3 :  0.002 0.010 0.005 0.012 0.011 0.006 0.021 0.016 0.002 0.915 
129     2292    (0)    3 :  0.003 0.004 0.011 0.003 0.005 0.002 0.003 0.003 0.001 0.962 
130     2293    (0)    3 :  0.005 0.049 0.005 0.022 0.005 0.014 0.018 0.079 0.005 0.797 
131     2294    (0)    3 :  0.010 0.043 0.004 0.081 0.003 0.018 0.043 0.038 0.006 0.755 
132     2295    (0)    3 :  0.010 0.081 0.118 0.056 0.021 0.026 0.115 0.039 0.002 0.531 
133     2296    (0)    3 :  0.004 0.004 0.003 0.004 0.003 0.003 0.003 0.004 0.002 0.970 
134     2297    (0)    3 :  0.002 0.014 0.006 0.027 0.007 0.016 0.017 0.015 0.002 0.895 
135     2298    (0)    3 :  0.003 0.007 0.003 0.011 0.003 0.004 0.008 0.007 0.003 0.951 
136     2299    (0)    3 :  0.012 0.009 0.005 0.011 0.003 0.006 0.012 0.008 0.002 0.932 
137     2300    (0)    3 :  0.003 0.004 0.002 0.005 0.004 0.004 0.006 0.005 0.006 0.961 
138     2301    (0)    3 :  0.002 0.005 0.008 0.004 0.010 0.004 0.003 0.004 0.001 0.958 
139     2302    (0)    3 :  0.003 0.004 0.004 0.004 0.004 0.004 0.004 0.004 0.002 0.967 
140     2303    (0)    3 :  0.002 0.009 0.004 0.014 0.003 0.010 0.017 0.012 0.002 0.927 
141     2304    (0)    3 :  0.003 0.012 0.020 0.012 0.031 0.025 0.012 0.011 0.004 0.869 
142     2305    (0)    3 :  0.025 0.009 0.015 0.008 0.006 0.005 0.008 0.005 0.001 0.917 
143     2306    (0)    3 :  0.004 0.016 0.008 0.020 0.016 0.007 0.013 0.012 0.003 0.901 
144     2307    (0)    3 :  0.012 0.020 0.030 0.014 0.016 0.016 0.029 0.029 0.003 0.832 
145     2308    (0)    3 :  0.004 0.096 0.001 0.481 0.001 0.006 0.177 0.095 0.130 0.007 
146     2309    (0)    3 :  0.003 0.007 0.004 0.007 0.010 0.011 0.010 0.008 0.004 0.937 
147     2310    (0)    3 :  0.003 0.008 0.016 0.008 0.012 0.044 0.006 0.007 0.001 0.895 
148     2311    (0)    3 :  0.004 0.005 0.004 0.004 0.004 0.002 0.004 0.005 0.003 0.966 
149     2312    (0)    3 :  0.002 0.004 0.006 0.004 0.005 0.006 0.004 0.004 0.002 0.964 
150     2313    (0)    3 :  0.005 0.013 0.024 0.012 0.007 0.021 0.015 0.011 0.002 0.888 
151     2314    (0)    3 :  0.003 0.010 0.009 0.011 0.009 0.307 0.010 0.021 0.001 0.618 
152     2315    (0)    3 :  0.008 0.007 0.007 0.008 0.005 0.006 0.007 0.005 0.003 0.944 
153     2316    (0)    3 :  0.009 0.026 0.011 0.027 0.007 0.014 0.021 0.023 0.003 0.859 
154     2317    (0)    3 :  0.004 0.007 0.005 0.007 0.004 0.004 0.007 0.007 0.003 0.952 
155     2318    (0)    3 :  0.008 0.007 0.005 0.007 0.004 0.008 0.007 0.008 0.002 0.945 
156     2319    (0)    3 :  0.002 0.004 0.003 0.004 0.003 0.003 0.005 0.004 0.004 0.968 
157     2320    (0)    3 :  0.019 0.004 0.003 0.004 0.004 0.004 0.004 0.004 0.004 0.950 
158     2321    (0)    3 :  0.012 0.015 0.006 0.020 0.020 0.077 0.023 0.019 0.005 0.803 
159     2322    (0)    3 :  0.011 0.034 0.004 0.036 0.009 0.012 0.054 0.060 0.006 0.774 
160     2323    (0)    3 :  0.007 0.009 0.006 0.010 0.003 0.011 0.008 0.010 0.012 0.926 
161     2324    (0)    3 :  0.003 0.005 0.004 0.006 0.003 0.008 0.005 0.006 0.003 0.957 
162     2325    (0)    3 :  0.003 0.005 0.008 0.004 0.005 0.004 0.004 0.006 0.003 0.959 
163     2326    (0)    3 :  0.005 0.082 0.006 0.153 0.011 0.007 0.433 0.151 0.001 0.151 
164     2327    (0)    3 :  0.012 0.021 0.020 0.020 0.021 0.012 0.020 0.021 0.002 0.852 
165     2328    (0)    3 :  0.008 0.085 0.005 0.099 0.008 0.027 0.071 0.058 0.002 0.636 
166     2329    (0)    3 :  0.004 0.010 0.019 0.006 0.008 0.006 0.006 0.007 0.001 0.934 
167     2330    (0)    3 :  0.003 0.006 0.007 0.006 0.009 0.008 0.005 0.005 0.001 0.950 
168     2331    (0)    3 :  0.004 0.010 0.005 0.008 0.008 0.006 0.007 0.012 0.013 0.928 
169     2332    (0)    3 :  0.001 0.009 0.006 0.007 0.016 0.024 0.010 0.013 0.001 0.912 
170     2333    (0)    3 :  0.005 0.027 0.003 0.016 0.003 0.035 0.030 0.054 0.008 0.818 
171     2334    (0)    3 :  0.003 0.006 0.003 0.005 0.003 0.005 0.005 0.007 0.002 0.961 
172     2335    (0)    3 :  0.006 0.003 0.004 0.003 0.003 0.003 0.003 0.003 0.003 0.969 
173     2336    (0)    3 :  0.003 0.005 0.007 0.004 0.005 0.003 0.004 0.004 0.001 0.965 
174     2337    (0)    3 :  0.002 0.004 0.007 0.004 0.004 0.003 0.004 0.004 0.003 0.967 
175     2338    (0)    3 :  0.007 0.005 0.008 0.004 0.004 0.005 0.004 0.004 0.002 0.958 
176     2339    (0)    3 :  0.002 0.040 0.006 0.021 0.004 0.016 0.019 0.064 0.003 0.826 
177     2340    (0)    3 :  0.003 0.004 0.004 0.004 0.005 0.003 0.005 0.005 0.001 0.965 
178     2341    (0)    3 :  0.005 0.008 0.010 0.008 0.016 0.007 0.009 0.011 0.005 0.920 
179     2342    (2)    3 :  0.004 0.017 0.010 0.012 0.006 0.019 0.011 0.017 0.003 0.902 
180     2343    (0)    3 :  0.002 0.021 0.017 0.009 0.008 0.012 0.007 0.025 0.005 0.893 
181     2344    (0)    3 :  0.002 0.007 0.015 0.006 0.004 0.017 0.005 0.008 0.003 0.934 
182      195    (0)    4 :  0.942 0.007 0.006 0.007 0.015 0.003 0.008 0.006 0.001 0.005 
183      364    (0)    4 :  0.979 0.002 0.004 0.002 0.003 0.002 0.002 0.002 0.002 0.002 
184      756    (0)    4 :  0.933 0.007 0.003 0.012 0.004 0.009 0.013 0.009 0.004 0.005 
185      757    (0)    4 :  0.684 0.045 0.064 0.030 0.025 0.063 0.035 0.037 0.002 0.013 
186      758    (0)    4 :  0.948 0.007 0.008 0.007 0.005 0.006 0.007 0.006 0.002 0.004 
187      759    (0)    4 :  0.834 0.028 0.026 0.024 0.015 0.021 0.021 0.020 0.003 0.008 
188      760    (0)    4 :  0.715 0.041 0.003 0.063 0.003 0.018 0.098 0.053 0.002 0.003 
189      766    (0)    4 :  0.969 0.003 0.003 0.003 0.003 0.006 0.003 0.003 0.002 0.005 
190      767    (0)    4 :  0.937 0.009 0.013 0.007 0.004 0.004 0.005 0.006 0.006 0.008 
191      768    (0)    4 :  0.876 0.014 0.020 0.018 0.006 0.026 0.013 0.013 0.004 0.011 
192      769    (0)    4 :  0.842 0.016 0.004 0.016 0.004 0.063 0.015 0.019 0.016 0.004 
193      770    (0)    4 :  0.935 0.007 0.007 0.009 0.008 0.005 0.007 0.007 0.004 0.010 
194      771    (0)    4 :  0.979 0.002 0.002 0.003 0.002 0.002 0.003 0.002 0.002 0.002 
195      772    (0)    4 :  0.596 0.049 0.010 0.183 0.012 0.008 0.103 0.031 0.002 0.005 
196      773    (0)    4 :  0.983 0.003 0.002 0.002 0.001 0.002 0.002 0.002 0.001 0.002 
197      774    (0)    4 :  0.984 0.002 0.002 0.002 0.002 0.002 0.002 0.002 0.001 0.002 
198      775    (0)    4 :  0.982 0.002 0.003 0.002 0.002 0.002 0.002 0.002 0.001 0.002 
199      776    (0)    4 :  0.979 0.002 0.002 0.002 0.002 0.004 0.002 0.002 0.001 0.002 
200      777    (0)    4 :  0.963 0.003 0.007 0.004 0.007 0.004 0.003 0.003 0.002 0.005 
201      857    (0)    5 :  0.006 0.005 0.003 0.006 0.003 0.003 0.006 0.005 0.959 0.004 
202      858    (0)    5 :  0.003 0.001 0.001 0.002 0.001 0.001 0.001 0.001 0.985 0.002 
203      859    (0)    5 :  0.002 0.002 0.002 0.002 0.001 0.002 0.003 0.002 0.982 0.002 
204      860    (0)    5 :  0.030 0.004 0.002 0.006 0.002 0.010 0.008 0.005 0.929 0.003 
205      861    (0)    5 :  0.002 0.002 0.001 0.002 0.001 0.001 0.002 0.002 0.986 0.002 
206      862    (0)    5 :  0.023 0.007 0.006 0.007 0.019 0.007 0.010 0.008 0.909 0.004 
207      863    (0)    5 :  0.002 0.002 0.002 0.002 0.002 0.002 0.002 0.002 0.982 0.002 
208      864    (0)    5 :  0.001 0.002 0.001 0.002 0.002 0.001 0.002 0.002 0.985 0.002 
209      865    (0)    5 :  0.002 0.015 0.002 0.023 0.004 0.003 0.016 0.017 0.913 0.005 
210      866    (0)    5 :  0.045 0.006 0.005 0.008 0.005 0.008 0.008 0.006 0.901 0.008 
211     2355    (0)    6 :  0.027 0.252 0.006 0.193 0.005 0.022 0.094 0.264 0.004 0.130 
212     2356    (0)    6 :  0.067 0.141 0.003 0.305 0.003 0.013 0.230 0.217 0.003 0.018 
213     2357    (0)    6 :  0.005 0.071 0.057 0.047 0.018 0.559 0.066 0.124 0.001 0.051 
214     2358    (0)    6 :  0.008 0.092 0.005 0.549 0.004 0.007 0.266 0.057 0.009 0.005 
215     2359    (0)    6 :  0.003 0.100 0.006 0.284 0.008 0.011 0.458 0.082 0.002 0.044 
216     2360    (0)    6 :  0.007 0.117 0.016 0.139 0.003 0.165 0.331 0.210 0.006 0.006 
217     2361    (2)    6 :  0.017 0.194 0.010 0.422 0.008 0.008 0.268 0.066 0.001 0.007 
218     2362    (0)    6 :  0.003 0.130 0.005 0.216 0.010 0.146 0.379 0.103 0.002 0.006 
219     2363    (0)    6 :  0.006 0.144 0.005 0.065 0.010 0.010 0.134 0.374 0.246 0.007 
220     2364    (0)    6 :  0.003 0.259 0.010 0.249 0.034 0.009 0.210 0.196 0.009 0.023 
221     2369    (0)    7 :  0.011 0.198 0.025 0.313 0.138 0.035 0.198 0.053 0.001 0.026 
222     2370    (0)    7 :  0.003 0.178 0.011 0.274 0.011 0.094 0.342 0.079 0.001 0.005 
223     2372    (0)    7 :  0.003 0.156 0.012 0.188 0.006 0.089 0.183 0.164 0.004 0.195 
224     2373    (0)    7 :  0.412 0.162 0.007 0.176 0.007 0.034 0.103 0.086 0.007 0.005 
225     2374    (0)    7 :  0.003 0.256 0.004 0.006 0.005 0.007 0.049 0.664 0.004 0.003 
226     2375    (0)    7 :  0.009 0.331 0.009 0.258 0.005 0.047 0.103 0.220 0.004 0.014 
227     2376    (0)    7 :  0.005 0.068 0.020 0.139 0.017 0.044 0.149 0.085 0.028 0.445 
228     2377    (0)    7 :  0.005 0.065 0.039 0.128 0.040 0.007 0.543 0.165 0.002 0.006 
229     2378    (0)    7 :  0.004 0.241 0.025 0.406 0.006 0.011 0.236 0.060 0.001 0.009 
230     2379    (0)    7 :  0.004 0.171 0.005 0.414 0.010 0.006 0.249 0.083 0.038 0.022 
231     2380    (0)    7 :  0.003 0.156 0.004 0.135 0.011 0.043 0.140 0.279 0.002 0.227 
232     2381    (0)    7 :  0.016 0.074 0.025 0.478 0.021 0.050 0.248 0.070 0.002 0.015 
233     2382    (0)    7 :  0.012 0.277 0.002 0.298 0.002 0.069 0.166 0.160 0.002 0.012 
234     2383    (0)    7 :  0.006 0.129 0.011 0.182 0.106 0.122 0.307 0.121 0.003 0.014 
235     2384    (0)    7 :  0.007 0.230 0.007 0.297 0.014 0.017 0.274 0.140 0.002 0.012 
236     2385    (0)    7 :  0.005 0.120 0.005 0.482 0.005 0.014 0.224 0.125 0.001 0.018 
237     2386    (0)    7 :  0.005 0.279 0.007 0.274 0.046 0.015 0.110 0.256 0.002 0.006 
238     2387    (0)    7 :  0.008 0.110 0.009 0.440 0.013 0.065 0.247 0.072 0.004 0.033 
239     2388    (0)    7 :  0.046 0.056 0.003 0.572 0.003 0.009 0.265 0.037 0.003 0.008 
240     2389    (2)    7 :  0.107 0.147 0.005 0.277 0.005 0.012 0.119 0.130 0.170 0.028 
241     2390    (0)    7 :  0.008 0.085 0.007 0.517 0.005 0.004 0.255 0.056 0.010 0.054 
242     2391    (0)    7 :  0.005 0.144 0.082 0.361 0.046 0.015 0.202 0.073 0.020 0.052 
243     2392    (0)    7 :  0.003 0.255 0.103 0.196 0.090 0.029 0.152 0.148 0.008 0.017 
244     2459    (0)    8 :  0.002 0.265 0.004 0.058 0.005 0.008 0.018 0.606 0.003 0.032 
245     2460    (0)    8 :  0.003 0.174 0.039 0.361 0.037 0.009 0.204 0.158 0.006 0.009 
246     2461    (0)    8 :  0.003 0.042 0.004 0.103 0.003 0.032 0.556 0.209 0.004 0.043 
247     2462    (4)    8 :  0.002 0.268 0.008 0.078 0.011 0.008 0.019 0.589 0.001 0.016 
248     2463    (0)    8 :  0.025 0.236 0.020 0.081 0.007 0.054 0.058 0.490 0.004 0.025 
249     2464    (2)    8 :  0.009 0.241 0.012 0.019 0.007 0.019 0.063 0.614 0.009 0.007 
250     2465    (0)    8 :  0.003 0.134 0.010 0.117 0.013 0.505 0.075 0.095 0.005 0.043 
251     2466    (2)    8 :  0.003 0.144 0.016 0.061 0.008 0.006 0.281 0.341 0.009 0.131 
252     2467    (0)    8 :  0.144 0.070 0.019 0.175 0.011 0.028 0.116 0.087 0.044 0.306 
253     2468    (0)    8 :  0.007 0.225 0.007 0.154 0.007 0.046 0.153 0.305 0.002 0.095 
254     2469    (0)    8 :  0.003 0.038 0.004 0.097 0.012 0.012 0.609 0.211 0.002 0.013 
255     1011    (0)    9 :  0.002 0.261 0.009 0.207 0.056 0.005 0.222 0.221 0.008 0.008 
256     1012    (4)    9 :  0.005 0.008 0.009 0.007 0.015 0.937 0.008 0.006 0.002 0.004 
257     1013    (4)    9 :  0.008 0.018 0.010 0.009 0.003 0.914 0.008 0.024 0.002 0.004 
258     1015    (2)    9 :  0.013 0.030 0.029 0.099 0.009 0.033 0.586 0.183 0.006 0.013 
259     1016    (4)    9 :  0.014 0.036 0.025 0.094 0.011 0.039 0.569 0.200 0.002 0.010 
260     2398    (0)    9 :  0.006 0.008 0.006 0.009 0.004 0.932 0.015 0.009 0.001 0.009 
261     2399    (0)    9 :  0.003 0.207 0.008 0.204 0.009 0.020 0.329 0.214 0.002 0.003 
262     2400    (0)    9 :  0.003 0.013 0.015 0.015 0.016 0.899 0.017 0.015 0.001 0.005 
263     2401    (0)    9 :  0.006 0.077 0.033 0.121 0.014 0.091 0.481 0.152 0.002 0.024 
264     2402    (0)    9 :  0.011 0.052 0.042 0.128 0.061 0.010 0.505 0.176 0.002 0.012 
265     2403    (0)    9 :  0.003 0.004 0.003 0.004 0.002 0.956 0.004 0.005 0.010 0.008 
266     2404    (0)    9 :  0.003 0.009 0.015 0.007 0.005 0.926 0.016 0.009 0.002 0.008 
267     2405    (0)    9 :  0.009 0.094 0.003 0.448 0.004 0.026 0.341 0.059 0.002 0.014 
268     2406    (0)    9 :  0.005 0.067 0.038 0.119 0.039 0.014 0.545 0.166 0.002 0.006 
269     2407    (0)    9 :  0.019 0.152 0.169 0.187 0.172 0.038 0.155 0.080 0.002 0.026 
270     2408    (0)    9 :  0.004 0.040 0.007 0.134 0.067 0.013 0.523 0.157 0.048 0.006 
271     2409    (0)    9 :  0.006 0.009 0.016 0.006 0.013 0.930 0.006 0.007 0.001 0.007 
272     2410    (0)    9 :  0.003 0.009 0.010 0.007 0.027 0.918 0.010 0.010 0.001 0.006 


Estimated Allele Frequencies in each cluster
First column gives estimated ancestral frequencies


Locus 1 : 1 
4 alleles
0.0% missing data
  89   (0.498) 0.626 0.531 0.761 0.496 0.593 0.616 0.514 0.471 0.094 0.416 
  91   (0.347) 0.333 0.335 0.164 0.337 0.288 0.209 0.327 0.403 0.556 0.545 
  93   (0.135) 0.039 0.122 0.072 0.143 0.118 0.170 0.143 0.116 0.048 0.038 
  99   (0.020) 0.002 0.012 0.003 0.024 0.001 0.005 0.016 0.010 0.303 0.001 

Locus 2 : 2 
6 alleles
0.0% missing data
 138   (0.239) 0.123 0.229 0.119 0.222 0.367 0.227 0.231 0.256 0.890 0.111 
 136   (0.389) 0.540 0.398 0.527 0.389 0.489 0.300 0.391 0.371 0.065 0.511 
 140   (0.071) 0.007 0.061 0.054 0.081 0.096 0.022 0.103 0.077 0.009 0.007 
 134   (0.251) 0.325 0.277 0.292 0.248 0.045 0.438 0.229 0.264 0.029 0.292 
 142   (0.027) 0.003 0.014 0.005 0.025 0.002 0.007 0.026 0.017 0.004 0.078 
 132   (0.022) 0.002 0.021 0.003 0.035 0.002 0.005 0.021 0.016 0.003 0.001 

Locus 3 : 3 
6 alleles
0.0% missing data
 179   (0.294) 0.030 0.274 0.225 0.281 0.319 0.388 0.334 0.357 0.031 0.471 
 187   (0.337) 0.479 0.366 0.549 0.341 0.473 0.246 0.326 0.265 0.785 0.170 
 181   (0.189) 0.060 0.222 0.203 0.172 0.086 0.159 0.142 0.194 0.161 0.304 
 191   (0.039) 0.220 0.029 0.005 0.023 0.112 0.086 0.020 0.047 0.004 0.002 
 185   (0.086) 0.202 0.076 0.011 0.103 0.006 0.024 0.116 0.101 0.014 0.021 
 175   (0.055) 0.009 0.032 0.007 0.079 0.004 0.097 0.063 0.035 0.006 0.032 

Locus 4 : 4 
12 alleles
0.0% missing data
 253   (0.444) 0.409 0.509 0.732 0.410 0.590 0.559 0.447 0.417 0.390 0.618 
 269   (0.197) 0.081 0.159 0.067 0.212 0.127 0.323 0.211 0.201 0.340 0.191 
 271   (0.042) 0.004 0.069 0.027 0.041 0.006 0.012 0.033 0.105 0.011 0.007 
 241   (0.158) 0.118 0.147 0.027 0.183 0.062 0.063 0.175 0.156 0.070 0.174 
 249   (0.035) 0.003 0.022 0.130 0.026 0.188 0.009 0.020 0.020 0.091 0.002 
 247   (0.057) 0.375 0.055 0.007 0.077 0.004 0.018 0.076 0.062 0.006 0.004 
 273   (0.013) 0.002 0.009 0.002 0.013 0.001 0.003 0.009 0.011 0.003 0.001 
 245   (0.010) 0.001 0.007 0.001 0.008 0.001 0.002 0.006 0.006 0.001 0.001 
 267   (0.010) 0.001 0.004 0.001 0.005 0.009 0.002 0.004 0.004 0.001 0.001 
 235   (0.010) 0.001 0.004 0.001 0.005 0.009 0.002 0.004 0.004 0.001 0.001 
 239   (0.016) 0.005 0.008 0.002 0.010 0.001 0.004 0.008 0.008 0.086 0.001 
 265   (0.010) 0.001 0.006 0.002 0.009 0.001 0.002 0.006 0.006 0.001 0.001 

Locus 5 : 5 
5 alleles
1.1% missing data
 103   (0.889) 0.891 0.899 0.941 0.902 0.941 0.965 0.932 0.890 0.988 0.848 
 104   (0.034) 0.003 0.033 0.030 0.023 0.051 0.010 0.017 0.026 0.003 0.020 
 105   (0.049) 0.005 0.055 0.008 0.048 0.003 0.017 0.034 0.071 0.006 0.130 
 107   (0.010) 0.001 0.005 0.019 0.005 0.003 0.003 0.004 0.004 0.001 0.001 
 102   (0.018) 0.100 0.008 0.002 0.021 0.001 0.005 0.013 0.008 0.002 0.001 

Locus 6 : 6 
6 alleles
0.0% missing data
 135   (0.265) 0.505 0.232 0.053 0.284 0.219 0.157 0.228 0.272 0.808 0.223 
 141   (0.299) 0.135 0.406 0.688 0.306 0.506 0.224 0.274 0.291 0.030 0.396 
 145   (0.351) 0.204 0.312 0.245 0.325 0.209 0.592 0.427 0.387 0.153 0.331 
 147   (0.056) 0.149 0.035 0.009 0.048 0.056 0.020 0.048 0.035 0.005 0.048 
 137   (0.019) 0.006 0.012 0.002 0.032 0.001 0.005 0.018 0.011 0.002 0.001 
 143   (0.010) 0.001 0.004 0.003 0.005 0.008 0.003 0.004 0.004 0.001 0.001 

Locus 7 : 7 
10 alleles
0.4% missing data
  89   (0.075) 0.009 0.065 0.032 0.084 0.049 0.023 0.095 0.080 0.008 0.034 
  91   (0.043) 0.141 0.023 0.007 0.030 0.036 0.010 0.022 0.021 0.304 0.038 
 103   (0.341) 0.329 0.329 0.342 0.370 0.311 0.373 0.380 0.370 0.039 0.600 
  93   (0.230) 0.171 0.226 0.181 0.233 0.407 0.195 0.243 0.189 0.334 0.168 
  97   (0.185) 0.289 0.235 0.421 0.184 0.081 0.246 0.174 0.172 0.175 0.073 
 101   (0.013) 0.001 0.014 0.003 0.008 0.006 0.003 0.006 0.022 0.002 0.001 
  85   (0.038) 0.004 0.049 0.006 0.026 0.105 0.010 0.019 0.086 0.005 0.059 
  99   (0.013) 0.001 0.008 0.002 0.013 0.001 0.006 0.014 0.008 0.001 0.001 
  83   (0.047) 0.053 0.041 0.006 0.044 0.003 0.130 0.041 0.036 0.004 0.024 
 105   (0.014) 0.001 0.010 0.002 0.007 0.001 0.003 0.006 0.016 0.127 0.001 

Locus 8 : 8 
10 alleles
0.0% missing data
 129   (0.566) 0.600 0.643 0.555 0.604 0.670 0.666 0.595 0.624 0.372 0.516 
 141   (0.073) 0.073 0.061 0.148 0.052 0.157 0.080 0.044 0.046 0.007 0.093 
 149   (0.061) 0.046 0.060 0.229 0.058 0.098 0.065 0.050 0.041 0.007 0.004 
 131   (0.014) 0.001 0.007 0.003 0.008 0.005 0.003 0.006 0.007 0.170 0.001 
 143   (0.220) 0.242 0.198 0.057 0.230 0.057 0.144 0.261 0.249 0.363 0.376 
 133   (0.017) 0.002 0.010 0.003 0.021 0.001 0.004 0.022 0.010 0.002 0.001 
 121   (0.010) 0.001 0.004 0.001 0.005 0.009 0.003 0.004 0.004 0.001 0.001 
 145   (0.014) 0.001 0.006 0.002 0.008 0.001 0.029 0.006 0.006 0.002 0.006 
 127   (0.016) 0.033 0.007 0.002 0.010 0.001 0.004 0.008 0.008 0.036 0.001 
 128   (0.010) 0.001 0.004 0.001 0.005 0.001 0.002 0.004 0.004 0.039 0.001 

Locus 9 : 9 
4 alleles
0.0% missing data
 191   (0.378) 0.473 0.449 0.624 0.357 0.586 0.286 0.310 0.340 0.366 0.439 
 195   (0.189) 0.040 0.137 0.090 0.162 0.174 0.288 0.214 0.160 0.143 0.361 
 189   (0.418) 0.485 0.406 0.283 0.469 0.232 0.422 0.466 0.492 0.489 0.199 
 193   (0.015) 0.001 0.008 0.003 0.012 0.008 0.004 0.009 0.008 0.002 0.001 

Locus 10 : 10 
7 alleles
0.0% missing data
 232   (0.222) 0.299 0.163 0.268 0.232 0.495 0.265 0.242 0.155 0.174 0.145 
 238   (0.538) 0.218 0.577 0.491 0.549 0.407 0.638 0.567 0.607 0.327 0.606 
 252   (0.119) 0.171 0.169 0.224 0.096 0.064 0.059 0.095 0.153 0.012 0.175 
 254   (0.059) 0.299 0.043 0.009 0.045 0.021 0.017 0.033 0.044 0.481 0.064 
 250   (0.033) 0.003 0.027 0.004 0.048 0.002 0.011 0.038 0.026 0.004 0.008 
 240   (0.010) 0.001 0.004 0.001 0.005 0.009 0.003 0.004 0.004 0.001 0.001 
 248   (0.018) 0.009 0.017 0.003 0.025 0.001 0.007 0.021 0.011 0.002 0.001 

Locus 11 : 11 
5 alleles
0.0% missing data
  89   (0.203) 0.277 0.173 0.067 0.178 0.278 0.286 0.183 0.253 0.185 0.230 
  87   (0.725) 0.610 0.741 0.690 0.768 0.643 0.687 0.768 0.681 0.809 0.765 
  91   (0.051) 0.102 0.076 0.241 0.037 0.077 0.022 0.035 0.056 0.005 0.003 
  85   (0.010) 0.001 0.005 0.001 0.010 0.001 0.002 0.008 0.005 0.001 0.001 
  83   (0.010) 0.011 0.005 0.001 0.006 0.001 0.003 0.007 0.006 0.001 0.001 

Locus 12 : 12 
13 alleles
0.0% missing data
 147   (0.050) 0.005 0.041 0.106 0.034 0.111 0.014 0.069 0.037 0.005 0.133 
 162   (0.258) 0.273 0.271 0.154 0.267 0.197 0.164 0.247 0.316 0.190 0.321 
 158   (0.210) 0.057 0.251 0.449 0.213 0.461 0.313 0.169 0.191 0.020 0.271 
 160   (0.257) 0.645 0.279 0.183 0.263 0.138 0.349 0.266 0.283 0.481 0.070 
 161   (0.090) 0.009 0.065 0.070 0.084 0.068 0.092 0.086 0.075 0.008 0.183 
 170   (0.036) 0.003 0.035 0.017 0.054 0.003 0.016 0.070 0.030 0.003 0.003 
 143   (0.021) 0.002 0.011 0.003 0.014 0.001 0.006 0.012 0.014 0.283 0.015 
 149   (0.018) 0.002 0.012 0.002 0.016 0.001 0.006 0.035 0.018 0.003 0.001 
 154   (0.016) 0.001 0.013 0.002 0.022 0.001 0.004 0.015 0.011 0.001 0.001 
 164   (0.010) 0.001 0.004 0.009 0.005 0.016 0.003 0.004 0.004 0.001 0.001 
 165   (0.010) 0.001 0.005 0.001 0.011 0.001 0.002 0.006 0.005 0.002 0.001 
 134   (0.010) 0.001 0.007 0.001 0.008 0.001 0.002 0.005 0.007 0.001 0.001 
 159   (0.014) 0.001 0.006 0.002 0.008 0.001 0.028 0.015 0.009 0.001 0.001 

Locus 13 : 13 
4 alleles
0.0% missing data
 113   (0.344) 0.481 0.288 0.191 0.328 0.430 0.403 0.355 0.283 0.462 0.373 
 115   (0.486) 0.476 0.536 0.654 0.513 0.416 0.342 0.524 0.542 0.134 0.450 
 108   (0.159) 0.043 0.169 0.154 0.150 0.154 0.253 0.115 0.170 0.403 0.176 
 110   (0.010) 0.001 0.006 0.001 0.008 0.001 0.002 0.006 0.005 0.001 0.001 

Locus 14 : 14 
10 alleles
0.0% missing data
 229   (0.425) 0.401 0.473 0.512 0.474 0.466 0.464 0.490 0.412 0.072 0.314 
 233   (0.056) 0.005 0.032 0.106 0.047 0.115 0.017 0.056 0.036 0.131 0.023 
 225   (0.141) 0.153 0.147 0.065 0.151 0.065 0.082 0.128 0.175 0.054 0.060 
 227   (0.161) 0.015 0.166 0.229 0.127 0.245 0.346 0.165 0.169 0.312 0.140 
 231   (0.168) 0.421 0.155 0.081 0.165 0.100 0.052 0.135 0.178 0.426 0.460 
 213   (0.009) 0.001 0.007 0.001 0.008 0.001 0.002 0.006 0.006 0.001 0.001 
 221   (0.010) 0.001 0.004 0.001 0.005 0.001 0.026 0.004 0.004 0.001 0.001 
 255   (0.010) 0.001 0.004 0.002 0.006 0.007 0.004 0.005 0.005 0.001 0.001 
 223   (0.010) 0.001 0.005 0.001 0.011 0.001 0.002 0.006 0.005 0.002 0.001 
 203   (0.010) 0.001 0.007 0.001 0.007 0.001 0.003 0.006 0.009 0.001 0.001 

Locus 15 : 15 
5 alleles
0.4% missing data
 143   (0.906) 0.854 0.938 0.987 0.931 0.958 0.974 0.926 0.924 0.719 0.917 
 145   (0.051) 0.005 0.030 0.008 0.039 0.039 0.016 0.045 0.032 0.277 0.080 
 147   (0.023) 0.045 0.021 0.003 0.016 0.002 0.006 0.019 0.034 0.002 0.001 
 157   (0.010) 0.001 0.007 0.001 0.008 0.001 0.002 0.006 0.006 0.001 0.001 
 133   (0.010) 0.095 0.004 0.001 0.005 0.001 0.002 0.004 0.004 0.001 0.001 

Locus 16 : 16 
5 alleles
0.0% missing data
 156   (0.274) 0.380 0.266 0.192 0.254 0.304 0.298 0.211 0.332 0.469 0.338 
 158   (0.505) 0.467 0.575 0.638 0.519 0.532 0.564 0.527 0.509 0.436 0.468 
 154   (0.080) 0.078 0.063 0.056 0.084 0.044 0.025 0.062 0.047 0.082 0.060 
 160   (0.132) 0.075 0.091 0.112 0.137 0.119 0.110 0.188 0.105 0.013 0.133 
 152   (0.010) 0.001 0.005 0.002 0.006 0.001 0.002 0.012 0.006 0.001 0.001 

Locus 17 : 17 
5 alleles
0.0% missing data
  90   (0.689) 0.632 0.714 0.732 0.691 0.752 0.691 0.675 0.683 0.521 0.819 
 102   (0.184) 0.354 0.162 0.250 0.159 0.233 0.233 0.178 0.159 0.020 0.165 
  88   (0.048) 0.007 0.043 0.007 0.047 0.009 0.043 0.052 0.048 0.005 0.011 
 100   (0.069) 0.007 0.074 0.010 0.093 0.005 0.030 0.088 0.105 0.453 0.005 
 104   (0.010) 0.001 0.006 0.001 0.010 0.001 0.002 0.007 0.005 0.001 0.001 

Locus 18 : 18 
8 alleles
0.0% missing data
 142   (0.114) 0.014 0.159 0.264 0.150 0.506 0.033 0.114 0.113 0.011 0.008 
 148   (0.098) 0.228 0.120 0.129 0.085 0.017 0.065 0.109 0.089 0.011 0.039 
 140   (0.261) 0.047 0.251 0.108 0.251 0.074 0.251 0.292 0.324 0.510 0.430 
 127   (0.279) 0.193 0.239 0.334 0.295 0.188 0.362 0.266 0.222 0.030 0.379 
 138   (0.067) 0.007 0.048 0.026 0.063 0.045 0.201 0.048 0.043 0.007 0.062 
 146   (0.118) 0.106 0.117 0.129 0.103 0.166 0.064 0.115 0.097 0.021 0.069 
 150   (0.053) 0.406 0.063 0.007 0.047 0.004 0.021 0.053 0.108 0.007 0.012 
 128   (0.010) 0.001 0.004 0.001 0.005 0.001 0.002 0.004 0.004 0.403 0.001 

Locus 19 : 19 
6 alleles
0.0% missing data
 190   (0.129) 0.102 0.168 0.311 0.092 0.313 0.137 0.110 0.097 0.017 0.259 
 194   (0.581) 0.600 0.526 0.597 0.617 0.580 0.459 0.626 0.505 0.671 0.655 
 188   (0.154) 0.138 0.176 0.074 0.161 0.098 0.139 0.146 0.212 0.017 0.044 
 200   (0.091) 0.010 0.102 0.013 0.081 0.006 0.253 0.084 0.161 0.208 0.040 
 198   (0.010) 0.001 0.006 0.001 0.008 0.001 0.002 0.006 0.005 0.001 0.001 
 202   (0.034) 0.149 0.022 0.005 0.040 0.002 0.009 0.027 0.020 0.085 0.002 

Locus 20 : 20 
6 alleles
0.0% missing data
 244   (0.030) 0.003 0.019 0.005 0.024 0.047 0.010 0.028 0.023 0.004 0.006 
 252   (0.668) 0.568 0.762 0.783 0.672 0.724 0.703 0.694 0.765 0.137 0.625 
 250   (0.087) 0.055 0.086 0.121 0.077 0.112 0.023 0.058 0.054 0.780 0.038 
 254   (0.083) 0.075 0.049 0.072 0.089 0.100 0.022 0.095 0.060 0.011 0.080 
 246   (0.115) 0.297 0.074 0.017 0.115 0.016 0.238 0.112 0.089 0.041 0.249 
 248   (0.017) 0.002 0.011 0.002 0.022 0.001 0.004 0.014 0.009 0.027 0.001 

Locus 21 : 21 
10 alleles
0.0% missing data
 177   (0.198) 0.167 0.206 0.201 0.219 0.280 0.173 0.180 0.147 0.556 0.122 
 167   (0.269) 0.250 0.292 0.411 0.255 0.312 0.301 0.288 0.339 0.073 0.216 
 175   (0.131) 0.067 0.130 0.147 0.115 0.024 0.102 0.133 0.120 0.163 0.271 
 173   (0.286) 0.133 0.297 0.224 0.282 0.368 0.359 0.313 0.324 0.192 0.191 
 165   (0.046) 0.005 0.040 0.007 0.052 0.003 0.045 0.039 0.035 0.008 0.181 
 163   (0.029) 0.356 0.018 0.004 0.050 0.002 0.008 0.029 0.017 0.003 0.004 
 169   (0.010) 0.001 0.004 0.001 0.005 0.009 0.002 0.004 0.004 0.001 0.001 
 171   (0.011) 0.001 0.004 0.002 0.006 0.001 0.003 0.005 0.005 0.001 0.012 
 159   (0.010) 0.001 0.005 0.001 0.011 0.001 0.002 0.006 0.005 0.002 0.001 
 161   (0.010) 0.019 0.004 0.002 0.006 0.001 0.003 0.004 0.005 0.001 0.001 

Locus 22 : 22 
11 alleles
0.4% missing data
 146   (0.216) 0.195 0.239 0.187 0.206 0.262 0.115 0.225 0.297 0.161 0.293 
 154   (0.015) 0.001 0.014 0.022 0.008 0.090 0.004 0.006 0.006 0.001 0.001 
 152   (0.422) 0.419 0.453 0.655 0.439 0.533 0.548 0.450 0.390 0.274 0.464 
 150   (0.045) 0.042 0.040 0.047 0.040 0.003 0.022 0.036 0.026 0.042 0.024 
 166   (0.082) 0.008 0.083 0.049 0.073 0.035 0.044 0.075 0.080 0.158 0.101 
 164   (0.036) 0.004 0.032 0.005 0.046 0.003 0.035 0.031 0.029 0.004 0.043 
 156   (0.018) 0.194 0.012 0.002 0.013 0.001 0.005 0.012 0.016 0.003 0.001 
 162   (0.037) 0.079 0.032 0.005 0.039 0.003 0.023 0.027 0.027 0.007 0.010 
 158   (0.102) 0.054 0.083 0.024 0.103 0.068 0.120 0.119 0.115 0.011 0.061 
 148   (0.018) 0.002 0.009 0.002 0.028 0.001 0.005 0.015 0.009 0.339 0.001 
 142   (0.010) 0.001 0.004 0.001 0.005 0.001 0.079 0.004 0.004 0.001 0.001 

Locus 23 : 23 
6 alleles
0.4% missing data
 144   (0.189) 0.477 0.165 0.166 0.161 0.160 0.290 0.151 0.172 0.683 0.167 
 154   (0.532) 0.265 0.540 0.380 0.561 0.585 0.388 0.622 0.569 0.283 0.654 
 160   (0.114) 0.241 0.119 0.342 0.095 0.168 0.175 0.085 0.092 0.012 0.041 
 158   (0.018) 0.002 0.015 0.011 0.020 0.002 0.005 0.013 0.011 0.004 0.001 
 152   (0.021) 0.002 0.025 0.047 0.012 0.055 0.005 0.015 0.011 0.002 0.001 
 156   (0.126) 0.012 0.137 0.053 0.151 0.030 0.137 0.114 0.146 0.017 0.135 

Locus 24 : 24 
4 alleles
0.4% missing data
  77   (0.109) 0.028 0.153 0.218 0.106 0.146 0.110 0.102 0.100 0.011 0.051 
  81   (0.346) 0.038 0.375 0.337 0.369 0.300 0.336 0.377 0.400 0.374 0.282 
  83   (0.491) 0.929 0.435 0.434 0.478 0.535 0.474 0.472 0.449 0.609 0.607 
  85   (0.055) 0.005 0.038 0.011 0.048 0.019 0.080 0.049 0.050 0.006 0.060 

Locus 25 : 25 
6 alleles
0.4% missing data
 126   (0.035) 0.004 0.033 0.007 0.033 0.076 0.010 0.025 0.035 0.005 0.002 
 132   (0.318) 0.614 0.381 0.550 0.294 0.482 0.367 0.289 0.278 0.210 0.275 
 124   (0.507) 0.349 0.455 0.389 0.524 0.419 0.551 0.563 0.559 0.381 0.610 
 122   (0.112) 0.031 0.116 0.050 0.131 0.022 0.040 0.106 0.112 0.015 0.111 
 136   (0.015) 0.001 0.009 0.002 0.010 0.001 0.029 0.007 0.009 0.001 0.001 
 120   (0.014) 0.001 0.006 0.002 0.008 0.001 0.003 0.010 0.007 0.387 0.001 

Locus 26 : 26 
6 alleles
0.0% missing data
 165   (0.251) 0.060 0.233 0.197 0.231 0.163 0.379 0.239 0.247 0.367 0.347 
 175   (0.256) 0.240 0.236 0.151 0.273 0.215 0.398 0.243 0.237 0.025 0.311 
 183   (0.366) 0.688 0.402 0.573 0.383 0.532 0.173 0.370 0.320 0.184 0.310 
 179   (0.073) 0.007 0.067 0.072 0.066 0.086 0.021 0.106 0.111 0.419 0.006 
 181   (0.043) 0.004 0.055 0.006 0.040 0.003 0.026 0.034 0.078 0.004 0.025 
 185   (0.010) 0.001 0.007 0.001 0.007 0.001 0.003 0.009 0.007 0.001 0.001 

Locus 27 : 27 
4 alleles
0.0% missing data
 138   (0.064) 0.006 0.038 0.022 0.056 0.231 0.112 0.065 0.046 0.008 0.011 
 142   (0.572) 0.731 0.623 0.739 0.510 0.706 0.688 0.536 0.634 0.485 0.600 
 148   (0.240) 0.080 0.237 0.220 0.286 0.049 0.123 0.238 0.210 0.495 0.288 
 150   (0.124) 0.183 0.102 0.019 0.148 0.013 0.076 0.161 0.109 0.012 0.101 

Locus 28 : 28 
5 alleles
0.0% missing data
 262   (0.480) 0.575 0.510 0.619 0.422 0.711 0.363 0.464 0.536 0.813 0.611 
 260   (0.431) 0.250 0.418 0.326 0.496 0.280 0.535 0.459 0.402 0.178 0.331 
 256   (0.061) 0.173 0.055 0.052 0.055 0.008 0.020 0.059 0.044 0.006 0.056 
 264   (0.011) 0.001 0.004 0.001 0.005 0.001 0.077 0.004 0.004 0.001 0.001 
 258   (0.017) 0.002 0.013 0.002 0.021 0.001 0.005 0.014 0.013 0.002 0.001 

Locus 29 : 29 
5 alleles
0.4% missing data
 150   (0.508) 0.243 0.556 0.633 0.495 0.767 0.507 0.535 0.597 0.187 0.447 
 146   (0.226) 0.452 0.197 0.131 0.264 0.117 0.327 0.191 0.185 0.023 0.245 
 148   (0.092) 0.156 0.094 0.082 0.079 0.078 0.034 0.085 0.074 0.009 0.081 
 140   (0.152) 0.147 0.136 0.150 0.127 0.036 0.126 0.169 0.127 0.776 0.226 
 152   (0.023) 0.002 0.017 0.004 0.035 0.002 0.006 0.021 0.017 0.004 0.001 

Locus 30 : 30 
6 alleles
0.0% missing data
 123   (0.112) 0.093 0.099 0.123 0.088 0.108 0.062 0.122 0.158 0.013 0.115 
 129   (0.507) 0.640 0.489 0.379 0.491 0.587 0.680 0.566 0.484 0.325 0.432 
 125   (0.275) 0.257 0.335 0.485 0.292 0.297 0.134 0.223 0.281 0.063 0.309 
 127   (0.063) 0.006 0.047 0.009 0.070 0.004 0.017 0.053 0.049 0.594 0.142 
 121   (0.012) 0.001 0.006 0.001 0.020 0.001 0.003 0.011 0.006 0.001 0.001 
 131   (0.031) 0.003 0.024 0.004 0.038 0.002 0.104 0.025 0.023 0.005 0.002 

Locus 31 : 31 
5 alleles
0.0% missing data
 157   (0.218) 0.059 0.163 0.239 0.205 0.190 0.261 0.243 0.193 0.240 0.340 
 153   (0.059) 0.006 0.050 0.024 0.043 0.136 0.085 0.072 0.076 0.033 0.004 
 155   (0.568) 0.583 0.614 0.610 0.625 0.618 0.478 0.536 0.512 0.656 0.442 
 151   (0.030) 0.340 0.015 0.004 0.024 0.003 0.012 0.022 0.017 0.057 0.002 
 159   (0.126) 0.012 0.158 0.124 0.102 0.053 0.163 0.126 0.202 0.015 0.213 

Locus 32 : 32 
5 alleles
0.0% missing data
  92   (0.263) 0.441 0.326 0.334 0.250 0.167 0.188 0.242 0.294 0.120 0.171 
  91   (0.507) 0.104 0.513 0.602 0.485 0.603 0.498 0.521 0.536 0.760 0.618 
  95   (0.153) 0.447 0.115 0.041 0.202 0.108 0.270 0.177 0.118 0.082 0.013 
  94   (0.066) 0.007 0.042 0.022 0.057 0.121 0.042 0.055 0.047 0.007 0.198 
  90   (0.010) 0.001 0.005 0.001 0.006 0.001 0.003 0.005 0.005 0.031 0.001 

Locus 33 : 33 
4 alleles
0.0% missing data
 150   (0.580) 0.547 0.618 0.806 0.577 0.824 0.664 0.575 0.567 0.597 0.499 
 146   (0.295) 0.441 0.254 0.138 0.317 0.048 0.298 0.322 0.260 0.364 0.318 
 148   (0.075) 0.007 0.076 0.048 0.065 0.120 0.022 0.058 0.089 0.008 0.102 
 154   (0.050) 0.005 0.051 0.008 0.042 0.008 0.016 0.044 0.084 0.032 0.081 

Locus 34 : 34 
7 alleles
0.0% missing data
 180   (0.436) 0.730 0.432 0.541 0.406 0.662 0.449 0.413 0.439 0.768 0.430 
 184   (0.204) 0.049 0.175 0.175 0.208 0.205 0.119 0.197 0.171 0.191 0.287 
 196   (0.152) 0.014 0.176 0.134 0.173 0.116 0.138 0.157 0.175 0.017 0.097 
 198   (0.036) 0.084 0.049 0.045 0.027 0.005 0.014 0.025 0.051 0.005 0.002 
 194   (0.011) 0.001 0.029 0.079 0.005 0.001 0.002 0.004 0.004 0.001 0.001 
 192   (0.142) 0.120 0.131 0.024 0.157 0.010 0.273 0.189 0.151 0.016 0.157 
 190   (0.019) 0.002 0.009 0.003 0.023 0.001 0.005 0.014 0.009 0.002 0.026 

Locus 35 : 35 
7 alleles
0.0% missing data
 106   (0.304) 0.680 0.312 0.224 0.295 0.065 0.342 0.346 0.347 0.292 0.318 
 110   (0.232) 0.065 0.204 0.147 0.233 0.440 0.180 0.207 0.199 0.248 0.342 
 112   (0.293) 0.103 0.361 0.604 0.276 0.477 0.398 0.257 0.322 0.029 0.260 
 108   (0.112) 0.076 0.093 0.018 0.132 0.014 0.042 0.149 0.101 0.138 0.049 
  90   (0.032) 0.003 0.016 0.004 0.024 0.002 0.031 0.018 0.017 0.291 0.029 
  96   (0.010) 0.071 0.004 0.001 0.005 0.001 0.002 0.004 0.004 0.001 0.001 
  94   (0.016) 0.001 0.010 0.002 0.035 0.001 0.004 0.018 0.009 0.001 0.001 

Locus 36 : 36 
8 alleles
0.0% missing data
 172   (0.293) 0.371 0.294 0.282 0.268 0.577 0.556 0.265 0.274 0.029 0.110 
 166   (0.067) 0.006 0.081 0.397 0.044 0.207 0.072 0.043 0.044 0.007 0.036 
 176   (0.113) 0.011 0.123 0.142 0.141 0.067 0.035 0.120 0.073 0.011 0.256 
 170   (0.299) 0.590 0.263 0.136 0.312 0.121 0.183 0.257 0.276 0.533 0.515 
 174   (0.108) 0.010 0.106 0.018 0.120 0.020 0.066 0.153 0.143 0.011 0.074 
 178   (0.041) 0.004 0.039 0.015 0.037 0.003 0.067 0.048 0.040 0.004 0.003 
 168   (0.062) 0.006 0.082 0.008 0.067 0.004 0.017 0.088 0.124 0.403 0.004 
 186   (0.016) 0.002 0.013 0.002 0.011 0.001 0.005 0.026 0.026 0.002 0.001 

Locus 37 : 37 
6 alleles
0.0% missing data
  89   (0.549) 0.773 0.572 0.824 0.520 0.768 0.574 0.553 0.526 0.302 0.599 
  85   (0.210) 0.195 0.219 0.051 0.210 0.162 0.131 0.215 0.302 0.325 0.104 
  95   (0.073) 0.007 0.070 0.098 0.071 0.054 0.104 0.047 0.042 0.008 0.096 
  83   (0.110) 0.020 0.098 0.020 0.141 0.012 0.173 0.137 0.093 0.017 0.064 
  81   (0.045) 0.004 0.035 0.006 0.048 0.003 0.014 0.042 0.032 0.006 0.136 
  91   (0.013) 0.001 0.005 0.002 0.011 0.001 0.003 0.007 0.006 0.343 0.001 

Locus 38 : 38 
8 alleles
0.0% missing data
 173   (0.272) 0.520 0.242 0.112 0.261 0.139 0.411 0.224 0.248 0.420 0.443 
 161   (0.357) 0.406 0.404 0.625 0.354 0.434 0.248 0.411 0.350 0.074 0.349 
 165   (0.226) 0.057 0.230 0.223 0.245 0.218 0.213 0.209 0.255 0.076 0.198 
 169   (0.080) 0.011 0.079 0.016 0.100 0.183 0.043 0.104 0.086 0.036 0.006 
 159   (0.010) 0.001 0.010 0.016 0.005 0.001 0.003 0.004 0.005 0.001 0.001 
 167   (0.028) 0.003 0.026 0.005 0.021 0.008 0.027 0.037 0.045 0.004 0.002 
 168   (0.016) 0.001 0.006 0.002 0.008 0.017 0.004 0.006 0.006 0.388 0.001 
 175   (0.010) 0.001 0.004 0.001 0.005 0.001 0.053 0.004 0.004 0.001 0.001 

Locus 39 : 39 
7 alleles
0.0% missing data
  85   (0.209) 0.274 0.178 0.047 0.204 0.082 0.300 0.185 0.208 0.151 0.265 
  89   (0.383) 0.067 0.517 0.505 0.422 0.523 0.374 0.462 0.456 0.039 0.218 
  87   (0.132) 0.202 0.139 0.303 0.115 0.219 0.036 0.092 0.148 0.755 0.070 
  91   (0.156) 0.306 0.099 0.103 0.162 0.069 0.235 0.140 0.104 0.041 0.278 
  81   (0.088) 0.149 0.055 0.036 0.080 0.041 0.041 0.107 0.070 0.011 0.144 
  95   (0.011) 0.001 0.004 0.003 0.006 0.018 0.003 0.005 0.005 0.001 0.001 
  93   (0.020) 0.002 0.008 0.003 0.011 0.048 0.011 0.009 0.009 0.002 0.024 

Locus 40 : 40 
4 alleles
0.0% missing data
 167   (0.804) 0.897 0.852 0.953 0.780 0.865 0.873 0.781 0.827 0.809 0.957 
 161   (0.159) 0.099 0.124 0.026 0.176 0.123 0.117 0.185 0.151 0.186 0.040 
 165   (0.027) 0.003 0.019 0.004 0.039 0.008 0.007 0.029 0.017 0.004 0.002 
 155   (0.010) 0.001 0.004 0.017 0.006 0.003 0.003 0.004 0.005 0.001 0.001 

Locus 41 : 41 
7 alleles
0.4% missing data
 228   (0.407) 0.186 0.401 0.537 0.408 0.625 0.585 0.360 0.367 0.482 0.322 
 238   (0.351) 0.045 0.432 0.372 0.365 0.197 0.284 0.341 0.448 0.164 0.409 
 236   (0.081) 0.611 0.066 0.068 0.064 0.100 0.021 0.047 0.043 0.161 0.110 
 224   (0.030) 0.003 0.017 0.005 0.019 0.061 0.008 0.015 0.020 0.003 0.133 
 240   (0.107) 0.153 0.074 0.016 0.128 0.008 0.097 0.225 0.112 0.063 0.024 
 246   (0.010) 0.001 0.004 0.001 0.005 0.009 0.003 0.004 0.004 0.001 0.001 
 242   (0.014) 0.001 0.007 0.002 0.011 0.001 0.003 0.008 0.006 0.127 0.001 

Locus 42 : 42 
9 alleles
0.4% missing data
 130   (0.496) 0.394 0.500 0.332 0.577 0.527 0.400 0.520 0.508 0.085 0.460 
 114   (0.095) 0.009 0.067 0.021 0.087 0.132 0.026 0.110 0.083 0.518 0.156 
 132   (0.125) 0.307 0.128 0.164 0.104 0.210 0.066 0.123 0.086 0.012 0.186 
 128   (0.077) 0.013 0.111 0.433 0.056 0.078 0.307 0.050 0.064 0.008 0.044 
 134   (0.115) 0.012 0.140 0.016 0.107 0.009 0.152 0.104 0.193 0.310 0.132 
 122   (0.019) 0.002 0.017 0.022 0.012 0.038 0.005 0.010 0.011 0.002 0.001 
 118   (0.052) 0.261 0.030 0.010 0.044 0.004 0.039 0.074 0.046 0.065 0.010 
 120   (0.010) 0.001 0.004 0.001 0.005 0.001 0.003 0.004 0.005 0.001 0.006 
 119   (0.010) 0.001 0.004 0.001 0.007 0.001 0.003 0.005 0.005 0.001 0.004 

Locus 43 : 43 
8 alleles
0.0% missing data
  96   (0.057) 0.005 0.036 0.009 0.048 0.096 0.017 0.053 0.040 0.169 0.047 
  98   (0.142) 0.111 0.128 0.072 0.148 0.200 0.038 0.135 0.132 0.278 0.119 
 102   (0.279) 0.542 0.366 0.708 0.243 0.342 0.325 0.264 0.282 0.267 0.407 
  92   (0.125) 0.012 0.099 0.090 0.157 0.111 0.054 0.130 0.094 0.206 0.110 
 104   (0.359) 0.310 0.350 0.115 0.377 0.248 0.540 0.398 0.431 0.075 0.299 
 106   (0.010) 0.001 0.006 0.001 0.010 0.001 0.002 0.007 0.005 0.001 0.001 
  94   (0.013) 0.002 0.007 0.002 0.008 0.001 0.008 0.006 0.009 0.001 0.008 
 100   (0.016) 0.017 0.007 0.003 0.009 0.001 0.016 0.007 0.008 0.002 0.010 

Locus 44 : 44 
6 alleles
0.0% missing data
 101   (0.333) 0.168 0.308 0.257 0.334 0.373 0.545 0.327 0.336 0.030 0.413 
 103   (0.302) 0.393 0.289 0.195 0.311 0.202 0.232 0.337 0.320 0.210 0.309 
  95   (0.257) 0.417 0.311 0.526 0.244 0.406 0.189 0.254 0.240 0.047 0.216 
  99   (0.070) 0.007 0.068 0.017 0.087 0.008 0.019 0.059 0.072 0.354 0.057 
  97   (0.028) 0.014 0.020 0.004 0.020 0.002 0.013 0.018 0.027 0.359 0.005 
 105   (0.010) 0.001 0.004 0.001 0.005 0.009 0.003 0.004 0.004 0.001 0.001 

Locus 45 : 45 
8 alleles
0.0% missing data
 181   (0.587) 0.915 0.595 0.546 0.620 0.756 0.647 0.597 0.510 0.546 0.542 
 191   (0.271) 0.045 0.273 0.320 0.266 0.141 0.232 0.288 0.348 0.109 0.432 
 177   (0.065) 0.008 0.062 0.124 0.049 0.098 0.100 0.065 0.043 0.006 0.017 
 189   (0.018) 0.025 0.015 0.002 0.015 0.001 0.005 0.010 0.011 0.002 0.001 
 187   (0.010) 0.001 0.004 0.001 0.006 0.001 0.003 0.005 0.005 0.001 0.005 
 179   (0.022) 0.002 0.032 0.003 0.014 0.001 0.005 0.016 0.063 0.332 0.001 
 183   (0.014) 0.001 0.011 0.002 0.012 0.001 0.005 0.009 0.011 0.001 0.001 
 193   (0.014) 0.002 0.008 0.002 0.018 0.001 0.003 0.010 0.008 0.003 0.001 

Locus 46 : 46 
6 alleles
0.7% missing data
 205   (0.456) 0.284 0.515 0.484 0.491 0.355 0.606 0.502 0.482 0.320 0.440 
 215   (0.076) 0.108 0.065 0.066 0.066 0.107 0.026 0.049 0.057 0.008 0.124 
 201   (0.062) 0.006 0.043 0.162 0.043 0.074 0.022 0.065 0.058 0.460 0.044 
 207   (0.185) 0.438 0.165 0.086 0.209 0.170 0.193 0.193 0.139 0.049 0.095 
 211   (0.211) 0.163 0.203 0.200 0.186 0.293 0.149 0.187 0.250 0.163 0.297 
 202   (0.010) 0.001 0.009 0.001 0.006 0.001 0.003 0.005 0.014 0.001 0.001 

Locus 47 : 47 
9 alleles
0.0% missing data
 166   (0.176) 0.269 0.209 0.186 0.176 0.289 0.254 0.126 0.206 0.130 0.088 
 168   (0.155) 0.128 0.112 0.106 0.185 0.285 0.068 0.173 0.106 0.122 0.125 
 158   (0.185) 0.281 0.162 0.122 0.180 0.148 0.114 0.179 0.171 0.148 0.237 
 142   (0.278) 0.294 0.325 0.396 0.275 0.103 0.443 0.264 0.348 0.031 0.331 
 144   (0.057) 0.009 0.088 0.169 0.046 0.158 0.067 0.072 0.046 0.006 0.004 
 170   (0.023) 0.005 0.021 0.003 0.026 0.009 0.006 0.018 0.015 0.002 0.002 
 164   (0.046) 0.005 0.029 0.006 0.042 0.003 0.023 0.076 0.041 0.051 0.050 
 162   (0.050) 0.005 0.038 0.007 0.047 0.003 0.016 0.039 0.042 0.360 0.156 
 156   (0.029) 0.003 0.015 0.004 0.023 0.002 0.008 0.054 0.025 0.150 0.007 

Locus 48 : 48 
6 alleles
0.0% missing data
 145   (0.247) 0.662 0.233 0.423 0.205 0.221 0.321 0.228 0.248 0.354 0.353 
 149   (0.285) 0.220 0.277 0.134 0.316 0.078 0.401 0.321 0.263 0.478 0.122 
 151   (0.214) 0.028 0.202 0.155 0.230 0.171 0.176 0.186 0.226 0.140 0.365 
 153   (0.222) 0.087 0.263 0.266 0.211 0.522 0.094 0.239 0.245 0.024 0.158 
 147   (0.017) 0.002 0.016 0.020 0.013 0.007 0.005 0.010 0.009 0.002 0.001 
 143   (0.015) 0.001 0.009 0.002 0.025 0.001 0.004 0.016 0.008 0.002 0.001 

Values of parameters used in structure:
DATAFILE=temp1_np.str,	OUTFILE=k10/temp1_np_k10_run4,	NUMINDS=272,	NUMLOCI=48,	MISSING=-9,	LABEL=1,	POPDATA=1,	POPFLAG=0,	PHENOTYPE=0,	EXTRACOLS=0,	MAXPOPS=10,	BURNIN=500000,	NUMREPS=750000,	USEPOPINFO=0,	INFERALPHA=1,	INFERLAMBDA=0,	POPSPECIFICLAMBDA=0,	POPALPHAS=0,	COMPUTEPROB=1,	NOADMIX=0,	ADMBURNIN=500,	UPDATEFREQ=100,	PRINTLIKES=0,	INTERMEDSAVE=0,	PRINTKLD=0,	PRINTNET=1,	PRINTLAMBDA=1,	ANCESTDIST=0,	NUMBOXES=1000,	ANCESTPINT=0.90000,	GENSBACK=2,	MIGRPRIOR=0.01000,	PRINTQHAT=0,	PRINTQSUM=1,	ALPHA=1.0000,	FREQSCORR=1,	FPRIORMEAN=0.0100,	FPRIORSD=0.0500,	ONEFST=0,	LAMBDA=1.0000,	UNIFPRIORALPHA=1,	ALPHAMAX=10.0000,	ALPHAPRIORA=1.0000,	ALPHAPRIORB=2.0000,	ALPHAPROPSD=0.0250,	STARTATPOPINFO=0,	RANDOMIZE=0,	LINKAGE=0,	METROFREQ=10,	REPORTHITRATE=0,	MARKOVPHASE=0,	PHASED=1,	PLOIDY=2,	PHASEINFO=0	LOCPRIOR=0, 	LOCPRIORINIT=1.000000, 	LOCDATA=0, 	LOCISPOP=1, 	LOCPRIORSTEP=0.100000, 	MAXLOCPRIOR=20.000000, 	SEED=174449,	
[STRAT parameters]:    NUMSIMSTATS=1000,	PHENOTYPECOL=-9,	POOLFREQ=10,	LOCUSxONLY=0,	EMERROR=0.00100,	MISSINGPHENO=-9,	