

----------------------------------------------------
STRUCTURE by Pritchard, Stephens and Donnelly (2000)
     and Falush, Stephens and Pritchard (2003)
       Code by Pritchard, Falush and Hubisz
             Version 2.3.4 (Jul 2012)
----------------------------------------------------



Command line arguments:   structure -D 439224 -K 5 -m mainparams -o k5/temp1_np_k5_run6 
Input File:    temp1_np.str

Run parameters:
   272 individuals
   48 loci
   5 populations assumed
   500000 Burn-in period
   750000 Reps
RANDOMIZE turned off


--------------------------------------------
Proportion of membership of each pre-defined
 population in each of the 5 clusters

Given    Inferred Clusters                     Number of
 Pop       1      2      3      4      5      Individuals

  1:     0.024  0.003  0.931  0.031  0.010       39
  2:     0.020  0.003  0.963  0.009  0.005       33
  3:     0.948  0.006  0.009  0.030  0.008       79
  4:     0.006  0.003  0.013  0.039  0.939       19
  5:     0.004  0.975  0.004  0.005  0.012       10
  6:     0.043  0.030  0.018  0.898  0.011       10
  7:     0.083  0.019  0.048  0.814  0.035       23
  8:     0.117  0.013  0.018  0.827  0.025       11
  9:     0.016  0.006  0.065  0.905  0.008       18
 10:     0.071  0.040  0.052  0.822  0.015       25
 11:     0.012  0.002  0.053  0.916  0.017        5
--------------------------------------------

Allele-freq. divergence among pops (Net nucleotide distance),
computed using point estimates of P.

      1       2       3       4       5      
 1      -    0.1126  0.0406  0.0181  0.0666  
 2   0.1126     -    0.1341  0.1047  0.1274  
 3   0.0406  0.1341     -    0.0273  0.0708  
 4   0.0181  0.1047  0.0273     -    0.0532  
 5   0.0666  0.1274  0.0708  0.0532     -    

Average distances (expected heterozygosity) between individuals in same cluster:
cluster  1  : 0.6006 
cluster  2  : 0.5508 
cluster  3  : 0.5623 
cluster  4  : 0.6360 
cluster  5  : 0.5575 

--------------------------------------------
Estimated Ln Prob of Data   = -30054.6
Mean value of ln likelihood = -29697.1
Variance of ln likelihood   = 715.1
Mean value of alpha         = 0.0342

Mean value of Fst_1         = 0.0898
Mean value of Fst_2         = 0.2881
Mean value of Fst_3         = 0.1068
Mean value of Fst_4         = 0.0163
Mean value of Fst_5         = 0.1936


Inferred ancestry of individuals:
        Label (%Miss) Pop:  Inferred clusters
  1     2229    (0)    1 :  0.004 0.009 0.976 0.005 0.006 
  2     2230    (0)    1 :  0.012 0.001 0.974 0.010 0.003 
  3     2235    (0)    1 :  0.011 0.011 0.929 0.033 0.016 
  4     2236    (0)    1 :  0.020 0.007 0.743 0.174 0.056 
  5     2237    (0)    1 :  0.024 0.003 0.921 0.032 0.020 
  6     2238    (0)    1 :  0.004 0.002 0.964 0.005 0.025 
  7     2239    (0)    1 :  0.007 0.001 0.982 0.007 0.004 
  8     2240    (0)    1 :  0.009 0.006 0.968 0.010 0.007 
  9     2241    (0)    1 :  0.010 0.018 0.945 0.022 0.006 
 10     2242    (0)    1 :  0.017 0.003 0.940 0.033 0.007 
 11     2243    (0)    1 :  0.036 0.002 0.940 0.014 0.007 
 12     2244    (0)    1 :  0.021 0.002 0.967 0.008 0.002 
 13     2245    (0)    1 :  0.024 0.003 0.966 0.004 0.004 
 14     2246    (0)    1 :  0.022 0.002 0.959 0.009 0.007 
 15     2247    (0)    1 :  0.010 0.001 0.973 0.009 0.006 
 16     2248    (0)    1 :  0.005 0.005 0.979 0.005 0.007 
 17     2249    (0)    1 :  0.025 0.002 0.924 0.041 0.007 
 18     2250    (0)    1 :  0.002 0.001 0.992 0.002 0.002 
 19     2251    (0)    1 :  0.012 0.006 0.874 0.022 0.086 
 20     2252    (0)    1 :  0.006 0.002 0.984 0.005 0.003 
 21     2253    (0)    1 :  0.027 0.001 0.908 0.061 0.003 
 22     2254    (0)    1 :  0.021 0.003 0.960 0.014 0.002 
 23     2255    (0)    1 :  0.015 0.003 0.968 0.010 0.004 
 24     2256    (0)    1 :  0.067 0.002 0.436 0.492 0.004 
 25     2257    (0)    1 :  0.013 0.003 0.943 0.008 0.033 
 26     2258    (0)    1 :  0.209 0.004 0.744 0.040 0.003 
 27     2259    (0)    1 :  0.003 0.002 0.988 0.004 0.003 
 28     2260    (0)    1 :  0.014 0.003 0.967 0.013 0.004 
 29     2261    (0)    1 :  0.003 0.003 0.988 0.003 0.003 
 30     2262    (0)    1 :  0.004 0.002 0.976 0.005 0.014 
 31     2263    (0)    1 :  0.009 0.008 0.975 0.004 0.004 
 32     2264    (0)    1 :  0.003 0.002 0.982 0.011 0.002 
 33     2265    (0)    1 :  0.009 0.002 0.942 0.042 0.006 
 34     2266    (0)    1 :  0.005 0.002 0.975 0.009 0.009 
 35     2267    (0)    1 :  0.010 0.002 0.982 0.004 0.003 
 36     2268    (0)    1 :  0.004 0.003 0.965 0.020 0.008 
 37     2269    (0)    1 :  0.002 0.001 0.987 0.005 0.004 
 38     2270    (0)    1 :  0.007 0.001 0.982 0.005 0.005 
 39     2271    (0)    1 :  0.217 0.004 0.758 0.017 0.004 
 40      934    (0)   10 :  0.010 0.004 0.021 0.936 0.030 
 41     2434    (0)   10 :  0.024 0.003 0.009 0.959 0.005 
 42     2435    (0)   10 :  0.016 0.244 0.006 0.711 0.023 
 43     2436    (0)   10 :  0.286 0.329 0.003 0.373 0.009 
 44     2437    (0)   10 :  0.084 0.009 0.004 0.886 0.016 
 45     2438    (0)   10 :  0.007 0.002 0.004 0.974 0.013 
 46     2439    (0)   10 :  0.013 0.003 0.012 0.969 0.003 
 47     2440    (0)   10 :  0.675 0.048 0.013 0.249 0.014 
 48     2441    (0)   10 :  0.033 0.086 0.019 0.817 0.046 
 49     2442    (0)   10 :  0.008 0.007 0.004 0.972 0.009 
 50     2443    (0)   10 :  0.108 0.004 0.007 0.870 0.011 
 51     2444    (0)   10 :  0.018 0.003 0.012 0.963 0.003 
 52     2446    (0)   10 :  0.010 0.006 0.012 0.966 0.005 
 53     2447    (0)   10 :  0.006 0.004 0.018 0.970 0.002 
 54     2448    (0)   10 :  0.010 0.003 0.358 0.623 0.006 
 55     2449    (0)   10 :  0.011 0.020 0.003 0.959 0.007 
 56     2450    (0)   10 :  0.006 0.006 0.003 0.977 0.008 
 57     2451    (0)   10 :  0.031 0.018 0.003 0.938 0.010 
 58     2452    (0)   10 :  0.024 0.003 0.021 0.939 0.013 
 59     2453    (0)   10 :  0.005 0.009 0.016 0.932 0.037 
 60     2454    (0)   10 :  0.048 0.014 0.653 0.269 0.015 
 61     2455    (0)   10 :  0.087 0.008 0.008 0.895 0.002 
 62     2456    (0)   10 :  0.229 0.035 0.073 0.588 0.075 
 63     2457    (0)   10 :  0.011 0.051 0.014 0.919 0.006 
 64     2458    (0)   10 :  0.007 0.087 0.010 0.889 0.007 
 65     1074    (0)   11 :  0.016 0.002 0.053 0.900 0.030 
 66     1075    (0)   11 :  0.004 0.002 0.025 0.960 0.010 
 67     1076    (0)   11 :  0.004 0.001 0.004 0.983 0.007 
 68     1077    (0)   11 :  0.027 0.001 0.150 0.795 0.026 
 69     1078    (0)   11 :  0.008 0.005 0.034 0.942 0.011 
 70      382    (0)    2 :  0.016 0.003 0.967 0.011 0.003 
 71      383    (0)    2 :  0.149 0.013 0.813 0.023 0.002 
 72      647    (0)    2 :  0.011 0.002 0.978 0.005 0.003 
 73      648    (0)    2 :  0.009 0.002 0.981 0.006 0.002 
 74      649    (0)    2 :  0.003 0.002 0.988 0.005 0.002 
 75      650    (0)    2 :  0.005 0.002 0.987 0.005 0.002 
 76      651    (0)    2 :  0.003 0.001 0.991 0.003 0.002 
 77      652    (0)    2 :  0.024 0.001 0.968 0.005 0.003 
 78      653    (0)    2 :  0.004 0.002 0.987 0.005 0.003 
 79      654    (0)    2 :  0.004 0.006 0.983 0.004 0.003 
 80      658    (0)    2 :  0.002 0.001 0.990 0.005 0.002 
 81      659    (0)    2 :  0.004 0.002 0.990 0.003 0.002 
 82      660    (0)    2 :  0.003 0.001 0.985 0.006 0.005 
 83      661    (0)    2 :  0.003 0.001 0.986 0.005 0.004 
 84      662    (0)    2 :  0.004 0.021 0.963 0.004 0.008 
 85      663    (0)    2 :  0.003 0.002 0.990 0.003 0.002 
 86      664    (0)    2 :  0.012 0.001 0.969 0.011 0.006 
 87      665    (0)    2 :  0.021 0.002 0.960 0.015 0.003 
 88      671    (0)    2 :  0.006 0.001 0.988 0.003 0.002 
 89      672    (0)    2 :  0.004 0.002 0.987 0.005 0.002 
 90      673    (0)    2 :  0.002 0.002 0.991 0.003 0.002 
 91      674    (0)    2 :  0.048 0.005 0.896 0.023 0.028 
 92      675    (0)    2 :  0.007 0.007 0.957 0.007 0.022 
 93      676    (0)    2 :  0.005 0.002 0.986 0.004 0.003 
 94      677    (0)    2 :  0.004 0.002 0.989 0.003 0.002 
 95      678    (0)    2 :  0.002 0.002 0.989 0.003 0.003 
 96      679    (0)    2 :  0.002 0.005 0.987 0.004 0.002 
 97      680    (0)    2 :  0.003 0.003 0.989 0.004 0.002 
 98      681    (0)    2 :  0.004 0.005 0.984 0.004 0.003 
 99      682    (0)    2 :  0.004 0.002 0.990 0.003 0.002 
100      683    (0)    2 :  0.017 0.003 0.952 0.018 0.010 
101      755    (0)    2 :  0.260 0.001 0.634 0.082 0.021 
102     2286    (0)    2 :  0.004 0.002 0.985 0.003 0.006 
103      690    (0)    3 :  0.781 0.001 0.023 0.185 0.010 
104      691    (0)    3 :  0.980 0.005 0.003 0.010 0.003 
105      692    (0)    3 :  0.962 0.011 0.011 0.006 0.010 
106      693    (0)    3 :  0.987 0.002 0.004 0.006 0.002 
107      694    (0)    3 :  0.969 0.001 0.010 0.017 0.002 
108      695    (0)    3 :  0.965 0.003 0.004 0.015 0.013 
109      696    (0)    3 :  0.898 0.002 0.019 0.025 0.056 
110      697    (0)    3 :  0.977 0.001 0.012 0.007 0.004 
111      698    (0)    3 :  0.987 0.003 0.004 0.005 0.002 
112      699    (0)    3 :  0.970 0.005 0.013 0.004 0.009 
113      700    (0)    3 :  0.681 0.001 0.041 0.179 0.097 
114      701    (0)    3 :  0.967 0.011 0.004 0.012 0.005 
115      703    (0)    3 :  0.968 0.006 0.003 0.016 0.007 
116      704    (0)    3 :  0.968 0.003 0.007 0.011 0.011 
117      705    (0)    3 :  0.945 0.002 0.009 0.023 0.021 
118      706    (0)    3 :  0.975 0.004 0.008 0.010 0.004 
119      707    (0)    3 :  0.977 0.002 0.014 0.004 0.004 
120      708    (0)    3 :  0.954 0.005 0.024 0.006 0.010 
121      709    (0)    3 :  0.969 0.002 0.008 0.013 0.007 
122      710    (0)    3 :  0.948 0.032 0.006 0.010 0.004 
123      711    (0)    3 :  0.942 0.003 0.011 0.042 0.003 
124     2287    (0)    3 :  0.974 0.002 0.009 0.010 0.005 
125     2288    (0)    3 :  0.950 0.019 0.007 0.016 0.008 
126     2289    (0)    3 :  0.979 0.006 0.003 0.007 0.006 
127     2290    (0)    3 :  0.966 0.002 0.008 0.015 0.010 
128     2291    (0)    3 :  0.977 0.002 0.009 0.011 0.002 
129     2292    (0)    3 :  0.986 0.001 0.007 0.003 0.003 
130     2293    (0)    3 :  0.970 0.004 0.005 0.016 0.005 
131     2294    (0)    3 :  0.931 0.005 0.003 0.049 0.012 
132     2295    (0)    3 :  0.851 0.002 0.068 0.066 0.014 
133     2296    (0)    3 :  0.989 0.002 0.003 0.003 0.003 
134     2297    (0)    3 :  0.975 0.002 0.006 0.015 0.002 
135     2298    (0)    3 :  0.979 0.003 0.003 0.012 0.004 
136     2299    (0)    3 :  0.975 0.002 0.004 0.009 0.010 
137     2300    (0)    3 :  0.984 0.006 0.003 0.004 0.003 
138     2301    (0)    3 :  0.983 0.001 0.011 0.004 0.002 
139     2302    (0)    3 :  0.987 0.002 0.004 0.004 0.003 
140     2303    (0)    3 :  0.981 0.001 0.003 0.012 0.002 
141     2304    (0)    3 :  0.947 0.004 0.033 0.012 0.003 
142     2305    (0)    3 :  0.961 0.001 0.008 0.006 0.023 
143     2306    (0)    3 :  0.968 0.003 0.014 0.012 0.004 
144     2307    (0)    3 :  0.944 0.003 0.022 0.018 0.012 
145     2308    (0)    3 :  0.007 0.137 0.002 0.850 0.004 
146     2309    (0)    3 :  0.980 0.003 0.007 0.007 0.003 
147     2310    (0)    3 :  0.977 0.001 0.012 0.007 0.003 
148     2311    (0)    3 :  0.986 0.003 0.004 0.003 0.004 
149     2312    (0)    3 :  0.988 0.002 0.005 0.004 0.002 
150     2313    (0)    3 :  0.971 0.002 0.011 0.011 0.005 
151     2314    (0)    3 :  0.967 0.002 0.011 0.017 0.003 
152     2315    (0)    3 :  0.977 0.003 0.006 0.006 0.009 
153     2316    (0)    3 :  0.962 0.003 0.007 0.019 0.009 
154     2317    (0)    3 :  0.982 0.003 0.005 0.006 0.004 
155     2318    (0)    3 :  0.981 0.002 0.004 0.006 0.007 
156     2319    (0)    3 :  0.987 0.004 0.003 0.004 0.002 
157     2320    (0)    3 :  0.971 0.004 0.003 0.004 0.018 
158     2321    (0)    3 :  0.947 0.005 0.015 0.021 0.011 
159     2322    (0)    3 :  0.927 0.005 0.011 0.046 0.011 
160     2323    (0)    3 :  0.966 0.013 0.003 0.011 0.007 
161     2324    (0)    3 :  0.985 0.003 0.003 0.006 0.003 
162     2325    (0)    3 :  0.985 0.003 0.006 0.004 0.002 
163     2326    (0)    3 :  0.779 0.002 0.016 0.194 0.010 
164     2327    (0)    3 :  0.938 0.002 0.023 0.025 0.012 
165     2328    (0)    3 :  0.931 0.002 0.008 0.051 0.008 
166     2329    (0)    3 :  0.979 0.001 0.011 0.005 0.004 
167     2330    (0)    3 :  0.983 0.001 0.008 0.006 0.003 
168     2331    (0)    3 :  0.968 0.013 0.007 0.007 0.004 
169     2332    (0)    3 :  0.979 0.001 0.011 0.007 0.001 
170     2333    (0)    3 :  0.964 0.006 0.003 0.022 0.004 
171     2334    (0)    3 :  0.985 0.002 0.003 0.006 0.003 
172     2335    (0)    3 :  0.985 0.003 0.003 0.003 0.006 
173     2336    (0)    3 :  0.986 0.001 0.006 0.003 0.003 
174     2337    (0)    3 :  0.988 0.003 0.004 0.003 0.002 
175     2338    (0)    3 :  0.982 0.002 0.005 0.004 0.007 
176     2339    (0)    3 :  0.963 0.003 0.005 0.027 0.002 
177     2340    (0)    3 :  0.988 0.001 0.004 0.003 0.003 
178     2341    (0)    3 :  0.971 0.005 0.013 0.005 0.005 
179     2342    (2)    3 :  0.975 0.003 0.006 0.012 0.004 
180     2343    (0)    3 :  0.968 0.005 0.011 0.013 0.002 
181     2344    (0)    3 :  0.983 0.003 0.005 0.007 0.002 
182      195    (0)    4 :  0.005 0.001 0.012 0.006 0.976 
183      364    (0)    4 :  0.002 0.001 0.003 0.002 0.992 
184      756    (0)    4 :  0.006 0.004 0.004 0.012 0.975 
185      757    (0)    4 :  0.021 0.002 0.120 0.109 0.749 
186      758    (0)    4 :  0.005 0.002 0.007 0.007 0.980 
187      759    (0)    4 :  0.011 0.003 0.027 0.030 0.929 
188      760    (0)    4 :  0.004 0.002 0.004 0.175 0.814 
189      766    (0)    4 :  0.004 0.002 0.003 0.003 0.988 
190      767    (0)    4 :  0.007 0.005 0.005 0.005 0.978 
191      768    (0)    4 :  0.012 0.003 0.008 0.010 0.967 
192      769    (0)    4 :  0.005 0.020 0.005 0.031 0.939 
193      770    (0)    4 :  0.010 0.004 0.007 0.005 0.975 
194      771    (0)    4 :  0.002 0.002 0.002 0.002 0.991 
195      772    (0)    4 :  0.006 0.002 0.026 0.344 0.622 
196      773    (0)    4 :  0.002 0.001 0.002 0.002 0.994 
197      774    (0)    4 :  0.002 0.001 0.002 0.002 0.993 
198      775    (0)    4 :  0.002 0.001 0.002 0.002 0.992 
199      776    (0)    4 :  0.002 0.001 0.002 0.002 0.992 
200      777    (0)    4 :  0.004 0.002 0.006 0.003 0.986 
201      857    (0)    5 :  0.004 0.983 0.003 0.005 0.006 
202      858    (0)    5 :  0.001 0.993 0.001 0.001 0.003 
203      859    (0)    5 :  0.002 0.993 0.001 0.002 0.002 
204      860    (0)    5 :  0.004 0.959 0.002 0.007 0.028 
205      861    (0)    5 :  0.002 0.994 0.001 0.001 0.002 
206      862    (0)    5 :  0.005 0.943 0.017 0.008 0.027 
207      863    (0)    5 :  0.002 0.992 0.002 0.002 0.002 
208      864    (0)    5 :  0.002 0.994 0.001 0.001 0.001 
209      865    (0)    5 :  0.005 0.971 0.005 0.017 0.002 
210      866    (0)    5 :  0.009 0.930 0.006 0.009 0.046 
211     2355    (0)    6 :  0.116 0.004 0.007 0.852 0.021 
212     2356    (0)    6 :  0.016 0.003 0.003 0.939 0.040 
213     2357    (0)    6 :  0.183 0.001 0.086 0.725 0.006 
214     2358    (0)    6 :  0.005 0.012 0.005 0.971 0.008 
215     2359    (0)    6 :  0.055 0.002 0.009 0.932 0.003 
216     2360    (0)    6 :  0.006 0.005 0.004 0.978 0.006 
217     2361    (2)    6 :  0.008 0.001 0.012 0.964 0.015 
218     2362    (0)    6 :  0.006 0.002 0.009 0.980 0.003 
219     2363    (0)    6 :  0.008 0.263 0.008 0.715 0.006 
220     2364    (0)    6 :  0.026 0.011 0.036 0.923 0.003 
221     2369    (0)    7 :  0.026 0.001 0.210 0.750 0.013 
222     2370    (0)    7 :  0.005 0.001 0.012 0.978 0.003 
223     2372    (0)    7 :  0.156 0.004 0.008 0.830 0.003 
224     2373    (0)    7 :  0.008 0.009 0.009 0.506 0.468 
225     2374    (0)    7 :  0.008 0.013 0.009 0.965 0.004 
226     2375    (0)    7 :  0.021 0.004 0.007 0.956 0.012 
227     2376    (0)    7 :  0.765 0.031 0.035 0.164 0.005 
228     2377    (0)    7 :  0.010 0.002 0.117 0.865 0.006 
229     2378    (0)    7 :  0.012 0.001 0.012 0.969 0.005 
230     2379    (0)    7 :  0.118 0.087 0.014 0.777 0.004 
231     2380    (0)    7 :  0.369 0.002 0.010 0.616 0.003 
232     2381    (0)    7 :  0.020 0.003 0.049 0.901 0.026 
233     2382    (0)    7 :  0.011 0.002 0.002 0.977 0.009 
234     2383    (0)    7 :  0.016 0.002 0.072 0.904 0.006 
235     2384    (0)    7 :  0.012 0.002 0.012 0.968 0.007 
236     2385    (0)    7 :  0.023 0.002 0.007 0.964 0.005 
237     2386    (0)    7 :  0.007 0.002 0.045 0.941 0.004 
238     2387    (0)    7 :  0.029 0.005 0.014 0.944 0.007 
239     2388    (0)    7 :  0.009 0.004 0.003 0.884 0.100 
240     2389    (2)    7 :  0.036 0.208 0.005 0.645 0.105 
241     2390    (0)    7 :  0.122 0.015 0.007 0.847 0.010 
242     2391    (0)    7 :  0.100 0.032 0.193 0.669 0.006 
243     2392    (0)    7 :  0.030 0.009 0.257 0.701 0.003 
244     2459    (0)    8 :  0.171 0.006 0.008 0.812 0.003 
245     2460    (0)    8 :  0.009 0.007 0.060 0.922 0.003 
246     2461    (0)    8 :  0.049 0.005 0.004 0.939 0.003 
247     2462    (4)    8 :  0.106 0.001 0.038 0.851 0.004 
248     2463    (0)    8 :  0.033 0.004 0.012 0.937 0.014 
249     2464    (2)    8 :  0.009 0.033 0.013 0.937 0.009 
250     2465    (0)    8 :  0.037 0.003 0.017 0.941 0.003 
251     2466    (2)    8 :  0.158 0.012 0.012 0.815 0.003 
252     2467    (0)    8 :  0.602 0.065 0.014 0.094 0.226 
253     2468    (0)    8 :  0.093 0.002 0.006 0.892 0.006 
254     2469    (0)    8 :  0.020 0.002 0.015 0.960 0.003 
255     1011    (0)    9 :  0.009 0.008 0.045 0.935 0.003 
256     1012    (4)    9 :  0.008 0.002 0.036 0.947 0.007 
257     1013    (4)    9 :  0.006 0.002 0.006 0.975 0.011 
258     1015    (2)    9 :  0.022 0.007 0.015 0.941 0.015 
259     1016    (4)    9 :  0.019 0.002 0.016 0.944 0.019 
260     2398    (0)    9 :  0.022 0.001 0.012 0.959 0.005 
261     2399    (0)    9 :  0.003 0.002 0.009 0.983 0.003 
262     2400    (0)    9 :  0.006 0.001 0.032 0.957 0.004 
263     2401    (0)    9 :  0.031 0.001 0.025 0.936 0.007 
264     2402    (0)    9 :  0.019 0.003 0.164 0.798 0.016 
265     2403    (0)    9 :  0.031 0.010 0.005 0.947 0.008 
266     2404    (0)    9 :  0.023 0.002 0.022 0.948 0.005 
267     2405    (0)    9 :  0.015 0.002 0.004 0.969 0.010 
268     2406    (0)    9 :  0.011 0.002 0.174 0.807 0.005 
269     2407    (0)    9 :  0.031 0.002 0.438 0.509 0.020 
270     2408    (0)    9 :  0.009 0.049 0.055 0.882 0.005 
271     2409    (0)    9 :  0.015 0.001 0.062 0.914 0.007 
272     2410    (0)    9 :  0.008 0.001 0.046 0.940 0.005 


Estimated Allele Frequencies in each cluster
First column gives estimated ancestral frequencies


Locus 1 : 1 
4 alleles
0.0% missing data
  89   (0.488) 0.434 0.102 0.638 0.511 0.611 
  91   (0.354) 0.519 0.550 0.255 0.330 0.336 
  93   (0.134) 0.045 0.050 0.105 0.143 0.050 
  99   (0.024) 0.002 0.297 0.002 0.016 0.002 

Locus 2 : 2 
6 alleles
0.0% missing data
 138   (0.242) 0.120 0.883 0.295 0.232 0.138 
 136   (0.375) 0.504 0.069 0.502 0.351 0.524 
 140   (0.070) 0.009 0.009 0.082 0.085 0.007 
 134   (0.260) 0.295 0.031 0.119 0.285 0.325 
 142   (0.031) 0.072 0.004 0.002 0.020 0.003 
 132   (0.023) 0.001 0.003 0.001 0.028 0.003 

Locus 3 : 3 
6 alleles
0.0% missing data
 179   (0.276) 0.475 0.031 0.294 0.301 0.031 
 187   (0.340) 0.175 0.774 0.492 0.317 0.476 
 181   (0.190) 0.291 0.167 0.127 0.166 0.074 
 191   (0.053) 0.003 0.006 0.080 0.039 0.213 
 185   (0.084) 0.024 0.016 0.005 0.106 0.196 
 175   (0.056) 0.032 0.007 0.003 0.071 0.010 

Locus 4 : 4 
12 alleles
0.0% missing data
 253   (0.426) 0.618 0.387 0.638 0.423 0.413 
 269   (0.200) 0.194 0.328 0.115 0.216 0.094 
 271   (0.050) 0.010 0.016 0.015 0.055 0.006 
 241   (0.155) 0.168 0.080 0.053 0.167 0.120 
 249   (0.037) 0.002 0.094 0.159 0.020 0.004 
 247   (0.051) 0.003 0.006 0.003 0.076 0.350 
 273   (0.015) 0.001 0.004 0.001 0.012 0.002 
 245   (0.012) 0.001 0.001 0.001 0.008 0.001 
 267   (0.012) 0.001 0.001 0.007 0.003 0.001 
 235   (0.012) 0.001 0.001 0.007 0.003 0.001 
 239   (0.018) 0.001 0.081 0.001 0.008 0.007 
 265   (0.012) 0.001 0.001 0.001 0.008 0.001 

Locus 5 : 5 
5 alleles
1.1% missing data
 103   (0.878) 0.857 0.986 0.941 0.913 0.890 
 104   (0.036) 0.019 0.003 0.048 0.019 0.004 
 105   (0.051) 0.122 0.007 0.003 0.051 0.005 
 107   (0.013) 0.001 0.001 0.007 0.004 0.001 
 102   (0.022) 0.001 0.002 0.001 0.013 0.099 

Locus 6 : 6 
6 alleles
0.0% missing data
 135   (0.266) 0.221 0.802 0.170 0.252 0.490 
 141   (0.284) 0.377 0.030 0.566 0.279 0.142 
 145   (0.358) 0.344 0.157 0.213 0.413 0.217 
 147   (0.057) 0.056 0.006 0.043 0.030 0.142 
 137   (0.021) 0.001 0.004 0.001 0.022 0.007 
 143   (0.013) 0.001 0.001 0.007 0.004 0.001 

Locus 7 : 7 
10 alleles
0.4% missing data
  89   (0.072) 0.034 0.008 0.042 0.085 0.009 
  91   (0.052) 0.036 0.295 0.026 0.022 0.137 
 103   (0.326) 0.577 0.039 0.311 0.369 0.327 
  93   (0.214) 0.178 0.338 0.350 0.207 0.174 
  97   (0.179) 0.089 0.179 0.184 0.187 0.291 
 101   (0.018) 0.001 0.003 0.007 0.009 0.002 
  85   (0.053) 0.057 0.007 0.075 0.038 0.005 
  99   (0.015) 0.001 0.001 0.001 0.013 0.001 
  83   (0.055) 0.026 0.005 0.003 0.063 0.051 
 105   (0.017) 0.001 0.124 0.001 0.008 0.002 

Locus 8 : 8 
10 alleles
0.0% missing data
 129   (0.557) 0.523 0.381 0.653 0.628 0.592 
 141   (0.073) 0.095 0.008 0.148 0.045 0.074 
 149   (0.056) 0.003 0.007 0.130 0.051 0.050 
 131   (0.017) 0.001 0.162 0.005 0.005 0.002 
 143   (0.219) 0.367 0.358 0.053 0.232 0.237 
 133   (0.018) 0.001 0.002 0.001 0.017 0.002 
 121   (0.012) 0.001 0.001 0.007 0.003 0.001 
 145   (0.018) 0.006 0.002 0.001 0.009 0.002 
 127   (0.018) 0.002 0.040 0.001 0.005 0.039 
 128   (0.012) 0.001 0.038 0.001 0.003 0.001 

Locus 9 : 9 
4 alleles
0.0% missing data
 191   (0.367) 0.445 0.360 0.594 0.320 0.464 
 195   (0.206) 0.342 0.143 0.151 0.198 0.043 
 189   (0.408) 0.212 0.496 0.249 0.472 0.491 
 193   (0.019) 0.001 0.002 0.007 0.010 0.002 

Locus 10 : 10 
7 alleles
0.0% missing data
 232   (0.229) 0.160 0.181 0.419 0.209 0.292 
 238   (0.513) 0.603 0.335 0.433 0.589 0.235 
 252   (0.119) 0.168 0.013 0.121 0.097 0.169 
 254   (0.072) 0.060 0.464 0.016 0.041 0.287 
 250   (0.033) 0.007 0.004 0.002 0.040 0.003 
 240   (0.012) 0.001 0.001 0.007 0.004 0.001 
 248   (0.022) 0.001 0.002 0.001 0.021 0.013 

Locus 11 : 11 
5 alleles
0.0% missing data
  89   (0.222) 0.239 0.192 0.217 0.198 0.272 
  87   (0.702) 0.756 0.800 0.662 0.751 0.613 
  91   (0.051) 0.003 0.005 0.120 0.039 0.098 
  85   (0.012) 0.001 0.001 0.001 0.008 0.001 
  83   (0.013) 0.001 0.001 0.001 0.005 0.016 

Locus 12 : 12 
13 alleles
0.0% missing data
 147   (0.055) 0.122 0.005 0.113 0.034 0.005 
 162   (0.260) 0.308 0.194 0.185 0.265 0.270 
 158   (0.201) 0.272 0.021 0.458 0.200 0.068 
 160   (0.256) 0.086 0.479 0.151 0.298 0.634 
 161   (0.079) 0.186 0.008 0.066 0.069 0.008 
 170   (0.038) 0.002 0.003 0.007 0.055 0.004 
 143   (0.023) 0.017 0.279 0.001 0.008 0.002 
 149   (0.020) 0.001 0.003 0.001 0.023 0.002 
 154   (0.017) 0.001 0.002 0.001 0.018 0.002 
 164   (0.013) 0.001 0.001 0.014 0.004 0.001 
 165   (0.012) 0.001 0.003 0.001 0.008 0.001 
 134   (0.012) 0.001 0.001 0.001 0.008 0.001 
 159   (0.015) 0.001 0.001 0.001 0.013 0.001 

Locus 13 : 13 
4 alleles
0.0% missing data
 113   (0.347) 0.379 0.462 0.362 0.327 0.472 
 115   (0.467) 0.451 0.139 0.474 0.509 0.474 
 108   (0.173) 0.169 0.398 0.164 0.156 0.053 
 110   (0.013) 0.001 0.001 0.001 0.008 0.001 

Locus 14 : 14 
10 alleles
0.0% missing data
 229   (0.401) 0.322 0.080 0.482 0.474 0.406 
 233   (0.061) 0.025 0.128 0.104 0.040 0.006 
 225   (0.135) 0.063 0.062 0.071 0.144 0.157 
 227   (0.172) 0.148 0.300 0.239 0.181 0.017 
 231   (0.171) 0.437 0.422 0.096 0.128 0.407 
 213   (0.012) 0.001 0.001 0.001 0.008 0.001 
 221   (0.012) 0.001 0.001 0.001 0.008 0.001 
 255   (0.012) 0.001 0.001 0.007 0.004 0.001 
 223   (0.012) 0.001 0.003 0.001 0.007 0.001 
 203   (0.012) 0.002 0.001 0.001 0.007 0.001 

Locus 15 : 15 
5 alleles
0.4% missing data
 143   (0.887) 0.920 0.728 0.968 0.933 0.858 
 145   (0.061) 0.077 0.267 0.029 0.035 0.006 
 147   (0.026) 0.002 0.003 0.002 0.020 0.045 
 157   (0.013) 0.001 0.001 0.001 0.008 0.002 
 133   (0.014) 0.001 0.001 0.001 0.004 0.089 

Locus 16 : 16 
5 alleles
0.0% missing data
 156   (0.278) 0.341 0.462 0.266 0.260 0.375 
 158   (0.492) 0.471 0.432 0.569 0.537 0.464 
 154   (0.084) 0.058 0.091 0.050 0.058 0.079 
 160   (0.134) 0.130 0.014 0.115 0.137 0.080 
 152   (0.012) 0.001 0.001 0.001 0.007 0.001 

Locus 17 : 17 
5 alleles
0.0% missing data
  90   (0.683) 0.816 0.536 0.757 0.669 0.636 
 102   (0.192) 0.165 0.021 0.229 0.174 0.349 
  88   (0.049) 0.014 0.005 0.008 0.053 0.008 
 100   (0.063) 0.004 0.437 0.005 0.096 0.006 
 104   (0.013) 0.001 0.001 0.001 0.008 0.001 

Locus 18 : 18 
8 alleles
0.0% missing data
 142   (0.096) 0.006 0.010 0.436 0.125 0.013 
 148   (0.105) 0.040 0.013 0.054 0.098 0.224 
 140   (0.264) 0.412 0.517 0.085 0.281 0.059 
 127   (0.271) 0.377 0.032 0.221 0.272 0.198 
 138   (0.079) 0.064 0.008 0.042 0.077 0.008 
 146   (0.111) 0.081 0.023 0.158 0.085 0.107 
 150   (0.061) 0.020 0.009 0.004 0.059 0.390 
 128   (0.013) 0.001 0.388 0.001 0.004 0.001 

Locus 19 : 19 
6 alleles
0.0% missing data
 190   (0.139) 0.239 0.020 0.319 0.102 0.104 
 194   (0.566) 0.647 0.668 0.573 0.564 0.601 
 188   (0.146) 0.057 0.017 0.099 0.164 0.142 
 200   (0.096) 0.053 0.209 0.006 0.132 0.012 
 198   (0.013) 0.001 0.001 0.001 0.008 0.001 
 202   (0.040) 0.003 0.085 0.002 0.031 0.140 

Locus 20 : 20 
6 alleles
0.0% missing data
 244   (0.035) 0.007 0.005 0.035 0.022 0.004 
 252   (0.639) 0.627 0.144 0.744 0.720 0.573 
 250   (0.086) 0.040 0.757 0.117 0.053 0.062 
 254   (0.091) 0.077 0.012 0.084 0.073 0.077 
 246   (0.127) 0.247 0.047 0.018 0.118 0.283 
 248   (0.022) 0.001 0.035 0.001 0.015 0.002 

Locus 21 : 21 
10 alleles
0.0% missing data
 177   (0.191) 0.133 0.551 0.263 0.178 0.169 
 167   (0.263) 0.223 0.076 0.336 0.289 0.238 
 175   (0.135) 0.259 0.160 0.056 0.119 0.077 
 173   (0.278) 0.193 0.195 0.331 0.321 0.141 
 165   (0.046) 0.172 0.008 0.003 0.045 0.005 
 163   (0.036) 0.006 0.004 0.002 0.030 0.344 
 169   (0.012) 0.001 0.001 0.007 0.003 0.001 
 171   (0.013) 0.012 0.001 0.001 0.004 0.002 
 159   (0.012) 0.001 0.003 0.001 0.008 0.001 
 161   (0.012) 0.001 0.001 0.001 0.003 0.022 

Locus 22 : 22 
11 alleles
0.4% missing data
 146   (0.211) 0.286 0.164 0.250 0.208 0.194 
 154   (0.014) 0.001 0.001 0.072 0.004 0.001 
 152   (0.407) 0.459 0.273 0.556 0.457 0.414 
 150   (0.053) 0.025 0.047 0.015 0.033 0.052 
 166   (0.076) 0.104 0.158 0.045 0.061 0.009 
 164   (0.037) 0.048 0.004 0.003 0.035 0.004 
 156   (0.022) 0.001 0.004 0.001 0.013 0.184 
 162   (0.040) 0.012 0.007 0.002 0.037 0.076 
 158   (0.101) 0.061 0.011 0.054 0.117 0.061 
 148   (0.023) 0.001 0.329 0.001 0.017 0.003 
 142   (0.017) 0.001 0.002 0.001 0.018 0.002 

Locus 23 : 23 
6 alleles
0.4% missing data
 144   (0.206) 0.168 0.676 0.161 0.175 0.473 
 154   (0.518) 0.648 0.286 0.528 0.557 0.272 
 160   (0.116) 0.051 0.013 0.209 0.098 0.238 
 158   (0.022) 0.001 0.006 0.006 0.015 0.004 
 152   (0.020) 0.001 0.002 0.055 0.008 0.002 
 156   (0.119) 0.131 0.017 0.041 0.147 0.012 

Locus 24 : 24 
4 alleles
0.4% missing data
  77   (0.105) 0.058 0.011 0.180 0.094 0.033 
  81   (0.332) 0.286 0.376 0.309 0.385 0.040 
  83   (0.509) 0.592 0.606 0.490 0.477 0.922 
  85   (0.055) 0.064 0.007 0.021 0.044 0.006 

Locus 25 : 25 
6 alleles
0.4% missing data
 126   (0.038) 0.002 0.006 0.054 0.036 0.004 
 132   (0.320) 0.281 0.216 0.510 0.291 0.599 
 124   (0.504) 0.599 0.389 0.405 0.540 0.359 
 122   (0.106) 0.116 0.018 0.028 0.113 0.034 
 136   (0.015) 0.001 0.002 0.001 0.013 0.001 
 120   (0.017) 0.001 0.370 0.001 0.007 0.002 

Locus 26 : 26 
6 alleles
0.0% missing data
 165   (0.252) 0.344 0.364 0.178 0.251 0.066 
 175   (0.254) 0.310 0.025 0.211 0.265 0.246 
 183   (0.360) 0.313 0.190 0.529 0.339 0.675 
 179   (0.078) 0.006 0.415 0.078 0.086 0.008 
 181   (0.044) 0.026 0.005 0.003 0.051 0.004 
 185   (0.013) 0.001 0.001 0.001 0.008 0.001 

Locus 27 : 27 
4 alleles
0.0% missing data
 138   (0.070) 0.018 0.009 0.166 0.064 0.007 
 142   (0.581) 0.597 0.484 0.716 0.565 0.724 
 148   (0.229) 0.289 0.494 0.107 0.224 0.091 
 150   (0.120) 0.096 0.012 0.012 0.147 0.178 

Locus 28 : 28 
5 alleles
0.0% missing data
 262   (0.481) 0.601 0.811 0.678 0.435 0.571 
 260   (0.417) 0.339 0.179 0.298 0.484 0.258 
 256   (0.067) 0.058 0.006 0.022 0.046 0.167 
 264   (0.018) 0.001 0.002 0.001 0.018 0.002 
 258   (0.018) 0.001 0.002 0.001 0.018 0.002 

Locus 29 : 29 
5 alleles
0.4% missing data
 150   (0.490) 0.463 0.199 0.717 0.524 0.257 
 146   (0.229) 0.240 0.026 0.122 0.243 0.443 
 148   (0.089) 0.084 0.010 0.087 0.064 0.151 
 140   (0.168) 0.213 0.760 0.071 0.143 0.146 
 152   (0.023) 0.001 0.005 0.002 0.027 0.003 

Locus 30 : 30 
6 alleles
0.0% missing data
 123   (0.121) 0.112 0.015 0.106 0.108 0.095 
 129   (0.504) 0.451 0.332 0.540 0.525 0.638 
 125   (0.265) 0.303 0.070 0.348 0.251 0.256 
 127   (0.065) 0.131 0.577 0.004 0.056 0.006 
 121   (0.016) 0.001 0.002 0.001 0.013 0.002 
 131   (0.029) 0.002 0.004 0.002 0.047 0.003 

Locus 31 : 31 
5 alleles
0.0% missing data
 157   (0.229) 0.329 0.234 0.190 0.217 0.068 
 153   (0.063) 0.004 0.040 0.104 0.068 0.007 
 155   (0.547) 0.452 0.650 0.622 0.563 0.589 
 151   (0.035) 0.002 0.061 0.003 0.020 0.323 
 159   (0.126) 0.213 0.016 0.080 0.133 0.013 

Locus 32 : 32 
5 alleles
0.0% missing data
  92   (0.261) 0.174 0.128 0.223 0.254 0.441 
  91   (0.493) 0.626 0.740 0.593 0.493 0.114 
  95   (0.160) 0.014 0.088 0.093 0.200 0.436 
  94   (0.072) 0.185 0.007 0.090 0.049 0.007 
  90   (0.013) 0.001 0.036 0.001 0.004 0.001 

Locus 33 : 33 
4 alleles
0.0% missing data
 150   (0.572) 0.514 0.589 0.819 0.571 0.560 
 146   (0.290) 0.318 0.360 0.073 0.314 0.426 
 148   (0.077) 0.093 0.009 0.099 0.064 0.008 
 154   (0.061) 0.074 0.043 0.009 0.051 0.006 

Locus 34 : 34 
7 alleles
0.0% missing data
 180   (0.455) 0.418 0.761 0.617 0.429 0.723 
 184   (0.193) 0.274 0.196 0.200 0.175 0.055 
 196   (0.134) 0.110 0.016 0.127 0.157 0.013 
 198   (0.042) 0.003 0.007 0.019 0.031 0.086 
 194   (0.014) 0.001 0.001 0.026 0.004 0.001 
 192   (0.138) 0.170 0.016 0.009 0.189 0.120 
 190   (0.024) 0.025 0.002 0.001 0.015 0.002 

Locus 35 : 35 
7 alleles
0.0% missing data
 106   (0.309) 0.324 0.295 0.118 0.323 0.662 
 110   (0.230) 0.328 0.252 0.356 0.203 0.070 
 112   (0.279) 0.267 0.029 0.509 0.298 0.110 
 108   (0.113) 0.050 0.136 0.012 0.129 0.085 
  90   (0.036) 0.029 0.285 0.002 0.020 0.004 
  96   (0.013) 0.001 0.001 0.001 0.004 0.067 
  94   (0.020) 0.001 0.002 0.001 0.023 0.002 

Locus 36 : 36 
8 alleles
0.0% missing data
 172   (0.301) 0.130 0.031 0.497 0.314 0.384 
 166   (0.063) 0.038 0.008 0.250 0.042 0.006 
 176   (0.110) 0.252 0.012 0.095 0.093 0.012 
 170   (0.303) 0.499 0.538 0.127 0.255 0.577 
 174   (0.105) 0.073 0.011 0.020 0.135 0.010 
 178   (0.039) 0.003 0.004 0.007 0.051 0.004 
 168   (0.060) 0.004 0.394 0.003 0.092 0.006 
 186   (0.018) 0.001 0.002 0.001 0.018 0.002 

Locus 37 : 37 
6 alleles
0.0% missing data
  89   (0.549) 0.588 0.308 0.778 0.533 0.765 
  85   (0.213) 0.121 0.323 0.134 0.219 0.195 
  95   (0.072) 0.091 0.009 0.073 0.058 0.008 
  83   (0.104) 0.075 0.019 0.012 0.141 0.026 
  81   (0.046) 0.124 0.006 0.003 0.042 0.005 
  91   (0.016) 0.001 0.335 0.001 0.006 0.002 

Locus 38 : 38 
8 alleles
0.0% missing data
 173   (0.292) 0.422 0.412 0.133 0.285 0.503 
 161   (0.335) 0.361 0.083 0.489 0.335 0.412 
 165   (0.214) 0.206 0.080 0.216 0.227 0.066 
 169   (0.080) 0.006 0.046 0.135 0.097 0.011 
 159   (0.012) 0.001 0.001 0.007 0.004 0.001 
 167   (0.031) 0.002 0.005 0.008 0.034 0.003 
 168   (0.020) 0.001 0.371 0.012 0.005 0.002 
 175   (0.015) 0.001 0.002 0.001 0.013 0.001 

Locus 39 : 39 
7 alleles
0.0% missing data
  85   (0.214) 0.264 0.155 0.073 0.218 0.269 
  89   (0.348) 0.236 0.037 0.543 0.440 0.079 
  87   (0.138) 0.071 0.746 0.228 0.102 0.203 
  91   (0.170) 0.262 0.046 0.072 0.158 0.300 
  81   (0.093) 0.142 0.012 0.038 0.072 0.145 
  95   (0.013) 0.001 0.001 0.013 0.004 0.001 
  93   (0.024) 0.024 0.002 0.033 0.007 0.002 

Locus 40 : 40 
4 alleles
0.0% missing data
 167   (0.799) 0.948 0.799 0.892 0.798 0.890 
 161   (0.158) 0.049 0.192 0.094 0.169 0.106 
 165   (0.030) 0.002 0.007 0.008 0.029 0.003 
 155   (0.013) 0.001 0.001 0.007 0.004 0.001 

Locus 41 : 41 
7 alleles
0.4% missing data
 228   (0.411) 0.326 0.469 0.591 0.419 0.199 
 238   (0.323) 0.409 0.168 0.255 0.367 0.048 
 236   (0.085) 0.104 0.165 0.095 0.039 0.588 
 224   (0.037) 0.119 0.004 0.044 0.015 0.004 
 240   (0.114) 0.040 0.066 0.007 0.149 0.157 
 246   (0.013) 0.001 0.001 0.007 0.004 0.001 
 242   (0.017) 0.001 0.128 0.001 0.007 0.002 

Locus 42 : 42 
9 alleles
0.4% missing data
 130   (0.461) 0.460 0.091 0.469 0.528 0.403 
 114   (0.104) 0.146 0.504 0.101 0.081 0.011 
 132   (0.124) 0.174 0.012 0.204 0.093 0.298 
 128   (0.093) 0.065 0.010 0.176 0.085 0.020 
 134   (0.114) 0.129 0.308 0.009 0.145 0.013 
 122   (0.019) 0.001 0.002 0.035 0.008 0.002 
 118   (0.061) 0.013 0.071 0.005 0.053 0.250 
 120   (0.013) 0.006 0.001 0.001 0.004 0.001 
 119   (0.012) 0.006 0.001 0.001 0.004 0.002 

Locus 43 : 43 
8 alleles
0.0% missing data
  96   (0.065) 0.045 0.168 0.068 0.045 0.006 
  98   (0.141) 0.118 0.271 0.165 0.121 0.111 
 102   (0.290) 0.391 0.265 0.453 0.264 0.528 
  92   (0.119) 0.107 0.210 0.104 0.119 0.013 
 104   (0.340) 0.315 0.080 0.207 0.433 0.317 
 106   (0.012) 0.001 0.001 0.001 0.008 0.001 
  94   (0.014) 0.011 0.001 0.001 0.005 0.002 
 100   (0.019) 0.013 0.002 0.001 0.005 0.022 

Locus 44 : 44 
6 alleles
0.0% missing data
 101   (0.325) 0.414 0.030 0.341 0.361 0.170 
 103   (0.301) 0.305 0.214 0.202 0.306 0.396 
  95   (0.255) 0.217 0.054 0.438 0.241 0.407 
  99   (0.073) 0.059 0.353 0.010 0.068 0.008 
  97   (0.033) 0.005 0.348 0.002 0.020 0.019 
 105   (0.013) 0.001 0.001 0.007 0.004 0.001 

Locus 45 : 45 
8 alleles
0.0% missing data
 181   (0.581) 0.547 0.541 0.709 0.589 0.908 
 191   (0.260) 0.422 0.118 0.182 0.282 0.048 
 177   (0.064) 0.020 0.006 0.104 0.059 0.009 
 189   (0.022) 0.001 0.002 0.001 0.014 0.026 
 187   (0.013) 0.006 0.001 0.001 0.004 0.001 
 179   (0.029) 0.002 0.326 0.002 0.026 0.003 
 183   (0.015) 0.001 0.001 0.001 0.013 0.001 
 193   (0.016) 0.001 0.003 0.001 0.012 0.004 

Locus 46 : 46 
6 alleles
0.7% missing data
 205   (0.446) 0.448 0.329 0.409 0.512 0.290 
 215   (0.080) 0.118 0.008 0.094 0.053 0.103 
 201   (0.067) 0.044 0.440 0.093 0.042 0.007 
 207   (0.183) 0.099 0.057 0.148 0.193 0.433 
 211   (0.212) 0.290 0.164 0.255 0.192 0.166 
 202   (0.012) 0.001 0.001 0.001 0.008 0.001 

Locus 47 : 47 
9 alleles
0.0% missing data
 166   (0.176) 0.105 0.137 0.269 0.168 0.268 
 168   (0.159) 0.122 0.124 0.227 0.149 0.129 
 158   (0.180) 0.225 0.146 0.140 0.167 0.274 
 142   (0.269) 0.329 0.031 0.180 0.324 0.293 
 144   (0.051) 0.003 0.005 0.169 0.057 0.011 
 170   (0.027) 0.002 0.003 0.008 0.023 0.009 
 164   (0.047) 0.060 0.057 0.003 0.041 0.005 
 162   (0.054) 0.142 0.349 0.003 0.042 0.006 
 156   (0.037) 0.011 0.146 0.002 0.030 0.004 

Locus 48 : 48 
6 alleles
0.0% missing data
 145   (0.276) 0.338 0.352 0.268 0.232 0.652 
 149   (0.280) 0.130 0.473 0.095 0.345 0.225 
 151   (0.197) 0.363 0.146 0.172 0.187 0.030 
 153   (0.209) 0.167 0.024 0.450 0.209 0.089 
 147   (0.020) 0.002 0.003 0.014 0.009 0.002 
 143   (0.018) 0.001 0.002 0.001 0.018 0.002 

Values of parameters used in structure:
DATAFILE=temp1_np.str,	OUTFILE=k5/temp1_np_k5_run6,	NUMINDS=272,	NUMLOCI=48,	MISSING=-9,	LABEL=1,	POPDATA=1,	POPFLAG=0,	PHENOTYPE=0,	EXTRACOLS=0,	MAXPOPS=5,	BURNIN=500000,	NUMREPS=750000,	USEPOPINFO=0,	INFERALPHA=1,	INFERLAMBDA=0,	POPSPECIFICLAMBDA=0,	POPALPHAS=0,	COMPUTEPROB=1,	NOADMIX=0,	ADMBURNIN=500,	UPDATEFREQ=100,	PRINTLIKES=0,	INTERMEDSAVE=0,	PRINTKLD=0,	PRINTNET=1,	PRINTLAMBDA=1,	ANCESTDIST=0,	NUMBOXES=1000,	ANCESTPINT=0.90000,	GENSBACK=2,	MIGRPRIOR=0.01000,	PRINTQHAT=0,	PRINTQSUM=1,	ALPHA=1.0000,	FREQSCORR=1,	FPRIORMEAN=0.0100,	FPRIORSD=0.0500,	ONEFST=0,	LAMBDA=1.0000,	UNIFPRIORALPHA=1,	ALPHAMAX=10.0000,	ALPHAPRIORA=1.0000,	ALPHAPRIORB=2.0000,	ALPHAPROPSD=0.0250,	STARTATPOPINFO=0,	RANDOMIZE=0,	LINKAGE=0,	METROFREQ=10,	REPORTHITRATE=0,	MARKOVPHASE=0,	PHASED=1,	PLOIDY=2,	PHASEINFO=0	LOCPRIOR=0, 	LOCPRIORINIT=1.000000, 	LOCDATA=0, 	LOCISPOP=1, 	LOCPRIORSTEP=0.100000, 	MAXLOCPRIOR=20.000000, 	SEED=439224,	
[STRAT parameters]:    NUMSIMSTATS=1000,	PHENOTYPECOL=-9,	POOLFREQ=10,	LOCUSxONLY=0,	EMERROR=0.00100,	MISSINGPHENO=-9,	