

----------------------------------------------------
STRUCTURE by Pritchard, Stephens and Donnelly (2000)
     and Falush, Stephens and Pritchard (2003)
       Code by Pritchard, Falush and Hubisz
             Version 2.3.4 (Jul 2012)
----------------------------------------------------



Command line arguments:   structure -D 933273 -K 3 -m mainparams -o k3/temp1_np_k3_run1 
Input File:    temp1_np.str

Run parameters:
   267 individuals
   48 loci
   3 populations assumed
   500000 Burn-in period
   750000 Reps
RANDOMIZE turned off


--------------------------------------------
Proportion of membership of each pre-defined
 population in each of the 3 clusters

Given    Inferred Clusters       Number of
 Pop       1      2      3      Individuals

  1:     0.069  0.026  0.904       39
  2:     0.044  0.016  0.939       33
  3:     0.935  0.030  0.035       79
  4:     0.033  0.903  0.064       19
  5:     0.011  0.981  0.008       10
  6:     0.595  0.277  0.127       10
  7:     0.533  0.231  0.236       23
  8:     0.684  0.163  0.153       11
  9:     0.530  0.126  0.344       13
 10:     0.477  0.339  0.184       25
 11:     0.379  0.238  0.383        5
--------------------------------------------

Allele-freq. divergence among pops (Net nucleotide distance),
computed using point estimates of P.

      1       2       3      
 1      -    0.0438  0.0407  
 2   0.0438     -    0.0592  
 3   0.0407  0.0592     -    

Average distances (expected heterozygosity) between individuals in same cluster:
cluster  1  : 0.6085 
cluster  2  : 0.6455 
cluster  3  : 0.5597 

--------------------------------------------
Estimated Ln Prob of Data   = -30325.4
Mean value of ln likelihood = -30028.7
Variance of ln likelihood   = 593.4
Mean value of alpha         = 0.1455

Mean value of Fst_1         = 0.1022
Mean value of Fst_2         = 0.0705
Mean value of Fst_3         = 0.1422


Inferred ancestry of individuals:
        Label (%Miss) Pop:  Inferred clusters
  1     2229    (0)    1 :  0.018 0.029 0.953 
  2     2230    (0)    1 :  0.040 0.009 0.951 
  3     2235    (0)    1 :  0.039 0.115 0.847 
  4     2236    (0)    1 :  0.069 0.131 0.799 
  5     2237    (0)    1 :  0.118 0.036 0.846 
  6     2238    (0)    1 :  0.018 0.018 0.964 
  7     2239    (0)    1 :  0.030 0.008 0.962 
  8     2240    (0)    1 :  0.031 0.045 0.924 
  9     2241    (0)    1 :  0.038 0.049 0.913 
 10     2242    (0)    1 :  0.075 0.022 0.903 
 11     2243    (0)    1 :  0.127 0.016 0.856 
 12     2244    (0)    1 :  0.062 0.007 0.931 
 13     2245    (0)    1 :  0.080 0.013 0.907 
 14     2246    (0)    1 :  0.076 0.018 0.906 
 15     2247    (0)    1 :  0.044 0.014 0.942 
 16     2248    (0)    1 :  0.020 0.025 0.955 
 17     2249    (0)    1 :  0.080 0.024 0.896 
 18     2250    (0)    1 :  0.010 0.006 0.984 
 19     2251    (0)    1 :  0.054 0.073 0.873 
 20     2252    (0)    1 :  0.023 0.015 0.962 
 21     2253    (0)    1 :  0.166 0.010 0.825 
 22     2254    (0)    1 :  0.071 0.012 0.918 
 23     2255    (0)    1 :  0.055 0.026 0.920 
 24     2256    (0)    1 :  0.332 0.013 0.654 
 25     2257    (0)    1 :  0.050 0.054 0.896 
 26     2258    (0)    1 :  0.326 0.016 0.657 
 27     2259    (0)    1 :  0.012 0.010 0.978 
 28     2260    (0)    1 :  0.058 0.018 0.924 
 29     2261    (0)    1 :  0.013 0.015 0.973 
 30     2262    (0)    1 :  0.016 0.018 0.966 
 31     2263    (0)    1 :  0.039 0.024 0.936 
 32     2264    (0)    1 :  0.015 0.013 0.972 
 33     2265    (0)    1 :  0.092 0.014 0.894 
 34     2266    (0)    1 :  0.029 0.016 0.956 
 35     2267    (0)    1 :  0.041 0.010 0.949 
 36     2268    (0)    1 :  0.024 0.028 0.948 
 37     2269    (0)    1 :  0.009 0.017 0.974 
 38     2270    (0)    1 :  0.027 0.013 0.960 
 39     2271    (0)    1 :  0.277 0.021 0.701 
 40      934    (0)   10 :  0.396 0.294 0.310 
 41     2434    (0)   10 :  0.721 0.197 0.081 
 42     2435    (0)   10 :  0.350 0.612 0.038 
 43     2436    (0)   10 :  0.401 0.589 0.010 
 44     2437    (0)   10 :  0.677 0.301 0.022 
 45     2438    (0)   10 :  0.533 0.394 0.073 
 46     2439    (0)   10 :  0.602 0.128 0.270 
 47     2440    (0)   10 :  0.829 0.139 0.032 
 48     2441    (0)   10 :  0.166 0.764 0.070 
 49     2442    (0)   10 :  0.495 0.436 0.069 
 50     2443    (0)   10 :  0.754 0.140 0.107 
 51     2444    (0)   10 :  0.631 0.223 0.145 
 52     2446    (0)   10 :  0.538 0.287 0.174 
 53     2447    (0)   10 :  0.363 0.240 0.397 
 54     2448    (0)   10 :  0.112 0.043 0.844 
 55     2449    (0)   10 :  0.374 0.596 0.030 
 56     2450    (0)   10 :  0.648 0.329 0.024 
 57     2451    (0)   10 :  0.458 0.517 0.025 
 58     2452    (0)   10 :  0.528 0.154 0.317 
 59     2453    (0)   10 :  0.094 0.528 0.378 
 60     2454    (0)   10 :  0.239 0.081 0.681 
 61     2455    (0)   10 :  0.894 0.050 0.056 
 62     2456    (0)   10 :  0.438 0.417 0.145 
 63     2457    (0)   10 :  0.432 0.416 0.151 
 64     2458    (0)   10 :  0.237 0.601 0.162 
 65     1074    (0)   11 :  0.436 0.112 0.452 
 66     1075    (0)   11 :  0.195 0.388 0.417 
 67     1076    (0)   11 :  0.531 0.332 0.137 
 68     1077    (0)   11 :  0.426 0.050 0.524 
 69     1078    (0)   11 :  0.305 0.308 0.387 
 70      382    (0)    2 :  0.050 0.019 0.931 
 71      383    (0)    2 :  0.235 0.025 0.740 
 72      647    (0)    2 :  0.043 0.011 0.946 
 73      648    (0)    2 :  0.034 0.009 0.957 
 74      649    (0)    2 :  0.016 0.010 0.974 
 75      650    (0)    2 :  0.021 0.010 0.970 
 76      651    (0)    2 :  0.011 0.008 0.981 
 77      652    (0)    2 :  0.071 0.008 0.921 
 78      653    (0)    2 :  0.017 0.011 0.972 
 79      654    (0)    2 :  0.017 0.020 0.963 
 80      658    (0)    2 :  0.010 0.008 0.983 
 81      659    (0)    2 :  0.016 0.008 0.976 
 82      660    (0)    2 :  0.012 0.010 0.979 
 83      661    (0)    2 :  0.013 0.012 0.975 
 84      662    (0)    2 :  0.017 0.057 0.926 
 85      663    (0)    2 :  0.013 0.008 0.979 
 86      664    (0)    2 :  0.047 0.015 0.938 
 87      665    (0)    2 :  0.079 0.013 0.908 
 88      671    (0)    2 :  0.024 0.007 0.969 
 89      672    (0)    2 :  0.015 0.010 0.975 
 90      673    (0)    2 :  0.010 0.010 0.980 
 91      674    (0)    2 :  0.123 0.047 0.830 
 92      675    (0)    2 :  0.025 0.053 0.922 
 93      676    (0)    2 :  0.023 0.010 0.967 
 94      677    (0)    2 :  0.017 0.009 0.975 
 95      678    (0)    2 :  0.010 0.012 0.978 
 96      679    (0)    2 :  0.010 0.014 0.975 
 97      680    (0)    2 :  0.012 0.008 0.980 
 98      681    (0)    2 :  0.017 0.014 0.968 
 99      682    (0)    2 :  0.014 0.008 0.978 
100      683    (0)    2 :  0.058 0.034 0.908 
101      755    (0)    2 :  0.365 0.024 0.611 
102     2286    (0)    2 :  0.019 0.012 0.969 
103      690    (0)    3 :  0.918 0.019 0.063 
104      691    (0)    3 :  0.969 0.020 0.011 
105      692    (0)    3 :  0.903 0.047 0.050 
106      693    (0)    3 :  0.975 0.009 0.015 
107      694    (0)    3 :  0.956 0.008 0.036 
108      695    (0)    3 :  0.951 0.030 0.019 
109      696    (0)    3 :  0.880 0.039 0.081 
110      697    (0)    3 :  0.946 0.010 0.045 
111      698    (0)    3 :  0.976 0.010 0.014 
112      699    (0)    3 :  0.903 0.030 0.067 
113      700    (0)    3 :  0.838 0.033 0.129 
114      701    (0)    3 :  0.939 0.042 0.019 
115      703    (0)    3 :  0.947 0.041 0.012 
116      704    (0)    3 :  0.945 0.026 0.029 
117      705    (0)    3 :  0.897 0.063 0.041 
118      706    (0)    3 :  0.942 0.023 0.035 
119      707    (0)    3 :  0.917 0.011 0.072 
120      708    (0)    3 :  0.865 0.042 0.092 
121      709    (0)    3 :  0.950 0.019 0.031 
122      710    (0)    3 :  0.916 0.059 0.025 
123      711    (0)    3 :  0.944 0.016 0.039 
124     2287    (0)    3 :  0.950 0.014 0.035 
125     2288    (0)    3 :  0.922 0.052 0.027 
126     2289    (0)    3 :  0.963 0.026 0.011 
127     2290    (0)    3 :  0.951 0.017 0.032 
128     2291    (0)    3 :  0.959 0.009 0.032 
129     2292    (0)    3 :  0.957 0.009 0.033 
130     2293    (0)    3 :  0.956 0.021 0.023 
131     2294    (0)    3 :  0.915 0.072 0.012 
132     2295    (0)    3 :  0.823 0.019 0.158 
133     2296    (0)    3 :  0.976 0.012 0.011 
134     2297    (0)    3 :  0.966 0.010 0.024 
135     2298    (0)    3 :  0.963 0.025 0.012 
136     2299    (0)    3 :  0.961 0.024 0.016 
137     2300    (0)    3 :  0.969 0.018 0.013 
138     2301    (0)    3 :  0.939 0.007 0.054 
139     2302    (0)    3 :  0.970 0.013 0.017 
140     2303    (0)    3 :  0.977 0.010 0.013 
141     2304    (0)    3 :  0.889 0.016 0.095 
142     2305    (0)    3 :  0.935 0.025 0.040 
143     2306    (0)    3 :  0.932 0.018 0.050 
144     2307    (0)    3 :  0.887 0.024 0.089 
145     2308    (0)    3 :  0.373 0.618 0.009 
146     2309    (0)    3 :  0.962 0.013 0.025 
147     2310    (0)    3 :  0.946 0.009 0.045 
148     2311    (0)    3 :  0.965 0.017 0.017 
149     2312    (0)    3 :  0.970 0.009 0.021 
150     2313    (0)    3 :  0.945 0.015 0.040 
151     2314    (0)    3 :  0.955 0.010 0.036 
152     2315    (0)    3 :  0.953 0.024 0.023 
153     2316    (0)    3 :  0.950 0.020 0.030 
154     2317    (0)    3 :  0.963 0.018 0.019 
155     2318    (0)    3 :  0.965 0.018 0.018 
156     2319    (0)    3 :  0.975 0.011 0.013 
157     2320    (0)    3 :  0.942 0.042 0.016 
158     2321    (0)    3 :  0.906 0.032 0.062 
159     2322    (0)    3 :  0.909 0.059 0.032 
160     2323    (0)    3 :  0.946 0.041 0.013 
161     2324    (0)    3 :  0.974 0.014 0.012 
162     2325    (0)    3 :  0.962 0.013 0.025 
163     2326    (0)    3 :  0.921 0.021 0.058 
164     2327    (0)    3 :  0.895 0.021 0.084 
165     2328    (0)    3 :  0.947 0.023 0.030 
166     2329    (0)    3 :  0.947 0.009 0.044 
167     2330    (0)    3 :  0.959 0.009 0.031 
168     2331    (0)    3 :  0.941 0.033 0.026 
169     2332    (0)    3 :  0.963 0.007 0.031 
170     2333    (0)    3 :  0.961 0.027 0.012 
171     2334    (0)    3 :  0.976 0.011 0.013 
172     2335    (0)    3 :  0.960 0.024 0.016 
173     2336    (0)    3 :  0.961 0.009 0.030 
174     2337    (0)    3 :  0.971 0.011 0.017 
175     2338    (0)    3 :  0.958 0.020 0.022 
176     2339    (0)    3 :  0.963 0.015 0.022 
177     2340    (0)    3 :  0.966 0.009 0.025 
178     2341    (0)    3 :  0.907 0.029 0.064 
179     2342    (2)    3 :  0.964 0.014 0.021 
180     2343    (0)    3 :  0.948 0.019 0.033 
181     2344    (0)    3 :  0.968 0.010 0.022 
182      195    (0)    4 :  0.028 0.839 0.133 
183      364    (0)    4 :  0.019 0.953 0.027 
184      756    (0)    4 :  0.014 0.974 0.012 
185      757    (0)    4 :  0.070 0.692 0.238 
186      758    (0)    4 :  0.032 0.923 0.044 
187      759    (0)    4 :  0.038 0.835 0.127 
188      760    (0)    4 :  0.037 0.929 0.034 
189      766    (0)    4 :  0.024 0.940 0.036 
190      767    (0)    4 :  0.033 0.943 0.023 
191      768    (0)    4 :  0.035 0.907 0.058 
192      769    (0)    4 :  0.018 0.947 0.035 
193      770    (0)    4 :  0.077 0.830 0.093 
194      771    (0)    4 :  0.017 0.962 0.021 
195      772    (0)    4 :  0.075 0.734 0.192 
196      773    (0)    4 :  0.015 0.964 0.021 
197      774    (0)    4 :  0.025 0.949 0.026 
198      775    (0)    4 :  0.018 0.962 0.020 
199      776    (0)    4 :  0.021 0.957 0.023 
200      777    (0)    4 :  0.031 0.916 0.054 
201      857    (0)    5 :  0.008 0.984 0.009 
202      858    (0)    5 :  0.013 0.977 0.010 
203      859    (0)    5 :  0.009 0.985 0.006 
204      860    (0)    5 :  0.008 0.985 0.006 
205      861    (0)    5 :  0.009 0.985 0.005 
206      862    (0)    5 :  0.011 0.978 0.011 
207      863    (0)    5 :  0.008 0.986 0.006 
208      864    (0)    5 :  0.011 0.983 0.007 
209      865    (0)    5 :  0.025 0.962 0.013 
210      866    (0)    5 :  0.009 0.983 0.008 
211     2355    (0)    6 :  0.730 0.250 0.020 
212     2356    (0)    6 :  0.539 0.443 0.017 
213     2357    (0)    6 :  0.709 0.017 0.274 
214     2358    (0)    6 :  0.322 0.575 0.103 
215     2359    (0)    6 :  0.896 0.029 0.075 
216     2360    (0)    6 :  0.649 0.286 0.065 
217     2361    (2)    6 :  0.474 0.213 0.313 
218     2362    (0)    6 :  0.752 0.104 0.144 
219     2363    (0)    6 :  0.250 0.692 0.058 
220     2364    (0)    6 :  0.630 0.164 0.206 
221     2369    (0)    7 :  0.421 0.047 0.532 
222     2370    (0)    7 :  0.555 0.044 0.401 
223     2372    (0)    7 :  0.947 0.021 0.031 
224     2373    (0)    7 :  0.145 0.705 0.150 
225     2374    (0)    7 :  0.569 0.286 0.145 
226     2375    (0)    7 :  0.540 0.250 0.209 
227     2376    (0)    7 :  0.832 0.085 0.083 
228     2377    (0)    7 :  0.388 0.138 0.475 
229     2378    (0)    7 :  0.547 0.103 0.349 
230     2379    (0)    7 :  0.621 0.307 0.072 
231     2380    (0)    7 :  0.922 0.026 0.053 
232     2381    (0)    7 :  0.367 0.221 0.411 
233     2382    (0)    7 :  0.705 0.284 0.011 
234     2383    (0)    7 :  0.482 0.069 0.448 
235     2384    (0)    7 :  0.615 0.139 0.246 
236     2385    (0)    7 :  0.629 0.242 0.129 
237     2386    (0)    7 :  0.331 0.248 0.420 
238     2387    (0)    7 :  0.594 0.235 0.171 
239     2388    (0)    7 :  0.406 0.570 0.024 
240     2389    (2)    7 :  0.289 0.685 0.026 
241     2390    (0)    7 :  0.626 0.340 0.033 
242     2391    (0)    7 :  0.326 0.208 0.465 
243     2392    (0)    7 :  0.394 0.060 0.546 
244     2459    (0)    8 :  0.916 0.053 0.031 
245     2460    (0)    8 :  0.258 0.180 0.562 
246     2461    (0)    8 :  0.829 0.151 0.020 
247     2462    (4)    8 :  0.698 0.042 0.261 
248     2463    (0)    8 :  0.685 0.226 0.089 
249     2464    (2)    8 :  0.385 0.438 0.177 
250     2465    (0)    8 :  0.868 0.042 0.090 
251     2466    (2)    8 :  0.809 0.098 0.092 
252     2467    (0)    8 :  0.590 0.370 0.040 
253     2468    (0)    8 :  0.918 0.042 0.040 
254     2469    (0)    8 :  0.571 0.153 0.276 
255     2398    (0)    9 :  0.783 0.033 0.183 
256     2399    (0)    9 :  0.351 0.240 0.410 
257     2400    (0)    9 :  0.491 0.045 0.464 
258     2401    (0)    9 :  0.721 0.050 0.229 
259     2402    (0)    9 :  0.337 0.142 0.521 
260     2403    (0)    9 :  0.777 0.182 0.041 
261     2404    (0)    9 :  0.820 0.041 0.139 
262     2405    (0)    9 :  0.687 0.280 0.033 
263     2406    (0)    9 :  0.279 0.115 0.606 
264     2407    (0)    9 :  0.272 0.096 0.632 
265     2408    (0)    9 :  0.211 0.340 0.449 
266     2409    (0)    9 :  0.596 0.038 0.365 
267     2410    (0)    9 :  0.562 0.033 0.405 


Estimated Allele Frequencies in each cluster
First column gives estimated ancestral frequencies


Locus 1 : 1 
4 alleles
0.0% missing data
  89   (0.456) 0.459 0.431 0.636 
  91   (0.371) 0.464 0.396 0.244 
  93   (0.132) 0.074 0.086 0.119 
  99   (0.041) 0.003 0.087 0.002 

Locus 2 : 2 
6 alleles
0.0% missing data
 138   (0.255) 0.121 0.381 0.291 
 136   (0.362) 0.467 0.316 0.482 
 140   (0.079) 0.020 0.046 0.104 
 134   (0.231) 0.330 0.221 0.118 
 142   (0.034) 0.055 0.006 0.001 
 132   (0.038) 0.007 0.030 0.004 

Locus 3 : 3 
6 alleles
0.0% missing data
 179   (0.172) 0.467 0.038 0.296 
 187   (0.391) 0.168 0.504 0.505 
 181   (0.194) 0.280 0.103 0.114 
 191   (0.086) 0.006 0.114 0.078 
 185   (0.091) 0.034 0.187 0.004 
 175   (0.067) 0.045 0.054 0.003 

Locus 4 : 4 
12 alleles
0.0% missing data
 253   (0.358) 0.571 0.312 0.638 
 269   (0.185) 0.203 0.198 0.129 
 271   (0.062) 0.018 0.054 0.017 
 241   (0.140) 0.183 0.129 0.052 
 249   (0.058) 0.005 0.030 0.142 
 247   (0.060) 0.012 0.212 0.003 
 273   (0.025) 0.002 0.017 0.001 
 245   (0.021) 0.001 0.009 0.002 
 267   (0.022) 0.001 0.003 0.006 
 235   (0.022) 0.001 0.003 0.006 
 239   (0.026) 0.001 0.028 0.001 
 265   (0.022) 0.002 0.005 0.003 

Locus 5 : 5 
5 alleles
0.0% missing data
 103   (0.846) 0.872 0.924 0.944 
 104   (0.052) 0.015 0.008 0.047 
 105   (0.045) 0.111 0.010 0.002 
 107   (0.023) 0.001 0.003 0.006 
 102   (0.034) 0.002 0.055 0.001 

Locus 6 : 6 
6 alleles
0.0% missing data
 135   (0.328) 0.221 0.566 0.162 
 141   (0.236) 0.333 0.104 0.566 
 145   (0.281) 0.397 0.220 0.225 
 147   (0.101) 0.047 0.071 0.040 
 137   (0.031) 0.002 0.037 0.001 
 143   (0.023) 0.001 0.003 0.006 

Locus 7 : 7 
10 alleles
0.4% missing data
  89   (0.073) 0.053 0.032 0.041 
  91   (0.088) 0.025 0.150 0.022 
 103   (0.261) 0.534 0.223 0.324 
  93   (0.203) 0.175 0.222 0.344 
  97   (0.178) 0.106 0.267 0.185 
 101   (0.026) 0.003 0.005 0.008 
  85   (0.062) 0.051 0.013 0.070 
  99   (0.026) 0.005 0.010 0.001 
  83   (0.055) 0.047 0.039 0.004 
 105   (0.027) 0.001 0.038 0.001 

Locus 8 : 8 
10 alleles
0.0% missing data
 129   (0.471) 0.556 0.529 0.672 
 141   (0.099) 0.076 0.037 0.140 
 149   (0.062) 0.004 0.048 0.131 
 131   (0.037) 0.001 0.042 0.004 
 143   (0.206) 0.346 0.282 0.042 
 133   (0.030) 0.006 0.016 0.002 
 121   (0.022) 0.001 0.003 0.006 
 145   (0.025) 0.008 0.004 0.001 
 127   (0.027) 0.001 0.028 0.001 
 128   (0.022) 0.001 0.011 0.001 

Locus 9 : 9 
4 alleles
0.0% missing data
 191   (0.402) 0.397 0.356 0.579 
 195   (0.179) 0.317 0.082 0.146 
 189   (0.387) 0.284 0.552 0.269 
 193   (0.033) 0.002 0.011 0.006 

Locus 10 : 10 
7 alleles
0.0% missing data
 232   (0.238) 0.156 0.231 0.418 
 238   (0.386) 0.632 0.323 0.437 
 252   (0.153) 0.146 0.113 0.115 
 254   (0.115) 0.045 0.271 0.014 
 250   (0.046) 0.014 0.043 0.002 
 240   (0.022) 0.001 0.003 0.006 
 248   (0.039) 0.007 0.016 0.008 

Locus 11 : 11 
5 alleles
0.0% missing data
  89   (0.241) 0.221 0.224 0.207 
  87   (0.642) 0.772 0.690 0.676 
  91   (0.071) 0.004 0.068 0.113 
  85   (0.023) 0.002 0.006 0.002 
  83   (0.023) 0.001 0.011 0.001 

Locus 12 : 12 
13 alleles
0.0% missing data
 147   (0.064) 0.092 0.008 0.100 
 162   (0.229) 0.301 0.237 0.192 
 158   (0.140) 0.266 0.044 0.434 
 160   (0.245) 0.113 0.558 0.178 
 161   (0.073) 0.162 0.013 0.060 
 170   (0.046) 0.033 0.013 0.011 
 143   (0.050) 0.011 0.076 0.002 
 149   (0.035) 0.007 0.019 0.004 
 154   (0.030) 0.006 0.011 0.005 
 164   (0.023) 0.001 0.003 0.012 
 165   (0.022) 0.001 0.009 0.001 
 134   (0.022) 0.002 0.006 0.002 
 159   (0.021) 0.004 0.003 0.001 

Locus 13 : 13 
4 alleles
0.0% missing data
 113   (0.371) 0.350 0.437 0.344 
 115   (0.407) 0.482 0.373 0.502 
 108   (0.199) 0.165 0.183 0.152 
 110   (0.023) 0.002 0.007 0.001 

Locus 14 : 14 
10 alleles
0.0% missing data
 229   (0.297) 0.365 0.296 0.518 
 233   (0.076) 0.016 0.046 0.099 
 225   (0.135) 0.076 0.182 0.073 
 227   (0.163) 0.180 0.119 0.226 
 231   (0.221) 0.353 0.327 0.074 
 213   (0.021) 0.002 0.008 0.001 
 221   (0.022) 0.002 0.007 0.001 
 255   (0.022) 0.001 0.003 0.005 
 223   (0.021) 0.001 0.009 0.001 
 203   (0.022) 0.004 0.003 0.001 

Locus 15 : 15 
5 alleles
0.4% missing data
 143   (0.799) 0.930 0.829 0.968 
 145   (0.107) 0.063 0.087 0.027 
 147   (0.041) 0.006 0.037 0.003 
 157   (0.023) 0.001 0.009 0.002 
 133   (0.030) 0.001 0.039 0.001 

Locus 16 : 16 
5 alleles
0.0% missing data
 156   (0.310) 0.314 0.384 0.246 
 158   (0.437) 0.492 0.463 0.589 
 154   (0.107) 0.054 0.091 0.044 
 160   (0.124) 0.139 0.057 0.117 
 152   (0.022) 0.002 0.005 0.003 

Locus 17 : 17 
5 alleles
0.0% missing data
  90   (0.614) 0.772 0.595 0.742 
 102   (0.218) 0.151 0.200 0.241 
  88   (0.052) 0.039 0.017 0.008 
 100   (0.093) 0.036 0.183 0.008 
 104   (0.023) 0.002 0.006 0.002 

Locus 18 : 18 
8 alleles
0.0% missing data
 142   (0.078) 0.013 0.036 0.449 
 148   (0.126) 0.047 0.146 0.057 
 140   (0.242) 0.410 0.257 0.067 
 127   (0.228) 0.361 0.140 0.215 
 138   (0.072) 0.075 0.016 0.046 
 146   (0.134) 0.067 0.090 0.160 
 150   (0.086) 0.026 0.221 0.005 
 128   (0.035) 0.001 0.094 0.001 

Locus 19 : 19 
6 alleles
0.0% missing data
 190   (0.157) 0.196 0.061 0.287 
 194   (0.535) 0.636 0.571 0.577 
 188   (0.152) 0.077 0.140 0.127 
 200   (0.089) 0.086 0.112 0.005 
 198   (0.023) 0.003 0.007 0.001 
 202   (0.044) 0.003 0.109 0.002 

Locus 20 : 20 
6 alleles
0.0% missing data
 244   (0.044) 0.006 0.009 0.040 
 252   (0.514) 0.676 0.427 0.760 
 250   (0.149) 0.030 0.272 0.104 
 254   (0.122) 0.065 0.087 0.083 
 246   (0.137) 0.220 0.181 0.011 
 248   (0.034) 0.003 0.024 0.002 

Locus 21 : 21 
10 alleles
0.0% missing data
 177   (0.220) 0.117 0.303 0.269 
 167   (0.234) 0.261 0.191 0.339 
 175   (0.141) 0.231 0.108 0.043 
 173   (0.223) 0.232 0.179 0.336 
 165   (0.045) 0.143 0.011 0.002 
 163   (0.048) 0.004 0.182 0.002 
 169   (0.022) 0.001 0.003 0.006 
 171   (0.024) 0.008 0.003 0.001 
 159   (0.022) 0.001 0.010 0.001 
 161   (0.022) 0.001 0.011 0.001 

Locus 22 : 22 
11 alleles
0.0% missing data
 146   (0.194) 0.270 0.167 0.247 
 154   (0.026) 0.001 0.003 0.061 
 152   (0.328) 0.457 0.358 0.559 
 150   (0.064) 0.028 0.044 0.013 
 166   (0.099) 0.089 0.072 0.044 
 164   (0.043) 0.049 0.013 0.005 
 156   (0.035) 0.002 0.089 0.002 
 162   (0.049) 0.015 0.068 0.002 
 158   (0.105) 0.081 0.084 0.064 
 148   (0.033) 0.001 0.099 0.001 
 142   (0.024) 0.007 0.004 0.003 

Locus 23 : 23 
6 alleles
0.4% missing data
 144   (0.264) 0.158 0.450 0.153 
 154   (0.407) 0.639 0.313 0.534 
 160   (0.147) 0.051 0.137 0.217 
 158   (0.034) 0.003 0.021 0.005 
 152   (0.028) 0.001 0.004 0.049 
 156   (0.120) 0.149 0.076 0.041 

Locus 24 : 24 
4 alleles
0.4% missing data
  77   (0.095) 0.060 0.028 0.193 
  81   (0.291) 0.323 0.239 0.320 
  83   (0.554) 0.561 0.721 0.467 
  85   (0.059) 0.057 0.012 0.019 

Locus 25 : 25 
6 alleles
0.4% missing data
 126   (0.060) 0.011 0.025 0.054 
 132   (0.345) 0.242 0.397 0.523 
 124   (0.429) 0.614 0.416 0.394 
 122   (0.104) 0.127 0.057 0.026 
 136   (0.027) 0.004 0.012 0.002 
 120   (0.036) 0.001 0.093 0.001 

Locus 26 : 26 
6 alleles
0.0% missing data
 165   (0.227) 0.340 0.175 0.172 
 175   (0.226) 0.305 0.167 0.219 
 183   (0.374) 0.297 0.448 0.523 
 179   (0.103) 0.014 0.181 0.081 
 181   (0.048) 0.042 0.023 0.003 
 185   (0.023) 0.002 0.006 0.002 

Locus 27 : 27 
4 alleles
0.0% missing data
 138   (0.085) 0.024 0.033 0.164 
 142   (0.558) 0.570 0.565 0.728 
 148   (0.246) 0.270 0.273 0.099 
 150   (0.111) 0.135 0.129 0.009 

Locus 28 : 28 
5 alleles
0.0% missing data
 262   (0.518) 0.525 0.595 0.643 
 260   (0.327) 0.412 0.292 0.331 
 256   (0.097) 0.052 0.088 0.021 
 264   (0.028) 0.005 0.007 0.003 
 258   (0.030) 0.006 0.017 0.001 

Locus 29 : 29 
5 alleles
0.0% missing data
 150   (0.370) 0.483 0.252 0.727 
 146   (0.249) 0.247 0.299 0.124 
 148   (0.128) 0.070 0.101 0.084 
 140   (0.213) 0.195 0.314 0.060 
 152   (0.039) 0.004 0.035 0.005 

Locus 30 : 30 
6 alleles
0.0% missing data
 123   (0.128) 0.110 0.075 0.104 
 129   (0.453) 0.476 0.516 0.547 
 125   (0.252) 0.289 0.193 0.341 
 127   (0.098) 0.105 0.174 0.004 
 121   (0.026) 0.002 0.017 0.001 
 131   (0.043) 0.017 0.026 0.003 

Locus 31 : 31 
5 alleles
0.0% missing data
 157   (0.214) 0.309 0.120 0.184 
 153   (0.072) 0.008 0.043 0.122 
 155   (0.565) 0.468 0.646 0.616 
 151   (0.047) 0.002 0.168 0.002 
 159   (0.102) 0.213 0.023 0.076 

Locus 32 : 32 
5 alleles
0.0% missing data
  92   (0.277) 0.188 0.313 0.225 
  91   (0.447) 0.625 0.324 0.571 
  95   (0.171) 0.035 0.340 0.124 
  94   (0.081) 0.151 0.011 0.078 
  90   (0.023) 0.001 0.011 0.001 

Locus 33 : 33 
4 alleles
0.0% missing data
 150   (0.561) 0.498 0.556 0.830 
 146   (0.287) 0.338 0.397 0.072 
 148   (0.086) 0.090 0.019 0.092 
 154   (0.067) 0.074 0.029 0.006 

Locus 34 : 34 
7 alleles
0.0% missing data
 180   (0.470) 0.385 0.635 0.620 
 184   (0.189) 0.246 0.125 0.193 
 196   (0.111) 0.141 0.041 0.132 
 198   (0.059) 0.005 0.066 0.020 
 194   (0.026) 0.001 0.003 0.023 
 192   (0.114) 0.199 0.123 0.011 
 190   (0.032) 0.022 0.007 0.001 

Locus 35 : 35 
7 alleles
0.0% missing data
 106   (0.321) 0.339 0.466 0.123 
 110   (0.240) 0.272 0.153 0.349 
 112   (0.202) 0.284 0.079 0.510 
 108   (0.113) 0.075 0.158 0.013 
  90   (0.063) 0.024 0.088 0.002 
  96   (0.028) 0.001 0.029 0.001 
  94   (0.033) 0.005 0.027 0.001 

Locus 36 : 36 
8 alleles
0.0% missing data
 172   (0.262) 0.156 0.242 0.529 
 166   (0.069) 0.030 0.012 0.225 
 176   (0.095) 0.214 0.019 0.089 
 170   (0.338) 0.428 0.496 0.112 
 174   (0.086) 0.109 0.035 0.032 
 178   (0.046) 0.028 0.012 0.009 
 168   (0.081) 0.032 0.177 0.004 
 186   (0.023) 0.002 0.008 0.001 

Locus 37 : 37 
6 alleles
0.0% missing data
  89   (0.519) 0.561 0.531 0.763 
  85   (0.212) 0.146 0.254 0.148 
  95   (0.079) 0.086 0.019 0.068 
  83   (0.106) 0.103 0.097 0.018 
  81   (0.051) 0.104 0.017 0.002 
  91   (0.034) 0.001 0.083 0.001 

Locus 38 : 38 
8 alleles
0.0% missing data
 173   (0.287) 0.405 0.409 0.116 
 161   (0.321) 0.339 0.326 0.475 
 165   (0.174) 0.216 0.112 0.211 
 169   (0.074) 0.017 0.031 0.169 
 159   (0.022) 0.001 0.003 0.005 
 167   (0.048) 0.012 0.023 0.013 
 168   (0.048) 0.002 0.091 0.009 
 175   (0.026) 0.007 0.005 0.001 

Locus 39 : 39 
7 alleles
0.0% missing data
  85   (0.209) 0.254 0.252 0.073 
  89   (0.219) 0.315 0.101 0.583 
  87   (0.195) 0.057 0.345 0.206 
  91   (0.186) 0.237 0.200 0.063 
  81   (0.121) 0.119 0.093 0.036 
  95   (0.025) 0.001 0.003 0.011 
  93   (0.046) 0.017 0.006 0.029 

Locus 40 : 40 
4 alleles
0.0% missing data
 167   (0.756) 0.913 0.768 0.887 
 161   (0.170) 0.075 0.206 0.099 
 165   (0.051) 0.011 0.024 0.009 
 155   (0.023) 0.001 0.003 0.006 

Locus 41 : 41 
7 alleles
0.4% missing data
 228   (0.365) 0.334 0.332 0.600 
 238   (0.237) 0.431 0.127 0.269 
 236   (0.181) 0.073 0.318 0.081 
 224   (0.063) 0.086 0.009 0.036 
 240   (0.101) 0.074 0.174 0.007 
 246   (0.023) 0.001 0.003 0.006 
 242   (0.031) 0.002 0.038 0.001 

Locus 42 : 42 
9 alleles
0.4% missing data
 130   (0.356) 0.499 0.346 0.486 
 114   (0.156) 0.126 0.168 0.095 
 132   (0.167) 0.135 0.146 0.200 
 128   (0.080) 0.065 0.020 0.174 
 134   (0.104) 0.148 0.157 0.007 
 122   (0.026) 0.001 0.003 0.033 
 118   (0.068) 0.018 0.153 0.004 
 120   (0.022) 0.004 0.003 0.001 
 119   (0.022) 0.004 0.004 0.001 

Locus 43 : 43 
8 alleles
0.0% missing data
  96   (0.089) 0.045 0.058 0.059 
  98   (0.157) 0.109 0.178 0.158 
 102   (0.291) 0.339 0.335 0.451 
  92   (0.134) 0.106 0.127 0.104 
 104   (0.251) 0.382 0.279 0.224 
 106   (0.021) 0.001 0.008 0.002 
  94   (0.024) 0.008 0.003 0.001 
 100   (0.033) 0.008 0.013 0.001 

Locus 44 : 44 
6 alleles
0.0% missing data
 101   (0.245) 0.433 0.121 0.346 
 103   (0.302) 0.298 0.337 0.208 
  95   (0.283) 0.205 0.262 0.431 
  99   (0.099) 0.057 0.158 0.008 
  97   (0.049) 0.005 0.119 0.002 
 105   (0.023) 0.001 0.003 0.006 

Locus 45 : 45 
8 alleles
0.0% missing data
 181   (0.581) 0.547 0.715 0.708 
 191   (0.202) 0.416 0.104 0.171 
 177   (0.063) 0.019 0.014 0.113 
 189   (0.031) 0.002 0.027 0.002 
 187   (0.023) 0.004 0.003 0.001 
 179   (0.046) 0.004 0.112 0.002 
 183   (0.029) 0.006 0.007 0.002 
 193   (0.026) 0.002 0.019 0.001 

Locus 46 : 46 
6 alleles
0.0% missing data
 205   (0.350) 0.488 0.352 0.423 
 215   (0.110) 0.097 0.058 0.087 
 201   (0.113) 0.036 0.125 0.089 
 207   (0.200) 0.112 0.301 0.157 
 211   (0.205) 0.264 0.158 0.242 
 202   (0.022) 0.003 0.006 0.001 

Locus 47 : 47 
9 alleles
0.0% missing data
 166   (0.176) 0.121 0.192 0.263 
 168   (0.160) 0.118 0.152 0.225 
 158   (0.186) 0.210 0.202 0.142 
 142   (0.221) 0.369 0.210 0.178 
 144   (0.037) 0.003 0.009 0.177 
 170   (0.040) 0.004 0.033 0.007 
 164   (0.052) 0.051 0.034 0.002 
 162   (0.078) 0.113 0.109 0.003 
 156   (0.049) 0.011 0.058 0.003 

Locus 48 : 48 
6 alleles
0.0% missing data
 145   (0.331) 0.292 0.427 0.255 
 149   (0.256) 0.217 0.385 0.098 
 151   (0.183) 0.329 0.091 0.158 
 153   (0.164) 0.155 0.066 0.477 
 147   (0.035) 0.002 0.011 0.012 
 143   (0.031) 0.005 0.019 0.002 

Values of parameters used in structure:
DATAFILE=temp1_np.str,	OUTFILE=k3/temp1_np_k3_run1,	NUMINDS=267,	NUMLOCI=48,	MISSING=-9,	LABEL=1,	POPDATA=1,	POPFLAG=0,	PHENOTYPE=0,	EXTRACOLS=0,	MAXPOPS=3,	BURNIN=500000,	NUMREPS=750000,	USEPOPINFO=0,	INFERALPHA=1,	INFERLAMBDA=0,	POPSPECIFICLAMBDA=0,	POPALPHAS=0,	COMPUTEPROB=1,	NOADMIX=0,	ADMBURNIN=500,	UPDATEFREQ=100,	PRINTLIKES=0,	INTERMEDSAVE=0,	PRINTKLD=0,	PRINTNET=1,	PRINTLAMBDA=1,	ANCESTDIST=0,	NUMBOXES=1000,	ANCESTPINT=0.90000,	GENSBACK=2,	MIGRPRIOR=0.01000,	PRINTQHAT=0,	PRINTQSUM=1,	ALPHA=1.0000,	FREQSCORR=1,	FPRIORMEAN=0.0100,	FPRIORSD=0.0500,	ONEFST=0,	LAMBDA=1.0000,	UNIFPRIORALPHA=1,	ALPHAMAX=10.0000,	ALPHAPRIORA=1.0000,	ALPHAPRIORB=2.0000,	ALPHAPROPSD=0.0250,	STARTATPOPINFO=0,	RANDOMIZE=0,	LINKAGE=0,	METROFREQ=10,	REPORTHITRATE=0,	MARKOVPHASE=0,	PHASED=1,	PLOIDY=2,	PHASEINFO=0	LOCPRIOR=0, 	LOCPRIORINIT=1.000000, 	LOCDATA=0, 	LOCISPOP=1, 	LOCPRIORSTEP=0.100000, 	MAXLOCPRIOR=20.000000, 	SEED=933273,	
[STRAT parameters]:    NUMSIMSTATS=1000,	PHENOTYPECOL=-9,	POOLFREQ=10,	LOCUSxONLY=0,	EMERROR=0.00100,	MISSINGPHENO=-9,	