

----------------------------------------------------
STRUCTURE by Pritchard, Stephens and Donnelly (2000)
     and Falush, Stephens and Pritchard (2003)
       Code by Pritchard, Falush and Hubisz
             Version 2.3.4 (Jul 2012)
----------------------------------------------------



Command line arguments:   structure -D 796511 -K 7 -m mainparams -o k7/temp1_np_k7_run2 
Input File:    temp1_np.str

Run parameters:
   272 individuals
   48 loci
   7 populations assumed
   500000 Burn-in period
   750000 Reps
RANDOMIZE turned off


--------------------------------------------
Proportion of membership of each pre-defined
 population in each of the 7 clusters

Given    Inferred Clusters                                   Number of
 Pop       1      2      3      4      5      6      7      Individuals

  1:     0.898  0.021  0.003  0.028  0.019  0.021  0.010       39
  2:     0.946  0.010  0.003  0.012  0.008  0.016  0.005       33
  3:     0.009  0.025  0.005  0.024  0.023  0.906  0.007       79
  4:     0.010  0.024  0.003  0.018  0.022  0.005  0.918       19
  5:     0.004  0.006  0.966  0.004  0.005  0.003  0.011       10
  6:     0.012  0.375  0.028  0.197  0.344  0.032  0.012       10
  7:     0.047  0.407  0.014  0.119  0.317  0.066  0.031       23
  8:     0.016  0.271  0.009  0.166  0.428  0.089  0.020       11
  9:     0.058  0.171  0.005  0.499  0.249  0.011  0.007       18
 10:     0.044  0.424  0.032  0.065  0.374  0.052  0.010       25
 11:     0.058  0.271  0.002  0.377  0.259  0.012  0.020        5
--------------------------------------------

Allele-freq. divergence among pops (Net nucleotide distance),
computed using point estimates of P.

      1       2       3       4       5       6       7      
 1      -    0.0283  0.1373  0.0337  0.0285  0.0431  0.0739  
 2   0.0283     -    0.1020  0.0105  0.0007  0.0181  0.0537  
 3   0.1373  0.1020     -    0.1234  0.1035  0.1151  0.1313  
 4   0.0337  0.0105  0.1234     -    0.0098  0.0275  0.0620  
 5   0.0285  0.0007  0.1035  0.0098     -    0.0180  0.0559  
 6   0.0431  0.0181  0.1151  0.0275  0.0180     -    0.0692  
 7   0.0739  0.0537  0.1313  0.0620  0.0559  0.0692     -    

Average distances (expected heterozygosity) between individuals in same cluster:
cluster  1  : 0.5594 
cluster  2  : 0.6438 
cluster  3  : 0.5471 
cluster  4  : 0.6036 
cluster  5  : 0.6397 
cluster  6  : 0.5985 
cluster  7  : 0.5537 

--------------------------------------------
Estimated Ln Prob of Data   = -30635.3
Mean value of ln likelihood = -29448.0
Variance of ln likelihood   = 2374.6
Mean value of alpha         = 0.0339

Mean value of Fst_1         = 0.1136
Mean value of Fst_2         = 0.0179
Mean value of Fst_3         = 0.2964
Mean value of Fst_4         = 0.0732
Mean value of Fst_5         = 0.0232
Mean value of Fst_6         = 0.0919
Mean value of Fst_7         = 0.2029


Inferred ancestry of individuals:
        Label (%Miss) Pop:  Inferred clusters
  1     2229    (0)    1 :  0.963 0.005 0.010 0.007 0.005 0.004 0.006 
  2     2230    (0)    1 :  0.957 0.009 0.001 0.008 0.010 0.012 0.003 
  3     2235    (0)    1 :  0.864 0.061 0.009 0.007 0.033 0.011 0.015 
  4     2236    (0)    1 :  0.662 0.064 0.005 0.144 0.069 0.012 0.044 
  5     2237    (0)    1 :  0.742 0.015 0.003 0.190 0.020 0.016 0.015 
  6     2238    (0)    1 :  0.947 0.004 0.002 0.009 0.005 0.004 0.029 
  7     2239    (0)    1 :  0.968 0.008 0.001 0.006 0.007 0.007 0.004 
  8     2240    (0)    1 :  0.947 0.012 0.006 0.006 0.014 0.008 0.007 
  9     2241    (0)    1 :  0.895 0.033 0.017 0.008 0.032 0.009 0.006 
 10     2242    (0)    1 :  0.888 0.031 0.003 0.027 0.027 0.017 0.006 
 11     2243    (0)    1 :  0.904 0.011 0.002 0.031 0.011 0.035 0.007 
 12     2244    (0)    1 :  0.939 0.008 0.002 0.020 0.010 0.020 0.002 
 13     2245    (0)    1 :  0.957 0.004 0.002 0.003 0.004 0.024 0.004 
 14     2246    (0)    1 :  0.941 0.009 0.002 0.008 0.010 0.022 0.008 
 15     2247    (0)    1 :  0.949 0.010 0.001 0.013 0.011 0.010 0.006 
 16     2248    (0)    1 :  0.969 0.005 0.005 0.004 0.005 0.005 0.007 
 17     2249    (0)    1 :  0.854 0.058 0.002 0.016 0.042 0.023 0.006 
 18     2250    (0)    1 :  0.987 0.002 0.001 0.003 0.002 0.002 0.002 
 19     2251    (0)    1 :  0.853 0.016 0.005 0.013 0.016 0.011 0.085 
 20     2252    (0)    1 :  0.975 0.005 0.002 0.004 0.005 0.006 0.003 
 21     2253    (0)    1 :  0.824 0.076 0.001 0.025 0.050 0.021 0.003 
 22     2254    (0)    1 :  0.934 0.014 0.003 0.009 0.018 0.020 0.002 
 23     2255    (0)    1 :  0.949 0.012 0.003 0.007 0.010 0.015 0.004 
 24     2256    (0)    1 :  0.346 0.163 0.002 0.318 0.131 0.037 0.003 
 25     2257    (0)    1 :  0.921 0.009 0.003 0.006 0.011 0.013 0.037 
 26     2258    (0)    1 :  0.698 0.044 0.004 0.012 0.039 0.200 0.003 
 27     2259    (0)    1 :  0.979 0.003 0.002 0.006 0.003 0.003 0.004 
 28     2260    (0)    1 :  0.910 0.019 0.003 0.032 0.017 0.015 0.004 
 29     2261    (0)    1 :  0.982 0.003 0.003 0.003 0.003 0.003 0.003 
 30     2262    (0)    1 :  0.956 0.004 0.002 0.012 0.005 0.004 0.016 
 31     2263    (0)    1 :  0.966 0.005 0.008 0.004 0.004 0.009 0.004 
 32     2264    (0)    1 :  0.964 0.014 0.002 0.006 0.010 0.003 0.002 
 33     2265    (0)    1 :  0.871 0.025 0.002 0.067 0.023 0.008 0.005 
 34     2266    (0)    1 :  0.955 0.008 0.002 0.013 0.007 0.006 0.009 
 35     2267    (0)    1 :  0.973 0.004 0.002 0.005 0.004 0.009 0.003 
 36     2268    (0)    1 :  0.940 0.014 0.003 0.015 0.017 0.004 0.007 
 37     2269    (0)    1 :  0.979 0.005 0.001 0.004 0.004 0.002 0.004 
 38     2270    (0)    1 :  0.968 0.006 0.001 0.006 0.005 0.008 0.006 
 39     2271    (0)    1 :  0.740 0.035 0.003 0.007 0.024 0.186 0.004 
 40      934    (0)   10 :  0.020 0.520 0.003 0.024 0.397 0.009 0.027 
 41     2434    (0)   10 :  0.009 0.592 0.003 0.064 0.305 0.023 0.005 
 42     2435    (0)   10 :  0.006 0.426 0.192 0.007 0.340 0.011 0.018 
 43     2436    (0)   10 :  0.003 0.196 0.314 0.036 0.270 0.173 0.009 
 44     2437    (0)   10 :  0.003 0.575 0.006 0.013 0.344 0.049 0.010 
 45     2438    (0)   10 :  0.004 0.667 0.001 0.013 0.300 0.005 0.009 
 46     2439    (0)   10 :  0.012 0.322 0.003 0.058 0.588 0.014 0.003 
 47     2440    (0)   10 :  0.010 0.118 0.039 0.175 0.109 0.540 0.010 
 48     2441    (0)   10 :  0.010 0.573 0.049 0.011 0.315 0.015 0.027 
 49     2442    (0)   10 :  0.004 0.642 0.005 0.007 0.329 0.007 0.006 
 50     2443    (0)   10 :  0.007 0.455 0.004 0.036 0.348 0.137 0.012 
 51     2444    (0)   10 :  0.013 0.293 0.003 0.149 0.520 0.018 0.003 
 52     2446    (0)   10 :  0.015 0.271 0.006 0.113 0.579 0.011 0.005 
 53     2447    (0)   10 :  0.015 0.668 0.004 0.009 0.297 0.005 0.002 
 54     2448    (0)   10 :  0.290 0.253 0.003 0.183 0.258 0.008 0.005 
 55     2449    (0)   10 :  0.003 0.244 0.014 0.178 0.543 0.011 0.007 
 56     2450    (0)   10 :  0.003 0.386 0.006 0.110 0.480 0.006 0.010 
 57     2451    (0)   10 :  0.003 0.554 0.013 0.037 0.362 0.022 0.009 
 58     2452    (0)   10 :  0.021 0.257 0.003 0.140 0.545 0.020 0.014 
 59     2453    (0)   10 :  0.011 0.610 0.006 0.010 0.338 0.004 0.021 
 60     2454    (0)   10 :  0.578 0.131 0.008 0.030 0.207 0.036 0.011 
 61     2455    (0)   10 :  0.008 0.350 0.009 0.102 0.411 0.117 0.003 
 62     2456    (0)   10 :  0.025 0.606 0.018 0.011 0.268 0.050 0.022 
 63     2457    (0)   10 :  0.010 0.251 0.040 0.100 0.587 0.008 0.005 
 64     2458    (0)   10 :  0.007 0.629 0.048 0.005 0.300 0.005 0.006 
 65     1074    (0)   11 :  0.065 0.134 0.002 0.533 0.203 0.020 0.044 
 66     1075    (0)   11 :  0.020 0.556 0.002 0.012 0.398 0.003 0.009 
 67     1076    (0)   11 :  0.003 0.007 0.001 0.973 0.008 0.003 0.005 
 68     1077    (0)   11 :  0.152 0.267 0.001 0.142 0.384 0.025 0.029 
 69     1078    (0)   11 :  0.052 0.393 0.006 0.224 0.304 0.010 0.012 
 70      382    (0)    2 :  0.951 0.011 0.003 0.009 0.010 0.014 0.003 
 71      383    (0)    2 :  0.789 0.024 0.012 0.013 0.023 0.137 0.002 
 72      647    (0)    2 :  0.966 0.005 0.002 0.009 0.005 0.011 0.003 
 73      648    (0)    2 :  0.967 0.005 0.002 0.011 0.005 0.008 0.002 
 74      649    (0)    2 :  0.979 0.005 0.002 0.004 0.005 0.003 0.002 
 75      650    (0)    2 :  0.977 0.005 0.002 0.005 0.005 0.005 0.002 
 76      651    (0)    2 :  0.984 0.003 0.001 0.003 0.003 0.003 0.002 
 77      652    (0)    2 :  0.957 0.004 0.001 0.007 0.004 0.024 0.003 
 78      653    (0)    2 :  0.973 0.007 0.002 0.005 0.007 0.004 0.002 
 79      654    (0)    2 :  0.976 0.004 0.006 0.004 0.004 0.004 0.003 
 80      658    (0)    2 :  0.978 0.006 0.001 0.005 0.005 0.002 0.002 
 81      659    (0)    2 :  0.983 0.003 0.002 0.004 0.003 0.004 0.002 
 82      660    (0)    2 :  0.970 0.007 0.001 0.007 0.007 0.003 0.005 
 83      661    (0)    2 :  0.972 0.007 0.001 0.006 0.007 0.003 0.004 
 84      662    (0)    2 :  0.954 0.004 0.022 0.003 0.004 0.004 0.009 
 85      663    (0)    2 :  0.985 0.003 0.002 0.003 0.003 0.003 0.001 
 86      664    (0)    2 :  0.940 0.012 0.001 0.016 0.013 0.012 0.006 
 87      665    (0)    2 :  0.936 0.012 0.002 0.011 0.015 0.021 0.003 
 88      671    (0)    2 :  0.980 0.003 0.001 0.005 0.003 0.006 0.002 
 89      672    (0)    2 :  0.976 0.005 0.002 0.006 0.005 0.004 0.002 
 90      673    (0)    2 :  0.984 0.003 0.002 0.003 0.003 0.002 0.002 
 91      674    (0)    2 :  0.869 0.027 0.005 0.008 0.022 0.044 0.026 
 92      675    (0)    2 :  0.942 0.008 0.007 0.005 0.007 0.007 0.023 
 93      676    (0)    2 :  0.976 0.004 0.002 0.005 0.004 0.005 0.003 
 94      677    (0)    2 :  0.984 0.003 0.002 0.002 0.003 0.005 0.002 
 95      678    (0)    2 :  0.982 0.003 0.002 0.005 0.003 0.002 0.003 
 96      679    (0)    2 :  0.978 0.005 0.005 0.004 0.005 0.002 0.002 
 97      680    (0)    2 :  0.981 0.003 0.003 0.005 0.004 0.003 0.002 
 98      681    (0)    2 :  0.975 0.004 0.004 0.006 0.004 0.004 0.003 
 99      682    (0)    2 :  0.984 0.003 0.002 0.003 0.003 0.004 0.002 
100      683    (0)    2 :  0.905 0.020 0.003 0.030 0.019 0.014 0.008 
101      755    (0)    2 :  0.487 0.100 0.001 0.188 0.059 0.147 0.018 
102     2286    (0)    2 :  0.978 0.003 0.002 0.004 0.003 0.005 0.006 
103      690    (0)    3 :  0.017 0.059 0.001 0.311 0.100 0.503 0.009 
104      691    (0)    3 :  0.003 0.016 0.005 0.013 0.014 0.947 0.003 
105      692    (0)    3 :  0.011 0.005 0.011 0.005 0.005 0.952 0.010 
106      693    (0)    3 :  0.004 0.006 0.002 0.004 0.006 0.976 0.002 
107      694    (0)    3 :  0.009 0.009 0.001 0.258 0.010 0.712 0.002 
108      695    (0)    3 :  0.004 0.015 0.003 0.010 0.018 0.939 0.012 
109      696    (0)    3 :  0.020 0.021 0.002 0.026 0.021 0.854 0.056 
110      697    (0)    3 :  0.012 0.006 0.001 0.014 0.007 0.957 0.004 
111      698    (0)    3 :  0.004 0.005 0.002 0.006 0.006 0.975 0.002 
112      699    (0)    3 :  0.012 0.004 0.005 0.005 0.004 0.960 0.009 
113      700    (0)    3 :  0.027 0.073 0.001 0.285 0.085 0.448 0.081 
114      701    (0)    3 :  0.005 0.021 0.013 0.012 0.026 0.916 0.006 
115      703    (0)    3 :  0.003 0.015 0.006 0.011 0.021 0.937 0.007 
116      704    (0)    3 :  0.008 0.014 0.003 0.015 0.011 0.938 0.012 
117      705    (0)    3 :  0.009 0.053 0.002 0.012 0.032 0.874 0.017 
118      706    (0)    3 :  0.008 0.012 0.004 0.008 0.011 0.954 0.004 
119      707    (0)    3 :  0.014 0.004 0.002 0.003 0.004 0.969 0.004 
120      708    (0)    3 :  0.022 0.006 0.005 0.007 0.006 0.944 0.010 
121      709    (0)    3 :  0.008 0.015 0.002 0.020 0.015 0.932 0.007 
122      710    (0)    3 :  0.005 0.013 0.030 0.011 0.014 0.924 0.003 
123      711    (0)    3 :  0.010 0.041 0.002 0.015 0.040 0.888 0.003 
124     2287    (0)    3 :  0.010 0.010 0.002 0.016 0.009 0.947 0.006 
125     2288    (0)    3 :  0.007 0.015 0.018 0.011 0.013 0.930 0.007 
126     2289    (0)    3 :  0.003 0.007 0.005 0.007 0.007 0.965 0.006 
127     2290    (0)    3 :  0.007 0.011 0.002 0.026 0.011 0.933 0.009 
128     2291    (0)    3 :  0.009 0.011 0.002 0.007 0.015 0.955 0.002 
129     2292    (0)    3 :  0.007 0.003 0.001 0.003 0.003 0.981 0.003 
130     2293    (0)    3 :  0.005 0.021 0.004 0.012 0.026 0.928 0.005 
131     2294    (0)    3 :  0.003 0.067 0.006 0.021 0.048 0.846 0.010 
132     2295    (0)    3 :  0.067 0.051 0.002 0.052 0.059 0.755 0.014 
133     2296    (0)    3 :  0.003 0.004 0.002 0.004 0.004 0.981 0.003 
134     2297    (0)    3 :  0.007 0.019 0.002 0.012 0.015 0.944 0.002 
135     2298    (0)    3 :  0.003 0.010 0.003 0.005 0.009 0.967 0.003 
136     2299    (0)    3 :  0.004 0.010 0.002 0.006 0.009 0.959 0.010 
137     2300    (0)    3 :  0.003 0.005 0.006 0.004 0.005 0.975 0.003 
138     2301    (0)    3 :  0.010 0.003 0.001 0.004 0.004 0.976 0.002 
139     2302    (0)    3 :  0.004 0.003 0.002 0.004 0.004 0.979 0.003 
140     2303    (0)    3 :  0.003 0.011 0.001 0.012 0.012 0.958 0.002 
141     2304    (0)    3 :  0.030 0.010 0.004 0.026 0.011 0.916 0.003 
142     2305    (0)    3 :  0.008 0.007 0.001 0.006 0.007 0.948 0.023 
143     2306    (0)    3 :  0.014 0.015 0.003 0.008 0.013 0.943 0.004 
144     2307    (0)    3 :  0.021 0.023 0.003 0.019 0.036 0.886 0.012 
145     2308    (0)    3 :  0.001 0.561 0.119 0.006 0.303 0.006 0.003 
146     2309    (0)    3 :  0.007 0.007 0.004 0.010 0.008 0.963 0.003 
147     2310    (0)    3 :  0.013 0.006 0.001 0.021 0.006 0.950 0.003 
148     2311    (0)    3 :  0.004 0.004 0.003 0.002 0.004 0.979 0.004 
149     2312    (0)    3 :  0.005 0.003 0.002 0.005 0.004 0.980 0.002 
150     2313    (0)    3 :  0.010 0.010 0.002 0.016 0.010 0.946 0.005 
151     2314    (0)    3 :  0.010 0.010 0.001 0.170 0.010 0.795 0.003 
152     2315    (0)    3 :  0.005 0.007 0.002 0.006 0.006 0.965 0.008 
153     2316    (0)    3 :  0.008 0.021 0.003 0.015 0.020 0.924 0.009 
154     2317    (0)    3 :  0.005 0.006 0.003 0.004 0.007 0.971 0.004 
155     2318    (0)    3 :  0.004 0.006 0.002 0.007 0.006 0.967 0.008 
156     2319    (0)    3 :  0.003 0.004 0.004 0.003 0.005 0.980 0.002 
157     2320    (0)    3 :  0.003 0.004 0.004 0.003 0.004 0.963 0.018 
158     2321    (0)    3 :  0.016 0.018 0.005 0.042 0.017 0.891 0.012 
159     2322    (0)    3 :  0.009 0.045 0.006 0.019 0.069 0.843 0.010 
160     2323    (0)    3 :  0.003 0.010 0.012 0.011 0.009 0.947 0.007 
161     2324    (0)    3 :  0.003 0.005 0.003 0.008 0.005 0.974 0.003 
162     2325    (0)    3 :  0.006 0.004 0.003 0.004 0.004 0.977 0.002 
163     2326    (0)    3 :  0.011 0.242 0.001 0.028 0.336 0.374 0.007 
164     2327    (0)    3 :  0.022 0.020 0.002 0.016 0.024 0.904 0.012 
165     2328    (0)    3 :  0.008 0.098 0.002 0.044 0.054 0.786 0.008 
166     2329    (0)    3 :  0.011 0.005 0.001 0.005 0.006 0.968 0.004 
167     2330    (0)    3 :  0.008 0.005 0.001 0.007 0.005 0.971 0.003 
168     2331    (0)    3 :  0.006 0.007 0.013 0.006 0.007 0.957 0.004 
169     2332    (0)    3 :  0.013 0.007 0.001 0.015 0.009 0.953 0.002 
170     2333    (0)    3 :  0.003 0.023 0.007 0.030 0.044 0.888 0.005 
171     2334    (0)    3 :  0.003 0.005 0.002 0.005 0.006 0.976 0.003 
172     2335    (0)    3 :  0.003 0.003 0.003 0.003 0.003 0.979 0.006 
173     2336    (0)    3 :  0.006 0.003 0.001 0.003 0.003 0.980 0.003 
174     2337    (0)    3 :  0.004 0.003 0.003 0.003 0.004 0.982 0.002 
175     2338    (0)    3 :  0.004 0.003 0.002 0.004 0.003 0.976 0.006 
176     2339    (0)    3 :  0.004 0.022 0.003 0.018 0.032 0.920 0.002 
177     2340    (0)    3 :  0.005 0.004 0.001 0.003 0.004 0.980 0.003 
178     2341    (0)    3 :  0.013 0.007 0.005 0.006 0.007 0.957 0.005 
179     2342    (2)    3 :  0.006 0.010 0.003 0.018 0.011 0.949 0.004 
180     2343    (0)    3 :  0.012 0.011 0.005 0.011 0.013 0.947 0.002 
181     2344    (0)    3 :  0.005 0.006 0.003 0.013 0.006 0.966 0.002 
182      195    (0)    4 :  0.012 0.007 0.001 0.004 0.007 0.005 0.964 
183      364    (0)    4 :  0.003 0.002 0.001 0.002 0.002 0.002 0.987 
184      756    (0)    4 :  0.004 0.012 0.004 0.009 0.011 0.006 0.954 
185      757    (0)    4 :  0.071 0.041 0.002 0.100 0.069 0.015 0.701 
186      758    (0)    4 :  0.007 0.007 0.002 0.006 0.006 0.004 0.968 
187      759    (0)    4 :  0.022 0.026 0.003 0.028 0.024 0.010 0.886 
188      760    (0)    4 :  0.003 0.088 0.002 0.053 0.099 0.003 0.752 
189      766    (0)    4 :  0.003 0.002 0.002 0.005 0.003 0.005 0.980 
190      767    (0)    4 :  0.005 0.006 0.006 0.004 0.005 0.008 0.966 
191      768    (0)    4 :  0.007 0.015 0.003 0.034 0.013 0.011 0.917 
192      769    (0)    4 :  0.004 0.016 0.017 0.068 0.017 0.004 0.874 
193      770    (0)    4 :  0.007 0.007 0.004 0.005 0.006 0.010 0.960 
194      771    (0)    4 :  0.002 0.002 0.002 0.002 0.002 0.002 0.987 
195      772    (0)    4 :  0.019 0.209 0.002 0.019 0.134 0.005 0.613 
196      773    (0)    4 :  0.002 0.002 0.001 0.002 0.002 0.002 0.990 
197      774    (0)    4 :  0.002 0.002 0.001 0.002 0.002 0.002 0.990 
198      775    (0)    4 :  0.002 0.002 0.001 0.002 0.002 0.002 0.989 
199      776    (0)    4 :  0.002 0.002 0.001 0.003 0.002 0.002 0.986 
200      777    (0)    4 :  0.006 0.003 0.002 0.003 0.003 0.004 0.978 
201      857    (0)    5 :  0.003 0.006 0.972 0.005 0.005 0.004 0.006 
202      858    (0)    5 :  0.001 0.001 0.990 0.001 0.001 0.002 0.003 
203      859    (0)    5 :  0.001 0.002 0.989 0.002 0.002 0.002 0.002 
204      860    (0)    5 :  0.002 0.006 0.949 0.008 0.006 0.003 0.026 
205      861    (0)    5 :  0.001 0.001 0.991 0.001 0.002 0.002 0.002 
206      862    (0)    5 :  0.017 0.008 0.928 0.009 0.009 0.005 0.025 
207      863    (0)    5 :  0.002 0.002 0.988 0.002 0.002 0.002 0.002 
208      864    (0)    5 :  0.002 0.002 0.991 0.001 0.002 0.002 0.001 
209      865    (0)    5 :  0.004 0.023 0.943 0.005 0.019 0.005 0.002 
210      866    (0)    5 :  0.005 0.008 0.922 0.008 0.007 0.009 0.041 
211     2355    (0)    6 :  0.006 0.387 0.004 0.053 0.396 0.130 0.025 
212     2356    (0)    6 :  0.003 0.451 0.003 0.032 0.446 0.014 0.051 
213     2357    (0)    6 :  0.033 0.044 0.001 0.782 0.075 0.060 0.005 
214     2358    (0)    6 :  0.004 0.646 0.008 0.010 0.319 0.005 0.007 
215     2359    (0)    6 :  0.010 0.513 0.002 0.057 0.354 0.061 0.003 
216     2360    (0)    6 :  0.005 0.204 0.006 0.384 0.387 0.006 0.007 
217     2361    (2)    6 :  0.011 0.605 0.001 0.011 0.350 0.008 0.015 
218     2362    (0)    6 :  0.008 0.240 0.002 0.543 0.198 0.006 0.003 
219     2363    (0)    6 :  0.007 0.229 0.240 0.079 0.434 0.007 0.005 
220     2364    (0)    6 :  0.031 0.431 0.009 0.016 0.484 0.025 0.003 
221     2369    (0)    7 :  0.237 0.351 0.002 0.135 0.234 0.029 0.013 
222     2370    (0)    7 :  0.012 0.256 0.001 0.525 0.198 0.005 0.003 
223     2372    (0)    7 :  0.008 0.278 0.004 0.216 0.274 0.219 0.003 
224     2373    (0)    7 :  0.007 0.317 0.007 0.075 0.170 0.006 0.418 
225     2374    (0)    7 :  0.006 0.234 0.006 0.140 0.605 0.005 0.003 
226     2375    (0)    7 :  0.007 0.281 0.005 0.235 0.430 0.026 0.016 
227     2376    (0)    7 :  0.031 0.149 0.028 0.074 0.115 0.599 0.004 
228     2377    (0)    7 :  0.112 0.319 0.002 0.068 0.486 0.008 0.005 
229     2378    (0)    7 :  0.012 0.553 0.001 0.051 0.367 0.011 0.004 
230     2379    (0)    7 :  0.008 0.644 0.034 0.006 0.280 0.024 0.003 
231     2380    (0)    7 :  0.008 0.254 0.002 0.107 0.345 0.281 0.003 
232     2381    (0)    7 :  0.043 0.542 0.002 0.099 0.276 0.019 0.018 
233     2382    (0)    7 :  0.002 0.378 0.002 0.207 0.385 0.014 0.012 
234     2383    (0)    7 :  0.082 0.220 0.003 0.452 0.222 0.016 0.006 
235     2384    (0)    7 :  0.015 0.490 0.002 0.090 0.385 0.013 0.006 
236     2385    (0)    7 :  0.006 0.620 0.001 0.020 0.332 0.016 0.004 
237     2386    (0)    7 :  0.049 0.435 0.002 0.037 0.465 0.008 0.004 
238     2387    (0)    7 :  0.014 0.590 0.004 0.070 0.284 0.031 0.007 
239     2388    (0)    7 :  0.003 0.626 0.003 0.010 0.297 0.008 0.054 
240     2389    (2)    7 :  0.005 0.389 0.167 0.020 0.288 0.031 0.099 
241     2390    (0)    7 :  0.006 0.632 0.009 0.005 0.295 0.045 0.008 
242     2391    (0)    7 :  0.157 0.484 0.019 0.031 0.230 0.073 0.005 
243     2392    (0)    7 :  0.258 0.311 0.008 0.063 0.336 0.022 0.003 
244     2459    (0)    8 :  0.007 0.320 0.004 0.075 0.470 0.121 0.003 
245     2460    (0)    8 :  0.061 0.494 0.006 0.017 0.412 0.009 0.003 
246     2461    (0)    8 :  0.003 0.239 0.004 0.189 0.515 0.047 0.003 
247     2462    (4)    8 :  0.030 0.374 0.001 0.054 0.470 0.068 0.003 
248     2463    (0)    8 :  0.012 0.271 0.004 0.202 0.468 0.029 0.015 
249     2464    (2)    8 :  0.012 0.241 0.018 0.132 0.582 0.008 0.008 
250     2465    (0)    8 :  0.013 0.110 0.004 0.734 0.094 0.042 0.003 
251     2466    (2)    8 :  0.010 0.252 0.006 0.074 0.576 0.078 0.003 
252     2467    (0)    8 :  0.015 0.172 0.053 0.030 0.113 0.444 0.174 
253     2468    (0)    8 :  0.007 0.263 0.002 0.171 0.437 0.113 0.007 
254     2469    (0)    8 :  0.011 0.249 0.002 0.151 0.567 0.017 0.003 
255     1011    (0)    9 :  0.042 0.378 0.007 0.017 0.546 0.007 0.002 
256     1012    (4)    9 :  0.014 0.007 0.002 0.960 0.008 0.005 0.005 
257     1013    (4)    9 :  0.004 0.008 0.002 0.963 0.011 0.004 0.007 
258     1015    (2)    9 :  0.014 0.242 0.006 0.175 0.531 0.020 0.013 
259     1016    (4)    9 :  0.015 0.232 0.002 0.186 0.537 0.013 0.015 
260     2398    (0)    9 :  0.005 0.011 0.001 0.957 0.011 0.009 0.005 
261     2399    (0)    9 :  0.009 0.328 0.002 0.094 0.561 0.003 0.003 
262     2400    (0)    9 :  0.017 0.015 0.001 0.944 0.015 0.005 0.003 
263     2401    (0)    9 :  0.024 0.183 0.002 0.418 0.339 0.028 0.006 
264     2402    (0)    9 :  0.148 0.257 0.002 0.098 0.468 0.014 0.012 
265     2403    (0)    9 :  0.003 0.005 0.010 0.964 0.005 0.009 0.004 
266     2404    (0)    9 :  0.008 0.007 0.002 0.963 0.009 0.008 0.003 
267     2405    (0)    9 :  0.004 0.619 0.002 0.068 0.286 0.013 0.008 
268     2406    (0)    9 :  0.151 0.243 0.002 0.129 0.462 0.008 0.005 
269     2407    (0)    9 :  0.463 0.234 0.002 0.058 0.197 0.028 0.019 
270     2408    (0)    9 :  0.068 0.299 0.050 0.090 0.480 0.008 0.005 
271     2409    (0)    9 :  0.023 0.008 0.001 0.946 0.008 0.008 0.006 
272     2410    (0)    9 :  0.023 0.008 0.001 0.949 0.009 0.005 0.004 


Estimated Allele Frequencies in each cluster
First column gives estimated ancestral frequencies


Locus 1 : 1 
4 alleles
0.0% missing data
  89   (0.487) 0.641 0.483 0.097 0.605 0.487 0.424 0.620 
  91   (0.356) 0.255 0.358 0.555 0.220 0.362 0.533 0.334 
  93   (0.135) 0.103 0.136 0.050 0.168 0.136 0.041 0.044 
  99   (0.023) 0.001 0.023 0.297 0.006 0.015 0.001 0.002 

Locus 2 : 2 
6 alleles
0.0% missing data
 138   (0.239) 0.298 0.233 0.885 0.242 0.241 0.114 0.127 
 136   (0.381) 0.506 0.377 0.068 0.294 0.369 0.508 0.534 
 140   (0.071) 0.084 0.086 0.008 0.032 0.096 0.008 0.007 
 134   (0.258) 0.110 0.249 0.031 0.415 0.247 0.293 0.326 
 142   (0.029) 0.002 0.023 0.004 0.010 0.022 0.075 0.003 
 132   (0.023) 0.001 0.031 0.003 0.007 0.025 0.001 0.003 

Locus 3 : 3 
6 alleles
0.0% missing data
 179   (0.282) 0.290 0.285 0.030 0.367 0.313 0.471 0.030 
 187   (0.332) 0.497 0.331 0.779 0.258 0.323 0.175 0.478 
 181   (0.188) 0.123 0.174 0.164 0.188 0.158 0.297 0.067 
 191   (0.045) 0.081 0.029 0.005 0.069 0.034 0.003 0.217 
 185   (0.091) 0.005 0.112 0.015 0.038 0.116 0.022 0.198 
 175   (0.063) 0.003 0.070 0.007 0.080 0.055 0.032 0.010 

Locus 4 : 4 
12 alleles
0.0% missing data
 253   (0.418) 0.641 0.398 0.390 0.539 0.414 0.618 0.412 
 269   (0.203) 0.110 0.202 0.336 0.295 0.195 0.192 0.086 
 271   (0.049) 0.015 0.054 0.012 0.021 0.066 0.009 0.005 
 241   (0.165) 0.052 0.187 0.074 0.087 0.178 0.171 0.120 
 249   (0.033) 0.163 0.026 0.090 0.009 0.023 0.002 0.003 
 247   (0.059) 0.003 0.079 0.006 0.029 0.078 0.004 0.364 
 273   (0.014) 0.001 0.013 0.003 0.004 0.013 0.001 0.002 
 245   (0.011) 0.001 0.009 0.001 0.003 0.007 0.001 0.001 
 267   (0.011) 0.007 0.005 0.001 0.003 0.005 0.001 0.001 
 235   (0.011) 0.007 0.006 0.001 0.003 0.005 0.001 0.001 
 239   (0.016) 0.001 0.011 0.084 0.005 0.008 0.001 0.005 
 265   (0.011) 0.001 0.009 0.001 0.003 0.008 0.001 0.001 

Locus 5 : 5 
5 alleles
1.1% missing data
 103   (0.885) 0.941 0.898 0.987 0.960 0.908 0.852 0.892 
 104   (0.032) 0.048 0.023 0.003 0.010 0.021 0.020 0.003 
 105   (0.052) 0.003 0.056 0.007 0.021 0.054 0.127 0.005 
 107   (0.011) 0.007 0.006 0.001 0.003 0.005 0.001 0.001 
 102   (0.020) 0.001 0.018 0.002 0.006 0.013 0.001 0.098 

Locus 6 : 6 
6 alleles
0.0% missing data
 135   (0.281) 0.168 0.287 0.805 0.189 0.254 0.222 0.498 
 141   (0.290) 0.573 0.297 0.030 0.233 0.281 0.389 0.141 
 145   (0.341) 0.208 0.340 0.156 0.541 0.404 0.335 0.207 
 147   (0.057) 0.043 0.044 0.006 0.028 0.038 0.051 0.147 
 137   (0.021) 0.001 0.026 0.003 0.006 0.018 0.001 0.007 
 143   (0.011) 0.007 0.006 0.001 0.003 0.005 0.001 0.001 

Locus 7 : 7 
10 alleles
0.4% missing data
  89   (0.076) 0.042 0.089 0.008 0.034 0.092 0.034 0.010 
  91   (0.046) 0.026 0.032 0.300 0.012 0.025 0.037 0.137 
 103   (0.335) 0.311 0.360 0.039 0.368 0.371 0.588 0.330 
  93   (0.222) 0.353 0.226 0.333 0.187 0.216 0.174 0.173 
  97   (0.181) 0.181 0.178 0.179 0.247 0.172 0.080 0.290 
 101   (0.015) 0.006 0.011 0.002 0.005 0.011 0.001 0.002 
  85   (0.047) 0.076 0.040 0.006 0.017 0.046 0.058 0.005 
  99   (0.014) 0.001 0.013 0.001 0.013 0.010 0.001 0.001 
  83   (0.049) 0.003 0.043 0.005 0.114 0.046 0.026 0.052 
 105   (0.015) 0.001 0.009 0.127 0.004 0.011 0.001 0.001 

Locus 8 : 8 
10 alleles
0.0% missing data
 129   (0.568) 0.651 0.606 0.376 0.655 0.611 0.521 0.596 
 141   (0.065) 0.150 0.044 0.007 0.078 0.042 0.094 0.074 
 149   (0.056) 0.133 0.053 0.006 0.055 0.044 0.004 0.049 
 131   (0.015) 0.004 0.008 0.169 0.004 0.007 0.001 0.001 
 143   (0.227) 0.052 0.242 0.359 0.169 0.256 0.371 0.239 
 133   (0.018) 0.001 0.020 0.002 0.007 0.016 0.001 0.002 
 121   (0.010) 0.007 0.005 0.001 0.003 0.005 0.001 0.001 
 145   (0.015) 0.001 0.008 0.002 0.022 0.007 0.006 0.002 
 127   (0.017) 0.001 0.010 0.038 0.005 0.008 0.001 0.036 
 128   (0.010) 0.001 0.005 0.039 0.002 0.005 0.001 0.001 

Locus 9 : 9 
4 alleles
0.0% missing data
 191   (0.363) 0.601 0.346 0.365 0.293 0.340 0.442 0.469 
 195   (0.191) 0.151 0.167 0.144 0.261 0.185 0.351 0.041 
 189   (0.430) 0.242 0.474 0.489 0.442 0.466 0.206 0.489 
 193   (0.016) 0.006 0.012 0.002 0.005 0.010 0.001 0.002 

Locus 10 : 10 
7 alleles
0.0% missing data
 232   (0.222) 0.425 0.218 0.178 0.243 0.196 0.151 0.294 
 238   (0.529) 0.429 0.553 0.329 0.634 0.583 0.606 0.226 
 252   (0.118) 0.120 0.108 0.013 0.062 0.116 0.171 0.171 
 254   (0.064) 0.015 0.050 0.474 0.021 0.045 0.063 0.294 
 250   (0.036) 0.002 0.044 0.004 0.017 0.038 0.008 0.004 
 240   (0.011) 0.007 0.006 0.001 0.003 0.005 0.001 0.001 
 248   (0.021) 0.001 0.022 0.002 0.021 0.018 0.001 0.010 

Locus 11 : 11 
5 alleles
0.0% missing data
  89   (0.212) 0.216 0.190 0.190 0.252 0.199 0.234 0.274 
  87   (0.721) 0.661 0.756 0.803 0.713 0.743 0.762 0.611 
  91   (0.045) 0.122 0.037 0.005 0.028 0.044 0.003 0.101 
  85   (0.011) 0.001 0.010 0.001 0.003 0.007 0.001 0.001 
  83   (0.011) 0.001 0.007 0.001 0.004 0.006 0.001 0.012 

Locus 12 : 12 
13 alleles
0.0% missing data
 147   (0.044) 0.114 0.034 0.004 0.019 0.045 0.127 0.004 
 162   (0.263) 0.184 0.277 0.193 0.189 0.289 0.314 0.271 
 158   (0.201) 0.461 0.198 0.020 0.287 0.167 0.272 0.063 
 160   (0.261) 0.150 0.273 0.482 0.323 0.289 0.079 0.640 
 161   (0.085) 0.066 0.081 0.008 0.070 0.078 0.184 0.008 
 170   (0.040) 0.006 0.052 0.004 0.053 0.046 0.003 0.004 
 143   (0.022) 0.001 0.014 0.280 0.006 0.013 0.016 0.002 
 149   (0.020) 0.001 0.019 0.003 0.015 0.026 0.001 0.002 
 154   (0.017) 0.001 0.020 0.002 0.005 0.017 0.001 0.002 
 164   (0.011) 0.014 0.006 0.001 0.003 0.005 0.001 0.001 
 165   (0.010) 0.001 0.009 0.002 0.003 0.006 0.001 0.001 
 134   (0.011) 0.001 0.008 0.001 0.003 0.008 0.001 0.001 
 159   (0.015) 0.001 0.010 0.001 0.024 0.012 0.001 0.001 

Locus 13 : 13 
4 alleles
0.0% missing data
 113   (0.347) 0.359 0.331 0.460 0.401 0.318 0.372 0.472 
 115   (0.479) 0.478 0.515 0.137 0.380 0.539 0.453 0.480 
 108   (0.163) 0.162 0.144 0.402 0.216 0.136 0.174 0.047 
 110   (0.011) 0.001 0.009 0.001 0.003 0.007 0.001 0.001 

Locus 14 : 14 
10 alleles
0.0% missing data
 229   (0.421) 0.482 0.464 0.078 0.492 0.459 0.318 0.405 
 233   (0.055) 0.106 0.047 0.130 0.021 0.048 0.024 0.006 
 225   (0.144) 0.068 0.157 0.058 0.096 0.154 0.062 0.152 
 227   (0.155) 0.240 0.137 0.309 0.292 0.160 0.143 0.015 
 231   (0.171) 0.096 0.159 0.419 0.066 0.147 0.449 0.417 
 213   (0.011) 0.001 0.010 0.001 0.003 0.007 0.001 0.001 
 221   (0.011) 0.001 0.005 0.001 0.020 0.005 0.001 0.001 
 255   (0.011) 0.006 0.006 0.001 0.004 0.005 0.001 0.001 
 223   (0.010) 0.001 0.009 0.002 0.003 0.006 0.001 0.001 
 203   (0.011) 0.001 0.007 0.001 0.004 0.008 0.001 0.001 

Locus 15 : 15 
5 alleles
0.4% missing data
 143   (0.898) 0.969 0.923 0.723 0.959 0.925 0.918 0.855 
 145   (0.055) 0.029 0.040 0.273 0.028 0.040 0.079 0.006 
 147   (0.025) 0.001 0.022 0.002 0.008 0.023 0.002 0.045 
 157   (0.011) 0.001 0.010 0.001 0.003 0.007 0.001 0.001 
 133   (0.012) 0.001 0.006 0.001 0.003 0.005 0.001 0.092 

Locus 16 : 16 
5 alleles
0.0% missing data
 156   (0.276) 0.268 0.257 0.467 0.276 0.267 0.341 0.376 
 158   (0.500) 0.569 0.524 0.435 0.556 0.529 0.469 0.468 
 154   (0.078) 0.048 0.077 0.083 0.031 0.058 0.058 0.078 
 160   (0.134) 0.115 0.135 0.014 0.132 0.137 0.131 0.077 
 152   (0.011) 0.001 0.008 0.001 0.004 0.009 0.001 0.001 

Locus 17 : 17 
5 alleles
0.0% missing data
  90   (0.685) 0.756 0.685 0.527 0.670 0.681 0.816 0.633 
 102   (0.177) 0.231 0.157 0.019 0.222 0.164 0.165 0.351 
  88   (0.052) 0.007 0.052 0.005 0.051 0.049 0.013 0.008 
 100   (0.075) 0.005 0.095 0.447 0.054 0.099 0.005 0.007 
 104   (0.011) 0.001 0.010 0.001 0.003 0.008 0.001 0.001 

Locus 18 : 18 
8 alleles
0.0% missing data
 142   (0.105) 0.446 0.141 0.011 0.040 0.124 0.007 0.014 
 148   (0.099) 0.052 0.091 0.011 0.083 0.108 0.040 0.228 
 140   (0.270) 0.081 0.274 0.511 0.267 0.297 0.420 0.052 
 127   (0.276) 0.219 0.271 0.031 0.340 0.243 0.380 0.195 
 138   (0.068) 0.040 0.057 0.007 0.160 0.050 0.063 0.007 
 146   (0.111) 0.158 0.100 0.021 0.077 0.101 0.074 0.106 
 150   (0.060) 0.003 0.060 0.008 0.031 0.073 0.015 0.398 
 128   (0.011) 0.001 0.006 0.400 0.003 0.005 0.001 0.001 

Locus 19 : 19 
6 alleles
0.0% missing data
 190   (0.121) 0.323 0.093 0.017 0.134 0.101 0.249 0.104 
 194   (0.575) 0.573 0.593 0.673 0.504 0.576 0.649 0.600 
 188   (0.157) 0.096 0.168 0.018 0.142 0.171 0.051 0.139 
 200   (0.098) 0.005 0.099 0.207 0.206 0.116 0.047 0.011 
 198   (0.011) 0.001 0.009 0.001 0.003 0.007 0.001 0.001 
 202   (0.038) 0.002 0.038 0.085 0.012 0.029 0.002 0.145 

Locus 20 : 20 
6 alleles
0.0% missing data
 244   (0.032) 0.035 0.026 0.005 0.012 0.028 0.007 0.003 
 252   (0.653) 0.745 0.681 0.143 0.744 0.712 0.629 0.572 
 250   (0.083) 0.118 0.074 0.766 0.023 0.060 0.039 0.058 
 254   (0.087) 0.086 0.085 0.011 0.031 0.082 0.079 0.076 
 246   (0.126) 0.015 0.115 0.045 0.186 0.104 0.245 0.289 
 248   (0.019) 0.001 0.019 0.031 0.005 0.014 0.001 0.002 

Locus 21 : 21 
10 alleles
0.0% missing data
 177   (0.198) 0.265 0.201 0.554 0.174 0.168 0.128 0.169 
 167   (0.256) 0.338 0.263 0.074 0.293 0.298 0.221 0.246 
 175   (0.133) 0.051 0.117 0.160 0.124 0.133 0.264 0.074 
 173   (0.286) 0.333 0.302 0.194 0.349 0.307 0.192 0.136 
 165   (0.050) 0.003 0.049 0.009 0.038 0.045 0.176 0.006 
 163   (0.034) 0.002 0.042 0.003 0.010 0.028 0.005 0.346 
 169   (0.011) 0.007 0.005 0.001 0.003 0.005 0.001 0.001 
 171   (0.012) 0.001 0.006 0.001 0.003 0.005 0.012 0.001 
 159   (0.011) 0.001 0.009 0.002 0.003 0.007 0.001 0.001 
 161   (0.011) 0.001 0.005 0.001 0.004 0.005 0.001 0.020 

Locus 22 : 22 
11 alleles
0.4% missing data
 146   (0.210) 0.250 0.213 0.162 0.145 0.240 0.290 0.195 
 154   (0.012) 0.074 0.006 0.001 0.003 0.005 0.001 0.001 
 152   (0.416) 0.560 0.440 0.274 0.517 0.428 0.461 0.418 
 150   (0.048) 0.011 0.037 0.045 0.047 0.031 0.024 0.046 
 166   (0.078) 0.043 0.072 0.158 0.051 0.073 0.102 0.008 
 164   (0.037) 0.003 0.042 0.004 0.027 0.033 0.047 0.004 
 156   (0.020) 0.001 0.015 0.003 0.007 0.016 0.001 0.189 
 162   (0.039) 0.002 0.036 0.007 0.030 0.035 0.011 0.078 
 158   (0.107) 0.055 0.110 0.012 0.109 0.118 0.061 0.057 
 148   (0.021) 0.001 0.022 0.333 0.006 0.015 0.001 0.002 
 142   (0.012) 0.001 0.006 0.001 0.057 0.005 0.001 0.001 

Locus 23 : 23 
6 alleles
0.4% missing data
 144   (0.190) 0.160 0.162 0.680 0.249 0.159 0.168 0.472 
 154   (0.532) 0.530 0.563 0.284 0.456 0.595 0.652 0.270 
 160   (0.109) 0.210 0.091 0.012 0.156 0.088 0.046 0.240 
 158   (0.020) 0.005 0.019 0.004 0.006 0.014 0.001 0.003 
 152   (0.017) 0.056 0.010 0.002 0.005 0.011 0.001 0.002 
 156   (0.133) 0.039 0.154 0.018 0.128 0.133 0.133 0.013 

Locus 24 : 24 
4 alleles
0.4% missing data
  77   (0.104) 0.180 0.100 0.011 0.109 0.091 0.055 0.031 
  81   (0.342) 0.311 0.372 0.378 0.341 0.399 0.283 0.039 
  83   (0.498) 0.492 0.480 0.605 0.484 0.465 0.601 0.925 
  85   (0.056) 0.017 0.048 0.006 0.066 0.045 0.061 0.006 

Locus 25 : 25 
6 alleles
0.4% missing data
 126   (0.038) 0.056 0.037 0.005 0.014 0.039 0.003 0.004 
 132   (0.307) 0.514 0.288 0.213 0.349 0.281 0.278 0.607 
 124   (0.511) 0.402 0.526 0.384 0.556 0.538 0.605 0.353 
 122   (0.114) 0.027 0.131 0.016 0.051 0.123 0.113 0.033 
 136   (0.015) 0.001 0.009 0.002 0.026 0.010 0.001 0.001 
 120   (0.015) 0.001 0.009 0.381 0.004 0.009 0.001 0.001 

Locus 26 : 26 
6 alleles
0.0% missing data
 165   (0.250) 0.174 0.236 0.366 0.349 0.228 0.343 0.062 
 175   (0.259) 0.207 0.261 0.026 0.328 0.244 0.312 0.243 
 183   (0.363) 0.539 0.371 0.189 0.241 0.352 0.313 0.684 
 179   (0.072) 0.077 0.079 0.414 0.037 0.109 0.006 0.007 
 181   (0.045) 0.003 0.044 0.004 0.042 0.056 0.026 0.004 
 185   (0.011) 0.001 0.008 0.001 0.004 0.010 0.001 0.001 

Locus 27 : 27 
4 alleles
0.0% missing data
 138   (0.067) 0.169 0.057 0.009 0.101 0.055 0.014 0.007 
 142   (0.554) 0.717 0.519 0.488 0.673 0.560 0.599 0.726 
 148   (0.246) 0.102 0.272 0.490 0.134 0.234 0.290 0.086 
 150   (0.133) 0.012 0.153 0.013 0.092 0.151 0.097 0.181 

Locus 28 : 28 
5 alleles
0.0% missing data
 262   (0.470) 0.683 0.438 0.811 0.396 0.479 0.607 0.572 
 260   (0.436) 0.294 0.480 0.180 0.515 0.443 0.334 0.254 
 256   (0.063) 0.021 0.056 0.006 0.025 0.055 0.057 0.171 
 264   (0.012) 0.001 0.006 0.001 0.057 0.005 0.001 0.001 
 258   (0.019) 0.001 0.020 0.002 0.007 0.017 0.001 0.002 

Locus 29 : 29 
5 alleles
0.4% missing data
 150   (0.495) 0.725 0.509 0.192 0.522 0.547 0.454 0.251 
 146   (0.234) 0.118 0.246 0.025 0.294 0.201 0.243 0.445 
 148   (0.087) 0.086 0.078 0.009 0.036 0.077 0.083 0.153 
 140   (0.159) 0.068 0.136 0.770 0.142 0.152 0.218 0.148 
 152   (0.025) 0.002 0.031 0.004 0.008 0.024 0.002 0.003 

Locus 30 : 30 
6 alleles
0.0% missing data
 123   (0.111) 0.107 0.103 0.013 0.074 0.129 0.114 0.093 
 129   (0.502) 0.535 0.493 0.330 0.660 0.507 0.439 0.638 
 125   (0.271) 0.352 0.286 0.067 0.154 0.262 0.308 0.258 
 127   (0.068) 0.004 0.068 0.583 0.022 0.063 0.136 0.007 
 121   (0.014) 0.001 0.016 0.001 0.003 0.010 0.001 0.001 
 131   (0.033) 0.002 0.034 0.005 0.086 0.029 0.002 0.003 

Locus 31 : 31 
5 alleles
0.0% missing data
 157   (0.221) 0.192 0.210 0.240 0.237 0.217 0.333 0.063 
 153   (0.054) 0.105 0.048 0.036 0.084 0.069 0.003 0.006 
 155   (0.568) 0.626 0.601 0.653 0.503 0.548 0.449 0.587 
 151   (0.033) 0.003 0.025 0.056 0.012 0.022 0.002 0.331 
 159   (0.124) 0.075 0.117 0.015 0.164 0.144 0.213 0.012 

Locus 32 : 32 
5 alleles
0.0% missing data
  92   (0.266) 0.221 0.265 0.125 0.226 0.257 0.173 0.441 
  91   (0.489) 0.596 0.486 0.747 0.505 0.515 0.620 0.109 
  95   (0.168) 0.090 0.188 0.088 0.228 0.169 0.014 0.442 
  94   (0.067) 0.093 0.055 0.007 0.038 0.054 0.191 0.007 
  90   (0.011) 0.001 0.006 0.034 0.003 0.005 0.001 0.001 

Locus 33 : 33 
4 alleles
0.0% missing data
 150   (0.568) 0.824 0.570 0.594 0.618 0.558 0.509 0.552 
 146   (0.305) 0.067 0.314 0.360 0.319 0.310 0.316 0.435 
 148   (0.072) 0.101 0.067 0.008 0.030 0.072 0.098 0.007 
 154   (0.056) 0.008 0.049 0.038 0.032 0.060 0.078 0.005 

Locus 34 : 34 
7 alleles
0.0% missing data
 180   (0.435) 0.624 0.419 0.766 0.424 0.430 0.425 0.726 
 184   (0.201) 0.199 0.203 0.191 0.120 0.184 0.280 0.052 
 196   (0.148) 0.124 0.163 0.017 0.164 0.155 0.102 0.014 
 198   (0.039) 0.015 0.033 0.006 0.024 0.039 0.003 0.085 
 194   (0.012) 0.027 0.006 0.001 0.003 0.005 0.001 0.001 
 192   (0.144) 0.008 0.156 0.017 0.260 0.173 0.163 0.120 
 190   (0.021) 0.001 0.020 0.002 0.005 0.014 0.026 0.002 

Locus 35 : 35 
7 alleles
0.0% missing data
 106   (0.311) 0.108 0.310 0.296 0.349 0.336 0.320 0.672 
 110   (0.228) 0.362 0.226 0.249 0.162 0.209 0.335 0.068 
 112   (0.276) 0.515 0.271 0.028 0.378 0.279 0.264 0.107 
 108   (0.121) 0.012 0.135 0.139 0.077 0.134 0.050 0.078 
  90   (0.035) 0.002 0.024 0.286 0.026 0.020 0.029 0.004 
  96   (0.011) 0.001 0.006 0.001 0.003 0.005 0.001 0.070 
  94   (0.018) 0.001 0.028 0.002 0.005 0.017 0.001 0.002 

Locus 36 : 36 
8 alleles
0.0% missing data
 172   (0.285) 0.499 0.263 0.030 0.499 0.268 0.117 0.374 
 166   (0.058) 0.254 0.040 0.007 0.063 0.043 0.038 0.006 
 176   (0.110) 0.095 0.124 0.012 0.038 0.095 0.255 0.011 
 170   (0.313) 0.124 0.304 0.534 0.190 0.269 0.508 0.586 
 174   (0.112) 0.019 0.127 0.012 0.098 0.150 0.074 0.011 
 178   (0.042) 0.006 0.041 0.004 0.069 0.044 0.003 0.004 
 168   (0.065) 0.003 0.087 0.401 0.033 0.108 0.005 0.006 
 186   (0.015) 0.001 0.014 0.001 0.010 0.023 0.001 0.001 

Locus 37 : 37 
6 alleles
0.0% missing data
  89   (0.532) 0.782 0.513 0.304 0.579 0.524 0.595 0.770 
  85   (0.219) 0.130 0.230 0.327 0.154 0.252 0.112 0.194 
  95   (0.069) 0.072 0.061 0.008 0.081 0.047 0.093 0.007 
  83   (0.117) 0.012 0.141 0.019 0.152 0.127 0.069 0.023 
  81   (0.047) 0.003 0.045 0.006 0.030 0.041 0.130 0.005 
  91   (0.015) 0.001 0.010 0.337 0.004 0.008 0.001 0.001 

Locus 38 : 38 
8 alleles
0.0% missing data
 173   (0.278) 0.131 0.260 0.416 0.367 0.245 0.433 0.509 
 161   (0.344) 0.493 0.352 0.076 0.278 0.373 0.354 0.410 
 165   (0.228) 0.216 0.245 0.076 0.188 0.234 0.203 0.063 
 169   (0.084) 0.136 0.098 0.041 0.079 0.095 0.006 0.011 
 159   (0.011) 0.006 0.006 0.001 0.004 0.005 0.001 0.001 
 167   (0.028) 0.006 0.025 0.004 0.041 0.036 0.002 0.003 
 168   (0.016) 0.011 0.008 0.384 0.004 0.007 0.001 0.002 
 175   (0.011) 0.001 0.006 0.001 0.039 0.005 0.001 0.001 

Locus 39 : 39 
7 alleles
0.0% missing data
  85   (0.218) 0.069 0.214 0.153 0.250 0.209 0.263 0.271 
  89   (0.367) 0.543 0.421 0.039 0.437 0.434 0.229 0.071 
  87   (0.127) 0.233 0.115 0.749 0.046 0.122 0.072 0.206 
  91   (0.164) 0.071 0.151 0.046 0.201 0.134 0.270 0.302 
  81   (0.091) 0.036 0.083 0.011 0.055 0.087 0.141 0.148 
  95   (0.011) 0.013 0.006 0.001 0.003 0.005 0.001 0.001 
  93   (0.021) 0.034 0.011 0.002 0.008 0.009 0.024 0.002 

Locus 40 : 40 
4 alleles
0.0% missing data
 167   (0.791) 0.894 0.777 0.806 0.859 0.793 0.953 0.895 
 161   (0.169) 0.092 0.180 0.189 0.130 0.177 0.044 0.101 
 165   (0.029) 0.007 0.037 0.005 0.008 0.025 0.002 0.003 
 155   (0.011) 0.006 0.006 0.001 0.003 0.005 0.001 0.001 

Locus 41 : 41 
7 alleles
0.4% missing data
 228   (0.402) 0.593 0.394 0.478 0.526 0.374 0.325 0.193 
 238   (0.344) 0.252 0.371 0.168 0.316 0.385 0.409 0.047 
 236   (0.076) 0.096 0.059 0.161 0.020 0.045 0.106 0.599 
 224   (0.032) 0.044 0.020 0.003 0.009 0.019 0.126 0.003 
 240   (0.119) 0.007 0.138 0.065 0.123 0.163 0.032 0.155 
 246   (0.011) 0.007 0.006 0.001 0.003 0.005 0.001 0.001 
 242   (0.016) 0.001 0.011 0.124 0.004 0.008 0.001 0.001 

Locus 42 : 42 
9 alleles
0.4% missing data
 130   (0.495) 0.470 0.555 0.090 0.458 0.510 0.461 0.398 
 114   (0.100) 0.101 0.093 0.510 0.040 0.100 0.150 0.010 
 132   (0.119) 0.206 0.101 0.012 0.074 0.101 0.181 0.305 
 128   (0.072) 0.174 0.052 0.007 0.226 0.053 0.055 0.014 
 134   (0.119) 0.008 0.125 0.307 0.148 0.154 0.130 0.013 
 122   (0.016) 0.035 0.010 0.002 0.005 0.010 0.001 0.002 
 118   (0.057) 0.004 0.050 0.070 0.043 0.061 0.011 0.255 
 120   (0.011) 0.001 0.006 0.001 0.003 0.005 0.006 0.001 
 119   (0.011) 0.001 0.006 0.001 0.003 0.005 0.005 0.001 

Locus 43 : 43 
8 alleles
0.0% missing data
  96   (0.062) 0.069 0.052 0.168 0.027 0.050 0.046 0.006 
  98   (0.141) 0.168 0.146 0.275 0.044 0.130 0.119 0.110 
 102   (0.266) 0.453 0.240 0.268 0.327 0.262 0.400 0.538 
  92   (0.127) 0.104 0.144 0.203 0.066 0.118 0.109 0.013 
 104   (0.364) 0.204 0.392 0.081 0.514 0.416 0.305 0.311 
 106   (0.011) 0.001 0.010 0.001 0.003 0.008 0.001 0.001 
  94   (0.013) 0.001 0.007 0.001 0.008 0.007 0.009 0.002 
 100   (0.017) 0.001 0.009 0.002 0.011 0.008 0.011 0.019 

Locus 44 : 44 
6 alleles
0.0% missing data
 101   (0.331) 0.340 0.332 0.031 0.478 0.321 0.413 0.170 
 103   (0.307) 0.197 0.318 0.215 0.260 0.327 0.306 0.392 
  95   (0.244) 0.445 0.235 0.050 0.219 0.251 0.217 0.414 
  99   (0.076) 0.010 0.086 0.348 0.024 0.072 0.059 0.008 
  97   (0.031) 0.002 0.023 0.355 0.016 0.023 0.005 0.016 
 105   (0.011) 0.007 0.006 0.001 0.003 0.005 0.001 0.001 

Locus 45 : 45 
8 alleles
0.0% missing data
 181   (0.583) 0.710 0.597 0.544 0.628 0.565 0.545 0.911 
 191   (0.270) 0.182 0.280 0.115 0.243 0.305 0.425 0.048 
 177   (0.061) 0.104 0.050 0.006 0.095 0.051 0.019 0.008 
 189   (0.020) 0.001 0.016 0.002 0.008 0.015 0.001 0.026 
 187   (0.011) 0.001 0.006 0.001 0.003 0.005 0.005 0.001 
 179   (0.025) 0.001 0.024 0.328 0.011 0.037 0.002 0.002 
 183   (0.015) 0.001 0.013 0.001 0.008 0.013 0.001 0.001 
 193   (0.015) 0.001 0.015 0.003 0.004 0.011 0.001 0.002 

Locus 46 : 46 
6 alleles
0.7% missing data
 205   (0.462) 0.403 0.491 0.324 0.570 0.495 0.444 0.290 
 215   (0.073) 0.095 0.061 0.008 0.029 0.059 0.121 0.107 
 201   (0.058) 0.095 0.044 0.452 0.029 0.053 0.045 0.006 
 207   (0.189) 0.148 0.200 0.053 0.209 0.170 0.096 0.432 
 211   (0.208) 0.258 0.196 0.162 0.158 0.214 0.294 0.165 
 202   (0.011) 0.001 0.008 0.001 0.005 0.009 0.001 0.001 

Locus 47 : 47 
9 alleles
0.0% missing data
 166   (0.177) 0.271 0.171 0.135 0.208 0.157 0.097 0.269 
 168   (0.158) 0.230 0.165 0.124 0.116 0.141 0.124 0.128 
 158   (0.182) 0.139 0.182 0.147 0.135 0.171 0.232 0.277 
 142   (0.275) 0.175 0.285 0.031 0.399 0.311 0.330 0.296 
 144   (0.048) 0.170 0.046 0.005 0.066 0.061 0.003 0.010 
 170   (0.025) 0.007 0.029 0.003 0.008 0.019 0.002 0.005 
 164   (0.049) 0.003 0.047 0.054 0.028 0.054 0.054 0.005 
 162   (0.053) 0.003 0.047 0.354 0.022 0.047 0.149 0.006 
 156   (0.033) 0.002 0.029 0.148 0.016 0.038 0.009 0.004 

Locus 48 : 48 
6 alleles
0.0% missing data
 145   (0.248) 0.268 0.211 0.356 0.296 0.226 0.345 0.658 
 149   (0.295) 0.088 0.322 0.473 0.401 0.311 0.126 0.221 
 151   (0.212) 0.171 0.216 0.144 0.164 0.197 0.363 0.030 
 153   (0.210) 0.460 0.217 0.023 0.129 0.241 0.163 0.088 
 147   (0.018) 0.013 0.013 0.002 0.005 0.010 0.001 0.002 
 143   (0.017) 0.001 0.022 0.002 0.005 0.014 0.001 0.002 

Values of parameters used in structure:
DATAFILE=temp1_np.str,	OUTFILE=k7/temp1_np_k7_run2,	NUMINDS=272,	NUMLOCI=48,	MISSING=-9,	LABEL=1,	POPDATA=1,	POPFLAG=0,	PHENOTYPE=0,	EXTRACOLS=0,	MAXPOPS=7,	BURNIN=500000,	NUMREPS=750000,	USEPOPINFO=0,	INFERALPHA=1,	INFERLAMBDA=0,	POPSPECIFICLAMBDA=0,	POPALPHAS=0,	COMPUTEPROB=1,	NOADMIX=0,	ADMBURNIN=500,	UPDATEFREQ=100,	PRINTLIKES=0,	INTERMEDSAVE=0,	PRINTKLD=0,	PRINTNET=1,	PRINTLAMBDA=1,	ANCESTDIST=0,	NUMBOXES=1000,	ANCESTPINT=0.90000,	GENSBACK=2,	MIGRPRIOR=0.01000,	PRINTQHAT=0,	PRINTQSUM=1,	ALPHA=1.0000,	FREQSCORR=1,	FPRIORMEAN=0.0100,	FPRIORSD=0.0500,	ONEFST=0,	LAMBDA=1.0000,	UNIFPRIORALPHA=1,	ALPHAMAX=10.0000,	ALPHAPRIORA=1.0000,	ALPHAPRIORB=2.0000,	ALPHAPROPSD=0.0250,	STARTATPOPINFO=0,	RANDOMIZE=0,	LINKAGE=0,	METROFREQ=10,	REPORTHITRATE=0,	MARKOVPHASE=0,	PHASED=1,	PLOIDY=2,	PHASEINFO=0	LOCPRIOR=0, 	LOCPRIORINIT=1.000000, 	LOCDATA=0, 	LOCISPOP=1, 	LOCPRIORSTEP=0.100000, 	MAXLOCPRIOR=20.000000, 	SEED=796511,	
[STRAT parameters]:    NUMSIMSTATS=1000,	PHENOTYPECOL=-9,	POOLFREQ=10,	LOCUSxONLY=0,	EMERROR=0.00100,	MISSINGPHENO=-9,	