

----------------------------------------------------
STRUCTURE by Pritchard, Stephens and Donnelly (2000)
     and Falush, Stephens and Pritchard (2003)
       Code by Pritchard, Falush and Hubisz
             Version 2.3.4 (Jul 2012)
----------------------------------------------------



Command line arguments:   structure -D 455523 -K 8 -m mainparams -o k8/temp1_np_k8_run10 
Input File:    temp1_np.str

Run parameters:
   267 individuals
   48 loci
   8 populations assumed
   500000 Burn-in period
   750000 Reps
RANDOMIZE turned off


--------------------------------------------
Proportion of membership of each pre-defined
 population in each of the 8 clusters

Given    Inferred Clusters                                          Number of
 Pop       1      2      3      4      5      6      7      8      Individuals

  1:     0.012  0.020  0.004  0.020  0.018  0.024  0.024  0.879       39
  2:     0.006  0.015  0.004  0.010  0.009  0.011  0.010  0.935       33
  3:     0.011  0.878  0.005  0.025  0.022  0.019  0.031  0.009       79
  4:     0.737  0.006  0.164  0.022  0.015  0.025  0.019  0.012       19
  5:     0.011  0.003  0.961  0.006  0.006  0.006  0.004  0.004       10
  6:     0.053  0.029  0.027  0.254  0.182  0.246  0.196  0.011       10
  7:     0.069  0.052  0.017  0.272  0.154  0.285  0.110  0.041       23
  8:     0.042  0.070  0.013  0.121  0.369  0.218  0.150  0.016       11
  9:     0.035  0.012  0.006  0.126  0.098  0.121  0.520  0.082       13
 10:     0.049  0.043  0.033  0.289  0.238  0.235  0.072  0.042       25
 11:     0.061  0.011  0.003  0.180  0.102  0.227  0.359  0.058        5
--------------------------------------------

Allele-freq. divergence among pops (Net nucleotide distance),
computed using point estimates of P.

      1       2       3       4       5       6       7       8      
 1      -    0.0517  0.0911  0.0340  0.0394  0.0368  0.0446  0.0575  
 2   0.0517     -    0.0975  0.0180  0.0181  0.0192  0.0256  0.0445  
 3   0.0911  0.0975     -    0.0828  0.0857  0.0874  0.1029  0.1180  
 4   0.0340  0.0180  0.0828     -    0.0030  0.0006  0.0086  0.0290  
 5   0.0394  0.0181  0.0857  0.0030     -    0.0020  0.0102  0.0309  
 6   0.0368  0.0192  0.0874  0.0006  0.0020     -    0.0096  0.0291  
 7   0.0446  0.0256  0.1029  0.0086  0.0102  0.0096     -    0.0349  
 8   0.0575  0.0445  0.1180  0.0290  0.0309  0.0291  0.0349     -    

Average distances (expected heterozygosity) between individuals in same cluster:
cluster  1  : 0.5864 
cluster  2  : 0.5973 
cluster  3  : 0.5735 
cluster  4  : 0.6462 
cluster  5  : 0.6390 
cluster  6  : 0.6365 
cluster  7  : 0.6071 
cluster  8  : 0.5577 

--------------------------------------------
Estimated Ln Prob of Data   = -43377.6
Mean value of ln likelihood = -28921.5
Variance of ln likelihood   = 28912.3
Mean value of alpha         = 0.0348

Mean value of Fst_1         = 0.1725
Mean value of Fst_2         = 0.0944
Mean value of Fst_3         = 0.2693
Mean value of Fst_4         = 0.0172
Mean value of Fst_5         = 0.0384
Mean value of Fst_6         = 0.0364
Mean value of Fst_7         = 0.0668
Mean value of Fst_8         = 0.1191


Inferred ancestry of individuals:
        Label (%Miss) Pop:  Inferred clusters
  1     2229    (0)    1 :  0.006 0.004 0.009 0.005 0.006 0.005 0.005 0.959 
  2     2230    (0)    1 :  0.004 0.014 0.002 0.010 0.008 0.013 0.008 0.941 
  3     2235    (0)    1 :  0.018 0.010 0.012 0.053 0.029 0.055 0.009 0.814 
  4     2236    (0)    1 :  0.044 0.011 0.009 0.065 0.067 0.070 0.100 0.634 
  5     2237    (0)    1 :  0.017 0.017 0.004 0.017 0.027 0.018 0.151 0.749 
  6     2238    (0)    1 :  0.023 0.005 0.003 0.004 0.005 0.004 0.007 0.949 
  7     2239    (0)    1 :  0.005 0.008 0.001 0.009 0.007 0.013 0.006 0.952 
  8     2240    (0)    1 :  0.008 0.008 0.007 0.012 0.021 0.014 0.005 0.925 
  9     2241    (0)    1 :  0.008 0.009 0.018 0.032 0.041 0.026 0.010 0.856 
 10     2242    (0)    1 :  0.012 0.017 0.004 0.033 0.028 0.044 0.019 0.843 
 11     2243    (0)    1 :  0.008 0.037 0.002 0.011 0.013 0.012 0.028 0.889 
 12     2244    (0)    1 :  0.003 0.024 0.002 0.008 0.014 0.011 0.009 0.929 
 13     2245    (0)    1 :  0.004 0.026 0.003 0.005 0.005 0.005 0.004 0.948 
 14     2246    (0)    1 :  0.008 0.023 0.003 0.009 0.010 0.010 0.009 0.928 
 15     2247    (0)    1 :  0.008 0.010 0.002 0.012 0.013 0.011 0.012 0.932 
 16     2248    (0)    1 :  0.007 0.005 0.005 0.005 0.005 0.005 0.004 0.964 
 17     2249    (0)    1 :  0.014 0.024 0.002 0.049 0.029 0.055 0.011 0.816 
 18     2250    (0)    1 :  0.002 0.002 0.001 0.003 0.002 0.003 0.003 0.984 
 19     2251    (0)    1 :  0.070 0.010 0.010 0.017 0.015 0.017 0.013 0.847 
 20     2252    (0)    1 :  0.004 0.006 0.002 0.005 0.005 0.006 0.004 0.968 
 21     2253    (0)    1 :  0.016 0.020 0.001 0.073 0.033 0.104 0.021 0.733 
 22     2254    (0)    1 :  0.005 0.022 0.003 0.013 0.018 0.017 0.009 0.912 
 23     2255    (0)    1 :  0.005 0.015 0.003 0.015 0.011 0.010 0.006 0.934 
 24     2256    (0)    1 :  0.026 0.023 0.002 0.106 0.102 0.185 0.266 0.290 
 25     2257    (0)    1 :  0.032 0.014 0.005 0.010 0.016 0.011 0.007 0.905 
 26     2258    (0)    1 :  0.012 0.181 0.003 0.040 0.040 0.052 0.012 0.658 
 27     2259    (0)    1 :  0.004 0.003 0.002 0.004 0.004 0.004 0.006 0.974 
 28     2260    (0)    1 :  0.007 0.015 0.003 0.023 0.026 0.019 0.026 0.881 
 29     2261    (0)    1 :  0.003 0.003 0.003 0.003 0.004 0.004 0.003 0.977 
 30     2262    (0)    1 :  0.013 0.004 0.003 0.005 0.006 0.005 0.008 0.956 
 31     2263    (0)    1 :  0.004 0.010 0.007 0.005 0.005 0.004 0.004 0.960 
 32     2264    (0)    1 :  0.004 0.003 0.002 0.013 0.008 0.016 0.005 0.950 
 33     2265    (0)    1 :  0.009 0.008 0.002 0.024 0.015 0.027 0.078 0.836 
 34     2266    (0)    1 :  0.010 0.005 0.002 0.009 0.009 0.011 0.013 0.939 
 35     2267    (0)    1 :  0.003 0.010 0.002 0.004 0.005 0.004 0.005 0.966 
 36     2268    (0)    1 :  0.009 0.003 0.003 0.014 0.016 0.014 0.015 0.927 
 37     2269    (0)    1 :  0.004 0.002 0.002 0.006 0.004 0.005 0.004 0.974 
 38     2270    (0)    1 :  0.006 0.007 0.002 0.006 0.007 0.007 0.005 0.959 
 39     2271    (0)    1 :  0.014 0.158 0.003 0.043 0.020 0.046 0.010 0.706 
 40      934    (0)   10 :  0.039 0.009 0.004 0.268 0.391 0.252 0.018 0.019 
 41     2434    (0)   10 :  0.050 0.023 0.004 0.343 0.146 0.309 0.116 0.009 
 42     2435    (0)   10 :  0.047 0.010 0.177 0.388 0.278 0.087 0.007 0.005 
 43     2436    (0)   10 :  0.030 0.124 0.314 0.197 0.164 0.107 0.061 0.002 
 44     2437    (0)   10 :  0.041 0.034 0.006 0.544 0.254 0.094 0.025 0.003 
 45     2438    (0)   10 :  0.064 0.005 0.002 0.336 0.019 0.558 0.013 0.004 
 46     2439    (0)   10 :  0.065 0.014 0.003 0.187 0.334 0.302 0.082 0.012 
 47     2440    (0)   10 :  0.025 0.380 0.028 0.165 0.111 0.052 0.232 0.007 
 48     2441    (0)   10 :  0.069 0.015 0.068 0.393 0.155 0.278 0.012 0.010 
 49     2442    (0)   10 :  0.055 0.007 0.006 0.481 0.174 0.263 0.010 0.004 
 50     2443    (0)   10 :  0.060 0.146 0.005 0.350 0.167 0.210 0.056 0.007 
 51     2444    (0)   10 :  0.028 0.018 0.004 0.219 0.395 0.198 0.123 0.015 
 52     2446    (0)   10 :  0.019 0.011 0.006 0.062 0.575 0.273 0.034 0.019 
 53     2447    (0)   10 :  0.061 0.005 0.004 0.375 0.058 0.463 0.018 0.016 
 54     2448    (0)   10 :  0.045 0.007 0.003 0.161 0.174 0.239 0.108 0.263 
 55     2449    (0)   10 :  0.068 0.010 0.021 0.211 0.261 0.145 0.281 0.003 
 56     2450    (0)   10 :  0.053 0.006 0.007 0.354 0.180 0.133 0.263 0.003 
 57     2451    (0)   10 :  0.046 0.016 0.012 0.487 0.246 0.102 0.089 0.003 
 58     2452    (0)   10 :  0.070 0.022 0.006 0.122 0.392 0.273 0.092 0.023 
 59     2453    (0)   10 :  0.078 0.004 0.007 0.448 0.213 0.229 0.009 0.012 
 60     2454    (0)   10 :  0.030 0.035 0.008 0.090 0.142 0.113 0.021 0.560 
 61     2455    (0)   10 :  0.040 0.118 0.008 0.262 0.265 0.194 0.105 0.009 
 62     2456    (0)   10 :  0.064 0.040 0.026 0.414 0.116 0.303 0.015 0.022 
 63     2457    (0)   10 :  0.006 0.006 0.030 0.019 0.643 0.281 0.007 0.009 
 64     2458    (0)   10 :  0.067 0.004 0.059 0.357 0.093 0.406 0.006 0.008 
 65     1074    (0)   11 :  0.073 0.016 0.003 0.101 0.110 0.123 0.504 0.071 
 66     1075    (0)   11 :  0.079 0.003 0.002 0.325 0.083 0.477 0.015 0.016 
 67     1076    (0)   11 :  0.007 0.003 0.002 0.011 0.010 0.009 0.956 0.003 
 68     1077    (0)   11 :  0.080 0.024 0.002 0.199 0.218 0.221 0.100 0.156 
 69     1078    (0)   11 :  0.065 0.009 0.007 0.265 0.087 0.305 0.219 0.044 
 70      382    (0)    2 :  0.004 0.014 0.003 0.012 0.009 0.011 0.009 0.939 
 71      383    (0)    2 :  0.007 0.138 0.010 0.025 0.021 0.027 0.016 0.755 
 72      647    (0)    2 :  0.003 0.011 0.002 0.004 0.005 0.005 0.010 0.959 
 73      648    (0)    2 :  0.003 0.008 0.002 0.005 0.006 0.005 0.009 0.961 
 74      649    (0)    2 :  0.003 0.003 0.002 0.006 0.004 0.006 0.004 0.971 
 75      650    (0)    2 :  0.003 0.005 0.002 0.005 0.005 0.006 0.005 0.968 
 76      651    (0)    2 :  0.002 0.003 0.002 0.004 0.003 0.003 0.003 0.979 
 77      652    (0)    2 :  0.003 0.027 0.001 0.004 0.005 0.004 0.007 0.947 
 78      653    (0)    2 :  0.003 0.004 0.002 0.009 0.008 0.007 0.007 0.960 
 79      654    (0)    2 :  0.003 0.004 0.007 0.004 0.004 0.004 0.004 0.970 
 80      658    (0)    2 :  0.003 0.002 0.001 0.006 0.006 0.006 0.005 0.971 
 81      659    (0)    2 :  0.002 0.004 0.002 0.003 0.004 0.003 0.003 0.980 
 82      660    (0)    2 :  0.005 0.003 0.001 0.007 0.008 0.007 0.008 0.960 
 83      661    (0)    2 :  0.005 0.003 0.002 0.010 0.008 0.006 0.007 0.960 
 84      662    (0)    2 :  0.008 0.004 0.025 0.005 0.006 0.005 0.003 0.944 
 85      663    (0)    2 :  0.002 0.003 0.002 0.003 0.003 0.003 0.003 0.982 
 86      664    (0)    2 :  0.008 0.013 0.002 0.014 0.012 0.012 0.017 0.921 
 87      665    (0)    2 :  0.004 0.021 0.002 0.011 0.020 0.014 0.011 0.917 
 88      671    (0)    2 :  0.002 0.006 0.001 0.003 0.005 0.003 0.005 0.975 
 89      672    (0)    2 :  0.003 0.004 0.002 0.006 0.006 0.005 0.007 0.968 
 90      673    (0)    2 :  0.003 0.002 0.002 0.003 0.003 0.003 0.003 0.980 
 91      674    (0)    2 :  0.025 0.044 0.007 0.028 0.020 0.023 0.010 0.843 
 92      675    (0)    2 :  0.020 0.008 0.009 0.010 0.009 0.009 0.005 0.930 
 93      676    (0)    2 :  0.004 0.006 0.002 0.005 0.005 0.005 0.006 0.968 
 94      677    (0)    2 :  0.002 0.005 0.002 0.003 0.004 0.004 0.002 0.979 
 95      678    (0)    2 :  0.003 0.002 0.002 0.003 0.003 0.003 0.005 0.977 
 96      679    (0)    2 :  0.003 0.002 0.004 0.005 0.006 0.004 0.004 0.971 
 97      680    (0)    2 :  0.002 0.003 0.003 0.003 0.004 0.003 0.005 0.977 
 98      681    (0)    2 :  0.003 0.004 0.004 0.004 0.005 0.004 0.006 0.969 
 99      682    (0)    2 :  0.002 0.004 0.002 0.003 0.003 0.003 0.004 0.980 
100      683    (0)    2 :  0.011 0.014 0.004 0.025 0.022 0.016 0.035 0.874 
101      755    (0)    2 :  0.036 0.127 0.002 0.102 0.065 0.131 0.101 0.436 
102     2286    (0)    2 :  0.005 0.005 0.002 0.003 0.003 0.003 0.005 0.974 
103      690    (0)    3 :  0.016 0.311 0.002 0.038 0.087 0.061 0.473 0.014 
104      691    (0)    3 :  0.007 0.906 0.005 0.028 0.016 0.015 0.021 0.003 
105      692    (0)    3 :  0.010 0.943 0.013 0.006 0.005 0.005 0.006 0.012 
106      693    (0)    3 :  0.003 0.968 0.002 0.006 0.008 0.006 0.004 0.004 
107      694    (0)    3 :  0.004 0.574 0.001 0.013 0.012 0.010 0.377 0.009 
108      695    (0)    3 :  0.014 0.912 0.004 0.016 0.023 0.016 0.011 0.004 
109      696    (0)    3 :  0.049 0.840 0.004 0.025 0.018 0.018 0.027 0.020 
110      697    (0)    3 :  0.005 0.938 0.001 0.007 0.008 0.008 0.021 0.012 
111      698    (0)    3 :  0.003 0.964 0.002 0.006 0.006 0.006 0.008 0.004 
112      699    (0)    3 :  0.009 0.950 0.006 0.004 0.007 0.005 0.005 0.014 
113      700    (0)    3 :  0.086 0.352 0.003 0.082 0.173 0.100 0.179 0.025 
114      701    (0)    3 :  0.012 0.862 0.016 0.032 0.028 0.028 0.017 0.005 
115      703    (0)    3 :  0.011 0.914 0.008 0.020 0.016 0.012 0.017 0.003 
116      704    (0)    3 :  0.014 0.906 0.004 0.016 0.010 0.020 0.021 0.008 
117      705    (0)    3 :  0.021 0.839 0.004 0.046 0.022 0.047 0.012 0.009 
118      706    (0)    3 :  0.006 0.935 0.004 0.015 0.010 0.012 0.009 0.009 
119      707    (0)    3 :  0.004 0.964 0.002 0.004 0.004 0.005 0.003 0.015 
120      708    (0)    3 :  0.010 0.929 0.007 0.008 0.007 0.007 0.007 0.026 
121      709    (0)    3 :  0.010 0.884 0.003 0.023 0.019 0.018 0.036 0.008 
122      710    (0)    3 :  0.007 0.893 0.025 0.020 0.019 0.013 0.017 0.005 
123      711    (0)    3 :  0.010 0.841 0.003 0.042 0.037 0.032 0.026 0.010 
124     2287    (0)    3 :  0.008 0.927 0.002 0.013 0.012 0.012 0.016 0.010 
125     2288    (0)    3 :  0.008 0.913 0.018 0.013 0.014 0.016 0.010 0.007 
126     2289    (0)    3 :  0.006 0.953 0.006 0.007 0.010 0.008 0.007 0.003 
127     2290    (0)    3 :  0.010 0.927 0.002 0.011 0.010 0.010 0.022 0.008 
128     2291    (0)    3 :  0.004 0.946 0.002 0.009 0.013 0.011 0.005 0.009 
129     2292    (0)    3 :  0.003 0.977 0.001 0.003 0.003 0.003 0.003 0.006 
130     2293    (0)    3 :  0.009 0.833 0.005 0.022 0.070 0.039 0.017 0.005 
131     2294    (0)    3 :  0.018 0.771 0.007 0.073 0.052 0.044 0.031 0.003 
132     2295    (0)    3 :  0.031 0.666 0.002 0.063 0.034 0.058 0.083 0.062 
133     2296    (0)    3 :  0.004 0.974 0.002 0.004 0.004 0.004 0.005 0.003 
134     2297    (0)    3 :  0.007 0.906 0.002 0.019 0.013 0.027 0.019 0.006 
135     2298    (0)    3 :  0.005 0.958 0.003 0.009 0.007 0.010 0.005 0.003 
136     2299    (0)    3 :  0.011 0.946 0.003 0.010 0.007 0.010 0.009 0.004 
137     2300    (0)    3 :  0.003 0.968 0.006 0.005 0.005 0.005 0.005 0.003 
138     2301    (0)    3 :  0.002 0.971 0.001 0.003 0.004 0.004 0.004 0.011 
139     2302    (0)    3 :  0.004 0.974 0.002 0.003 0.004 0.003 0.005 0.005 
140     2303    (0)    3 :  0.004 0.935 0.002 0.013 0.013 0.013 0.017 0.003 
141     2304    (0)    3 :  0.004 0.905 0.004 0.011 0.012 0.009 0.022 0.033 
142     2305    (0)    3 :  0.021 0.942 0.002 0.008 0.006 0.008 0.006 0.008 
143     2306    (0)    3 :  0.007 0.919 0.003 0.019 0.012 0.016 0.010 0.015 
144     2307    (0)    3 :  0.013 0.895 0.005 0.015 0.023 0.014 0.012 0.023 
145     2308    (0)    3 :  0.065 0.006 0.077 0.459 0.231 0.155 0.006 0.001 
146     2309    (0)    3 :  0.004 0.951 0.004 0.007 0.007 0.008 0.012 0.007 
147     2310    (0)    3 :  0.004 0.939 0.001 0.007 0.007 0.007 0.021 0.014 
148     2311    (0)    3 :  0.004 0.974 0.003 0.004 0.004 0.004 0.003 0.004 
149     2312    (0)    3 :  0.002 0.976 0.002 0.003 0.004 0.003 0.005 0.005 
150     2313    (0)    3 :  0.007 0.933 0.003 0.011 0.008 0.011 0.019 0.011 
151     2314    (0)    3 :  0.004 0.661 0.002 0.010 0.011 0.012 0.291 0.010 
152     2315    (0)    3 :  0.008 0.955 0.003 0.008 0.005 0.006 0.009 0.006 
153     2316    (0)    3 :  0.012 0.888 0.003 0.026 0.019 0.022 0.021 0.009 
154     2317    (0)    3 :  0.005 0.965 0.004 0.006 0.006 0.006 0.004 0.004 
155     2318    (0)    3 :  0.008 0.958 0.002 0.006 0.007 0.006 0.008 0.004 
156     2319    (0)    3 :  0.002 0.975 0.003 0.004 0.005 0.004 0.004 0.003 
157     2320    (0)    3 :  0.016 0.960 0.006 0.004 0.004 0.004 0.004 0.003 
158     2321    (0)    3 :  0.013 0.869 0.006 0.019 0.015 0.019 0.041 0.017 
159     2322    (0)    3 :  0.020 0.776 0.008 0.045 0.070 0.045 0.028 0.008 
160     2323    (0)    3 :  0.008 0.934 0.012 0.011 0.010 0.009 0.013 0.003 
161     2324    (0)    3 :  0.003 0.966 0.003 0.006 0.006 0.006 0.007 0.003 
162     2325    (0)    3 :  0.003 0.970 0.003 0.004 0.005 0.004 0.005 0.006 
163     2326    (0)    3 :  0.060 0.252 0.002 0.256 0.173 0.171 0.075 0.010 
164     2327    (0)    3 :  0.013 0.893 0.002 0.019 0.020 0.018 0.013 0.023 
165     2328    (0)    3 :  0.024 0.652 0.003 0.125 0.056 0.078 0.053 0.008 
166     2329    (0)    3 :  0.005 0.958 0.001 0.006 0.006 0.007 0.006 0.011 
167     2330    (0)    3 :  0.003 0.962 0.001 0.006 0.005 0.006 0.008 0.008 
168     2331    (0)    3 :  0.005 0.943 0.012 0.008 0.010 0.009 0.006 0.006 
169     2332    (0)    3 :  0.003 0.935 0.001 0.007 0.012 0.009 0.017 0.016 
170     2333    (0)    3 :  0.008 0.815 0.009 0.015 0.052 0.032 0.067 0.003 
171     2334    (0)    3 :  0.004 0.969 0.002 0.005 0.007 0.006 0.005 0.003 
172     2335    (0)    3 :  0.005 0.976 0.003 0.003 0.003 0.003 0.003 0.003 
173     2336    (0)    3 :  0.003 0.976 0.001 0.003 0.003 0.003 0.003 0.006 
174     2337    (0)    3 :  0.002 0.978 0.003 0.003 0.003 0.003 0.004 0.004 
175     2338    (0)    3 :  0.006 0.970 0.003 0.004 0.004 0.004 0.005 0.005 
176     2339    (0)    3 :  0.007 0.866 0.003 0.018 0.052 0.037 0.013 0.005 
177     2340    (0)    3 :  0.003 0.974 0.001 0.004 0.004 0.004 0.004 0.005 
178     2341    (0)    3 :  0.006 0.941 0.006 0.009 0.007 0.006 0.009 0.015 
179     2342    (2)    3 :  0.006 0.920 0.003 0.013 0.017 0.012 0.024 0.006 
180     2343    (0)    3 :  0.003 0.925 0.005 0.010 0.022 0.014 0.009 0.012 
181     2344    (0)    3 :  0.003 0.959 0.003 0.006 0.007 0.005 0.012 0.005 
182      195    (0)    4 :  0.774 0.006 0.161 0.011 0.008 0.011 0.006 0.024 
183      364    (0)    4 :  0.791 0.003 0.190 0.003 0.003 0.003 0.003 0.005 
184      756    (0)    4 :  0.763 0.005 0.184 0.012 0.009 0.013 0.010 0.004 
185      757    (0)    4 :  0.577 0.017 0.100 0.051 0.058 0.045 0.071 0.081 
186      758    (0)    4 :  0.776 0.005 0.165 0.012 0.010 0.013 0.012 0.008 
187      759    (0)    4 :  0.701 0.008 0.144 0.026 0.024 0.032 0.040 0.025 
188      760    (0)    4 :  0.614 0.003 0.100 0.078 0.069 0.086 0.046 0.003 
189      766    (0)    4 :  0.785 0.005 0.192 0.003 0.003 0.003 0.005 0.004 
190      767    (0)    4 :  0.769 0.008 0.189 0.008 0.007 0.008 0.006 0.006 
191      768    (0)    4 :  0.730 0.010 0.154 0.022 0.017 0.014 0.043 0.009 
192      769    (0)    4 :  0.700 0.004 0.172 0.016 0.017 0.016 0.069 0.005 
193      770    (0)    4 :  0.766 0.017 0.168 0.009 0.008 0.009 0.009 0.014 
194      771    (0)    4 :  0.791 0.003 0.188 0.004 0.003 0.004 0.003 0.003 
195      772    (0)    4 :  0.518 0.005 0.068 0.143 0.039 0.198 0.016 0.013 
196      773    (0)    4 :  0.796 0.002 0.182 0.005 0.004 0.005 0.003 0.002 
197      774    (0)    4 :  0.793 0.003 0.190 0.003 0.002 0.003 0.002 0.003 
198      775    (0)    4 :  0.792 0.003 0.193 0.002 0.002 0.002 0.002 0.003 
199      776    (0)    4 :  0.791 0.003 0.188 0.003 0.003 0.003 0.006 0.003 
200      777    (0)    4 :  0.783 0.007 0.182 0.004 0.003 0.004 0.005 0.012 
201      857    (0)    5 :  0.005 0.003 0.969 0.006 0.004 0.005 0.004 0.003 
202      858    (0)    5 :  0.003 0.002 0.986 0.002 0.002 0.002 0.001 0.002 
203      859    (0)    5 :  0.002 0.002 0.986 0.002 0.002 0.002 0.002 0.001 
204      860    (0)    5 :  0.024 0.003 0.950 0.005 0.005 0.005 0.007 0.002 
205      861    (0)    5 :  0.002 0.002 0.988 0.002 0.002 0.002 0.001 0.001 
206      862    (0)    5 :  0.019 0.004 0.931 0.008 0.008 0.007 0.008 0.015 
207      863    (0)    5 :  0.002 0.002 0.985 0.002 0.002 0.002 0.002 0.002 
208      864    (0)    5 :  0.002 0.002 0.987 0.002 0.002 0.002 0.002 0.002 
209      865    (0)    5 :  0.010 0.006 0.904 0.023 0.022 0.027 0.005 0.003 
210      866    (0)    5 :  0.036 0.007 0.924 0.007 0.006 0.007 0.008 0.005 
211     2355    (0)    6 :  0.053 0.122 0.006 0.268 0.299 0.189 0.055 0.007 
212     2356    (0)    6 :  0.100 0.014 0.008 0.384 0.260 0.169 0.063 0.003 
213     2357    (0)    6 :  0.015 0.053 0.002 0.035 0.110 0.066 0.689 0.032 
214     2358    (0)    6 :  0.066 0.005 0.010 0.351 0.061 0.491 0.012 0.004 
215     2359    (0)    6 :  0.058 0.050 0.002 0.324 0.053 0.438 0.067 0.009 
216     2360    (0)    6 :  0.061 0.006 0.007 0.142 0.240 0.138 0.401 0.005 
217     2361    (2)    6 :  0.083 0.007 0.001 0.347 0.052 0.489 0.011 0.009 
218     2362    (0)    6 :  0.036 0.005 0.002 0.164 0.059 0.131 0.594 0.008 
219     2363    (0)    6 :  0.020 0.006 0.224 0.081 0.432 0.198 0.031 0.007 
220     2364    (0)    6 :  0.042 0.022 0.008 0.450 0.252 0.154 0.041 0.031 
221     2369    (0)    7 :  0.070 0.026 0.002 0.241 0.039 0.387 0.070 0.164 
222     2370    (0)    7 :  0.049 0.005 0.002 0.172 0.035 0.241 0.486 0.011 
223     2372    (0)    7 :  0.031 0.205 0.004 0.220 0.160 0.154 0.219 0.009 
224     2373    (0)    7 :  0.358 0.006 0.062 0.274 0.122 0.130 0.039 0.008 
225     2374    (0)    7 :  0.003 0.004 0.004 0.007 0.673 0.298 0.006 0.005 
226     2375    (0)    7 :  0.073 0.017 0.006 0.334 0.234 0.107 0.222 0.007 
227     2376    (0)    7 :  0.032 0.411 0.023 0.186 0.112 0.098 0.116 0.023 
228     2377    (0)    7 :  0.068 0.009 0.002 0.285 0.228 0.237 0.054 0.118 
229     2378    (0)    7 :  0.074 0.009 0.001 0.310 0.033 0.542 0.022 0.009 
230     2379    (0)    7 :  0.059 0.022 0.032 0.380 0.091 0.401 0.007 0.009 
231     2380    (0)    7 :  0.022 0.201 0.002 0.166 0.308 0.152 0.140 0.008 
232     2381    (0)    7 :  0.066 0.016 0.003 0.292 0.055 0.487 0.044 0.037 
233     2382    (0)    7 :  0.073 0.012 0.002 0.321 0.138 0.173 0.279 0.002 
234     2383    (0)    7 :  0.053 0.013 0.003 0.175 0.101 0.140 0.451 0.065 
235     2384    (0)    7 :  0.052 0.014 0.002 0.307 0.114 0.374 0.123 0.014 
236     2385    (0)    7 :  0.054 0.018 0.002 0.369 0.150 0.374 0.027 0.006 
237     2386    (0)    7 :  0.044 0.007 0.002 0.394 0.298 0.172 0.043 0.040 
238     2387    (0)    7 :  0.062 0.032 0.004 0.323 0.086 0.404 0.076 0.013 
239     2388    (0)    7 :  0.094 0.008 0.005 0.335 0.043 0.504 0.009 0.003 
240     2389    (2)    7 :  0.092 0.024 0.195 0.367 0.190 0.084 0.042 0.005 
241     2390    (0)    7 :  0.062 0.053 0.013 0.331 0.072 0.456 0.006 0.006 
242     2391    (0)    7 :  0.055 0.058 0.018 0.267 0.078 0.391 0.022 0.111 
243     2392    (0)    7 :  0.037 0.022 0.008 0.207 0.172 0.244 0.035 0.274 
244     2459    (0)    8 :  0.005 0.040 0.003 0.044 0.611 0.285 0.006 0.006 
245     2460    (0)    8 :  0.063 0.009 0.006 0.350 0.222 0.262 0.018 0.071 
246     2461    (0)    8 :  0.059 0.065 0.005 0.128 0.267 0.186 0.286 0.004 
247     2462    (4)    8 :  0.007 0.023 0.001 0.091 0.578 0.271 0.013 0.015 
248     2463    (0)    8 :  0.034 0.025 0.006 0.084 0.504 0.272 0.062 0.011 
249     2464    (2)    8 :  0.009 0.007 0.011 0.032 0.638 0.274 0.018 0.011 
250     2465    (0)    8 :  0.021 0.029 0.004 0.092 0.062 0.090 0.690 0.013 
251     2466    (2)    8 :  0.034 0.135 0.006 0.085 0.464 0.245 0.020 0.011 
252     2467    (0)    8 :  0.133 0.338 0.095 0.149 0.109 0.125 0.035 0.015 
253     2468    (0)    8 :  0.027 0.081 0.002 0.123 0.303 0.190 0.266 0.007 
254     2469    (0)    8 :  0.076 0.015 0.002 0.151 0.305 0.201 0.238 0.013 
255     2398    (0)    9 :  0.008 0.011 0.002 0.014 0.011 0.010 0.938 0.007 
256     2399    (0)    9 :  0.064 0.003 0.003 0.260 0.249 0.281 0.124 0.015 
257     2400    (0)    9 :  0.009 0.005 0.002 0.039 0.028 0.028 0.855 0.033 
258     2401    (0)    9 :  0.048 0.026 0.002 0.157 0.119 0.101 0.523 0.024 
259     2402    (0)    9 :  0.067 0.016 0.003 0.202 0.254 0.192 0.096 0.170 
260     2403    (0)    9 :  0.004 0.008 0.008 0.005 0.008 0.005 0.958 0.003 
261     2404    (0)    9 :  0.005 0.011 0.002 0.011 0.009 0.008 0.940 0.013 
262     2405    (0)    9 :  0.062 0.012 0.002 0.321 0.051 0.399 0.150 0.004 
263     2406    (0)    9 :  0.066 0.009 0.003 0.216 0.214 0.146 0.169 0.179 
264     2407    (0)    9 :  0.042 0.027 0.003 0.158 0.082 0.153 0.060 0.474 
265     2408    (0)    9 :  0.069 0.009 0.047 0.235 0.218 0.231 0.105 0.088 
266     2409    (0)    9 :  0.007 0.009 0.002 0.013 0.015 0.011 0.908 0.036 
267     2410    (0)    9 :  0.005 0.006 0.001 0.008 0.012 0.010 0.935 0.023 


Estimated Allele Frequencies in each cluster
First column gives estimated ancestral frequencies


Locus 1 : 1 
4 alleles
0.0% missing data
  89   (0.496) 0.602 0.421 0.163 0.499 0.482 0.487 0.583 0.643 
  91   (0.349) 0.331 0.539 0.527 0.342 0.389 0.358 0.223 0.253 
  93   (0.133) 0.061 0.038 0.046 0.136 0.117 0.131 0.187 0.103 
  99   (0.022) 0.006 0.001 0.264 0.022 0.012 0.023 0.007 0.001 

Locus 2 : 2 
6 alleles
0.0% missing data
 138   (0.224) 0.140 0.112 0.797 0.217 0.244 0.227 0.180 0.299 
 136   (0.383) 0.506 0.510 0.122 0.380 0.371 0.388 0.340 0.505 
 140   (0.074) 0.025 0.007 0.009 0.085 0.084 0.088 0.041 0.085 
 134   (0.272) 0.316 0.293 0.066 0.267 0.271 0.252 0.424 0.108 
 142   (0.023) 0.005 0.077 0.003 0.020 0.013 0.013 0.008 0.001 
 132   (0.024) 0.008 0.002 0.003 0.031 0.017 0.032 0.008 0.001 

Locus 3 : 3 
6 alleles
0.0% missing data
 179   (0.296) 0.086 0.469 0.031 0.294 0.355 0.321 0.386 0.288 
 187   (0.311) 0.450 0.176 0.744 0.321 0.263 0.319 0.213 0.500 
 181   (0.195) 0.083 0.299 0.149 0.182 0.188 0.172 0.209 0.121 
 191   (0.044) 0.180 0.003 0.031 0.030 0.050 0.031 0.071 0.082 
 185   (0.094) 0.179 0.021 0.038 0.103 0.104 0.092 0.050 0.005 
 175   (0.060) 0.021 0.032 0.007 0.068 0.040 0.065 0.071 0.003 

Locus 4 : 4 
12 alleles
0.0% missing data
 253   (0.424) 0.415 0.620 0.389 0.415 0.408 0.401 0.551 0.644 
 269   (0.199) 0.109 0.191 0.307 0.199 0.209 0.220 0.267 0.108 
 271   (0.046) 0.011 0.008 0.010 0.044 0.099 0.062 0.017 0.013 
 241   (0.171) 0.132 0.171 0.077 0.187 0.163 0.183 0.102 0.050 
 249   (0.033) 0.007 0.002 0.081 0.028 0.021 0.022 0.011 0.166 
 247   (0.057) 0.309 0.004 0.053 0.070 0.056 0.074 0.031 0.003 
 273   (0.015) 0.004 0.001 0.002 0.014 0.012 0.009 0.005 0.001 
 245   (0.010) 0.002 0.001 0.001 0.009 0.006 0.007 0.003 0.001 
 267   (0.010) 0.002 0.001 0.001 0.007 0.005 0.004 0.003 0.006 
 235   (0.010) 0.002 0.001 0.001 0.007 0.005 0.004 0.003 0.007 
 239   (0.015) 0.005 0.001 0.076 0.012 0.008 0.008 0.005 0.001 
 265   (0.010) 0.002 0.001 0.001 0.009 0.007 0.007 0.003 0.001 

Locus 5 : 5 
5 alleles
0.0% missing data
 103   (0.885) 0.896 0.849 0.975 0.897 0.890 0.903 0.960 0.942 
 104   (0.032) 0.007 0.020 0.003 0.025 0.025 0.020 0.010 0.047 
 105   (0.054) 0.013 0.129 0.006 0.053 0.070 0.053 0.021 0.003 
 107   (0.011) 0.002 0.001 0.001 0.007 0.006 0.004 0.003 0.007 
 102   (0.019) 0.082 0.001 0.014 0.018 0.010 0.019 0.006 0.001 

Locus 6 : 6 
6 alleles
0.0% missing data
 135   (0.295) 0.454 0.219 0.772 0.297 0.282 0.278 0.215 0.167 
 141   (0.275) 0.168 0.396 0.039 0.283 0.276 0.315 0.211 0.575 
 145   (0.338) 0.237 0.334 0.162 0.333 0.383 0.340 0.532 0.208 
 147   (0.059) 0.129 0.049 0.024 0.054 0.038 0.041 0.031 0.042 
 137   (0.022) 0.010 0.001 0.003 0.026 0.014 0.022 0.008 0.001 
 143   (0.011) 0.002 0.001 0.001 0.007 0.006 0.005 0.003 0.006 

Locus 7 : 7 
10 alleles
0.4% missing data
  89   (0.071) 0.020 0.035 0.008 0.078 0.073 0.076 0.032 0.041 
  91   (0.046) 0.117 0.038 0.280 0.037 0.027 0.025 0.014 0.027 
 103   (0.335) 0.339 0.594 0.070 0.350 0.373 0.393 0.378 0.310 
  93   (0.225) 0.184 0.171 0.317 0.236 0.188 0.217 0.186 0.355 
  97   (0.187) 0.271 0.076 0.194 0.187 0.176 0.175 0.251 0.182 
 101   (0.014) 0.003 0.001 0.002 0.010 0.020 0.012 0.004 0.004 
  85   (0.043) 0.008 0.058 0.005 0.032 0.079 0.044 0.013 0.077 
  99   (0.014) 0.003 0.001 0.001 0.014 0.009 0.008 0.015 0.001 
  83   (0.049) 0.053 0.025 0.010 0.048 0.038 0.041 0.102 0.003 
 105   (0.015) 0.003 0.001 0.112 0.009 0.017 0.010 0.004 0.001 

Locus 8 : 8 
10 alleles
0.0% missing data
 129   (0.568) 0.600 0.522 0.400 0.591 0.618 0.619 0.628 0.649 
 141   (0.067) 0.069 0.092 0.014 0.054 0.044 0.038 0.093 0.152 
 149   (0.053) 0.049 0.003 0.010 0.053 0.040 0.047 0.034 0.135 
 131   (0.015) 0.003 0.001 0.151 0.010 0.009 0.007 0.004 0.004 
 143   (0.230) 0.240 0.372 0.347 0.240 0.252 0.248 0.195 0.050 
 133   (0.017) 0.005 0.001 0.002 0.019 0.010 0.019 0.011 0.001 
 121   (0.010) 0.002 0.001 0.001 0.006 0.005 0.004 0.003 0.006 
 145   (0.015) 0.003 0.006 0.002 0.009 0.008 0.006 0.023 0.001 
 127   (0.016) 0.028 0.001 0.038 0.011 0.009 0.008 0.005 0.001 
 128   (0.010) 0.002 0.001 0.035 0.006 0.005 0.004 0.003 0.001 

Locus 9 : 9 
4 alleles
0.0% missing data
 191   (0.371) 0.450 0.441 0.380 0.359 0.342 0.347 0.332 0.604 
 195   (0.189) 0.067 0.357 0.132 0.174 0.164 0.143 0.272 0.151 
 189   (0.424) 0.480 0.201 0.486 0.453 0.485 0.502 0.391 0.239 
 193   (0.016) 0.003 0.001 0.002 0.013 0.009 0.008 0.006 0.006 

Locus 10 : 10 
7 alleles
0.0% missing data
 232   (0.216) 0.284 0.149 0.193 0.224 0.166 0.224 0.243 0.428 
 238   (0.533) 0.284 0.604 0.312 0.541 0.587 0.545 0.624 0.428 
 252   (0.120) 0.158 0.174 0.031 0.108 0.151 0.115 0.067 0.119 
 254   (0.065) 0.247 0.064 0.456 0.056 0.051 0.042 0.024 0.015 
 250   (0.035) 0.012 0.008 0.004 0.043 0.028 0.044 0.022 0.002 
 240   (0.010) 0.002 0.001 0.001 0.007 0.006 0.004 0.003 0.006 
 248   (0.020) 0.012 0.001 0.002 0.023 0.013 0.026 0.016 0.001 

Locus 11 : 11 
5 alleles
0.0% missing data
  89   (0.201) 0.254 0.232 0.200 0.179 0.242 0.198 0.211 0.216 
  87   (0.732) 0.643 0.764 0.781 0.767 0.689 0.745 0.754 0.659 
  91   (0.045) 0.090 0.003 0.017 0.036 0.057 0.042 0.028 0.125 
  85   (0.010) 0.003 0.001 0.001 0.010 0.006 0.010 0.003 0.001 
  83   (0.011) 0.010 0.001 0.002 0.008 0.007 0.006 0.004 0.001 

Locus 12 : 12 
13 alleles
0.0% missing data
 147   (0.040) 0.011 0.132 0.004 0.033 0.035 0.027 0.022 0.116 
 162   (0.257) 0.270 0.317 0.203 0.263 0.307 0.294 0.174 0.180 
 158   (0.208) 0.087 0.273 0.024 0.207 0.185 0.206 0.281 0.463 
 160   (0.262) 0.570 0.076 0.503 0.269 0.287 0.273 0.300 0.151 
 161   (0.090) 0.024 0.181 0.009 0.087 0.081 0.078 0.097 0.066 
 170   (0.037) 0.013 0.003 0.003 0.051 0.028 0.053 0.059 0.005 
 143   (0.024) 0.005 0.014 0.245 0.018 0.018 0.013 0.008 0.001 
 149   (0.021) 0.006 0.001 0.003 0.021 0.020 0.015 0.022 0.001 
 154   (0.017) 0.005 0.001 0.002 0.020 0.012 0.020 0.006 0.001 
 164   (0.011) 0.002 0.001 0.001 0.007 0.006 0.005 0.003 0.014 
 165   (0.011) 0.002 0.001 0.001 0.009 0.006 0.006 0.003 0.001 
 134   (0.010) 0.002 0.001 0.001 0.009 0.008 0.006 0.003 0.001 
 159   (0.010) 0.002 0.001 0.001 0.006 0.005 0.004 0.021 0.001 

Locus 13 : 13 
4 alleles
0.0% missing data
 113   (0.339) 0.446 0.372 0.465 0.335 0.274 0.292 0.396 0.362 
 115   (0.491) 0.490 0.451 0.175 0.513 0.550 0.550 0.423 0.476 
 108   (0.160) 0.062 0.176 0.360 0.143 0.170 0.154 0.178 0.162 
 110   (0.011) 0.002 0.001 0.001 0.010 0.006 0.005 0.003 0.001 

Locus 14 : 14 
10 alleles
0.0% missing data
 229   (0.414) 0.420 0.317 0.111 0.451 0.406 0.477 0.450 0.482 
 233   (0.046) 0.011 0.024 0.117 0.040 0.029 0.036 0.016 0.108 
 225   (0.143) 0.152 0.061 0.065 0.150 0.173 0.164 0.075 0.066 
 227   (0.161) 0.041 0.142 0.277 0.146 0.175 0.136 0.330 0.243 
 231   (0.184) 0.366 0.451 0.425 0.172 0.184 0.159 0.092 0.094 
 213   (0.010) 0.002 0.001 0.001 0.010 0.006 0.007 0.003 0.001 
 221   (0.011) 0.002 0.001 0.001 0.007 0.005 0.004 0.021 0.001 
 255   (0.010) 0.002 0.001 0.001 0.007 0.006 0.005 0.005 0.005 
 223   (0.010) 0.002 0.001 0.002 0.009 0.006 0.006 0.003 0.001 
 203   (0.010) 0.002 0.001 0.001 0.008 0.010 0.007 0.006 0.001 

Locus 15 : 15 
5 alleles
0.4% missing data
 143   (0.897) 0.867 0.918 0.736 0.914 0.918 0.932 0.949 0.969 
 145   (0.057) 0.014 0.079 0.243 0.049 0.037 0.036 0.034 0.029 
 147   (0.025) 0.040 0.002 0.006 0.021 0.033 0.022 0.011 0.001 
 157   (0.011) 0.002 0.001 0.001 0.009 0.006 0.007 0.003 0.001 
 133   (0.011) 0.076 0.001 0.014 0.007 0.006 0.005 0.003 0.001 

Locus 16 : 16 
5 alleles
0.0% missing data
 156   (0.282) 0.352 0.337 0.455 0.263 0.322 0.258 0.262 0.269 
 158   (0.506) 0.482 0.472 0.442 0.521 0.526 0.540 0.551 0.570 
 154   (0.079) 0.077 0.059 0.084 0.080 0.050 0.072 0.037 0.046 
 160   (0.123) 0.086 0.132 0.018 0.127 0.094 0.123 0.145 0.115 
 152   (0.010) 0.003 0.001 0.001 0.008 0.008 0.006 0.006 0.001 

Locus 17 : 17 
5 alleles
0.0% missing data
  90   (0.687) 0.643 0.817 0.539 0.690 0.693 0.692 0.643 0.757 
 102   (0.172) 0.314 0.165 0.057 0.156 0.150 0.151 0.233 0.231 
  88   (0.052) 0.015 0.012 0.005 0.054 0.046 0.044 0.062 0.007 
 100   (0.079) 0.025 0.005 0.397 0.089 0.105 0.102 0.059 0.005 
 104   (0.011) 0.003 0.001 0.001 0.010 0.006 0.010 0.003 0.001 

Locus 18 : 18 
8 alleles
0.0% missing data
 142   (0.107) 0.038 0.007 0.011 0.135 0.110 0.156 0.043 0.448 
 148   (0.094) 0.204 0.040 0.038 0.091 0.086 0.077 0.070 0.051 
 140   (0.277) 0.095 0.425 0.452 0.269 0.333 0.280 0.302 0.079 
 127   (0.270) 0.206 0.382 0.046 0.275 0.213 0.257 0.313 0.218 
 138   (0.067) 0.017 0.063 0.007 0.061 0.045 0.056 0.149 0.040 
 146   (0.114) 0.107 0.071 0.031 0.110 0.100 0.102 0.085 0.159 
 150   (0.059) 0.330 0.011 0.060 0.053 0.107 0.069 0.036 0.003 
 128   (0.011) 0.002 0.001 0.355 0.007 0.006 0.005 0.003 0.001 

Locus 19 : 19 
6 alleles
0.0% missing data
 190   (0.117) 0.100 0.256 0.029 0.099 0.094 0.079 0.125 0.328 
 194   (0.585) 0.606 0.651 0.661 0.608 0.524 0.599 0.565 0.570 
 188   (0.158) 0.146 0.047 0.031 0.162 0.204 0.182 0.123 0.094 
 200   (0.093) 0.022 0.043 0.184 0.083 0.150 0.099 0.170 0.005 
 198   (0.011) 0.002 0.001 0.001 0.010 0.006 0.005 0.003 0.001 
 202   (0.036) 0.124 0.002 0.094 0.038 0.022 0.035 0.015 0.002 

Locus 20 : 20 
6 alleles
0.0% missing data
 244   (0.031) 0.009 0.006 0.004 0.027 0.027 0.027 0.013 0.035 
 252   (0.652) 0.591 0.629 0.186 0.666 0.730 0.691 0.702 0.744 
 250   (0.086) 0.058 0.039 0.693 0.082 0.058 0.060 0.028 0.120 
 254   (0.084) 0.078 0.079 0.018 0.086 0.069 0.089 0.038 0.087 
 246   (0.129) 0.259 0.246 0.074 0.120 0.106 0.112 0.214 0.013 
 248   (0.018) 0.005 0.001 0.025 0.019 0.011 0.022 0.005 0.001 

Locus 21 : 21 
10 alleles
0.0% missing data
 177   (0.200) 0.176 0.125 0.511 0.208 0.155 0.202 0.164 0.266 
 167   (0.264) 0.255 0.218 0.094 0.261 0.340 0.295 0.321 0.338 
 175   (0.137) 0.084 0.270 0.147 0.127 0.129 0.105 0.137 0.051 
 173   (0.270) 0.161 0.193 0.187 0.275 0.296 0.287 0.293 0.333 
 165   (0.053) 0.015 0.176 0.009 0.056 0.038 0.045 0.060 0.003 
 163   (0.033) 0.287 0.005 0.046 0.041 0.019 0.046 0.011 0.002 
 169   (0.010) 0.002 0.001 0.001 0.007 0.005 0.004 0.003 0.006 
 171   (0.011) 0.002 0.012 0.001 0.008 0.006 0.005 0.004 0.001 
 159   (0.010) 0.002 0.001 0.001 0.009 0.006 0.006 0.003 0.001 
 161   (0.010) 0.016 0.001 0.003 0.007 0.006 0.005 0.004 0.001 

Locus 22 : 22 
11 alleles
0.0% missing data
 146   (0.213) 0.197 0.289 0.161 0.205 0.284 0.232 0.159 0.250 
 154   (0.012) 0.002 0.001 0.001 0.007 0.006 0.005 0.004 0.075 
 152   (0.406) 0.421 0.469 0.293 0.427 0.385 0.428 0.487 0.562 
 150   (0.047) 0.044 0.023 0.044 0.041 0.030 0.033 0.051 0.010 
 166   (0.084) 0.023 0.100 0.139 0.081 0.081 0.077 0.055 0.041 
 164   (0.037) 0.012 0.044 0.004 0.042 0.028 0.048 0.034 0.002 
 156   (0.019) 0.156 0.001 0.029 0.015 0.017 0.012 0.007 0.001 
 162   (0.040) 0.071 0.011 0.016 0.040 0.030 0.027 0.036 0.002 
 158   (0.112) 0.067 0.061 0.015 0.113 0.123 0.109 0.122 0.055 
 148   (0.020) 0.006 0.001 0.297 0.021 0.011 0.024 0.006 0.001 
 142   (0.011) 0.002 0.001 0.001 0.007 0.005 0.004 0.040 0.001 

Locus 23 : 23 
6 alleles
0.4% missing data
 144   (0.187) 0.411 0.167 0.660 0.166 0.173 0.161 0.218 0.161 
 154   (0.530) 0.330 0.653 0.279 0.555 0.561 0.568 0.492 0.528 
 160   (0.114) 0.213 0.045 0.038 0.101 0.100 0.090 0.156 0.213 
 158   (0.019) 0.005 0.001 0.004 0.020 0.012 0.016 0.008 0.004 
 152   (0.016) 0.003 0.001 0.002 0.012 0.010 0.009 0.005 0.057 
 156   (0.134) 0.037 0.132 0.017 0.147 0.145 0.155 0.122 0.036 

Locus 24 : 24 
4 alleles
0.4% missing data
  77   (0.105) 0.044 0.052 0.012 0.104 0.096 0.112 0.114 0.179 
  81   (0.339) 0.103 0.282 0.335 0.353 0.393 0.383 0.337 0.310 
  83   (0.506) 0.840 0.605 0.647 0.496 0.461 0.459 0.528 0.495 
  85   (0.050) 0.013 0.062 0.005 0.047 0.050 0.046 0.021 0.016 

Locus 25 : 25 
6 alleles
0.4% missing data
 126   (0.040) 0.009 0.003 0.005 0.039 0.037 0.028 0.019 0.056 
 132   (0.304) 0.549 0.276 0.262 0.294 0.278 0.295 0.291 0.518 
 124   (0.510) 0.384 0.606 0.373 0.513 0.558 0.539 0.599 0.399 
 122   (0.117) 0.051 0.113 0.019 0.132 0.109 0.123 0.060 0.025 
 136   (0.015) 0.003 0.001 0.001 0.011 0.009 0.007 0.026 0.001 
 120   (0.015) 0.003 0.001 0.339 0.011 0.009 0.008 0.005 0.001 

Locus 26 : 26 
6 alleles
0.0% missing data
 165   (0.254) 0.093 0.343 0.335 0.241 0.246 0.228 0.361 0.172 
 175   (0.253) 0.244 0.312 0.048 0.257 0.233 0.268 0.302 0.205 
 183   (0.358) 0.625 0.313 0.252 0.373 0.318 0.365 0.245 0.542 
 179   (0.079) 0.024 0.006 0.360 0.077 0.120 0.082 0.045 0.077 
 181   (0.046) 0.012 0.025 0.005 0.043 0.074 0.050 0.042 0.003 
 185   (0.011) 0.003 0.001 0.001 0.009 0.009 0.008 0.005 0.001 

Locus 27 : 27 
4 alleles
0.0% missing data
 138   (0.066) 0.017 0.011 0.008 0.062 0.051 0.047 0.115 0.171 
 142   (0.549) 0.688 0.602 0.516 0.516 0.623 0.540 0.614 0.722 
 148   (0.249) 0.118 0.287 0.442 0.270 0.208 0.267 0.165 0.096 
 150   (0.135) 0.177 0.100 0.033 0.153 0.118 0.146 0.106 0.011 

Locus 28 : 28 
5 alleles
0.0% missing data
 262   (0.469) 0.543 0.611 0.785 0.440 0.524 0.440 0.376 0.687 
 260   (0.439) 0.299 0.330 0.186 0.476 0.412 0.493 0.544 0.291 
 256   (0.061) 0.150 0.057 0.026 0.056 0.044 0.047 0.030 0.020 
 264   (0.012) 0.002 0.001 0.001 0.007 0.006 0.005 0.039 0.001 
 258   (0.019) 0.005 0.001 0.002 0.020 0.014 0.016 0.010 0.001 

Locus 29 : 29 
5 alleles
0.0% missing data
 150   (0.487) 0.295 0.448 0.195 0.486 0.567 0.522 0.545 0.730 
 146   (0.237) 0.408 0.245 0.074 0.252 0.192 0.253 0.251 0.116 
 148   (0.091) 0.140 0.083 0.027 0.086 0.078 0.078 0.041 0.085 
 140   (0.159) 0.149 0.222 0.700 0.145 0.144 0.121 0.154 0.068 
 152   (0.026) 0.008 0.002 0.004 0.031 0.020 0.027 0.009 0.002 

Locus 30 : 30 
6 alleles
0.0% missing data
 123   (0.105) 0.092 0.114 0.020 0.090 0.150 0.107 0.074 0.107 
 129   (0.509) 0.619 0.434 0.368 0.512 0.490 0.490 0.686 0.536 
 125   (0.272) 0.259 0.309 0.088 0.281 0.275 0.297 0.161 0.351 
 127   (0.068) 0.018 0.140 0.519 0.067 0.052 0.056 0.027 0.004 
 121   (0.013) 0.004 0.001 0.001 0.015 0.007 0.018 0.004 0.001 
 131   (0.033) 0.009 0.002 0.004 0.035 0.025 0.031 0.048 0.002 

Locus 31 : 31 
5 alleles
0.0% missing data
 157   (0.211) 0.089 0.337 0.219 0.205 0.189 0.203 0.234 0.193 
 153   (0.058) 0.018 0.004 0.032 0.050 0.078 0.053 0.090 0.106 
 155   (0.572) 0.587 0.445 0.644 0.601 0.518 0.593 0.510 0.625 
 151   (0.032) 0.272 0.002 0.090 0.029 0.020 0.018 0.015 0.003 
 159   (0.128) 0.034 0.212 0.015 0.116 0.195 0.132 0.151 0.073 

Locus 32 : 32 
5 alleles
0.0% missing data
  92   (0.258) 0.402 0.172 0.160 0.254 0.282 0.259 0.185 0.220 
  91   (0.503) 0.185 0.620 0.674 0.496 0.529 0.489 0.545 0.597 
  95   (0.161) 0.394 0.014 0.131 0.184 0.129 0.191 0.215 0.089 
  94   (0.068) 0.017 0.194 0.007 0.059 0.055 0.055 0.052 0.093 
  90   (0.011) 0.002 0.001 0.028 0.007 0.006 0.005 0.003 0.001 

Locus 33 : 33 
4 alleles
0.0% missing data
 150   (0.558) 0.553 0.505 0.588 0.561 0.552 0.583 0.603 0.829 
 146   (0.315) 0.416 0.316 0.374 0.329 0.275 0.294 0.328 0.063 
 148   (0.073) 0.018 0.100 0.008 0.065 0.090 0.068 0.033 0.101 
 154   (0.054) 0.012 0.080 0.030 0.045 0.083 0.055 0.035 0.007 

Locus 34 : 34 
7 alleles
0.0% missing data
 180   (0.422) 0.664 0.432 0.765 0.412 0.436 0.420 0.378 0.628 
 184   (0.206) 0.079 0.284 0.172 0.208 0.178 0.189 0.134 0.198 
 196   (0.150) 0.042 0.097 0.017 0.157 0.167 0.166 0.177 0.123 
 198   (0.039) 0.074 0.003 0.014 0.033 0.053 0.038 0.022 0.015 
 194   (0.012) 0.002 0.001 0.001 0.007 0.006 0.005 0.003 0.027 
 192   (0.151) 0.134 0.157 0.029 0.164 0.149 0.161 0.279 0.009 
 190   (0.020) 0.005 0.026 0.002 0.020 0.011 0.021 0.006 0.001 

Locus 35 : 35 
7 alleles
0.0% missing data
 106   (0.318) 0.610 0.319 0.344 0.318 0.357 0.329 0.336 0.103 
 110   (0.218) 0.094 0.340 0.228 0.218 0.193 0.223 0.151 0.364 
 112   (0.272) 0.136 0.261 0.034 0.263 0.300 0.274 0.374 0.518 
 108   (0.127) 0.089 0.049 0.133 0.140 0.113 0.122 0.100 0.012 
  90   (0.037) 0.007 0.029 0.250 0.030 0.021 0.018 0.032 0.002 
  96   (0.011) 0.058 0.001 0.010 0.007 0.006 0.004 0.003 0.001 
  94   (0.017) 0.006 0.001 0.002 0.025 0.010 0.030 0.005 0.001 

Locus 36 : 36 
8 alleles
0.0% missing data
 172   (0.290) 0.360 0.114 0.065 0.278 0.273 0.258 0.463 0.503 
 166   (0.052) 0.010 0.039 0.006 0.040 0.038 0.030 0.059 0.258 
 176   (0.110) 0.033 0.256 0.012 0.128 0.072 0.132 0.049 0.093 
 170   (0.320) 0.529 0.509 0.545 0.316 0.287 0.304 0.231 0.121 
 174   (0.109) 0.035 0.074 0.011 0.116 0.145 0.135 0.082 0.018 
 178   (0.039) 0.010 0.003 0.004 0.039 0.035 0.033 0.072 0.004 
 168   (0.069) 0.021 0.005 0.356 0.076 0.133 0.097 0.040 0.004 
 186   (0.011) 0.002 0.001 0.001 0.007 0.017 0.009 0.003 0.001 

Locus 37 : 37 
6 alleles
0.0% missing data
  89   (0.527) 0.723 0.599 0.357 0.518 0.512 0.513 0.561 0.787 
  85   (0.218) 0.196 0.105 0.310 0.213 0.297 0.244 0.167 0.127 
  95   (0.071) 0.017 0.095 0.008 0.066 0.045 0.059 0.083 0.071 
  83   (0.122) 0.047 0.065 0.019 0.144 0.105 0.137 0.150 0.012 
  81   (0.048) 0.014 0.135 0.006 0.048 0.034 0.039 0.034 0.003 
  91   (0.014) 0.003 0.001 0.301 0.011 0.007 0.009 0.004 0.001 

Locus 38 : 38 
8 alleles
0.0% missing data
 173   (0.283) 0.465 0.438 0.430 0.275 0.255 0.251 0.336 0.130 
 161   (0.352) 0.402 0.352 0.115 0.360 0.356 0.355 0.324 0.497 
 165   (0.217) 0.089 0.200 0.072 0.223 0.242 0.246 0.174 0.214 
 169   (0.081) 0.029 0.005 0.034 0.094 0.080 0.104 0.075 0.136 
 159   (0.010) 0.002 0.001 0.001 0.007 0.006 0.005 0.004 0.005 
 167   (0.028) 0.009 0.002 0.004 0.024 0.047 0.029 0.042 0.006 
 168   (0.016) 0.003 0.001 0.343 0.010 0.008 0.007 0.005 0.011 
 175   (0.011) 0.002 0.001 0.001 0.007 0.006 0.005 0.041 0.001 

Locus 39 : 39 
7 alleles
0.0% missing data
  85   (0.222) 0.256 0.263 0.168 0.217 0.214 0.199 0.266 0.068 
  89   (0.371) 0.142 0.222 0.041 0.409 0.438 0.457 0.432 0.543 
  87   (0.120) 0.182 0.071 0.685 0.105 0.140 0.110 0.043 0.236 
  91   (0.163) 0.276 0.276 0.075 0.162 0.116 0.141 0.180 0.069 
  81   (0.091) 0.137 0.143 0.027 0.086 0.075 0.079 0.063 0.036 
  95   (0.011) 0.002 0.001 0.001 0.007 0.006 0.005 0.003 0.013 
  93   (0.021) 0.004 0.023 0.002 0.014 0.011 0.009 0.013 0.035 

Locus 40 : 40 
4 alleles
0.0% missing data
 167   (0.786) 0.874 0.955 0.819 0.771 0.811 0.788 0.834 0.896 
 161   (0.175) 0.116 0.042 0.176 0.187 0.165 0.171 0.154 0.092 
 165   (0.028) 0.008 0.002 0.004 0.035 0.018 0.036 0.009 0.006 
 155   (0.011) 0.002 0.001 0.001 0.007 0.006 0.005 0.004 0.006 

Locus 41 : 41 
7 alleles
0.4% missing data
 228   (0.399) 0.227 0.325 0.442 0.390 0.364 0.380 0.545 0.597 
 238   (0.353) 0.112 0.408 0.150 0.367 0.434 0.405 0.285 0.247 
 236   (0.076) 0.495 0.109 0.218 0.065 0.044 0.049 0.024 0.097 
 224   (0.032) 0.007 0.130 0.003 0.023 0.024 0.018 0.011 0.045 
 240   (0.114) 0.154 0.026 0.075 0.136 0.120 0.134 0.127 0.006 
 246   (0.011) 0.002 0.001 0.001 0.007 0.006 0.005 0.003 0.006 
 242   (0.015) 0.003 0.001 0.111 0.012 0.008 0.010 0.004 0.001 

Locus 42 : 42 
9 alleles
0.4% missing data
 130   (0.497) 0.422 0.455 0.122 0.546 0.493 0.572 0.489 0.467 
 114   (0.105) 0.029 0.153 0.457 0.100 0.099 0.093 0.054 0.101 
 132   (0.111) 0.265 0.185 0.047 0.101 0.078 0.085 0.075 0.208 
 128   (0.074) 0.023 0.051 0.008 0.060 0.066 0.056 0.195 0.177 
 134   (0.124) 0.036 0.132 0.269 0.121 0.197 0.139 0.129 0.008 
 122   (0.016) 0.004 0.001 0.002 0.012 0.011 0.010 0.006 0.035 
 118   (0.051) 0.217 0.012 0.093 0.046 0.044 0.036 0.045 0.004 
 120   (0.011) 0.002 0.006 0.001 0.007 0.006 0.005 0.003 0.001 
 119   (0.010) 0.002 0.005 0.001 0.007 0.006 0.006 0.003 0.001 

Locus 43 : 43 
8 alleles
0.0% missing data
  96   (0.059) 0.013 0.047 0.148 0.053 0.039 0.036 0.036 0.069 
  98   (0.144) 0.115 0.119 0.258 0.149 0.133 0.141 0.055 0.169 
 102   (0.258) 0.485 0.409 0.303 0.238 0.281 0.268 0.292 0.455 
  92   (0.130) 0.038 0.109 0.179 0.144 0.103 0.144 0.080 0.103 
 104   (0.370) 0.326 0.298 0.106 0.386 0.418 0.386 0.511 0.202 
 106   (0.010) 0.003 0.001 0.001 0.010 0.006 0.010 0.003 0.001 
  94   (0.013) 0.003 0.008 0.001 0.009 0.010 0.007 0.008 0.001 
 100   (0.017) 0.016 0.010 0.004 0.011 0.009 0.008 0.016 0.001 

Locus 44 : 44 
6 alleles
0.0% missing data
 101   (0.341) 0.201 0.411 0.045 0.345 0.330 0.328 0.484 0.339 
 103   (0.293) 0.375 0.308 0.235 0.302 0.310 0.325 0.232 0.196 
  95   (0.245) 0.384 0.217 0.095 0.235 0.246 0.234 0.234 0.448 
  99   (0.081) 0.022 0.057 0.307 0.087 0.079 0.088 0.029 0.009 
  97   (0.031) 0.017 0.005 0.317 0.025 0.030 0.021 0.017 0.002 
 105   (0.011) 0.002 0.001 0.001 0.007 0.006 0.005 0.003 0.006 

Locus 45 : 45 
8 alleles
0.0% missing data
 181   (0.585) 0.857 0.544 0.597 0.607 0.515 0.604 0.644 0.709 
 191   (0.274) 0.090 0.428 0.103 0.270 0.342 0.284 0.253 0.180 
 177   (0.056) 0.016 0.019 0.006 0.051 0.038 0.038 0.070 0.106 
 189   (0.020) 0.023 0.001 0.004 0.018 0.013 0.012 0.009 0.001 
 187   (0.010) 0.002 0.005 0.001 0.007 0.006 0.005 0.004 0.001 
 179   (0.025) 0.005 0.002 0.284 0.018 0.065 0.033 0.007 0.001 
 183   (0.014) 0.003 0.001 0.001 0.014 0.012 0.010 0.009 0.001 
 193   (0.015) 0.004 0.001 0.003 0.016 0.009 0.014 0.005 0.001 

Locus 46 : 46 
6 alleles
0.0% missing data
 205   (0.461) 0.331 0.444 0.313 0.480 0.487 0.505 0.570 0.400 
 215   (0.076) 0.099 0.123 0.020 0.069 0.059 0.058 0.031 0.095 
 201   (0.055) 0.014 0.045 0.403 0.044 0.052 0.042 0.027 0.096 
 207   (0.189) 0.386 0.094 0.103 0.205 0.140 0.188 0.201 0.148 
 211   (0.209) 0.169 0.293 0.160 0.194 0.248 0.199 0.167 0.260 
 202   (0.010) 0.002 0.001 0.001 0.007 0.014 0.009 0.004 0.001 

Locus 47 : 47 
9 alleles
0.0% missing data
 166   (0.171) 0.245 0.092 0.149 0.163 0.197 0.194 0.198 0.270 
 168   (0.159) 0.137 0.123 0.121 0.172 0.117 0.167 0.128 0.230 
 158   (0.183) 0.258 0.236 0.164 0.183 0.164 0.175 0.152 0.137 
 142   (0.282) 0.296 0.332 0.061 0.279 0.352 0.307 0.379 0.175 
 144   (0.044) 0.019 0.003 0.005 0.043 0.045 0.038 0.049 0.174 
 170   (0.026) 0.008 0.002 0.003 0.030 0.016 0.021 0.009 0.007 
 164   (0.046) 0.013 0.052 0.050 0.047 0.035 0.033 0.036 0.002 
 162   (0.056) 0.015 0.153 0.316 0.052 0.047 0.043 0.029 0.003 
 156   (0.032) 0.009 0.008 0.130 0.030 0.026 0.022 0.020 0.002 

Locus 48 : 48 
6 alleles
0.0% missing data
 145   (0.228) 0.566 0.353 0.393 0.199 0.242 0.207 0.235 0.271 
 149   (0.301) 0.242 0.122 0.444 0.326 0.273 0.306 0.438 0.085 
 151   (0.217) 0.065 0.363 0.129 0.220 0.219 0.233 0.160 0.167 
 153   (0.219) 0.117 0.159 0.030 0.219 0.246 0.223 0.154 0.463 
 147   (0.017) 0.004 0.001 0.002 0.014 0.010 0.011 0.005 0.013 
 143   (0.018) 0.005 0.001 0.002 0.021 0.010 0.020 0.007 0.001 

Values of parameters used in structure:
DATAFILE=temp1_np.str,	OUTFILE=k8/temp1_np_k8_run10,	NUMINDS=267,	NUMLOCI=48,	MISSING=-9,	LABEL=1,	POPDATA=1,	POPFLAG=0,	PHENOTYPE=0,	EXTRACOLS=0,	MAXPOPS=8,	BURNIN=500000,	NUMREPS=750000,	USEPOPINFO=0,	INFERALPHA=1,	INFERLAMBDA=0,	POPSPECIFICLAMBDA=0,	POPALPHAS=0,	COMPUTEPROB=1,	NOADMIX=0,	ADMBURNIN=500,	UPDATEFREQ=100,	PRINTLIKES=0,	INTERMEDSAVE=0,	PRINTKLD=0,	PRINTNET=1,	PRINTLAMBDA=1,	ANCESTDIST=0,	NUMBOXES=1000,	ANCESTPINT=0.90000,	GENSBACK=2,	MIGRPRIOR=0.01000,	PRINTQHAT=0,	PRINTQSUM=1,	ALPHA=1.0000,	FREQSCORR=1,	FPRIORMEAN=0.0100,	FPRIORSD=0.0500,	ONEFST=0,	LAMBDA=1.0000,	UNIFPRIORALPHA=1,	ALPHAMAX=10.0000,	ALPHAPRIORA=1.0000,	ALPHAPRIORB=2.0000,	ALPHAPROPSD=0.0250,	STARTATPOPINFO=0,	RANDOMIZE=0,	LINKAGE=0,	METROFREQ=10,	REPORTHITRATE=0,	MARKOVPHASE=0,	PHASED=1,	PLOIDY=2,	PHASEINFO=0	LOCPRIOR=0, 	LOCPRIORINIT=1.000000, 	LOCDATA=0, 	LOCISPOP=1, 	LOCPRIORSTEP=0.100000, 	MAXLOCPRIOR=20.000000, 	SEED=455523,	
[STRAT parameters]:    NUMSIMSTATS=1000,	PHENOTYPECOL=-9,	POOLFREQ=10,	LOCUSxONLY=0,	EMERROR=0.00100,	MISSINGPHENO=-9,	