

----------------------------------------------------
STRUCTURE by Pritchard, Stephens and Donnelly (2000)
     and Falush, Stephens and Pritchard (2003)
       Code by Pritchard, Falush and Hubisz
             Version 2.3.4 (Jul 2012)
----------------------------------------------------



Command line arguments:   structure -D 184431 -K 5 -m mainparams -o k5/temp1_np_k5_run1 
Input File:    temp1_np.str

Run parameters:
   267 individuals
   48 loci
   5 populations assumed
   500000 Burn-in period
   750000 Reps
RANDOMIZE turned off


--------------------------------------------
Proportion of membership of each pre-defined
 population in each of the 5 clusters

Given    Inferred Clusters                     Number of
 Pop       1      2      3      4      5      Individuals

  1:     0.915  0.025  0.023  0.008  0.028       39
  2:     0.953  0.009  0.019  0.005  0.014       33
  3:     0.010  0.027  0.926  0.007  0.030       79
  4:     0.023  0.051  0.011  0.857  0.058       19
  5:     0.003  0.005  0.004  0.977  0.011       10
  6:     0.016  0.482  0.038  0.034  0.430       10
  7:     0.055  0.340  0.067  0.041  0.497       23
  8:     0.021  0.623  0.106  0.041  0.209       11
  9:     0.095  0.719  0.016  0.009  0.161       13
 10:     0.051  0.350  0.055  0.051  0.493       25
 11:     0.057  0.675  0.012  0.007  0.249        5
--------------------------------------------

Allele-freq. divergence among pops (Net nucleotide distance),
computed using point estimates of P.

      1       2       3       4       5      
 1      -    0.0305  0.0420  0.0682  0.0288  
 2   0.0305     -    0.0198  0.0495  0.0058  
 3   0.0420  0.0198     -    0.0568  0.0190  
 4   0.0682  0.0495  0.0568     -    0.0416  
 5   0.0288  0.0058  0.0190  0.0416     -    

Average distances (expected heterozygosity) between individuals in same cluster:
cluster  1  : 0.5603 
cluster  2  : 0.6253 
cluster  3  : 0.5992 
cluster  4  : 0.6125 
cluster  5  : 0.6476 

--------------------------------------------
Estimated Ln Prob of Data   = -29993.3
Mean value of ln likelihood = -29484.6
Variance of ln likelihood   = 1017.5
Mean value of alpha         = 0.0380

Mean value of Fst_1         = 0.1129
Mean value of Fst_2         = 0.0311
Mean value of Fst_3         = 0.0927
Mean value of Fst_4         = 0.1302
Mean value of Fst_5         = 0.0136


Inferred ancestry of individuals:
        Label (%Miss) Pop:  Inferred clusters
  1     2229    (0)    1 :  0.975 0.005 0.005 0.009 0.006 
  2     2230    (0)    1 :  0.964 0.011 0.014 0.002 0.010 
  3     2235    (0)    1 :  0.864 0.015 0.011 0.033 0.077 
  4     2236    (0)    1 :  0.698 0.161 0.014 0.047 0.080 
  5     2237    (0)    1 :  0.862 0.092 0.022 0.010 0.013 
  6     2238    (0)    1 :  0.979 0.006 0.005 0.006 0.004 
  7     2239    (0)    1 :  0.974 0.006 0.008 0.002 0.010 
  8     2240    (0)    1 :  0.960 0.010 0.009 0.009 0.013 
  9     2241    (0)    1 :  0.898 0.016 0.010 0.030 0.045 
 10     2242    (0)    1 :  0.911 0.029 0.020 0.006 0.034 
 11     2243    (0)    1 :  0.923 0.020 0.041 0.004 0.011 
 12     2244    (0)    1 :  0.953 0.011 0.026 0.002 0.008 
 13     2245    (0)    1 :  0.960 0.005 0.027 0.003 0.004 
 14     2246    (0)    1 :  0.952 0.010 0.024 0.005 0.010 
 15     2247    (0)    1 :  0.964 0.012 0.011 0.003 0.010 
 16     2248    (0)    1 :  0.977 0.005 0.005 0.007 0.005 
 17     2249    (0)    1 :  0.863 0.018 0.026 0.004 0.088 
 18     2250    (0)    1 :  0.991 0.002 0.003 0.002 0.003 
 19     2251    (0)    1 :  0.911 0.019 0.014 0.030 0.027 
 20     2252    (0)    1 :  0.980 0.004 0.007 0.003 0.006 
 21     2253    (0)    1 :  0.814 0.033 0.024 0.002 0.127 
 22     2254    (0)    1 :  0.943 0.018 0.023 0.003 0.012 
 23     2255    (0)    1 :  0.955 0.008 0.017 0.004 0.016 
 24     2256    (0)    1 :  0.437 0.283 0.059 0.003 0.218 
 25     2257    (0)    1 :  0.949 0.010 0.015 0.016 0.011 
 26     2258    (0)    1 :  0.711 0.032 0.192 0.004 0.060 
 27     2259    (0)    1 :  0.986 0.005 0.003 0.003 0.003 
 28     2260    (0)    1 :  0.940 0.017 0.017 0.004 0.022 
 29     2261    (0)    1 :  0.985 0.004 0.003 0.004 0.004 
 30     2262    (0)    1 :  0.978 0.007 0.004 0.006 0.004 
 31     2263    (0)    1 :  0.973 0.005 0.011 0.006 0.005 
 32     2264    (0)    1 :  0.971 0.006 0.003 0.002 0.018 
 33     2265    (0)    1 :  0.911 0.046 0.009 0.004 0.029 
 34     2266    (0)    1 :  0.970 0.010 0.006 0.004 0.010 
 35     2267    (0)    1 :  0.978 0.005 0.011 0.003 0.004 
 36     2268    (0)    1 :  0.948 0.027 0.004 0.006 0.015 
 37     2269    (0)    1 :  0.984 0.003 0.002 0.003 0.008 
 38     2270    (0)    1 :  0.977 0.006 0.008 0.003 0.006 
 39     2271    (0)    1 :  0.734 0.011 0.189 0.005 0.061 
 40      934    (0)   10 :  0.021 0.180 0.009 0.012 0.778 
 41     2434    (0)   10 :  0.010 0.182 0.025 0.006 0.778 
 42     2435    (0)   10 :  0.007 0.093 0.020 0.280 0.601 
 43     2436    (0)   10 :  0.003 0.287 0.149 0.417 0.143 
 44     2437    (0)   10 :  0.004 0.086 0.058 0.014 0.837 
 45     2438    (0)   10 :  0.004 0.028 0.005 0.004 0.958 
 46     2439    (0)   10 :  0.012 0.862 0.014 0.004 0.108 
 47     2440    (0)   10 :  0.009 0.328 0.505 0.043 0.115 
 48     2441    (0)   10 :  0.012 0.057 0.019 0.158 0.754 
 49     2442    (0)   10 :  0.004 0.028 0.007 0.009 0.951 
 50     2443    (0)   10 :  0.008 0.211 0.176 0.011 0.593 
 51     2444    (0)   10 :  0.013 0.840 0.019 0.005 0.123 
 52     2446    (0)   10 :  0.017 0.865 0.013 0.010 0.094 
 53     2447    (0)   10 :  0.019 0.039 0.007 0.003 0.933 
 54     2448    (0)   10 :  0.367 0.269 0.011 0.005 0.348 
 55     2449    (0)   10 :  0.003 0.933 0.011 0.023 0.030 
 56     2450    (0)   10 :  0.003 0.683 0.008 0.016 0.289 
 57     2451    (0)   10 :  0.003 0.280 0.030 0.031 0.656 
 58     2452    (0)   10 :  0.030 0.837 0.021 0.017 0.095 
 59     2453    (0)   10 :  0.012 0.016 0.004 0.015 0.953 
 60     2454    (0)   10 :  0.651 0.155 0.049 0.033 0.112 
 61     2455    (0)   10 :  0.010 0.623 0.132 0.005 0.229 
 62     2456    (0)   10 :  0.030 0.016 0.061 0.063 0.830 
 63     2457    (0)   10 :  0.013 0.836 0.012 0.040 0.099 
 64     2458    (0)   10 :  0.008 0.010 0.005 0.050 0.928 
 65     1074    (0)   11 :  0.049 0.888 0.015 0.006 0.041 
 66     1075    (0)   11 :  0.024 0.169 0.004 0.005 0.798 
 67     1076    (0)   11 :  0.004 0.968 0.004 0.003 0.021 
 68     1077    (0)   11 :  0.167 0.652 0.029 0.005 0.147 
 69     1078    (0)   11 :  0.039 0.697 0.010 0.013 0.240 
 70      382    (0)    2 :  0.957 0.009 0.016 0.003 0.015 
 71      383    (0)    2 :  0.796 0.021 0.148 0.006 0.029 
 72      647    (0)    2 :  0.973 0.007 0.013 0.003 0.004 
 73      648    (0)    2 :  0.975 0.008 0.010 0.002 0.005 
 74      649    (0)    2 :  0.983 0.005 0.004 0.003 0.005 
 75      650    (0)    2 :  0.981 0.005 0.005 0.002 0.006 
 76      651    (0)    2 :  0.988 0.003 0.003 0.002 0.004 
 77      652    (0)    2 :  0.961 0.006 0.027 0.002 0.004 
 78      653    (0)    2 :  0.979 0.006 0.004 0.002 0.008 
 79      654    (0)    2 :  0.980 0.004 0.005 0.007 0.004 
 80      658    (0)    2 :  0.985 0.005 0.003 0.002 0.006 
 81      659    (0)    2 :  0.987 0.004 0.004 0.002 0.003 
 82      660    (0)    2 :  0.979 0.008 0.003 0.002 0.008 
 83      661    (0)    2 :  0.980 0.006 0.004 0.003 0.008 
 84      662    (0)    2 :  0.956 0.004 0.004 0.030 0.005 
 85      663    (0)    2 :  0.988 0.003 0.004 0.002 0.003 
 86      664    (0)    2 :  0.951 0.017 0.014 0.003 0.014 
 87      665    (0)    2 :  0.943 0.018 0.025 0.003 0.012 
 88      671    (0)    2 :  0.984 0.004 0.007 0.002 0.003 
 89      672    (0)    2 :  0.981 0.006 0.004 0.002 0.006 
 90      673    (0)    2 :  0.988 0.004 0.002 0.003 0.004 
 91      674    (0)    2 :  0.883 0.017 0.050 0.016 0.034 
 92      675    (0)    2 :  0.958 0.008 0.008 0.016 0.010 
 93      676    (0)    2 :  0.981 0.005 0.006 0.003 0.005 
 94      677    (0)    2 :  0.986 0.003 0.005 0.002 0.004 
 95      678    (0)    2 :  0.986 0.004 0.003 0.003 0.003 
 96      679    (0)    2 :  0.984 0.005 0.003 0.004 0.005 
 97      680    (0)    2 :  0.986 0.005 0.003 0.002 0.003 
 98      681    (0)    2 :  0.981 0.006 0.005 0.004 0.004 
 99      682    (0)    2 :  0.987 0.004 0.004 0.002 0.003 
100      683    (0)    2 :  0.923 0.028 0.016 0.008 0.024 
101      755    (0)    2 :  0.526 0.068 0.205 0.005 0.195 
102     2286    (0)    2 :  0.984 0.004 0.005 0.004 0.003 
103      690    (0)    3 :  0.018 0.497 0.457 0.004 0.025 
104      691    (0)    3 :  0.003 0.013 0.962 0.005 0.017 
105      692    (0)    3 :  0.013 0.006 0.951 0.025 0.006 
106      693    (0)    3 :  0.004 0.005 0.981 0.002 0.007 
107      694    (0)    3 :  0.012 0.046 0.930 0.002 0.011 
108      695    (0)    3 :  0.005 0.024 0.951 0.007 0.013 
109      696    (0)    3 :  0.025 0.027 0.906 0.015 0.026 
110      697    (0)    3 :  0.013 0.011 0.967 0.002 0.006 
111      698    (0)    3 :  0.004 0.007 0.981 0.003 0.006 
112      699    (0)    3 :  0.014 0.005 0.966 0.011 0.004 
113      700    (0)    3 :  0.043 0.295 0.569 0.009 0.084 
114      701    (0)    3 :  0.005 0.019 0.933 0.021 0.021 
115      703    (0)    3 :  0.003 0.025 0.945 0.014 0.013 
116      704    (0)    3 :  0.009 0.013 0.955 0.009 0.015 
117      705    (0)    3 :  0.011 0.011 0.891 0.012 0.075 
118      706    (0)    3 :  0.010 0.011 0.961 0.005 0.013 
119      707    (0)    3 :  0.016 0.004 0.972 0.003 0.005 
120      708    (0)    3 :  0.028 0.006 0.945 0.013 0.008 
121      709    (0)    3 :  0.009 0.023 0.947 0.005 0.015 
122      710    (0)    3 :  0.006 0.013 0.943 0.020 0.017 
123      711    (0)    3 :  0.011 0.051 0.890 0.003 0.045 
124     2287    (0)    3 :  0.011 0.012 0.960 0.004 0.013 
125     2288    (0)    3 :  0.008 0.014 0.937 0.022 0.019 
126     2289    (0)    3 :  0.003 0.007 0.975 0.008 0.007 
127     2290    (0)    3 :  0.009 0.019 0.958 0.005 0.010 
128     2291    (0)    3 :  0.010 0.010 0.970 0.002 0.009 
129     2292    (0)    3 :  0.007 0.003 0.984 0.002 0.003 
130     2293    (0)    3 :  0.006 0.022 0.949 0.006 0.017 
131     2294    (0)    3 :  0.004 0.038 0.849 0.017 0.093 
132     2295    (0)    3 :  0.075 0.085 0.791 0.006 0.044 
133     2296    (0)    3 :  0.003 0.004 0.985 0.003 0.005 
134     2297    (0)    3 :  0.007 0.013 0.953 0.002 0.025 
135     2298    (0)    3 :  0.003 0.009 0.973 0.004 0.011 
136     2299    (0)    3 :  0.004 0.009 0.969 0.007 0.010 
137     2300    (0)    3 :  0.003 0.005 0.982 0.005 0.005 
138     2301    (0)    3 :  0.012 0.004 0.979 0.002 0.004 
139     2302    (0)    3 :  0.005 0.004 0.984 0.003 0.003 
140     2303    (0)    3 :  0.004 0.018 0.966 0.002 0.011 
141     2304    (0)    3 :  0.036 0.014 0.935 0.004 0.011 
142     2305    (0)    3 :  0.009 0.007 0.969 0.005 0.009 
143     2306    (0)    3 :  0.015 0.013 0.949 0.004 0.019 
144     2307    (0)    3 :  0.025 0.017 0.934 0.010 0.013 
145     2308    (0)    3 :  0.002 0.021 0.008 0.040 0.931 
146     2309    (0)    3 :  0.007 0.010 0.973 0.004 0.007 
147     2310    (0)    3 :  0.013 0.009 0.969 0.002 0.007 
148     2311    (0)    3 :  0.004 0.004 0.983 0.005 0.004 
149     2312    (0)    3 :  0.005 0.004 0.985 0.002 0.004 
150     2313    (0)    3 :  0.012 0.012 0.962 0.004 0.009 
151     2314    (0)    3 :  0.012 0.028 0.945 0.003 0.011 
152     2315    (0)    3 :  0.006 0.006 0.973 0.006 0.009 
153     2316    (0)    3 :  0.009 0.020 0.944 0.006 0.021 
154     2317    (0)    3 :  0.005 0.005 0.978 0.005 0.007 
155     2318    (0)    3 :  0.004 0.008 0.977 0.005 0.006 
156     2319    (0)    3 :  0.004 0.005 0.984 0.003 0.005 
157     2320    (0)    3 :  0.004 0.004 0.976 0.013 0.004 
158     2321    (0)    3 :  0.018 0.019 0.935 0.010 0.019 
159     2322    (0)    3 :  0.010 0.098 0.837 0.019 0.037 
160     2323    (0)    3 :  0.003 0.014 0.957 0.013 0.012 
161     2324    (0)    3 :  0.003 0.007 0.980 0.004 0.006 
162     2325    (0)    3 :  0.007 0.005 0.981 0.004 0.004 
163     2326    (0)    3 :  0.017 0.156 0.610 0.004 0.212 
164     2327    (0)    3 :  0.026 0.025 0.923 0.005 0.020 
165     2328    (0)    3 :  0.009 0.036 0.836 0.006 0.112 
166     2329    (0)    3 :  0.013 0.007 0.972 0.002 0.006 
167     2330    (0)    3 :  0.009 0.008 0.975 0.002 0.006 
168     2331    (0)    3 :  0.007 0.007 0.968 0.009 0.008 
169     2332    (0)    3 :  0.015 0.012 0.965 0.002 0.006 
170     2333    (0)    3 :  0.003 0.081 0.892 0.010 0.014 
171     2334    (0)    3 :  0.003 0.006 0.982 0.003 0.006 
172     2335    (0)    3 :  0.004 0.003 0.983 0.006 0.003 
173     2336    (0)    3 :  0.007 0.003 0.984 0.002 0.003 
174     2337    (0)    3 :  0.004 0.004 0.986 0.002 0.004 
175     2338    (0)    3 :  0.005 0.004 0.982 0.005 0.004 
176     2339    (0)    3 :  0.005 0.025 0.951 0.003 0.017 
177     2340    (0)    3 :  0.005 0.004 0.984 0.002 0.004 
178     2341    (0)    3 :  0.017 0.007 0.962 0.008 0.007 
179     2342    (2)    3 :  0.007 0.021 0.958 0.004 0.010 
180     2343    (0)    3 :  0.013 0.015 0.958 0.003 0.012 
181     2344    (0)    3 :  0.005 0.009 0.977 0.003 0.006 
182      195    (0)    4 :  0.079 0.019 0.015 0.853 0.034 
183      364    (0)    4 :  0.009 0.006 0.007 0.973 0.005 
184      756    (0)    4 :  0.004 0.019 0.005 0.957 0.016 
185      757    (0)    4 :  0.100 0.312 0.019 0.520 0.049 
186      758    (0)    4 :  0.015 0.046 0.010 0.896 0.033 
187      759    (0)    4 :  0.064 0.078 0.011 0.789 0.058 
188      760    (0)    4 :  0.004 0.286 0.004 0.534 0.173 
189      766    (0)    4 :  0.007 0.005 0.006 0.978 0.003 
190      767    (0)    4 :  0.008 0.009 0.010 0.960 0.012 
191      768    (0)    4 :  0.025 0.022 0.020 0.883 0.050 
192      769    (0)    4 :  0.012 0.050 0.005 0.916 0.018 
193      770    (0)    4 :  0.035 0.010 0.048 0.892 0.015 
194      771    (0)    4 :  0.007 0.006 0.007 0.971 0.009 
195      772    (0)    4 :  0.014 0.063 0.006 0.324 0.593 
196      773    (0)    4 :  0.006 0.014 0.005 0.962 0.013 
197      774    (0)    4 :  0.007 0.005 0.008 0.974 0.006 
198      775    (0)    4 :  0.005 0.004 0.005 0.983 0.003 
199      776    (0)    4 :  0.006 0.009 0.005 0.974 0.006 
200      777    (0)    4 :  0.023 0.005 0.011 0.952 0.009 
201      857    (0)    5 :  0.003 0.003 0.002 0.989 0.003 
202      858    (0)    5 :  0.003 0.003 0.005 0.986 0.003 
203      859    (0)    5 :  0.001 0.003 0.002 0.992 0.002 
204      860    (0)    5 :  0.002 0.003 0.003 0.989 0.003 
205      861    (0)    5 :  0.001 0.002 0.003 0.992 0.002 
206      862    (0)    5 :  0.005 0.005 0.004 0.982 0.003 
207      863    (0)    5 :  0.002 0.002 0.002 0.991 0.003 
208      864    (0)    5 :  0.002 0.003 0.003 0.988 0.003 
209      865    (0)    5 :  0.004 0.021 0.013 0.875 0.087 
210      866    (0)    5 :  0.002 0.003 0.002 0.990 0.003 
211     2355    (0)    6 :  0.008 0.486 0.138 0.018 0.350 
212     2356    (0)    6 :  0.003 0.511 0.016 0.032 0.438 
213     2357    (0)    6 :  0.046 0.844 0.081 0.003 0.026 
214     2358    (0)    6 :  0.005 0.035 0.006 0.012 0.942 
215     2359    (0)    6 :  0.012 0.297 0.077 0.003 0.611 
216     2360    (0)    6 :  0.004 0.956 0.006 0.011 0.023 
217     2361    (2)    6 :  0.012 0.067 0.008 0.003 0.910 
218     2362    (0)    6 :  0.012 0.604 0.007 0.003 0.374 
219     2363    (0)    6 :  0.006 0.549 0.008 0.248 0.189 
220     2364    (0)    6 :  0.049 0.472 0.035 0.008 0.435 
221     2369    (0)    7 :  0.236 0.223 0.030 0.004 0.507 
222     2370    (0)    7 :  0.016 0.542 0.005 0.003 0.434 
223     2372    (0)    7 :  0.009 0.563 0.209 0.003 0.215 
224     2373    (0)    7 :  0.013 0.052 0.008 0.274 0.652 
225     2374    (0)    7 :  0.007 0.941 0.007 0.006 0.039 
226     2375    (0)    7 :  0.007 0.895 0.021 0.015 0.062 
227     2376    (0)    7 :  0.034 0.166 0.642 0.023 0.136 
228     2377    (0)    7 :  0.164 0.455 0.012 0.005 0.364 
229     2378    (0)    7 :  0.015 0.177 0.014 0.003 0.791 
230     2379    (0)    7 :  0.011 0.011 0.021 0.015 0.943 
231     2380    (0)    7 :  0.009 0.596 0.235 0.003 0.157 
232     2381    (0)    7 :  0.059 0.070 0.025 0.011 0.836 
233     2382    (0)    7 :  0.002 0.842 0.012 0.006 0.138 
234     2383    (0)    7 :  0.084 0.741 0.015 0.005 0.155 
235     2384    (0)    7 :  0.016 0.296 0.015 0.004 0.669 
236     2385    (0)    7 :  0.007 0.080 0.019 0.003 0.892 
237     2386    (0)    7 :  0.058 0.557 0.008 0.004 0.373 
238     2387    (0)    7 :  0.014 0.073 0.036 0.007 0.870 
239     2388    (0)    7 :  0.003 0.010 0.009 0.019 0.959 
240     2389    (2)    7 :  0.008 0.154 0.037 0.484 0.317 
241     2390    (0)    7 :  0.006 0.011 0.049 0.016 0.918 
242     2391    (0)    7 :  0.158 0.076 0.084 0.023 0.659 
243     2392    (0)    7 :  0.323 0.286 0.034 0.006 0.351 
244     2459    (0)    8 :  0.009 0.476 0.176 0.005 0.334 
245     2460    (0)    8 :  0.094 0.113 0.010 0.005 0.778 
246     2461    (0)    8 :  0.004 0.919 0.042 0.005 0.031 
247     2462    (4)    8 :  0.033 0.430 0.087 0.003 0.448 
248     2463    (0)    8 :  0.014 0.761 0.032 0.013 0.180 
249     2464    (2)    8 :  0.015 0.797 0.010 0.034 0.144 
250     2465    (0)    8 :  0.019 0.801 0.040 0.004 0.136 
251     2466    (2)    8 :  0.015 0.772 0.116 0.006 0.091 
252     2467    (0)    8 :  0.011 0.024 0.549 0.365 0.050 
253     2468    (0)    8 :  0.007 0.812 0.088 0.004 0.090 
254     2469    (0)    8 :  0.014 0.950 0.018 0.003 0.015 
255     2398    (0)    9 :  0.015 0.878 0.024 0.003 0.079 
256     2399    (0)    9 :  0.017 0.753 0.004 0.004 0.223 
257     2400    (0)    9 :  0.052 0.819 0.006 0.003 0.121 
258     2401    (0)    9 :  0.026 0.882 0.024 0.004 0.065 
259     2402    (0)    9 :  0.204 0.617 0.021 0.009 0.150 
260     2403    (0)    9 :  0.004 0.959 0.017 0.012 0.008 
261     2404    (0)    9 :  0.024 0.934 0.020 0.003 0.019 
262     2405    (0)    9 :  0.005 0.194 0.014 0.005 0.782 
263     2406    (0)    9 :  0.186 0.709 0.011 0.006 0.089 
264     2407    (0)    9 :  0.504 0.152 0.032 0.007 0.306 
265     2408    (0)    9 :  0.102 0.643 0.011 0.054 0.189 
266     2409    (0)    9 :  0.065 0.859 0.015 0.004 0.057 
267     2410    (0)    9 :  0.028 0.955 0.007 0.002 0.007 


Estimated Allele Frequencies in each cluster
First column gives estimated ancestral frequencies


Locus 1 : 1 
4 alleles
0.0% missing data
  89   (0.493) 0.639 0.536 0.427 0.441 0.484 
  91   (0.348) 0.255 0.301 0.531 0.407 0.350 
  93   (0.132) 0.104 0.154 0.041 0.043 0.135 
  99   (0.027) 0.002 0.008 0.002 0.109 0.031 

Locus 2 : 2 
6 alleles
0.0% missing data
 138   (0.225) 0.295 0.205 0.116 0.426 0.223 
 136   (0.388) 0.503 0.336 0.510 0.350 0.392 
 140   (0.071) 0.083 0.092 0.007 0.009 0.076 
 134   (0.266) 0.117 0.344 0.291 0.208 0.251 
 142   (0.024) 0.001 0.008 0.074 0.003 0.022 
 132   (0.025) 0.001 0.016 0.002 0.005 0.037 

Locus 3 : 3 
6 alleles
0.0% missing data
 179   (0.278) 0.291 0.360 0.474 0.032 0.265 
 187   (0.327) 0.497 0.273 0.177 0.576 0.330 
 181   (0.194) 0.124 0.167 0.293 0.109 0.190 
 191   (0.048) 0.080 0.057 0.003 0.138 0.028 
 185   (0.091) 0.005 0.091 0.021 0.139 0.106 
 175   (0.062) 0.003 0.052 0.032 0.008 0.081 

Locus 4 : 4 
12 alleles
0.0% missing data
 253   (0.406) 0.641 0.468 0.620 0.391 0.375 
 269   (0.206) 0.112 0.228 0.192 0.181 0.211 
 271   (0.051) 0.015 0.061 0.009 0.009 0.051 
 241   (0.164) 0.053 0.140 0.169 0.101 0.194 
 249   (0.037) 0.160 0.018 0.002 0.034 0.029 
 247   (0.060) 0.003 0.059 0.004 0.235 0.078 
 273   (0.015) 0.001 0.009 0.001 0.003 0.015 
 245   (0.011) 0.001 0.003 0.001 0.001 0.012 
 267   (0.011) 0.007 0.003 0.001 0.001 0.006 
 235   (0.011) 0.007 0.003 0.001 0.001 0.006 
 239   (0.015) 0.001 0.004 0.001 0.040 0.010 
 265   (0.011) 0.001 0.004 0.001 0.001 0.011 

Locus 5 : 5 
5 alleles
0.0% missing data
 103   (0.878) 0.942 0.937 0.853 0.926 0.885 
 104   (0.034) 0.047 0.015 0.019 0.004 0.026 
 105   (0.053) 0.003 0.039 0.125 0.006 0.059 
 107   (0.012) 0.007 0.003 0.001 0.001 0.006 
 102   (0.023) 0.001 0.006 0.001 0.063 0.023 

Locus 6 : 6 
6 alleles
0.0% missing data
 135   (0.296) 0.171 0.230 0.221 0.620 0.323 
 141   (0.293) 0.570 0.241 0.384 0.090 0.308 
 145   (0.316) 0.209 0.492 0.338 0.191 0.277 
 147   (0.061) 0.042 0.026 0.054 0.093 0.052 
 137   (0.021) 0.001 0.008 0.001 0.004 0.034 
 143   (0.012) 0.007 0.003 0.001 0.001 0.006 

Locus 7 : 7 
10 alleles
0.4% missing data
  89   (0.070) 0.041 0.057 0.034 0.009 0.083 
  91   (0.048) 0.027 0.014 0.037 0.192 0.043 
 103   (0.346) 0.312 0.383 0.584 0.208 0.364 
  93   (0.215) 0.352 0.193 0.174 0.235 0.225 
  97   (0.175) 0.183 0.209 0.083 0.261 0.170 
 101   (0.016) 0.006 0.008 0.001 0.002 0.012 
  85   (0.051) 0.075 0.036 0.058 0.007 0.043 
  99   (0.015) 0.001 0.011 0.001 0.002 0.015 
  83   (0.048) 0.003 0.079 0.026 0.035 0.037 
 105   (0.017) 0.001 0.010 0.001 0.050 0.009 

Locus 8 : 8 
10 alleles
0.0% missing data
 129   (0.566) 0.651 0.631 0.525 0.511 0.600 
 141   (0.070) 0.149 0.058 0.094 0.046 0.047 
 149   (0.055) 0.133 0.030 0.003 0.032 0.062 
 131   (0.017) 0.004 0.005 0.001 0.066 0.009 
 143   (0.224) 0.053 0.243 0.367 0.280 0.232 
 133   (0.018) 0.001 0.013 0.001 0.002 0.022 
 121   (0.011) 0.007 0.003 0.001 0.001 0.006 
 145   (0.016) 0.001 0.012 0.006 0.002 0.009 
 127   (0.012) 0.001 0.003 0.001 0.044 0.006 
 128   (0.011) 0.001 0.003 0.001 0.016 0.006 

Locus 9 : 9 
4 alleles
0.0% missing data
 191   (0.370) 0.596 0.331 0.443 0.421 0.349 
 195   (0.184) 0.150 0.217 0.346 0.084 0.154 
 189   (0.429) 0.248 0.445 0.210 0.493 0.484 
 193   (0.017) 0.006 0.007 0.001 0.002 0.014 

Locus 10 : 10 
7 alleles
0.0% missing data
 232   (0.227) 0.421 0.202 0.157 0.255 0.228 
 238   (0.503) 0.430 0.600 0.602 0.274 0.518 
 252   (0.129) 0.120 0.105 0.168 0.109 0.116 
 254   (0.070) 0.018 0.036 0.063 0.352 0.062 
 250   (0.037) 0.002 0.036 0.008 0.004 0.043 
 240   (0.012) 0.007 0.003 0.001 0.001 0.006 
 248   (0.021) 0.001 0.018 0.001 0.005 0.026 

Locus 11 : 11 
5 alleles
0.0% missing data
  89   (0.199) 0.216 0.200 0.238 0.247 0.174 
  87   (0.728) 0.662 0.742 0.758 0.681 0.773 
  91   (0.049) 0.121 0.048 0.003 0.065 0.034 
  85   (0.012) 0.001 0.003 0.001 0.001 0.012 
  83   (0.012) 0.001 0.006 0.001 0.006 0.008 

Locus 12 : 12 
13 alleles
0.0% missing data
 147   (0.043) 0.113 0.036 0.125 0.004 0.024 
 162   (0.256) 0.183 0.263 0.310 0.243 0.259 
 158   (0.210) 0.458 0.197 0.271 0.046 0.221 
 160   (0.256) 0.156 0.305 0.085 0.576 0.271 
 161   (0.084) 0.065 0.076 0.186 0.009 0.077 
 170   (0.041) 0.007 0.050 0.003 0.004 0.056 
 143   (0.027) 0.001 0.011 0.016 0.108 0.018 
 149   (0.020) 0.001 0.029 0.001 0.003 0.016 
 154   (0.018) 0.001 0.008 0.001 0.002 0.026 
 164   (0.012) 0.014 0.003 0.001 0.001 0.006 
 165   (0.011) 0.001 0.003 0.001 0.001 0.012 
 134   (0.011) 0.001 0.008 0.001 0.001 0.008 
 159   (0.011) 0.001 0.011 0.001 0.001 0.006 

Locus 13 : 13 
4 alleles
0.0% missing data
 113   (0.337) 0.362 0.304 0.375 0.473 0.336 
 115   (0.482) 0.476 0.541 0.452 0.338 0.495 
 108   (0.170) 0.162 0.151 0.173 0.188 0.158 
 110   (0.012) 0.001 0.004 0.001 0.001 0.011 

Locus 14 : 14 
10 alleles
0.0% missing data
 229   (0.420) 0.485 0.437 0.321 0.272 0.475 
 233   (0.052) 0.105 0.022 0.024 0.052 0.043 
 225   (0.142) 0.069 0.145 0.061 0.102 0.156 
 227   (0.158) 0.237 0.254 0.146 0.124 0.119 
 231   (0.171) 0.096 0.113 0.443 0.443 0.165 
 213   (0.011) 0.001 0.003 0.001 0.001 0.012 
 221   (0.011) 0.001 0.011 0.001 0.001 0.006 
 255   (0.011) 0.006 0.004 0.001 0.001 0.006 
 223   (0.011) 0.001 0.003 0.001 0.001 0.012 
 203   (0.011) 0.001 0.008 0.001 0.001 0.007 

Locus 15 : 15 
5 alleles
0.4% missing data
 143   (0.889) 0.969 0.931 0.919 0.801 0.918 
 145   (0.059) 0.029 0.042 0.078 0.111 0.038 
 147   (0.027) 0.001 0.021 0.002 0.025 0.025 
 157   (0.012) 0.001 0.003 0.001 0.001 0.012 
 133   (0.013) 0.001 0.003 0.001 0.061 0.007 

Locus 16 : 16 
5 alleles
0.0% missing data
 156   (0.269) 0.266 0.271 0.343 0.419 0.248 
 158   (0.507) 0.570 0.551 0.469 0.449 0.529 
 154   (0.082) 0.047 0.041 0.057 0.084 0.087 
 160   (0.131) 0.115 0.127 0.130 0.047 0.130 
 152   (0.012) 0.001 0.010 0.001 0.001 0.007 

Locus 17 : 17 
5 alleles
0.0% missing data
  90   (0.668) 0.757 0.665 0.816 0.601 0.664 
 102   (0.188) 0.230 0.187 0.164 0.218 0.165 
  88   (0.051) 0.007 0.053 0.013 0.006 0.055 
 100   (0.081) 0.006 0.092 0.006 0.174 0.104 
 104   (0.012) 0.001 0.004 0.001 0.001 0.012 

Locus 18 : 18 
8 alleles
0.0% missing data
 142   (0.108) 0.440 0.079 0.007 0.012 0.162 
 148   (0.092) 0.053 0.102 0.039 0.149 0.071 
 140   (0.270) 0.082 0.337 0.415 0.217 0.254 
 127   (0.271) 0.221 0.233 0.383 0.122 0.289 
 138   (0.071) 0.040 0.089 0.064 0.007 0.059 
 146   (0.111) 0.159 0.084 0.077 0.080 0.102 
 150   (0.063) 0.004 0.073 0.014 0.263 0.057 
 128   (0.013) 0.001 0.004 0.001 0.150 0.007 

Locus 19 : 19 
6 alleles
0.0% missing data
 190   (0.114) 0.320 0.108 0.243 0.081 0.078 
 194   (0.583) 0.573 0.574 0.648 0.611 0.600 
 188   (0.159) 0.098 0.156 0.054 0.094 0.177 
 200   (0.095) 0.005 0.137 0.051 0.087 0.093 
 198   (0.012) 0.001 0.004 0.001 0.001 0.012 
 202   (0.036) 0.002 0.021 0.002 0.126 0.039 

Locus 20 : 20 
6 alleles
0.0% missing data
 244   (0.034) 0.035 0.022 0.007 0.004 0.026 
 252   (0.632) 0.745 0.739 0.630 0.388 0.642 
 250   (0.084) 0.117 0.033 0.038 0.353 0.083 
 254   (0.095) 0.085 0.063 0.078 0.051 0.092 
 246   (0.136) 0.016 0.136 0.246 0.192 0.133 
 248   (0.020) 0.001 0.007 0.001 0.012 0.024 

Locus 21 : 21 
10 alleles
0.0% missing data
 177   (0.203) 0.265 0.152 0.129 0.320 0.221 
 167   (0.262) 0.336 0.351 0.220 0.180 0.245 
 175   (0.124) 0.053 0.142 0.264 0.104 0.100 
 173   (0.271) 0.331 0.281 0.193 0.158 0.294 
 165   (0.051) 0.003 0.046 0.174 0.009 0.050 
 163   (0.043) 0.002 0.016 0.006 0.211 0.059 
 169   (0.011) 0.007 0.003 0.001 0.001 0.006 
 171   (0.012) 0.001 0.003 0.012 0.001 0.007 
 159   (0.011) 0.001 0.003 0.001 0.001 0.012 
 161   (0.011) 0.001 0.003 0.001 0.013 0.006 

Locus 22 : 22 
11 alleles
0.0% missing data
 146   (0.207) 0.251 0.230 0.288 0.172 0.197 
 154   (0.013) 0.072 0.004 0.001 0.001 0.007 
 152   (0.410) 0.557 0.431 0.461 0.368 0.444 
 150   (0.048) 0.013 0.031 0.024 0.050 0.040 
 166   (0.083) 0.042 0.071 0.101 0.062 0.074 
 164   (0.038) 0.003 0.021 0.050 0.005 0.047 
 156   (0.020) 0.001 0.013 0.001 0.132 0.012 
 162   (0.040) 0.002 0.043 0.011 0.056 0.033 
 158   (0.105) 0.056 0.133 0.061 0.027 0.108 
 148   (0.024) 0.001 0.007 0.001 0.126 0.030 
 142   (0.013) 0.001 0.018 0.001 0.001 0.007 

Locus 23 : 23 
6 alleles
0.4% missing data
 144   (0.187) 0.162 0.181 0.167 0.566 0.161 
 154   (0.519) 0.528 0.561 0.650 0.264 0.536 
 160   (0.122) 0.210 0.122 0.050 0.145 0.103 
 158   (0.021) 0.005 0.008 0.001 0.006 0.022 
 152   (0.017) 0.056 0.007 0.001 0.002 0.011 
 156   (0.135) 0.040 0.121 0.130 0.018 0.168 

Locus 24 : 24 
4 alleles
0.4% missing data
  77   (0.107) 0.180 0.092 0.055 0.022 0.109 
  81   (0.341) 0.308 0.403 0.281 0.169 0.347 
  83   (0.504) 0.494 0.479 0.601 0.804 0.496 
  85   (0.049) 0.018 0.026 0.064 0.005 0.049 

Locus 25 : 25 
6 alleles
0.4% missing data
 126   (0.039) 0.055 0.036 0.003 0.006 0.035 
 132   (0.310) 0.515 0.267 0.279 0.458 0.305 
 124   (0.507) 0.402 0.576 0.602 0.358 0.513 
 122   (0.113) 0.026 0.093 0.115 0.033 0.129 
 136   (0.014) 0.001 0.020 0.001 0.001 0.007 
 120   (0.018) 0.001 0.009 0.001 0.143 0.010 

Locus 26 : 26 
6 alleles
0.0% missing data
 165   (0.251) 0.174 0.271 0.339 0.190 0.242 
 175   (0.258) 0.211 0.244 0.314 0.150 0.271 
 183   (0.358) 0.535 0.295 0.315 0.500 0.378 
 179   (0.082) 0.077 0.110 0.006 0.154 0.072 
 181   (0.040) 0.002 0.070 0.025 0.004 0.031 
 185   (0.012) 0.001 0.009 0.001 0.001 0.008 

Locus 27 : 27 
4 alleles
0.0% missing data
 138   (0.067) 0.167 0.079 0.014 0.009 0.056 
 142   (0.549) 0.719 0.612 0.598 0.633 0.497 
 148   (0.249) 0.102 0.162 0.292 0.244 0.297 
 150   (0.135) 0.012 0.147 0.096 0.113 0.150 

Locus 28 : 28 
5 alleles
0.0% missing data
 262   (0.455) 0.678 0.458 0.603 0.671 0.406 
 260   (0.445) 0.297 0.468 0.336 0.221 0.510 
 256   (0.066) 0.023 0.038 0.059 0.104 0.056 
 264   (0.014) 0.001 0.019 0.001 0.001 0.008 
 258   (0.020) 0.001 0.017 0.001 0.002 0.020 

Locus 29 : 29 
5 alleles
0.0% missing data
 150   (0.467) 0.722 0.553 0.457 0.233 0.454 
 146   (0.258) 0.120 0.208 0.244 0.280 0.296 
 148   (0.095) 0.086 0.062 0.083 0.098 0.086 
 140   (0.155) 0.070 0.167 0.215 0.386 0.125 
 152   (0.024) 0.002 0.010 0.002 0.003 0.040 

Locus 30 : 30 
6 alleles
0.0% missing data
 123   (0.109) 0.106 0.122 0.112 0.056 0.086 
 129   (0.494) 0.539 0.579 0.445 0.534 0.477 
 125   (0.278) 0.348 0.214 0.306 0.183 0.305 
 127   (0.074) 0.004 0.046 0.134 0.222 0.073 
 121   (0.015) 0.001 0.004 0.001 0.002 0.020 
 131   (0.031) 0.002 0.035 0.002 0.003 0.039 

Locus 31 : 31 
5 alleles
0.0% missing data
 157   (0.216) 0.192 0.215 0.330 0.128 0.198 
 153   (0.050) 0.103 0.101 0.003 0.019 0.030 
 155   (0.583) 0.624 0.504 0.453 0.600 0.642 
 151   (0.030) 0.003 0.016 0.002 0.239 0.027 
 159   (0.121) 0.077 0.164 0.213 0.014 0.103 

Locus 32 : 32 
5 alleles
0.0% missing data
  92   (0.264) 0.224 0.210 0.174 0.317 0.286 
  91   (0.487) 0.592 0.550 0.621 0.349 0.452 
  95   (0.170) 0.093 0.187 0.014 0.314 0.202 
  94   (0.068) 0.090 0.050 0.190 0.008 0.053 
  90   (0.012) 0.001 0.003 0.001 0.012 0.007 

Locus 33 : 33 
4 alleles
0.0% missing data
 150   (0.572) 0.824 0.549 0.514 0.556 0.584 
 146   (0.296) 0.069 0.324 0.314 0.420 0.307 
 148   (0.075) 0.099 0.066 0.096 0.008 0.064 
 154   (0.057) 0.008 0.062 0.077 0.015 0.044 

Locus 34 : 34 
7 alleles
0.0% missing data
 180   (0.430) 0.623 0.427 0.425 0.745 0.402 
 184   (0.204) 0.198 0.147 0.276 0.101 0.222 
 196   (0.148) 0.126 0.150 0.104 0.016 0.170 
 198   (0.043) 0.017 0.036 0.003 0.052 0.036 
 194   (0.013) 0.027 0.003 0.001 0.001 0.007 
 192   (0.140) 0.008 0.229 0.166 0.081 0.140 
 190   (0.023) 0.001 0.006 0.025 0.002 0.024 

Locus 35 : 35 
7 alleles
0.0% missing data
 106   (0.310) 0.114 0.359 0.322 0.531 0.300 
 110   (0.228) 0.358 0.163 0.332 0.137 0.236 
 112   (0.274) 0.513 0.311 0.266 0.067 0.267 
 108   (0.117) 0.012 0.136 0.049 0.101 0.128 
  90   (0.038) 0.002 0.022 0.030 0.117 0.027 
  96   (0.013) 0.001 0.003 0.001 0.045 0.006 
  94   (0.020) 0.001 0.006 0.001 0.002 0.035 

Locus 36 : 36 
8 alleles
0.0% missing data
 172   (0.292) 0.499 0.367 0.124 0.224 0.265 
 166   (0.054) 0.251 0.039 0.038 0.007 0.037 
 176   (0.112) 0.094 0.053 0.254 0.013 0.138 
 170   (0.317) 0.126 0.227 0.503 0.581 0.330 
 174   (0.104) 0.019 0.141 0.073 0.011 0.108 
 178   (0.037) 0.005 0.053 0.003 0.004 0.038 
 168   (0.073) 0.004 0.112 0.005 0.158 0.078 
 186   (0.012) 0.001 0.010 0.001 0.001 0.007 

Locus 37 : 37 
6 alleles
0.0% missing data
  89   (0.524) 0.781 0.551 0.593 0.600 0.489 
  85   (0.217) 0.132 0.225 0.115 0.239 0.223 
  95   (0.075) 0.072 0.051 0.092 0.008 0.075 
  83   (0.117) 0.012 0.129 0.071 0.021 0.151 
  81   (0.048) 0.003 0.040 0.127 0.006 0.047 
  91   (0.018) 0.001 0.005 0.001 0.126 0.014 

Locus 38 : 38 
8 alleles
0.0% missing data
 173   (0.282) 0.132 0.292 0.430 0.480 0.269 
 161   (0.349) 0.494 0.361 0.356 0.282 0.342 
 165   (0.217) 0.213 0.178 0.204 0.069 0.252 
 169   (0.082) 0.136 0.087 0.006 0.020 0.098 
 159   (0.012) 0.006 0.003 0.001 0.001 0.006 
 167   (0.025) 0.006 0.053 0.002 0.003 0.016 
 168   (0.020) 0.012 0.005 0.001 0.143 0.010 
 175   (0.013) 0.001 0.020 0.001 0.001 0.007 

Locus 39 : 39 
7 alleles
0.0% missing data
  85   (0.212) 0.072 0.227 0.262 0.230 0.208 
  89   (0.363) 0.542 0.452 0.230 0.055 0.416 
  87   (0.127) 0.231 0.090 0.072 0.414 0.111 
  91   (0.170) 0.072 0.148 0.269 0.203 0.165 
  81   (0.094) 0.037 0.073 0.142 0.095 0.081 
  95   (0.012) 0.013 0.003 0.001 0.001 0.007 
  93   (0.022) 0.034 0.006 0.025 0.002 0.011 

Locus 40 : 40 
4 alleles
0.0% missing data
 167   (0.790) 0.894 0.812 0.951 0.861 0.767 
 161   (0.168) 0.093 0.173 0.046 0.134 0.182 
 165   (0.030) 0.007 0.011 0.002 0.004 0.045 
 155   (0.012) 0.006 0.003 0.001 0.001 0.006 

Locus 41 : 41 
7 alleles
0.4% missing data
 228   (0.412) 0.594 0.418 0.327 0.294 0.415 
 238   (0.341) 0.251 0.374 0.411 0.088 0.364 
 236   (0.074) 0.097 0.022 0.105 0.444 0.065 
 224   (0.035) 0.044 0.016 0.123 0.004 0.021 
 240   (0.108) 0.006 0.162 0.033 0.122 0.114 
 246   (0.012) 0.007 0.003 0.001 0.001 0.006 
 242   (0.019) 0.001 0.005 0.001 0.047 0.015 

Locus 42 : 42 
9 alleles
0.4% missing data
 130   (0.494) 0.469 0.481 0.456 0.271 0.585 
 114   (0.113) 0.100 0.095 0.147 0.209 0.092 
 132   (0.117) 0.208 0.073 0.178 0.191 0.103 
 128   (0.071) 0.175 0.105 0.063 0.011 0.048 
 134   (0.117) 0.008 0.181 0.131 0.124 0.110 
 122   (0.017) 0.035 0.009 0.001 0.002 0.010 
 118   (0.049) 0.004 0.050 0.013 0.190 0.039 
 120   (0.012) 0.001 0.003 0.006 0.001 0.006 
 119   (0.011) 0.001 0.003 0.005 0.001 0.007 

Locus 43 : 43 
8 alleles
0.0% missing data
  96   (0.064) 0.068 0.039 0.046 0.064 0.053 
  98   (0.144) 0.166 0.087 0.119 0.174 0.163 
 102   (0.267) 0.455 0.297 0.396 0.427 0.231 
  92   (0.138) 0.103 0.087 0.108 0.083 0.169 
 104   (0.344) 0.205 0.474 0.308 0.236 0.356 
 106   (0.011) 0.001 0.004 0.001 0.001 0.011 
  94   (0.014) 0.001 0.006 0.010 0.001 0.008 
 100   (0.018) 0.001 0.005 0.012 0.014 0.010 

Locus 44 : 44 
6 alleles
0.0% missing data
 101   (0.331) 0.340 0.382 0.413 0.103 0.339 
 103   (0.295) 0.201 0.285 0.306 0.315 0.307 
  95   (0.243) 0.440 0.262 0.215 0.282 0.217 
  99   (0.087) 0.011 0.047 0.059 0.142 0.106 
  97   (0.033) 0.002 0.021 0.006 0.156 0.025 
 105   (0.012) 0.007 0.003 0.001 0.001 0.006 

Locus 45 : 45 
8 alleles
0.0% missing data
 181   (0.588) 0.710 0.583 0.548 0.778 0.608 
 191   (0.258) 0.180 0.292 0.422 0.071 0.262 
 177   (0.057) 0.104 0.048 0.020 0.007 0.051 
 189   (0.022) 0.001 0.014 0.001 0.017 0.018 
 187   (0.012) 0.001 0.004 0.005 0.001 0.007 
 179   (0.033) 0.002 0.040 0.002 0.120 0.025 
 183   (0.015) 0.001 0.014 0.001 0.002 0.012 
 193   (0.016) 0.001 0.006 0.001 0.004 0.018 

Locus 46 : 46 
6 alleles
0.0% missing data
 205   (0.454) 0.405 0.531 0.448 0.285 0.486 
 215   (0.078) 0.095 0.050 0.120 0.069 0.063 
 201   (0.061) 0.095 0.043 0.045 0.174 0.039 
 207   (0.195) 0.148 0.163 0.096 0.311 0.222 
 211   (0.201) 0.256 0.204 0.290 0.159 0.183 
 202   (0.011) 0.001 0.009 0.001 0.001 0.007 

Locus 47 : 47 
9 alleles
0.0% missing data
 166   (0.180) 0.269 0.166 0.102 0.214 0.185 
 168   (0.165) 0.228 0.121 0.122 0.125 0.189 
 158   (0.181) 0.140 0.151 0.230 0.228 0.188 
 142   (0.276) 0.178 0.380 0.329 0.187 0.267 
 144   (0.040) 0.170 0.064 0.002 0.006 0.029 
 170   (0.026) 0.007 0.008 0.002 0.004 0.037 
 164   (0.043) 0.002 0.033 0.058 0.027 0.037 
 162   (0.057) 0.003 0.047 0.146 0.146 0.045 
 156   (0.033) 0.002 0.031 0.010 0.062 0.022 

Locus 48 : 48 
6 alleles
0.0% missing data
 145   (0.243) 0.270 0.231 0.344 0.538 0.202 
 149   (0.295) 0.091 0.373 0.126 0.326 0.320 
 151   (0.216) 0.168 0.165 0.364 0.073 0.233 
 153   (0.210) 0.457 0.218 0.163 0.058 0.203 
 147   (0.019) 0.013 0.006 0.001 0.003 0.016 
 143   (0.018) 0.001 0.006 0.001 0.002 0.027 

Values of parameters used in structure:
DATAFILE=temp1_np.str,	OUTFILE=k5/temp1_np_k5_run1,	NUMINDS=267,	NUMLOCI=48,	MISSING=-9,	LABEL=1,	POPDATA=1,	POPFLAG=0,	PHENOTYPE=0,	EXTRACOLS=0,	MAXPOPS=5,	BURNIN=500000,	NUMREPS=750000,	USEPOPINFO=0,	INFERALPHA=1,	INFERLAMBDA=0,	POPSPECIFICLAMBDA=0,	POPALPHAS=0,	COMPUTEPROB=1,	NOADMIX=0,	ADMBURNIN=500,	UPDATEFREQ=100,	PRINTLIKES=0,	INTERMEDSAVE=0,	PRINTKLD=0,	PRINTNET=1,	PRINTLAMBDA=1,	ANCESTDIST=0,	NUMBOXES=1000,	ANCESTPINT=0.90000,	GENSBACK=2,	MIGRPRIOR=0.01000,	PRINTQHAT=0,	PRINTQSUM=1,	ALPHA=1.0000,	FREQSCORR=1,	FPRIORMEAN=0.0100,	FPRIORSD=0.0500,	ONEFST=0,	LAMBDA=1.0000,	UNIFPRIORALPHA=1,	ALPHAMAX=10.0000,	ALPHAPRIORA=1.0000,	ALPHAPRIORB=2.0000,	ALPHAPROPSD=0.0250,	STARTATPOPINFO=0,	RANDOMIZE=0,	LINKAGE=0,	METROFREQ=10,	REPORTHITRATE=0,	MARKOVPHASE=0,	PHASED=1,	PLOIDY=2,	PHASEINFO=0	LOCPRIOR=0, 	LOCPRIORINIT=1.000000, 	LOCDATA=0, 	LOCISPOP=1, 	LOCPRIORSTEP=0.100000, 	MAXLOCPRIOR=20.000000, 	SEED=184431,	
[STRAT parameters]:    NUMSIMSTATS=1000,	PHENOTYPECOL=-9,	POOLFREQ=10,	LOCUSxONLY=0,	EMERROR=0.00100,	MISSINGPHENO=-9,	