

----------------------------------------------------
STRUCTURE by Pritchard, Stephens and Donnelly (2000)
     and Falush, Stephens and Pritchard (2003)
       Code by Pritchard, Falush and Hubisz
             Version 2.3.4 (Jul 2012)
----------------------------------------------------



Command line arguments:   structure -D 945587 -K 3 -m mainparams -o k3/w2_k3_run3 
Input File:    w2.str

Run parameters:
   146 individuals
   48 loci
   3 populations assumed
   500000 Burn-in period
   750000 Reps
RANDOMIZE turned off


--------------------------------------------
Proportion of membership of each pre-defined
 population in each of the 3 clusters

Given    Inferred Clusters       Number of
 Pop       1      2      3      Individuals

  1:     0.433  0.126  0.441       21
  2:     0.328  0.289  0.384       30
  3:     0.170  0.725  0.105       25
  4:     0.171  0.691  0.138       32
  5:     0.303  0.114  0.582       34
  6:     0.736  0.040  0.224        4
--------------------------------------------

Allele-freq. divergence among pops (Net nucleotide distance),
computed using point estimates of P.

      1       2       3      
 1      -    0.0175  0.0018  
 2   0.0175     -    0.0144  
 3   0.0018  0.0144     -    

Average distances (expected heterozygosity) between individuals in same cluster:
cluster  1  : 0.6352 
cluster  2  : 0.5787 
cluster  3  : 0.6519 

--------------------------------------------
Estimated Ln Prob of Data   = -17270.1
Mean value of ln likelihood = -16765.7
Variance of ln likelihood   = 1008.7
Mean value of alpha         = 0.1607

Mean value of Fst_1         = 0.0309
Mean value of Fst_2         = 0.0780
Mean value of Fst_3         = 0.0001


Inferred ancestry of individuals:
        Label (%Miss) Pop:  Inferred clusters
  1      315    (0)    1 :  0.127 0.149 0.724 
  2      565    (0)    1 :  0.270 0.024 0.706 
  3      566    (2)    1 :  0.336 0.488 0.176 
  4      567    (2)    1 :  0.685 0.020 0.296 
  5      877    (0)    1 :  0.543 0.048 0.409 
  6      878    (0)    1 :  0.844 0.020 0.136 
  7      879    (0)    1 :  0.539 0.046 0.416 
  8      880    (0)    1 :  0.729 0.028 0.243 
  9      881    (0)    1 :  0.121 0.049 0.830 
 10      882    (0)    1 :  0.767 0.021 0.212 
 11      883    (0)    1 :  0.407 0.046 0.546 
 12      884    (0)    1 :  0.196 0.384 0.420 
 13      885    (0)    1 :  0.486 0.136 0.378 
 14      886    (0)    1 :  0.225 0.056 0.719 
 15      887    (0)    1 :  0.144 0.709 0.147 
 16      888    (0)    1 :  0.327 0.026 0.647 
 17      889    (0)    1 :  0.250 0.119 0.631 
 18      890    (0)    1 :  0.606 0.046 0.348 
 19      891    (0)    1 :  0.693 0.028 0.279 
 20      892    (0)    1 :  0.670 0.036 0.294 
 21      893    (0)    1 :  0.128 0.165 0.707 
 22      341    (0)    2 :  0.504 0.022 0.474 
 23      343    (0)    2 :  0.102 0.069 0.829 
 24      914    (0)    2 :  0.030 0.945 0.025 
 25      916    (0)    2 :  0.251 0.044 0.706 
 26      924    (0)    2 :  0.178 0.582 0.241 
 27      938    (0)    2 :  0.731 0.105 0.164 
 28      939    (0)    2 :  0.169 0.791 0.040 
 29      940    (0)    2 :  0.284 0.561 0.156 
 30      941    (2)    2 :  0.360 0.517 0.123 
 31      942    (0)    2 :  0.287 0.062 0.651 
 32      943    (0)    2 :  0.207 0.206 0.587 
 33      944    (0)    2 :  0.084 0.798 0.119 
 34      945    (0)    2 :  0.042 0.928 0.030 
 35      946    (0)    2 :  0.231 0.131 0.638 
 36      947    (0)    2 :  0.319 0.119 0.562 
 37      951    (0)    2 :  0.396 0.065 0.539 
 38      952    (0)    2 :  0.166 0.115 0.720 
 39      953    (0)    2 :  0.424 0.387 0.188 
 40      954    (0)    2 :  0.276 0.412 0.312 
 41      955    (0)    2 :  0.527 0.131 0.341 
 42      961    (4)    2 :  0.500 0.052 0.448 
 43      974    (0)    2 :  0.551 0.138 0.310 
 44      975    (4)    2 :  0.259 0.144 0.597 
 45      980    (0)    2 :  0.357 0.283 0.360 
 46      981    (0)    2 :  0.730 0.027 0.243 
 47      982    (0)    2 :  0.101 0.660 0.239 
 48      984    (0)    2 :  0.263 0.070 0.667 
 49      985    (0)    2 :  0.566 0.041 0.393 
 50     2578    (4)    2 :  0.199 0.220 0.581 
 51     2580    (2)    2 :  0.738 0.031 0.231 
 52      328    (0)    3 :  0.239 0.211 0.549 
 53      333    (0)    3 :  0.039 0.926 0.035 
 54      918    (0)    3 :  0.035 0.929 0.036 
 55      919    (0)    3 :  0.033 0.938 0.029 
 56      920    (0)    3 :  0.023 0.938 0.038 
 57      921    (0)    3 :  0.886 0.039 0.075 
 58      922    (0)    3 :  0.041 0.920 0.039 
 59      926    (0)    3 :  0.031 0.948 0.021 
 60      927    (0)    3 :  0.035 0.944 0.021 
 61      928    (0)    3 :  0.087 0.814 0.098 
 62      929    (0)    3 :  0.139 0.775 0.087 
 63      930    (0)    3 :  0.197 0.613 0.191 
 64      932    (0)    3 :  0.667 0.110 0.223 
 65      933    (0)    3 :  0.050 0.847 0.103 
 66      949    (0)    3 :  0.771 0.035 0.194 
 67      950    (0)    3 :  0.400 0.504 0.096 
 68      964    (4)    3 :  0.087 0.862 0.052 
 69      986    (0)    3 :  0.063 0.875 0.062 
 70      987    (0)    3 :  0.085 0.783 0.132 
 71     1001    (4)    3 :  0.025 0.951 0.024 
 72     1002    (4)    3 :  0.025 0.946 0.029 
 73     1003    (2)    3 :  0.222 0.370 0.408 
 74     1004    (0)    3 :  0.022 0.951 0.027 
 75     1005    (0)    3 :  0.035 0.931 0.034 
 76     1010    (0)    3 :  0.015 0.969 0.015 
 77      321    (0)    4 :  0.139 0.758 0.103 
 78      338    (0)    4 :  0.022 0.959 0.020 
 79      339    (0)    4 :  0.048 0.890 0.061 
 80      363    (0)    4 :  0.799 0.068 0.133 
 81      915    (0)    4 :  0.024 0.949 0.027 
 82      917    (0)    4 :  0.164 0.715 0.121 
 83      923    (0)    4 :  0.267 0.488 0.245 
 84      925    (0)    4 :  0.018 0.964 0.019 
 85      931    (0)    4 :  0.316 0.404 0.280 
 86      935    (0)    4 :  0.043 0.904 0.054 
 87      936    (0)    4 :  0.065 0.897 0.038 
 88      937    (0)    4 :  0.055 0.883 0.062 
 89      948    (0)    4 :  0.157 0.630 0.213 
 90      956    (0)    4 :  0.037 0.923 0.040 
 91      957    (0)    4 :  0.108 0.835 0.057 
 92      967    (0)    4 :  0.082 0.864 0.054 
 93      968    (2)    4 :  0.374 0.461 0.165 
 94      969    (2)    4 :  0.121 0.736 0.143 
 95      970    (2)    4 :  0.637 0.174 0.189 
 96      971    (4)    4 :  0.059 0.904 0.038 
 97      972    (0)    4 :  0.027 0.911 0.062 
 98      973    (0)    4 :  0.142 0.096 0.763 
 99      978    (0)    4 :  0.030 0.925 0.045 
100      979    (0)    4 :  0.382 0.338 0.280 
101      988    (6)    4 :  0.839 0.073 0.088 
102      989    (0)    4 :  0.135 0.737 0.128 
103      990    (0)    4 :  0.139 0.432 0.429 
104      991    (0)    4 :  0.042 0.935 0.023 
105      992    (0)    4 :  0.046 0.914 0.040 
106     1006    (2)    4 :  0.024 0.951 0.025 
107     1017    (0)    4 :  0.078 0.496 0.426 
108     2582    (4)    4 :  0.046 0.898 0.056 
109      319    (2)    5 :  0.454 0.032 0.514 
110      335    (0)    5 :  0.153 0.043 0.804 
111      895    (0)    5 :  0.309 0.031 0.660 
112      896    (0)    5 :  0.193 0.043 0.764 
113      897    (0)    5 :  0.207 0.027 0.766 
114      898    (0)    5 :  0.263 0.186 0.551 
115      899    (0)    5 :  0.274 0.169 0.557 
116      900    (0)    5 :  0.334 0.072 0.594 
117      901    (0)    5 :  0.396 0.059 0.545 
118      902    (0)    5 :  0.242 0.059 0.699 
119      903    (0)    5 :  0.127 0.024 0.849 
120      904    (0)    5 :  0.567 0.022 0.411 
121      905    (0)    5 :  0.500 0.027 0.473 
122      906    (0)    5 :  0.400 0.033 0.567 
123      907    (0)    5 :  0.515 0.055 0.429 
124      908    (0)    5 :  0.163 0.061 0.776 
125      909    (0)    5 :  0.082 0.816 0.102 
126      910    (0)    5 :  0.226 0.045 0.729 
127      911    (0)    5 :  0.275 0.051 0.674 
128      912    (0)    5 :  0.286 0.074 0.640 
129      913    (0)    5 :  0.102 0.194 0.704 
130     2411    (0)    5 :  0.247 0.031 0.722 
131     2412    (0)    5 :  0.105 0.733 0.163 
132     2413    (0)    5 :  0.324 0.027 0.649 
133     2414    (0)    5 :  0.061 0.069 0.870 
134     2415    (2)    5 :  0.387 0.113 0.500 
135     2417    (4)    5 :  0.201 0.234 0.565 
136     2418    (4)    5 :  0.548 0.027 0.425 
137     2419    (2)    5 :  0.234 0.081 0.685 
138     2420    (0)    5 :  0.353 0.046 0.600 
139     2421    (0)    5 :  0.350 0.271 0.379 
140     2422    (2)    5 :  0.601 0.042 0.357 
141     2423    (0)    5 :  0.466 0.036 0.498 
142     2576    (0)    5 :  0.360 0.056 0.584 
143     1079    (0)    6 :  0.788 0.040 0.173 
144     1081    (0)    6 :  0.684 0.048 0.267 
145     1082    (2)    6 :  0.762 0.018 0.220 
146     1083    (0)    6 :  0.710 0.055 0.235 


Estimated Allele Frequencies in each cluster
First column gives estimated ancestral frequencies


Locus 1 : 1 
4 alleles
0.0% missing data
  89   (0.564) 0.536 0.529 0.564 
  91   (0.354) 0.399 0.411 0.353 
  93   (0.056) 0.049 0.041 0.055 
  99   (0.027) 0.016 0.020 0.027 

Locus 2 : 2 
6 alleles
3.4% missing data
 138   (0.283) 0.262 0.512 0.283 
 134   (0.239) 0.239 0.259 0.239 
 140   (0.078) 0.101 0.033 0.078 
 136   (0.323) 0.339 0.089 0.323 
 132   (0.043) 0.033 0.006 0.044 
 142   (0.033) 0.026 0.100 0.033 

Locus 3 : 3 
6 alleles
0.0% missing data
 187   (0.319) 0.392 0.184 0.319 
 191   (0.036) 0.018 0.011 0.037 
 179   (0.242) 0.260 0.231 0.242 
 181   (0.233) 0.198 0.334 0.234 
 185   (0.091) 0.080 0.102 0.091 
 175   (0.077) 0.053 0.138 0.077 

Locus 4 : 4 
9 alleles
0.0% missing data
 247   (0.088) 0.118 0.032 0.088 
 253   (0.514) 0.528 0.573 0.514 
 239   (0.012) 0.005 0.001 0.012 
 241   (0.137) 0.112 0.156 0.137 
 271   (0.038) 0.059 0.009 0.038 
 269   (0.161) 0.153 0.223 0.161 
 245   (0.011) 0.004 0.001 0.011 
 249   (0.022) 0.011 0.003 0.022 
 273   (0.016) 0.009 0.002 0.016 

Locus 5 : 5 
6 alleles
0.7% missing data
 103   (0.788) 0.823 0.944 0.788 
 105   (0.073) 0.084 0.020 0.073 
 102   (0.027) 0.017 0.004 0.027 
 104   (0.088) 0.065 0.029 0.088 
 101   (0.012) 0.007 0.001 0.012 
 107   (0.012) 0.004 0.001 0.012 

Locus 6 : 6 
5 alleles
0.0% missing data
 145   (0.445) 0.419 0.554 0.445 
 147   (0.058) 0.038 0.011 0.058 
 135   (0.195) 0.203 0.182 0.195 
 141   (0.291) 0.332 0.251 0.291 
 137   (0.011) 0.007 0.001 0.011 

Locus 7 : 7 
8 alleles
1.4% missing data
  97   (0.207) 0.194 0.133 0.207 
  91   (0.069) 0.055 0.030 0.069 
  93   (0.210) 0.198 0.309 0.210 
 103   (0.252) 0.311 0.346 0.252 
  85   (0.047) 0.030 0.026 0.047 
  89   (0.112) 0.137 0.113 0.112 
  83   (0.086) 0.064 0.041 0.087 
 105   (0.016) 0.011 0.002 0.016 

Locus 8 : 8 
8 alleles
0.0% missing data
 129   (0.513) 0.521 0.711 0.513 
 145   (0.011) 0.005 0.001 0.011 
 143   (0.274) 0.292 0.198 0.274 
 149   (0.093) 0.104 0.052 0.093 
 141   (0.055) 0.046 0.024 0.055 
 133   (0.026) 0.015 0.006 0.026 
 131   (0.011) 0.004 0.006 0.011 
 127   (0.016) 0.013 0.002 0.016 

Locus 9 : 9 
3 alleles
0.0% missing data
 191   (0.363) 0.336 0.320 0.363 
 189   (0.510) 0.539 0.445 0.510 
 195   (0.127) 0.125 0.235 0.127 

Locus 10 : 10 
7 alleles
0.0% missing data
 232   (0.238) 0.224 0.173 0.238 
 238   (0.565) 0.646 0.751 0.565 
 250   (0.017) 0.012 0.002 0.017 
 254   (0.038) 0.024 0.004 0.038 
 252   (0.105) 0.070 0.066 0.105 
 248   (0.026) 0.019 0.003 0.026 
 236   (0.011) 0.004 0.001 0.011 

Locus 11 : 11 
3 alleles
0.0% missing data
  87   (0.756) 0.776 0.827 0.756 
  91   (0.049) 0.039 0.029 0.049 
  89   (0.196) 0.186 0.144 0.196 

Locus 12 : 12 
12 alleles
0.0% missing data
 149   (0.037) 0.040 0.048 0.037 
 162   (0.233) 0.321 0.226 0.233 
 160   (0.197) 0.174 0.303 0.197 
 161   (0.115) 0.102 0.110 0.115 
 154   (0.026) 0.030 0.003 0.026 
 158   (0.227) 0.203 0.208 0.228 
 170   (0.062) 0.066 0.024 0.062 
 147   (0.037) 0.028 0.046 0.036 
 143   (0.029) 0.021 0.005 0.029 
 150   (0.011) 0.004 0.007 0.011 
 159   (0.016) 0.007 0.019 0.016 
 164   (0.011) 0.005 0.001 0.011 

Locus 13 : 13 
4 alleles
0.0% missing data
 115   (0.430) 0.456 0.535 0.430 
 113   (0.375) 0.382 0.364 0.375 
 108   (0.183) 0.158 0.099 0.184 
 109   (0.012) 0.004 0.001 0.012 

Locus 14 : 14 
5 alleles
0.0% missing data
 225   (0.128) 0.112 0.081 0.128 
 229   (0.567) 0.606 0.517 0.567 
 231   (0.116) 0.128 0.016 0.116 
 227   (0.132) 0.104 0.345 0.132 
 233   (0.057) 0.050 0.041 0.057 

Locus 15 : 15 
4 alleles
0.7% missing data
 143   (0.826) 0.846 0.872 0.827 
 145   (0.102) 0.093 0.066 0.102 
 147   (0.049) 0.049 0.059 0.049 
 133   (0.022) 0.013 0.003 0.022 

Locus 16 : 16 
5 alleles
0.0% missing data
 156   (0.243) 0.226 0.230 0.243 
 158   (0.545) 0.492 0.642 0.545 
 154   (0.081) 0.091 0.011 0.081 
 160   (0.118) 0.185 0.104 0.117 
 152   (0.013) 0.005 0.014 0.013 

Locus 17 : 17 
5 alleles
0.0% missing data
  90   (0.628) 0.616 0.755 0.628 
  88   (0.084) 0.121 0.011 0.084 
 102   (0.237) 0.210 0.222 0.237 
 100   (0.040) 0.047 0.006 0.040 
 104   (0.012) 0.005 0.005 0.012 

Locus 18 : 18 
8 alleles
0.7% missing data
 127   (0.254) 0.223 0.322 0.255 
 140   (0.270) 0.304 0.223 0.271 
 142   (0.145) 0.152 0.084 0.145 
 148   (0.095) 0.117 0.068 0.095 
 150   (0.071) 0.045 0.160 0.071 
 138   (0.055) 0.039 0.039 0.055 
 146   (0.091) 0.089 0.103 0.091 
 128   (0.019) 0.031 0.002 0.019 

Locus 19 : 19 
6 alleles
0.0% missing data
 188   (0.210) 0.185 0.160 0.210 
 190   (0.125) 0.124 0.173 0.125 
 194   (0.542) 0.560 0.559 0.542 
 200   (0.095) 0.116 0.105 0.095 
 202   (0.016) 0.010 0.002 0.016 
 196   (0.012) 0.006 0.001 0.012 

Locus 20 : 20 
6 alleles
1.4% missing data
 252   (0.728) 0.751 0.781 0.728 
 246   (0.098) 0.098 0.056 0.098 
 248   (0.024) 0.024 0.004 0.024 
 254   (0.071) 0.067 0.079 0.071 
 250   (0.061) 0.053 0.072 0.061 
 244   (0.017) 0.007 0.008 0.017 

Locus 21 : 21 
7 alleles
0.0% missing data
 173   (0.260) 0.223 0.573 0.260 
 175   (0.142) 0.101 0.078 0.143 
 163   (0.055) 0.044 0.013 0.055 
 167   (0.163) 0.176 0.115 0.163 
 177   (0.303) 0.343 0.211 0.303 
 159   (0.033) 0.047 0.003 0.033 
 165   (0.043) 0.067 0.005 0.043 

Locus 22 : 22 
10 alleles
2.7% missing data
 146   (0.210) 0.209 0.313 0.210 
 152   (0.436) 0.420 0.592 0.436 
 158   (0.085) 0.115 0.017 0.085 
 166   (0.110) 0.120 0.028 0.110 
 162   (0.056) 0.068 0.009 0.056 
 142   (0.026) 0.012 0.013 0.026 
 150   (0.031) 0.035 0.008 0.031 
 164   (0.022) 0.012 0.003 0.022 
 156   (0.013) 0.004 0.017 0.012 
 148   (0.011) 0.004 0.001 0.011 

Locus 23 : 23 
7 alleles
0.7% missing data
 154   (0.570) 0.569 0.583 0.570 
 144   (0.131) 0.118 0.271 0.131 
 156   (0.145) 0.150 0.033 0.145 
 160   (0.102) 0.104 0.106 0.102 
 158   (0.024) 0.048 0.003 0.024 
 152   (0.012) 0.004 0.003 0.012 
 146   (0.017) 0.007 0.002 0.017 

Locus 24 : 24 
4 alleles
0.7% missing data
  83   (0.445) 0.444 0.399 0.445 
  77   (0.076) 0.054 0.092 0.076 
  81   (0.395) 0.444 0.399 0.395 
  85   (0.084) 0.058 0.110 0.084 

Locus 25 : 25 
6 alleles
0.0% missing data
 124   (0.533) 0.555 0.533 0.533 
 132   (0.312) 0.332 0.353 0.312 
 122   (0.084) 0.070 0.105 0.084 
 120   (0.026) 0.020 0.003 0.026 
 136   (0.022) 0.013 0.003 0.022 
 126   (0.022) 0.010 0.003 0.023 

Locus 26 : 26 
6 alleles
0.0% missing data
 183   (0.339) 0.373 0.316 0.339 
 175   (0.292) 0.328 0.305 0.291 
 179   (0.090) 0.073 0.088 0.090 
 165   (0.219) 0.194 0.282 0.219 
 181   (0.048) 0.029 0.007 0.048 
 157   (0.012) 0.004 0.001 0.012 

Locus 27 : 27 
4 alleles
0.0% missing data
 142   (0.640) 0.626 0.763 0.641 
 148   (0.194) 0.205 0.078 0.194 
 150   (0.135) 0.153 0.133 0.135 
 138   (0.030) 0.015 0.026 0.030 

Locus 28 : 28 
6 alleles
0.7% missing data
 256   (0.081) 0.085 0.046 0.081 
 262   (0.478) 0.483 0.384 0.478 
 260   (0.379) 0.393 0.535 0.379 
 258   (0.020) 0.019 0.002 0.020 
 264   (0.030) 0.016 0.026 0.030 
 266   (0.012) 0.004 0.007 0.011 

Locus 29 : 29 
5 alleles
0.7% missing data
 150   (0.460) 0.423 0.566 0.460 
 146   (0.267) 0.272 0.217 0.267 
 140   (0.184) 0.188 0.160 0.184 
 148   (0.058) 0.084 0.031 0.057 
 152   (0.031) 0.033 0.026 0.031 

Locus 30 : 30 
6 alleles
0.0% missing data
 129   (0.384) 0.424 0.600 0.383 
 125   (0.292) 0.301 0.094 0.292 
 131   (0.068) 0.060 0.026 0.068 
 123   (0.161) 0.120 0.230 0.161 
 127   (0.083) 0.090 0.048 0.083 
 121   (0.012) 0.005 0.001 0.012 

Locus 31 : 31 
5 alleles
0.7% missing data
 155   (0.553) 0.571 0.444 0.553 
 159   (0.150) 0.131 0.290 0.150 
 157   (0.188) 0.211 0.200 0.187 
 153   (0.077) 0.069 0.062 0.077 
 151   (0.032) 0.018 0.004 0.032 

Locus 32 : 32 
4 alleles
1.4% missing data
  91   (0.417) 0.394 0.529 0.416 
  92   (0.353) 0.276 0.395 0.353 
  95   (0.158) 0.251 0.065 0.158 
  94   (0.072) 0.080 0.010 0.073 

Locus 33 : 33 
5 alleles
0.0% missing data
 146   (0.328) 0.294 0.368 0.328 
 150   (0.546) 0.575 0.573 0.546 
 148   (0.055) 0.068 0.016 0.055 
 154   (0.051) 0.049 0.012 0.051 
 152   (0.020) 0.014 0.031 0.020 

Locus 34 : 34 
6 alleles
0.0% missing data
 180   (0.450) 0.444 0.352 0.451 
 184   (0.182) 0.179 0.309 0.182 
 198   (0.070) 0.066 0.016 0.070 
 192   (0.168) 0.220 0.137 0.168 
 196   (0.112) 0.084 0.143 0.112 
 190   (0.018) 0.008 0.043 0.018 

Locus 35 : 35 
5 alleles
0.0% missing data
 108   (0.150) 0.119 0.097 0.150 
 112   (0.377) 0.389 0.396 0.377 
 106   (0.289) 0.283 0.411 0.289 
 110   (0.153) 0.171 0.093 0.153 
  90   (0.031) 0.038 0.004 0.031 

Locus 36 : 36 
9 alleles
0.0% missing data
 166   (0.050) 0.032 0.110 0.050 
 170   (0.267) 0.257 0.234 0.268 
 174   (0.163) 0.154 0.181 0.163 
 178   (0.041) 0.049 0.028 0.041 
 172   (0.312) 0.349 0.380 0.312 
 168   (0.049) 0.054 0.014 0.049 
 176   (0.093) 0.097 0.013 0.094 
 186   (0.014) 0.005 0.040 0.014 
 158   (0.011) 0.004 0.001 0.011 

Locus 37 : 37 
6 alleles
0.0% missing data
  85   (0.159) 0.159 0.122 0.159 
  91   (0.017) 0.008 0.002 0.017 
  89   (0.540) 0.587 0.668 0.540 
  83   (0.144) 0.149 0.087 0.144 
  81   (0.086) 0.069 0.038 0.086 
  95   (0.053) 0.028 0.083 0.053 

Locus 38 : 38 
10 alleles
0.0% missing data
 165   (0.246) 0.187 0.235 0.246 
 173   (0.249) 0.280 0.292 0.249 
 161   (0.319) 0.353 0.275 0.319 
 167   (0.020) 0.018 0.002 0.020 
 169   (0.083) 0.110 0.145 0.083 
 168   (0.016) 0.007 0.002 0.016 
 155   (0.028) 0.028 0.004 0.028 
 159   (0.016) 0.009 0.003 0.016 
 177   (0.011) 0.005 0.001 0.011 
 175   (0.013) 0.004 0.041 0.013 

Locus 39 : 39 
5 alleles
0.0% missing data
  81   (0.118) 0.128 0.074 0.118 
  89   (0.431) 0.441 0.578 0.431 
  85   (0.193) 0.183 0.228 0.193 
  91   (0.165) 0.172 0.064 0.165 
  87   (0.093) 0.076 0.056 0.094 

Locus 40 : 40 
4 alleles
0.7% missing data
 161   (0.213) 0.216 0.152 0.213 
 167   (0.743) 0.754 0.788 0.743 
 165   (0.032) 0.026 0.058 0.032 
 177   (0.012) 0.004 0.002 0.012 

Locus 41 : 41 
6 alleles
0.7% missing data
 238   (0.359) 0.335 0.301 0.359 
 228   (0.406) 0.446 0.519 0.405 
 236   (0.085) 0.076 0.048 0.085 
 240   (0.116) 0.111 0.129 0.116 
 224   (0.022) 0.028 0.003 0.022 
 232   (0.012) 0.005 0.001 0.012 

Locus 42 : 42 
7 alleles
0.0% missing data
 130   (0.532) 0.571 0.419 0.532 
 134   (0.129) 0.116 0.072 0.129 
 114   (0.038) 0.049 0.004 0.038 
 128   (0.126) 0.128 0.212 0.126 
 118   (0.072) 0.054 0.094 0.072 
 132   (0.092) 0.078 0.198 0.092 
 136   (0.011) 0.004 0.001 0.011 

Locus 43 : 43 
5 alleles
0.7% missing data
  98   (0.097) 0.110 0.057 0.097 
 104   (0.462) 0.490 0.501 0.462 
  92   (0.131) 0.114 0.062 0.131 
 102   (0.256) 0.234 0.359 0.256 
  96   (0.054) 0.051 0.022 0.054 

Locus 44 : 44 
5 alleles
0.0% missing data
  99   (0.142) 0.189 0.079 0.142 
 103   (0.296) 0.261 0.449 0.296 
 101   (0.330) 0.339 0.252 0.331 
  95   (0.220) 0.208 0.219 0.220 
  97   (0.011) 0.004 0.002 0.011 

Locus 45 : 45 
6 alleles
0.0% missing data
 181   (0.560) 0.525 0.717 0.560 
 183   (0.017) 0.009 0.002 0.017 
 177   (0.058) 0.034 0.058 0.058 
 191   (0.294) 0.384 0.176 0.294 
 179   (0.057) 0.043 0.007 0.057 
 193   (0.014) 0.005 0.040 0.014 

Locus 46 : 46 
6 alleles
2.1% missing data
 205   (0.485) 0.509 0.548 0.485 
 215   (0.081) 0.059 0.066 0.081 
 211   (0.221) 0.282 0.107 0.221 
 207   (0.135) 0.089 0.220 0.135 
 201   (0.061) 0.048 0.055 0.061 
 202   (0.017) 0.013 0.003 0.017 

Locus 47 : 47 
9 alleles
1.4% missing data
 142   (0.374) 0.459 0.533 0.373 
 162   (0.039) 0.020 0.032 0.039 
 144   (0.071) 0.049 0.042 0.071 
 158   (0.155) 0.196 0.077 0.154 
 168   (0.143) 0.123 0.049 0.144 
 164   (0.064) 0.043 0.025 0.064 
 156   (0.027) 0.016 0.007 0.027 
 166   (0.116) 0.086 0.235 0.116 
 170   (0.011) 0.007 0.001 0.011 

Locus 48 : 48 
6 alleles
4.1% missing data
 145   (0.184) 0.160 0.112 0.184 
 153   (0.213) 0.246 0.360 0.212 
 143   (0.023) 0.012 0.003 0.023 
 151   (0.188) 0.216 0.152 0.188 
 149   (0.370) 0.352 0.372 0.370 
 147   (0.022) 0.013 0.003 0.022 

Values of parameters used in structure:
DATAFILE=w2.str,	OUTFILE=k3/w2_k3_run3,	NUMINDS=146,	NUMLOCI=48,	MISSING=-9,	LABEL=1,	POPDATA=1,	POPFLAG=0,	PHENOTYPE=0,	EXTRACOLS=0,	MAXPOPS=3,	BURNIN=500000,	NUMREPS=750000,	USEPOPINFO=0,	INFERALPHA=1,	INFERLAMBDA=0,	POPSPECIFICLAMBDA=0,	POPALPHAS=0,	COMPUTEPROB=1,	NOADMIX=0,	ADMBURNIN=500,	UPDATEFREQ=100,	PRINTLIKES=0,	INTERMEDSAVE=0,	PRINTKLD=0,	PRINTNET=1,	PRINTLAMBDA=1,	ANCESTDIST=0,	NUMBOXES=1000,	ANCESTPINT=0.90000,	GENSBACK=2,	MIGRPRIOR=0.01000,	PRINTQHAT=0,	PRINTQSUM=1,	ALPHA=1.0000,	FREQSCORR=1,	FPRIORMEAN=0.0100,	FPRIORSD=0.0500,	ONEFST=0,	LAMBDA=1.0000,	UNIFPRIORALPHA=1,	ALPHAMAX=10.0000,	ALPHAPRIORA=1.0000,	ALPHAPRIORB=2.0000,	ALPHAPROPSD=0.0250,	STARTATPOPINFO=0,	RANDOMIZE=0,	LINKAGE=0,	METROFREQ=10,	REPORTHITRATE=0,	MARKOVPHASE=0,	PHASED=1,	PLOIDY=2,	PHASEINFO=0	LOCPRIOR=0, 	LOCPRIORINIT=1.000000, 	LOCDATA=0, 	LOCISPOP=1, 	LOCPRIORSTEP=0.100000, 	MAXLOCPRIOR=20.000000, 	SEED=945587,	
[STRAT parameters]:    NUMSIMSTATS=1000,	PHENOTYPECOL=-9,	POOLFREQ=10,	LOCUSxONLY=0,	EMERROR=0.00100,	MISSINGPHENO=-9,	