

----------------------------------------------------
STRUCTURE by Pritchard, Stephens and Donnelly (2000)
     and Falush, Stephens and Pritchard (2003)
       Code by Pritchard, Falush and Hubisz
             Version 2.3.4 (Jul 2012)
----------------------------------------------------



Command line arguments:   structure -D 582421 -K 7 -m mainparams -o k7/temp1_k7_run6 
Input File:    temp1.str

Run parameters:
   178 individuals
   49 loci
   7 populations assumed
   500000 Burn-in period
   750000 Reps
RANDOMIZE turned off


--------------------------------------------
Proportion of membership of each pre-defined
 population in each of the 7 clusters

Given    Inferred Clusters                                   Number of
 Pop       1      2      3      4      5      6      7      Individuals

  1:     0.026  0.017  0.240  0.209  0.200  0.286  0.023       10
  2:     0.039  0.067  0.301  0.145  0.158  0.204  0.085       24
  3:     0.021  0.108  0.110  0.365  0.266  0.117  0.013       13
  4:     0.046  0.030  0.116  0.322  0.383  0.092  0.010       11
  5:     0.042  0.078  0.249  0.131  0.125  0.348  0.026       23
  6:     0.007  0.005  0.008  0.006  0.006  0.007  0.962       30
  7:     0.022  0.898  0.016  0.020  0.020  0.019  0.004       39
  8:     0.801  0.014  0.048  0.034  0.033  0.041  0.029       28
--------------------------------------------

Allele-freq. divergence among pops (Net nucleotide distance),
computed using point estimates of P.

      1       2       3       4       5       6       7      
 1      -    0.0402  0.0140  0.0173  0.0170  0.0176  0.0830  
 2   0.0402     -    0.0307  0.0338  0.0335  0.0313  0.1210  
 3   0.0140  0.0307     -    0.0037  0.0036  0.0019  0.0589  
 4   0.0173  0.0338  0.0037     -    0.0005  0.0064  0.0756  
 5   0.0170  0.0335  0.0036  0.0005     -    0.0066  0.0742  
 6   0.0176  0.0313  0.0019  0.0064  0.0066     -    0.0662  
 7   0.0830  0.1210  0.0589  0.0756  0.0742  0.0662     -    

Average distances (expected heterozygosity) between individuals in same cluster:
cluster  1  : 0.6050 
cluster  2  : 0.5538 
cluster  3  : 0.6556 
cluster  4  : 0.6229 
cluster  5  : 0.6263 
cluster  6  : 0.6384 
cluster  7  : 0.6407 

--------------------------------------------
Estimated Ln Prob of Data   = -21446.8
Mean value of ln likelihood = -20433.3
Variance of ln likelihood   = 2027.0
Mean value of alpha         = 0.0402

Mean value of Fst_1         = 0.0878
Mean value of Fst_2         = 0.1274
Mean value of Fst_3         = 0.0044
Mean value of Fst_4         = 0.0587
Mean value of Fst_5         = 0.0583
Mean value of Fst_6         = 0.0294
Mean value of Fst_7         = 0.1549


Inferred ancestry of individuals:
        Label (%Miss) Pop:  Inferred clusters
  1     2355    (0)    1 :  0.079 0.008 0.409 0.156 0.213 0.118 0.018 
  2     2356    (0)    1 :  0.021 0.003 0.456 0.162 0.184 0.158 0.017 
  3     2357    (0)    1 :  0.072 0.043 0.054 0.445 0.344 0.041 0.001 
  4     2358    (0)    1 :  0.005 0.007 0.155 0.032 0.043 0.747 0.010 
  5     2359    (0)    1 :  0.026 0.015 0.102 0.135 0.113 0.607 0.003 
  6     2360    (0)    1 :  0.007 0.009 0.160 0.350 0.311 0.111 0.052 
  7     2361    (2)    1 :  0.008 0.035 0.175 0.019 0.024 0.735 0.003 
  8     2362    (0)    1 :  0.009 0.016 0.101 0.435 0.300 0.131 0.008 
  9     2363    (0)    1 :  0.006 0.008 0.226 0.253 0.348 0.056 0.103 
 10     2364    (0)    1 :  0.022 0.027 0.566 0.103 0.119 0.153 0.011 
 11     2434    (0)    2 :  0.016 0.019 0.371 0.109 0.094 0.296 0.096 
 12     2435    (0)    2 :  0.010 0.005 0.682 0.046 0.079 0.100 0.078 
 13     2436    (0)    2 :  0.060 0.004 0.457 0.130 0.161 0.085 0.103 
 14     2437    (0)    2 :  0.032 0.005 0.618 0.048 0.034 0.110 0.153 
 15     2438    (0)    2 :  0.005 0.006 0.123 0.013 0.021 0.823 0.010 
 16     2439    (0)    2 :  0.013 0.009 0.086 0.342 0.375 0.169 0.006 
 17     2440    (0)    2 :  0.257 0.007 0.244 0.191 0.161 0.071 0.069 
 18     2441    (0)    2 :  0.027 0.025 0.592 0.029 0.034 0.236 0.058 
 19     2442    (0)    2 :  0.019 0.011 0.398 0.046 0.051 0.249 0.226 
 20     2443    (0)    2 :  0.070 0.013 0.503 0.069 0.063 0.271 0.010 
 21     2444    (0)    2 :  0.079 0.018 0.245 0.239 0.261 0.066 0.091 
 22     2446    (0)    2 :  0.015 0.019 0.096 0.339 0.478 0.041 0.011 
 23     2447    (0)    2 :  0.009 0.018 0.279 0.036 0.031 0.612 0.016 
 24     2448    (0)    2 :  0.011 0.735 0.036 0.066 0.066 0.081 0.005 
 25     2449    (0)    2 :  0.031 0.005 0.103 0.287 0.237 0.037 0.300 
 26     2450    (0)    2 :  0.011 0.003 0.228 0.306 0.197 0.066 0.187 
 27     2451    (0)    2 :  0.019 0.007 0.463 0.124 0.082 0.107 0.198 
 28     2452    (0)    2 :  0.039 0.086 0.071 0.330 0.412 0.057 0.005 
 29     2453    (0)    2 :  0.006 0.044 0.648 0.027 0.042 0.228 0.006 
 30     2454    (0)    2 :  0.046 0.498 0.100 0.106 0.138 0.108 0.004 
 31     2455    (0)    2 :  0.105 0.006 0.308 0.205 0.214 0.148 0.014 
 32     2456    (0)    2 :  0.044 0.033 0.400 0.031 0.028 0.458 0.006 
 33     2457    (0)    2 :  0.009 0.008 0.041 0.340 0.512 0.014 0.075 
 34     2458    (0)    2 :  0.008 0.025 0.132 0.020 0.024 0.468 0.323 
 35     2398    (0)    3 :  0.024 0.012 0.054 0.518 0.350 0.039 0.002 
 36     2399    (0)    3 :  0.005 0.013 0.177 0.295 0.303 0.185 0.023 
 37     2400    (0)    3 :  0.007 0.034 0.154 0.401 0.287 0.111 0.005 
 38     2401    (0)    3 :  0.023 0.042 0.076 0.470 0.339 0.048 0.002 
 39     2402    (0)    3 :  0.035 0.257 0.158 0.195 0.187 0.056 0.111 
 40     2403    (0)    3 :  0.013 0.003 0.009 0.583 0.384 0.007 0.002 
 41     2404    (0)    3 :  0.015 0.018 0.015 0.567 0.372 0.011 0.002 
 42     2405    (0)    3 :  0.012 0.005 0.145 0.147 0.107 0.580 0.005 
 43     2406    (0)    3 :  0.012 0.222 0.228 0.267 0.208 0.059 0.002 
 44     2407    (0)    3 :  0.082 0.569 0.091 0.065 0.061 0.127 0.005 
 45     2408    (0)    3 :  0.012 0.109 0.266 0.187 0.160 0.260 0.006 
 46     2409    (0)    3 :  0.022 0.101 0.047 0.478 0.318 0.031 0.003 
 47     2410    (0)    3 :  0.007 0.026 0.011 0.568 0.376 0.010 0.002 
 48     2459    (0)    4 :  0.023 0.015 0.044 0.349 0.548 0.015 0.006 
 49     2460    (0)    4 :  0.012 0.149 0.322 0.122 0.170 0.217 0.008 
 50     2461    (0)    4 :  0.081 0.005 0.055 0.444 0.350 0.060 0.006 
 51     2462    (4)    4 :  0.025 0.053 0.076 0.316 0.496 0.029 0.006 
 52     2463    (0)    4 :  0.024 0.015 0.058 0.351 0.513 0.036 0.003 
 53     2464    (2)    4 :  0.009 0.011 0.031 0.366 0.549 0.011 0.023 
 54     2465    (0)    4 :  0.020 0.020 0.091 0.442 0.318 0.100 0.008 
 55     2466    (2)    4 :  0.113 0.015 0.066 0.309 0.442 0.050 0.004 
 56     2467    (0)    4 :  0.133 0.021 0.330 0.044 0.052 0.392 0.029 
 57     2468    (0)    4 :  0.042 0.018 0.101 0.395 0.382 0.057 0.006 
 58     2469    (0)    4 :  0.030 0.010 0.105 0.404 0.393 0.045 0.013 
 59     2369    (0)    5 :  0.026 0.335 0.082 0.105 0.080 0.366 0.006 
 60     2370    (0)    5 :  0.004 0.014 0.062 0.427 0.293 0.197 0.002 
 61     2372    (0)    5 :  0.340 0.010 0.236 0.152 0.122 0.134 0.006 
 62     2373    (0)    5 :  0.013 0.141 0.426 0.051 0.043 0.122 0.204 
 63     2374    (0)    5 :  0.005 0.006 0.006 0.390 0.587 0.004 0.002 
 64     2375    (0)    5 :  0.021 0.007 0.626 0.114 0.113 0.114 0.005 
 65     2376    (0)    5 :  0.120 0.048 0.336 0.116 0.081 0.293 0.006 
 66     2377    (0)    5 :  0.009 0.253 0.240 0.138 0.122 0.222 0.016 
 67     2378    (0)    5 :  0.025 0.058 0.112 0.041 0.051 0.711 0.002 
 68     2379    (0)    5 :  0.028 0.010 0.296 0.013 0.013 0.631 0.010 
 69     2380    (0)    5 :  0.085 0.009 0.125 0.352 0.375 0.052 0.002 
 70     2381    (0)    5 :  0.013 0.084 0.109 0.046 0.055 0.691 0.003 
 71     2382    (0)    5 :  0.013 0.003 0.292 0.246 0.189 0.177 0.080 
 72     2383    (0)    5 :  0.022 0.203 0.132 0.263 0.199 0.173 0.009 
 73     2384    (0)    5 :  0.014 0.009 0.170 0.197 0.156 0.433 0.022 
 74     2385    (0)    5 :  0.019 0.011 0.393 0.046 0.049 0.465 0.017 
 75     2386    (0)    5 :  0.007 0.059 0.630 0.065 0.074 0.162 0.003 
 76     2387    (0)    5 :  0.024 0.039 0.209 0.057 0.051 0.616 0.004 
 77     2388    (0)    5 :  0.014 0.003 0.155 0.014 0.019 0.788 0.007 
 78     2389    (2)    5 :  0.042 0.004 0.581 0.052 0.042 0.130 0.148 
 79     2390    (0)    5 :  0.034 0.007 0.187 0.009 0.012 0.719 0.032 
 80     2391    (0)    5 :  0.039 0.167 0.119 0.016 0.020 0.636 0.002 
 81     2392    (0)    5 :  0.058 0.318 0.195 0.111 0.136 0.175 0.008 
 82     1408    (0)    6 :  0.005 0.002 0.008 0.005 0.005 0.007 0.969 
 83     1409    (0)    6 :  0.003 0.002 0.004 0.004 0.004 0.004 0.979 
 84     1410    (0)    6 :  0.003 0.002 0.003 0.003 0.002 0.003 0.984 
 85     1411    (0)    6 :  0.005 0.003 0.004 0.004 0.004 0.004 0.975 
 86     1412    (0)    6 :  0.004 0.002 0.005 0.004 0.005 0.004 0.976 
 87     1413    (0)    6 :  0.003 0.002 0.005 0.005 0.005 0.005 0.974 
 88     1414    (0)    6 :  0.002 0.002 0.002 0.002 0.002 0.002 0.988 
 89     1415    (0)    6 :  0.002 0.003 0.004 0.003 0.003 0.003 0.981 
 90     1416    (0)    6 :  0.003 0.004 0.004 0.003 0.003 0.003 0.979 
 91     1417    (0)    6 :  0.002 0.002 0.003 0.002 0.003 0.003 0.985 
 92     1418    (0)    6 :  0.004 0.002 0.006 0.006 0.006 0.006 0.970 
 93     1419    (0)    6 :  0.004 0.002 0.003 0.003 0.003 0.004 0.982 
 94     1420    (0)    6 :  0.009 0.003 0.005 0.004 0.004 0.004 0.970 
 95     1421    (0)    6 :  0.026 0.004 0.014 0.008 0.009 0.009 0.930 
 96     1422    (0)    6 :  0.003 0.002 0.005 0.003 0.003 0.004 0.981 
 97     1423    (0)    6 :  0.003 0.002 0.005 0.003 0.003 0.008 0.975 
 98     1424    (0)    6 :  0.013 0.005 0.013 0.011 0.014 0.011 0.933 
 99     1425    (0)    6 :  0.033 0.008 0.009 0.005 0.005 0.008 0.932 
100     1426    (0)    6 :  0.005 0.005 0.008 0.007 0.008 0.008 0.960 
101     1427    (0)    6 :  0.023 0.018 0.029 0.017 0.022 0.016 0.875 
102     1428    (0)    6 :  0.003 0.002 0.003 0.003 0.003 0.003 0.983 
103     1429    (0)    6 :  0.003 0.006 0.004 0.004 0.004 0.004 0.975 
104     1430    (0)    6 :  0.002 0.003 0.005 0.004 0.004 0.005 0.976 
105     1431    (0)    6 :  0.021 0.011 0.018 0.012 0.011 0.019 0.907 
106     1432    (0)    6 :  0.003 0.002 0.003 0.002 0.003 0.003 0.984 
107     1433    (0)    6 :  0.009 0.003 0.007 0.005 0.005 0.005 0.966 
108     1434    (0)    6 :  0.005 0.012 0.010 0.012 0.012 0.011 0.939 
109     1435    (0)    6 :  0.005 0.008 0.020 0.010 0.011 0.017 0.929 
110     1436    (0)    6 :  0.009 0.010 0.017 0.012 0.015 0.011 0.925 
111     1437    (0)    6 :  0.003 0.002 0.003 0.002 0.002 0.002 0.986 
112     2229    (0)    7 :  0.003 0.983 0.003 0.003 0.003 0.003 0.002 
113     2230    (0)    7 :  0.030 0.904 0.011 0.014 0.014 0.024 0.002 
114     2235    (0)    7 :  0.011 0.879 0.032 0.012 0.014 0.036 0.016 
115     2236    (0)    7 :  0.018 0.743 0.050 0.065 0.057 0.063 0.003 
116     2237    (0)    7 :  0.021 0.877 0.012 0.040 0.035 0.008 0.008 
117     2238    (0)    7 :  0.006 0.975 0.004 0.005 0.005 0.004 0.002 
118     2239    (0)    7 :  0.004 0.977 0.004 0.004 0.004 0.006 0.001 
119     2240    (0)    7 :  0.010 0.935 0.012 0.014 0.016 0.010 0.003 
120     2241    (0)    7 :  0.022 0.825 0.055 0.022 0.026 0.026 0.023 
121     2242    (0)    7 :  0.016 0.869 0.019 0.026 0.025 0.043 0.002 
122     2243    (0)    7 :  0.072 0.852 0.014 0.025 0.020 0.015 0.002 
123     2244    (0)    7 :  0.041 0.895 0.010 0.021 0.022 0.010 0.002 
124     2245    (0)    7 :  0.030 0.948 0.005 0.005 0.005 0.004 0.005 
125     2246    (0)    7 :  0.016 0.952 0.008 0.007 0.007 0.007 0.004 
126     2247    (0)    7 :  0.007 0.955 0.008 0.010 0.010 0.007 0.002 
127     2248    (0)    7 :  0.003 0.982 0.003 0.003 0.003 0.003 0.002 
128     2249    (0)    7 :  0.015 0.853 0.045 0.015 0.015 0.050 0.006 
129     2250    (0)    7 :  0.002 0.987 0.002 0.002 0.002 0.003 0.001 
130     2251    (0)    7 :  0.017 0.941 0.010 0.009 0.008 0.009 0.006 
131     2252    (0)    7 :  0.005 0.975 0.004 0.004 0.004 0.005 0.003 
132     2253    (0)    7 :  0.014 0.854 0.034 0.019 0.019 0.058 0.003 
133     2254    (0)    7 :  0.091 0.698 0.042 0.063 0.079 0.024 0.003 
134     2255    (0)    7 :  0.018 0.922 0.021 0.011 0.011 0.015 0.002 
135     2256    (0)    7 :  0.015 0.370 0.046 0.220 0.200 0.148 0.002 
136     2257    (0)    7 :  0.009 0.944 0.009 0.007 0.008 0.006 0.018 
137     2258    (0)    7 :  0.068 0.853 0.019 0.017 0.019 0.021 0.003 
138     2259    (0)    7 :  0.004 0.977 0.004 0.005 0.005 0.004 0.002 
139     2260    (0)    7 :  0.008 0.961 0.009 0.007 0.007 0.006 0.002 
140     2261    (0)    7 :  0.006 0.960 0.007 0.008 0.008 0.006 0.005 
141     2262    (0)    7 :  0.003 0.979 0.003 0.004 0.004 0.003 0.002 
142     2263    (0)    7 :  0.019 0.959 0.005 0.004 0.004 0.004 0.005 
143     2264    (0)    7 :  0.003 0.964 0.008 0.005 0.005 0.012 0.003 
144     2265    (0)    7 :  0.011 0.882 0.013 0.041 0.032 0.015 0.005 
145     2266    (0)    7 :  0.007 0.899 0.012 0.032 0.032 0.015 0.003 
146     2267    (0)    7 :  0.012 0.958 0.006 0.009 0.009 0.006 0.002 
147     2268    (0)    7 :  0.005 0.944 0.010 0.012 0.012 0.010 0.006 
148     2269    (0)    7 :  0.003 0.977 0.005 0.004 0.004 0.004 0.003 
149     2270    (0)    7 :  0.007 0.966 0.006 0.005 0.005 0.007 0.004 
150     2271    (0)    7 :  0.229 0.658 0.035 0.014 0.013 0.046 0.005 
151     2302    (0)    8 :  0.975 0.005 0.004 0.005 0.005 0.004 0.002 
152     2303    (0)    8 :  0.888 0.005 0.022 0.025 0.025 0.019 0.015 
153     2304    (0)    8 :  0.919 0.019 0.015 0.017 0.015 0.010 0.005 
154     2305    (0)    8 :  0.909 0.016 0.019 0.011 0.011 0.031 0.003 
155     2306    (0)    8 :  0.926 0.020 0.014 0.010 0.010 0.016 0.005 
156     2307    (0)    8 :  0.918 0.014 0.013 0.020 0.023 0.009 0.003 
157     2308    (0)    8 :  0.012 0.003 0.181 0.023 0.034 0.074 0.673 
158     2309    (0)    8 :  0.969 0.006 0.005 0.007 0.006 0.005 0.002 
159     2310    (0)    8 :  0.867 0.016 0.018 0.043 0.035 0.018 0.002 
160     2311    (0)    8 :  0.973 0.005 0.005 0.005 0.006 0.005 0.001 
161     2312    (0)    8 :  0.971 0.007 0.005 0.006 0.006 0.005 0.002 
162     2313    (0)    8 :  0.726 0.028 0.055 0.056 0.041 0.092 0.003 
163     2314    (0)    8 :  0.799 0.013 0.018 0.081 0.062 0.024 0.003 
164     2315    (0)    8 :  0.867 0.007 0.036 0.031 0.022 0.030 0.007 
165     2316    (0)    8 :  0.804 0.028 0.046 0.027 0.025 0.062 0.009 
166     2317    (0)    8 :  0.940 0.009 0.012 0.011 0.012 0.014 0.003 
167     2318    (0)    8 :  0.948 0.010 0.009 0.011 0.011 0.009 0.003 
168     2319    (0)    8 :  0.949 0.004 0.005 0.005 0.006 0.005 0.026 
169     2320    (0)    8 :  0.963 0.004 0.008 0.007 0.007 0.007 0.004 
170     2321    (0)    8 :  0.912 0.012 0.015 0.023 0.019 0.015 0.004 
171     2322    (0)    8 :  0.419 0.008 0.140 0.176 0.209 0.043 0.005 
172     2323    (0)    8 :  0.955 0.004 0.011 0.007 0.008 0.008 0.006 
173     2324    (0)    8 :  0.913 0.009 0.015 0.022 0.020 0.016 0.004 
174     2325    (0)    8 :  0.929 0.013 0.010 0.017 0.019 0.007 0.004 
175     2326    (0)    8 :  0.131 0.057 0.244 0.151 0.160 0.255 0.004 
176     2327    (0)    8 :  0.895 0.010 0.028 0.020 0.020 0.021 0.006 
177     2328    (0)    8 :  0.186 0.013 0.352 0.090 0.079 0.277 0.003 
178     2329    (0)    8 :  0.768 0.038 0.048 0.033 0.031 0.079 0.002 


Estimated Allele Frequencies in each cluster
First column gives estimated ancestral frequencies


Locus 1 : 
4 alleles
0.0% missing data
  91   (0.350) 0.536 0.363 0.347 0.294 0.332 0.332 0.550 
  89   (0.520) 0.422 0.576 0.523 0.557 0.528 0.526 0.399 
  93   (0.112) 0.039 0.059 0.111 0.143 0.133 0.104 0.049 
  99   (0.019) 0.003 0.002 0.020 0.007 0.007 0.039 0.001 

Locus 2 : 
6 alleles
0.0% missing data
 134   (0.276) 0.281 0.151 0.276 0.353 0.322 0.253 0.113 
 136   (0.364) 0.532 0.569 0.361 0.329 0.338 0.377 0.555 
 140   (0.084) 0.021 0.041 0.084 0.078 0.081 0.076 0.055 
 138   (0.221) 0.092 0.235 0.223 0.219 0.237 0.238 0.235 
 142   (0.029) 0.070 0.002 0.027 0.011 0.011 0.018 0.039 
 132   (0.027) 0.005 0.002 0.028 0.011 0.011 0.038 0.002 

Locus 3 : 
6 alleles
0.0% missing data
 179   (0.330) 0.361 0.301 0.329 0.401 0.402 0.339 0.147 
 187   (0.285) 0.232 0.485 0.288 0.203 0.210 0.318 0.345 
 185   (0.097) 0.033 0.008 0.099 0.087 0.094 0.079 0.230 
 191   (0.032) 0.006 0.009 0.030 0.066 0.063 0.018 0.003 
 181   (0.200) 0.346 0.192 0.198 0.202 0.195 0.175 0.083 
 175   (0.056) 0.022 0.005 0.056 0.042 0.035 0.072 0.192 

Locus 4 : 
10 alleles
0.0% missing data
 241   (0.189) 0.199 0.073 0.191 0.142 0.149 0.196 0.454 
 247   (0.065) 0.013 0.005 0.068 0.056 0.057 0.083 0.020 
 253   (0.410) 0.586 0.686 0.408 0.480 0.459 0.392 0.131 
 273   (0.018) 0.003 0.001 0.018 0.009 0.010 0.011 0.002 
 269   (0.177) 0.174 0.134 0.177 0.222 0.214 0.217 0.040 
 271   (0.059) 0.011 0.024 0.057 0.056 0.073 0.042 0.189 
 249   (0.040) 0.008 0.071 0.039 0.018 0.019 0.031 0.060 
 245   (0.019) 0.003 0.002 0.019 0.007 0.007 0.012 0.101 
 265   (0.012) 0.002 0.001 0.011 0.006 0.007 0.009 0.001 
 239   (0.012) 0.002 0.002 0.012 0.005 0.005 0.007 0.002 

Locus 5 : 
4 alleles
0.0% missing data
 103   (0.892) 0.894 0.959 0.895 0.935 0.922 0.911 0.774 
 105   (0.064) 0.099 0.005 0.062 0.049 0.061 0.043 0.195 
 102   (0.015) 0.003 0.001 0.016 0.006 0.006 0.030 0.001 
 104   (0.028) 0.005 0.034 0.026 0.010 0.011 0.016 0.030 

Locus 6 : 
5 alleles
0.0% missing data
 135   (0.323) 0.206 0.187 0.326 0.257 0.273 0.302 0.685 
 145   (0.327) 0.326 0.145 0.330 0.480 0.455 0.324 0.028 
 141   (0.265) 0.430 0.612 0.263 0.219 0.229 0.309 0.081 
 147   (0.065) 0.034 0.056 0.064 0.037 0.036 0.053 0.120 
 137   (0.019) 0.003 0.002 0.018 0.007 0.007 0.012 0.086 

Locus 7 : 
10 alleles
0.6% missing data
  97   (0.186) 0.091 0.195 0.188 0.185 0.182 0.179 0.121 
 103   (0.295) 0.491 0.290 0.298 0.370 0.369 0.368 0.028 
  89   (0.086) 0.045 0.063 0.085 0.059 0.064 0.080 0.177 
  93   (0.249) 0.232 0.382 0.252 0.193 0.185 0.255 0.335 
  83   (0.041) 0.019 0.004 0.041 0.087 0.068 0.037 0.003 
  99   (0.022) 0.004 0.002 0.021 0.016 0.014 0.013 0.033 
  85   (0.035) 0.072 0.005 0.033 0.046 0.066 0.019 0.003 
  91   (0.046) 0.039 0.050 0.045 0.018 0.019 0.027 0.107 
 105   (0.017) 0.003 0.001 0.016 0.010 0.013 0.009 0.076 
 101   (0.024) 0.005 0.007 0.021 0.015 0.019 0.013 0.117 

Locus 8 : 
8 alleles
0.0% missing data
 129   (0.576) 0.562 0.740 0.579 0.637 0.639 0.599 0.390 
 143   (0.244) 0.338 0.066 0.247 0.236 0.247 0.255 0.293 
 141   (0.065) 0.063 0.081 0.064 0.058 0.050 0.045 0.005 
 149   (0.047) 0.009 0.100 0.045 0.028 0.026 0.041 0.277 
 133   (0.020) 0.004 0.002 0.020 0.015 0.013 0.030 0.002 
 145   (0.018) 0.018 0.001 0.016 0.015 0.012 0.009 0.001 
 127   (0.018) 0.004 0.001 0.017 0.007 0.007 0.014 0.030 
 131   (0.012) 0.002 0.008 0.011 0.005 0.005 0.007 0.001 

Locus 9 : 
4 alleles
0.0% missing data
 189   (0.431) 0.224 0.256 0.439 0.457 0.482 0.525 0.328 
 191   (0.350) 0.467 0.637 0.349 0.305 0.309 0.323 0.273 
 195   (0.200) 0.305 0.097 0.195 0.228 0.200 0.142 0.397 
 193   (0.018) 0.004 0.010 0.017 0.009 0.008 0.010 0.002 

Locus 10 : 
6 alleles
0.0% missing data
 250   (0.037) 0.007 0.003 0.037 0.019 0.020 0.047 0.165 
 254   (0.059) 0.077 0.013 0.059 0.033 0.037 0.036 0.019 
 252   (0.115) 0.200 0.180 0.111 0.099 0.119 0.083 0.064 
 238   (0.584) 0.609 0.438 0.584 0.645 0.644 0.550 0.683 
 232   (0.185) 0.104 0.362 0.189 0.187 0.166 0.255 0.067 
 248   (0.019) 0.004 0.003 0.019 0.017 0.014 0.030 0.002 

Locus 11 : 
4 alleles
0.0% missing data
  87   (0.742) 0.752 0.647 0.751 0.752 0.726 0.776 0.509 
  89   (0.190) 0.236 0.272 0.185 0.202 0.220 0.171 0.103 
  91   (0.049) 0.009 0.079 0.046 0.039 0.047 0.036 0.329 
  85   (0.019) 0.003 0.002 0.018 0.007 0.007 0.017 0.059 

Locus 12 : 
12 alleles
0.0% missing data
 160   (0.264) 0.176 0.232 0.265 0.276 0.280 0.243 0.508 
 158   (0.206) 0.225 0.417 0.206 0.226 0.207 0.233 0.058 
 162   (0.202) 0.202 0.156 0.207 0.230 0.261 0.244 0.018 
 170   (0.054) 0.012 0.012 0.054 0.064 0.052 0.072 0.125 
 161   (0.115) 0.185 0.053 0.114 0.084 0.083 0.102 0.216 
 154   (0.027) 0.005 0.003 0.027 0.013 0.014 0.031 0.014 
 143   (0.031) 0.010 0.003 0.031 0.021 0.025 0.017 0.050 
 149   (0.024) 0.005 0.002 0.024 0.030 0.026 0.014 0.003 
 147   (0.042) 0.174 0.120 0.039 0.034 0.032 0.023 0.003 
 159   (0.012) 0.002 0.001 0.011 0.014 0.011 0.006 0.001 
 134   (0.012) 0.002 0.001 0.012 0.005 0.005 0.007 0.001 
 165   (0.012) 0.002 0.001 0.011 0.005 0.005 0.007 0.004 

Locus 13 : 
4 alleles
0.0% missing data
 113   (0.343) 0.386 0.343 0.345 0.343 0.314 0.326 0.284 
 115   (0.486) 0.442 0.491 0.488 0.499 0.518 0.514 0.469 
 108   (0.159) 0.170 0.165 0.154 0.154 0.163 0.153 0.246 
 110   (0.012) 0.002 0.001 0.012 0.005 0.005 0.007 0.001 

Locus 14 : 
7 alleles
0.0% missing data
 172   (0.440) 0.369 0.266 0.442 0.498 0.507 0.422 0.583 
 176   (0.130) 0.125 0.081 0.131 0.118 0.099 0.117 0.058 
 182   (0.076) 0.079 0.012 0.077 0.093 0.087 0.083 0.007 
 174   (0.239) 0.230 0.560 0.239 0.242 0.253 0.250 0.093 
 170   (0.019) 0.003 0.002 0.021 0.006 0.007 0.055 0.001 
 180   (0.031) 0.006 0.023 0.029 0.016 0.020 0.021 0.136 
 178   (0.063) 0.187 0.057 0.061 0.026 0.026 0.052 0.122 

Locus 15 : 
8 alleles
0.0% missing data
 225   (0.138) 0.066 0.077 0.141 0.117 0.136 0.146 0.073 
 229   (0.426) 0.321 0.581 0.432 0.435 0.428 0.494 0.356 
 227   (0.142) 0.162 0.156 0.138 0.256 0.223 0.106 0.012 
 231   (0.206) 0.390 0.108 0.205 0.148 0.166 0.188 0.427 
 213   (0.012) 0.002 0.001 0.012 0.005 0.005 0.010 0.002 
 233   (0.052) 0.054 0.076 0.049 0.024 0.026 0.043 0.124 
 203   (0.012) 0.003 0.001 0.011 0.010 0.011 0.006 0.001 
 223   (0.012) 0.002 0.001 0.012 0.005 0.005 0.008 0.004 

Locus 16 : 
4 alleles
0.6% missing data
 143   (0.901) 0.928 0.987 0.903 0.939 0.937 0.927 0.808 
 145   (0.063) 0.065 0.010 0.063 0.039 0.038 0.053 0.113 
 147   (0.023) 0.004 0.002 0.021 0.017 0.020 0.012 0.078 
 157   (0.013) 0.002 0.001 0.012 0.004 0.005 0.008 0.001 

Locus 17 : 
5 alleles
0.0% missing data
 158   (0.502) 0.483 0.666 0.505 0.533 0.533 0.532 0.305 
 156   (0.276) 0.283 0.187 0.275 0.280 0.303 0.225 0.259 
 154   (0.078) 0.075 0.047 0.077 0.038 0.037 0.082 0.341 
 160   (0.132) 0.157 0.098 0.131 0.141 0.119 0.155 0.094 
 152   (0.012) 0.002 0.002 0.011 0.009 0.008 0.007 0.001 

Locus 18 : 
5 alleles
0.0% missing data
  90   (0.674) 0.824 0.776 0.678 0.660 0.668 0.704 0.444 
 100   (0.097) 0.019 0.010 0.098 0.112 0.124 0.104 0.168 
 102   (0.153) 0.126 0.200 0.150 0.166 0.153 0.128 0.096 
 104   (0.012) 0.002 0.001 0.012 0.004 0.004 0.016 0.001 
  88   (0.064) 0.029 0.014 0.063 0.058 0.051 0.048 0.292 

Locus 19 : 
7 alleles
0.0% missing data
 127   (0.280) 0.385 0.157 0.281 0.263 0.239 0.310 0.405 
 140   (0.293) 0.422 0.114 0.291 0.342 0.354 0.264 0.241 
 142   (0.118) 0.024 0.501 0.122 0.077 0.089 0.167 0.022 
 148   (0.099) 0.044 0.098 0.098 0.090 0.088 0.077 0.067 
 146   (0.097) 0.054 0.110 0.099 0.087 0.085 0.092 0.008 
 138   (0.056) 0.057 0.015 0.055 0.077 0.062 0.053 0.005 
 150   (0.056) 0.015 0.005 0.054 0.066 0.084 0.038 0.252 

Locus 20 : 
6 alleles
0.0% missing data
 190   (0.126) 0.275 0.341 0.122 0.113 0.104 0.085 0.035 
 194   (0.574) 0.608 0.513 0.579 0.539 0.517 0.643 0.600 
 202   (0.038) 0.007 0.003 0.038 0.018 0.019 0.053 0.061 
 188   (0.144) 0.063 0.132 0.146 0.156 0.182 0.143 0.013 
 200   (0.105) 0.045 0.010 0.102 0.168 0.173 0.069 0.290 
 198   (0.013) 0.002 0.001 0.013 0.005 0.005 0.007 0.001 

Locus 21 : 
6 alleles
0.0% missing data
 252   (0.650) 0.655 0.773 0.655 0.745 0.751 0.666 0.118 
 246   (0.122) 0.258 0.012 0.119 0.135 0.120 0.114 0.179 
 248   (0.015) 0.003 0.001 0.016 0.006 0.006 0.029 0.001 
 244   (0.038) 0.007 0.063 0.036 0.022 0.024 0.031 0.074 
 250   (0.098) 0.019 0.121 0.100 0.046 0.052 0.075 0.343 
 254   (0.077) 0.058 0.029 0.075 0.046 0.047 0.085 0.285 

Locus 22 : 
7 alleles
0.0% missing data
 167   (0.253) 0.177 0.259 0.250 0.365 0.372 0.221 0.095 
 173   (0.282) 0.242 0.312 0.281 0.310 0.308 0.281 0.265 
 163   (0.038) 0.007 0.003 0.041 0.016 0.017 0.073 0.116 
 177   (0.192) 0.096 0.357 0.198 0.140 0.134 0.253 0.074 
 175   (0.146) 0.281 0.060 0.144 0.123 0.123 0.105 0.237 
 165   (0.074) 0.195 0.008 0.074 0.042 0.042 0.061 0.172 
 159   (0.014) 0.002 0.001 0.012 0.004 0.005 0.007 0.041 

Locus 23 : 
11 alleles
0.0% missing data
 152   (0.402) 0.436 0.539 0.408 0.458 0.427 0.449 0.124 
 158   (0.108) 0.067 0.012 0.108 0.113 0.116 0.095 0.401 
 146   (0.201) 0.315 0.271 0.201 0.223 0.256 0.196 0.020 
 150   (0.056) 0.062 0.025 0.053 0.036 0.032 0.044 0.149 
 156   (0.024) 0.005 0.002 0.023 0.016 0.019 0.013 0.028 
 162   (0.032) 0.006 0.003 0.032 0.017 0.017 0.020 0.196 
 166   (0.075) 0.063 0.049 0.076 0.068 0.072 0.058 0.006 
 164   (0.044) 0.036 0.006 0.045 0.028 0.028 0.063 0.013 
 148   (0.022) 0.004 0.002 0.023 0.008 0.009 0.042 0.017 
 142   (0.021) 0.004 0.002 0.019 0.027 0.020 0.011 0.043 
 154   (0.014) 0.002 0.091 0.013 0.005 0.005 0.007 0.001 

Locus 24 : 
6 alleles
0.6% missing data
 144   (0.180) 0.205 0.131 0.177 0.197 0.190 0.174 0.306 
 156   (0.158) 0.111 0.069 0.160 0.126 0.131 0.160 0.302 
 154   (0.514) 0.606 0.573 0.520 0.560 0.570 0.553 0.210 
 160   (0.103) 0.070 0.166 0.100 0.099 0.091 0.079 0.087 
 152   (0.016) 0.003 0.052 0.015 0.006 0.007 0.010 0.001 
 158   (0.029) 0.005 0.009 0.028 0.011 0.011 0.025 0.094 

Locus 25 : 
4 alleles
0.6% missing data
  81   (0.362) 0.342 0.237 0.363 0.390 0.400 0.367 0.305 
  83   (0.500) 0.582 0.466 0.501 0.481 0.471 0.475 0.586 
  77   (0.082) 0.015 0.265 0.083 0.095 0.090 0.114 0.007 
  85   (0.056) 0.060 0.032 0.053 0.034 0.039 0.044 0.102 

Locus 26 : 
6 alleles
0.6% missing data
 124   (0.517) 0.634 0.290 0.512 0.614 0.601 0.537 0.623 
 132   (0.260) 0.194 0.634 0.263 0.254 0.258 0.264 0.022 
 122   (0.136) 0.155 0.023 0.139 0.082 0.089 0.145 0.323 
 126   (0.054) 0.011 0.051 0.054 0.035 0.036 0.033 0.018 
 120   (0.019) 0.003 0.002 0.018 0.010 0.010 0.013 0.014 
 136   (0.013) 0.002 0.001 0.013 0.006 0.006 0.007 0.001 

Locus 27 : 
6 alleles
0.0% missing data
 165   (0.249) 0.271 0.157 0.248 0.314 0.295 0.227 0.110 
 183   (0.348) 0.357 0.475 0.351 0.278 0.286 0.366 0.357 
 179   (0.090) 0.019 0.082 0.088 0.102 0.117 0.059 0.247 
 175   (0.227) 0.311 0.278 0.230 0.231 0.218 0.287 0.020 
 181   (0.066) 0.038 0.006 0.064 0.064 0.073 0.049 0.180 
 185   (0.020) 0.003 0.002 0.018 0.011 0.011 0.012 0.086 

Locus 28 : 
4 alleles
0.0% missing data
 142   (0.531) 0.678 0.633 0.523 0.627 0.643 0.461 0.408 
 150   (0.152) 0.106 0.016 0.156 0.131 0.127 0.185 0.201 
 148   (0.244) 0.201 0.136 0.251 0.163 0.165 0.303 0.312 
 138   (0.072) 0.015 0.215 0.070 0.080 0.065 0.050 0.079 

Locus 29 : 
5 alleles
0.0% missing data
 260   (0.437) 0.372 0.252 0.444 0.482 0.448 0.529 0.302 
 262   (0.461) 0.580 0.705 0.457 0.453 0.490 0.388 0.526 
 258   (0.022) 0.004 0.002 0.022 0.015 0.014 0.021 0.002 
 256   (0.067) 0.041 0.041 0.066 0.039 0.039 0.056 0.169 
 264   (0.012) 0.002 0.001 0.011 0.011 0.009 0.007 0.001 

Locus 30 : 
5 alleles
0.0% missing data
 140   (0.162) 0.185 0.070 0.158 0.168 0.159 0.114 0.457 
 150   (0.474) 0.451 0.716 0.473 0.562 0.582 0.468 0.205 
 148   (0.085) 0.095 0.075 0.085 0.056 0.060 0.079 0.022 
 146   (0.245) 0.262 0.133 0.250 0.196 0.180 0.303 0.311 
 152   (0.032) 0.007 0.006 0.033 0.017 0.019 0.036 0.006 

Locus 31 : 
6 alleles
0.0% missing data
 125   (0.272) 0.256 0.284 0.277 0.214 0.243 0.312 0.121 
 129   (0.503) 0.492 0.579 0.504 0.602 0.559 0.482 0.235 
 123   (0.100) 0.086 0.126 0.095 0.112 0.126 0.076 0.066 
 127   (0.076) 0.158 0.007 0.076 0.039 0.042 0.069 0.359 
 121   (0.015) 0.003 0.001 0.016 0.005 0.005 0.031 0.001 
 131   (0.034) 0.006 0.004 0.033 0.027 0.025 0.031 0.218 

Locus 32 : 
5 alleles
0.0% missing data
 155   (0.555) 0.424 0.660 0.564 0.508 0.500 0.620 0.609 
 159   (0.149) 0.214 0.090 0.144 0.194 0.212 0.099 0.096 
 157   (0.201) 0.344 0.159 0.200 0.207 0.195 0.222 0.088 
 153   (0.063) 0.012 0.083 0.060 0.072 0.076 0.039 0.170 
 151   (0.032) 0.006 0.008 0.031 0.018 0.017 0.020 0.037 

Locus 33 : 
4 alleles
0.0% missing data
  92   (0.253) 0.121 0.294 0.252 0.226 0.241 0.229 0.467 
  94   (0.083) 0.208 0.076 0.080 0.052 0.055 0.068 0.049 
  95   (0.151) 0.027 0.122 0.156 0.140 0.127 0.228 0.326 
  91   (0.513) 0.643 0.507 0.513 0.583 0.577 0.475 0.158 

Locus 34 : 
4 alleles
0.0% missing data
 146   (0.331) 0.299 0.101 0.336 0.303 0.285 0.316 0.526 
 148   (0.084) 0.098 0.098 0.080 0.071 0.085 0.056 0.130 
 150   (0.526) 0.534 0.797 0.528 0.559 0.553 0.588 0.293 
 154   (0.059) 0.069 0.005 0.056 0.067 0.078 0.041 0.050 

Locus 35 : 
7 alleles
0.0% missing data
 180   (0.396) 0.460 0.532 0.395 0.395 0.406 0.398 0.317 
 192   (0.156) 0.152 0.015 0.159 0.200 0.180 0.155 0.158 
 184   (0.214) 0.295 0.214 0.214 0.176 0.179 0.208 0.134 
 196   (0.151) 0.068 0.168 0.153 0.185 0.187 0.168 0.017 
 198   (0.042) 0.008 0.022 0.039 0.029 0.034 0.027 0.328 
 190   (0.028) 0.015 0.002 0.027 0.010 0.010 0.037 0.046 
 194   (0.013) 0.002 0.046 0.012 0.004 0.004 0.006 0.001 

Locus 36 : 
6 alleles
0.0% missing data
 106   (0.286) 0.287 0.180 0.285 0.335 0.339 0.273 0.136 
 112   (0.292) 0.303 0.509 0.289 0.343 0.342 0.274 0.071 
  94   (0.021) 0.004 0.002 0.023 0.008 0.008 0.050 0.002 
 110   (0.228) 0.329 0.285 0.228 0.177 0.184 0.250 0.174 
 108   (0.134) 0.056 0.021 0.136 0.105 0.102 0.128 0.613 
  90   (0.038) 0.021 0.003 0.039 0.032 0.026 0.025 0.004 

Locus 37 : 
8 alleles
0.0% missing data
 168   (0.077) 0.016 0.006 0.077 0.109 0.131 0.056 0.334 
 178   (0.040) 0.010 0.010 0.039 0.060 0.048 0.028 0.003 
 170   (0.304) 0.468 0.154 0.306 0.245 0.255 0.321 0.327 
 174   (0.125) 0.118 0.029 0.123 0.151 0.163 0.123 0.057 
 172   (0.277) 0.211 0.479 0.275 0.321 0.291 0.234 0.164 
 176   (0.109) 0.131 0.101 0.115 0.056 0.057 0.199 0.009 
 166   (0.049) 0.041 0.220 0.047 0.044 0.039 0.029 0.004 
 186   (0.019) 0.003 0.002 0.017 0.013 0.016 0.010 0.101 

Locus 38 : 
6 alleles
0.0% missing data
  85   (0.190) 0.120 0.181 0.190 0.229 0.266 0.187 0.045 
  95   (0.085) 0.151 0.088 0.084 0.055 0.051 0.084 0.021 
  89   (0.531) 0.553 0.714 0.529 0.561 0.538 0.542 0.518 
  83   (0.127) 0.066 0.012 0.130 0.111 0.104 0.130 0.374 
  81   (0.054) 0.107 0.004 0.054 0.040 0.036 0.047 0.005 
  91   (0.015) 0.003 0.001 0.014 0.005 0.005 0.011 0.038 

Locus 39 : 
7 alleles
0.0% missing data
 161   (0.363) 0.455 0.484 0.363 0.338 0.345 0.356 0.546 
 165   (0.215) 0.188 0.174 0.217 0.196 0.219 0.254 0.194 
 167   (0.033) 0.006 0.013 0.032 0.052 0.053 0.021 0.003 
 169   (0.081) 0.016 0.125 0.083 0.089 0.086 0.106 0.006 
 173   (0.282) 0.330 0.191 0.283 0.294 0.274 0.249 0.249 
 175   (0.013) 0.002 0.001 0.012 0.027 0.019 0.007 0.001 
 159   (0.012) 0.002 0.011 0.011 0.004 0.004 0.006 0.001 

Locus 40 : 
5 alleles
0.0% missing data
  85   (0.229) 0.297 0.124 0.229 0.240 0.226 0.203 0.082 
  87   (0.116) 0.050 0.151 0.114 0.090 0.113 0.101 0.401 
  91   (0.164) 0.239 0.033 0.165 0.138 0.123 0.175 0.258 
  81   (0.081) 0.119 0.024 0.082 0.069 0.069 0.084 0.007 
  89   (0.410) 0.294 0.668 0.410 0.463 0.470 0.438 0.253 

Locus 41 : 
3 alleles
0.0% missing data
 167   (0.779) 0.925 0.923 0.777 0.816 0.823 0.766 0.487 
 161   (0.179) 0.067 0.064 0.180 0.167 0.159 0.173 0.480 
 165   (0.043) 0.008 0.013 0.043 0.017 0.018 0.060 0.032 

Locus 42 : 
6 alleles
0.0% missing data
 224   (0.042) 0.075 0.057 0.039 0.023 0.025 0.023 0.016 
 228   (0.389) 0.378 0.577 0.386 0.429 0.400 0.364 0.401 
 238   (0.360) 0.372 0.240 0.365 0.378 0.415 0.395 0.097 
 240   (0.113) 0.023 0.011 0.116 0.133 0.121 0.137 0.402 
 236   (0.083) 0.149 0.113 0.082 0.033 0.035 0.067 0.083 
 242   (0.012) 0.002 0.001 0.012 0.004 0.004 0.014 0.001 

Locus 43 : 
7 alleles
0.6% missing data
 130   (0.523) 0.437 0.471 0.531 0.512 0.505 0.625 0.576 
 118   (0.052) 0.025 0.006 0.050 0.048 0.046 0.034 0.098 
 128   (0.069) 0.060 0.140 0.066 0.090 0.078 0.057 0.006 
 132   (0.089) 0.143 0.266 0.088 0.064 0.058 0.079 0.007 
 114   (0.110) 0.170 0.081 0.110 0.101 0.106 0.101 0.009 
 134   (0.144) 0.162 0.016 0.143 0.179 0.202 0.097 0.303 
 122   (0.014) 0.003 0.020 0.013 0.005 0.005 0.008 0.001 

Locus 44 : 
5 alleles
0.0% missing data
 104   (0.399) 0.256 0.164 0.408 0.455 0.447 0.404 0.103 
  98   (0.158) 0.146 0.216 0.156 0.099 0.112 0.147 0.257 
 102   (0.217) 0.372 0.437 0.211 0.302 0.302 0.227 0.018 
  92   (0.156) 0.190 0.110 0.156 0.098 0.096 0.178 0.448 
  96   (0.071) 0.036 0.073 0.069 0.046 0.043 0.043 0.174 

Locus 45 : 
5 alleles
0.0% missing data
  95   (0.220) 0.233 0.358 0.215 0.213 0.219 0.181 0.407 
 101   (0.367) 0.377 0.398 0.366 0.438 0.408 0.343 0.218 
 103   (0.283) 0.295 0.230 0.287 0.271 0.283 0.347 0.093 
  99   (0.098) 0.090 0.012 0.100 0.056 0.065 0.112 0.247 
  97   (0.032) 0.006 0.003 0.031 0.023 0.025 0.018 0.036 

Locus 46 : 
7 alleles
0.0% missing data
 181   (0.547) 0.594 0.735 0.553 0.563 0.524 0.631 0.262 
 191   (0.301) 0.362 0.179 0.298 0.307 0.335 0.263 0.600 
 179   (0.028) 0.005 0.002 0.026 0.046 0.065 0.015 0.086 
 177   (0.066) 0.025 0.079 0.064 0.058 0.050 0.044 0.035 
 189   (0.018) 0.003 0.001 0.018 0.008 0.008 0.012 0.001 
 183   (0.018) 0.006 0.002 0.018 0.010 0.010 0.012 0.001 
 193   (0.023) 0.005 0.002 0.023 0.009 0.009 0.024 0.014 

Locus 47 : 
6 alleles
0.0% missing data
 211   (0.211) 0.242 0.175 0.208 0.217 0.236 0.182 0.385 
 215   (0.081) 0.149 0.077 0.081 0.042 0.046 0.071 0.031 
 205   (0.442) 0.450 0.499 0.445 0.501 0.491 0.491 0.369 
 207   (0.191) 0.115 0.177 0.196 0.185 0.164 0.212 0.123 
 201   (0.056) 0.041 0.070 0.053 0.042 0.047 0.035 0.064 
 202   (0.018) 0.003 0.001 0.017 0.013 0.017 0.010 0.029 

Locus 48 : 
10 alleles
0.0% missing data
 142   (0.286) 0.251 0.202 0.287 0.377 0.384 0.283 0.128 
 162   (0.066) 0.192 0.006 0.066 0.044 0.045 0.051 0.051 
 164   (0.056) 0.044 0.005 0.057 0.038 0.037 0.043 0.101 
 168   (0.150) 0.158 0.261 0.149 0.125 0.110 0.174 0.328 
 158   (0.175) 0.245 0.066 0.178 0.154 0.153 0.192 0.179 
 170   (0.036) 0.007 0.013 0.036 0.013 0.013 0.027 0.102 
 166   (0.137) 0.085 0.293 0.136 0.164 0.178 0.165 0.031 
 156   (0.035) 0.007 0.004 0.035 0.026 0.024 0.026 0.067 
 144   (0.047) 0.009 0.148 0.046 0.054 0.051 0.033 0.004 
 160   (0.012) 0.003 0.001 0.011 0.005 0.005 0.006 0.010 

Locus 49 : 
6 alleles
0.0% missing data
 149   (0.303) 0.104 0.116 0.307 0.347 0.310 0.310 0.756 
 151   (0.247) 0.360 0.227 0.248 0.205 0.222 0.273 0.087 
 145   (0.221) 0.455 0.250 0.213 0.234 0.238 0.204 0.115 
 153   (0.190) 0.075 0.404 0.194 0.198 0.214 0.173 0.017 
 147   (0.013) 0.002 0.001 0.013 0.004 0.005 0.009 0.001 
 143   (0.026) 0.005 0.002 0.026 0.011 0.011 0.031 0.024 

Values of parameters used in structure:
DATAFILE=temp1.str,	OUTFILE=k7/temp1_k7_run6,	NUMINDS=178,	NUMLOCI=49,	MISSING=-9,	LABEL=1,	POPDATA=1,	POPFLAG=0,	PHENOTYPE=0,	EXTRACOLS=0,	MAXPOPS=7,	BURNIN=500000,	NUMREPS=750000,	USEPOPINFO=0,	INFERALPHA=1,	INFERLAMBDA=0,	POPSPECIFICLAMBDA=0,	POPALPHAS=0,	COMPUTEPROB=1,	NOADMIX=0,	ADMBURNIN=500,	UPDATEFREQ=100,	PRINTLIKES=0,	INTERMEDSAVE=0,	PRINTKLD=0,	PRINTNET=1,	PRINTLAMBDA=1,	ANCESTDIST=0,	NUMBOXES=1000,	ANCESTPINT=0.90000,	GENSBACK=2,	MIGRPRIOR=0.01000,	PRINTQHAT=0,	PRINTQSUM=1,	ALPHA=1.0000,	FREQSCORR=1,	FPRIORMEAN=0.0100,	FPRIORSD=0.0500,	ONEFST=0,	LAMBDA=1.0000,	UNIFPRIORALPHA=1,	ALPHAMAX=10.0000,	ALPHAPRIORA=1.0000,	ALPHAPRIORB=2.0000,	ALPHAPROPSD=0.0250,	STARTATPOPINFO=0,	RANDOMIZE=0,	LINKAGE=0,	METROFREQ=10,	REPORTHITRATE=0,	MARKOVPHASE=0,	PHASED=1,	PLOIDY=2,	PHASEINFO=0	LOCPRIOR=0, 	LOCPRIORINIT=1.000000, 	LOCDATA=0, 	LOCISPOP=1, 	LOCPRIORSTEP=0.100000, 	MAXLOCPRIOR=20.000000, 	SEED=582421,	
[STRAT parameters]:    NUMSIMSTATS=1000,	PHENOTYPECOL=-9,	POOLFREQ=10,	LOCUSxONLY=0,	EMERROR=0.00100,	MISSINGPHENO=-9,	