

----------------------------------------------------
STRUCTURE by Pritchard, Stephens and Donnelly (2000)
     and Falush, Stephens and Pritchard (2003)
       Code by Pritchard, Falush and Hubisz
             Version 2.3.4 (Jul 2012)
----------------------------------------------------



Command line arguments:   structure -D 136479 -K 4 -m mainparams -o k4/temp1_k4_run9 
Input File:    temp1.str

Run parameters:
   178 individuals
   49 loci
   4 populations assumed
   500000 Burn-in period
   750000 Reps
RANDOMIZE turned off


--------------------------------------------
Proportion of membership of each pre-defined
 population in each of the 4 clusters

Given    Inferred Clusters              Number of
 Pop       1      2      3      4      Individuals

  1:     0.728  0.031  0.038  0.203       10
  2:     0.566  0.094  0.123  0.217       24
  3:     0.531  0.164  0.022  0.283       13
  4:     0.406  0.058  0.033  0.503       11
  5:     0.651  0.129  0.042  0.177       23
  6:     0.009  0.006  0.975  0.009       30
  7:     0.026  0.937  0.006  0.031       39
  8:     0.075  0.019  0.033  0.873       28
--------------------------------------------

Allele-freq. divergence among pops (Net nucleotide distance),
computed using point estimates of P.

      1       2       3       4      
 1      -    0.0294  0.0618  0.0095  
 2   0.0294     -    0.1169  0.0337  
 3   0.0618  0.1169     -    0.0779  
 4   0.0095  0.0337  0.0779     -    

Average distances (expected heterozygosity) between individuals in same cluster:
cluster  1  : 0.6454 
cluster  2  : 0.5574 
cluster  3  : 0.6427 
cluster  4  : 0.6141 

--------------------------------------------
Estimated Ln Prob of Data   = -21107.1
Mean value of ln likelihood = -20699.5
Variance of ln likelihood   = 815.1
Mean value of alpha         = 0.0575

Mean value of Fst_1         = 0.0101
Mean value of Fst_2         = 0.1217
Mean value of Fst_3         = 0.1502
Mean value of Fst_4         = 0.0587


Inferred ancestry of individuals:
        Label (%Miss) Pop:  Inferred clusters
  1     2355    (0)    1 :  0.368 0.011 0.039 0.582 
  2     2356    (0)    1 :  0.798 0.005 0.025 0.172 
  3     2357    (0)    1 :  0.168 0.087 0.002 0.743 
  4     2358    (0)    1 :  0.960 0.013 0.015 0.013 
  5     2359    (0)    1 :  0.756 0.032 0.004 0.208 
  6     2360    (0)    1 :  0.887 0.016 0.041 0.056 
  7     2361    (2)    1 :  0.920 0.061 0.004 0.014 
  8     2362    (0)    1 :  0.941 0.025 0.008 0.026 
  9     2363    (0)    1 :  0.715 0.018 0.214 0.054 
 10     2364    (0)    1 :  0.770 0.042 0.025 0.163 
 11     2434    (0)    2 :  0.751 0.046 0.115 0.088 
 12     2435    (0)    2 :  0.658 0.011 0.211 0.120 
 13     2436    (0)    2 :  0.486 0.007 0.205 0.302 
 14     2437    (0)    2 :  0.534 0.012 0.262 0.192 
 15     2438    (0)    2 :  0.970 0.009 0.014 0.007 
 16     2439    (0)    2 :  0.910 0.014 0.007 0.069 
 17     2440    (0)    2 :  0.063 0.010 0.094 0.834 
 18     2441    (0)    2 :  0.747 0.055 0.112 0.087 
 19     2442    (0)    2 :  0.639 0.020 0.273 0.068 
 20     2443    (0)    2 :  0.705 0.023 0.016 0.255 
 21     2444    (0)    2 :  0.252 0.026 0.175 0.547 
 22     2446    (0)    2 :  0.652 0.031 0.034 0.282 
 23     2447    (0)    2 :  0.943 0.026 0.016 0.014 
 24     2448    (0)    2 :  0.085 0.878 0.008 0.029 
 25     2449    (0)    2 :  0.424 0.008 0.333 0.234 
 26     2450    (0)    2 :  0.708 0.005 0.188 0.099 
 27     2451    (0)    2 :  0.496 0.020 0.274 0.210 
 28     2452    (0)    2 :  0.344 0.212 0.009 0.434 
 29     2453    (0)    2 :  0.910 0.067 0.013 0.011 
 30     2454    (0)    2 :  0.211 0.564 0.007 0.218 
 31     2455    (0)    2 :  0.399 0.009 0.020 0.573 
 32     2456    (0)    2 :  0.840 0.065 0.012 0.084 
 33     2457    (0)    2 :  0.394 0.026 0.178 0.402 
 34     2458    (0)    2 :  0.472 0.121 0.367 0.040 
 35     2398    (0)    3 :  0.588 0.035 0.003 0.373 
 36     2399    (0)    3 :  0.959 0.015 0.014 0.012 
 37     2400    (0)    3 :  0.836 0.085 0.008 0.071 
 38     2401    (0)    3 :  0.596 0.130 0.003 0.271 
 39     2402    (0)    3 :  0.218 0.493 0.212 0.076 
 40     2403    (0)    3 :  0.190 0.005 0.004 0.801 
 41     2404    (0)    3 :  0.227 0.031 0.004 0.738 
 42     2405    (0)    3 :  0.963 0.007 0.006 0.024 
 43     2406    (0)    3 :  0.577 0.346 0.003 0.073 
 44     2407    (0)    3 :  0.191 0.584 0.008 0.216 
 45     2408    (0)    3 :  0.832 0.126 0.008 0.034 
 46     2409    (0)    3 :  0.274 0.193 0.006 0.527 
 47     2410    (0)    3 :  0.451 0.082 0.004 0.463 
 48     2459    (0)    4 :  0.142 0.030 0.022 0.806 
 49     2460    (0)    4 :  0.733 0.208 0.014 0.045 
 50     2461    (0)    4 :  0.438 0.007 0.011 0.545 
 51     2462    (4)    4 :  0.139 0.161 0.017 0.683 
 52     2463    (0)    4 :  0.298 0.028 0.007 0.668 
 53     2464    (2)    4 :  0.246 0.032 0.171 0.551 
 54     2465    (0)    4 :  0.585 0.058 0.012 0.345 
 55     2466    (2)    4 :  0.279 0.030 0.008 0.683 
 56     2467    (0)    4 :  0.360 0.044 0.072 0.524 
 57     2468    (0)    4 :  0.440 0.026 0.011 0.523 
 58     2469    (0)    4 :  0.805 0.020 0.020 0.155 
 59     2369    (0)    5 :  0.452 0.449 0.011 0.089 
 60     2370    (0)    5 :  0.953 0.030 0.003 0.013 
 61     2372    (0)    5 :  0.246 0.013 0.011 0.731 
 62     2373    (0)    5 :  0.249 0.354 0.366 0.031 
 63     2374    (0)    5 :  0.347 0.026 0.009 0.618 
 64     2375    (0)    5 :  0.911 0.011 0.008 0.070 
 65     2376    (0)    5 :  0.390 0.091 0.011 0.508 
 66     2377    (0)    5 :  0.561 0.351 0.045 0.043 
 67     2378    (0)    5 :  0.752 0.159 0.003 0.086 
 68     2379    (0)    5 :  0.894 0.018 0.018 0.070 
 69     2380    (0)    5 :  0.160 0.013 0.003 0.824 
 70     2381    (0)    5 :  0.726 0.223 0.004 0.047 
 71     2382    (0)    5 :  0.902 0.004 0.046 0.048 
 72     2383    (0)    5 :  0.591 0.307 0.020 0.082 
 73     2384    (0)    5 :  0.926 0.015 0.024 0.035 
 74     2385    (0)    5 :  0.896 0.022 0.025 0.057 
 75     2386    (0)    5 :  0.879 0.080 0.004 0.036 
 76     2387    (0)    5 :  0.863 0.064 0.006 0.067 
 77     2388    (0)    5 :  0.967 0.005 0.012 0.016 
 78     2389    (2)    5 :  0.407 0.008 0.292 0.293 
 79     2390    (0)    5 :  0.880 0.013 0.038 0.069 
 80     2391    (0)    5 :  0.609 0.338 0.004 0.050 
 81     2392    (0)    5 :  0.421 0.382 0.014 0.183 
 82     1408    (0)    6 :  0.009 0.003 0.982 0.006 
 83     1409    (0)    6 :  0.005 0.003 0.987 0.005 
 84     1410    (0)    6 :  0.005 0.003 0.989 0.003 
 85     1411    (0)    6 :  0.006 0.005 0.983 0.007 
 86     1412    (0)    6 :  0.006 0.003 0.985 0.005 
 87     1413    (0)    6 :  0.007 0.003 0.984 0.005 
 88     1414    (0)    6 :  0.003 0.002 0.992 0.003 
 89     1415    (0)    6 :  0.005 0.004 0.987 0.003 
 90     1416    (0)    6 :  0.005 0.005 0.985 0.005 
 91     1417    (0)    6 :  0.004 0.002 0.990 0.003 
 92     1418    (0)    6 :  0.009 0.003 0.981 0.006 
 93     1419    (0)    6 :  0.005 0.003 0.988 0.005 
 94     1420    (0)    6 :  0.006 0.005 0.981 0.008 
 95     1421    (0)    6 :  0.012 0.005 0.954 0.029 
 96     1422    (0)    6 :  0.005 0.003 0.988 0.004 
 97     1423    (0)    6 :  0.006 0.003 0.986 0.004 
 98     1424    (0)    6 :  0.015 0.007 0.956 0.022 
 99     1425    (0)    6 :  0.011 0.011 0.955 0.023 
100     1426    (0)    6 :  0.011 0.007 0.974 0.008 
101     1427    (0)    6 :  0.027 0.028 0.918 0.027 
102     1428    (0)    6 :  0.004 0.003 0.989 0.004 
103     1429    (0)    6 :  0.005 0.009 0.982 0.004 
104     1430    (0)    6 :  0.007 0.004 0.985 0.004 
105     1431    (0)    6 :  0.022 0.015 0.940 0.023 
106     1432    (0)    6 :  0.004 0.003 0.988 0.004 
107     1433    (0)    6 :  0.008 0.004 0.979 0.009 
108     1434    (0)    6 :  0.014 0.018 0.957 0.011 
109     1435    (0)    6 :  0.025 0.010 0.956 0.009 
110     1436    (0)    6 :  0.018 0.014 0.953 0.015 
111     1437    (0)    6 :  0.003 0.003 0.990 0.004 
112     2229    (0)    7 :  0.004 0.989 0.003 0.004 
113     2230    (0)    7 :  0.021 0.952 0.003 0.025 
114     2235    (0)    7 :  0.031 0.930 0.023 0.015 
115     2236    (0)    7 :  0.138 0.807 0.006 0.049 
116     2237    (0)    7 :  0.014 0.927 0.013 0.046 
117     2238    (0)    7 :  0.005 0.984 0.003 0.009 
118     2239    (0)    7 :  0.005 0.988 0.002 0.005 
119     2240    (0)    7 :  0.016 0.962 0.006 0.016 
120     2241    (0)    7 :  0.045 0.896 0.030 0.029 
121     2242    (0)    7 :  0.026 0.944 0.003 0.027 
122     2243    (0)    7 :  0.019 0.889 0.003 0.089 
123     2244    (0)    7 :  0.012 0.937 0.002 0.049 
124     2245    (0)    7 :  0.006 0.966 0.007 0.021 
125     2246    (0)    7 :  0.009 0.968 0.005 0.017 
126     2247    (0)    7 :  0.010 0.977 0.003 0.010 
127     2248    (0)    7 :  0.005 0.988 0.002 0.005 
128     2249    (0)    7 :  0.049 0.925 0.009 0.017 
129     2250    (0)    7 :  0.004 0.992 0.002 0.003 
130     2251    (0)    7 :  0.016 0.957 0.009 0.018 
131     2252    (0)    7 :  0.006 0.984 0.005 0.005 
132     2253    (0)    7 :  0.043 0.921 0.004 0.031 
133     2254    (0)    7 :  0.058 0.766 0.005 0.171 
134     2255    (0)    7 :  0.021 0.951 0.004 0.024 
135     2256    (0)    7 :  0.205 0.672 0.002 0.121 
136     2257    (0)    7 :  0.009 0.956 0.024 0.011 
137     2258    (0)    7 :  0.023 0.896 0.004 0.077 
138     2259    (0)    7 :  0.005 0.986 0.002 0.006 
139     2260    (0)    7 :  0.009 0.979 0.003 0.010 
140     2261    (0)    7 :  0.010 0.975 0.007 0.008 
141     2262    (0)    7 :  0.005 0.987 0.003 0.005 
142     2263    (0)    7 :  0.006 0.972 0.008 0.014 
143     2264    (0)    7 :  0.009 0.981 0.004 0.006 
144     2265    (0)    7 :  0.023 0.949 0.007 0.021 
145     2266    (0)    7 :  0.022 0.946 0.004 0.029 
146     2267    (0)    7 :  0.008 0.973 0.002 0.017 
147     2268    (0)    7 :  0.019 0.965 0.009 0.007 
148     2269    (0)    7 :  0.006 0.985 0.005 0.005 
149     2270    (0)    7 :  0.007 0.978 0.007 0.008 
150     2271    (0)    7 :  0.082 0.731 0.011 0.176 
151     2302    (0)    8 :  0.006 0.008 0.004 0.982 
152     2303    (0)    8 :  0.022 0.007 0.017 0.954 
153     2304    (0)    8 :  0.015 0.024 0.007 0.955 
154     2305    (0)    8 :  0.027 0.027 0.004 0.941 
155     2306    (0)    8 :  0.019 0.028 0.009 0.944 
156     2307    (0)    8 :  0.013 0.019 0.004 0.963 
157     2308    (0)    8 :  0.247 0.005 0.716 0.032 
158     2309    (0)    8 :  0.009 0.009 0.002 0.980 
159     2310    (0)    8 :  0.018 0.016 0.003 0.963 
160     2311    (0)    8 :  0.007 0.008 0.002 0.982 
161     2312    (0)    8 :  0.008 0.012 0.004 0.976 
162     2313    (0)    8 :  0.076 0.038 0.004 0.881 
163     2314    (0)    8 :  0.020 0.014 0.004 0.962 
164     2315    (0)    8 :  0.030 0.010 0.010 0.950 
165     2316    (0)    8 :  0.032 0.035 0.011 0.922 
166     2317    (0)    8 :  0.016 0.014 0.004 0.966 
167     2318    (0)    8 :  0.012 0.015 0.004 0.970 
168     2319    (0)    8 :  0.007 0.008 0.054 0.931 
169     2320    (0)    8 :  0.013 0.008 0.006 0.974 
170     2321    (0)    8 :  0.024 0.018 0.006 0.952 
171     2322    (0)    8 :  0.073 0.013 0.009 0.906 
172     2323    (0)    8 :  0.013 0.006 0.011 0.970 
173     2324    (0)    8 :  0.015 0.011 0.006 0.967 
174     2325    (0)    8 :  0.010 0.016 0.006 0.969 
175     2326    (0)    8 :  0.688 0.084 0.006 0.223 
176     2327    (0)    8 :  0.056 0.016 0.010 0.919 
177     2328    (0)    8 :  0.556 0.019 0.005 0.420 
178     2329    (0)    8 :  0.057 0.058 0.003 0.881 


Estimated Allele Frequencies in each cluster
First column gives estimated ancestral frequencies


Locus 1 : 
4 alleles
0.0% missing data
  91   (0.341) 0.315 0.363 0.545 0.446 
  89   (0.515) 0.533 0.571 0.403 0.478 
  93   (0.120) 0.127 0.063 0.050 0.072 
  99   (0.023) 0.025 0.003 0.002 0.004 

Locus 2 : 
6 alleles
0.0% missing data
 134   (0.262) 0.275 0.159 0.113 0.331 
 136   (0.365) 0.343 0.554 0.540 0.456 
 140   (0.090) 0.097 0.046 0.057 0.029 
 138   (0.222) 0.234 0.236 0.247 0.130 
 142   (0.033) 0.022 0.003 0.039 0.045 
 132   (0.028) 0.030 0.002 0.003 0.008 

Locus 3 : 
6 alleles
0.0% missing data
 179   (0.336) 0.350 0.314 0.149 0.375 
 187   (0.287) 0.287 0.471 0.340 0.209 
 185   (0.089) 0.095 0.007 0.238 0.048 
 191   (0.036) 0.031 0.012 0.003 0.035 
 181   (0.190) 0.174 0.191 0.087 0.305 
 175   (0.062) 0.062 0.005 0.183 0.028 

Locus 4 : 
10 alleles
0.0% missing data
 241   (0.177) 0.172 0.077 0.443 0.183 
 247   (0.064) 0.077 0.005 0.023 0.030 
 253   (0.397) 0.403 0.676 0.130 0.558 
 273   (0.018) 0.017 0.001 0.002 0.005 
 269   (0.190) 0.209 0.143 0.043 0.183 
 271   (0.061) 0.054 0.023 0.200 0.022 
 249   (0.044) 0.033 0.066 0.057 0.012 
 245   (0.022) 0.016 0.002 0.095 0.003 
 265   (0.014) 0.011 0.002 0.001 0.002 
 239   (0.014) 0.009 0.004 0.005 0.002 

Locus 5 : 
4 alleles
0.0% missing data
 103   (0.893) 0.918 0.961 0.780 0.901 
 105   (0.057) 0.043 0.005 0.190 0.091 
 102   (0.019) 0.019 0.002 0.001 0.003 
 104   (0.031) 0.021 0.033 0.029 0.005 

Locus 6 : 
5 alleles
0.0% missing data
 135   (0.300) 0.291 0.186 0.687 0.228 
 145   (0.339) 0.389 0.156 0.029 0.393 
 141   (0.270) 0.247 0.603 0.084 0.346 
 147   (0.071) 0.059 0.054 0.116 0.030 
 137   (0.021) 0.013 0.002 0.084 0.003 

Locus 7 : 
10 alleles
0.6% missing data
  97   (0.177) 0.186 0.192 0.121 0.132 
 103   (0.296) 0.331 0.308 0.031 0.451 
  89   (0.082) 0.071 0.062 0.180 0.050 
  93   (0.248) 0.250 0.366 0.329 0.204 
  83   (0.051) 0.060 0.005 0.004 0.042 
  99   (0.024) 0.019 0.002 0.034 0.004 
  85   (0.032) 0.025 0.006 0.003 0.077 
  91   (0.048) 0.033 0.048 0.108 0.027 
 105   (0.017) 0.010 0.001 0.076 0.003 
 101   (0.026) 0.015 0.009 0.113 0.009 

Locus 8 : 
8 alleles
0.0% missing data
 129   (0.565) 0.587 0.744 0.398 0.603 
 143   (0.248) 0.259 0.068 0.296 0.298 
 141   (0.065) 0.059 0.076 0.005 0.062 
 149   (0.048) 0.037 0.098 0.266 0.008 
 133   (0.022) 0.025 0.002 0.002 0.004 
 145   (0.018) 0.012 0.001 0.001 0.015 
 127   (0.020) 0.012 0.002 0.031 0.006 
 131   (0.014) 0.008 0.009 0.001 0.002 

Locus 9 : 
4 alleles
0.0% missing data
 189   (0.435) 0.479 0.278 0.340 0.319 
 191   (0.336) 0.312 0.610 0.266 0.420 
 195   (0.209) 0.195 0.102 0.392 0.256 
 193   (0.021) 0.014 0.011 0.003 0.006 

Locus 10 : 
6 alleles
0.0% missing data
 250   (0.041) 0.039 0.003 0.157 0.010 
 254   (0.060) 0.052 0.013 0.022 0.060 
 252   (0.110) 0.089 0.179 0.068 0.162 
 238   (0.553) 0.559 0.447 0.683 0.655 
 232   (0.213) 0.237 0.354 0.069 0.108 
 248   (0.023) 0.024 0.004 0.002 0.005 

Locus 11 : 
4 alleles
0.0% missing data
  87   (0.747) 0.787 0.662 0.519 0.731 
  89   (0.177) 0.155 0.263 0.104 0.255 
  91   (0.054) 0.042 0.073 0.321 0.011 
  85   (0.022) 0.016 0.002 0.056 0.003 

Locus 12 : 
12 alleles
0.0% missing data
 160   (0.251) 0.260 0.228 0.505 0.209 
 158   (0.204) 0.208 0.411 0.058 0.226 
 162   (0.186) 0.210 0.164 0.018 0.247 
 170   (0.067) 0.073 0.015 0.123 0.018 
 161   (0.117) 0.106 0.053 0.209 0.145 
 154   (0.029) 0.028 0.003 0.015 0.006 
 143   (0.031) 0.024 0.002 0.057 0.015 
 149   (0.026) 0.027 0.003 0.004 0.011 
 147   (0.048) 0.033 0.116 0.004 0.111 
 159   (0.014) 0.009 0.001 0.001 0.008 
 134   (0.014) 0.011 0.001 0.001 0.002 
 165   (0.013) 0.010 0.001 0.006 0.002 

Locus 13 : 
4 alleles
0.0% missing data
 113   (0.351) 0.359 0.345 0.287 0.342 
 115   (0.479) 0.492 0.491 0.469 0.481 
 108   (0.156) 0.139 0.162 0.242 0.173 
 110   (0.014) 0.010 0.001 0.002 0.004 

Locus 14 : 
7 alleles
0.0% missing data
 172   (0.422) 0.440 0.275 0.583 0.441 
 176   (0.127) 0.123 0.084 0.060 0.125 
 182   (0.081) 0.095 0.014 0.007 0.077 
 174   (0.240) 0.239 0.546 0.099 0.226 
 170   (0.026) 0.032 0.003 0.002 0.004 
 180   (0.033) 0.022 0.021 0.132 0.006 
 178   (0.071) 0.050 0.056 0.117 0.120 

Locus 15 : 
8 alleles
0.0% missing data
 225   (0.137) 0.148 0.083 0.076 0.081 
 229   (0.439) 0.475 0.583 0.360 0.329 
 227   (0.138) 0.142 0.154 0.012 0.218 
 231   (0.185) 0.162 0.105 0.424 0.320 
 213   (0.014) 0.011 0.001 0.002 0.003 
 233   (0.060) 0.044 0.072 0.118 0.037 
 203   (0.014) 0.008 0.001 0.001 0.009 
 223   (0.014) 0.010 0.001 0.006 0.003 

Locus 16 : 
4 alleles
0.6% missing data
 143   (0.897) 0.918 0.986 0.814 0.930 
 145   (0.063) 0.053 0.010 0.110 0.057 
 147   (0.026) 0.017 0.003 0.075 0.010 
 157   (0.014) 0.012 0.001 0.001 0.002 

Locus 17 : 
5 alleles
0.0% missing data
 158   (0.505) 0.531 0.661 0.308 0.494 
 156   (0.243) 0.234 0.187 0.272 0.311 
 154   (0.088) 0.077 0.047 0.325 0.052 
 160   (0.150) 0.148 0.102 0.094 0.141 
 152   (0.014) 0.011 0.002 0.001 0.003 

Locus 18 : 
5 alleles
0.0% missing data
  90   (0.657) 0.664 0.773 0.452 0.774 
 100   (0.104) 0.115 0.013 0.166 0.057 
 102   (0.156) 0.148 0.199 0.099 0.130 
 104   (0.014) 0.012 0.001 0.001 0.002 
  88   (0.069) 0.060 0.014 0.282 0.037 

Locus 19 : 
7 alleles
0.0% missing data
 127   (0.273) 0.261 0.170 0.399 0.355 
 140   (0.290) 0.291 0.115 0.241 0.412 
 142   (0.121) 0.133 0.482 0.022 0.035 
 148   (0.104) 0.105 0.097 0.066 0.044 
 146   (0.096) 0.104 0.114 0.009 0.052 
 138   (0.062) 0.063 0.016 0.005 0.059 
 150   (0.053) 0.042 0.006 0.257 0.044 

Locus 20 : 
6 alleles
0.0% missing data
 190   (0.122) 0.098 0.318 0.036 0.215 
 194   (0.585) 0.602 0.527 0.589 0.566 
 202   (0.042) 0.044 0.004 0.057 0.007 
 188   (0.139) 0.152 0.140 0.013 0.106 
 200   (0.098) 0.094 0.010 0.304 0.101 
 198   (0.014) 0.010 0.001 0.002 0.004 

Locus 21 : 
6 alleles
0.0% missing data
 252   (0.646) 0.689 0.778 0.124 0.702 
 246   (0.120) 0.109 0.013 0.177 0.219 
 248   (0.019) 0.019 0.002 0.001 0.003 
 244   (0.040) 0.028 0.063 0.072 0.008 
 250   (0.087) 0.079 0.115 0.349 0.020 
 254   (0.087) 0.076 0.029 0.277 0.047 

Locus 22 : 
7 alleles
0.0% missing data
 167   (0.258) 0.274 0.269 0.102 0.251 
 173   (0.274) 0.274 0.316 0.267 0.270 
 163   (0.047) 0.051 0.004 0.112 0.008 
 177   (0.196) 0.213 0.345 0.078 0.104 
 175   (0.138) 0.121 0.058 0.235 0.222 
 165   (0.071) 0.058 0.007 0.167 0.142 
 159   (0.015) 0.009 0.001 0.040 0.002 

Locus 23 : 
11 alleles
0.0% missing data
 152   (0.405) 0.442 0.533 0.130 0.436 
 158   (0.100) 0.102 0.012 0.401 0.081 
 146   (0.190) 0.198 0.276 0.020 0.290 
 150   (0.060) 0.047 0.025 0.144 0.047 
 156   (0.025) 0.018 0.003 0.032 0.008 
 162   (0.034) 0.032 0.003 0.187 0.006 
 166   (0.069) 0.066 0.051 0.006 0.074 
 164   (0.048) 0.044 0.009 0.015 0.039 
 148   (0.028) 0.026 0.003 0.020 0.005 
 142   (0.026) 0.018 0.003 0.042 0.012 
 154   (0.016) 0.008 0.083 0.001 0.002 

Locus 24 : 
6 alleles
0.6% missing data
 144   (0.166) 0.148 0.129 0.300 0.234 
 156   (0.157) 0.159 0.071 0.297 0.109 
 154   (0.533) 0.579 0.574 0.217 0.567 
 160   (0.096) 0.081 0.167 0.091 0.082 
 152   (0.018) 0.011 0.048 0.001 0.003 
 158   (0.030) 0.022 0.009 0.094 0.006 

Locus 25 : 
4 alleles
0.6% missing data
  81   (0.371) 0.390 0.233 0.304 0.367 
  83   (0.489) 0.485 0.457 0.589 0.547 
  77   (0.082) 0.084 0.274 0.007 0.038 
  85   (0.058) 0.042 0.035 0.100 0.048 

Locus 26 : 
6 alleles
0.6% missing data
 124   (0.547) 0.561 0.302 0.621 0.614 
 132   (0.227) 0.233 0.624 0.019 0.232 
 122   (0.137) 0.133 0.024 0.320 0.125 
 126   (0.054) 0.045 0.047 0.024 0.023 
 120   (0.021) 0.016 0.002 0.014 0.004 
 136   (0.014) 0.012 0.001 0.001 0.003 

Locus 27 : 
6 alleles
0.0% missing data
 165   (0.236) 0.234 0.162 0.110 0.318 
 183   (0.349) 0.347 0.463 0.356 0.316 
 179   (0.097) 0.090 0.080 0.259 0.041 
 175   (0.227) 0.244 0.287 0.021 0.279 
 181   (0.069) 0.067 0.006 0.173 0.041 
 185   (0.023) 0.016 0.002 0.081 0.004 

Locus 28 : 
4 alleles
0.0% missing data
 142   (0.521) 0.507 0.640 0.417 0.664 
 150   (0.151) 0.168 0.016 0.194 0.121 
 148   (0.250) 0.261 0.139 0.308 0.180 
 138   (0.077) 0.064 0.206 0.081 0.034 

Locus 29 : 
5 alleles
0.0% missing data
 260   (0.449) 0.487 0.273 0.305 0.417 
 262   (0.442) 0.415 0.683 0.529 0.543 
 258   (0.023) 0.025 0.002 0.002 0.005 
 256   (0.072) 0.062 0.041 0.164 0.033 
 264   (0.014) 0.012 0.001 0.001 0.003 

Locus 30 : 
5 alleles
0.0% missing data
 140   (0.151) 0.133 0.069 0.449 0.188 
 150   (0.470) 0.483 0.707 0.208 0.513 
 148   (0.086) 0.078 0.076 0.023 0.076 
 146   (0.260) 0.271 0.141 0.313 0.213 
 152   (0.033) 0.035 0.006 0.008 0.009 

Locus 31 : 
6 alleles
0.0% missing data
 125   (0.262) 0.268 0.277 0.122 0.260 
 129   (0.499) 0.522 0.592 0.244 0.521 
 123   (0.105) 0.092 0.118 0.068 0.101 
 127   (0.079) 0.068 0.007 0.352 0.104 
 121   (0.018) 0.019 0.001 0.001 0.003 
 131   (0.036) 0.031 0.004 0.212 0.010 

Locus 32 : 
5 alleles
0.0% missing data
 155   (0.552) 0.585 0.650 0.604 0.442 
 159   (0.141) 0.127 0.095 0.097 0.229 
 157   (0.206) 0.203 0.162 0.086 0.298 
 153   (0.069) 0.060 0.084 0.168 0.024 
 151   (0.031) 0.025 0.009 0.045 0.007 

Locus 33 : 
4 alleles
0.0% missing data
  92   (0.242) 0.235 0.291 0.470 0.153 
  94   (0.085) 0.063 0.072 0.048 0.154 
  95   (0.176) 0.196 0.129 0.317 0.049 
  91   (0.497) 0.506 0.507 0.166 0.644 

Locus 34 : 
4 alleles
0.0% missing data
 146   (0.310) 0.319 0.110 0.525 0.308 
 148   (0.090) 0.072 0.093 0.129 0.085 
 150   (0.541) 0.557 0.792 0.296 0.536 
 154   (0.060) 0.053 0.005 0.050 0.071 

Locus 35 : 
7 alleles
0.0% missing data
 180   (0.393) 0.391 0.524 0.321 0.439 
 192   (0.164) 0.186 0.018 0.156 0.163 
 184   (0.202) 0.190 0.215 0.134 0.260 
 196   (0.153) 0.170 0.176 0.019 0.114 
 198   (0.039) 0.029 0.021 0.324 0.008 
 190   (0.034) 0.027 0.003 0.044 0.013 
 194   (0.015) 0.008 0.042 0.001 0.002 

Locus 36 : 
6 alleles
0.0% missing data
 106   (0.277) 0.281 0.196 0.142 0.320 
 112   (0.286) 0.283 0.498 0.076 0.330 
  94   (0.027) 0.032 0.002 0.002 0.005 
 110   (0.244) 0.234 0.279 0.175 0.255 
 108   (0.132) 0.141 0.022 0.600 0.055 
  90   (0.033) 0.029 0.003 0.005 0.035 

Locus 37 : 
8 alleles
0.0% missing data
 168   (0.083) 0.085 0.006 0.330 0.059 
 178   (0.044) 0.045 0.011 0.004 0.029 
 170   (0.286) 0.281 0.160 0.330 0.393 
 174   (0.131) 0.138 0.037 0.058 0.128 
 172   (0.273) 0.278 0.474 0.163 0.230 
 176   (0.120) 0.130 0.105 0.010 0.113 
 166   (0.045) 0.032 0.204 0.004 0.046 
 186   (0.018) 0.010 0.001 0.101 0.004 

Locus 38 : 
6 alleles
0.0% missing data
  85   (0.188) 0.194 0.185 0.047 0.186 
  95   (0.087) 0.074 0.086 0.023 0.114 
  89   (0.529) 0.529 0.711 0.518 0.553 
  83   (0.125) 0.136 0.013 0.371 0.073 
  81   (0.054) 0.057 0.004 0.005 0.072 
  91   (0.017) 0.010 0.001 0.037 0.003 

Locus 39 : 
7 alleles
0.0% missing data
 161   (0.364) 0.358 0.471 0.538 0.400 
 165   (0.219) 0.224 0.177 0.195 0.199 
 167   (0.042) 0.043 0.016 0.004 0.017 
 169   (0.083) 0.094 0.136 0.007 0.035 
 173   (0.262) 0.263 0.189 0.254 0.329 
 175   (0.016) 0.011 0.001 0.001 0.016 
 159   (0.014) 0.007 0.011 0.001 0.002 

Locus 40 : 
5 alleles
0.0% missing data
  85   (0.212) 0.210 0.125 0.083 0.298 
  87   (0.114) 0.099 0.142 0.404 0.062 
  91   (0.168) 0.166 0.037 0.254 0.196 
  81   (0.082) 0.083 0.028 0.007 0.098 
  89   (0.424) 0.442 0.668 0.253 0.346 

Locus 41 : 
3 alleles
0.0% missing data
 167   (0.774) 0.773 0.920 0.489 0.897 
 161   (0.177) 0.180 0.067 0.478 0.093 
 165   (0.049) 0.047 0.013 0.033 0.010 

Locus 42 : 
6 alleles
0.0% missing data
 224   (0.042) 0.024 0.054 0.015 0.058 
 228   (0.396) 0.394 0.568 0.394 0.377 
 238   (0.338) 0.358 0.258 0.101 0.415 
 240   (0.122) 0.144 0.013 0.405 0.045 
 236   (0.088) 0.069 0.106 0.083 0.102 
 242   (0.014) 0.012 0.001 0.001 0.003 

Locus 43 : 
7 alleles
0.6% missing data
 130   (0.529) 0.560 0.489 0.580 0.459 
 118   (0.053) 0.048 0.006 0.096 0.030 
 128   (0.064) 0.053 0.136 0.005 0.084 
 132   (0.093) 0.085 0.250 0.008 0.103 
 114   (0.109) 0.110 0.082 0.009 0.143 
 134   (0.137) 0.136 0.017 0.301 0.179 
 122   (0.015) 0.009 0.020 0.001 0.003 

Locus 44 : 
5 alleles
0.0% missing data
 104   (0.382) 0.432 0.174 0.110 0.350 
  98   (0.157) 0.139 0.208 0.256 0.123 
 102   (0.213) 0.207 0.440 0.018 0.357 
  92   (0.178) 0.168 0.111 0.440 0.130 
  96   (0.070) 0.053 0.068 0.176 0.039 

Locus 45 : 
5 alleles
0.0% missing data
  95   (0.223) 0.204 0.347 0.398 0.212 
 101   (0.356) 0.357 0.395 0.214 0.431 
 103   (0.291) 0.312 0.243 0.099 0.278 
  99   (0.098) 0.098 0.012 0.247 0.072 
  97   (0.032) 0.029 0.002 0.043 0.006 

Locus 46 : 
7 alleles
0.0% missing data
 181   (0.538) 0.564 0.734 0.264 0.591 
 191   (0.298) 0.293 0.178 0.583 0.345 
 179   (0.034) 0.026 0.003 0.097 0.023 
 177   (0.068) 0.062 0.081 0.035 0.024 
 189   (0.018) 0.019 0.001 0.001 0.003 
 183   (0.020) 0.016 0.002 0.002 0.009 
 193   (0.024) 0.020 0.002 0.019 0.005 

Locus 47 : 
6 alleles
0.0% missing data
 211   (0.193) 0.179 0.176 0.383 0.251 
 215   (0.083) 0.070 0.076 0.031 0.109 
 205   (0.454) 0.488 0.497 0.367 0.459 
 207   (0.195) 0.211 0.176 0.127 0.134 
 201   (0.054) 0.039 0.074 0.064 0.038 
 202   (0.021) 0.013 0.002 0.028 0.009 

Locus 48 : 
10 alleles
0.0% missing data
 142   (0.270) 0.293 0.202 0.132 0.336 
 162   (0.062) 0.053 0.006 0.049 0.139 
 164   (0.056) 0.054 0.005 0.098 0.039 
 168   (0.167) 0.162 0.253 0.319 0.126 
 158   (0.177) 0.184 0.084 0.181 0.191 
 170   (0.034) 0.027 0.013 0.105 0.006 
 166   (0.135) 0.136 0.286 0.031 0.135 
 156   (0.036) 0.031 0.005 0.070 0.012 
 144   (0.049) 0.053 0.144 0.004 0.013 
 160   (0.013) 0.007 0.001 0.012 0.002 

Locus 49 : 
6 alleles
0.0% missing data
 149   (0.309) 0.329 0.122 0.750 0.194 
 151   (0.233) 0.220 0.233 0.089 0.325 
 145   (0.230) 0.208 0.243 0.119 0.367 
 153   (0.185) 0.205 0.399 0.017 0.107 
 147   (0.014) 0.011 0.001 0.002 0.003 
 143   (0.029) 0.026 0.002 0.024 0.005 

Values of parameters used in structure:
DATAFILE=temp1.str,	OUTFILE=k4/temp1_k4_run9,	NUMINDS=178,	NUMLOCI=49,	MISSING=-9,	LABEL=1,	POPDATA=1,	POPFLAG=0,	PHENOTYPE=0,	EXTRACOLS=0,	MAXPOPS=4,	BURNIN=500000,	NUMREPS=750000,	USEPOPINFO=0,	INFERALPHA=1,	INFERLAMBDA=0,	POPSPECIFICLAMBDA=0,	POPALPHAS=0,	COMPUTEPROB=1,	NOADMIX=0,	ADMBURNIN=500,	UPDATEFREQ=100,	PRINTLIKES=0,	INTERMEDSAVE=0,	PRINTKLD=0,	PRINTNET=1,	PRINTLAMBDA=1,	ANCESTDIST=0,	NUMBOXES=1000,	ANCESTPINT=0.90000,	GENSBACK=2,	MIGRPRIOR=0.01000,	PRINTQHAT=0,	PRINTQSUM=1,	ALPHA=1.0000,	FREQSCORR=1,	FPRIORMEAN=0.0100,	FPRIORSD=0.0500,	ONEFST=0,	LAMBDA=1.0000,	UNIFPRIORALPHA=1,	ALPHAMAX=10.0000,	ALPHAPRIORA=1.0000,	ALPHAPRIORB=2.0000,	ALPHAPROPSD=0.0250,	STARTATPOPINFO=0,	RANDOMIZE=0,	LINKAGE=0,	METROFREQ=10,	REPORTHITRATE=0,	MARKOVPHASE=0,	PHASED=1,	PLOIDY=2,	PHASEINFO=0	LOCPRIOR=0, 	LOCPRIORINIT=1.000000, 	LOCDATA=0, 	LOCISPOP=1, 	LOCPRIORSTEP=0.100000, 	MAXLOCPRIOR=20.000000, 	SEED=136479,	
[STRAT parameters]:    NUMSIMSTATS=1000,	PHENOTYPECOL=-9,	POOLFREQ=10,	LOCUSxONLY=0,	EMERROR=0.00100,	MISSINGPHENO=-9,	