

----------------------------------------------------
STRUCTURE by Pritchard, Stephens and Donnelly (2000)
     and Falush, Stephens and Pritchard (2003)
       Code by Pritchard, Falush and Hubisz
             Version 2.3.4 (Jul 2012)
----------------------------------------------------



Command line arguments:   structure -D 921655 -K 4 -m mainparams -o k4/temp2_k4_run5 
Input File:    temp2.str

Run parameters:
   185 individuals
   49 loci
   4 populations assumed
   500000 Burn-in period
   750000 Reps
RANDOMIZE turned off


--------------------------------------------
Proportion of membership of each pre-defined
 population in each of the 4 clusters

Given    Inferred Clusters              Number of
 Pop       1      2      3      4      Individuals

  1:     0.008  0.002  0.985  0.005       33
  2:     0.006  0.005  0.027  0.963       19
  3:     0.021  0.910  0.016  0.053       10
  4:     0.004  0.987  0.005  0.005       32
  5:     0.013  0.004  0.976  0.008       40
  6:     0.972  0.005  0.013  0.010       51
--------------------------------------------

Allele-freq. divergence among pops (Net nucleotide distance),
computed using point estimates of P.

      1       2       3       4      
 1      -    0.0749  0.0396  0.0704  
 2   0.0749     -    0.0968  0.0940  
 3   0.0396  0.0968     -    0.0728  
 4   0.0704  0.0940  0.0728     -    

Average distances (expected heterozygosity) between individuals in same cluster:
cluster  1  : 0.6056 
cluster  2  : 0.6593 
cluster  3  : 0.5769 
cluster  4  : 0.5623 

--------------------------------------------
Estimated Ln Prob of Data   = -20855.9
Mean value of ln likelihood = -20614.4
Variance of ln likelihood   = 483.0
Mean value of alpha         = 0.0297

Mean value of Fst_1         = 0.1234
Mean value of Fst_2         = 0.1094
Mean value of Fst_3         = 0.1393
Mean value of Fst_4         = 0.2078


Inferred ancestry of individuals:
        Label (%Miss) Pop:  Inferred clusters
  1      382    (0)    1 :  0.005 0.002 0.991 0.002 
  2      383    (0)    1 :  0.031 0.002 0.965 0.002 
  3      647    (0)    1 :  0.039 0.004 0.955 0.003 
  4      648    (0)    1 :  0.011 0.003 0.984 0.002 
  5      649    (0)    1 :  0.002 0.002 0.994 0.002 
  6      650    (0)    1 :  0.002 0.002 0.994 0.002 
  7      651    (0)    1 :  0.003 0.006 0.989 0.002 
  8      652    (0)    1 :  0.018 0.001 0.978 0.002 
  9      653    (0)    1 :  0.003 0.001 0.993 0.003 
 10      654    (0)    1 :  0.003 0.002 0.993 0.002 
 11      658    (0)    1 :  0.002 0.001 0.995 0.002 
 12      659    (0)    1 :  0.004 0.002 0.992 0.002 
 13      660    (0)    1 :  0.002 0.001 0.993 0.004 
 14      661    (0)    1 :  0.003 0.001 0.991 0.005 
 15      662    (0)    1 :  0.003 0.004 0.986 0.007 
 16      663    (0)    1 :  0.002 0.001 0.995 0.001 
 17      664    (0)    1 :  0.009 0.003 0.983 0.005 
 18      665    (0)    1 :  0.014 0.006 0.978 0.002 
 19      671    (0)    1 :  0.004 0.001 0.993 0.002 
 20      672    (0)    1 :  0.003 0.002 0.992 0.003 
 21      673    (0)    1 :  0.002 0.001 0.995 0.002 
 22      674    (0)    1 :  0.012 0.003 0.964 0.021 
 23      675    (0)    1 :  0.008 0.004 0.967 0.022 
 24      676    (0)    1 :  0.004 0.001 0.992 0.004 
 25      677    (0)    1 :  0.004 0.001 0.993 0.002 
 26      678    (0)    1 :  0.002 0.002 0.992 0.004 
 27      679    (0)    1 :  0.003 0.004 0.991 0.002 
 28      680    (0)    1 :  0.003 0.002 0.994 0.001 
 29      681    (0)    1 :  0.004 0.002 0.990 0.004 
 30      682    (0)    1 :  0.004 0.001 0.993 0.002 
 31      683    (0)    1 :  0.014 0.005 0.974 0.008 
 32      755    (0)    1 :  0.048 0.002 0.930 0.020 
 33     2286    (0)    1 :  0.005 0.001 0.986 0.008 
 34      195    (0)    2 :  0.004 0.002 0.010 0.984 
 35      364    (0)    2 :  0.002 0.001 0.002 0.995 
 36      756    (0)    2 :  0.004 0.007 0.004 0.986 
 37      757    (0)    2 :  0.021 0.003 0.172 0.804 
 38      758    (0)    2 :  0.005 0.003 0.005 0.987 
 39      759    (0)    2 :  0.011 0.003 0.033 0.953 
 40      760    (0)    2 :  0.007 0.014 0.007 0.972 
 41      766    (0)    2 :  0.004 0.001 0.003 0.992 
 42      767    (0)    2 :  0.007 0.005 0.006 0.982 
 43      768    (0)    2 :  0.007 0.011 0.007 0.976 
 44      769    (0)    2 :  0.005 0.005 0.004 0.986 
 45      770    (0)    2 :  0.011 0.003 0.007 0.978 
 46      771    (0)    2 :  0.002 0.001 0.002 0.995 
 47      772    (0)    2 :  0.009 0.022 0.236 0.732 
 48      773    (0)    2 :  0.001 0.001 0.001 0.996 
 49      774    (0)    2 :  0.002 0.001 0.002 0.996 
 50      775    (0)    2 :  0.002 0.001 0.002 0.995 
 51      776    (0)    2 :  0.002 0.001 0.002 0.996 
 52      777    (0)    2 :  0.004 0.002 0.006 0.988 
 53      857    (0)    3 :  0.006 0.984 0.004 0.006 
 54      858    (0)    3 :  0.033 0.924 0.020 0.024 
 55      859    (0)    3 :  0.066 0.882 0.016 0.036 
 56      860    (0)    3 :  0.013 0.692 0.010 0.285 
 57      861    (0)    3 :  0.010 0.982 0.003 0.005 
 58      862    (0)    3 :  0.010 0.966 0.013 0.011 
 59      863    (0)    3 :  0.003 0.987 0.004 0.006 
 60      864    (0)    3 :  0.015 0.971 0.008 0.006 
 61      865    (0)    3 :  0.017 0.915 0.062 0.006 
 62      866    (0)    3 :  0.042 0.801 0.017 0.140 
 63     1376    (0)    4 :  0.002 0.994 0.003 0.002 
 64     1377    (0)    4 :  0.001 0.996 0.001 0.002 
 65     1378    (0)    4 :  0.003 0.992 0.004 0.002 
 66     1379    (0)    4 :  0.003 0.994 0.001 0.002 
 67     1380    (0)    4 :  0.001 0.997 0.001 0.001 
 68     1381    (0)    4 :  0.002 0.992 0.002 0.003 
 69     1382    (0)    4 :  0.004 0.992 0.002 0.002 
 70     1383    (0)    4 :  0.013 0.961 0.011 0.014 
 71     1384    (0)    4 :  0.002 0.995 0.001 0.001 
 72     1385    (0)    4 :  0.002 0.969 0.002 0.027 
 73     1386    (0)    4 :  0.003 0.987 0.003 0.007 
 74     1387    (0)    4 :  0.002 0.992 0.002 0.004 
 75     1388    (0)    4 :  0.002 0.992 0.002 0.004 
 76     1389    (0)    4 :  0.008 0.974 0.006 0.012 
 77     1390    (0)    4 :  0.004 0.988 0.005 0.003 
 78     1391    (0)    4 :  0.002 0.992 0.004 0.002 
 79     1392    (0)    4 :  0.005 0.982 0.009 0.004 
 80     1393    (0)    4 :  0.003 0.992 0.002 0.003 
 81     1394    (0)    4 :  0.004 0.989 0.003 0.003 
 82     1395    (0)    4 :  0.002 0.994 0.002 0.002 
 83     1396    (0)    4 :  0.003 0.939 0.053 0.005 
 84     1397    (0)    4 :  0.002 0.986 0.003 0.009 
 85     1398    (0)    4 :  0.002 0.993 0.002 0.004 
 86     1399    (0)    4 :  0.017 0.972 0.008 0.003 
 87     1400    (0)    4 :  0.004 0.992 0.002 0.002 
 88     1401    (0)    4 :  0.002 0.993 0.003 0.002 
 89     1402    (0)    4 :  0.003 0.994 0.001 0.001 
 90     1403    (0)    4 :  0.003 0.992 0.002 0.003 
 91     1404    (0)    4 :  0.003 0.980 0.003 0.015 
 92     1405    (0)    4 :  0.004 0.983 0.009 0.003 
 93     1406    (0)    4 :  0.001 0.997 0.001 0.001 
 94     1407    (0)    4 :  0.005 0.991 0.003 0.002 
 95     2189    (0)    5 :  0.010 0.002 0.983 0.005 
 96     2190    (0)    5 :  0.030 0.006 0.931 0.033 
 97     2191    (0)    5 :  0.007 0.001 0.989 0.003 
 98     2192    (0)    5 :  0.008 0.001 0.989 0.002 
 99     2193    (0)    5 :  0.018 0.005 0.952 0.025 
100     2194    (0)    5 :  0.010 0.005 0.982 0.002 
101     2195    (0)    5 :  0.007 0.011 0.972 0.010 
102     2196    (0)    5 :  0.007 0.003 0.987 0.003 
103     2197    (0)    5 :  0.011 0.002 0.985 0.002 
104     2198    (0)    5 :  0.009 0.003 0.980 0.007 
105     2199    (0)    5 :  0.012 0.002 0.982 0.004 
106     2200    (0)    5 :  0.023 0.006 0.967 0.005 
107     2201    (0)    5 :  0.004 0.002 0.990 0.004 
108     2202    (0)    5 :  0.003 0.001 0.993 0.003 
109     2203    (0)    5 :  0.026 0.013 0.958 0.004 
110     2204    (0)    5 :  0.028 0.002 0.965 0.005 
111     2205    (0)    5 :  0.007 0.001 0.988 0.003 
112     2206    (0)    5 :  0.023 0.004 0.963 0.010 
113     2207    (0)    5 :  0.011 0.005 0.981 0.003 
114     2208    (0)    5 :  0.028 0.003 0.954 0.015 
115     2209    (0)    5 :  0.003 0.001 0.993 0.003 
116     2210    (0)    5 :  0.008 0.001 0.988 0.003 
117     2211    (0)    5 :  0.009 0.003 0.951 0.037 
118     2212    (0)    5 :  0.003 0.001 0.994 0.002 
119     2213    (0)    5 :  0.015 0.010 0.973 0.002 
120     2214    (0)    5 :  0.019 0.002 0.978 0.002 
121     2215    (0)    5 :  0.002 0.001 0.995 0.002 
122     2216    (0)    5 :  0.007 0.002 0.987 0.004 
123     2217    (0)    5 :  0.056 0.007 0.935 0.003 
124     2218    (0)    5 :  0.007 0.002 0.988 0.003 
125     2219    (0)    5 :  0.002 0.001 0.995 0.002 
126     2220    (0)    5 :  0.003 0.001 0.993 0.003 
127     2221    (0)    5 :  0.002 0.002 0.995 0.002 
128     2222    (0)    5 :  0.025 0.006 0.966 0.003 
129     2223    (0)    5 :  0.008 0.002 0.985 0.004 
130     2224    (0)    5 :  0.007 0.003 0.987 0.003 
131     2225    (0)    5 :  0.003 0.010 0.983 0.004 
132     2226    (0)    5 :  0.024 0.004 0.899 0.073 
133     2227    (0)    5 :  0.029 0.006 0.956 0.010 
134     2228    (0)    5 :  0.006 0.002 0.989 0.004 
135      690    (0)    6 :  0.942 0.004 0.039 0.016 
136      691    (0)    6 :  0.957 0.038 0.002 0.003 
137      692    (0)    6 :  0.978 0.002 0.011 0.009 
138      693    (0)    6 :  0.994 0.001 0.003 0.002 
139      694    (0)    6 :  0.985 0.001 0.012 0.001 
140      695    (0)    6 :  0.987 0.003 0.002 0.008 
141      696    (0)    6 :  0.871 0.004 0.024 0.101 
142      697    (0)    6 :  0.986 0.001 0.010 0.003 
143      698    (0)    6 :  0.994 0.002 0.003 0.002 
144      699    (0)    6 :  0.973 0.001 0.014 0.011 
145      700    (0)    6 :  0.733 0.001 0.129 0.137 
146      701    (0)    6 :  0.982 0.007 0.006 0.005 
147      703    (0)    6 :  0.966 0.027 0.003 0.004 
148      704    (0)    6 :  0.963 0.004 0.012 0.021 
149      705    (0)    6 :  0.965 0.006 0.015 0.014 
150      706    (0)    6 :  0.978 0.003 0.014 0.006 
151      707    (0)    6 :  0.973 0.002 0.022 0.004 
152      708    (0)    6 :  0.966 0.004 0.022 0.008 
153      709    (0)    6 :  0.987 0.002 0.005 0.006 
154      710    (0)    6 :  0.992 0.004 0.002 0.003 
155      711    (0)    6 :  0.967 0.014 0.015 0.003 
156     2287    (0)    6 :  0.978 0.003 0.012 0.007 
157     2288    (0)    6 :  0.970 0.013 0.009 0.008 
158     2289    (0)    6 :  0.990 0.002 0.003 0.005 
159     2290    (0)    6 :  0.979 0.002 0.011 0.008 
160     2291    (0)    6 :  0.972 0.003 0.023 0.002 
161     2292    (0)    6 :  0.987 0.001 0.009 0.003 
162     2293    (0)    6 :  0.986 0.004 0.006 0.004 
163     2294    (0)    6 :  0.945 0.039 0.004 0.011 
164     2295    (0)    6 :  0.892 0.003 0.082 0.023 
165     2296    (0)    6 :  0.992 0.003 0.002 0.003 
166     2297    (0)    6 :  0.986 0.003 0.010 0.002 
167     2298    (0)    6 :  0.983 0.009 0.003 0.004 
168     2299    (0)    6 :  0.982 0.003 0.004 0.010 
169     2300    (0)    6 :  0.992 0.002 0.003 0.002 
170     2301    (0)    6 :  0.991 0.001 0.007 0.002 
171     2330    (0)    6 :  0.990 0.002 0.005 0.002 
172     2331    (0)    6 :  0.983 0.002 0.010 0.005 
173     2332    (0)    6 :  0.988 0.002 0.009 0.001 
174     2333    (0)    6 :  0.985 0.007 0.003 0.005 
175     2334    (0)    6 :  0.989 0.001 0.005 0.004 
176     2335    (0)    6 :  0.987 0.005 0.003 0.006 
177     2336    (0)    6 :  0.989 0.001 0.007 0.003 
178     2337    (0)    6 :  0.992 0.002 0.004 0.002 
179     2338    (0)    6 :  0.989 0.002 0.004 0.005 
180     2339    (0)    6 :  0.984 0.007 0.006 0.002 
181     2340    (0)    6 :  0.988 0.002 0.008 0.002 
182     2341    (0)    6 :  0.984 0.002 0.010 0.004 
183     2342    (2)    6 :  0.985 0.004 0.008 0.004 
184     2343    (0)    6 :  0.971 0.005 0.023 0.002 
185     2344    (0)    6 :  0.993 0.002 0.003 0.002 


Estimated Allele Frequencies in each cluster
First column gives estimated ancestral frequencies


Locus 1 : 1 
4 alleles
0.0% missing data
  89   (0.415) 0.414 0.276 0.590 0.589 
  91   (0.439) 0.531 0.620 0.282 0.345 
  93   (0.110) 0.052 0.025 0.126 0.062 
  99   (0.035) 0.002 0.079 0.001 0.004 

Locus 2 : 2 
5 alleles
0.0% missing data
 136   (0.430) 0.486 0.430 0.510 0.535 
 138   (0.242) 0.136 0.355 0.287 0.123 
 134   (0.212) 0.297 0.116 0.119 0.330 
 140   (0.061) 0.004 0.060 0.081 0.006 
 142   (0.056) 0.077 0.038 0.002 0.005 

Locus 3 : 3 
6 alleles
0.0% missing data
 187   (0.386) 0.157 0.540 0.511 0.480 
 179   (0.180) 0.509 0.059 0.322 0.017 
 191   (0.091) 0.006 0.041 0.075 0.219 
 181   (0.176) 0.264 0.102 0.084 0.062 
 185   (0.083) 0.021 0.085 0.003 0.197 
 175   (0.085) 0.042 0.174 0.004 0.024 

Locus 4 : 4 
10 alleles
0.0% missing data
 241   (0.185) 0.148 0.366 0.065 0.111 
 253   (0.346) 0.612 0.194 0.601 0.405 
 249   (0.069) 0.005 0.095 0.161 0.006 
 269   (0.165) 0.211 0.091 0.112 0.109 
 267   (0.025) 0.002 0.002 0.007 0.002 
 235   (0.025) 0.002 0.002 0.007 0.002 
 247   (0.052) 0.003 0.046 0.002 0.352 
 239   (0.027) 0.002 0.025 0.001 0.002 
 271   (0.074) 0.013 0.108 0.042 0.007 
 245   (0.032) 0.002 0.070 0.001 0.003 

Locus 5 : 5 
5 alleles
0.0% missing data
 103   (0.767) 0.829 0.790 0.952 0.887 
 107   (0.045) 0.003 0.038 0.008 0.004 
 104   (0.080) 0.033 0.040 0.036 0.007 
 102   (0.029) 0.002 0.003 0.001 0.095 
 105   (0.078) 0.133 0.129 0.003 0.007 

Locus 6 : 6 
6 alleles
0.0% missing data
 135   (0.356) 0.239 0.689 0.196 0.470 
 141   (0.250) 0.364 0.088 0.539 0.138 
 145   (0.183) 0.337 0.037 0.204 0.216 
 143   (0.027) 0.002 0.002 0.008 0.002 
 147   (0.138) 0.055 0.112 0.050 0.153 
 137   (0.047) 0.003 0.072 0.003 0.020 

Locus 7 : 7 
9 alleles
0.0% missing data
  97   (0.202) 0.085 0.169 0.232 0.300 
 103   (0.176) 0.612 0.016 0.295 0.314 
  93   (0.233) 0.142 0.206 0.329 0.179 
  85   (0.060) 0.050 0.005 0.081 0.005 
  89   (0.103) 0.032 0.255 0.043 0.010 
  83   (0.046) 0.030 0.004 0.002 0.051 
  91   (0.112) 0.045 0.130 0.015 0.135 
 105   (0.036) 0.002 0.157 0.001 0.003 
 101   (0.032) 0.002 0.058 0.001 0.003 

Locus 8 : 8 
8 alleles
0.0% missing data
 141   (0.104) 0.107 0.010 0.182 0.079 
 149   (0.116) 0.008 0.244 0.162 0.055 
 129   (0.400) 0.502 0.249 0.585 0.593 
 143   (0.253) 0.375 0.398 0.060 0.239 
 121   (0.026) 0.002 0.002 0.008 0.002 
 127   (0.044) 0.003 0.037 0.002 0.026 
 131   (0.031) 0.002 0.047 0.001 0.003 
 128   (0.026) 0.002 0.013 0.001 0.002 

Locus 9 : 9 
3 alleles
0.0% missing data
 195   (0.244) 0.379 0.277 0.177 0.045 
 189   (0.306) 0.203 0.306 0.247 0.486 
 191   (0.451) 0.419 0.417 0.576 0.469 

Locus 10 : 10 
7 alleles
0.0% missing data
 232   (0.244) 0.184 0.164 0.434 0.302 
 252   (0.137) 0.158 0.045 0.083 0.151 
 238   (0.394) 0.579 0.556 0.452 0.210 
 240   (0.026) 0.002 0.002 0.008 0.002 
 254   (0.128) 0.064 0.137 0.021 0.306 
 248   (0.025) 0.002 0.002 0.001 0.024 
 250   (0.047) 0.011 0.094 0.002 0.004 

Locus 11 : 11 
5 alleles
0.0% missing data
  87   (0.609) 0.757 0.661 0.663 0.600 
  89   (0.218) 0.232 0.091 0.219 0.269 
  91   (0.114) 0.008 0.176 0.116 0.104 
  83   (0.026) 0.002 0.003 0.001 0.025 
  85   (0.033) 0.002 0.069 0.001 0.003 

Locus 12 : 12 
9 alleles
0.0% missing data
 147   (0.070) 0.098 0.006 0.107 0.006 
 158   (0.207) 0.290 0.072 0.478 0.061 
 161   (0.131) 0.176 0.200 0.037 0.012 
 164   (0.028) 0.002 0.003 0.014 0.003 
 162   (0.207) 0.366 0.053 0.206 0.282 
 160   (0.227) 0.042 0.498 0.140 0.624 
 143   (0.057) 0.021 0.128 0.002 0.005 
 170   (0.046) 0.003 0.026 0.015 0.004 
 154   (0.026) 0.002 0.013 0.001 0.003 

Locus 13 : 13 
3 alleles
0.0% missing data
 113   (0.358) 0.373 0.331 0.294 0.477 
 115   (0.416) 0.447 0.343 0.517 0.465 
 108   (0.225) 0.181 0.326 0.189 0.059 

Locus 14 : 14 
6 alleles
0.0% missing data
 172   (0.394) 0.403 0.576 0.432 0.227 
 174   (0.254) 0.193 0.130 0.362 0.521 
 178   (0.101) 0.203 0.108 0.014 0.010 
 176   (0.132) 0.044 0.043 0.149 0.230 
 180   (0.060) 0.004 0.137 0.022 0.006 
 182   (0.059) 0.152 0.005 0.021 0.006 

Locus 15 : 15 
6 alleles
0.0% missing data
 227   (0.130) 0.139 0.083 0.217 0.013 
 233   (0.079) 0.014 0.062 0.115 0.007 
 229   (0.355) 0.331 0.385 0.489 0.380 
 225   (0.118) 0.064 0.036 0.078 0.181 
 231   (0.292) 0.450 0.431 0.093 0.416 
 255   (0.026) 0.002 0.002 0.007 0.003 

Locus 16 : 16 
5 alleles
0.0% missing data
 143   (0.780) 0.912 0.736 0.965 0.842 
 145   (0.110) 0.080 0.176 0.024 0.010 
 133   (0.030) 0.002 0.003 0.001 0.095 
 147   (0.054) 0.004 0.082 0.002 0.050 
 157   (0.027) 0.002 0.003 0.007 0.003 

Locus 17 : 17 
4 alleles
0.0% missing data
 156   (0.300) 0.377 0.249 0.274 0.375 
 158   (0.400) 0.450 0.392 0.523 0.461 
 160   (0.157) 0.119 0.091 0.160 0.080 
 154   (0.143) 0.055 0.268 0.044 0.084 

Locus 18 : 18 
4 alleles
0.0% missing data
  90   (0.657) 0.797 0.429 0.704 0.637 
 102   (0.223) 0.195 0.051 0.272 0.352 
 100   (0.045) 0.003 0.247 0.002 0.004 
  88   (0.075) 0.005 0.273 0.022 0.007 

Locus 19 : 19 
8 alleles
0.0% missing data
 140   (0.232) 0.416 0.313 0.103 0.072 
 146   (0.095) 0.079 0.009 0.108 0.106 
 127   (0.298) 0.364 0.312 0.301 0.176 
 142   (0.051) 0.003 0.011 0.365 0.007 
 138   (0.058) 0.068 0.005 0.041 0.005 
 150   (0.087) 0.022 0.116 0.004 0.393 
 148   (0.144) 0.046 0.122 0.075 0.237 
 128   (0.035) 0.002 0.112 0.001 0.004 

Locus 20 : 20 
6 alleles
0.0% missing data
 190   (0.192) 0.234 0.058 0.331 0.105 
 194   (0.564) 0.654 0.632 0.594 0.605 
 188   (0.087) 0.047 0.008 0.069 0.136 
 202   (0.059) 0.004 0.104 0.002 0.145 
 200   (0.071) 0.059 0.184 0.003 0.006 
 198   (0.026) 0.002 0.013 0.001 0.003 

Locus 21 : 21 
6 alleles
0.0% missing data
 252   (0.335) 0.580 0.067 0.750 0.542 
 250   (0.207) 0.066 0.535 0.119 0.068 
 254   (0.175) 0.092 0.202 0.079 0.088 
 246   (0.194) 0.245 0.155 0.036 0.294 
 248   (0.027) 0.002 0.013 0.001 0.003 
 244   (0.062) 0.014 0.028 0.015 0.006 

Locus 22 : 22 
9 alleles
0.0% missing data
 173   (0.202) 0.176 0.179 0.319 0.138 
 177   (0.192) 0.141 0.182 0.244 0.178 
 167   (0.213) 0.250 0.118 0.377 0.230 
 175   (0.164) 0.243 0.348 0.031 0.080 
 169   (0.024) 0.002 0.002 0.007 0.002 
 163   (0.070) 0.012 0.104 0.003 0.336 
 161   (0.025) 0.002 0.002 0.001 0.025 
 165   (0.083) 0.154 0.063 0.015 0.008 
 171   (0.027) 0.020 0.003 0.001 0.003 

Locus 23 : 23 
11 alleles
0.0% missing data
 152   (0.266) 0.484 0.083 0.549 0.395 
 158   (0.141) 0.062 0.298 0.050 0.060 
 146   (0.155) 0.263 0.028 0.244 0.212 
 154   (0.029) 0.002 0.003 0.034 0.003 
 166   (0.096) 0.108 0.038 0.104 0.009 
 156   (0.055) 0.004 0.083 0.002 0.186 
 162   (0.072) 0.020 0.110 0.003 0.076 
 150   (0.052) 0.003 0.141 0.002 0.047 
 148   (0.032) 0.002 0.093 0.001 0.003 
 164   (0.069) 0.051 0.063 0.009 0.006 
 142   (0.031) 0.002 0.059 0.001 0.003 

Locus 24 : 24 
6 alleles
0.0% missing data
 144   (0.253) 0.146 0.293 0.173 0.492 
 152   (0.031) 0.002 0.003 0.041 0.003 
 154   (0.384) 0.658 0.285 0.515 0.250 
 160   (0.141) 0.042 0.056 0.206 0.237 
 156   (0.136) 0.148 0.291 0.043 0.012 
 158   (0.054) 0.004 0.072 0.022 0.005 

Locus 25 : 25 
4 alleles
0.0% missing data
  83   (0.590) 0.603 0.647 0.480 0.933 
  81   (0.238) 0.256 0.327 0.290 0.028 
  77   (0.094) 0.080 0.009 0.174 0.031 
  85   (0.078) 0.061 0.017 0.056 0.008 

Locus 26 : 26 
5 alleles
0.0% missing data
 124   (0.499) 0.597 0.475 0.451 0.369 
 132   (0.254) 0.305 0.044 0.474 0.587 
 122   (0.162) 0.092 0.340 0.039 0.036 
 126   (0.048) 0.003 0.015 0.035 0.004 
 120   (0.038) 0.003 0.126 0.002 0.003 

Locus 27 : 27 
6 alleles
0.0% missing data
 175   (0.164) 0.298 0.015 0.243 0.240 
 165   (0.243) 0.381 0.144 0.179 0.079 
 183   (0.400) 0.291 0.238 0.499 0.664 
 179   (0.094) 0.006 0.384 0.075 0.009 
 181   (0.060) 0.022 0.105 0.002 0.005 
 185   (0.038) 0.003 0.114 0.002 0.003 

Locus 28 : 28 
4 alleles
0.0% missing data
 142   (0.524) 0.551 0.431 0.763 0.715 
 148   (0.243) 0.335 0.316 0.111 0.096 
 138   (0.101) 0.024 0.130 0.110 0.010 
 150   (0.132) 0.091 0.122 0.017 0.179 

Locus 29 : 29 
3 alleles
0.0% missing data
 260   (0.288) 0.313 0.175 0.361 0.262 
 262   (0.591) 0.618 0.770 0.609 0.577 
 256   (0.120) 0.069 0.055 0.030 0.161 

Locus 30 : 30 
4 alleles
0.0% missing data
 148   (0.137) 0.082 0.066 0.065 0.156 
 150   (0.335) 0.452 0.170 0.688 0.243 
 140   (0.267) 0.232 0.444 0.141 0.172 
 146   (0.262) 0.234 0.320 0.107 0.429 

Locus 31 : 31 
5 alleles
0.0% missing data
 123   (0.154) 0.132 0.057 0.098 0.103 
 125   (0.331) 0.324 0.203 0.483 0.255 
 129   (0.379) 0.418 0.206 0.413 0.629 
 127   (0.099) 0.124 0.442 0.004 0.009 
 131   (0.036) 0.002 0.092 0.001 0.003 

Locus 32 : 32 
5 alleles
0.0% missing data
 155   (0.499) 0.459 0.520 0.561 0.599 
 153   (0.077) 0.005 0.174 0.088 0.007 
 157   (0.224) 0.329 0.136 0.232 0.069 
 159   (0.157) 0.203 0.158 0.117 0.015 
 151   (0.043) 0.003 0.012 0.002 0.310 

Locus 33 : 33 
5 alleles
0.0% missing data
  91   (0.393) 0.597 0.343 0.605 0.111 
  94   (0.126) 0.175 0.055 0.129 0.012 
  92   (0.300) 0.208 0.359 0.177 0.424 
  95   (0.154) 0.018 0.229 0.088 0.451 
  90   (0.027) 0.002 0.013 0.001 0.003 

Locus 34 : 34 
4 alleles
0.0% missing data
 150   (0.480) 0.488 0.355 0.770 0.565 
 146   (0.330) 0.332 0.528 0.119 0.418 
 148   (0.114) 0.100 0.066 0.102 0.010 
 154   (0.076) 0.079 0.052 0.009 0.007 

Locus 35 : 35 
7 alleles
0.0% missing data
 180   (0.443) 0.418 0.441 0.564 0.730 
 184   (0.187) 0.255 0.147 0.154 0.053 
 196   (0.076) 0.115 0.007 0.193 0.007 
 198   (0.100) 0.007 0.188 0.068 0.078 
 192   (0.117) 0.172 0.177 0.005 0.125 
 190   (0.050) 0.031 0.038 0.002 0.005 
 194   (0.028) 0.002 0.003 0.014 0.003 

Locus 36 : 36 
6 alleles
0.0% missing data
 112   (0.228) 0.246 0.095 0.461 0.100 
 110   (0.255) 0.340 0.163 0.399 0.069 
 106   (0.304) 0.328 0.280 0.125 0.674 
 108   (0.112) 0.051 0.388 0.005 0.077 
  96   (0.029) 0.002 0.003 0.001 0.071 
  90   (0.073) 0.034 0.071 0.008 0.009 

Locus 37 : 37 
8 alleles
0.0% missing data
 166   (0.070) 0.041 0.006 0.227 0.006 
 176   (0.137) 0.298 0.056 0.116 0.013 
 170   (0.383) 0.510 0.323 0.207 0.580 
 172   (0.253) 0.094 0.173 0.417 0.387 
 168   (0.045) 0.003 0.387 0.002 0.004 
 186   (0.029) 0.002 0.025 0.001 0.003 
 174   (0.053) 0.050 0.027 0.002 0.005 
 178   (0.031) 0.002 0.003 0.028 0.003 

Locus 38 : 38 
6 alleles
0.0% missing data
  83   (0.127) 0.073 0.202 0.036 0.034 
  89   (0.544) 0.617 0.565 0.734 0.727 
  95   (0.084) 0.052 0.029 0.075 0.008 
  85   (0.175) 0.115 0.097 0.152 0.225 
  91   (0.035) 0.002 0.102 0.001 0.003 
  81   (0.035) 0.141 0.003 0.001 0.003 

Locus 39 : 39 
6 alleles
0.0% missing data
 161   (0.377) 0.297 0.445 0.454 0.408 
 169   (0.048) 0.003 0.012 0.121 0.008 
 165   (0.226) 0.214 0.210 0.318 0.066 
 173   (0.248) 0.478 0.215 0.057 0.508 
 168   (0.056) 0.004 0.104 0.015 0.006 
 159   (0.045) 0.003 0.015 0.035 0.004 

Locus 40 : 40 
7 alleles
0.0% missing data
  89   (0.234) 0.196 0.216 0.581 0.076 
  87   (0.225) 0.096 0.433 0.207 0.215 
  91   (0.193) 0.272 0.146 0.077 0.288 
  95   (0.027) 0.002 0.002 0.014 0.003 
  93   (0.051) 0.040 0.005 0.035 0.005 
  81   (0.093) 0.151 0.009 0.050 0.151 
  85   (0.176) 0.243 0.189 0.036 0.263 

Locus 41 : 41 
4 alleles
0.0% missing data
 167   (0.735) 0.949 0.508 0.897 0.884 
 161   (0.189) 0.045 0.428 0.088 0.109 
 155   (0.028) 0.002 0.003 0.008 0.003 
 165   (0.048) 0.004 0.061 0.007 0.004 

Locus 42 : 42 
7 alleles
0.5% missing data
 228   (0.351) 0.311 0.321 0.570 0.197 
 238   (0.205) 0.400 0.136 0.253 0.029 
 236   (0.201) 0.086 0.167 0.104 0.609 
 246   (0.027) 0.002 0.002 0.008 0.003 
 224   (0.070) 0.147 0.006 0.060 0.007 
 240   (0.115) 0.052 0.332 0.005 0.153 
 242   (0.031) 0.002 0.036 0.001 0.003 

Locus 43 : 43 
9 alleles
0.0% missing data
 114   (0.129) 0.141 0.128 0.110 0.014 
 132   (0.146) 0.195 0.022 0.194 0.300 
 128   (0.072) 0.057 0.007 0.186 0.014 
 130   (0.420) 0.458 0.569 0.476 0.381 
 122   (0.028) 0.002 0.003 0.021 0.003 
 118   (0.060) 0.008 0.049 0.003 0.274 
 134   (0.094) 0.118 0.218 0.009 0.009 
 120   (0.026) 0.011 0.002 0.001 0.002 
 119   (0.026) 0.011 0.002 0.001 0.003 

Locus 44 : 44 
7 alleles
0.0% missing data
  92   (0.122) 0.070 0.246 0.083 0.011 
 102   (0.247) 0.405 0.072 0.417 0.527 
 104   (0.260) 0.327 0.196 0.253 0.314 
  98   (0.199) 0.104 0.315 0.187 0.110 
  96   (0.104) 0.053 0.165 0.057 0.010 
 100   (0.040) 0.021 0.004 0.002 0.026 
  94   (0.028) 0.019 0.003 0.001 0.004 

Locus 45 : 45 
6 alleles
0.0% missing data
 101   (0.275) 0.408 0.187 0.342 0.174 
 103   (0.217) 0.308 0.077 0.232 0.365 
  95   (0.304) 0.225 0.301 0.374 0.413 
  99   (0.113) 0.044 0.331 0.042 0.011 
 105   (0.026) 0.002 0.002 0.008 0.002 
  97   (0.065) 0.013 0.102 0.003 0.035 

Locus 46 : 46 
6 alleles
0.0% missing data
 181   (0.493) 0.506 0.264 0.681 0.908 
 191   (0.312) 0.455 0.507 0.193 0.052 
 177   (0.100) 0.024 0.076 0.122 0.009 
 189   (0.028) 0.002 0.003 0.001 0.025 
 179   (0.039) 0.003 0.147 0.002 0.004 
 187   (0.028) 0.011 0.003 0.001 0.003 

Locus 47 : 47 
6 alleles
0.0% missing data
 207   (0.156) 0.082 0.090 0.128 0.402 
 211   (0.258) 0.301 0.308 0.301 0.158 
 215   (0.142) 0.107 0.079 0.116 0.116 
 201   (0.102) 0.054 0.151 0.070 0.010 
 205   (0.311) 0.454 0.293 0.383 0.310 
 202   (0.031) 0.002 0.080 0.001 0.003 

Locus 48 : 48 
10 alleles
0.0% missing data
 144   (0.060) 0.004 0.027 0.229 0.012 
 166   (0.151) 0.116 0.050 0.284 0.264 
 142   (0.217) 0.367 0.161 0.169 0.308 
 168   (0.162) 0.100 0.156 0.179 0.133 
 158   (0.191) 0.226 0.158 0.130 0.261 
 156   (0.045) 0.010 0.149 0.002 0.004 
 162   (0.067) 0.125 0.136 0.003 0.007 
 164   (0.057) 0.049 0.127 0.002 0.006 
 170   (0.026) 0.002 0.024 0.001 0.002 
 160   (0.024) 0.002 0.013 0.001 0.002 

Locus 49 : 49 
6 alleles
0.0% missing data
 145   (0.279) 0.299 0.133 0.235 0.661 
 147   (0.032) 0.002 0.003 0.034 0.003 
 153   (0.195) 0.214 0.060 0.384 0.088 
 149   (0.260) 0.144 0.619 0.093 0.220 
 151   (0.205) 0.340 0.160 0.254 0.025 
 143   (0.029) 0.002 0.025 0.001 0.003 

Values of parameters used in structure:
DATAFILE=temp2.str,	OUTFILE=k4/temp2_k4_run5,	NUMINDS=185,	NUMLOCI=49,	MISSING=-9,	LABEL=1,	POPDATA=1,	POPFLAG=0,	PHENOTYPE=0,	EXTRACOLS=0,	MAXPOPS=4,	BURNIN=500000,	NUMREPS=750000,	USEPOPINFO=0,	INFERALPHA=1,	INFERLAMBDA=0,	POPSPECIFICLAMBDA=0,	POPALPHAS=0,	COMPUTEPROB=1,	NOADMIX=0,	ADMBURNIN=500,	UPDATEFREQ=100,	PRINTLIKES=0,	INTERMEDSAVE=0,	PRINTKLD=0,	PRINTNET=1,	PRINTLAMBDA=1,	ANCESTDIST=0,	NUMBOXES=1000,	ANCESTPINT=0.90000,	GENSBACK=2,	MIGRPRIOR=0.01000,	PRINTQHAT=0,	PRINTQSUM=1,	ALPHA=1.0000,	FREQSCORR=1,	FPRIORMEAN=0.0100,	FPRIORSD=0.0500,	ONEFST=0,	LAMBDA=1.0000,	UNIFPRIORALPHA=1,	ALPHAMAX=10.0000,	ALPHAPRIORA=1.0000,	ALPHAPRIORB=2.0000,	ALPHAPROPSD=0.0250,	STARTATPOPINFO=0,	RANDOMIZE=0,	LINKAGE=0,	METROFREQ=10,	REPORTHITRATE=0,	MARKOVPHASE=0,	PHASED=1,	PLOIDY=2,	PHASEINFO=0	LOCPRIOR=0, 	LOCPRIORINIT=1.000000, 	LOCDATA=0, 	LOCISPOP=1, 	LOCPRIORSTEP=0.100000, 	MAXLOCPRIOR=20.000000, 	SEED=921655,	
[STRAT parameters]:    NUMSIMSTATS=1000,	PHENOTYPECOL=-9,	POOLFREQ=10,	LOCUSxONLY=0,	EMERROR=0.00100,	MISSINGPHENO=-9,	