

----------------------------------------------------
STRUCTURE by Pritchard, Stephens and Donnelly (2000)
     and Falush, Stephens and Pritchard (2003)
       Code by Pritchard, Falush and Hubisz
             Version 2.3.4 (Jul 2012)
----------------------------------------------------



Command line arguments:   structure -D 514774 -K 2 -m mainparams -o k2/temp1_k2_run8 
Input File:    temp1.str

Run parameters:
   297 individuals
   48 loci
   2 populations assumed
   500000 Burn-in period
   750000 Reps
RANDOMIZE turned off


--------------------------------------------
Proportion of membership of each pre-defined
 population in each of the 2 clusters

Given    Inferred Clusters       Number of
 Pop       1      2             Individuals

  1:     0.024  0.976              30
  2:     0.976  0.024              39
  3:     0.982  0.018              33
  4:     0.927  0.073              79
  5:     0.587  0.413              19
  6:     0.084  0.916              10
  7:     0.725  0.275              10
  8:     0.774  0.226              23
  9:     0.800  0.200              11
 10:     0.894  0.106              13
 11:     0.653  0.347              25
 12:     0.851  0.149               5
--------------------------------------------

Allele-freq. divergence among pops (Net nucleotide distance),
computed using point estimates of P.

      1       2      
 1      -    0.0805  
 2   0.0805     -    

Average distances (expected heterozygosity) between individuals in same cluster:
cluster  1  : 0.5948 
cluster  2  : 0.6679 

--------------------------------------------
Estimated Ln Prob of Data   = -34997.1
Mean value of ln likelihood = -34802.5
Variance of ln likelihood   = 389.2
Mean value of alpha         = 0.2340

Mean value of Fst_1         = 0.1619
Mean value of Fst_2         = 0.0837


Inferred ancestry of individuals:
        Label (%Miss) Pop:  Inferred clusters
  1     1408    (0)    1 :  0.011 0.989 
  2     1409    (0)    1 :  0.015 0.985 
  3     1410    (0)    1 :  0.014 0.986 
  4     1411    (0)    1 :  0.025 0.975 
  5     1412    (0)    1 :  0.019 0.981 
  6     1413    (0)    1 :  0.019 0.981 
  7     1414    (0)    1 :  0.010 0.990 
  8     1415    (0)    1 :  0.018 0.982 
  9     1416    (0)    1 :  0.029 0.971 
 10     1417    (0)    1 :  0.012 0.988 
 11     1418    (0)    1 :  0.017 0.983 
 12     1419    (0)    1 :  0.015 0.985 
 13     1420    (0)    1 :  0.022 0.978 
 14     1421    (0)    1 :  0.040 0.960 
 15     1422    (0)    1 :  0.013 0.987 
 16     1423    (0)    1 :  0.014 0.986 
 17     1424    (0)    1 :  0.035 0.965 
 18     1425    (0)    1 :  0.030 0.970 
 19     1426    (0)    1 :  0.023 0.977 
 20     1427    (0)    1 :  0.058 0.942 
 21     1428    (0)    1 :  0.013 0.987 
 22     1429    (0)    1 :  0.026 0.974 
 23     1430    (0)    1 :  0.012 0.988 
 24     1431    (0)    1 :  0.080 0.920 
 25     1432    (0)    1 :  0.013 0.987 
 26     1433    (0)    1 :  0.023 0.977 
 27     1434    (0)    1 :  0.028 0.972 
 28     1435    (0)    1 :  0.021 0.979 
 29     1436    (0)    1 :  0.056 0.944 
 30     1437    (0)    1 :  0.015 0.985 
 31     2398    (0)   10 :  0.957 0.043 
 32     2399    (0)   10 :  0.780 0.220 
 33     2400    (0)   10 :  0.934 0.066 
 34     2401    (0)   10 :  0.970 0.030 
 35     2402    (0)   10 :  0.758 0.242 
 36     2403    (0)   10 :  0.932 0.068 
 37     2404    (0)   10 :  0.952 0.048 
 38     2405    (0)   10 :  0.722 0.278 
 39     2406    (0)   10 :  0.939 0.061 
 40     2407    (0)   10 :  0.959 0.041 
 41     2408    (0)   10 :  0.803 0.197 
 42     2409    (0)   10 :  0.944 0.056 
 43     2410    (0)   10 :  0.977 0.023 
 44      934    (0)   11 :  0.781 0.219 
 45     2434    (0)   11 :  0.666 0.334 
 46     2435    (0)   11 :  0.394 0.606 
 47     2436    (0)   11 :  0.462 0.538 
 48     2437    (0)   11 :  0.492 0.508 
 49     2438    (0)   11 :  0.595 0.405 
 50     2439    (0)   11 :  0.841 0.159 
 51     2440    (0)   11 :  0.695 0.305 
 52     2441    (0)   11 :  0.577 0.423 
 53     2442    (0)   11 :  0.469 0.531 
 54     2443    (0)   11 :  0.729 0.271 
 55     2444    (0)   11 :  0.677 0.323 
 56     2446    (0)   11 :  0.690 0.310 
 57     2447    (0)   11 :  0.694 0.306 
 58     2448    (0)   11 :  0.970 0.030 
 59     2449    (0)   11 :  0.442 0.558 
 60     2450    (0)   11 :  0.394 0.606 
 61     2451    (0)   11 :  0.437 0.563 
 62     2452    (0)   11 :  0.885 0.115 
 63     2453    (0)   11 :  0.708 0.292 
 64     2454    (0)   11 :  0.946 0.054 
 65     2455    (0)   11 :  0.813 0.187 
 66     2456    (0)   11 :  0.772 0.228 
 67     2457    (0)   11 :  0.690 0.310 
 68     2458    (0)   11 :  0.500 0.500 
 69     1074    (0)   12 :  0.923 0.077 
 70     1075    (0)   12 :  0.781 0.219 
 71     1076    (0)   12 :  0.749 0.251 
 72     1077    (0)   12 :  0.968 0.032 
 73     1078    (0)   12 :  0.834 0.166 
 74     2229    (0)    2 :  0.970 0.030 
 75     2230    (0)    2 :  0.990 0.010 
 76     2235    (0)    2 :  0.918 0.082 
 77     2236    (0)    2 :  0.962 0.038 
 78     2237    (0)    2 :  0.961 0.039 
 79     2238    (0)    2 :  0.989 0.011 
 80     2239    (0)    2 :  0.993 0.007 
 81     2240    (0)    2 :  0.956 0.044 
 82     2241    (0)    2 :  0.886 0.114 
 83     2242    (0)    2 :  0.988 0.012 
 84     2243    (0)    2 :  0.989 0.011 
 85     2244    (0)    2 :  0.991 0.009 
 86     2245    (0)    2 :  0.985 0.015 
 87     2246    (0)    2 :  0.988 0.012 
 88     2247    (0)    2 :  0.988 0.012 
 89     2248    (0)    2 :  0.982 0.018 
 90     2249    (0)    2 :  0.971 0.029 
 91     2250    (0)    2 :  0.993 0.007 
 92     2251    (0)    2 :  0.969 0.031 
 93     2252    (0)    2 :  0.982 0.018 
 94     2253    (0)    2 :  0.990 0.010 
 95     2254    (0)    2 :  0.987 0.013 
 96     2255    (0)    2 :  0.979 0.021 
 97     2256    (0)    2 :  0.992 0.008 
 98     2257    (0)    2 :  0.961 0.039 
 99     2258    (0)    2 :  0.986 0.014 
100     2259    (0)    2 :  0.990 0.010 
101     2260    (0)    2 :  0.983 0.017 
102     2261    (0)    2 :  0.970 0.030 
103     2262    (0)    2 :  0.987 0.013 
104     2263    (0)    2 :  0.967 0.033 
105     2264    (0)    2 :  0.976 0.024 
106     2265    (0)    2 :  0.983 0.017 
107     2266    (0)    2 :  0.989 0.011 
108     2267    (0)    2 :  0.990 0.010 
109     2268    (0)    2 :  0.970 0.030 
110     2269    (0)    2 :  0.975 0.025 
111     2270    (0)    2 :  0.972 0.028 
112     2271    (0)    2 :  0.979 0.021 
113      382    (0)    3 :  0.986 0.014 
114      383    (0)    3 :  0.988 0.012 
115      647    (0)    3 :  0.984 0.016 
116      648    (0)    3 :  0.982 0.018 
117      649    (0)    3 :  0.987 0.013 
118      650    (0)    3 :  0.982 0.018 
119      651    (0)    3 :  0.970 0.030 
120      652    (0)    3 :  0.992 0.008 
121      653    (0)    3 :  0.988 0.012 
122      654    (0)    3 :  0.979 0.021 
123      658    (0)    3 :  0.981 0.019 
124      659    (0)    3 :  0.983 0.017 
125      660    (0)    3 :  0.990 0.010 
126      661    (0)    3 :  0.985 0.015 
127      662    (0)    3 :  0.958 0.042 
128      663    (0)    3 :  0.983 0.017 
129      664    (0)    3 :  0.976 0.024 
130      665    (0)    3 :  0.982 0.018 
131      671    (0)    3 :  0.990 0.010 
132      672    (0)    3 :  0.984 0.016 
133      673    (0)    3 :  0.980 0.020 
134      674    (0)    3 :  0.979 0.021 
135      675    (0)    3 :  0.983 0.017 
136      676    (0)    3 :  0.988 0.012 
137      677    (0)    3 :  0.990 0.010 
138      678    (0)    3 :  0.981 0.019 
139      679    (0)    3 :  0.959 0.041 
140      680    (0)    3 :  0.987 0.013 
141      681    (0)    3 :  0.984 0.016 
142      682    (0)    3 :  0.991 0.009 
143      683    (0)    3 :  0.981 0.019 
144      755    (0)    3 :  0.977 0.023 
145     2286    (0)    3 :  0.991 0.009 
146      690    (0)    4 :  0.950 0.050 
147      691    (0)    4 :  0.731 0.269 
148      692    (0)    4 :  0.975 0.025 
149      693    (0)    4 :  0.972 0.028 
150      694    (0)    4 :  0.981 0.019 
151      695    (0)    4 :  0.930 0.070 
152      696    (0)    4 :  0.930 0.070 
153      697    (0)    4 :  0.986 0.014 
154      698    (0)    4 :  0.979 0.021 
155      699    (0)    4 :  0.985 0.015 
156      700    (0)    4 :  0.983 0.017 
157      701    (0)    4 :  0.883 0.117 
158      703    (0)    4 :  0.795 0.205 
159      704    (0)    4 :  0.955 0.045 
160      705    (0)    4 :  0.881 0.119 
161      706    (0)    4 :  0.946 0.054 
162      707    (0)    4 :  0.987 0.013 
163      708    (0)    4 :  0.958 0.042 
164      709    (0)    4 :  0.985 0.015 
165      710    (0)    4 :  0.890 0.110 
166      711    (0)    4 :  0.882 0.118 
167     2287    (0)    4 :  0.949 0.051 
168     2288    (0)    4 :  0.895 0.105 
169     2289    (0)    4 :  0.933 0.067 
170     2290    (0)    4 :  0.986 0.014 
171     2291    (0)    4 :  0.978 0.022 
172     2292    (0)    4 :  0.985 0.015 
173     2293    (0)    4 :  0.947 0.053 
174     2294    (0)    4 :  0.679 0.321 
175     2295    (0)    4 :  0.982 0.018 
176     2296    (0)    4 :  0.948 0.052 
177     2297    (0)    4 :  0.954 0.046 
178     2298    (0)    4 :  0.851 0.149 
179     2299    (0)    4 :  0.923 0.077 
180     2300    (0)    4 :  0.966 0.034 
181     2301    (0)    4 :  0.991 0.009 
182     2302    (0)    4 :  0.971 0.029 
183     2303    (0)    4 :  0.821 0.179 
184     2304    (0)    4 :  0.939 0.061 
185     2305    (0)    4 :  0.980 0.020 
186     2306    (0)    4 :  0.928 0.072 
187     2307    (0)    4 :  0.969 0.031 
188     2308    (0)    4 :  0.066 0.934 
189     2309    (0)    4 :  0.980 0.020 
190     2310    (0)    4 :  0.985 0.015 
191     2311    (0)    4 :  0.978 0.022 
192     2312    (0)    4 :  0.972 0.028 
193     2313    (0)    4 :  0.976 0.024 
194     2314    (0)    4 :  0.975 0.025 
195     2315    (0)    4 :  0.936 0.064 
196     2316    (0)    4 :  0.934 0.066 
197     2317    (0)    4 :  0.972 0.028 
198     2318    (0)    4 :  0.947 0.053 
199     2319    (0)    4 :  0.765 0.235 
200     2320    (0)    4 :  0.935 0.065 
201     2321    (0)    4 :  0.966 0.034 
202     2322    (0)    4 :  0.902 0.098 
203     2323    (0)    4 :  0.800 0.200 
204     2324    (0)    4 :  0.944 0.056 
205     2325    (0)    4 :  0.977 0.023 
206     2326    (0)    4 :  0.943 0.057 
207     2327    (0)    4 :  0.919 0.081 
208     2328    (0)    4 :  0.951 0.049 
209     2329    (0)    4 :  0.987 0.013 
210     2330    (0)    4 :  0.963 0.037 
211     2331    (0)    4 :  0.976 0.024 
212     2332    (0)    4 :  0.984 0.016 
213     2333    (0)    4 :  0.843 0.157 
214     2334    (0)    4 :  0.979 0.021 
215     2335    (0)    4 :  0.911 0.089 
216     2336    (0)    4 :  0.988 0.012 
217     2337    (0)    4 :  0.957 0.043 
218     2338    (0)    4 :  0.976 0.024 
219     2339    (0)    4 :  0.936 0.064 
220     2340    (0)    4 :  0.986 0.014 
221     2341    (0)    4 :  0.979 0.021 
222     2342    (2)    4 :  0.936 0.064 
223     2343    (0)    4 :  0.937 0.063 
224     2344    (0)    4 :  0.947 0.053 
225      195    (0)    5 :  0.594 0.406 
226      364    (0)    5 :  0.442 0.558 
227      756    (0)    5 :  0.424 0.576 
228      757    (0)    5 :  0.731 0.269 
229      758    (0)    5 :  0.548 0.452 
230      759    (0)    5 :  0.646 0.354 
231      760    (0)    5 :  0.492 0.508 
232      766    (0)    5 :  0.676 0.324 
233      767    (0)    5 :  0.449 0.551 
234      768    (0)    5 :  0.568 0.432 
235      769    (0)    5 :  0.600 0.400 
236      770    (0)    5 :  0.769 0.231 
237      771    (0)    5 :  0.520 0.480 
238      772    (0)    5 :  0.632 0.368 
239      773    (0)    5 :  0.568 0.432 
240      774    (0)    5 :  0.552 0.448 
241      775    (0)    5 :  0.561 0.439 
242      776    (0)    5 :  0.649 0.351 
243      777    (0)    5 :  0.725 0.275 
244      857    (0)    6 :  0.023 0.977 
245      858    (0)    6 :  0.105 0.895 
246      859    (0)    6 :  0.141 0.859 
247      860    (0)    6 :  0.139 0.861 
248      861    (0)    6 :  0.030 0.970 
249      862    (0)    6 :  0.053 0.947 
250      863    (0)    6 :  0.025 0.975 
251      864    (0)    6 :  0.040 0.960 
252      865    (0)    6 :  0.118 0.882 
253      866    (0)    6 :  0.168 0.832 
254     2355    (0)    7 :  0.705 0.295 
255     2356    (0)    7 :  0.572 0.428 
256     2357    (0)    7 :  0.987 0.013 
257     2358    (0)    7 :  0.594 0.406 
258     2359    (0)    7 :  0.897 0.103 
259     2360    (0)    7 :  0.669 0.331 
260     2361    (2)    7 :  0.802 0.198 
261     2362    (0)    7 :  0.768 0.232 
262     2363    (0)    7 :  0.504 0.496 
263     2364    (0)    7 :  0.750 0.250 
264     2369    (0)    8 :  0.943 0.057 
265     2370    (0)    8 :  0.922 0.078 
266     2372    (0)    8 :  0.898 0.102 
267     2373    (0)    8 :  0.479 0.521 
268     2374    (0)    8 :  0.858 0.142 
269     2375    (0)    8 :  0.796 0.204 
270     2376    (0)    8 :  0.856 0.144 
271     2377    (0)    8 :  0.819 0.181 
272     2378    (0)    8 :  0.954 0.046 
273     2379    (0)    8 :  0.620 0.380 
274     2380    (0)    8 :  0.948 0.052 
275     2381    (0)    8 :  0.862 0.138 
276     2382    (0)    8 :  0.574 0.426 
277     2383    (0)    8 :  0.892 0.108 
278     2384    (0)    8 :  0.775 0.225 
279     2385    (0)    8 :  0.666 0.334 
280     2386    (0)    8 :  0.820 0.180 
281     2387    (0)    8 :  0.814 0.186 
282     2388    (0)    8 :  0.539 0.461 
283     2389    (2)    8 :  0.372 0.628 
284     2390    (0)    8 :  0.599 0.401 
285     2391    (0)    8 :  0.859 0.141 
286     2392    (0)    8 :  0.935 0.065 
287     2459    (0)    9 :  0.795 0.205 
288     2460    (0)    9 :  0.812 0.188 
289     2461    (0)    9 :  0.776 0.224 
290     2462    (4)    9 :  0.884 0.116 
291     2463    (0)    9 :  0.825 0.175 
292     2464    (2)    9 :  0.669 0.331 
293     2465    (0)    9 :  0.842 0.158 
294     2466    (2)    9 :  0.845 0.155 
295     2467    (0)    9 :  0.758 0.242 
296     2468    (0)    9 :  0.848 0.152 
297     2469    (0)    9 :  0.749 0.251 


Estimated Allele Frequencies in each cluster
First column gives estimated ancestral frequencies


Locus 1 : 1 
4 alleles
0.0% missing data
  89   (0.384) 0.553 0.349 
  91   (0.424) 0.353 0.520 
  93   (0.130) 0.092 0.065 
  99   (0.062) 0.001 0.066 

Locus 2 : 2 
6 alleles
0.0% missing data
 136   (0.339) 0.466 0.422 
 138   (0.253) 0.190 0.350 
 140   (0.101) 0.054 0.053 
 134   (0.173) 0.256 0.126 
 142   (0.080) 0.028 0.030 
 132   (0.053) 0.006 0.019 

Locus 3 : 3 
6 alleles
0.0% missing data
 181   (0.162) 0.207 0.094 
 187   (0.341) 0.330 0.405 
 185   (0.124) 0.009 0.244 
 179   (0.180) 0.386 0.092 
 175   (0.117) 0.013 0.145 
 191   (0.075) 0.056 0.020 

Locus 4 : 4 
12 alleles
0.0% missing data
 241   (0.191) 0.106 0.312 
 249   (0.093) 0.060 0.047 
 245   (0.046) 0.001 0.051 
 271   (0.093) 0.009 0.135 
 269   (0.140) 0.184 0.105 
 253   (0.190) 0.627 0.138 
 247   (0.081) 0.005 0.168 
 273   (0.035) 0.001 0.013 
 267   (0.031) 0.002 0.002 
 235   (0.031) 0.002 0.003 
 239   (0.038) 0.001 0.020 
 265   (0.031) 0.001 0.005 

Locus 5 : 5 
5 alleles
0.0% missing data
 103   (0.683) 0.920 0.807 
 105   (0.149) 0.049 0.132 
 104   (0.078) 0.027 0.021 
 107   (0.035) 0.002 0.003 
 102   (0.055) 0.002 0.037 

Locus 6 : 6 
6 alleles
0.0% missing data
 135   (0.448) 0.175 0.727 
 147   (0.140) 0.041 0.104 
 137   (0.056) 0.001 0.054 
 141   (0.164) 0.433 0.056 
 145   (0.156) 0.347 0.055 
 143   (0.036) 0.002 0.003 

Locus 7 : 7 
10 alleles
0.3% missing data
  93   (0.237) 0.232 0.323 
  99   (0.043) 0.001 0.029 
  89   (0.120) 0.032 0.135 
  97   (0.174) 0.153 0.183 
 101   (0.056) 0.001 0.068 
  91   (0.118) 0.021 0.156 
 105   (0.050) 0.001 0.063 
 103   (0.090) 0.472 0.020 
  83   (0.062) 0.031 0.017 
  85   (0.050) 0.057 0.006 

Locus 8 : 8 
10 alleles
0.0% missing data
 129   (0.336) 0.624 0.406 
 143   (0.239) 0.209 0.331 
 149   (0.138) 0.052 0.158 
 127   (0.046) 0.001 0.034 
 145   (0.037) 0.004 0.005 
 141   (0.052) 0.104 0.005 
 133   (0.043) 0.002 0.017 
 131   (0.046) 0.001 0.033 
 121   (0.032) 0.002 0.003 
 128   (0.031) 0.000 0.008 

Locus 9 : 9 
4 alleles
0.0% missing data
 191   (0.316) 0.491 0.261 
 195   (0.271) 0.217 0.280 
 189   (0.368) 0.289 0.452 
 193   (0.044) 0.003 0.008 

Locus 10 : 10 
7 alleles
0.0% missing data
 238   (0.421) 0.516 0.552 
 232   (0.158) 0.291 0.085 
 250   (0.071) 0.002 0.114 
 252   (0.126) 0.142 0.063 
 254   (0.145) 0.037 0.177 
 240   (0.033) 0.002 0.003 
 248   (0.045) 0.008 0.007 

Locus 11 : 11 
5 alleles
0.0% missing data
  87   (0.547) 0.726 0.614 
  91   (0.173) 0.046 0.206 
  89   (0.197) 0.226 0.137 
  85   (0.048) 0.001 0.035 
  83   (0.034) 0.001 0.008 

Locus 12 : 12 
13 alleles
0.0% missing data
 154   (0.045) 0.002 0.022 
 160   (0.249) 0.149 0.554 
 161   (0.131) 0.106 0.127 
 170   (0.085) 0.012 0.092 
 158   (0.099) 0.334 0.032 
 143   (0.060) 0.002 0.085 
 162   (0.113) 0.288 0.053 
 149   (0.047) 0.006 0.013 
 147   (0.047) 0.092 0.004 
 159   (0.030) 0.002 0.003 
 164   (0.033) 0.005 0.002 
 165   (0.030) 0.000 0.008 
 134   (0.030) 0.001 0.005 

Locus 13 : 13 
4 alleles
0.0% missing data
 113   (0.334) 0.361 0.338 
 115   (0.397) 0.491 0.408 
 108   (0.235) 0.148 0.246 
 110   (0.034) 0.001 0.008 

Locus 14 : 14 
10 alleles
0.0% missing data
 231   (0.250) 0.219 0.422 
 233   (0.108) 0.048 0.089 
 229   (0.241) 0.442 0.282 
 225   (0.125) 0.087 0.113 
 227   (0.120) 0.199 0.066 
 213   (0.031) 0.001 0.008 
 221   (0.031) 0.001 0.006 
 255   (0.031) 0.002 0.003 
 223   (0.031) 0.000 0.008 
 203   (0.031) 0.002 0.003 

Locus 15 : 15 
5 alleles
0.3% missing data
 143   (0.711) 0.955 0.783 
 147   (0.063) 0.001 0.066 
 145   (0.143) 0.041 0.118 
 157   (0.035) 0.001 0.007 
 133   (0.049) 0.001 0.027 

Locus 16 : 16 
5 alleles
0.0% missing data
 156   (0.295) 0.290 0.321 
 160   (0.141) 0.125 0.080 
 154   (0.171) 0.036 0.243 
 158   (0.360) 0.547 0.352 
 152   (0.034) 0.002 0.004 

Locus 17 : 17 
5 alleles
0.0% missing data
  90   (0.516) 0.770 0.473 
 100   (0.133) 0.009 0.243 
  88   (0.134) 0.012 0.176 
 102   (0.182) 0.207 0.102 
 104   (0.035) 0.001 0.006 

Locus 18 : 18 
8 alleles
0.0% missing data
 140   (0.253) 0.254 0.284 
 150   (0.123) 0.009 0.266 
 127   (0.257) 0.288 0.274 
 148   (0.123) 0.062 0.086 
 142   (0.078) 0.203 0.013 
 138   (0.052) 0.063 0.006 
 146   (0.061) 0.121 0.008 
 128   (0.053) 0.001 0.064 

Locus 19 : 19 
6 alleles
0.0% missing data
 194   (0.522) 0.607 0.596 
 200   (0.178) 0.035 0.243 
 202   (0.073) 0.002 0.108 
 190   (0.110) 0.235 0.027 
 188   (0.083) 0.121 0.019 
 198   (0.035) 0.001 0.008 

Locus 20 : 20 
6 alleles
0.0% missing data
 250   (0.222) 0.051 0.374 
 254   (0.183) 0.059 0.218 
 244   (0.093) 0.017 0.053 
 246   (0.207) 0.127 0.207 
 252   (0.243) 0.744 0.131 
 248   (0.051) 0.003 0.018 

Locus 21 : 21 
10 alleles
0.0% missing data
 163   (0.075) 0.003 0.180 
 167   (0.142) 0.311 0.091 
 175   (0.166) 0.136 0.196 
 173   (0.194) 0.272 0.216 
 165   (0.121) 0.072 0.109 
 159   (0.037) 0.000 0.021 
 177   (0.167) 0.198 0.171 
 169   (0.031) 0.002 0.003 
 171   (0.036) 0.003 0.006 
 161   (0.031) 0.001 0.007 

Locus 22 : 22 
11 alleles
0.0% missing data
 150   (0.098) 0.012 0.123 
 158   (0.165) 0.050 0.290 
 152   (0.197) 0.528 0.154 
 162   (0.071) 0.002 0.150 
 142   (0.056) 0.004 0.028 
 164   (0.063) 0.030 0.015 
 148   (0.054) 0.001 0.081 
 156   (0.060) 0.002 0.077 
 146   (0.108) 0.275 0.043 
 166   (0.088) 0.072 0.036 
 154   (0.041) 0.025 0.003 

Locus 23 : 23 
6 alleles
0.3% missing data
 144   (0.280) 0.164 0.396 
 154   (0.286) 0.599 0.227 
 158   (0.061) 0.002 0.058 
 156   (0.192) 0.082 0.236 
 160   (0.138) 0.133 0.080 
 152   (0.044) 0.020 0.003 

Locus 24 : 24 
4 alleles
0.3% missing data
  83   (0.516) 0.544 0.616 
  85   (0.112) 0.034 0.065 
  81   (0.312) 0.305 0.313 
  77   (0.060) 0.116 0.006 

Locus 25 : 25 
6 alleles
0.3% missing data
 124   (0.473) 0.493 0.583 
 122   (0.195) 0.062 0.248 
 120   (0.059) 0.001 0.076 
 126   (0.081) 0.027 0.025 
 132   (0.152) 0.415 0.058 
 136   (0.041) 0.002 0.010 

Locus 26 : 26 
6 alleles
0.0% missing data
 165   (0.222) 0.256 0.174 
 183   (0.353) 0.409 0.370 
 179   (0.174) 0.035 0.248 
 181   (0.112) 0.011 0.143 
 185   (0.053) 0.001 0.049 
 175   (0.086) 0.289 0.015 

Locus 27 : 27 
4 alleles
0.0% missing data
 150   (0.186) 0.068 0.213 
 142   (0.425) 0.662 0.419 
 148   (0.274) 0.190 0.317 
 138   (0.114) 0.080 0.050 

Locus 28 : 28 
5 alleles
0.0% missing data
 260   (0.303) 0.377 0.290 
 262   (0.473) 0.580 0.554 
 256   (0.140) 0.038 0.131 
 264   (0.040) 0.004 0.007 
 258   (0.044) 0.001 0.019 

Locus 29 : 29 
5 alleles
0.0% missing data
 140   (0.297) 0.111 0.467 
 146   (0.276) 0.200 0.303 
 150   (0.271) 0.597 0.175 
 148   (0.095) 0.089 0.028 
 152   (0.060) 0.004 0.027 

Locus 30 : 30 
6 alleles
0.0% missing data
 125   (0.195) 0.320 0.115 
 127   (0.205) 0.038 0.354 
 131   (0.081) 0.002 0.133 
 129   (0.347) 0.531 0.317 
 123   (0.131) 0.107 0.066 
 121   (0.040) 0.001 0.014 

Locus 31 : 31 
5 alleles
0.0% missing data
 155   (0.476) 0.541 0.605 
 157   (0.169) 0.255 0.096 
 153   (0.135) 0.053 0.108 
 159   (0.137) 0.147 0.070 
 151   (0.083) 0.003 0.121 

Locus 32 : 32 
5 alleles
0.0% missing data
  92   (0.310) 0.203 0.386 
  95   (0.239) 0.083 0.339 
  91   (0.311) 0.598 0.235 
  94   (0.105) 0.116 0.032 
  90   (0.034) 0.000 0.008 

Locus 33 : 33 
4 alleles
0.0% missing data
 146   (0.367) 0.208 0.524 
 150   (0.387) 0.671 0.334 
 154   (0.107) 0.040 0.055 
 148   (0.139) 0.081 0.087 

Locus 34 : 34 
7 alleles
0.0% missing data
 180   (0.355) 0.507 0.444 
 198   (0.106) 0.006 0.198 
 190   (0.075) 0.010 0.036 
 184   (0.174) 0.215 0.137 
 192   (0.165) 0.120 0.156 
 196   (0.087) 0.133 0.026 
 194   (0.038) 0.009 0.003 

Locus 35 : 35 
7 alleles
0.0% missing data
 108   (0.184) 0.016 0.450 
 106   (0.264) 0.290 0.235 
 110   (0.221) 0.300 0.156 
 112   (0.142) 0.379 0.047 
  90   (0.096) 0.013 0.067 
  96   (0.044) 0.001 0.020 
  94   (0.049) 0.002 0.025 

Locus 36 : 36 
8 alleles
0.0% missing data
 186   (0.053) 0.001 0.053 
 168   (0.106) 0.003 0.306 
 170   (0.348) 0.299 0.435 
 172   (0.205) 0.339 0.131 
 174   (0.113) 0.072 0.053 
 178   (0.056) 0.018 0.010 
 166   (0.056) 0.110 0.005 
 176   (0.064) 0.158 0.007 

Locus 37 : 37 
6 alleles
0.0% missing data
  85   (0.177) 0.160 0.137 
  89   (0.430) 0.661 0.468 
  83   (0.187) 0.044 0.288 
  91   (0.057) 0.001 0.074 
  95   (0.086) 0.075 0.023 
  81   (0.062) 0.061 0.010 

Locus 38 : 38 
8 alleles
0.0% missing data
 161   (0.311) 0.395 0.420 
 165   (0.179) 0.204 0.164 
 173   (0.257) 0.295 0.321 
 169   (0.062) 0.083 0.010 
 175   (0.035) 0.004 0.004 
 167   (0.053) 0.013 0.013 
 159   (0.032) 0.002 0.003 
 168   (0.071) 0.004 0.066 

Locus 39 : 39 
7 alleles
0.0% missing data
  87   (0.246) 0.115 0.409 
  85   (0.173) 0.193 0.140 
  91   (0.208) 0.161 0.239 
  89   (0.228) 0.409 0.192 
  81   (0.066) 0.097 0.013 
  95   (0.036) 0.005 0.003 
  93   (0.043) 0.020 0.004 

Locus 40 : 40 
4 alleles
0.0% missing data
 161   (0.266) 0.069 0.386 
 167   (0.622) 0.923 0.568 
 165   (0.076) 0.005 0.043 
 155   (0.036) 0.002 0.003 

Locus 41 : 41 
7 alleles
0.3% missing data
 228   (0.330) 0.446 0.349 
 240   (0.170) 0.022 0.341 
 236   (0.176) 0.100 0.174 
 238   (0.174) 0.366 0.093 
 224   (0.072) 0.063 0.013 
 246   (0.033) 0.003 0.003 
 242   (0.044) 0.001 0.027 

Locus 42 : 42 
9 alleles
0.3% missing data
 130   (0.353) 0.484 0.460 
 134   (0.184) 0.074 0.270 
 118   (0.105) 0.011 0.146 
 128   (0.052) 0.111 0.005 
 114   (0.139) 0.114 0.101 
 132   (0.063) 0.189 0.008 
 122   (0.039) 0.014 0.003 
 120   (0.032) 0.002 0.003 
 119   (0.032) 0.002 0.005 

Locus 43 : 43 
8 alleles
0.0% missing data
  92   (0.211) 0.079 0.360 
  98   (0.198) 0.116 0.257 
  96   (0.131) 0.042 0.140 
 104   (0.191) 0.333 0.146 
 102   (0.154) 0.420 0.077 
 106   (0.033) 0.001 0.006 
  94   (0.039) 0.004 0.005 
 100   (0.043) 0.006 0.008 

Locus 44 : 44 
6 alleles
0.0% missing data
  97   (0.070) 0.002 0.104 
  99   (0.156) 0.021 0.253 
 101   (0.230) 0.386 0.166 
  95   (0.291) 0.304 0.305 
 103   (0.219) 0.285 0.170 
 105   (0.034) 0.002 0.003 

Locus 45 : 45 
8 alleles
0.0% missing data
 181   (0.369) 0.669 0.374 
 191   (0.319) 0.265 0.434 
 177   (0.085) 0.056 0.025 
 179   (0.068) 0.001 0.118 
 193   (0.042) 0.001 0.022 
 189   (0.044) 0.002 0.017 
 187   (0.034) 0.002 0.005 
 183   (0.039) 0.003 0.007 

Locus 46 : 46 
6 alleles
0.0% missing data
 211   (0.242) 0.240 0.288 
 205   (0.311) 0.456 0.360 
 207   (0.182) 0.153 0.182 
 201   (0.131) 0.054 0.118 
 202   (0.042) 0.001 0.021 
 215   (0.092) 0.097 0.031 

Locus 47 : 47 
10 alleles
0.0% missing data
 162   (0.114) 0.059 0.116 
 164   (0.092) 0.022 0.087 
 142   (0.149) 0.304 0.123 
 158   (0.162) 0.182 0.191 
 170   (0.060) 0.002 0.069 
 168   (0.175) 0.149 0.257 
 156   (0.062) 0.003 0.081 
 160   (0.030) 0.000 0.008 
 166   (0.111) 0.203 0.062 
 144   (0.046) 0.075 0.004 

Locus 48 : 48 
6 alleles
0.0% missing data
 149   (0.388) 0.132 0.658 
 145   (0.269) 0.312 0.213 
 151   (0.177) 0.254 0.089 
 143   (0.049) 0.001 0.027 
 153   (0.073) 0.295 0.008 
 147   (0.044) 0.006 0.005 

Values of parameters used in structure:
DATAFILE=temp1.str,	OUTFILE=k2/temp1_k2_run8,	NUMINDS=297,	NUMLOCI=48,	MISSING=-9,	LABEL=1,	POPDATA=1,	POPFLAG=0,	PHENOTYPE=0,	EXTRACOLS=0,	MAXPOPS=2,	BURNIN=500000,	NUMREPS=750000,	USEPOPINFO=0,	INFERALPHA=1,	INFERLAMBDA=0,	POPSPECIFICLAMBDA=0,	POPALPHAS=0,	COMPUTEPROB=1,	NOADMIX=0,	ADMBURNIN=500,	UPDATEFREQ=100,	PRINTLIKES=0,	INTERMEDSAVE=0,	PRINTKLD=0,	PRINTNET=1,	PRINTLAMBDA=1,	ANCESTDIST=0,	NUMBOXES=1000,	ANCESTPINT=0.90000,	GENSBACK=2,	MIGRPRIOR=0.01000,	PRINTQHAT=0,	PRINTQSUM=1,	ALPHA=1.0000,	FREQSCORR=1,	FPRIORMEAN=0.0100,	FPRIORSD=0.0500,	ONEFST=0,	LAMBDA=1.0000,	UNIFPRIORALPHA=1,	ALPHAMAX=10.0000,	ALPHAPRIORA=1.0000,	ALPHAPRIORB=2.0000,	ALPHAPROPSD=0.0250,	STARTATPOPINFO=0,	RANDOMIZE=0,	LINKAGE=0,	METROFREQ=10,	REPORTHITRATE=0,	MARKOVPHASE=0,	PHASED=1,	PLOIDY=2,	PHASEINFO=0	LOCPRIOR=0, 	LOCPRIORINIT=1.000000, 	LOCDATA=0, 	LOCISPOP=1, 	LOCPRIORSTEP=0.100000, 	MAXLOCPRIOR=20.000000, 	SEED=514774,	
[STRAT parameters]:    NUMSIMSTATS=1000,	PHENOTYPECOL=-9,	POOLFREQ=10,	LOCUSxONLY=0,	EMERROR=0.00100,	MISSINGPHENO=-9,	