

----------------------------------------------------
STRUCTURE by Pritchard, Stephens and Donnelly (2000)
     and Falush, Stephens and Pritchard (2003)
       Code by Pritchard, Falush and Hubisz
             Version 2.3.4 (Jul 2012)
----------------------------------------------------



Command line arguments:   structure -D 789715 -K 7 -m mainparams -o k7/temp1_k7_run5 
Input File:    temp1.str

Run parameters:
   297 individuals
   48 loci
   7 populations assumed
   500000 Burn-in period
   750000 Reps
RANDOMIZE turned off


--------------------------------------------
Proportion of membership of each pre-defined
 population in each of the 7 clusters

Given    Inferred Clusters                                   Number of
 Pop       1      2      3      4      5      6      7      Individuals

  1:     0.006  0.005  0.005  0.003  0.968  0.005  0.008       30
  2:     0.018  0.025  0.021  0.889  0.006  0.031  0.010       39
  3:     0.008  0.009  0.016  0.943  0.002  0.016  0.005       33
  4:     0.018  0.026  0.907  0.009  0.016  0.016  0.008       79
  5:     0.015  0.016  0.006  0.011  0.004  0.029  0.920       19
  6:     0.018  0.011  0.014  0.008  0.897  0.022  0.029       10
  7:     0.267  0.301  0.032  0.013  0.046  0.326  0.015       10
  8:     0.184  0.195  0.064  0.045  0.042  0.438  0.033       23
  9:     0.541  0.243  0.081  0.018  0.013  0.082  0.022       11
 10:     0.115  0.605  0.013  0.100  0.013  0.146  0.007       13
 11:     0.289  0.148  0.070  0.047  0.133  0.301  0.012       25
 12:     0.156  0.417  0.012  0.055  0.004  0.337  0.020        5
--------------------------------------------

Allele-freq. divergence among pops (Net nucleotide distance),
computed using point estimates of P.

      1       2       3       4       5       6       7      
 1      -    0.0085  0.0189  0.0312  0.0622  0.0076  0.0600  
 2   0.0085     -    0.0239  0.0332  0.0735  0.0106  0.0615  
 3   0.0189  0.0239     -    0.0435  0.0779  0.0224  0.0693  
 4   0.0312  0.0332  0.0435     -    0.1056  0.0293  0.0737  
 5   0.0622  0.0735  0.0779  0.1056     -    0.0608  0.0944  
 6   0.0076  0.0106  0.0224  0.0293  0.0608     -    0.0549  
 7   0.0600  0.0615  0.0693  0.0737  0.0944  0.0549     -    

Average distances (expected heterozygosity) between individuals in same cluster:
cluster  1  : 0.6358 
cluster  2  : 0.6128 
cluster  3  : 0.5978 
cluster  4  : 0.5589 
cluster  5  : 0.6571 
cluster  6  : 0.6359 
cluster  7  : 0.5533 

--------------------------------------------
Estimated Ln Prob of Data   = -33592.9
Mean value of ln likelihood = -32830.3
Variance of ln likelihood   = 1525.2
Mean value of alpha         = 0.0352

Mean value of Fst_1         = 0.0389
Mean value of Fst_2         = 0.0535
Mean value of Fst_3         = 0.0988
Mean value of Fst_4         = 0.1204
Mean value of Fst_5         = 0.1327
Mean value of Fst_6         = 0.0297
Mean value of Fst_7         = 0.2044


Inferred ancestry of individuals:
        Label (%Miss) Pop:  Inferred clusters
  1     1408    (0)    1 :  0.004 0.002 0.002 0.002 0.983 0.005 0.003 
  2     1409    (0)    1 :  0.003 0.003 0.003 0.002 0.981 0.003 0.005 
  3     1410    (0)    1 :  0.002 0.002 0.002 0.002 0.986 0.003 0.002 
  4     1411    (0)    1 :  0.005 0.005 0.004 0.003 0.975 0.005 0.003 
  5     1412    (0)    1 :  0.005 0.003 0.003 0.003 0.982 0.004 0.001 
  6     1413    (0)    1 :  0.004 0.005 0.003 0.002 0.978 0.006 0.002 
  7     1414    (0)    1 :  0.002 0.002 0.002 0.001 0.990 0.002 0.002 
  8     1415    (0)    1 :  0.004 0.004 0.002 0.003 0.980 0.004 0.002 
  9     1416    (0)    1 :  0.004 0.004 0.004 0.004 0.976 0.004 0.004 
 10     1417    (0)    1 :  0.003 0.003 0.002 0.002 0.985 0.004 0.002 
 11     1418    (0)    1 :  0.005 0.007 0.002 0.002 0.975 0.006 0.002 
 12     1419    (0)    1 :  0.002 0.003 0.004 0.002 0.982 0.003 0.004 
 13     1420    (0)    1 :  0.005 0.004 0.007 0.003 0.970 0.004 0.007 
 14     1421    (0)    1 :  0.009 0.006 0.026 0.003 0.944 0.007 0.005 
 15     1422    (0)    1 :  0.003 0.002 0.002 0.002 0.988 0.002 0.001 
 16     1423    (0)    1 :  0.002 0.002 0.003 0.002 0.983 0.003 0.004 
 17     1424    (0)    1 :  0.012 0.007 0.008 0.003 0.956 0.009 0.004 
 18     1425    (0)    1 :  0.004 0.005 0.011 0.004 0.955 0.006 0.014 
 19     1426    (0)    1 :  0.007 0.006 0.004 0.003 0.968 0.006 0.006 
 20     1427    (0)    1 :  0.020 0.007 0.009 0.006 0.945 0.009 0.004 
 21     1428    (0)    1 :  0.002 0.003 0.002 0.002 0.987 0.002 0.002 
 22     1429    (0)    1 :  0.005 0.003 0.002 0.006 0.977 0.005 0.003 
 23     1430    (0)    1 :  0.004 0.004 0.002 0.002 0.976 0.005 0.006 
 24     1431    (0)    1 :  0.013 0.024 0.012 0.010 0.901 0.019 0.021 
 25     1432    (0)    1 :  0.003 0.002 0.004 0.002 0.984 0.003 0.003 
 26     1433    (0)    1 :  0.003 0.003 0.005 0.003 0.978 0.003 0.004 
 27     1434    (0)    1 :  0.007 0.010 0.002 0.006 0.916 0.011 0.048 
 28     1435    (0)    1 :  0.011 0.009 0.003 0.004 0.940 0.012 0.020 
 29     1436    (0)    1 :  0.016 0.010 0.008 0.008 0.907 0.008 0.043 
 30     1437    (0)    1 :  0.002 0.002 0.003 0.002 0.987 0.002 0.002 
 31     2398    (0)   10 :  0.014 0.946 0.012 0.008 0.002 0.013 0.006 
 32     2399    (0)   10 :  0.437 0.279 0.004 0.016 0.017 0.243 0.003 
 33     2400    (0)   10 :  0.028 0.900 0.005 0.031 0.004 0.029 0.004 
 34     2401    (0)   10 :  0.105 0.806 0.025 0.021 0.002 0.035 0.006 
 35     2402    (0)   10 :  0.249 0.182 0.020 0.345 0.100 0.089 0.016 
 36     2403    (0)   10 :  0.011 0.962 0.011 0.003 0.003 0.004 0.005 
 37     2404    (0)   10 :  0.010 0.950 0.012 0.015 0.001 0.008 0.004 
 38     2405    (0)   10 :  0.020 0.262 0.013 0.004 0.004 0.689 0.009 
 39     2406    (0)   10 :  0.243 0.452 0.010 0.190 0.002 0.096 0.007 
 40     2407    (0)   10 :  0.124 0.059 0.024 0.460 0.003 0.313 0.017 
 41     2408    (0)   10 :  0.210 0.242 0.011 0.141 0.028 0.363 0.005 
 42     2409    (0)   10 :  0.023 0.896 0.012 0.047 0.002 0.014 0.007 
 43     2410    (0)   10 :  0.018 0.935 0.007 0.027 0.002 0.008 0.005 
 44      934    (0)   11 :  0.594 0.034 0.009 0.019 0.008 0.309 0.027 
 45     2434    (0)   11 :  0.086 0.287 0.030 0.011 0.045 0.535 0.006 
 46     2435    (0)   11 :  0.418 0.037 0.016 0.011 0.383 0.120 0.014 
 47     2436    (0)   11 :  0.077 0.050 0.417 0.004 0.422 0.018 0.012 
 48     2437    (0)   11 :  0.178 0.171 0.118 0.006 0.326 0.191 0.009 
 49     2438    (0)   11 :  0.007 0.015 0.004 0.004 0.006 0.958 0.007 
 50     2439    (0)   11 :  0.565 0.210 0.014 0.013 0.006 0.189 0.003 
 51     2440    (0)   11 :  0.095 0.217 0.504 0.009 0.139 0.028 0.009 
 52     2441    (0)   11 :  0.093 0.021 0.023 0.029 0.188 0.589 0.056 
 53     2442    (0)   11 :  0.227 0.039 0.012 0.007 0.230 0.476 0.008 
 54     2443    (0)   11 :  0.230 0.132 0.241 0.009 0.015 0.357 0.016 
 55     2444    (0)   11 :  0.560 0.277 0.022 0.023 0.079 0.036 0.004 
 56     2446    (0)   11 :  0.839 0.084 0.011 0.018 0.015 0.026 0.006 
 57     2447    (0)   11 :  0.021 0.028 0.006 0.014 0.016 0.913 0.002 
 58     2448    (0)   11 :  0.163 0.232 0.009 0.337 0.003 0.250 0.006 
 59     2449    (0)   11 :  0.165 0.474 0.016 0.004 0.319 0.012 0.010 
 60     2450    (0)   11 :  0.095 0.531 0.006 0.003 0.284 0.071 0.011 
 61     2451    (0)   11 :  0.139 0.339 0.029 0.008 0.399 0.072 0.015 
 62     2452    (0)   11 :  0.680 0.203 0.023 0.025 0.004 0.050 0.015 
 63     2453    (0)   11 :  0.237 0.015 0.005 0.012 0.010 0.686 0.035 
 64     2454    (0)   11 :  0.262 0.039 0.035 0.553 0.007 0.091 0.012 
 65     2455    (0)   11 :  0.539 0.209 0.119 0.008 0.019 0.102 0.003 
 66     2456    (0)   11 :  0.038 0.019 0.051 0.023 0.013 0.837 0.019 
 67     2457    (0)   11 :  0.878 0.034 0.008 0.009 0.054 0.013 0.004 
 68     2458    (0)   11 :  0.046 0.009 0.014 0.012 0.326 0.588 0.005 
 69     1074    (0)   12 :  0.191 0.594 0.019 0.064 0.004 0.086 0.042 
 70     1075    (0)   12 :  0.100 0.024 0.003 0.018 0.003 0.842 0.010 
 71     1076    (0)   12 :  0.008 0.970 0.003 0.003 0.003 0.007 0.005 
 72     1077    (0)   12 :  0.398 0.166 0.024 0.150 0.004 0.227 0.031 
 73     1078    (0)   12 :  0.081 0.328 0.009 0.042 0.005 0.522 0.012 
 74     2229    (0)    2 :  0.005 0.005 0.005 0.969 0.004 0.005 0.006 
 75     2230    (0)    2 :  0.008 0.008 0.012 0.952 0.002 0.014 0.003 
 76     2235    (0)    2 :  0.022 0.010 0.010 0.841 0.023 0.080 0.014 
 77     2236    (0)    2 :  0.060 0.131 0.014 0.657 0.004 0.080 0.055 
 78     2237    (0)    2 :  0.026 0.135 0.019 0.789 0.008 0.008 0.015 
 79     2238    (0)    2 :  0.005 0.006 0.005 0.951 0.002 0.004 0.028 
 80     2239    (0)    2 :  0.007 0.007 0.008 0.957 0.001 0.015 0.004 
 81     2240    (0)    2 :  0.019 0.005 0.008 0.944 0.006 0.011 0.007 
 82     2241    (0)    2 :  0.021 0.009 0.008 0.875 0.067 0.015 0.005 
 83     2242    (0)    2 :  0.030 0.021 0.018 0.862 0.002 0.059 0.007 
 84     2243    (0)    2 :  0.012 0.023 0.040 0.902 0.002 0.012 0.008 
 85     2244    (0)    2 :  0.013 0.010 0.023 0.942 0.002 0.008 0.002 
 86     2245    (0)    2 :  0.005 0.004 0.026 0.953 0.004 0.004 0.004 
 87     2246    (0)    2 :  0.009 0.009 0.024 0.937 0.002 0.010 0.008 
 88     2247    (0)    2 :  0.012 0.014 0.011 0.944 0.002 0.010 0.007 
 89     2248    (0)    2 :  0.006 0.004 0.005 0.971 0.002 0.005 0.008 
 90     2249    (0)    2 :  0.022 0.013 0.022 0.842 0.005 0.089 0.007 
 91     2250    (0)    2 :  0.002 0.003 0.002 0.986 0.001 0.003 0.002 
 92     2251    (0)    2 :  0.016 0.013 0.011 0.853 0.010 0.018 0.080 
 93     2252    (0)    2 :  0.005 0.004 0.006 0.971 0.003 0.007 0.003 
 94     2253    (0)    2 :  0.046 0.026 0.019 0.688 0.002 0.217 0.003 
 95     2254    (0)    2 :  0.021 0.014 0.022 0.926 0.002 0.012 0.002 
 96     2255    (0)    2 :  0.010 0.010 0.016 0.947 0.003 0.010 0.004 
 97     2256    (0)    2 :  0.148 0.273 0.032 0.324 0.001 0.218 0.003 
 98     2257    (0)    2 :  0.015 0.007 0.013 0.913 0.009 0.008 0.035 
 99     2258    (0)    2 :  0.058 0.015 0.173 0.663 0.003 0.084 0.003 
100     2259    (0)    2 :  0.004 0.005 0.003 0.979 0.001 0.004 0.004 
101     2260    (0)    2 :  0.021 0.023 0.016 0.912 0.003 0.020 0.004 
102     2261    (0)    2 :  0.004 0.003 0.003 0.981 0.003 0.003 0.003 
103     2262    (0)    2 :  0.006 0.007 0.004 0.960 0.002 0.004 0.017 
104     2263    (0)    2 :  0.005 0.005 0.009 0.967 0.006 0.004 0.004 
105     2264    (0)    2 :  0.007 0.005 0.003 0.958 0.003 0.022 0.002 
106     2265    (0)    2 :  0.013 0.079 0.008 0.868 0.004 0.023 0.005 
107     2266    (0)    2 :  0.009 0.013 0.006 0.950 0.002 0.011 0.010 
108     2267    (0)    2 :  0.005 0.005 0.011 0.971 0.001 0.004 0.003 
109     2268    (0)    2 :  0.014 0.023 0.004 0.935 0.006 0.012 0.007 
110     2269    (0)    2 :  0.004 0.004 0.002 0.978 0.003 0.006 0.004 
111     2270    (0)    2 :  0.006 0.005 0.007 0.965 0.004 0.007 0.005 
112     2271    (0)    2 :  0.016 0.010 0.175 0.699 0.006 0.089 0.004 
113      382    (0)    3 :  0.007 0.008 0.015 0.947 0.005 0.015 0.003 
114      383    (0)    3 :  0.025 0.016 0.153 0.763 0.003 0.037 0.002 
115      647    (0)    3 :  0.005 0.008 0.012 0.964 0.003 0.005 0.003 
116      648    (0)    3 :  0.006 0.008 0.009 0.968 0.003 0.004 0.002 
117      649    (0)    3 :  0.005 0.005 0.004 0.976 0.002 0.006 0.002 
118      650    (0)    3 :  0.004 0.005 0.005 0.973 0.003 0.007 0.002 
119      651    (0)    3 :  0.003 0.003 0.003 0.983 0.002 0.003 0.002 
120      652    (0)    3 :  0.005 0.005 0.027 0.953 0.001 0.004 0.003 
121      653    (0)    3 :  0.006 0.006 0.004 0.974 0.001 0.006 0.002 
122      654    (0)    3 :  0.003 0.004 0.004 0.980 0.002 0.004 0.003 
123      658    (0)    3 :  0.005 0.005 0.002 0.979 0.001 0.006 0.002 
124      659    (0)    3 :  0.004 0.003 0.004 0.983 0.001 0.002 0.002 
125      660    (0)    3 :  0.007 0.008 0.003 0.970 0.001 0.006 0.005 
126      661    (0)    3 :  0.005 0.006 0.003 0.974 0.001 0.006 0.004 
127      662    (0)    3 :  0.005 0.003 0.004 0.967 0.006 0.004 0.010 
128      663    (0)    3 :  0.003 0.003 0.003 0.985 0.002 0.003 0.002 
129      664    (0)    3 :  0.010 0.017 0.013 0.938 0.003 0.012 0.006 
130      665    (0)    3 :  0.019 0.012 0.021 0.930 0.006 0.009 0.003 
131      671    (0)    3 :  0.005 0.004 0.006 0.979 0.001 0.002 0.002 
132      672    (0)    3 :  0.004 0.007 0.004 0.975 0.002 0.005 0.002 
133      673    (0)    3 :  0.003 0.004 0.002 0.983 0.002 0.003 0.002 
134      674    (0)    3 :  0.023 0.010 0.045 0.858 0.005 0.034 0.024 
135      675    (0)    3 :  0.010 0.006 0.008 0.940 0.004 0.010 0.023 
136      676    (0)    3 :  0.005 0.006 0.006 0.973 0.002 0.005 0.004 
137      677    (0)    3 :  0.004 0.002 0.005 0.982 0.001 0.004 0.002 
138      678    (0)    3 :  0.003 0.005 0.002 0.981 0.002 0.003 0.003 
139      679    (0)    3 :  0.005 0.004 0.002 0.980 0.003 0.003 0.002 
140      680    (0)    3 :  0.004 0.005 0.003 0.982 0.002 0.003 0.002 
141      681    (0)    3 :  0.004 0.006 0.005 0.977 0.002 0.004 0.003 
142      682    (0)    3 :  0.003 0.003 0.004 0.983 0.001 0.003 0.002 
143      683    (0)    3 :  0.018 0.035 0.016 0.902 0.004 0.017 0.009 
144      755    (0)    3 :  0.042 0.078 0.138 0.425 0.003 0.299 0.016 
145     2286    (0)    3 :  0.003 0.004 0.005 0.978 0.001 0.003 0.006 
146      690    (0)    4 :  0.087 0.491 0.381 0.015 0.003 0.015 0.007 
147      691    (0)    4 :  0.009 0.017 0.937 0.003 0.020 0.011 0.003 
148      692    (0)    4 :  0.004 0.006 0.959 0.012 0.003 0.006 0.010 
149      693    (0)    4 :  0.007 0.004 0.976 0.004 0.002 0.006 0.002 
150      694    (0)    4 :  0.010 0.142 0.825 0.010 0.002 0.010 0.002 
151      695    (0)    4 :  0.028 0.013 0.927 0.004 0.004 0.009 0.014 
152      696    (0)    4 :  0.016 0.023 0.862 0.020 0.004 0.016 0.059 
153      697    (0)    4 :  0.008 0.013 0.954 0.012 0.001 0.007 0.004 
154      698    (0)    4 :  0.005 0.008 0.974 0.004 0.002 0.005 0.002 
155      699    (0)    4 :  0.006 0.004 0.961 0.013 0.002 0.004 0.011 
156      700    (0)    4 :  0.151 0.181 0.475 0.029 0.002 0.070 0.093 
157      701    (0)    4 :  0.023 0.019 0.914 0.005 0.014 0.020 0.006 
158      703    (0)    4 :  0.013 0.022 0.910 0.003 0.037 0.007 0.007 
159      704    (0)    4 :  0.008 0.019 0.929 0.008 0.004 0.021 0.012 
160      705    (0)    4 :  0.014 0.010 0.882 0.009 0.007 0.064 0.014 
161      706    (0)    4 :  0.011 0.009 0.950 0.008 0.004 0.014 0.004 
162      707    (0)    4 :  0.004 0.004 0.966 0.015 0.002 0.006 0.004 
163      708    (0)    4 :  0.006 0.006 0.943 0.025 0.004 0.006 0.010 
164      709    (0)    4 :  0.017 0.025 0.925 0.008 0.002 0.016 0.007 
165      710    (0)    4 :  0.015 0.011 0.940 0.004 0.014 0.012 0.004 
166      711    (0)    4 :  0.029 0.042 0.873 0.011 0.007 0.036 0.003 
167     2287    (0)    4 :  0.009 0.014 0.944 0.010 0.003 0.013 0.006 
168     2288    (0)    4 :  0.014 0.010 0.926 0.007 0.017 0.018 0.007 
169     2289    (0)    4 :  0.008 0.006 0.967 0.003 0.004 0.006 0.006 
170     2290    (0)    4 :  0.011 0.025 0.936 0.008 0.002 0.008 0.010 
171     2291    (0)    4 :  0.013 0.006 0.958 0.009 0.003 0.009 0.002 
172     2292    (0)    4 :  0.003 0.003 0.980 0.007 0.001 0.003 0.003 
173     2293    (0)    4 :  0.080 0.014 0.875 0.005 0.005 0.016 0.005 
174     2294    (0)    4 :  0.027 0.032 0.808 0.004 0.094 0.026 0.009 
175     2295    (0)    4 :  0.033 0.107 0.719 0.063 0.002 0.062 0.013 
176     2296    (0)    4 :  0.004 0.004 0.979 0.003 0.003 0.003 0.004 
177     2297    (0)    4 :  0.011 0.012 0.939 0.006 0.002 0.027 0.002 
178     2298    (0)    4 :  0.008 0.005 0.961 0.003 0.008 0.011 0.003 
179     2299    (0)    4 :  0.007 0.010 0.953 0.004 0.003 0.011 0.012 
180     2300    (0)    4 :  0.005 0.005 0.977 0.003 0.003 0.004 0.003 
181     2301    (0)    4 :  0.004 0.004 0.975 0.010 0.001 0.004 0.002 
182     2302    (0)    4 :  0.004 0.005 0.979 0.004 0.002 0.003 0.003 
183     2303    (0)    4 :  0.010 0.017 0.949 0.003 0.008 0.010 0.002 
184     2304    (0)    4 :  0.010 0.018 0.922 0.032 0.006 0.008 0.003 
185     2305    (0)    4 :  0.006 0.006 0.942 0.008 0.002 0.012 0.024 
186     2306    (0)    4 :  0.013 0.011 0.928 0.014 0.007 0.022 0.004 
187     2307    (0)    4 :  0.028 0.012 0.911 0.023 0.004 0.008 0.014 
188     2308    (0)    4 :  0.062 0.019 0.010 0.002 0.772 0.133 0.002 
189     2309    (0)    4 :  0.007 0.012 0.962 0.007 0.002 0.007 0.003 
190     2310    (0)    4 :  0.007 0.013 0.957 0.013 0.001 0.006 0.003 
191     2311    (0)    4 :  0.005 0.003 0.979 0.004 0.002 0.004 0.004 
192     2312    (0)    4 :  0.004 0.004 0.980 0.005 0.002 0.004 0.002 
193     2313    (0)    4 :  0.008 0.014 0.951 0.010 0.002 0.010 0.005 
194     2314    (0)    4 :  0.013 0.089 0.869 0.011 0.003 0.011 0.003 
195     2315    (0)    4 :  0.005 0.007 0.962 0.005 0.005 0.008 0.008 
196     2316    (0)    4 :  0.020 0.018 0.915 0.007 0.011 0.019 0.009 
197     2317    (0)    4 :  0.006 0.004 0.973 0.004 0.002 0.006 0.004 
198     2318    (0)    4 :  0.008 0.008 0.962 0.004 0.003 0.007 0.009 
199     2319    (0)    4 :  0.005 0.004 0.963 0.003 0.019 0.004 0.002 
200     2320    (0)    4 :  0.004 0.003 0.965 0.003 0.003 0.003 0.018 
201     2321    (0)    4 :  0.015 0.025 0.907 0.016 0.007 0.018 0.013 
202     2322    (0)    4 :  0.106 0.037 0.807 0.008 0.007 0.024 0.010 
203     2323    (0)    4 :  0.011 0.013 0.948 0.003 0.009 0.009 0.008 
204     2324    (0)    4 :  0.005 0.008 0.973 0.003 0.003 0.005 0.003 
205     2325    (0)    4 :  0.005 0.004 0.976 0.006 0.003 0.003 0.003 
206     2326    (0)    4 :  0.106 0.166 0.538 0.013 0.003 0.165 0.008 
207     2327    (0)    4 :  0.021 0.017 0.899 0.026 0.005 0.020 0.012 
208     2328    (0)    4 :  0.026 0.060 0.817 0.008 0.005 0.077 0.008 
209     2329    (0)    4 :  0.006 0.006 0.964 0.012 0.001 0.007 0.004 
210     2330    (0)    4 :  0.005 0.008 0.968 0.008 0.003 0.006 0.003 
211     2331    (0)    4 :  0.011 0.006 0.961 0.007 0.002 0.009 0.005 
212     2332    (0)    4 :  0.011 0.015 0.950 0.015 0.002 0.005 0.002 
213     2333    (0)    4 :  0.046 0.045 0.881 0.003 0.011 0.009 0.005 
214     2334    (0)    4 :  0.007 0.006 0.974 0.003 0.002 0.005 0.003 
215     2335    (0)    4 :  0.003 0.003 0.979 0.003 0.003 0.003 0.005 
216     2336    (0)    4 :  0.003 0.003 0.980 0.006 0.001 0.003 0.003 
217     2337    (0)    4 :  0.003 0.003 0.982 0.004 0.002 0.003 0.002 
218     2338    (0)    4 :  0.004 0.004 0.975 0.005 0.002 0.004 0.007 
219     2339    (0)    4 :  0.039 0.014 0.919 0.005 0.004 0.017 0.002 
220     2340    (0)    4 :  0.004 0.004 0.979 0.005 0.002 0.004 0.003 
221     2341    (0)    4 :  0.006 0.008 0.959 0.014 0.003 0.006 0.006 
222     2342    (2)    4 :  0.015 0.025 0.937 0.006 0.004 0.009 0.004 
223     2343    (0)    4 :  0.017 0.008 0.946 0.011 0.008 0.009 0.002 
224     2344    (0)    4 :  0.008 0.010 0.966 0.005 0.004 0.005 0.002 
225      195    (0)    5 :  0.007 0.005 0.005 0.013 0.003 0.006 0.961 
226      364    (0)    5 :  0.002 0.002 0.002 0.003 0.002 0.002 0.987 
227      756    (0)    5 :  0.008 0.008 0.006 0.004 0.008 0.013 0.953 
228      757    (0)    5 :  0.070 0.074 0.017 0.099 0.003 0.026 0.710 
229      758    (0)    5 :  0.006 0.007 0.005 0.007 0.004 0.008 0.964 
230      759    (0)    5 :  0.023 0.032 0.009 0.022 0.004 0.031 0.880 
231      760    (0)    5 :  0.055 0.061 0.003 0.003 0.011 0.113 0.753 
232      766    (0)    5 :  0.003 0.004 0.005 0.003 0.002 0.002 0.981 
233      767    (0)    5 :  0.005 0.005 0.007 0.005 0.007 0.007 0.963 
234      768    (0)    5 :  0.009 0.016 0.012 0.008 0.009 0.011 0.935 
235      769    (0)    5 :  0.022 0.047 0.005 0.004 0.008 0.016 0.897 
236      770    (0)    5 :  0.005 0.005 0.010 0.008 0.003 0.008 0.961 
237      771    (0)    5 :  0.002 0.002 0.002 0.002 0.003 0.003 0.985 
238      772    (0)    5 :  0.049 0.027 0.005 0.018 0.007 0.284 0.610 
239      773    (0)    5 :  0.002 0.002 0.002 0.002 0.001 0.002 0.989 
240      774    (0)    5 :  0.002 0.002 0.002 0.002 0.001 0.002 0.989 
241      775    (0)    5 :  0.002 0.002 0.002 0.002 0.001 0.002 0.989 
242      776    (0)    5 :  0.002 0.003 0.002 0.002 0.001 0.002 0.987 
243      777    (0)    5 :  0.002 0.003 0.005 0.007 0.002 0.003 0.978 
244      857    (0)    6 :  0.004 0.004 0.004 0.003 0.977 0.004 0.005 
245      858    (0)    6 :  0.009 0.005 0.026 0.009 0.938 0.009 0.005 
246      859    (0)    6 :  0.050 0.023 0.040 0.013 0.843 0.011 0.021 
247      860    (0)    6 :  0.030 0.032 0.009 0.010 0.741 0.029 0.149 
248      861    (0)    6 :  0.004 0.003 0.008 0.003 0.974 0.003 0.004 
249      862    (0)    6 :  0.004 0.004 0.010 0.009 0.962 0.006 0.006 
250      863    (0)    6 :  0.005 0.004 0.003 0.004 0.973 0.004 0.007 
251      864    (0)    6 :  0.008 0.004 0.007 0.005 0.967 0.006 0.004 
252      865    (0)    6 :  0.037 0.009 0.007 0.010 0.801 0.134 0.003 
253      866    (0)    6 :  0.026 0.024 0.030 0.017 0.794 0.020 0.090 
254     2355    (0)    7 :  0.609 0.115 0.099 0.006 0.013 0.132 0.027 
255     2356    (0)    7 :  0.538 0.144 0.017 0.003 0.014 0.214 0.070 
256     2357    (0)    7 :  0.117 0.773 0.057 0.032 0.001 0.015 0.005 
257     2358    (0)    7 :  0.067 0.016 0.007 0.005 0.014 0.883 0.008 
258     2359    (0)    7 :  0.057 0.129 0.063 0.010 0.003 0.735 0.003 
259     2360    (0)    7 :  0.181 0.706 0.007 0.005 0.065 0.029 0.007 
260     2361    (2)    7 :  0.065 0.014 0.007 0.009 0.002 0.889 0.015 
261     2362    (0)    7 :  0.025 0.827 0.006 0.008 0.007 0.123 0.003 
262     2363    (0)    7 :  0.488 0.119 0.012 0.011 0.304 0.059 0.006 
263     2364    (0)    7 :  0.519 0.170 0.042 0.047 0.033 0.186 0.003 
264     2369    (0)    8 :  0.027 0.160 0.031 0.200 0.004 0.566 0.013 
265     2370    (0)    8 :  0.014 0.761 0.004 0.011 0.002 0.205 0.003 
266     2372    (0)    8 :  0.272 0.326 0.238 0.009 0.006 0.147 0.003 
267     2373    (0)    8 :  0.044 0.044 0.014 0.034 0.291 0.107 0.467 
268     2374    (0)    8 :  0.938 0.044 0.004 0.005 0.002 0.004 0.003 
269     2375    (0)    8 :  0.410 0.497 0.023 0.008 0.008 0.038 0.017 
270     2376    (0)    8 :  0.045 0.185 0.617 0.028 0.018 0.102 0.005 
271     2377    (0)    8 :  0.198 0.159 0.010 0.150 0.008 0.468 0.006 
272     2378    (0)    8 :  0.042 0.024 0.009 0.009 0.001 0.910 0.004 
273     2379    (0)    8 :  0.036 0.008 0.025 0.010 0.038 0.880 0.003 
274     2380    (0)    8 :  0.508 0.243 0.177 0.008 0.002 0.059 0.003 
275     2381    (0)    8 :  0.033 0.028 0.017 0.036 0.002 0.871 0.013 
276     2382    (0)    8 :  0.239 0.519 0.013 0.002 0.029 0.185 0.013 
277     2383    (0)    8 :  0.053 0.720 0.014 0.069 0.005 0.132 0.007 
278     2384    (0)    8 :  0.150 0.223 0.018 0.018 0.016 0.567 0.007 
279     2385    (0)    8 :  0.139 0.031 0.020 0.006 0.010 0.790 0.005 
280     2386    (0)    8 :  0.552 0.177 0.007 0.050 0.002 0.206 0.006 
281     2387    (0)    8 :  0.037 0.070 0.036 0.012 0.005 0.831 0.008 
282     2388    (0)    8 :  0.013 0.009 0.008 0.003 0.007 0.927 0.033 
283     2389    (2)    8 :  0.137 0.161 0.052 0.010 0.434 0.082 0.126 
284     2390    (0)    8 :  0.031 0.006 0.045 0.005 0.054 0.854 0.007 
285     2391    (0)    8 :  0.025 0.025 0.061 0.078 0.004 0.803 0.005 
286     2392    (0)    8 :  0.300 0.057 0.028 0.269 0.010 0.333 0.003 
287     2459    (0)    9 :  0.895 0.032 0.046 0.006 0.006 0.012 0.003 
288     2460    (0)    9 :  0.477 0.036 0.011 0.081 0.008 0.384 0.003 
289     2461    (0)    9 :  0.322 0.563 0.056 0.004 0.007 0.043 0.004 
290     2462    (4)    9 :  0.893 0.036 0.028 0.015 0.004 0.022 0.002 
291     2463    (0)    9 :  0.791 0.107 0.027 0.011 0.003 0.039 0.022 
292     2464    (2)    9 :  0.883 0.047 0.009 0.013 0.034 0.007 0.008 
293     2465    (0)    9 :  0.063 0.801 0.035 0.014 0.008 0.076 0.003 
294     2466    (2)    9 :  0.776 0.053 0.121 0.010 0.005 0.032 0.003 
295     2467    (0)    9 :  0.073 0.025 0.441 0.017 0.045 0.215 0.184 
296     2468    (0)    9 :  0.410 0.431 0.101 0.007 0.006 0.039 0.007 
297     2469    (0)    9 :  0.372 0.542 0.020 0.018 0.012 0.033 0.003 


Estimated Allele Frequencies in each cluster
First column gives estimated ancestral frequencies


Locus 1 : 1 
4 alleles
0.0% missing data
  89   (0.492) 0.473 0.591 0.428 0.640 0.331 0.482 0.621 
  91   (0.352) 0.392 0.224 0.532 0.256 0.546 0.342 0.334 
  93   (0.131) 0.125 0.178 0.039 0.103 0.050 0.134 0.042 
  99   (0.025) 0.010 0.007 0.001 0.001 0.073 0.042 0.003 

Locus 2 : 2 
6 alleles
0.0% missing data
 136   (0.393) 0.360 0.334 0.505 0.502 0.435 0.399 0.529 
 138   (0.228) 0.240 0.184 0.117 0.300 0.396 0.228 0.130 
 140   (0.076) 0.096 0.061 0.007 0.086 0.044 0.090 0.008 
 134   (0.253) 0.272 0.401 0.293 0.109 0.090 0.224 0.327 
 142   (0.026) 0.012 0.009 0.076 0.001 0.031 0.014 0.003 
 132   (0.024) 0.020 0.012 0.001 0.001 0.003 0.044 0.004 

Locus 3 : 3 
6 alleles
0.0% missing data
 181   (0.189) 0.180 0.203 0.299 0.123 0.107 0.163 0.070 
 187   (0.323) 0.284 0.234 0.175 0.499 0.442 0.371 0.479 
 185   (0.085) 0.104 0.065 0.019 0.004 0.191 0.075 0.197 
 179   (0.295) 0.352 0.379 0.472 0.290 0.114 0.290 0.031 
 175   (0.062) 0.031 0.064 0.032 0.003 0.143 0.081 0.010 
 191   (0.047) 0.049 0.055 0.003 0.081 0.003 0.020 0.213 

Locus 4 : 4 
12 alleles
0.0% missing data
 241   (0.165) 0.167 0.105 0.168 0.050 0.367 0.185 0.115 
 249   (0.037) 0.027 0.014 0.002 0.164 0.068 0.026 0.004 
 245   (0.018) 0.009 0.005 0.001 0.001 0.076 0.014 0.002 
 271   (0.053) 0.094 0.021 0.008 0.014 0.151 0.043 0.006 
 269   (0.202) 0.190 0.266 0.191 0.110 0.107 0.231 0.097 
 253   (0.406) 0.402 0.522 0.623 0.643 0.182 0.383 0.410 
 247   (0.057) 0.065 0.048 0.003 0.003 0.014 0.084 0.359 
 273   (0.014) 0.021 0.006 0.001 0.001 0.002 0.010 0.002 
 267   (0.011) 0.004 0.003 0.001 0.007 0.001 0.004 0.001 
 235   (0.011) 0.004 0.003 0.001 0.007 0.001 0.004 0.001 
 239   (0.013) 0.005 0.004 0.001 0.001 0.030 0.006 0.003 
 265   (0.012) 0.010 0.003 0.001 0.001 0.001 0.009 0.001 

Locus 5 : 5 
5 alleles
0.0% missing data
 103   (0.870) 0.878 0.954 0.855 0.942 0.822 0.907 0.896 
 105   (0.057) 0.078 0.024 0.124 0.003 0.153 0.037 0.005 
 104   (0.042) 0.032 0.014 0.020 0.047 0.023 0.024 0.004 
 107   (0.012) 0.004 0.003 0.001 0.007 0.001 0.005 0.001 
 102   (0.020) 0.008 0.005 0.001 0.001 0.001 0.027 0.094 

Locus 6 : 6 
6 alleles
0.0% missing data
 135   (0.296) 0.288 0.221 0.217 0.168 0.725 0.289 0.491 
 147   (0.070) 0.033 0.038 0.054 0.041 0.094 0.049 0.146 
 137   (0.021) 0.010 0.007 0.001 0.001 0.068 0.018 0.008 
 141   (0.292) 0.272 0.203 0.387 0.574 0.068 0.367 0.142 
 145   (0.310) 0.393 0.528 0.340 0.209 0.045 0.273 0.212 
 143   (0.012) 0.004 0.003 0.001 0.007 0.001 0.005 0.001 

Locus 7 : 7 
10 alleles
0.3% missing data
  93   (0.231) 0.192 0.198 0.172 0.353 0.345 0.259 0.170 
  99   (0.019) 0.008 0.021 0.001 0.001 0.028 0.009 0.002 
  89   (0.075) 0.075 0.039 0.034 0.042 0.140 0.071 0.009 
  97   (0.189) 0.185 0.244 0.081 0.181 0.124 0.181 0.304 
 101   (0.021) 0.021 0.006 0.001 0.003 0.091 0.009 0.002 
  91   (0.049) 0.022 0.014 0.038 0.028 0.151 0.029 0.135 
 105   (0.017) 0.016 0.005 0.001 0.001 0.087 0.007 0.002 
 103   (0.308) 0.353 0.361 0.590 0.313 0.028 0.379 0.322 
  83   (0.048) 0.043 0.098 0.025 0.003 0.003 0.036 0.051 
  85   (0.044) 0.085 0.014 0.056 0.076 0.004 0.022 0.004 

Locus 8 : 8 
10 alleles
0.0% missing data
 129   (0.554) 0.635 0.628 0.522 0.651 0.380 0.614 0.602 
 143   (0.230) 0.249 0.211 0.370 0.050 0.312 0.246 0.237 
 149   (0.058) 0.036 0.031 0.003 0.135 0.206 0.049 0.049 
 127   (0.020) 0.008 0.006 0.002 0.001 0.034 0.010 0.032 
 145   (0.017) 0.007 0.019 0.006 0.001 0.001 0.007 0.002 
 141   (0.066) 0.043 0.078 0.094 0.151 0.005 0.033 0.073 
 133   (0.018) 0.008 0.018 0.001 0.001 0.002 0.026 0.002 
 131   (0.015) 0.006 0.004 0.001 0.003 0.048 0.006 0.002 
 121   (0.011) 0.004 0.003 0.001 0.007 0.001 0.004 0.001 
 128   (0.011) 0.004 0.003 0.001 0.001 0.010 0.004 0.001 

Locus 9 : 9 
4 alleles
0.0% missing data
 191   (0.379) 0.360 0.311 0.445 0.601 0.289 0.363 0.472 
 195   (0.185) 0.160 0.264 0.350 0.150 0.346 0.115 0.039 
 189   (0.419) 0.470 0.413 0.204 0.243 0.362 0.514 0.487 
 193   (0.017) 0.009 0.012 0.001 0.006 0.003 0.008 0.002 

Locus 10 : 10 
7 alleles
0.0% missing data
 238   (0.508) 0.597 0.613 0.601 0.428 0.606 0.486 0.222 
 232   (0.218) 0.143 0.241 0.154 0.425 0.085 0.276 0.297 
 250   (0.042) 0.030 0.026 0.007 0.002 0.122 0.052 0.004 
 252   (0.129) 0.157 0.067 0.170 0.121 0.053 0.104 0.171 
 254   (0.070) 0.059 0.029 0.066 0.016 0.132 0.044 0.295 
 240   (0.011) 0.004 0.003 0.001 0.007 0.001 0.005 0.001 
 248   (0.022) 0.010 0.021 0.001 0.001 0.002 0.032 0.010 

Locus 11 : 11 
5 alleles
0.0% missing data
  87   (0.697) 0.704 0.760 0.761 0.659 0.585 0.767 0.615 
  91   (0.063) 0.055 0.035 0.004 0.123 0.246 0.035 0.099 
  89   (0.211) 0.229 0.196 0.234 0.216 0.124 0.175 0.272 
  85   (0.018) 0.007 0.005 0.001 0.001 0.044 0.016 0.002 
  83   (0.012) 0.006 0.004 0.001 0.001 0.001 0.007 0.013 

Locus 12 : 12 
13 alleles
0.0% missing data
 154   (0.023) 0.019 0.008 0.002 0.001 0.011 0.030 0.002 
 160   (0.255) 0.296 0.288 0.078 0.151 0.502 0.252 0.638 
 161   (0.100) 0.077 0.089 0.185 0.066 0.162 0.082 0.010 
 170   (0.046) 0.027 0.075 0.003 0.006 0.094 0.062 0.004 
 158   (0.206) 0.175 0.253 0.271 0.459 0.048 0.231 0.066 
 143   (0.024) 0.017 0.008 0.015 0.001 0.113 0.011 0.002 
 162   (0.240) 0.310 0.182 0.316 0.182 0.055 0.282 0.268 
 149   (0.019) 0.023 0.035 0.001 0.001 0.003 0.010 0.002 
 147   (0.040) 0.030 0.033 0.127 0.117 0.003 0.018 0.004 
 159   (0.011) 0.004 0.016 0.001 0.001 0.001 0.004 0.001 
 164   (0.012) 0.004 0.003 0.001 0.014 0.001 0.004 0.001 
 165   (0.012) 0.006 0.004 0.001 0.001 0.006 0.008 0.001 
 134   (0.011) 0.011 0.005 0.001 0.001 0.001 0.006 0.001 

Locus 13 : 13 
4 alleles
0.0% missing data
 113   (0.323) 0.256 0.368 0.375 0.362 0.329 0.313 0.475 
 115   (0.492) 0.574 0.467 0.450 0.474 0.390 0.526 0.474 
 108   (0.174) 0.163 0.159 0.174 0.163 0.278 0.154 0.050 
 110   (0.011) 0.007 0.006 0.001 0.001 0.002 0.007 0.001 

Locus 14 : 14 
10 alleles
0.0% missing data
 231   (0.171) 0.159 0.094 0.447 0.094 0.434 0.135 0.415 
 233   (0.051) 0.028 0.018 0.024 0.107 0.126 0.040 0.005 
 229   (0.425) 0.411 0.469 0.319 0.480 0.285 0.522 0.405 
 225   (0.142) 0.186 0.087 0.060 0.067 0.066 0.168 0.155 
 227   (0.155) 0.182 0.298 0.146 0.245 0.080 0.103 0.015 
 213   (0.011) 0.007 0.003 0.001 0.001 0.002 0.010 0.001 
 221   (0.011) 0.004 0.017 0.001 0.001 0.001 0.004 0.001 
 255   (0.011) 0.005 0.004 0.001 0.006 0.001 0.005 0.001 
 223   (0.011) 0.006 0.003 0.001 0.001 0.006 0.007 0.001 
 203   (0.011) 0.011 0.007 0.001 0.001 0.001 0.005 0.001 

Locus 15 : 15 
5 alleles
0.3% missing data
 143   (0.886) 0.923 0.939 0.917 0.968 0.783 0.934 0.858 
 147   (0.032) 0.035 0.013 0.002 0.002 0.060 0.016 0.045 
 145   (0.058) 0.030 0.041 0.080 0.029 0.155 0.033 0.006 
 157   (0.012) 0.007 0.003 0.001 0.001 0.001 0.012 0.001 
 133   (0.012) 0.004 0.003 0.001 0.001 0.001 0.005 0.090 

Locus 16 : 16 
5 alleles
0.0% missing data
 156   (0.266) 0.320 0.236 0.344 0.270 0.309 0.204 0.382 
 160   (0.137) 0.084 0.156 0.129 0.115 0.074 0.156 0.075 
 154   (0.086) 0.041 0.043 0.057 0.045 0.278 0.093 0.075 
 158   (0.500) 0.547 0.556 0.469 0.569 0.338 0.542 0.466 
 152   (0.011) 0.008 0.010 0.001 0.001 0.001 0.005 0.001 

Locus 17 : 17 
5 alleles
0.0% missing data
  90   (0.670) 0.682 0.643 0.819 0.758 0.459 0.695 0.631 
 100   (0.074) 0.123 0.073 0.005 0.005 0.241 0.087 0.007 
  88   (0.057) 0.047 0.066 0.012 0.007 0.224 0.041 0.008 
 102   (0.188) 0.144 0.215 0.164 0.231 0.076 0.162 0.353 
 104   (0.012) 0.005 0.003 0.001 0.001 0.001 0.014 0.001 

Locus 18 : 18 
8 alleles
0.0% missing data
 140   (0.269) 0.325 0.315 0.421 0.081 0.304 0.245 0.054 
 150   (0.067) 0.108 0.042 0.012 0.004 0.188 0.037 0.397 
 127   (0.280) 0.216 0.285 0.378 0.218 0.320 0.281 0.196 
 148   (0.102) 0.098 0.096 0.040 0.052 0.053 0.069 0.228 
 142   (0.099) 0.129 0.046 0.006 0.444 0.016 0.198 0.013 
 138   (0.067) 0.040 0.125 0.063 0.040 0.005 0.060 0.007 
 146   (0.103) 0.079 0.088 0.078 0.161 0.009 0.105 0.104 
 128   (0.013) 0.005 0.004 0.001 0.001 0.104 0.005 0.001 

Locus 19 : 19 
6 alleles
0.0% missing data
 194   (0.590) 0.514 0.589 0.651 0.572 0.608 0.649 0.601 
 200   (0.089) 0.141 0.136 0.046 0.005 0.280 0.057 0.010 
 202   (0.041) 0.024 0.018 0.002 0.002 0.065 0.051 0.146 
 190   (0.124) 0.096 0.121 0.251 0.326 0.032 0.072 0.104 
 188   (0.144) 0.219 0.130 0.049 0.094 0.012 0.165 0.137 
 198   (0.012) 0.007 0.006 0.001 0.001 0.002 0.007 0.001 

Locus 20 : 20 
6 alleles
0.0% missing data
 250   (0.089) 0.059 0.030 0.040 0.119 0.462 0.074 0.060 
 254   (0.101) 0.057 0.046 0.077 0.087 0.218 0.107 0.075 
 244   (0.042) 0.030 0.017 0.007 0.036 0.057 0.029 0.004 
 246   (0.137) 0.094 0.177 0.244 0.014 0.141 0.121 0.291 
 252   (0.613) 0.751 0.726 0.630 0.743 0.116 0.637 0.569 
 248   (0.017) 0.009 0.005 0.001 0.001 0.005 0.033 0.002 

Locus 21 : 21 
10 alleles
0.0% missing data
 163   (0.044) 0.021 0.013 0.005 0.002 0.084 0.072 0.337 
 167   (0.260) 0.340 0.333 0.219 0.339 0.090 0.237 0.245 
 175   (0.126) 0.124 0.141 0.267 0.051 0.222 0.074 0.074 
 173   (0.271) 0.305 0.288 0.191 0.331 0.246 0.291 0.138 
 165   (0.057) 0.040 0.041 0.176 0.003 0.136 0.052 0.006 
 159   (0.012) 0.005 0.003 0.001 0.001 0.032 0.005 0.001 
 177   (0.197) 0.153 0.170 0.127 0.265 0.189 0.254 0.175 
 169   (0.011) 0.004 0.003 0.001 0.007 0.001 0.004 0.001 
 171   (0.012) 0.004 0.003 0.012 0.001 0.001 0.005 0.001 
 161   (0.011) 0.004 0.003 0.001 0.001 0.001 0.005 0.021 

Locus 22 : 22 
11 alleles
0.0% missing data
 150   (0.054) 0.026 0.048 0.023 0.011 0.129 0.037 0.046 
 158   (0.118) 0.131 0.112 0.059 0.056 0.317 0.094 0.054 
 152   (0.391) 0.383 0.487 0.465 0.558 0.152 0.458 0.419 
 162   (0.040) 0.030 0.040 0.008 0.002 0.158 0.021 0.074 
 142   (0.019) 0.007 0.032 0.001 0.001 0.033 0.007 0.002 
 164   (0.042) 0.028 0.022 0.048 0.003 0.011 0.065 0.004 
 148   (0.022) 0.008 0.006 0.001 0.001 0.103 0.033 0.002 
 156   (0.025) 0.024 0.009 0.001 0.001 0.024 0.011 0.187 
 146   (0.195) 0.282 0.182 0.290 0.252 0.035 0.180 0.202 
 166   (0.082) 0.077 0.058 0.103 0.041 0.036 0.088 0.009 
 154   (0.013) 0.005 0.004 0.001 0.074 0.001 0.005 0.001 

Locus 23 : 23 
6 alleles
0.3% missing data
 144   (0.203) 0.172 0.187 0.167 0.162 0.389 0.173 0.479 
 154   (0.494) 0.572 0.540 0.655 0.528 0.225 0.531 0.265 
 158   (0.023) 0.010 0.008 0.001 0.004 0.076 0.021 0.003 
 156   (0.141) 0.142 0.119 0.129 0.037 0.239 0.173 0.013 
 160   (0.122) 0.095 0.141 0.046 0.212 0.070 0.091 0.238 
 152   (0.017) 0.008 0.005 0.001 0.057 0.001 0.010 0.002 

Locus 24 : 24 
4 alleles
0.3% missing data
  83   (0.497) 0.459 0.510 0.603 0.496 0.594 0.443 0.926 
  85   (0.057) 0.043 0.024 0.062 0.018 0.079 0.046 0.005 
  81   (0.343) 0.417 0.361 0.281 0.308 0.320 0.381 0.039 
  77   (0.103) 0.080 0.104 0.054 0.177 0.008 0.131 0.029 

Locus 25 : 25 
6 alleles
0.3% missing data
 124   (0.522) 0.543 0.593 0.601 0.399 0.567 0.520 0.344 
 122   (0.123) 0.118 0.075 0.114 0.025 0.261 0.136 0.032 
 120   (0.018) 0.010 0.007 0.001 0.001 0.108 0.011 0.002 
 126   (0.041) 0.050 0.031 0.003 0.056 0.019 0.023 0.005 
 132   (0.281) 0.268 0.269 0.280 0.518 0.044 0.304 0.616 
 136   (0.015) 0.010 0.025 0.001 0.001 0.001 0.006 0.001 

Locus 26 : 26 
6 alleles
0.0% missing data
 165   (0.252) 0.254 0.335 0.344 0.173 0.174 0.222 0.067 
 183   (0.366) 0.312 0.285 0.313 0.539 0.319 0.398 0.681 
 179   (0.072) 0.118 0.059 0.005 0.079 0.290 0.047 0.007 
 181   (0.059) 0.079 0.054 0.025 0.003 0.133 0.037 0.005 
 185   (0.019) 0.012 0.008 0.001 0.001 0.065 0.010 0.002 
 175   (0.232) 0.224 0.259 0.312 0.206 0.018 0.287 0.238 

Locus 27 : 27 
4 alleles
0.0% missing data
 150   (0.143) 0.140 0.127 0.096 0.011 0.155 0.172 0.178 
 142   (0.556) 0.626 0.607 0.599 0.721 0.428 0.466 0.729 
 148   (0.236) 0.193 0.150 0.293 0.097 0.351 0.325 0.086 
 138   (0.065) 0.042 0.115 0.012 0.170 0.066 0.037 0.006 

Locus 28 : 28 
5 alleles
0.0% missing data
 260   (0.429) 0.412 0.519 0.333 0.294 0.267 0.543 0.254 
 262   (0.465) 0.522 0.394 0.607 0.683 0.607 0.379 0.573 
 256   (0.073) 0.043 0.042 0.059 0.021 0.124 0.052 0.169 
 264   (0.013) 0.005 0.030 0.001 0.001 0.001 0.005 0.001 
 258   (0.019) 0.019 0.014 0.001 0.001 0.001 0.021 0.002 

Locus 29 : 29 
5 alleles
0.0% missing data
 140   (0.155) 0.137 0.158 0.219 0.070 0.539 0.094 0.151 
 146   (0.249) 0.184 0.243 0.242 0.116 0.235 0.302 0.448 
 150   (0.478) 0.576 0.540 0.455 0.728 0.201 0.476 0.248 
 148   (0.093) 0.074 0.050 0.083 0.084 0.019 0.091 0.151 
 152   (0.024) 0.028 0.009 0.001 0.002 0.007 0.037 0.002 

Locus 30 : 30 
6 alleles
0.0% missing data
 125   (0.275) 0.300 0.162 0.307 0.348 0.106 0.328 0.253 
 127   (0.062) 0.051 0.029 0.135 0.003 0.427 0.053 0.006 
 131   (0.034) 0.021 0.044 0.002 0.002 0.163 0.028 0.003 
 129   (0.492) 0.475 0.672 0.442 0.539 0.250 0.479 0.645 
 123   (0.123) 0.148 0.089 0.113 0.108 0.053 0.086 0.092 
 121   (0.013) 0.005 0.004 0.001 0.001 0.001 0.027 0.001 

Locus 31 : 31 
5 alleles
0.0% missing data
 155   (0.558) 0.515 0.519 0.448 0.621 0.625 0.650 0.591 
 157   (0.215) 0.185 0.221 0.335 0.196 0.117 0.219 0.063 
 153   (0.064) 0.077 0.093 0.004 0.106 0.137 0.033 0.006 
 159   (0.134) 0.209 0.152 0.211 0.075 0.078 0.084 0.013 
 151   (0.028) 0.013 0.015 0.002 0.002 0.042 0.014 0.326 

Locus 32 : 32 
5 alleles
0.0% missing data
  92   (0.267) 0.270 0.197 0.169 0.219 0.390 0.261 0.439 
  95   (0.168) 0.132 0.195 0.013 0.089 0.265 0.232 0.441 
  91   (0.473) 0.532 0.555 0.626 0.599 0.301 0.442 0.111 
  94   (0.080) 0.060 0.050 0.191 0.093 0.038 0.058 0.008 
  90   (0.012) 0.005 0.003 0.001 0.001 0.006 0.008 0.001 

Locus 33 : 33 
4 alleles
0.0% missing data
 146   (0.297) 0.282 0.341 0.313 0.064 0.493 0.299 0.429 
 150   (0.556) 0.543 0.568 0.512 0.827 0.359 0.610 0.557 
 154   (0.061) 0.077 0.043 0.078 0.007 0.049 0.038 0.006 
 148   (0.085) 0.098 0.048 0.097 0.102 0.099 0.053 0.008 

Locus 34 : 34 
7 alleles
0.0% missing data
 180   (0.430) 0.442 0.387 0.427 0.629 0.428 0.406 0.736 
 198   (0.048) 0.042 0.022 0.003 0.015 0.249 0.029 0.077 
 190   (0.030) 0.011 0.008 0.025 0.001 0.035 0.031 0.003 
 184   (0.195) 0.189 0.130 0.276 0.197 0.147 0.223 0.050 
 192   (0.153) 0.161 0.264 0.164 0.008 0.124 0.153 0.121 
 196   (0.131) 0.151 0.186 0.103 0.122 0.016 0.151 0.012 
 194   (0.013) 0.005 0.003 0.001 0.027 0.001 0.005 0.001 

Locus 35 : 35 
7 alleles
0.0% missing data
 108   (0.122) 0.109 0.123 0.047 0.011 0.496 0.123 0.073 
 106   (0.311) 0.363 0.342 0.325 0.108 0.165 0.296 0.674 
 110   (0.228) 0.189 0.145 0.334 0.362 0.191 0.261 0.066 
 112   (0.277) 0.310 0.353 0.262 0.516 0.059 0.253 0.113 
  90   (0.034) 0.017 0.030 0.030 0.002 0.087 0.015 0.004 
  96   (0.012) 0.004 0.003 0.001 0.001 0.001 0.005 0.068 
  94   (0.017) 0.008 0.005 0.001 0.001 0.001 0.047 0.002 

Locus 36 : 36 
8 alleles
0.0% missing data
 186   (0.019) 0.018 0.005 0.001 0.001 0.075 0.007 0.002 
 168   (0.065) 0.142 0.053 0.004 0.003 0.356 0.057 0.006 
 170   (0.315) 0.268 0.223 0.508 0.123 0.381 0.320 0.580 
 172   (0.299) 0.271 0.438 0.118 0.502 0.128 0.257 0.383 
 174   (0.116) 0.159 0.112 0.073 0.018 0.045 0.123 0.011 
 178   (0.035) 0.044 0.072 0.002 0.004 0.003 0.028 0.003 
 166   (0.055) 0.041 0.049 0.038 0.255 0.005 0.031 0.005 
 176   (0.096) 0.057 0.048 0.254 0.092 0.007 0.176 0.010 

Locus 37 : 37 
6 alleles
0.0% missing data
  85   (0.211) 0.315 0.181 0.111 0.130 0.100 0.207 0.205 
  89   (0.534) 0.505 0.565 0.595 0.785 0.463 0.508 0.760 
  83   (0.117) 0.090 0.137 0.069 0.011 0.300 0.154 0.021 
  91   (0.014) 0.005 0.004 0.001 0.001 0.114 0.007 0.001 
  95   (0.077) 0.045 0.068 0.094 0.071 0.019 0.081 0.008 
  81   (0.046) 0.039 0.046 0.130 0.002 0.004 0.044 0.005 

Locus 38 : 38 
8 alleles
0.0% missing data
 161   (0.363) 0.366 0.335 0.353 0.493 0.438 0.352 0.403 
 165   (0.215) 0.247 0.153 0.200 0.212 0.170 0.256 0.060 
 173   (0.277) 0.251 0.328 0.437 0.131 0.283 0.246 0.521 
 169   (0.074) 0.078 0.090 0.005 0.137 0.009 0.115 0.010 
 175   (0.012) 0.004 0.031 0.001 0.001 0.001 0.005 0.001 
 167   (0.028) 0.041 0.054 0.002 0.006 0.002 0.014 0.003 
 159   (0.011) 0.005 0.004 0.001 0.006 0.001 0.005 0.001 
 168   (0.020) 0.008 0.005 0.001 0.014 0.096 0.008 0.002 

Locus 39 : 39 
7 alleles
0.0% missing data
  87   (0.129) 0.145 0.050 0.071 0.235 0.481 0.092 0.208 
  85   (0.209) 0.225 0.241 0.261 0.069 0.100 0.199 0.273 
  91   (0.167) 0.106 0.171 0.274 0.070 0.209 0.159 0.296 
  89   (0.377) 0.447 0.459 0.225 0.543 0.201 0.457 0.074 
  81   (0.085) 0.064 0.068 0.144 0.036 0.007 0.080 0.146 
  95   (0.012) 0.005 0.003 0.001 0.013 0.001 0.005 0.001 
  93   (0.022) 0.008 0.007 0.024 0.034 0.002 0.008 0.002 

Locus 40 : 40 
4 alleles
0.0% missing data
 161   (0.168) 0.147 0.167 0.043 0.092 0.420 0.176 0.098 
 167   (0.787) 0.831 0.819 0.954 0.895 0.550 0.763 0.898 
 165   (0.033) 0.018 0.011 0.002 0.007 0.029 0.056 0.003 
 155   (0.012) 0.005 0.004 0.001 0.006 0.001 0.005 0.001 

Locus 41 : 41 
7 alleles
0.3% missing data
 228   (0.404) 0.362 0.494 0.325 0.599 0.421 0.395 0.199 
 240   (0.115) 0.107 0.153 0.029 0.007 0.320 0.128 0.152 
 236   (0.081) 0.038 0.023 0.108 0.097 0.101 0.065 0.594 
 238   (0.328) 0.452 0.307 0.411 0.246 0.112 0.373 0.047 
 224   (0.042) 0.030 0.015 0.125 0.045 0.012 0.019 0.004 
 246   (0.012) 0.004 0.003 0.001 0.007 0.001 0.005 0.001 
 242   (0.018) 0.007 0.005 0.001 0.001 0.033 0.016 0.002 

Locus 42 : 42 
9 alleles
0.3% missing data
 130   (0.497) 0.482 0.508 0.453 0.469 0.462 0.612 0.396 
 134   (0.117) 0.208 0.129 0.132 0.008 0.304 0.090 0.013 
 118   (0.053) 0.045 0.050 0.012 0.004 0.089 0.029 0.262 
 128   (0.074) 0.057 0.144 0.059 0.176 0.005 0.051 0.015 
 114   (0.112) 0.113 0.078 0.154 0.102 0.129 0.097 0.012 
 132   (0.106) 0.076 0.079 0.179 0.206 0.008 0.100 0.299 
 122   (0.017) 0.011 0.006 0.001 0.034 0.001 0.011 0.002 
 120   (0.012) 0.005 0.003 0.006 0.001 0.001 0.005 0.001 
 119   (0.011) 0.005 0.003 0.005 0.001 0.001 0.006 0.001 

Locus 43 : 43 
8 alleles
0.0% missing data
  92   (0.129) 0.092 0.082 0.105 0.102 0.398 0.173 0.012 
  98   (0.144) 0.134 0.059 0.118 0.170 0.265 0.151 0.110 
  96   (0.058) 0.033 0.041 0.047 0.069 0.179 0.033 0.006 
 104   (0.349) 0.435 0.512 0.307 0.203 0.090 0.362 0.313 
 102   (0.276) 0.286 0.289 0.401 0.454 0.066 0.254 0.535 
 106   (0.011) 0.005 0.003 0.001 0.001 0.001 0.014 0.001 
  94   (0.014) 0.007 0.006 0.010 0.001 0.001 0.006 0.002 
 100   (0.018) 0.007 0.007 0.012 0.001 0.001 0.007 0.020 

Locus 44 : 44 
6 alleles
0.0% missing data
  97   (0.036) 0.033 0.020 0.006 0.002 0.120 0.018 0.022 
  99   (0.073) 0.071 0.027 0.060 0.009 0.275 0.098 0.007 
 101   (0.337) 0.347 0.449 0.413 0.340 0.167 0.329 0.166 
  95   (0.259) 0.254 0.256 0.214 0.444 0.316 0.208 0.408 
 103   (0.283) 0.292 0.245 0.307 0.199 0.120 0.342 0.396 
 105   (0.012) 0.004 0.003 0.001 0.007 0.001 0.005 0.001 

Locus 45 : 45 
8 alleles
0.0% missing data
 181   (0.573) 0.503 0.631 0.549 0.709 0.321 0.668 0.911 
 191   (0.271) 0.346 0.256 0.422 0.180 0.487 0.228 0.046 
 177   (0.063) 0.040 0.070 0.019 0.107 0.030 0.044 0.010 
 179   (0.025) 0.065 0.008 0.001 0.001 0.144 0.010 0.002 
 193   (0.019) 0.009 0.007 0.001 0.001 0.016 0.019 0.003 
 189   (0.021) 0.016 0.012 0.001 0.001 0.002 0.016 0.025 
 187   (0.012) 0.005 0.004 0.005 0.001 0.001 0.005 0.001 
 183   (0.015) 0.017 0.012 0.001 0.001 0.001 0.010 0.001 

Locus 46 : 46 
6 alleles
0.0% missing data
 211   (0.210) 0.256 0.165 0.290 0.260 0.334 0.155 0.162 
 205   (0.446) 0.475 0.551 0.449 0.401 0.347 0.507 0.291 
 207   (0.182) 0.127 0.206 0.094 0.147 0.112 0.232 0.431 
 201   (0.062) 0.048 0.034 0.046 0.098 0.161 0.037 0.006 
 202   (0.017) 0.017 0.006 0.001 0.001 0.022 0.007 0.002 
 215   (0.083) 0.075 0.039 0.120 0.094 0.024 0.062 0.109 

Locus 47 : 47 
10 alleles
0.0% missing data
 162   (0.056) 0.054 0.035 0.151 0.003 0.128 0.042 0.007 
 164   (0.037) 0.020 0.033 0.058 0.002 0.098 0.024 0.004 
 142   (0.280) 0.399 0.362 0.329 0.175 0.100 0.264 0.298 
 158   (0.187) 0.161 0.164 0.231 0.139 0.163 0.197 0.277 
 170   (0.028) 0.014 0.009 0.002 0.007 0.083 0.027 0.004 
 168   (0.151) 0.082 0.148 0.122 0.229 0.278 0.179 0.125 
 156   (0.031) 0.021 0.028 0.008 0.002 0.090 0.020 0.003 
 160   (0.011) 0.005 0.003 0.001 0.001 0.010 0.005 0.001 
 166   (0.178) 0.195 0.159 0.097 0.268 0.047 0.214 0.272 
 144   (0.041) 0.049 0.058 0.002 0.176 0.003 0.028 0.009 

Locus 48 : 48 
6 alleles
0.0% missing data
 149   (0.298) 0.269 0.422 0.122 0.087 0.687 0.319 0.224 
 145   (0.252) 0.232 0.229 0.347 0.272 0.172 0.196 0.656 
 151   (0.212) 0.222 0.149 0.363 0.167 0.103 0.249 0.030 
 143   (0.022) 0.009 0.009 0.001 0.001 0.019 0.029 0.002 
 153   (0.197) 0.259 0.185 0.164 0.460 0.016 0.191 0.086 
 147   (0.019) 0.008 0.005 0.001 0.013 0.002 0.015 0.002 

Values of parameters used in structure:
DATAFILE=temp1.str,	OUTFILE=k7/temp1_k7_run5,	NUMINDS=297,	NUMLOCI=48,	MISSING=-9,	LABEL=1,	POPDATA=1,	POPFLAG=0,	PHENOTYPE=0,	EXTRACOLS=0,	MAXPOPS=7,	BURNIN=500000,	NUMREPS=750000,	USEPOPINFO=0,	INFERALPHA=1,	INFERLAMBDA=0,	POPSPECIFICLAMBDA=0,	POPALPHAS=0,	COMPUTEPROB=1,	NOADMIX=0,	ADMBURNIN=500,	UPDATEFREQ=100,	PRINTLIKES=0,	INTERMEDSAVE=0,	PRINTKLD=0,	PRINTNET=1,	PRINTLAMBDA=1,	ANCESTDIST=0,	NUMBOXES=1000,	ANCESTPINT=0.90000,	GENSBACK=2,	MIGRPRIOR=0.01000,	PRINTQHAT=0,	PRINTQSUM=1,	ALPHA=1.0000,	FREQSCORR=1,	FPRIORMEAN=0.0100,	FPRIORSD=0.0500,	ONEFST=0,	LAMBDA=1.0000,	UNIFPRIORALPHA=1,	ALPHAMAX=10.0000,	ALPHAPRIORA=1.0000,	ALPHAPRIORB=2.0000,	ALPHAPROPSD=0.0250,	STARTATPOPINFO=0,	RANDOMIZE=0,	LINKAGE=0,	METROFREQ=10,	REPORTHITRATE=0,	MARKOVPHASE=0,	PHASED=1,	PLOIDY=2,	PHASEINFO=0	LOCPRIOR=0, 	LOCPRIORINIT=1.000000, 	LOCDATA=0, 	LOCISPOP=1, 	LOCPRIORSTEP=0.100000, 	MAXLOCPRIOR=20.000000, 	SEED=789715,	
[STRAT parameters]:    NUMSIMSTATS=1000,	PHENOTYPECOL=-9,	POOLFREQ=10,	LOCUSxONLY=0,	EMERROR=0.00100,	MISSINGPHENO=-9,	