

----------------------------------------------------
STRUCTURE by Pritchard, Stephens and Donnelly (2000)
     and Falush, Stephens and Pritchard (2003)
       Code by Pritchard, Falush and Hubisz
             Version 2.3.4 (Jul 2012)
----------------------------------------------------



Command line arguments:   structure -D 200950 -K 10 -m mainparams -o k10/temp1_k10_run1 
Input File:    temp1.str

Run parameters:
   297 individuals
   48 loci
   10 populations assumed
   500000 Burn-in period
   750000 Reps
RANDOMIZE turned off


--------------------------------------------
Proportion of membership of each pre-defined
 population in each of the 10 clusters

Given    Inferred Clusters                                                        Number of
 Pop       1      2      3      4      5      6      7      8      9     10      Individuals

  1:     0.005  0.014  0.005  0.945  0.008  0.005  0.006  0.005  0.003  0.004       30
  2:     0.019  0.003  0.020  0.004  0.009  0.019  0.014  0.021  0.867  0.023       39
  3:     0.015  0.003  0.008  0.002  0.005  0.009  0.010  0.009  0.928  0.010       33
  4:     0.864  0.004  0.018  0.015  0.007  0.021  0.017  0.016  0.009  0.029       79
  5:     0.005  0.003  0.015  0.004  0.902  0.016  0.014  0.017  0.010  0.013       19
  6:     0.003  0.950  0.005  0.009  0.010  0.005  0.006  0.006  0.003  0.004       10
  7:     0.030  0.026  0.169  0.016  0.012  0.218  0.191  0.180  0.012  0.148       10
  8:     0.053  0.010  0.181  0.022  0.028  0.192  0.186  0.210  0.044  0.073       23
  9:     0.071  0.007  0.269  0.009  0.017  0.188  0.077  0.235  0.016  0.113       11
 10:     0.011  0.006  0.080  0.014  0.006  0.172  0.063  0.073  0.096  0.479       13
 11:     0.048  0.024  0.161  0.083  0.010  0.164  0.237  0.163  0.043  0.066       25
 12:     0.010  0.002  0.155  0.004  0.020  0.225  0.086  0.153  0.056  0.288        5
--------------------------------------------

Allele-freq. divergence among pops (Net nucleotide distance),
computed using point estimates of P.

      1       2       3       4       5       6       7       8       9      10      
 1      -    0.1200  0.0200  0.0916  0.0720  0.0210  0.0173  0.0201  0.0455  0.0291  
 2   0.1200     -    0.1111  0.1171  0.1368  0.1130  0.0989  0.1112  0.1425  0.1312  
 3   0.0200  0.1111     -    0.0732  0.0608  0.0025  0.0030  0.0001  0.0310  0.0146  
 4   0.0916  0.1171  0.0732     -    0.1095  0.0720  0.0605  0.0726  0.1214  0.0925  
 5   0.0720  0.1368  0.0608  0.1095     -    0.0586  0.0511  0.0600  0.0767  0.0696  
 6   0.0210  0.1130  0.0025  0.0720  0.0586     -    0.0023  0.0023  0.0299  0.0123  
 7   0.0173  0.0989  0.0030  0.0605  0.0511  0.0023     -    0.0026  0.0293  0.0126  
 8   0.0201  0.1112  0.0001  0.0726  0.0600  0.0023  0.0026     -    0.0306  0.0146  
 9   0.0455  0.1425  0.0310  0.1214  0.0767  0.0299  0.0293  0.0306     -    0.0389  
10   0.0291  0.1312  0.0146  0.0925  0.0696  0.0123  0.0126  0.0146  0.0389     -    

Average distances (expected heterozygosity) between individuals in same cluster:
cluster  1  : 0.5959 
cluster  2  : 0.5400 
cluster  3  : 0.6334 
cluster  4  : 0.6390 
cluster  5  : 0.5500 
cluster  6  : 0.6312 
cluster  7  : 0.6598 
cluster  8  : 0.6339 
cluster  9  : 0.5563 
cluster 10  : 0.5974 

--------------------------------------------
Estimated Ln Prob of Data   = -33303.9
Mean value of ln likelihood = -32260.8
Variance of ln likelihood   = 2086.1
Mean value of alpha         = 0.0335

Mean value of Fst_1         = 0.1023
Mean value of Fst_2         = 0.3094
Mean value of Fst_3         = 0.0620
Mean value of Fst_4         = 0.1639
Mean value of Fst_5         = 0.2126
Mean value of Fst_6         = 0.0489
Mean value of Fst_7         = 0.0024
Mean value of Fst_8         = 0.0594
Mean value of Fst_9         = 0.1280
Mean value of Fst_10         = 0.0903


Inferred ancestry of individuals:
        Label (%Miss) Pop:  Inferred clusters
  1     1408    (0)    1 :  0.002 0.086 0.005 0.884 0.003 0.004 0.006 0.005 0.002 0.003 
  2     1409    (0)    1 :  0.003 0.007 0.003 0.965 0.005 0.003 0.004 0.003 0.002 0.003 
  3     1410    (0)    1 :  0.002 0.002 0.002 0.981 0.002 0.002 0.002 0.002 0.002 0.002 
  4     1411    (0)    1 :  0.003 0.001 0.004 0.972 0.003 0.004 0.003 0.003 0.003 0.003 
  5     1412    (0)    1 :  0.002 0.002 0.003 0.976 0.001 0.003 0.003 0.003 0.003 0.002 
  6     1413    (0)    1 :  0.002 0.002 0.003 0.975 0.002 0.003 0.003 0.004 0.002 0.004 
  7     1414    (0)    1 :  0.002 0.004 0.002 0.983 0.002 0.002 0.002 0.002 0.001 0.001 
  8     1415    (0)    1 :  0.002 0.001 0.003 0.978 0.002 0.003 0.003 0.003 0.002 0.003 
  9     1416    (0)    1 :  0.003 0.002 0.003 0.973 0.003 0.003 0.003 0.003 0.004 0.003 
 10     1417    (0)    1 :  0.002 0.001 0.002 0.982 0.002 0.003 0.002 0.002 0.001 0.002 
 11     1418    (0)    1 :  0.003 0.002 0.005 0.963 0.002 0.006 0.005 0.005 0.002 0.006 
 12     1419    (0)    1 :  0.004 0.002 0.002 0.977 0.003 0.002 0.003 0.002 0.002 0.002 
 13     1420    (0)    1 :  0.007 0.003 0.004 0.957 0.010 0.004 0.004 0.004 0.003 0.003 
 14     1421    (0)    1 :  0.023 0.003 0.008 0.925 0.005 0.007 0.012 0.008 0.003 0.006 
 15     1422    (0)    1 :  0.002 0.066 0.002 0.918 0.001 0.002 0.003 0.003 0.002 0.001 
 16     1423    (0)    1 :  0.002 0.098 0.003 0.880 0.004 0.003 0.003 0.003 0.002 0.002 
 17     1424    (0)    1 :  0.009 0.036 0.012 0.897 0.004 0.009 0.011 0.012 0.004 0.006 
 18     1425    (0)    1 :  0.013 0.004 0.004 0.939 0.016 0.005 0.007 0.004 0.004 0.004 
 19     1426    (0)    1 :  0.004 0.013 0.007 0.936 0.008 0.008 0.008 0.007 0.005 0.005 
 20     1427    (0)    1 :  0.010 0.003 0.015 0.913 0.004 0.012 0.020 0.013 0.005 0.005 
 21     1428    (0)    1 :  0.003 0.007 0.002 0.975 0.002 0.002 0.003 0.002 0.002 0.003 
 22     1429    (0)    1 :  0.002 0.003 0.004 0.970 0.003 0.004 0.004 0.004 0.005 0.002 
 23     1430    (0)    1 :  0.002 0.003 0.004 0.967 0.006 0.004 0.005 0.004 0.002 0.003 
 24     1431    (0)    1 :  0.010 0.003 0.012 0.885 0.018 0.012 0.018 0.014 0.011 0.017 
 25     1432    (0)    1 :  0.004 0.002 0.002 0.978 0.002 0.002 0.003 0.002 0.002 0.002 
 26     1433    (0)    1 :  0.006 0.053 0.003 0.908 0.010 0.004 0.005 0.003 0.003 0.003 
 27     1434    (0)    1 :  0.002 0.003 0.009 0.898 0.045 0.007 0.007 0.009 0.007 0.013 
 28     1435    (0)    1 :  0.003 0.002 0.008 0.936 0.018 0.008 0.009 0.007 0.004 0.005 
 29     1436    (0)    1 :  0.007 0.003 0.011 0.886 0.044 0.009 0.012 0.012 0.009 0.007 
 30     1437    (0)    1 :  0.003 0.002 0.002 0.980 0.003 0.002 0.002 0.002 0.002 0.002 
 31     2398    (0)   10 :  0.010 0.001 0.008 0.002 0.007 0.013 0.011 0.010 0.006 0.932 
 32     2399    (0)   10 :  0.003 0.002 0.226 0.018 0.003 0.409 0.101 0.185 0.013 0.038 
 33     2400    (0)   10 :  0.005 0.001 0.020 0.007 0.004 0.028 0.024 0.026 0.036 0.850 
 34     2401    (0)   10 :  0.027 0.002 0.094 0.002 0.006 0.309 0.076 0.067 0.023 0.394 
 35     2402    (0)   10 :  0.017 0.002 0.081 0.127 0.012 0.239 0.085 0.063 0.356 0.019 
 36     2403    (0)   10 :  0.006 0.007 0.004 0.002 0.003 0.004 0.004 0.004 0.003 0.963 
 37     2404    (0)   10 :  0.010 0.002 0.007 0.001 0.004 0.010 0.009 0.007 0.012 0.938 
 38     2405    (0)   10 :  0.013 0.002 0.208 0.005 0.009 0.270 0.100 0.254 0.004 0.135 
 39     2406    (0)   10 :  0.008 0.002 0.124 0.002 0.006 0.391 0.144 0.086 0.164 0.073 
 40     2407    (0)   10 :  0.023 0.002 0.091 0.003 0.016 0.119 0.126 0.108 0.476 0.037 
 41     2408    (0)   10 :  0.010 0.052 0.151 0.004 0.004 0.422 0.123 0.121 0.088 0.025 
 42     2409    (0)   10 :  0.008 0.001 0.009 0.002 0.006 0.008 0.010 0.009 0.041 0.904 
 43     2410    (0)   10 :  0.007 0.001 0.011 0.002 0.004 0.012 0.006 0.009 0.025 0.922 
 44      934    (0)   11 :  0.009 0.003 0.269 0.006 0.022 0.088 0.325 0.235 0.021 0.021 
 45     2434    (0)   11 :  0.023 0.003 0.156 0.075 0.006 0.152 0.270 0.183 0.010 0.123 
 46     2435    (0)   11 :  0.008 0.118 0.041 0.033 0.010 0.044 0.693 0.043 0.005 0.004 
 47     2436    (0)   11 :  0.139 0.290 0.083 0.048 0.008 0.261 0.086 0.060 0.003 0.022 
 48     2437    (0)   11 :  0.066 0.003 0.029 0.236 0.007 0.056 0.555 0.026 0.004 0.018 
 49     2438    (0)   11 :  0.004 0.001 0.279 0.011 0.007 0.235 0.032 0.416 0.004 0.010 
 50     2439    (0)   11 :  0.015 0.003 0.209 0.006 0.003 0.496 0.046 0.187 0.011 0.024 
 51     2440    (0)   11 :  0.406 0.019 0.039 0.090 0.007 0.048 0.164 0.037 0.007 0.183 
 52     2441    (0)   11 :  0.015 0.033 0.116 0.057 0.030 0.197 0.421 0.110 0.012 0.008 
 53     2442    (0)   11 :  0.012 0.004 0.132 0.231 0.007 0.118 0.321 0.149 0.007 0.019 
 54     2443    (0)   11 :  0.165 0.003 0.145 0.014 0.011 0.116 0.352 0.149 0.008 0.037 
 55     2444    (0)   11 :  0.028 0.003 0.147 0.124 0.004 0.110 0.183 0.117 0.030 0.254 
 56     2446    (0)   11 :  0.012 0.005 0.378 0.013 0.007 0.132 0.066 0.338 0.026 0.024 
 57     2447    (0)   11 :  0.005 0.004 0.218 0.018 0.002 0.240 0.202 0.280 0.017 0.014 
 58     2448    (0)   11 :  0.007 0.002 0.159 0.003 0.005 0.272 0.040 0.188 0.267 0.056 
 59     2449    (0)   11 :  0.019 0.007 0.067 0.316 0.010 0.208 0.093 0.058 0.004 0.218 
 60     2450    (0)   11 :  0.006 0.004 0.061 0.285 0.010 0.172 0.141 0.052 0.003 0.266 
 61     2451    (0)   11 :  0.018 0.006 0.047 0.276 0.009 0.061 0.377 0.041 0.004 0.161 
 62     2452    (0)   11 :  0.027 0.004 0.252 0.004 0.017 0.328 0.065 0.220 0.023 0.060 
 63     2453    (0)   11 :  0.004 0.005 0.130 0.005 0.021 0.090 0.586 0.140 0.012 0.007 
 64     2454    (0)   11 :  0.033 0.006 0.118 0.005 0.011 0.097 0.056 0.103 0.560 0.012 
 65     2455    (0)   11 :  0.121 0.008 0.196 0.018 0.003 0.210 0.206 0.137 0.007 0.095 
 66     2456    (0)   11 :  0.033 0.016 0.106 0.006 0.016 0.142 0.507 0.142 0.021 0.011 
 67     2457    (0)   11 :  0.006 0.019 0.454 0.022 0.004 0.066 0.021 0.392 0.009 0.007 
 68     2458    (0)   11 :  0.008 0.043 0.194 0.186 0.005 0.163 0.112 0.275 0.009 0.005 
 69     1074    (0)   12 :  0.014 0.002 0.133 0.005 0.044 0.308 0.048 0.083 0.065 0.298 
 70     1075    (0)   12 :  0.003 0.002 0.276 0.003 0.008 0.337 0.049 0.299 0.016 0.007 
 71     1076    (0)   12 :  0.003 0.001 0.007 0.005 0.005 0.010 0.011 0.007 0.003 0.949 
 72     1077    (0)   12 :  0.023 0.001 0.165 0.005 0.029 0.228 0.188 0.157 0.153 0.050 
 73     1078    (0)   12 :  0.009 0.006 0.194 0.004 0.011 0.240 0.136 0.217 0.045 0.138 
 74     2229    (0)    2 :  0.004 0.010 0.005 0.003 0.006 0.005 0.007 0.005 0.950 0.006 
 75     2230    (0)    2 :  0.013 0.001 0.010 0.001 0.003 0.011 0.006 0.012 0.935 0.007 
 76     2235    (0)    2 :  0.009 0.007 0.033 0.016 0.012 0.029 0.045 0.036 0.807 0.006 
 77     2236    (0)    2 :  0.009 0.004 0.060 0.003 0.040 0.059 0.050 0.061 0.632 0.083 
 78     2237    (0)    2 :  0.015 0.002 0.018 0.009 0.012 0.019 0.017 0.016 0.723 0.169 
 79     2238    (0)    2 :  0.004 0.002 0.005 0.001 0.029 0.004 0.004 0.005 0.939 0.007 
 80     2239    (0)    2 :  0.007 0.001 0.012 0.001 0.004 0.019 0.006 0.013 0.932 0.005 
 81     2240    (0)    2 :  0.008 0.006 0.018 0.005 0.007 0.011 0.011 0.017 0.912 0.005 
 82     2241    (0)    2 :  0.008 0.017 0.021 0.022 0.005 0.017 0.038 0.021 0.846 0.007 
 83     2242    (0)    2 :  0.017 0.003 0.040 0.002 0.006 0.035 0.018 0.044 0.819 0.016 
 84     2243    (0)    2 :  0.039 0.002 0.011 0.002 0.007 0.011 0.009 0.011 0.868 0.040 
 85     2244    (0)    2 :  0.024 0.002 0.013 0.002 0.002 0.013 0.007 0.012 0.917 0.009 
 86     2245    (0)    2 :  0.027 0.003 0.005 0.004 0.004 0.005 0.004 0.005 0.939 0.004 
 87     2246    (0)    2 :  0.022 0.002 0.009 0.002 0.008 0.008 0.008 0.009 0.922 0.009 
 88     2247    (0)    2 :  0.010 0.001 0.013 0.003 0.006 0.019 0.010 0.012 0.914 0.011 
 89     2248    (0)    2 :  0.005 0.005 0.005 0.002 0.007 0.004 0.005 0.005 0.958 0.004 
 90     2249    (0)    2 :  0.022 0.002 0.037 0.007 0.006 0.042 0.040 0.040 0.798 0.008 
 91     2250    (0)    2 :  0.002 0.001 0.002 0.001 0.002 0.002 0.002 0.003 0.981 0.003 
 92     2251    (0)    2 :  0.010 0.005 0.015 0.007 0.083 0.013 0.013 0.014 0.831 0.010 
 93     2252    (0)    2 :  0.006 0.002 0.005 0.003 0.003 0.005 0.005 0.006 0.960 0.004 
 94     2253    (0)    2 :  0.017 0.001 0.069 0.002 0.003 0.071 0.037 0.086 0.697 0.018 
 95     2254    (0)    2 :  0.021 0.003 0.017 0.002 0.002 0.021 0.013 0.015 0.898 0.007 
 96     2255    (0)    2 :  0.017 0.003 0.009 0.002 0.003 0.008 0.016 0.009 0.924 0.008 
 97     2256    (0)    2 :  0.020 0.002 0.135 0.001 0.003 0.109 0.025 0.150 0.285 0.270 
 98     2257    (0)    2 :  0.013 0.002 0.012 0.013 0.035 0.009 0.012 0.011 0.887 0.006 
 99     2258    (0)    2 :  0.171 0.003 0.044 0.003 0.003 0.047 0.024 0.052 0.643 0.011 
100     2259    (0)    2 :  0.003 0.002 0.004 0.001 0.003 0.004 0.003 0.004 0.970 0.007 
101     2260    (0)    2 :  0.014 0.002 0.017 0.003 0.004 0.016 0.037 0.018 0.868 0.021 
102     2261    (0)    2 :  0.003 0.003 0.004 0.003 0.003 0.004 0.003 0.003 0.972 0.003 
103     2262    (0)    2 :  0.004 0.002 0.006 0.002 0.016 0.006 0.005 0.006 0.948 0.008 
104     2263    (0)    2 :  0.010 0.008 0.004 0.005 0.004 0.004 0.006 0.004 0.950 0.005 
105     2264    (0)    2 :  0.003 0.002 0.010 0.002 0.002 0.010 0.009 0.013 0.944 0.005 
106     2265    (0)    2 :  0.007 0.001 0.020 0.006 0.005 0.031 0.012 0.022 0.827 0.070 
107     2266    (0)    2 :  0.005 0.002 0.012 0.002 0.009 0.009 0.007 0.012 0.928 0.014 
108     2267    (0)    2 :  0.010 0.002 0.005 0.001 0.003 0.004 0.004 0.005 0.961 0.005 
109     2268    (0)    2 :  0.003 0.003 0.014 0.006 0.006 0.021 0.011 0.012 0.914 0.009 
110     2269    (0)    2 :  0.002 0.001 0.004 0.004 0.003 0.004 0.004 0.003 0.971 0.003 
111     2270    (0)    2 :  0.008 0.001 0.006 0.005 0.006 0.006 0.006 0.007 0.950 0.005 
112     2271    (0)    2 :  0.143 0.003 0.033 0.008 0.005 0.033 0.026 0.040 0.702 0.009 
113      382    (0)    3 :  0.014 0.002 0.008 0.005 0.003 0.010 0.009 0.008 0.934 0.008 
114      383    (0)    3 :  0.129 0.011 0.020 0.002 0.002 0.023 0.019 0.023 0.754 0.016 
115      647    (0)    3 :  0.012 0.002 0.005 0.003 0.003 0.005 0.004 0.005 0.951 0.011 
116      648    (0)    3 :  0.008 0.002 0.005 0.003 0.002 0.005 0.005 0.005 0.954 0.010 
117      649    (0)    3 :  0.003 0.002 0.005 0.002 0.002 0.006 0.005 0.005 0.965 0.004 
118      650    (0)    3 :  0.005 0.002 0.005 0.003 0.002 0.006 0.005 0.005 0.961 0.005 
119      651    (0)    3 :  0.003 0.001 0.003 0.002 0.002 0.003 0.005 0.003 0.974 0.003 
120      652    (0)    3 :  0.029 0.001 0.005 0.001 0.003 0.004 0.004 0.004 0.942 0.007 
121      653    (0)    3 :  0.004 0.001 0.006 0.001 0.002 0.006 0.015 0.005 0.954 0.006 
122      654    (0)    3 :  0.004 0.007 0.004 0.001 0.003 0.004 0.004 0.004 0.965 0.004 
123      658    (0)    3 :  0.002 0.001 0.005 0.002 0.002 0.005 0.008 0.005 0.965 0.005 
124      659    (0)    3 :  0.004 0.001 0.003 0.002 0.002 0.003 0.003 0.003 0.976 0.003 
125      660    (0)    3 :  0.003 0.001 0.008 0.001 0.005 0.007 0.008 0.007 0.953 0.008 
126      661    (0)    3 :  0.003 0.001 0.005 0.001 0.004 0.006 0.018 0.005 0.951 0.006 
127      662    (0)    3 :  0.004 0.024 0.005 0.003 0.009 0.005 0.005 0.005 0.937 0.003 
128      663    (0)    3 :  0.003 0.002 0.003 0.002 0.001 0.003 0.003 0.002 0.978 0.003 
129      664    (0)    3 :  0.013 0.001 0.011 0.004 0.006 0.011 0.019 0.010 0.907 0.019 
130      665    (0)    3 :  0.019 0.002 0.017 0.007 0.003 0.010 0.012 0.016 0.906 0.009 
131      671    (0)    3 :  0.006 0.001 0.005 0.001 0.002 0.003 0.003 0.004 0.969 0.005 
132      672    (0)    3 :  0.004 0.002 0.004 0.002 0.002 0.005 0.008 0.004 0.962 0.006 
133      673    (0)    3 :  0.002 0.002 0.003 0.002 0.002 0.004 0.003 0.003 0.976 0.003 
134      674    (0)    3 :  0.047 0.005 0.018 0.003 0.023 0.019 0.026 0.019 0.833 0.007 
135      675    (0)    3 :  0.008 0.007 0.008 0.002 0.024 0.007 0.009 0.007 0.923 0.005 
136      676    (0)    3 :  0.006 0.002 0.005 0.002 0.003 0.005 0.004 0.005 0.962 0.006 
137      677    (0)    3 :  0.005 0.002 0.004 0.001 0.002 0.003 0.003 0.004 0.974 0.002 
138      678    (0)    3 :  0.002 0.002 0.003 0.002 0.003 0.004 0.003 0.003 0.973 0.005 
139      679    (0)    3 :  0.002 0.005 0.005 0.002 0.002 0.004 0.006 0.004 0.965 0.004 
140      680    (0)    3 :  0.003 0.003 0.003 0.001 0.002 0.004 0.003 0.003 0.973 0.005 
141      681    (0)    3 :  0.004 0.005 0.004 0.002 0.003 0.004 0.004 0.004 0.965 0.005 
142      682    (0)    3 :  0.004 0.001 0.003 0.001 0.002 0.003 0.003 0.003 0.976 0.004 
143      683    (0)    3 :  0.013 0.003 0.012 0.003 0.007 0.018 0.037 0.012 0.860 0.035 
144      755    (0)    3 :  0.114 0.001 0.075 0.003 0.015 0.087 0.075 0.106 0.421 0.102 
145     2286    (0)    3 :  0.004 0.002 0.003 0.001 0.006 0.003 0.003 0.003 0.970 0.005 
146      690    (0)    4 :  0.309 0.001 0.047 0.003 0.007 0.066 0.024 0.039 0.013 0.491 
147      691    (0)    4 :  0.871 0.004 0.011 0.028 0.003 0.015 0.037 0.010 0.003 0.018 
148      692    (0)    4 :  0.939 0.010 0.005 0.002 0.011 0.006 0.006 0.005 0.012 0.005 
149      693    (0)    4 :  0.963 0.001 0.007 0.001 0.002 0.005 0.008 0.006 0.003 0.004 
150      694    (0)    4 :  0.546 0.001 0.013 0.002 0.001 0.020 0.011 0.011 0.008 0.388 
151      695    (0)    4 :  0.898 0.003 0.019 0.004 0.013 0.015 0.017 0.018 0.004 0.010 
152      696    (0)    4 :  0.823 0.002 0.013 0.006 0.056 0.016 0.027 0.014 0.019 0.025 
153      697    (0)    4 :  0.930 0.001 0.008 0.001 0.004 0.008 0.006 0.008 0.012 0.021 
154      698    (0)    4 :  0.957 0.002 0.006 0.002 0.002 0.007 0.006 0.006 0.004 0.008 
155      699    (0)    4 :  0.943 0.005 0.007 0.001 0.010 0.004 0.005 0.007 0.013 0.005 
156      700    (0)    4 :  0.301 0.001 0.151 0.002 0.098 0.079 0.083 0.132 0.023 0.130 
157      701    (0)    4 :  0.834 0.014 0.024 0.007 0.006 0.046 0.028 0.024 0.005 0.013 
158      703    (0)    4 :  0.887 0.004 0.010 0.039 0.007 0.019 0.015 0.008 0.003 0.009 
159      704    (0)    4 :  0.884 0.003 0.016 0.003 0.012 0.020 0.015 0.018 0.008 0.020 
160      705    (0)    4 :  0.832 0.002 0.028 0.008 0.012 0.024 0.038 0.036 0.008 0.011 
161      706    (0)    4 :  0.925 0.004 0.011 0.003 0.004 0.011 0.014 0.010 0.008 0.008 
162      707    (0)    4 :  0.958 0.002 0.004 0.002 0.004 0.005 0.004 0.005 0.014 0.003 
163      708    (0)    4 :  0.923 0.006 0.006 0.003 0.010 0.006 0.007 0.006 0.026 0.007 
164      709    (0)    4 :  0.868 0.002 0.018 0.001 0.007 0.028 0.017 0.017 0.008 0.033 
165      710    (0)    4 :  0.890 0.026 0.011 0.003 0.004 0.013 0.024 0.011 0.004 0.013 
166      711    (0)    4 :  0.844 0.002 0.021 0.008 0.003 0.030 0.045 0.020 0.010 0.017 
167     2287    (0)    4 :  0.911 0.002 0.013 0.004 0.006 0.015 0.014 0.012 0.010 0.012 
168     2288    (0)    4 :  0.900 0.017 0.013 0.011 0.006 0.011 0.012 0.014 0.006 0.009 
169     2289    (0)    4 :  0.943 0.005 0.011 0.004 0.006 0.007 0.006 0.010 0.003 0.007 
170     2290    (0)    4 :  0.917 0.002 0.009 0.002 0.010 0.014 0.009 0.009 0.008 0.021 
171     2291    (0)    4 :  0.937 0.002 0.012 0.003 0.002 0.013 0.007 0.012 0.008 0.004 
172     2292    (0)    4 :  0.974 0.001 0.003 0.001 0.003 0.003 0.003 0.003 0.006 0.002 
173     2293    (0)    4 :  0.746 0.004 0.095 0.004 0.005 0.025 0.020 0.080 0.005 0.016 
174     2294    (0)    4 :  0.726 0.004 0.024 0.109 0.007 0.027 0.056 0.023 0.003 0.021 
175     2295    (0)    4 :  0.632 0.002 0.049 0.002 0.012 0.106 0.032 0.043 0.060 0.062 
176     2296    (0)    4 :  0.970 0.002 0.004 0.003 0.003 0.004 0.004 0.004 0.003 0.005 
177     2297    (0)    4 :  0.892 0.002 0.022 0.003 0.002 0.021 0.010 0.024 0.007 0.018 
178     2298    (0)    4 :  0.947 0.003 0.008 0.008 0.003 0.007 0.007 0.009 0.003 0.004 
179     2299    (0)    4 :  0.933 0.002 0.009 0.003 0.012 0.013 0.008 0.009 0.004 0.007 
180     2300    (0)    4 :  0.961 0.006 0.005 0.002 0.003 0.005 0.005 0.005 0.003 0.005 
181     2301    (0)    4 :  0.968 0.001 0.004 0.001 0.002 0.003 0.003 0.004 0.010 0.004 
182     2302    (0)    4 :  0.970 0.002 0.004 0.002 0.003 0.004 0.003 0.003 0.004 0.005 
183     2303    (0)    4 :  0.915 0.001 0.012 0.016 0.002 0.014 0.012 0.011 0.003 0.014 
184     2304    (0)    4 :  0.891 0.004 0.009 0.006 0.003 0.008 0.013 0.009 0.031 0.027 
185     2305    (0)    4 :  0.930 0.001 0.007 0.002 0.024 0.008 0.007 0.007 0.008 0.006 
186     2306    (0)    4 :  0.899 0.003 0.013 0.008 0.004 0.018 0.018 0.014 0.014 0.009 
187     2307    (0)    4 :  0.880 0.003 0.018 0.004 0.013 0.015 0.018 0.016 0.022 0.011 
188     2308    (0)    4 :  0.006 0.006 0.038 0.715 0.002 0.033 0.144 0.044 0.002 0.008 
189     2309    (0)    4 :  0.942 0.003 0.007 0.001 0.003 0.010 0.006 0.007 0.007 0.013 
190     2310    (0)    4 :  0.929 0.001 0.007 0.001 0.003 0.006 0.007 0.007 0.014 0.026 
191     2311    (0)    4 :  0.970 0.002 0.004 0.001 0.004 0.004 0.004 0.004 0.004 0.002 
192     2312    (0)    4 :  0.972 0.002 0.004 0.002 0.002 0.003 0.003 0.003 0.005 0.005 
193     2313    (0)    4 :  0.926 0.002 0.009 0.002 0.005 0.012 0.010 0.009 0.011 0.015 
194     2314    (0)    4 :  0.627 0.001 0.012 0.003 0.003 0.013 0.008 0.012 0.010 0.310 
195     2315    (0)    4 :  0.946 0.002 0.005 0.005 0.008 0.007 0.008 0.006 0.005 0.008 
196     2316    (0)    4 :  0.874 0.003 0.017 0.013 0.009 0.020 0.022 0.018 0.008 0.017 
197     2317    (0)    4 :  0.959 0.003 0.006 0.002 0.004 0.006 0.005 0.006 0.004 0.004 
198     2318    (0)    4 :  0.946 0.002 0.008 0.003 0.008 0.007 0.007 0.007 0.004 0.008 
199     2319    (0)    4 :  0.949 0.003 0.004 0.023 0.002 0.004 0.004 0.004 0.003 0.003 
200     2320    (0)    4 :  0.953 0.004 0.004 0.003 0.019 0.003 0.004 0.004 0.003 0.003 
201     2321    (0)    4 :  0.850 0.005 0.015 0.006 0.012 0.019 0.016 0.014 0.016 0.048 
202     2322    (0)    4 :  0.763 0.006 0.042 0.005 0.010 0.061 0.043 0.038 0.007 0.026 
203     2323    (0)    4 :  0.925 0.011 0.008 0.006 0.007 0.007 0.014 0.008 0.003 0.012 
204     2324    (0)    4 :  0.958 0.003 0.006 0.003 0.003 0.005 0.005 0.006 0.003 0.009 
205     2325    (0)    4 :  0.963 0.003 0.005 0.002 0.002 0.004 0.004 0.005 0.006 0.005 
206     2326    (0)    4 :  0.171 0.001 0.147 0.003 0.005 0.463 0.074 0.108 0.008 0.020 
207     2327    (0)    4 :  0.864 0.002 0.017 0.008 0.011 0.017 0.029 0.017 0.024 0.011 
208     2328    (0)    4 :  0.661 0.002 0.046 0.004 0.008 0.072 0.099 0.055 0.008 0.045 
209     2329    (0)    4 :  0.952 0.001 0.006 0.001 0.004 0.007 0.005 0.006 0.011 0.006 
210     2330    (0)    4 :  0.954 0.001 0.005 0.003 0.003 0.007 0.006 0.005 0.008 0.008 
211     2331    (0)    4 :  0.930 0.013 0.012 0.002 0.004 0.008 0.008 0.012 0.007 0.005 
212     2332    (0)    4 :  0.923 0.001 0.011 0.002 0.001 0.008 0.007 0.010 0.016 0.019 
213     2333    (0)    4 :  0.797 0.008 0.038 0.008 0.005 0.020 0.014 0.034 0.003 0.073 
214     2334    (0)    4 :  0.965 0.002 0.005 0.002 0.003 0.005 0.005 0.006 0.003 0.005 
215     2335    (0)    4 :  0.970 0.003 0.003 0.003 0.006 0.004 0.003 0.003 0.003 0.003 
216     2336    (0)    4 :  0.973 0.001 0.003 0.001 0.003 0.003 0.003 0.004 0.005 0.003 
217     2337    (0)    4 :  0.975 0.003 0.003 0.002 0.002 0.003 0.003 0.003 0.004 0.003 
218     2338    (0)    4 :  0.966 0.002 0.004 0.002 0.007 0.003 0.004 0.004 0.005 0.005 
219     2339    (0)    4 :  0.838 0.003 0.056 0.004 0.002 0.022 0.015 0.044 0.004 0.011 
220     2340    (0)    4 :  0.969 0.001 0.004 0.002 0.003 0.005 0.004 0.004 0.005 0.004 
221     2341    (0)    4 :  0.937 0.005 0.006 0.002 0.005 0.008 0.008 0.005 0.015 0.008 
222     2342    (2)    4 :  0.898 0.003 0.016 0.004 0.004 0.014 0.014 0.015 0.006 0.026 
223     2343    (0)    4 :  0.915 0.005 0.018 0.006 0.002 0.008 0.010 0.016 0.010 0.010 
224     2344    (0)    4 :  0.949 0.003 0.006 0.004 0.002 0.005 0.006 0.006 0.005 0.014 
225      195    (0)    5 :  0.004 0.001 0.007 0.004 0.947 0.008 0.006 0.006 0.013 0.004 
226      364    (0)    5 :  0.002 0.001 0.002 0.002 0.982 0.002 0.002 0.002 0.003 0.002 
227      756    (0)    5 :  0.005 0.004 0.009 0.008 0.934 0.010 0.009 0.010 0.004 0.007 
228      757    (0)    5 :  0.016 0.002 0.033 0.003 0.688 0.045 0.037 0.033 0.088 0.055 
229      758    (0)    5 :  0.004 0.002 0.006 0.005 0.950 0.007 0.006 0.006 0.007 0.006 
230      759    (0)    5 :  0.008 0.003 0.024 0.003 0.845 0.024 0.019 0.022 0.020 0.031 
231      760    (0)    5 :  0.003 0.002 0.054 0.014 0.710 0.074 0.061 0.057 0.003 0.023 
232      766    (0)    5 :  0.005 0.002 0.002 0.002 0.973 0.003 0.002 0.003 0.003 0.004 
233      767    (0)    5 :  0.007 0.005 0.006 0.006 0.946 0.005 0.007 0.007 0.005 0.005 
234      768    (0)    5 :  0.009 0.003 0.009 0.010 0.880 0.009 0.035 0.010 0.007 0.026 
235      769    (0)    5 :  0.004 0.015 0.017 0.003 0.856 0.019 0.015 0.016 0.004 0.051 
236      770    (0)    5 :  0.010 0.003 0.007 0.003 0.942 0.006 0.009 0.007 0.008 0.007 
237      771    (0)    5 :  0.002 0.002 0.002 0.003 0.979 0.003 0.002 0.002 0.002 0.002 
238      772    (0)    5 :  0.005 0.002 0.103 0.008 0.596 0.082 0.041 0.135 0.016 0.013 
239      773    (0)    5 :  0.002 0.001 0.002 0.001 0.984 0.002 0.002 0.002 0.002 0.002 
240      774    (0)    5 :  0.002 0.001 0.002 0.001 0.985 0.002 0.002 0.002 0.002 0.002 
241      775    (0)    5 :  0.002 0.001 0.002 0.001 0.984 0.002 0.002 0.002 0.002 0.002 
242      776    (0)    5 :  0.002 0.001 0.002 0.001 0.981 0.003 0.002 0.002 0.002 0.003 
243      777    (0)    5 :  0.005 0.002 0.003 0.003 0.968 0.003 0.003 0.003 0.008 0.003 
244      857    (0)    6 :  0.003 0.937 0.004 0.033 0.004 0.004 0.005 0.004 0.002 0.004 
245      858    (0)    6 :  0.002 0.985 0.001 0.001 0.004 0.001 0.002 0.001 0.001 0.001 
246      859    (0)    6 :  0.002 0.983 0.002 0.002 0.002 0.002 0.002 0.002 0.001 0.002 
247      860    (0)    6 :  0.003 0.935 0.005 0.003 0.028 0.006 0.005 0.004 0.002 0.008 
248      861    (0)    6 :  0.002 0.986 0.002 0.001 0.002 0.002 0.002 0.002 0.001 0.001 
249      862    (0)    6 :  0.004 0.903 0.006 0.031 0.015 0.008 0.009 0.006 0.012 0.007 
250      863    (0)    6 :  0.002 0.978 0.002 0.006 0.002 0.002 0.002 0.002 0.002 0.002 
251      864    (0)    6 :  0.002 0.985 0.002 0.001 0.001 0.002 0.002 0.002 0.002 0.001 
252      865    (0)    6 :  0.005 0.903 0.022 0.003 0.002 0.014 0.019 0.025 0.003 0.004 
253      866    (0)    6 :  0.008 0.901 0.007 0.004 0.043 0.008 0.008 0.007 0.005 0.008 
254     2355    (0)    7 :  0.112 0.004 0.158 0.015 0.031 0.123 0.356 0.154 0.006 0.042 
255     2356    (0)    7 :  0.015 0.003 0.072 0.011 0.040 0.151 0.612 0.070 0.003 0.024 
256     2357    (0)    7 :  0.061 0.001 0.081 0.001 0.005 0.083 0.026 0.072 0.035 0.634 
257     2358    (0)    7 :  0.005 0.008 0.288 0.010 0.007 0.213 0.066 0.389 0.004 0.010 
258     2359    (0)    7 :  0.054 0.002 0.220 0.003 0.003 0.355 0.044 0.278 0.009 0.033 
259     2360    (0)    7 :  0.006 0.005 0.138 0.055 0.006 0.372 0.092 0.086 0.005 0.234 
260     2361    (2)    7 :  0.007 0.001 0.285 0.003 0.016 0.217 0.077 0.376 0.009 0.009 
261     2362    (0)    7 :  0.005 0.002 0.107 0.014 0.003 0.202 0.095 0.109 0.008 0.455 
262     2363    (0)    7 :  0.008 0.224 0.234 0.031 0.006 0.170 0.103 0.199 0.008 0.019 
263     2364    (0)    7 :  0.022 0.007 0.111 0.013 0.003 0.298 0.436 0.063 0.027 0.020 
264     2369    (0)    8 :  0.028 0.001 0.213 0.005 0.011 0.241 0.039 0.268 0.160 0.033 
265     2370    (0)    8 :  0.005 0.001 0.154 0.002 0.003 0.249 0.022 0.213 0.012 0.339 
266     2372    (0)    8 :  0.221 0.004 0.096 0.006 0.003 0.133 0.233 0.107 0.008 0.190 
267     2373    (0)    8 :  0.008 0.008 0.039 0.191 0.416 0.039 0.210 0.042 0.019 0.028 
268     2374    (0)    8 :  0.003 0.003 0.493 0.001 0.002 0.063 0.003 0.423 0.004 0.005 
269     2375    (0)    8 :  0.014 0.004 0.117 0.004 0.011 0.265 0.447 0.065 0.007 0.067 
270     2376    (0)    8 :  0.432 0.023 0.058 0.006 0.004 0.114 0.180 0.065 0.025 0.094 
271     2377    (0)    8 :  0.008 0.002 0.138 0.008 0.005 0.387 0.178 0.129 0.133 0.012 
272     2378    (0)    8 :  0.008 0.001 0.305 0.001 0.004 0.255 0.017 0.388 0.009 0.010 
273     2379    (0)    8 :  0.023 0.034 0.158 0.009 0.003 0.177 0.362 0.219 0.008 0.005 
274     2380    (0)    8 :  0.193 0.002 0.218 0.002 0.003 0.114 0.123 0.198 0.008 0.140 
275     2381    (0)    8 :  0.017 0.002 0.253 0.002 0.013 0.202 0.055 0.379 0.044 0.033 
276     2382    (0)    8 :  0.011 0.001 0.135 0.044 0.010 0.292 0.255 0.108 0.002 0.142 
277     2383    (0)    8 :  0.013 0.002 0.137 0.006 0.006 0.342 0.088 0.100 0.077 0.228 
278     2384    (0)    8 :  0.015 0.002 0.210 0.028 0.006 0.219 0.094 0.275 0.016 0.135 
279     2385    (0)    8 :  0.016 0.001 0.234 0.019 0.005 0.176 0.218 0.305 0.006 0.020 
280     2386    (0)    8 :  0.007 0.002 0.117 0.002 0.005 0.120 0.558 0.103 0.045 0.042 
281     2387    (0)    8 :  0.033 0.004 0.226 0.004 0.008 0.182 0.160 0.302 0.012 0.069 
282     2388    (0)    8 :  0.007 0.002 0.260 0.006 0.032 0.212 0.081 0.390 0.003 0.007 
283     2389    (2)    8 :  0.031 0.092 0.032 0.109 0.083 0.056 0.518 0.032 0.005 0.043 
284     2390    (0)    8 :  0.052 0.009 0.210 0.044 0.007 0.186 0.194 0.289 0.005 0.005 
285     2391    (0)    8 :  0.055 0.018 0.197 0.002 0.005 0.193 0.123 0.269 0.124 0.014 
286     2392    (0)    8 :  0.023 0.008 0.161 0.008 0.003 0.199 0.122 0.165 0.286 0.026 
287     2459    (0)    9 :  0.018 0.003 0.465 0.005 0.002 0.072 0.009 0.416 0.005 0.005 
288     2460    (0)    9 :  0.011 0.007 0.197 0.006 0.003 0.195 0.271 0.215 0.080 0.016 
289     2461    (0)    9 :  0.089 0.006 0.156 0.006 0.004 0.383 0.046 0.125 0.004 0.180 
290     2462    (4)    9 :  0.011 0.001 0.463 0.004 0.002 0.073 0.015 0.414 0.010 0.008 
291     2463    (0)    9 :  0.027 0.003 0.380 0.003 0.032 0.104 0.047 0.332 0.010 0.060 
292     2464    (2)    9 :  0.007 0.006 0.450 0.019 0.008 0.064 0.021 0.395 0.011 0.019 
293     2465    (0)    9 :  0.030 0.004 0.082 0.011 0.003 0.111 0.052 0.074 0.013 0.620 
294     2466    (2)    9 :  0.187 0.007 0.270 0.004 0.003 0.238 0.056 0.212 0.012 0.010 
295     2467    (0)    9 :  0.279 0.035 0.091 0.014 0.116 0.098 0.220 0.106 0.016 0.024 
296     2468    (0)    9 :  0.102 0.002 0.221 0.009 0.007 0.160 0.071 0.176 0.007 0.245 
297     2469    (0)    9 :  0.016 0.002 0.183 0.011 0.003 0.569 0.036 0.118 0.011 0.051 


Estimated Allele Frequencies in each cluster
First column gives estimated ancestral frequencies


Locus 1 : 1 
4 alleles
0.0% missing data
  89   (0.493) 0.421 0.091 0.474 0.399 0.629 0.519 0.495 0.476 0.643 0.599 
  91   (0.357) 0.541 0.567 0.389 0.547 0.331 0.321 0.356 0.383 0.253 0.199 
  93   (0.129) 0.037 0.042 0.121 0.053 0.038 0.144 0.128 0.122 0.102 0.196 
  99   (0.021) 0.001 0.300 0.016 0.002 0.002 0.015 0.021 0.019 0.001 0.006 

Locus 2 : 2 
6 alleles
0.0% missing data
 136   (0.375) 0.509 0.062 0.377 0.569 0.538 0.380 0.371 0.381 0.505 0.335 
 138   (0.234) 0.111 0.894 0.244 0.221 0.120 0.217 0.233 0.243 0.301 0.165 
 140   (0.077) 0.007 0.009 0.077 0.056 0.007 0.108 0.078 0.076 0.087 0.032 
 134   (0.265) 0.293 0.029 0.267 0.111 0.329 0.258 0.268 0.262 0.105 0.455 
 142   (0.025) 0.079 0.003 0.011 0.041 0.002 0.012 0.024 0.011 0.001 0.007 
 132   (0.025) 0.001 0.003 0.024 0.002 0.003 0.025 0.026 0.027 0.001 0.007 

Locus 3 : 3 
6 alleles
0.0% missing data
 181   (0.204) 0.304 0.158 0.190 0.085 0.066 0.159 0.205 0.189 0.120 0.221 
 187   (0.319) 0.175 0.791 0.280 0.338 0.480 0.327 0.319 0.287 0.502 0.190 
 185   (0.092) 0.019 0.012 0.089 0.237 0.199 0.097 0.094 0.085 0.004 0.039 
 179   (0.287) 0.468 0.029 0.352 0.145 0.029 0.351 0.286 0.346 0.289 0.396 
 175   (0.057) 0.031 0.006 0.046 0.192 0.009 0.046 0.056 0.053 0.003 0.075 
 191   (0.042) 0.002 0.004 0.042 0.003 0.217 0.021 0.041 0.039 0.082 0.079 

Locus 4 : 4 
12 alleles
0.0% missing data
 241   (0.170) 0.170 0.061 0.165 0.460 0.115 0.183 0.171 0.165 0.047 0.081 
 249   (0.040) 0.003 0.091 0.021 0.060 0.004 0.025 0.040 0.021 0.167 0.011 
 245   (0.017) 0.001 0.002 0.007 0.101 0.002 0.007 0.016 0.008 0.001 0.004 
 271   (0.053) 0.007 0.012 0.093 0.188 0.006 0.043 0.053 0.085 0.012 0.017 
 269   (0.192) 0.190 0.341 0.227 0.041 0.081 0.214 0.188 0.233 0.106 0.272 
 253   (0.410) 0.622 0.395 0.393 0.125 0.409 0.438 0.410 0.391 0.649 0.562 
 247   (0.058) 0.003 0.006 0.065 0.019 0.373 0.059 0.060 0.070 0.003 0.037 
 273   (0.014) 0.001 0.002 0.007 0.001 0.001 0.008 0.016 0.007 0.001 0.004 
 267   (0.010) 0.001 0.001 0.004 0.001 0.001 0.004 0.010 0.004 0.006 0.003 
 235   (0.010) 0.001 0.001 0.004 0.001 0.001 0.004 0.010 0.004 0.006 0.003 
 239   (0.015) 0.001 0.088 0.006 0.002 0.006 0.006 0.014 0.006 0.001 0.004 
 265   (0.010) 0.001 0.001 0.007 0.001 0.001 0.007 0.010 0.007 0.001 0.003 

Locus 5 : 5 
5 alleles
0.0% missing data
 103   (0.877) 0.850 0.988 0.894 0.767 0.893 0.924 0.878 0.894 0.943 0.963 
 105   (0.057) 0.129 0.006 0.065 0.200 0.005 0.040 0.057 0.062 0.003 0.019 
 104   (0.038) 0.020 0.004 0.023 0.031 0.004 0.019 0.038 0.022 0.047 0.011 
 107   (0.010) 0.001 0.001 0.004 0.001 0.001 0.004 0.010 0.004 0.007 0.003 
 102   (0.018) 0.001 0.002 0.014 0.001 0.097 0.013 0.017 0.018 0.001 0.005 

Locus 6 : 6 
6 alleles
0.0% missing data
 135   (0.315) 0.217 0.810 0.288 0.683 0.503 0.240 0.318 0.292 0.165 0.208 
 147   (0.067) 0.048 0.007 0.039 0.123 0.151 0.056 0.066 0.041 0.041 0.027 
 137   (0.021) 0.001 0.002 0.013 0.086 0.007 0.012 0.021 0.015 0.001 0.006 
 141   (0.277) 0.399 0.030 0.308 0.081 0.138 0.278 0.274 0.316 0.582 0.202 
 145   (0.309) 0.335 0.150 0.349 0.026 0.200 0.410 0.311 0.332 0.205 0.554 
 143   (0.011) 0.001 0.001 0.004 0.001 0.001 0.004 0.010 0.004 0.006 0.003 

Locus 7 : 7 
10 alleles
0.3% missing data
  93   (0.244) 0.169 0.333 0.196 0.342 0.172 0.252 0.248 0.200 0.355 0.181 
  99   (0.018) 0.001 0.002 0.008 0.035 0.002 0.011 0.018 0.008 0.001 0.015 
  89   (0.070) 0.034 0.007 0.066 0.185 0.008 0.058 0.071 0.067 0.041 0.027 
  97   (0.197) 0.075 0.183 0.177 0.119 0.293 0.180 0.199 0.178 0.181 0.267 
 101   (0.019) 0.001 0.002 0.020 0.116 0.002 0.009 0.018 0.019 0.004 0.005 
  91   (0.051) 0.038 0.291 0.022 0.102 0.139 0.023 0.049 0.022 0.026 0.013 
 105   (0.020) 0.001 0.140 0.016 0.067 0.002 0.009 0.019 0.015 0.001 0.005 
 103   (0.295) 0.598 0.033 0.380 0.027 0.326 0.380 0.293 0.385 0.312 0.369 
  83   (0.046) 0.024 0.004 0.040 0.004 0.053 0.054 0.046 0.037 0.002 0.108 
  85   (0.039) 0.058 0.004 0.075 0.003 0.004 0.025 0.039 0.069 0.077 0.010 

Locus 8 : 8 
10 alleles
0.0% missing data
 129   (0.562) 0.520 0.360 0.638 0.395 0.605 0.622 0.565 0.636 0.650 0.628 
 143   (0.238) 0.374 0.381 0.253 0.286 0.239 0.257 0.239 0.251 0.048 0.191 
 149   (0.052) 0.003 0.005 0.034 0.277 0.047 0.035 0.050 0.036 0.137 0.031 
 127   (0.022) 0.002 0.032 0.010 0.032 0.030 0.010 0.021 0.010 0.001 0.006 
 145   (0.014) 0.006 0.002 0.005 0.001 0.001 0.006 0.014 0.006 0.001 0.026 
 141   (0.063) 0.093 0.006 0.033 0.005 0.073 0.040 0.063 0.032 0.153 0.095 
 133   (0.016) 0.001 0.002 0.013 0.002 0.002 0.017 0.016 0.015 0.001 0.014 
 131   (0.014) 0.001 0.171 0.006 0.001 0.001 0.006 0.013 0.006 0.003 0.004 
 121   (0.010) 0.001 0.001 0.004 0.001 0.001 0.004 0.010 0.004 0.006 0.003 
 128   (0.010) 0.001 0.039 0.003 0.001 0.001 0.004 0.009 0.003 0.000 0.002 

Locus 9 : 9 
4 alleles
0.0% missing data
 191   (0.374) 0.443 0.386 0.347 0.263 0.477 0.358 0.374 0.342 0.606 0.319 
 195   (0.192) 0.359 0.139 0.135 0.412 0.039 0.170 0.191 0.130 0.151 0.285 
 189   (0.419) 0.198 0.473 0.511 0.322 0.482 0.465 0.419 0.521 0.237 0.386 
 193   (0.015) 0.001 0.002 0.007 0.002 0.001 0.007 0.015 0.007 0.006 0.009 

Locus 10 : 10 
7 alleles
0.0% missing data
 238   (0.527) 0.604 0.312 0.571 0.694 0.217 0.525 0.530 0.565 0.427 0.661 
 232   (0.215) 0.147 0.179 0.188 0.064 0.297 0.276 0.212 0.196 0.429 0.225 
 250   (0.038) 0.007 0.004 0.034 0.162 0.004 0.036 0.038 0.038 0.002 0.014 
 252   (0.126) 0.176 0.012 0.142 0.066 0.173 0.097 0.126 0.134 0.121 0.065 
 254   (0.066) 0.065 0.491 0.041 0.011 0.300 0.039 0.067 0.039 0.014 0.020 
 240   (0.010) 0.001 0.001 0.004 0.001 0.001 0.004 0.010 0.004 0.006 0.003 
 248   (0.018) 0.001 0.002 0.020 0.001 0.008 0.023 0.017 0.024 0.001 0.012 

Locus 11 : 11 
5 alleles
0.0% missing data
  87   (0.719) 0.765 0.804 0.696 0.509 0.609 0.775 0.726 0.703 0.659 0.750 
  91   (0.053) 0.003 0.005 0.052 0.330 0.102 0.042 0.051 0.048 0.124 0.022 
  89   (0.202) 0.231 0.188 0.238 0.101 0.276 0.168 0.198 0.235 0.215 0.222 
  85   (0.016) 0.001 0.001 0.008 0.059 0.001 0.009 0.015 0.009 0.001 0.004 
  83   (0.010) 0.001 0.001 0.005 0.001 0.010 0.006 0.010 0.005 0.000 0.003 

Locus 12 : 12 
13 alleles
0.0% missing data
 154   (0.022) 0.001 0.005 0.019 0.013 0.002 0.017 0.022 0.021 0.001 0.006 
 160   (0.271) 0.071 0.487 0.283 0.501 0.645 0.278 0.272 0.278 0.148 0.304 
 161   (0.098) 0.181 0.009 0.075 0.219 0.009 0.092 0.098 0.072 0.066 0.104 
 170   (0.040) 0.003 0.004 0.040 0.129 0.004 0.056 0.039 0.047 0.005 0.054 
 158   (0.205) 0.275 0.020 0.196 0.059 0.061 0.181 0.206 0.205 0.465 0.303 
 143   (0.030) 0.013 0.275 0.015 0.048 0.003 0.017 0.029 0.014 0.001 0.008 
 162   (0.235) 0.320 0.190 0.318 0.019 0.268 0.268 0.236 0.312 0.178 0.151 
 149   (0.020) 0.001 0.002 0.013 0.002 0.002 0.028 0.021 0.012 0.001 0.022 
 147   (0.037) 0.134 0.003 0.023 0.003 0.003 0.044 0.035 0.021 0.118 0.014 
 159   (0.010) 0.001 0.001 0.004 0.001 0.001 0.004 0.010 0.004 0.000 0.024 
 164   (0.011) 0.001 0.001 0.004 0.001 0.001 0.004 0.010 0.004 0.014 0.003 
 165   (0.010) 0.001 0.001 0.005 0.005 0.001 0.005 0.010 0.005 0.001 0.003 
 134   (0.010) 0.001 0.001 0.005 0.001 0.001 0.006 0.011 0.005 0.001 0.003 

Locus 13 : 13 
4 alleles
0.0% missing data
 113   (0.338) 0.373 0.468 0.255 0.278 0.480 0.312 0.340 0.263 0.363 0.411 
 115   (0.490) 0.451 0.135 0.567 0.477 0.475 0.567 0.491 0.557 0.475 0.391 
 108   (0.162) 0.175 0.396 0.173 0.244 0.044 0.116 0.158 0.176 0.161 0.195 
 110   (0.010) 0.001 0.001 0.004 0.002 0.001 0.005 0.011 0.004 0.001 0.003 

Locus 14 : 14 
10 alleles
0.0% missing data
 231   (0.188) 0.454 0.416 0.177 0.431 0.420 0.135 0.187 0.174 0.092 0.079 
 233   (0.053) 0.024 0.137 0.031 0.121 0.005 0.035 0.051 0.032 0.108 0.015 
 229   (0.416) 0.316 0.071 0.454 0.356 0.406 0.506 0.416 0.467 0.481 0.424 
 225   (0.152) 0.061 0.057 0.170 0.071 0.151 0.148 0.156 0.171 0.067 0.064 
 227   (0.142) 0.142 0.315 0.142 0.012 0.013 0.152 0.143 0.129 0.245 0.379 
 213   (0.010) 0.001 0.001 0.006 0.002 0.001 0.006 0.010 0.006 0.000 0.003 
 221   (0.010) 0.001 0.001 0.003 0.001 0.001 0.004 0.009 0.004 0.000 0.023 
 255   (0.010) 0.001 0.001 0.004 0.001 0.001 0.005 0.010 0.004 0.005 0.004 
 223   (0.010) 0.001 0.001 0.005 0.005 0.001 0.005 0.010 0.005 0.000 0.003 
 203   (0.010) 0.001 0.001 0.009 0.001 0.001 0.006 0.010 0.008 0.000 0.005 

Locus 15 : 15 
5 alleles
0.3% missing data
 143   (0.888) 0.917 0.717 0.928 0.808 0.855 0.928 0.889 0.930 0.969 0.961 
 147   (0.029) 0.002 0.003 0.030 0.081 0.044 0.016 0.028 0.028 0.001 0.009 
 145   (0.062) 0.080 0.278 0.032 0.109 0.006 0.047 0.062 0.032 0.028 0.025 
 157   (0.011) 0.001 0.001 0.006 0.001 0.001 0.005 0.011 0.006 0.001 0.003 
 133   (0.011) 0.001 0.001 0.004 0.001 0.094 0.004 0.010 0.004 0.001 0.003 

Locus 16 : 16 
5 alleles
0.0% missing data
 156   (0.277) 0.338 0.474 0.304 0.246 0.382 0.223 0.279 0.291 0.270 0.264 
 160   (0.127) 0.132 0.013 0.106 0.097 0.074 0.138 0.126 0.115 0.115 0.148 
 154   (0.087) 0.058 0.079 0.055 0.346 0.077 0.064 0.086 0.060 0.044 0.029 
 158   (0.499) 0.472 0.433 0.528 0.310 0.467 0.564 0.499 0.529 0.570 0.555 
 152   (0.010) 0.001 0.001 0.006 0.001 0.001 0.011 0.010 0.005 0.001 0.004 

Locus 17 : 17 
5 alleles
0.0% missing data
  90   (0.679) 0.818 0.528 0.690 0.435 0.629 0.703 0.681 0.690 0.758 0.637 
 100   (0.082) 0.005 0.447 0.114 0.168 0.008 0.095 0.082 0.113 0.005 0.051 
  88   (0.052) 0.010 0.005 0.040 0.302 0.007 0.041 0.053 0.039 0.006 0.064 
 102   (0.176) 0.166 0.019 0.148 0.094 0.355 0.153 0.173 0.148 0.231 0.246 
 104   (0.011) 0.001 0.001 0.008 0.001 0.001 0.007 0.010 0.009 0.001 0.003 

Locus 18 : 18 
8 alleles
0.0% missing data
 140   (0.277) 0.429 0.511 0.311 0.241 0.048 0.286 0.278 0.296 0.077 0.319 
 150   (0.063) 0.010 0.008 0.096 0.245 0.403 0.053 0.062 0.088 0.003 0.035 
 127   (0.275) 0.381 0.029 0.231 0.414 0.191 0.244 0.274 0.246 0.217 0.317 
 148   (0.099) 0.040 0.011 0.077 0.066 0.233 0.111 0.101 0.073 0.050 0.055 
 142   (0.107) 0.007 0.011 0.145 0.020 0.013 0.122 0.109 0.154 0.452 0.037 
 138   (0.062) 0.063 0.006 0.047 0.005 0.006 0.055 0.061 0.049 0.040 0.163 
 146   (0.106) 0.070 0.018 0.090 0.008 0.104 0.124 0.105 0.091 0.161 0.072 
 128   (0.011) 0.001 0.407 0.004 0.001 0.001 0.004 0.010 0.004 0.001 0.003 

Locus 19 : 19 
6 alleles
0.0% missing data
 194   (0.586) 0.655 0.681 0.538 0.600 0.599 0.629 0.585 0.555 0.571 0.543 
 200   (0.092) 0.038 0.204 0.137 0.292 0.010 0.065 0.091 0.127 0.005 0.197 
 202   (0.045) 0.003 0.083 0.030 0.059 0.149 0.033 0.045 0.033 0.002 0.013 
 190   (0.118) 0.260 0.015 0.077 0.035 0.104 0.095 0.118 0.074 0.330 0.132 
 188   (0.149) 0.043 0.016 0.214 0.013 0.137 0.172 0.150 0.207 0.092 0.112 
 198   (0.011) 0.001 0.001 0.004 0.002 0.001 0.005 0.011 0.004 0.001 0.003 

Locus 20 : 20 
6 alleles
0.0% missing data
 250   (0.100) 0.037 0.785 0.054 0.335 0.056 0.063 0.101 0.054 0.119 0.027 
 254   (0.091) 0.078 0.011 0.072 0.288 0.074 0.093 0.088 0.077 0.087 0.027 
 244   (0.037) 0.006 0.005 0.026 0.077 0.004 0.029 0.036 0.027 0.036 0.012 
 246   (0.129) 0.248 0.040 0.094 0.182 0.296 0.104 0.127 0.097 0.012 0.241 
 252   (0.625) 0.629 0.133 0.737 0.117 0.569 0.696 0.631 0.726 0.745 0.689 
 248   (0.017) 0.001 0.026 0.017 0.001 0.002 0.014 0.016 0.020 0.001 0.004 

Locus 21 : 21 
10 alleles
0.0% missing data
 163   (0.041) 0.005 0.004 0.035 0.113 0.349 0.033 0.041 0.044 0.002 0.011 
 167   (0.247) 0.217 0.074 0.322 0.091 0.249 0.307 0.245 0.311 0.340 0.330 
 175   (0.138) 0.272 0.151 0.105 0.244 0.072 0.124 0.139 0.099 0.049 0.143 
 173   (0.273) 0.193 0.198 0.306 0.267 0.134 0.273 0.274 0.301 0.332 0.291 
 165   (0.059) 0.178 0.009 0.041 0.169 0.006 0.057 0.061 0.041 0.003 0.052 
 159   (0.011) 0.001 0.001 0.004 0.042 0.001 0.004 0.010 0.004 0.001 0.003 
 177   (0.201) 0.123 0.560 0.176 0.070 0.169 0.190 0.201 0.190 0.266 0.161 
 169   (0.010) 0.001 0.001 0.004 0.001 0.001 0.004 0.009 0.004 0.006 0.003 
 171   (0.011) 0.012 0.001 0.004 0.001 0.001 0.005 0.011 0.004 0.001 0.003 
 161   (0.010) 0.001 0.001 0.004 0.001 0.018 0.004 0.009 0.004 0.000 0.003 

Locus 22 : 22 
11 alleles
0.0% missing data
 150   (0.055) 0.022 0.038 0.032 0.156 0.042 0.037 0.054 0.032 0.010 0.046 
 158   (0.116) 0.059 0.012 0.108 0.412 0.051 0.105 0.117 0.107 0.055 0.122 
 152   (0.397) 0.473 0.266 0.398 0.121 0.424 0.430 0.399 0.409 0.561 0.518 
 162   (0.041) 0.007 0.005 0.023 0.200 0.077 0.037 0.042 0.021 0.002 0.022 
 142   (0.016) 0.001 0.002 0.006 0.043 0.001 0.006 0.015 0.006 0.001 0.049 
 164   (0.042) 0.043 0.004 0.044 0.013 0.004 0.041 0.041 0.047 0.002 0.038 
 148   (0.020) 0.001 0.367 0.018 0.005 0.002 0.016 0.019 0.023 0.001 0.005 
 156   (0.025) 0.002 0.003 0.015 0.024 0.197 0.016 0.025 0.015 0.001 0.007 
 146   (0.194) 0.292 0.150 0.270 0.019 0.192 0.225 0.194 0.257 0.252 0.142 
 166   (0.082) 0.099 0.153 0.081 0.006 0.008 0.083 0.082 0.079 0.040 0.048 
 154   (0.011) 0.001 0.001 0.004 0.001 0.001 0.005 0.011 0.004 0.075 0.003 

Locus 23 : 23 
6 alleles
0.3% missing data
 144   (0.195) 0.165 0.689 0.171 0.297 0.473 0.150 0.192 0.170 0.160 0.228 
 154   (0.509) 0.657 0.276 0.563 0.214 0.266 0.609 0.513 0.561 0.528 0.464 
 158   (0.024) 0.001 0.003 0.014 0.094 0.003 0.013 0.024 0.015 0.004 0.007 
 156   (0.142) 0.132 0.018 0.158 0.306 0.013 0.135 0.143 0.160 0.035 0.124 
 160   (0.114) 0.044 0.013 0.087 0.087 0.243 0.083 0.113 0.087 0.215 0.173 
 152   (0.016) 0.001 0.001 0.007 0.001 0.001 0.010 0.015 0.007 0.058 0.004 

Locus 24 : 24 
4 alleles
0.3% missing data
  83   (0.505) 0.607 0.607 0.442 0.580 0.930 0.476 0.507 0.440 0.495 0.528 
  85   (0.053) 0.061 0.005 0.047 0.106 0.005 0.048 0.051 0.047 0.016 0.017 
  81   (0.345) 0.280 0.378 0.407 0.306 0.037 0.378 0.346 0.402 0.309 0.341 
  77   (0.097) 0.052 0.009 0.105 0.008 0.028 0.098 0.096 0.111 0.180 0.113 

Locus 25 : 25 
6 alleles
0.3% missing data
 124   (0.515) 0.606 0.367 0.563 0.627 0.345 0.535 0.511 0.563 0.397 0.615 
 122   (0.132) 0.112 0.015 0.117 0.326 0.032 0.127 0.136 0.121 0.024 0.052 
 120   (0.015) 0.001 0.410 0.007 0.004 0.001 0.010 0.015 0.007 0.001 0.004 
 126   (0.045) 0.003 0.005 0.030 0.020 0.005 0.031 0.047 0.027 0.057 0.024 
 132   (0.278) 0.278 0.201 0.275 0.022 0.616 0.288 0.276 0.275 0.520 0.279 
 136   (0.015) 0.001 0.001 0.007 0.001 0.001 0.010 0.015 0.006 0.001 0.027 

Locus 26 : 26 
6 alleles
0.0% missing data
 165   (0.255) 0.346 0.380 0.239 0.109 0.060 0.231 0.256 0.236 0.170 0.386 
 183   (0.369) 0.312 0.193 0.351 0.355 0.690 0.383 0.369 0.355 0.544 0.205 
 179   (0.078) 0.005 0.398 0.091 0.247 0.007 0.103 0.078 0.083 0.076 0.031 
 181   (0.056) 0.024 0.005 0.073 0.181 0.005 0.050 0.057 0.067 0.003 0.034 
 185   (0.016) 0.001 0.002 0.009 0.087 0.001 0.012 0.016 0.008 0.001 0.004 
 175   (0.226) 0.312 0.022 0.236 0.019 0.237 0.221 0.225 0.250 0.205 0.339 

Locus 27 : 27 
4 alleles
0.0% missing data
 150   (0.141) 0.100 0.015 0.127 0.207 0.182 0.166 0.145 0.129 0.010 0.089 
 142   (0.538) 0.602 0.487 0.593 0.408 0.731 0.542 0.535 0.578 0.724 0.627 
 148   (0.255) 0.288 0.490 0.240 0.305 0.081 0.242 0.256 0.252 0.093 0.150 
 138   (0.065) 0.010 0.007 0.040 0.080 0.006 0.050 0.065 0.041 0.172 0.133 

Locus 28 : 28 
5 alleles
0.0% missing data
 260   (0.433) 0.330 0.179 0.446 0.300 0.251 0.474 0.434 0.465 0.292 0.561 
 262   (0.470) 0.612 0.812 0.492 0.530 0.572 0.444 0.470 0.473 0.687 0.360 
 256   (0.068) 0.056 0.006 0.044 0.168 0.174 0.060 0.066 0.043 0.019 0.026 
 264   (0.011) 0.001 0.001 0.004 0.001 0.001 0.004 0.011 0.004 0.001 0.046 
 258   (0.019) 0.001 0.002 0.013 0.002 0.002 0.017 0.020 0.014 0.001 0.008 

Locus 29 : 29 
5 alleles
0.0% missing data
 140   (0.159) 0.224 0.782 0.105 0.460 0.148 0.135 0.159 0.101 0.067 0.149 
 146   (0.243) 0.245 0.024 0.223 0.309 0.452 0.213 0.242 0.237 0.114 0.263 
 150   (0.479) 0.447 0.181 0.577 0.203 0.243 0.552 0.478 0.561 0.732 0.543 
 148   (0.092) 0.083 0.009 0.073 0.023 0.154 0.078 0.093 0.075 0.085 0.037 
 152   (0.027) 0.002 0.003 0.022 0.005 0.003 0.022 0.028 0.025 0.002 0.008 

Locus 30 : 30 
6 alleles
0.0% missing data
 125   (0.278) 0.310 0.068 0.311 0.118 0.258 0.258 0.280 0.317 0.350 0.142 
 127   (0.070) 0.139 0.586 0.044 0.365 0.006 0.051 0.070 0.046 0.003 0.023 
 131   (0.029) 0.002 0.003 0.020 0.221 0.003 0.021 0.029 0.021 0.002 0.051 
 129   (0.500) 0.433 0.329 0.473 0.230 0.640 0.558 0.501 0.469 0.537 0.708 
 123   (0.111) 0.116 0.013 0.140 0.066 0.092 0.100 0.108 0.130 0.107 0.073 
 121   (0.012) 0.001 0.001 0.013 0.001 0.001 0.011 0.011 0.017 0.001 0.003 

Locus 31 : 31 
5 alleles
0.0% missing data
 155   (0.567) 0.442 0.666 0.549 0.612 0.587 0.545 0.570 0.572 0.624 0.509 
 157   (0.204) 0.340 0.247 0.187 0.086 0.058 0.217 0.203 0.185 0.195 0.243 
 153   (0.064) 0.004 0.031 0.068 0.172 0.006 0.075 0.063 0.060 0.108 0.080 
 159   (0.131) 0.212 0.014 0.181 0.097 0.013 0.146 0.132 0.168 0.071 0.153 
 151   (0.033) 0.002 0.043 0.015 0.033 0.336 0.017 0.033 0.015 0.003 0.014 

Locus 32 : 32 
5 alleles
0.0% missing data
  92   (0.270) 0.169 0.112 0.282 0.470 0.443 0.234 0.271 0.280 0.219 0.167 
  95   (0.165) 0.013 0.083 0.151 0.327 0.446 0.178 0.164 0.170 0.087 0.219 
  91   (0.480) 0.620 0.766 0.511 0.154 0.104 0.520 0.482 0.494 0.600 0.565 
  94   (0.075) 0.197 0.008 0.052 0.049 0.007 0.064 0.073 0.051 0.093 0.046 
  90   (0.010) 0.001 0.031 0.005 0.001 0.001 0.004 0.010 0.005 0.001 0.003 

Locus 33 : 33 
4 alleles
0.0% missing data
 146   (0.324) 0.316 0.354 0.259 0.531 0.438 0.330 0.330 0.262 0.061 0.321 
 150   (0.540) 0.502 0.608 0.576 0.284 0.549 0.563 0.536 0.582 0.831 0.621 
 154   (0.058) 0.080 0.030 0.081 0.054 0.005 0.041 0.057 0.075 0.006 0.033 
 148   (0.078) 0.101 0.008 0.084 0.131 0.007 0.066 0.077 0.080 0.102 0.026 

Locus 34 : 34 
7 alleles
0.0% missing data
 180   (0.423) 0.433 0.772 0.433 0.312 0.737 0.410 0.422 0.427 0.630 0.375 
 198   (0.044) 0.003 0.006 0.042 0.328 0.076 0.028 0.043 0.041 0.013 0.023 
 190   (0.026) 0.026 0.003 0.017 0.046 0.002 0.016 0.025 0.020 0.001 0.007 
 184   (0.206) 0.286 0.186 0.174 0.137 0.049 0.174 0.209 0.181 0.200 0.133 
 192   (0.154) 0.156 0.017 0.157 0.159 0.123 0.208 0.156 0.154 0.008 0.276 
 196   (0.135) 0.096 0.014 0.172 0.017 0.013 0.159 0.135 0.174 0.121 0.184 
 194   (0.011) 0.001 0.001 0.004 0.001 0.001 0.004 0.011 0.004 0.027 0.003 

Locus 35 : 35 
7 alleles
0.0% missing data
 108   (0.131) 0.047 0.146 0.104 0.621 0.069 0.138 0.133 0.101 0.011 0.072 
 106   (0.312) 0.318 0.294 0.350 0.131 0.682 0.370 0.312 0.339 0.101 0.327 
 110   (0.224) 0.343 0.255 0.202 0.171 0.064 0.196 0.221 0.211 0.365 0.158 
 112   (0.269) 0.261 0.026 0.304 0.071 0.108 0.257 0.270 0.302 0.520 0.397 
  90   (0.037) 0.029 0.277 0.015 0.004 0.004 0.017 0.037 0.015 0.002 0.039 
  96   (0.011) 0.001 0.001 0.004 0.001 0.071 0.004 0.010 0.004 0.001 0.003 
  94   (0.016) 0.001 0.001 0.022 0.001 0.002 0.018 0.016 0.028 0.001 0.004 

Locus 36 : 36 
8 alleles
0.0% missing data
 186   (0.017) 0.001 0.002 0.016 0.102 0.001 0.007 0.016 0.015 0.001 0.004 
 168   (0.070) 0.004 0.408 0.119 0.336 0.006 0.095 0.070 0.108 0.003 0.029 
 170   (0.325) 0.511 0.531 0.298 0.325 0.585 0.266 0.325 0.306 0.119 0.231 
 172   (0.292) 0.111 0.030 0.265 0.164 0.379 0.294 0.292 0.258 0.505 0.478 
 174   (0.110) 0.074 0.011 0.146 0.058 0.010 0.160 0.109 0.142 0.016 0.063 
 178   (0.038) 0.003 0.003 0.032 0.003 0.004 0.035 0.039 0.032 0.004 0.084 
 166   (0.048) 0.039 0.005 0.025 0.004 0.004 0.026 0.048 0.025 0.260 0.072 
 176   (0.100) 0.257 0.010 0.098 0.008 0.010 0.118 0.100 0.113 0.093 0.040 

Locus 37 : 37 
6 alleles
0.0% missing data
  85   (0.207) 0.102 0.318 0.302 0.041 0.191 0.230 0.206 0.289 0.125 0.159 
  89   (0.539) 0.603 0.278 0.500 0.531 0.777 0.512 0.538 0.504 0.790 0.578 
  83   (0.119) 0.062 0.015 0.111 0.390 0.019 0.159 0.121 0.111 0.011 0.140 
  91   (0.016) 0.001 0.377 0.007 0.011 0.001 0.007 0.015 0.008 0.001 0.004 
  95   (0.071) 0.097 0.007 0.047 0.023 0.007 0.047 0.070 0.053 0.071 0.093 
  81   (0.048) 0.136 0.005 0.033 0.004 0.005 0.045 0.049 0.035 0.002 0.026 

Locus 38 : 38 
8 alleles
0.0% missing data
 161   (0.360) 0.351 0.073 0.340 0.547 0.406 0.387 0.361 0.340 0.498 0.318 
 165   (0.217) 0.198 0.069 0.259 0.198 0.057 0.196 0.216 0.263 0.213 0.179 
 173   (0.286) 0.443 0.422 0.254 0.245 0.522 0.255 0.286 0.248 0.128 0.354 
 169   (0.075) 0.005 0.034 0.095 0.006 0.010 0.102 0.075 0.102 0.139 0.060 
 175   (0.011) 0.001 0.001 0.004 0.001 0.001 0.004 0.010 0.004 0.001 0.048 
 167   (0.027) 0.002 0.004 0.038 0.002 0.003 0.046 0.027 0.033 0.006 0.033 
 159   (0.010) 0.001 0.001 0.004 0.001 0.001 0.005 0.010 0.005 0.005 0.004 
 168   (0.015) 0.001 0.396 0.005 0.001 0.001 0.006 0.015 0.005 0.011 0.004 

Locus 39 : 39 
7 alleles
0.0% missing data
  87   (0.132) 0.069 0.755 0.136 0.383 0.205 0.085 0.130 0.133 0.236 0.039 
  85   (0.222) 0.264 0.151 0.193 0.083 0.273 0.187 0.226 0.193 0.067 0.299 
  91   (0.167) 0.280 0.043 0.117 0.262 0.303 0.146 0.166 0.124 0.068 0.179 
  89   (0.365) 0.219 0.038 0.475 0.263 0.067 0.466 0.366 0.473 0.546 0.419 
  81   (0.082) 0.144 0.010 0.067 0.006 0.150 0.103 0.081 0.064 0.035 0.049 
  95   (0.011) 0.001 0.001 0.004 0.001 0.001 0.004 0.011 0.004 0.013 0.003 
  93   (0.021) 0.023 0.002 0.008 0.002 0.002 0.009 0.020 0.008 0.035 0.012 

Locus 40 : 40 
4 alleles
0.0% missing data
 161   (0.178) 0.040 0.180 0.153 0.493 0.098 0.184 0.179 0.153 0.090 0.148 
 167   (0.777) 0.958 0.815 0.816 0.474 0.898 0.781 0.775 0.812 0.898 0.839 
 165   (0.035) 0.002 0.004 0.027 0.031 0.003 0.030 0.036 0.031 0.007 0.009 
 155   (0.010) 0.001 0.001 0.004 0.001 0.001 0.004 0.010 0.004 0.005 0.004 

Locus 41 : 41 
7 alleles
0.3% missing data
 228   (0.396) 0.323 0.492 0.362 0.400 0.189 0.350 0.394 0.367 0.599 0.602 
 240   (0.116) 0.022 0.060 0.109 0.405 0.148 0.187 0.117 0.109 0.006 0.105 
 236   (0.087) 0.110 0.153 0.041 0.082 0.611 0.047 0.086 0.044 0.098 0.023 
 238   (0.340) 0.411 0.163 0.456 0.097 0.046 0.387 0.343 0.448 0.245 0.251 
 224   (0.037) 0.132 0.004 0.021 0.015 0.004 0.018 0.036 0.021 0.045 0.011 
 246   (0.010) 0.001 0.001 0.004 0.001 0.001 0.004 0.010 0.004 0.006 0.003 
 242   (0.015) 0.001 0.128 0.007 0.001 0.001 0.007 0.014 0.007 0.001 0.003 

Locus 42 : 42 
9 alleles
0.3% missing data
 130   (0.501) 0.454 0.083 0.546 0.583 0.392 0.532 0.503 0.566 0.467 0.486 
 134   (0.131) 0.131 0.306 0.186 0.295 0.014 0.144 0.132 0.167 0.008 0.125 
 118   (0.058) 0.011 0.068 0.035 0.098 0.262 0.045 0.058 0.034 0.004 0.045 
 128   (0.071) 0.049 0.007 0.060 0.005 0.013 0.057 0.069 0.058 0.177 0.220 
 114   (0.099) 0.156 0.522 0.083 0.007 0.009 0.115 0.100 0.082 0.100 0.042 
 132   (0.104) 0.187 0.010 0.072 0.008 0.305 0.089 0.104 0.074 0.208 0.072 
 122   (0.016) 0.001 0.001 0.009 0.001 0.002 0.010 0.015 0.009 0.035 0.004 
 120   (0.010) 0.006 0.001 0.004 0.001 0.001 0.004 0.010 0.004 0.000 0.003 
 119   (0.010) 0.004 0.001 0.005 0.001 0.001 0.005 0.010 0.005 0.001 0.003 

Locus 43 : 43 
8 alleles
0.0% missing data
  92   (0.138) 0.106 0.200 0.115 0.452 0.013 0.138 0.137 0.125 0.102 0.070 
  98   (0.150) 0.119 0.281 0.136 0.258 0.108 0.125 0.149 0.139 0.170 0.046 
  96   (0.065) 0.047 0.167 0.031 0.174 0.006 0.041 0.064 0.032 0.069 0.032 
 104   (0.374) 0.298 0.077 0.417 0.095 0.311 0.421 0.382 0.403 0.200 0.539 
 102   (0.234) 0.412 0.270 0.277 0.018 0.543 0.250 0.228 0.278 0.457 0.290 
 106   (0.010) 0.001 0.001 0.008 0.001 0.001 0.009 0.010 0.008 0.000 0.002 
  94   (0.013) 0.008 0.001 0.009 0.001 0.002 0.007 0.013 0.009 0.001 0.007 
 100   (0.017) 0.010 0.002 0.007 0.001 0.017 0.007 0.016 0.007 0.001 0.015 

Locus 44 : 44 
6 alleles
0.0% missing data
  97   (0.034) 0.005 0.380 0.024 0.018 0.015 0.024 0.034 0.022 0.002 0.015 
  99   (0.086) 0.056 0.337 0.084 0.246 0.008 0.064 0.086 0.089 0.009 0.027 
 101   (0.335) 0.413 0.030 0.332 0.227 0.166 0.327 0.339 0.330 0.339 0.524 
  95   (0.249) 0.216 0.044 0.230 0.417 0.413 0.266 0.248 0.224 0.448 0.214 
 103   (0.285) 0.310 0.208 0.326 0.090 0.396 0.313 0.283 0.331 0.196 0.217 
 105   (0.011) 0.001 0.001 0.004 0.001 0.001 0.004 0.010 0.004 0.006 0.003 

Locus 45 : 45 
8 alleles
0.0% missing data
 181   (0.574) 0.545 0.573 0.549 0.248 0.914 0.624 0.575 0.564 0.711 0.645 
 191   (0.273) 0.427 0.102 0.320 0.614 0.045 0.268 0.273 0.310 0.178 0.250 
 177   (0.060) 0.018 0.006 0.035 0.037 0.008 0.049 0.060 0.035 0.107 0.074 
 179   (0.029) 0.002 0.313 0.060 0.084 0.003 0.019 0.027 0.054 0.001 0.007 
 193   (0.019) 0.001 0.003 0.012 0.013 0.003 0.012 0.019 0.014 0.001 0.006 
 189   (0.020) 0.001 0.002 0.011 0.001 0.025 0.013 0.021 0.010 0.001 0.006 
 187   (0.010) 0.005 0.001 0.004 0.001 0.001 0.005 0.010 0.004 0.001 0.003 
 183   (0.015) 0.001 0.001 0.009 0.001 0.001 0.010 0.016 0.009 0.001 0.009 

Locus 46 : 46 
6 alleles
0.0% missing data
 211   (0.211) 0.294 0.161 0.225 0.390 0.161 0.183 0.211 0.219 0.261 0.164 
 205   (0.443) 0.443 0.304 0.498 0.373 0.283 0.520 0.444 0.496 0.397 0.577 
 207   (0.189) 0.094 0.046 0.157 0.124 0.437 0.181 0.191 0.170 0.148 0.205 
 201   (0.060) 0.045 0.476 0.047 0.055 0.006 0.048 0.058 0.045 0.097 0.023 
 202   (0.016) 0.001 0.003 0.015 0.028 0.002 0.008 0.015 0.014 0.001 0.005 
 215   (0.081) 0.123 0.010 0.057 0.030 0.112 0.060 0.082 0.056 0.096 0.026 

Locus 47 : 47 
10 alleles
0.0% missing data
 162   (0.061) 0.156 0.371 0.039 0.045 0.006 0.047 0.063 0.039 0.003 0.029 
 164   (0.047) 0.050 0.057 0.029 0.103 0.005 0.056 0.047 0.026 0.002 0.029 
 142   (0.279) 0.334 0.030 0.341 0.123 0.298 0.289 0.282 0.334 0.172 0.423 
 158   (0.190) 0.236 0.155 0.172 0.176 0.277 0.181 0.190 0.171 0.137 0.143 
 170   (0.027) 0.002 0.003 0.013 0.108 0.004 0.014 0.028 0.014 0.007 0.007 
 168   (0.147) 0.122 0.107 0.127 0.335 0.125 0.161 0.144 0.141 0.229 0.102 
 156   (0.035) 0.007 0.142 0.020 0.069 0.004 0.037 0.036 0.019 0.002 0.015 
 160   (0.010) 0.001 0.001 0.004 0.011 0.001 0.004 0.010 0.004 0.000 0.003 
 166   (0.163) 0.089 0.130 0.220 0.028 0.273 0.143 0.160 0.221 0.269 0.211 
 144   (0.040) 0.002 0.004 0.035 0.003 0.008 0.068 0.040 0.030 0.178 0.037 

Locus 48 : 48 
6 alleles
0.0% missing data
 149   (0.312) 0.118 0.473 0.275 0.755 0.218 0.334 0.315 0.276 0.082 0.447 
 145   (0.231) 0.356 0.361 0.233 0.112 0.664 0.174 0.226 0.232 0.273 0.253 
 151   (0.220) 0.365 0.141 0.237 0.090 0.029 0.204 0.220 0.246 0.166 0.164 
 143   (0.020) 0.001 0.002 0.014 0.025 0.002 0.016 0.020 0.016 0.001 0.007 
 153   (0.200) 0.158 0.021 0.232 0.016 0.085 0.263 0.202 0.222 0.466 0.125 
 147   (0.017) 0.001 0.002 0.008 0.001 0.002 0.010 0.017 0.008 0.013 0.005 

Values of parameters used in structure:
DATAFILE=temp1.str,	OUTFILE=k10/temp1_k10_run1,	NUMINDS=297,	NUMLOCI=48,	MISSING=-9,	LABEL=1,	POPDATA=1,	POPFLAG=0,	PHENOTYPE=0,	EXTRACOLS=0,	MAXPOPS=10,	BURNIN=500000,	NUMREPS=750000,	USEPOPINFO=0,	INFERALPHA=1,	INFERLAMBDA=0,	POPSPECIFICLAMBDA=0,	POPALPHAS=0,	COMPUTEPROB=1,	NOADMIX=0,	ADMBURNIN=500,	UPDATEFREQ=100,	PRINTLIKES=0,	INTERMEDSAVE=0,	PRINTKLD=0,	PRINTNET=1,	PRINTLAMBDA=1,	ANCESTDIST=0,	NUMBOXES=1000,	ANCESTPINT=0.90000,	GENSBACK=2,	MIGRPRIOR=0.01000,	PRINTQHAT=0,	PRINTQSUM=1,	ALPHA=1.0000,	FREQSCORR=1,	FPRIORMEAN=0.0100,	FPRIORSD=0.0500,	ONEFST=0,	LAMBDA=1.0000,	UNIFPRIORALPHA=1,	ALPHAMAX=10.0000,	ALPHAPRIORA=1.0000,	ALPHAPRIORB=2.0000,	ALPHAPROPSD=0.0250,	STARTATPOPINFO=0,	RANDOMIZE=0,	LINKAGE=0,	METROFREQ=10,	REPORTHITRATE=0,	MARKOVPHASE=0,	PHASED=1,	PLOIDY=2,	PHASEINFO=0	LOCPRIOR=0, 	LOCPRIORINIT=1.000000, 	LOCDATA=0, 	LOCISPOP=1, 	LOCPRIORSTEP=0.100000, 	MAXLOCPRIOR=20.000000, 	SEED=200950,	
[STRAT parameters]:    NUMSIMSTATS=1000,	PHENOTYPECOL=-9,	POOLFREQ=10,	LOCUSxONLY=0,	EMERROR=0.00100,	MISSINGPHENO=-9,	