

----------------------------------------------------
STRUCTURE by Pritchard, Stephens and Donnelly (2000)
     and Falush, Stephens and Pritchard (2003)
       Code by Pritchard, Falush and Hubisz
             Version 2.3.4 (Jul 2012)
----------------------------------------------------



Command line arguments:   structure -D 939907 -K 11 -m mainparams -o k11/temp1_k11_run8 
Input File:    temp1.str

Run parameters:
   297 individuals
   48 loci
   11 populations assumed
   500000 Burn-in period
   750000 Reps
RANDOMIZE turned off


--------------------------------------------
Proportion of membership of each pre-defined
 population in each of the 11 clusters

Given    Inferred Clusters                                                               Number of
 Pop       1      2      3      4      5      6      7      8      9     10     11      Individuals

  1:     0.003  0.008  0.004  0.004  0.015  0.942  0.005  0.003  0.005  0.005  0.005       30
  2:     0.261  0.008  0.023  0.033  0.003  0.004  0.019  0.579  0.020  0.025  0.026       39
  3:     0.076  0.004  0.010  0.212  0.003  0.002  0.008  0.641  0.016  0.014  0.014       33
  4:     0.010  0.007  0.030  0.009  0.004  0.016  0.018  0.008  0.860  0.019  0.019       79
  5:     0.013  0.899  0.013  0.005  0.003  0.005  0.012  0.007  0.005  0.017  0.021       19
  6:     0.002  0.011  0.004  0.003  0.947  0.009  0.005  0.004  0.003  0.006  0.006       10
  7:     0.011  0.015  0.185  0.009  0.026  0.018  0.181  0.010  0.030  0.236  0.279       10
  8:     0.025  0.031  0.106  0.008  0.012  0.030  0.133  0.027  0.058  0.258  0.312       23
  9:     0.019  0.017  0.147  0.009  0.007  0.010  0.409  0.012  0.069  0.169  0.132       11
 10:     0.041  0.007  0.500  0.014  0.006  0.011  0.071  0.046  0.012  0.125  0.167       13
 11:     0.020  0.011  0.091  0.008  0.028  0.103  0.201  0.044  0.059  0.223  0.212       25
 12:     0.047  0.017  0.282  0.034  0.002  0.005  0.119  0.016  0.008  0.189  0.280        5
--------------------------------------------

Allele-freq. divergence among pops (Net nucleotide distance),
computed using point estimates of P.

      1       2       3       4       5       6       7       8       9      10      11      
 1      -    0.0845  0.0519  0.0701  0.1685  0.1396  0.0461  0.0370  0.0599  0.0413  0.0421  
 2   0.0845     -    0.0686  0.1162  0.1371  0.1098  0.0640  0.0809  0.0724  0.0559  0.0570  
 3   0.0519  0.0686     -    0.0700  0.1294  0.0904  0.0144  0.0406  0.0276  0.0113  0.0118  
 4   0.0701  0.1162  0.0700     -    0.1812  0.1450  0.0661  0.0636  0.0730  0.0639  0.0656  
 5   0.1685  0.1371  0.1294  0.1812     -    0.1174  0.1119  0.1404  0.1200  0.1074  0.1117  
 6   0.1396  0.1098  0.0904  0.1450  0.1174     -    0.0763  0.1239  0.0918  0.0690  0.0715  
 7   0.0461  0.0640  0.0144  0.0661  0.1119  0.0763     -    0.0362  0.0206  0.0037  0.0064  
 8   0.0370  0.0809  0.0406  0.0636  0.1404  0.1239  0.0362     -    0.0510  0.0304  0.0311  
 9   0.0599  0.0724  0.0276  0.0730  0.1200  0.0918  0.0206  0.0510     -    0.0191  0.0214  
10   0.0413  0.0559  0.0113  0.0639  0.1074  0.0690  0.0037  0.0304  0.0191     -    0.0006  
11   0.0421  0.0570  0.0118  0.0656  0.1117  0.0715  0.0064  0.0311  0.0214  0.0006     -    

Average distances (expected heterozygosity) between individuals in same cluster:
cluster  1  : 0.5138 
cluster  2  : 0.5503 
cluster  3  : 0.6018 
cluster  4  : 0.5040 
cluster  5  : 0.5399 
cluster  6  : 0.6388 
cluster  7  : 0.6319 
cluster  8  : 0.5529 
cluster  9  : 0.5961 
cluster 10  : 0.6426 
cluster 11  : 0.6345 

--------------------------------------------
Estimated Ln Prob of Data   = -33205.0
Mean value of ln likelihood = -31991.3
Variance of ln likelihood   = 2427.3
Mean value of alpha         = 0.0347

Mean value of Fst_1         = 0.1958
Mean value of Fst_2         = 0.2124
Mean value of Fst_3         = 0.0777
Mean value of Fst_4         = 0.2828
Mean value of Fst_5         = 0.3111
Mean value of Fst_6         = 0.1688
Mean value of Fst_7         = 0.0567
Mean value of Fst_8         = 0.1307
Mean value of Fst_9         = 0.1001
Mean value of Fst_10         = 0.0332
Mean value of Fst_11         = 0.0360


Inferred ancestry of individuals:
        Label (%Miss) Pop:  Inferred clusters
  1     1408    (0)    1 :  0.002 0.003 0.003 0.002 0.092 0.878 0.005 0.002 0.002 0.006 0.006 
  2     1409    (0)    1 :  0.002 0.005 0.003 0.004 0.007 0.962 0.004 0.002 0.003 0.004 0.003 
  3     1410    (0)    1 :  0.001 0.002 0.002 0.003 0.002 0.979 0.002 0.002 0.002 0.002 0.003 
  4     1411    (0)    1 :  0.003 0.003 0.004 0.005 0.001 0.967 0.004 0.003 0.003 0.004 0.004 
  5     1412    (0)    1 :  0.002 0.001 0.002 0.004 0.003 0.972 0.004 0.003 0.003 0.003 0.003 
  6     1413    (0)    1 :  0.002 0.002 0.004 0.002 0.002 0.974 0.003 0.002 0.003 0.004 0.004 
  7     1414    (0)    1 :  0.001 0.002 0.002 0.002 0.004 0.981 0.002 0.002 0.002 0.002 0.002 
  8     1415    (0)    1 :  0.003 0.002 0.003 0.004 0.001 0.974 0.003 0.002 0.002 0.003 0.003 
  9     1416    (0)    1 :  0.003 0.003 0.003 0.004 0.002 0.969 0.003 0.003 0.003 0.003 0.003 
 10     1417    (0)    1 :  0.001 0.002 0.002 0.002 0.001 0.981 0.002 0.001 0.002 0.003 0.003 
 11     1418    (0)    1 :  0.002 0.002 0.007 0.002 0.002 0.961 0.005 0.002 0.003 0.006 0.006 
 12     1419    (0)    1 :  0.002 0.003 0.002 0.002 0.002 0.975 0.002 0.002 0.004 0.003 0.003 
 13     1420    (0)    1 :  0.004 0.010 0.004 0.003 0.003 0.954 0.005 0.003 0.007 0.004 0.004 
 14     1421    (0)    1 :  0.003 0.005 0.006 0.007 0.004 0.923 0.009 0.003 0.026 0.008 0.007 
 15     1422    (0)    1 :  0.002 0.001 0.002 0.002 0.067 0.916 0.003 0.002 0.002 0.002 0.002 
 16     1423    (0)    1 :  0.002 0.004 0.002 0.002 0.100 0.876 0.002 0.002 0.003 0.003 0.004 
 17     1424    (0)    1 :  0.004 0.004 0.006 0.003 0.036 0.898 0.015 0.004 0.009 0.011 0.010 
 18     1425    (0)    1 :  0.013 0.015 0.004 0.002 0.004 0.934 0.004 0.003 0.012 0.005 0.005 
 19     1426    (0)    1 :  0.004 0.008 0.005 0.003 0.014 0.933 0.007 0.005 0.004 0.008 0.008 
 20     1427    (0)    1 :  0.007 0.004 0.006 0.005 0.003 0.913 0.021 0.005 0.011 0.015 0.011 
 21     1428    (0)    1 :  0.001 0.002 0.003 0.001 0.007 0.974 0.002 0.002 0.003 0.002 0.002 
 22     1429    (0)    1 :  0.004 0.003 0.002 0.004 0.003 0.966 0.004 0.004 0.002 0.004 0.004 
 23     1430    (0)    1 :  0.002 0.006 0.003 0.002 0.003 0.966 0.004 0.002 0.002 0.005 0.005 
 24     1431    (0)    1 :  0.010 0.019 0.017 0.019 0.003 0.880 0.008 0.008 0.010 0.014 0.014 
 25     1432    (0)    1 :  0.002 0.002 0.002 0.002 0.002 0.977 0.003 0.002 0.005 0.002 0.002 
 26     1433    (0)    1 :  0.002 0.011 0.003 0.007 0.056 0.899 0.004 0.003 0.007 0.004 0.004 
 27     1434    (0)    1 :  0.009 0.042 0.010 0.002 0.003 0.898 0.007 0.008 0.002 0.008 0.009 
 28     1435    (0)    1 :  0.003 0.019 0.005 0.003 0.002 0.936 0.007 0.004 0.003 0.008 0.009 
 29     1436    (0)    1 :  0.004 0.047 0.007 0.009 0.003 0.879 0.014 0.012 0.007 0.010 0.008 
 30     1437    (0)    1 :  0.002 0.003 0.002 0.001 0.002 0.979 0.002 0.002 0.003 0.002 0.002 
 31     2398    (0)   10 :  0.009 0.007 0.933 0.006 0.001 0.002 0.008 0.006 0.010 0.009 0.010 
 32     2399    (0)   10 :  0.007 0.003 0.069 0.007 0.002 0.018 0.229 0.011 0.003 0.265 0.384 
 33     2400    (0)   10 :  0.009 0.004 0.858 0.050 0.001 0.005 0.019 0.013 0.004 0.019 0.017 
 34     2401    (0)   10 :  0.065 0.006 0.522 0.004 0.002 0.002 0.090 0.016 0.028 0.113 0.152 
 35     2402    (0)   10 :  0.048 0.012 0.046 0.039 0.003 0.097 0.167 0.170 0.021 0.183 0.215 
 36     2403    (0)   10 :  0.003 0.004 0.960 0.004 0.007 0.002 0.005 0.002 0.007 0.004 0.004 
 37     2404    (0)   10 :  0.026 0.004 0.914 0.014 0.002 0.002 0.007 0.007 0.009 0.008 0.009 
 38     2405    (0)   10 :  0.003 0.010 0.192 0.003 0.002 0.005 0.016 0.004 0.013 0.297 0.456 
 39     2406    (0)   10 :  0.048 0.006 0.148 0.027 0.002 0.002 0.152 0.056 0.008 0.264 0.288 
 40     2407    (0)   10 :  0.254 0.017 0.035 0.015 0.002 0.003 0.065 0.129 0.024 0.217 0.238 
 41     2408    (0)   10 :  0.007 0.005 0.044 0.006 0.051 0.004 0.145 0.131 0.009 0.225 0.373 
 42     2409    (0)   10 :  0.042 0.007 0.880 0.008 0.001 0.002 0.010 0.022 0.009 0.010 0.009 
 43     2410    (0)   10 :  0.012 0.004 0.901 0.004 0.001 0.002 0.014 0.031 0.007 0.011 0.012 
 44      934    (0)   11 :  0.039 0.024 0.024 0.006 0.004 0.007 0.484 0.014 0.009 0.255 0.133 
 45     2434    (0)   11 :  0.008 0.006 0.225 0.005 0.003 0.101 0.066 0.012 0.026 0.247 0.302 
 46     2435    (0)   11 :  0.008 0.018 0.010 0.007 0.187 0.061 0.262 0.005 0.011 0.313 0.118 
 47     2436    (0)   11 :  0.004 0.010 0.043 0.003 0.294 0.058 0.140 0.003 0.172 0.124 0.149 
 48     2437    (0)   11 :  0.005 0.011 0.052 0.002 0.003 0.347 0.084 0.010 0.147 0.229 0.110 
 49     2438    (0)   11 :  0.003 0.007 0.013 0.003 0.001 0.011 0.008 0.005 0.005 0.369 0.576 
 50     2439    (0)   11 :  0.005 0.003 0.050 0.015 0.003 0.006 0.336 0.012 0.014 0.207 0.348 
 51     2440    (0)   11 :  0.011 0.008 0.179 0.006 0.020 0.111 0.063 0.007 0.479 0.071 0.044 
 52     2441    (0)   11 :  0.015 0.035 0.010 0.002 0.042 0.087 0.104 0.019 0.020 0.340 0.326 
 53     2442    (0)   11 :  0.009 0.008 0.029 0.005 0.004 0.267 0.137 0.007 0.013 0.262 0.259 
 54     2443    (0)   11 :  0.065 0.014 0.057 0.006 0.004 0.029 0.109 0.005 0.230 0.244 0.236 
 55     2444    (0)   11 :  0.014 0.004 0.171 0.060 0.003 0.132 0.334 0.013 0.025 0.149 0.094 
 56     2446    (0)   11 :  0.017 0.006 0.027 0.006 0.005 0.016 0.659 0.018 0.010 0.155 0.079 
 57     2447    (0)   11 :  0.004 0.002 0.020 0.008 0.004 0.017 0.023 0.018 0.005 0.375 0.523 
 58     2448    (0)   11 :  0.007 0.007 0.062 0.002 0.002 0.004 0.104 0.612 0.011 0.082 0.106 
 59     2449    (0)   11 :  0.003 0.011 0.327 0.003 0.008 0.354 0.115 0.005 0.022 0.073 0.080 
 60     2450    (0)   11 :  0.003 0.011 0.384 0.003 0.004 0.339 0.065 0.004 0.007 0.082 0.098 
 61     2451    (0)   11 :  0.004 0.011 0.347 0.003 0.007 0.364 0.059 0.008 0.027 0.106 0.064 
 62     2452    (0)   11 :  0.027 0.015 0.078 0.005 0.004 0.004 0.436 0.021 0.025 0.192 0.194 
 63     2453    (0)   11 :  0.010 0.028 0.009 0.002 0.006 0.009 0.148 0.015 0.004 0.456 0.312 
 64     2454    (0)   11 :  0.210 0.010 0.017 0.016 0.005 0.004 0.197 0.237 0.036 0.148 0.120 
 65     2455    (0)   11 :  0.003 0.003 0.101 0.011 0.007 0.018 0.294 0.007 0.124 0.218 0.214 
 66     2456    (0)   11 :  0.018 0.016 0.015 0.003 0.018 0.008 0.029 0.019 0.037 0.438 0.399 
 67     2457    (0)   11 :  0.006 0.004 0.007 0.009 0.023 0.020 0.736 0.006 0.006 0.153 0.028 
 68     2458    (0)   11 :  0.013 0.005 0.007 0.005 0.043 0.194 0.030 0.008 0.008 0.290 0.397 
 69     1074    (0)   12 :  0.019 0.035 0.291 0.027 0.002 0.004 0.149 0.030 0.013 0.175 0.255 
 70     1075    (0)   12 :  0.013 0.008 0.010 0.004 0.002 0.003 0.151 0.019 0.003 0.286 0.501 
 71     1076    (0)   12 :  0.004 0.005 0.950 0.003 0.001 0.005 0.008 0.002 0.003 0.008 0.009 
 72     1077    (0)   12 :  0.173 0.024 0.050 0.071 0.001 0.007 0.194 0.019 0.016 0.205 0.238 
 73     1078    (0)   12 :  0.028 0.011 0.107 0.066 0.005 0.004 0.095 0.011 0.008 0.271 0.395 
 74     2229    (0)    2 :  0.004 0.006 0.005 0.002 0.006 0.002 0.005 0.958 0.004 0.004 0.004 
 75     2230    (0)    2 :  0.007 0.003 0.007 0.022 0.001 0.001 0.008 0.909 0.016 0.011 0.015 
 76     2235    (0)    2 :  0.611 0.010 0.007 0.050 0.016 0.013 0.026 0.103 0.010 0.083 0.070 
 77     2236    (0)    2 :  0.045 0.044 0.158 0.015 0.003 0.002 0.067 0.489 0.011 0.075 0.090 
 78     2237    (0)    2 :  0.960 0.003 0.007 0.006 0.002 0.002 0.004 0.005 0.004 0.003 0.003 
 79     2238    (0)    2 :  0.930 0.009 0.005 0.028 0.002 0.001 0.003 0.011 0.003 0.004 0.004 
 80     2239    (0)    2 :  0.763 0.004 0.007 0.006 0.001 0.001 0.008 0.175 0.007 0.013 0.015 
 81     2240    (0)    2 :  0.091 0.009 0.007 0.068 0.007 0.007 0.041 0.707 0.012 0.028 0.022 
 82     2241    (0)    2 :  0.027 0.006 0.010 0.026 0.017 0.021 0.036 0.784 0.013 0.038 0.022 
 83     2242    (0)    2 :  0.067 0.006 0.030 0.036 0.004 0.002 0.067 0.562 0.029 0.089 0.108 
 84     2243    (0)    2 :  0.254 0.008 0.033 0.442 0.002 0.002 0.020 0.134 0.071 0.018 0.016 
 85     2244    (0)    2 :  0.048 0.002 0.013 0.033 0.002 0.001 0.019 0.829 0.030 0.012 0.012 
 86     2245    (0)    2 :  0.003 0.003 0.004 0.016 0.002 0.003 0.004 0.938 0.019 0.004 0.004 
 87     2246    (0)    2 :  0.026 0.011 0.016 0.055 0.003 0.003 0.014 0.800 0.041 0.015 0.015 
 88     2247    (0)    2 :  0.871 0.004 0.012 0.021 0.001 0.002 0.011 0.035 0.013 0.014 0.015 
 89     2248    (0)    2 :  0.008 0.007 0.005 0.007 0.004 0.002 0.006 0.947 0.005 0.005 0.004 
 90     2249    (0)    2 :  0.012 0.006 0.009 0.196 0.002 0.006 0.024 0.560 0.021 0.082 0.082 
 91     2250    (0)    2 :  0.020 0.002 0.003 0.004 0.001 0.001 0.002 0.957 0.003 0.003 0.004 
 92     2251    (0)    2 :  0.013 0.073 0.009 0.003 0.004 0.006 0.011 0.852 0.009 0.010 0.010 
 93     2252    (0)    2 :  0.049 0.003 0.004 0.004 0.002 0.003 0.005 0.909 0.007 0.006 0.007 
 94     2253    (0)    2 :  0.771 0.002 0.012 0.008 0.001 0.002 0.025 0.034 0.012 0.068 0.064 
 95     2254    (0)    2 :  0.036 0.002 0.011 0.020 0.003 0.002 0.026 0.824 0.030 0.025 0.022 
 96     2255    (0)    2 :  0.025 0.004 0.017 0.041 0.003 0.002 0.011 0.847 0.021 0.016 0.013 
 97     2256    (0)    2 :  0.039 0.003 0.356 0.009 0.002 0.001 0.119 0.199 0.018 0.109 0.144 
 98     2257    (0)    2 :  0.938 0.008 0.003 0.007 0.002 0.008 0.006 0.012 0.007 0.005 0.004 
 99     2258    (0)    2 :  0.058 0.003 0.012 0.004 0.003 0.003 0.055 0.591 0.170 0.045 0.056 
100     2259    (0)    2 :  0.026 0.008 0.012 0.010 0.002 0.001 0.005 0.923 0.003 0.006 0.005 
101     2260    (0)    2 :  0.861 0.003 0.013 0.004 0.002 0.002 0.012 0.066 0.010 0.015 0.012 
102     2261    (0)    2 :  0.014 0.004 0.004 0.033 0.003 0.003 0.005 0.921 0.004 0.005 0.004 
103     2262    (0)    2 :  0.972 0.003 0.002 0.008 0.002 0.001 0.002 0.004 0.002 0.002 0.002 
104     2263    (0)    2 :  0.002 0.003 0.003 0.002 0.004 0.003 0.003 0.968 0.006 0.003 0.003 
105     2264    (0)    2 :  0.025 0.002 0.009 0.012 0.001 0.002 0.010 0.895 0.004 0.019 0.021 
106     2265    (0)    2 :  0.828 0.005 0.045 0.022 0.002 0.004 0.011 0.039 0.007 0.017 0.021 
107     2266    (0)    2 :  0.158 0.011 0.020 0.012 0.001 0.002 0.014 0.746 0.007 0.013 0.015 
108     2267    (0)    2 :  0.007 0.003 0.006 0.005 0.002 0.001 0.005 0.953 0.010 0.005 0.004 
109     2268    (0)    2 :  0.047 0.005 0.011 0.005 0.002 0.007 0.012 0.884 0.004 0.012 0.013 
110     2269    (0)    2 :  0.018 0.004 0.003 0.004 0.001 0.003 0.003 0.953 0.002 0.005 0.004 
111     2270    (0)    2 :  0.536 0.003 0.004 0.010 0.002 0.003 0.005 0.416 0.008 0.006 0.007 
112     2271    (0)    2 :  0.010 0.004 0.010 0.038 0.003 0.006 0.016 0.625 0.134 0.081 0.073 
113      382    (0)    3 :  0.145 0.003 0.009 0.039 0.002 0.004 0.008 0.738 0.016 0.017 0.017 
114      383    (0)    3 :  0.593 0.002 0.017 0.014 0.009 0.002 0.020 0.139 0.129 0.039 0.036 
115      647    (0)    3 :  0.015 0.004 0.022 0.725 0.002 0.003 0.008 0.179 0.024 0.009 0.009 
116      648    (0)    3 :  0.017 0.003 0.016 0.428 0.002 0.004 0.010 0.489 0.014 0.009 0.008 
117      649    (0)    3 :  0.014 0.003 0.005 0.077 0.002 0.002 0.006 0.868 0.005 0.008 0.009 
118      650    (0)    3 :  0.029 0.002 0.007 0.803 0.002 0.003 0.008 0.104 0.006 0.017 0.018 
119      651    (0)    3 :  0.129 0.002 0.006 0.693 0.001 0.003 0.003 0.150 0.004 0.004 0.004 
120      652    (0)    3 :  0.028 0.004 0.006 0.886 0.001 0.001 0.006 0.031 0.023 0.006 0.006 
121      653    (0)    3 :  0.006 0.002 0.004 0.004 0.001 0.001 0.004 0.965 0.003 0.005 0.004 
122      654    (0)    3 :  0.004 0.003 0.003 0.010 0.004 0.001 0.003 0.958 0.005 0.004 0.004 
123      658    (0)    3 :  0.013 0.003 0.005 0.057 0.001 0.002 0.005 0.900 0.002 0.006 0.006 
124      659    (0)    3 :  0.008 0.003 0.005 0.921 0.002 0.001 0.006 0.037 0.008 0.005 0.005 
125      660    (0)    3 :  0.003 0.004 0.006 0.011 0.001 0.001 0.006 0.953 0.003 0.006 0.005 
126      661    (0)    3 :  0.007 0.004 0.005 0.005 0.001 0.001 0.004 0.960 0.003 0.006 0.005 
127      662    (0)    3 :  0.004 0.007 0.003 0.002 0.013 0.002 0.004 0.954 0.003 0.004 0.004 
128      663    (0)    3 :  0.061 0.002 0.004 0.068 0.003 0.002 0.003 0.844 0.005 0.004 0.004 
129      664    (0)    3 :  0.002 0.002 0.002 0.978 0.001 0.002 0.002 0.002 0.003 0.003 0.003 
130      665    (0)    3 :  0.007 0.003 0.012 0.080 0.002 0.008 0.022 0.824 0.020 0.013 0.010 
131      671    (0)    3 :  0.302 0.002 0.004 0.657 0.001 0.001 0.005 0.016 0.006 0.003 0.003 
132      672    (0)    3 :  0.005 0.002 0.005 0.005 0.002 0.002 0.003 0.963 0.003 0.005 0.004 
133      673    (0)    3 :  0.159 0.003 0.004 0.005 0.002 0.002 0.004 0.810 0.003 0.004 0.004 
134      674    (0)    3 :  0.012 0.018 0.008 0.110 0.004 0.003 0.020 0.693 0.054 0.040 0.038 
135      675    (0)    3 :  0.004 0.017 0.004 0.003 0.005 0.002 0.005 0.941 0.006 0.006 0.006 
136      676    (0)    3 :  0.021 0.004 0.007 0.013 0.002 0.002 0.006 0.925 0.007 0.006 0.007 
137      677    (0)    3 :  0.008 0.002 0.002 0.040 0.002 0.001 0.005 0.926 0.005 0.005 0.004 
138      678    (0)    3 :  0.005 0.003 0.003 0.002 0.002 0.002 0.002 0.973 0.002 0.003 0.003 
139      679    (0)    3 :  0.004 0.002 0.004 0.004 0.005 0.003 0.005 0.963 0.003 0.004 0.003 
140      680    (0)    3 :  0.006 0.002 0.006 0.189 0.002 0.001 0.004 0.779 0.003 0.004 0.004 
141      681    (0)    3 :  0.004 0.002 0.004 0.007 0.003 0.002 0.003 0.964 0.004 0.003 0.003 
142      682    (0)    3 :  0.012 0.002 0.005 0.102 0.002 0.001 0.003 0.860 0.005 0.004 0.004 
143      683    (0)    3 :  0.015 0.008 0.059 0.027 0.003 0.003 0.014 0.813 0.018 0.023 0.017 
144      755    (0)    3 :  0.170 0.013 0.080 0.009 0.001 0.003 0.036 0.191 0.116 0.188 0.192 
145     2286    (0)    3 :  0.697 0.006 0.006 0.029 0.002 0.001 0.004 0.242 0.005 0.004 0.004 
146      690    (0)    4 :  0.009 0.008 0.574 0.005 0.001 0.003 0.058 0.013 0.280 0.025 0.024 
147      691    (0)    4 :  0.003 0.003 0.018 0.002 0.005 0.031 0.009 0.003 0.901 0.014 0.012 
148      692    (0)    4 :  0.010 0.010 0.005 0.005 0.011 0.002 0.005 0.010 0.930 0.006 0.007 
149      693    (0)    4 :  0.004 0.002 0.004 0.003 0.002 0.001 0.008 0.004 0.961 0.007 0.005 
150      694    (0)    4 :  0.005 0.002 0.346 0.010 0.001 0.002 0.011 0.007 0.592 0.012 0.013 
151      695    (0)    4 :  0.007 0.013 0.011 0.003 0.003 0.004 0.025 0.004 0.901 0.015 0.014 
152      696    (0)    4 :  0.006 0.054 0.023 0.049 0.002 0.006 0.012 0.017 0.797 0.018 0.017 
153      697    (0)    4 :  0.027 0.004 0.016 0.028 0.001 0.001 0.009 0.006 0.890 0.009 0.009 
154      698    (0)    4 :  0.004 0.002 0.009 0.003 0.003 0.002 0.005 0.004 0.956 0.006 0.007 
155      699    (0)    4 :  0.022 0.010 0.005 0.005 0.006 0.001 0.007 0.011 0.924 0.005 0.004 
156      700    (0)    4 :  0.020 0.087 0.119 0.079 0.002 0.002 0.189 0.010 0.326 0.100 0.067 
157      701    (0)    4 :  0.005 0.006 0.017 0.002 0.015 0.008 0.022 0.005 0.855 0.030 0.032 
158      703    (0)    4 :  0.004 0.007 0.011 0.006 0.005 0.043 0.012 0.003 0.885 0.012 0.013 
159      704    (0)    4 :  0.013 0.012 0.022 0.014 0.003 0.003 0.009 0.006 0.876 0.017 0.023 
160      705    (0)    4 :  0.010 0.013 0.011 0.003 0.002 0.008 0.013 0.011 0.817 0.054 0.058 
161      706    (0)    4 :  0.008 0.004 0.009 0.020 0.004 0.004 0.009 0.006 0.904 0.017 0.016 
162      707    (0)    4 :  0.008 0.004 0.003 0.015 0.002 0.002 0.004 0.013 0.940 0.005 0.006 
163      708    (0)    4 :  0.031 0.010 0.007 0.006 0.006 0.003 0.007 0.020 0.897 0.007 0.006 
164      709    (0)    4 :  0.015 0.007 0.034 0.003 0.002 0.001 0.018 0.007 0.869 0.021 0.023 
165      710    (0)    4 :  0.003 0.004 0.013 0.002 0.029 0.004 0.013 0.006 0.900 0.015 0.012 
166      711    (0)    4 :  0.007 0.003 0.022 0.005 0.002 0.009 0.023 0.014 0.847 0.035 0.034 
167     2287    (0)    4 :  0.007 0.007 0.013 0.004 0.002 0.004 0.010 0.014 0.909 0.015 0.016 
168     2288    (0)    4 :  0.011 0.006 0.010 0.007 0.016 0.012 0.012 0.005 0.888 0.015 0.016 
169     2289    (0)    4 :  0.004 0.006 0.007 0.002 0.006 0.003 0.011 0.003 0.945 0.007 0.006 
170     2290    (0)    4 :  0.037 0.009 0.021 0.007 0.002 0.002 0.009 0.004 0.888 0.010 0.012 
171     2291    (0)    4 :  0.003 0.002 0.005 0.007 0.002 0.003 0.012 0.011 0.934 0.009 0.011 
172     2292    (0)    4 :  0.008 0.003 0.003 0.015 0.001 0.001 0.003 0.004 0.954 0.003 0.003 
173     2293    (0)    4 :  0.004 0.005 0.021 0.005 0.005 0.004 0.106 0.005 0.781 0.042 0.022 
174     2294    (0)    4 :  0.006 0.007 0.029 0.003 0.004 0.122 0.026 0.003 0.743 0.029 0.028 
175     2295    (0)    4 :  0.149 0.010 0.059 0.019 0.002 0.002 0.030 0.019 0.571 0.058 0.082 
176     2296    (0)    4 :  0.004 0.004 0.005 0.002 0.002 0.003 0.004 0.003 0.967 0.004 0.003 
177     2297    (0)    4 :  0.004 0.002 0.022 0.009 0.002 0.003 0.013 0.007 0.890 0.020 0.029 
178     2298    (0)    4 :  0.003 0.003 0.004 0.003 0.003 0.009 0.007 0.003 0.946 0.008 0.010 
179     2299    (0)    4 :  0.006 0.013 0.008 0.003 0.002 0.003 0.007 0.004 0.931 0.010 0.012 
180     2300    (0)    4 :  0.002 0.003 0.005 0.002 0.006 0.002 0.005 0.004 0.961 0.005 0.005 
181     2301    (0)    4 :  0.008 0.002 0.004 0.009 0.001 0.001 0.004 0.009 0.954 0.004 0.004 
182     2302    (0)    4 :  0.005 0.003 0.005 0.003 0.002 0.002 0.004 0.004 0.965 0.003 0.003 
183     2303    (0)    4 :  0.004 0.002 0.016 0.003 0.001 0.016 0.010 0.003 0.920 0.011 0.012 
184     2304    (0)    4 :  0.012 0.003 0.024 0.028 0.004 0.006 0.011 0.027 0.864 0.012 0.009 
185     2305    (0)    4 :  0.016 0.024 0.006 0.013 0.001 0.002 0.005 0.005 0.909 0.008 0.010 
186     2306    (0)    4 :  0.010 0.004 0.010 0.005 0.003 0.009 0.012 0.017 0.883 0.022 0.025 
187     2307    (0)    4 :  0.011 0.013 0.011 0.039 0.003 0.004 0.028 0.013 0.847 0.019 0.012 
188     2308    (0)    4 :  0.003 0.003 0.015 0.002 0.007 0.742 0.045 0.002 0.008 0.095 0.079 
189     2309    (0)    4 :  0.005 0.003 0.013 0.003 0.004 0.001 0.007 0.010 0.939 0.007 0.008 
190     2310    (0)    4 :  0.006 0.003 0.021 0.039 0.001 0.001 0.007 0.009 0.896 0.008 0.008 
191     2311    (0)    4 :  0.006 0.004 0.002 0.002 0.003 0.001 0.005 0.004 0.966 0.004 0.004 
192     2312    (0)    4 :  0.006 0.002 0.005 0.004 0.002 0.002 0.004 0.005 0.964 0.004 0.004 
193     2313    (0)    4 :  0.020 0.005 0.018 0.014 0.002 0.002 0.008 0.006 0.901 0.011 0.013 
194     2314    (0)    4 :  0.005 0.003 0.271 0.015 0.001 0.003 0.013 0.009 0.656 0.011 0.012 
195     2315    (0)    4 :  0.004 0.008 0.009 0.011 0.002 0.005 0.005 0.005 0.935 0.008 0.008 
196     2316    (0)    4 :  0.014 0.009 0.018 0.006 0.003 0.014 0.020 0.007 0.869 0.021 0.020 
197     2317    (0)    4 :  0.005 0.004 0.004 0.004 0.004 0.002 0.007 0.004 0.954 0.006 0.007 
198     2318    (0)    4 :  0.007 0.009 0.009 0.003 0.002 0.003 0.008 0.004 0.941 0.007 0.007 
199     2319    (0)    4 :  0.004 0.002 0.003 0.002 0.003 0.026 0.005 0.003 0.945 0.004 0.004 
200     2320    (0)    4 :  0.003 0.019 0.003 0.003 0.004 0.002 0.004 0.003 0.950 0.004 0.003 
201     2321    (0)    4 :  0.007 0.012 0.043 0.005 0.005 0.006 0.014 0.028 0.843 0.018 0.019 
202     2322    (0)    4 :  0.006 0.010 0.028 0.003 0.006 0.005 0.068 0.010 0.769 0.048 0.047 
203     2323    (0)    4 :  0.009 0.007 0.012 0.002 0.012 0.007 0.009 0.003 0.922 0.010 0.008 
204     2324    (0)    4 :  0.005 0.003 0.008 0.002 0.003 0.003 0.006 0.003 0.957 0.005 0.005 
205     2325    (0)    4 :  0.005 0.003 0.005 0.011 0.003 0.002 0.006 0.005 0.953 0.004 0.004 
206     2326    (0)    4 :  0.015 0.007 0.045 0.002 0.001 0.004 0.113 0.014 0.310 0.219 0.269 
207     2327    (0)    4 :  0.012 0.011 0.013 0.025 0.002 0.008 0.022 0.019 0.845 0.024 0.018 
208     2328    (0)    4 :  0.007 0.008 0.066 0.004 0.002 0.005 0.031 0.009 0.715 0.077 0.077 
209     2329    (0)    4 :  0.021 0.004 0.006 0.009 0.001 0.001 0.006 0.008 0.929 0.007 0.008 
210     2330    (0)    4 :  0.006 0.003 0.008 0.008 0.001 0.003 0.005 0.008 0.946 0.006 0.007 
211     2331    (0)    4 :  0.006 0.004 0.006 0.002 0.012 0.002 0.012 0.009 0.927 0.011 0.009 
212     2332    (0)    4 :  0.004 0.001 0.020 0.007 0.001 0.003 0.013 0.017 0.918 0.008 0.006 
213     2333    (0)    4 :  0.003 0.005 0.068 0.004 0.008 0.009 0.050 0.003 0.818 0.019 0.013 
214     2334    (0)    4 :  0.004 0.003 0.005 0.002 0.002 0.002 0.007 0.003 0.962 0.005 0.005 
215     2335    (0)    4 :  0.003 0.006 0.003 0.005 0.003 0.003 0.003 0.003 0.965 0.003 0.003 
216     2336    (0)    4 :  0.009 0.003 0.003 0.004 0.001 0.001 0.004 0.005 0.963 0.004 0.003 
217     2337    (0)    4 :  0.003 0.002 0.004 0.015 0.003 0.002 0.003 0.003 0.959 0.004 0.003 
218     2338    (0)    4 :  0.007 0.007 0.004 0.008 0.002 0.002 0.004 0.003 0.956 0.004 0.004 
219     2339    (0)    4 :  0.004 0.002 0.011 0.007 0.003 0.004 0.065 0.004 0.847 0.032 0.021 
220     2340    (0)    4 :  0.003 0.003 0.004 0.005 0.001 0.002 0.004 0.005 0.964 0.004 0.005 
221     2341    (0)    4 :  0.008 0.005 0.009 0.010 0.005 0.002 0.006 0.015 0.924 0.007 0.007 
222     2342    (2)    4 :  0.018 0.004 0.025 0.003 0.003 0.004 0.016 0.006 0.900 0.013 0.011 
223     2343    (0)    4 :  0.032 0.002 0.009 0.003 0.005 0.006 0.020 0.008 0.897 0.010 0.008 
224     2344    (0)    4 :  0.005 0.002 0.013 0.035 0.003 0.004 0.007 0.003 0.916 0.006 0.006 
225      195    (0)    5 :  0.006 0.937 0.004 0.006 0.001 0.004 0.006 0.017 0.005 0.007 0.007 
226      364    (0)    5 :  0.003 0.977 0.002 0.004 0.001 0.002 0.002 0.002 0.002 0.002 0.002 
227      756    (0)    5 :  0.003 0.936 0.008 0.003 0.004 0.008 0.007 0.004 0.005 0.010 0.011 
228      757    (0)    5 :  0.119 0.695 0.036 0.008 0.002 0.003 0.039 0.024 0.014 0.031 0.028 
229      758    (0)    5 :  0.010 0.945 0.007 0.004 0.002 0.005 0.006 0.005 0.004 0.006 0.006 
230      759    (0)    5 :  0.029 0.834 0.030 0.011 0.003 0.003 0.021 0.014 0.008 0.023 0.024 
231      760    (0)    5 :  0.005 0.720 0.029 0.002 0.002 0.016 0.054 0.004 0.003 0.067 0.099 
232      766    (0)    5 :  0.004 0.970 0.004 0.002 0.002 0.002 0.003 0.003 0.005 0.002 0.002 
233      767    (0)    5 :  0.013 0.933 0.005 0.007 0.006 0.006 0.005 0.004 0.007 0.007 0.006 
234      768    (0)    5 :  0.014 0.877 0.023 0.020 0.003 0.011 0.009 0.005 0.010 0.016 0.012 
235      769    (0)    5 :  0.007 0.861 0.051 0.002 0.017 0.003 0.020 0.004 0.004 0.016 0.016 
236      770    (0)    5 :  0.007 0.934 0.006 0.006 0.003 0.003 0.006 0.008 0.010 0.008 0.008 
237      771    (0)    5 :  0.003 0.976 0.002 0.002 0.002 0.003 0.002 0.002 0.002 0.003 0.003 
238      772    (0)    5 :  0.014 0.606 0.020 0.009 0.002 0.011 0.035 0.015 0.005 0.112 0.169 
239      773    (0)    5 :  0.002 0.982 0.002 0.002 0.001 0.002 0.002 0.002 0.002 0.003 0.002 
240      774    (0)    5 :  0.002 0.983 0.002 0.002 0.001 0.001 0.002 0.002 0.002 0.002 0.002 
241      775    (0)    5 :  0.003 0.980 0.002 0.002 0.001 0.001 0.002 0.002 0.002 0.002 0.002 
242      776    (0)    5 :  0.003 0.978 0.003 0.002 0.001 0.001 0.002 0.002 0.002 0.002 0.002 
243      777    (0)    5 :  0.005 0.958 0.003 0.009 0.002 0.003 0.003 0.006 0.005 0.003 0.003 
244      857    (0)    6 :  0.003 0.005 0.004 0.002 0.932 0.035 0.004 0.003 0.003 0.005 0.005 
245      858    (0)    6 :  0.001 0.004 0.001 0.001 0.983 0.001 0.002 0.002 0.002 0.002 0.001 
246      859    (0)    6 :  0.002 0.002 0.002 0.002 0.981 0.002 0.002 0.001 0.002 0.002 0.002 
247      860    (0)    6 :  0.002 0.032 0.009 0.001 0.930 0.004 0.004 0.002 0.003 0.006 0.006 
248      861    (0)    6 :  0.001 0.002 0.001 0.001 0.984 0.001 0.002 0.001 0.002 0.002 0.002 
249      862    (0)    6 :  0.005 0.015 0.007 0.005 0.901 0.029 0.006 0.015 0.004 0.007 0.007 
250      863    (0)    6 :  0.001 0.002 0.002 0.002 0.976 0.006 0.002 0.002 0.002 0.002 0.002 
251      864    (0)    6 :  0.001 0.001 0.001 0.001 0.984 0.002 0.002 0.002 0.002 0.002 0.002 
252      865    (0)    6 :  0.003 0.002 0.004 0.002 0.907 0.004 0.019 0.005 0.005 0.024 0.026 
253      866    (0)    6 :  0.003 0.046 0.009 0.008 0.895 0.004 0.006 0.005 0.008 0.008 0.009 
254     2355    (0)    7 :  0.007 0.031 0.058 0.004 0.004 0.018 0.356 0.006 0.125 0.228 0.163 
255     2356    (0)    7 :  0.004 0.072 0.057 0.002 0.004 0.017 0.251 0.003 0.020 0.335 0.235 
256     2357    (0)    7 :  0.040 0.005 0.635 0.037 0.001 0.001 0.116 0.014 0.056 0.049 0.045 
257     2358    (0)    7 :  0.007 0.007 0.015 0.003 0.008 0.012 0.042 0.004 0.006 0.372 0.524 
258     2359    (0)    7 :  0.007 0.003 0.042 0.004 0.002 0.003 0.064 0.010 0.048 0.289 0.528 
259     2360    (0)    7 :  0.012 0.006 0.327 0.011 0.006 0.058 0.191 0.003 0.006 0.157 0.221 
260     2361    (2)    7 :  0.015 0.017 0.011 0.005 0.001 0.003 0.063 0.007 0.007 0.357 0.513 
261     2362    (0)    7 :  0.007 0.003 0.634 0.003 0.002 0.017 0.031 0.011 0.006 0.118 0.168 
262     2363    (0)    7 :  0.004 0.006 0.029 0.006 0.224 0.031 0.452 0.011 0.008 0.140 0.089 
263     2364    (0)    7 :  0.005 0.003 0.042 0.016 0.008 0.016 0.241 0.029 0.022 0.316 0.302 
264     2369    (0)    8 :  0.035 0.012 0.047 0.011 0.002 0.006 0.082 0.140 0.028 0.223 0.414 
265     2370    (0)    8 :  0.013 0.003 0.490 0.004 0.001 0.002 0.054 0.012 0.005 0.138 0.278 
266     2372    (0)    8 :  0.014 0.003 0.251 0.006 0.004 0.007 0.162 0.006 0.231 0.159 0.156 
267     2373    (0)    8 :  0.033 0.444 0.030 0.010 0.010 0.260 0.041 0.021 0.010 0.080 0.060 
268     2374    (0)    8 :  0.004 0.003 0.006 0.003 0.003 0.001 0.794 0.005 0.003 0.155 0.023 
269     2375    (0)    8 :  0.012 0.011 0.114 0.004 0.005 0.004 0.221 0.005 0.017 0.324 0.282 
270     2376    (0)    8 :  0.035 0.004 0.159 0.006 0.029 0.009 0.036 0.018 0.503 0.105 0.095 
271     2377    (0)    8 :  0.086 0.005 0.028 0.005 0.002 0.011 0.141 0.045 0.008 0.322 0.346 
272     2378    (0)    8 :  0.056 0.004 0.011 0.004 0.001 0.001 0.082 0.005 0.009 0.283 0.543 
273     2379    (0)    8 :  0.004 0.003 0.006 0.004 0.035 0.011 0.021 0.009 0.023 0.432 0.452 
274     2380    (0)    8 :  0.003 0.003 0.221 0.005 0.002 0.002 0.329 0.011 0.207 0.128 0.088 
275     2381    (0)    8 :  0.031 0.014 0.037 0.010 0.002 0.002 0.036 0.020 0.016 0.332 0.499 
276     2382    (0)    8 :  0.002 0.012 0.183 0.002 0.002 0.050 0.147 0.002 0.011 0.257 0.333 
277     2383    (0)    8 :  0.012 0.006 0.333 0.005 0.003 0.007 0.084 0.122 0.014 0.169 0.244 
278     2384    (0)    8 :  0.005 0.007 0.166 0.013 0.002 0.032 0.113 0.020 0.016 0.270 0.359 
279     2385    (0)    8 :  0.007 0.005 0.024 0.004 0.001 0.023 0.083 0.006 0.018 0.372 0.458 
280     2386    (0)    8 :  0.008 0.005 0.090 0.006 0.002 0.002 0.282 0.055 0.007 0.311 0.232 
281     2387    (0)    8 :  0.009 0.008 0.080 0.007 0.004 0.005 0.035 0.012 0.034 0.341 0.466 
282     2388    (0)    8 :  0.002 0.038 0.008 0.004 0.002 0.007 0.006 0.003 0.007 0.382 0.541 
283     2389    (2)    8 :  0.008 0.115 0.107 0.002 0.123 0.199 0.089 0.008 0.059 0.177 0.112 
284     2390    (0)    8 :  0.004 0.006 0.005 0.010 0.009 0.039 0.017 0.004 0.040 0.379 0.486 
285     2391    (0)    8 :  0.091 0.005 0.017 0.019 0.017 0.002 0.023 0.029 0.044 0.316 0.437 
286     2392    (0)    8 :  0.110 0.002 0.026 0.039 0.008 0.006 0.186 0.063 0.017 0.272 0.270 
287     2459    (0)    9 :  0.005 0.002 0.007 0.003 0.003 0.006 0.765 0.005 0.025 0.167 0.012 
288     2460    (0)    9 :  0.094 0.003 0.020 0.005 0.007 0.007 0.186 0.042 0.010 0.349 0.277 
289     2461    (0)    9 :  0.004 0.004 0.335 0.006 0.007 0.008 0.237 0.004 0.077 0.114 0.204 
290     2462    (4)    9 :  0.013 0.002 0.012 0.003 0.001 0.004 0.748 0.012 0.015 0.177 0.013 
291     2463    (0)    9 :  0.034 0.027 0.056 0.007 0.004 0.003 0.617 0.007 0.028 0.163 0.056 
292     2464    (2)    9 :  0.009 0.008 0.021 0.015 0.007 0.021 0.729 0.006 0.007 0.154 0.023 
293     2465    (0)    9 :  0.009 0.003 0.677 0.010 0.004 0.012 0.071 0.012 0.029 0.073 0.102 
294     2466    (2)    9 :  0.010 0.003 0.017 0.023 0.009 0.005 0.457 0.008 0.176 0.144 0.148 
295     2467    (0)    9 :  0.017 0.126 0.037 0.015 0.036 0.015 0.059 0.010 0.279 0.201 0.205 
296     2468    (0)    9 :  0.009 0.007 0.292 0.004 0.002 0.010 0.342 0.007 0.102 0.122 0.102 
297     2469    (0)    9 :  0.005 0.003 0.138 0.004 0.002 0.015 0.284 0.019 0.016 0.198 0.315 


Estimated Allele Frequencies in each cluster
First column gives estimated ancestral frequencies


Locus 1 : 1 
4 alleles
0.0% missing data
  89   (0.500) 0.730 0.627 0.601 0.811 0.092 0.399 0.466 0.574 0.419 0.493 0.501 
  91   (0.350) 0.157 0.333 0.204 0.163 0.568 0.546 0.411 0.302 0.544 0.357 0.333 
  93   (0.130) 0.110 0.039 0.188 0.024 0.042 0.053 0.115 0.123 0.037 0.128 0.141 
  99   (0.020) 0.003 0.002 0.006 0.003 0.298 0.001 0.008 0.001 0.001 0.022 0.025 

Locus 2 : 2 
6 alleles
0.0% missing data
 136   (0.401) 0.526 0.537 0.333 0.565 0.063 0.567 0.368 0.477 0.509 0.386 0.388 
 138   (0.232) 0.124 0.123 0.176 0.109 0.896 0.222 0.249 0.388 0.111 0.233 0.219 
 140   (0.078) 0.026 0.008 0.039 0.098 0.009 0.057 0.085 0.096 0.007 0.092 0.102 
 134   (0.244) 0.318 0.326 0.436 0.221 0.026 0.111 0.271 0.035 0.291 0.246 0.242 
 142   (0.024) 0.004 0.002 0.007 0.004 0.002 0.042 0.010 0.002 0.079 0.014 0.012 
 132   (0.022) 0.003 0.003 0.009 0.003 0.003 0.002 0.017 0.002 0.001 0.029 0.037 

Locus 3 : 3 
6 alleles
0.0% missing data
 181   (0.192) 0.289 0.064 0.209 0.059 0.161 0.085 0.198 0.088 0.306 0.179 0.158 
 187   (0.337) 0.572 0.475 0.190 0.495 0.789 0.333 0.255 0.472 0.169 0.332 0.359 
 185   (0.078) 0.010 0.203 0.050 0.010 0.011 0.244 0.098 0.006 0.018 0.083 0.081 
 179   (0.299) 0.116 0.031 0.409 0.423 0.030 0.143 0.372 0.311 0.472 0.322 0.319 
 175   (0.053) 0.008 0.009 0.072 0.007 0.005 0.192 0.025 0.004 0.032 0.054 0.064 
 191   (0.040) 0.006 0.219 0.070 0.006 0.004 0.003 0.052 0.120 0.002 0.030 0.019 

Locus 4 : 4 
12 alleles
0.0% missing data
 241   (0.156) 0.029 0.114 0.084 0.026 0.057 0.463 0.158 0.065 0.171 0.171 0.183 
 249   (0.046) 0.006 0.004 0.013 0.368 0.089 0.058 0.024 0.168 0.003 0.032 0.029 
 245   (0.016) 0.002 0.002 0.004 0.002 0.002 0.101 0.007 0.001 0.001 0.012 0.010 
 271   (0.050) 0.038 0.005 0.016 0.010 0.011 0.186 0.115 0.007 0.007 0.059 0.041 
 269   (0.194) 0.071 0.082 0.283 0.074 0.342 0.041 0.205 0.133 0.191 0.207 0.218 
 253   (0.426) 0.838 0.406 0.544 0.504 0.399 0.125 0.396 0.599 0.621 0.410 0.412 
 247   (0.052) 0.007 0.375 0.039 0.008 0.005 0.019 0.058 0.004 0.003 0.066 0.074 
 273   (0.013) 0.002 0.002 0.004 0.002 0.003 0.001 0.016 0.001 0.001 0.015 0.010 
 267   (0.011) 0.001 0.001 0.003 0.002 0.001 0.001 0.004 0.010 0.001 0.005 0.004 
 235   (0.010) 0.001 0.001 0.003 0.001 0.001 0.001 0.004 0.010 0.001 0.005 0.004 
 239   (0.015) 0.003 0.008 0.004 0.002 0.089 0.003 0.006 0.001 0.001 0.009 0.007 
 265   (0.010) 0.002 0.001 0.003 0.001 0.001 0.001 0.007 0.001 0.001 0.009 0.008 

Locus 5 : 5 
5 alleles
0.0% missing data
 103   (0.878) 0.936 0.892 0.962 0.945 0.988 0.768 0.878 0.941 0.850 0.899 0.916 
 105   (0.051) 0.008 0.005 0.018 0.009 0.006 0.200 0.081 0.004 0.129 0.050 0.036 
 104   (0.043) 0.049 0.004 0.013 0.011 0.004 0.030 0.030 0.052 0.020 0.029 0.023 
 107   (0.011) 0.005 0.001 0.003 0.034 0.001 0.001 0.004 0.002 0.001 0.005 0.004 
 102   (0.018) 0.002 0.098 0.005 0.002 0.002 0.001 0.007 0.001 0.001 0.017 0.020 

Locus 6 : 6 
6 alleles
0.0% missing data
 135   (0.282) 0.059 0.500 0.218 0.055 0.810 0.684 0.283 0.233 0.219 0.281 0.256 
 147   (0.064) 0.012 0.151 0.030 0.009 0.006 0.123 0.031 0.059 0.051 0.050 0.049 
 137   (0.019) 0.003 0.008 0.006 0.003 0.002 0.088 0.008 0.001 0.001 0.015 0.016 
 141   (0.308) 0.813 0.137 0.191 0.477 0.032 0.078 0.294 0.507 0.393 0.316 0.328 
 145   (0.315) 0.112 0.204 0.552 0.451 0.149 0.025 0.380 0.190 0.335 0.333 0.347 
 143   (0.011) 0.002 0.001 0.003 0.004 0.001 0.001 0.004 0.009 0.001 0.005 0.004 

Locus 7 : 7 
10 alleles
0.3% missing data
  93   (0.242) 0.248 0.172 0.190 0.086 0.337 0.339 0.183 0.425 0.169 0.252 0.260 
  99   (0.016) 0.002 0.002 0.021 0.002 0.002 0.037 0.007 0.001 0.001 0.010 0.009 
  89   (0.068) 0.010 0.008 0.028 0.074 0.007 0.191 0.066 0.046 0.035 0.064 0.064 
  97   (0.191) 0.447 0.291 0.261 0.354 0.180 0.117 0.171 0.059 0.074 0.184 0.181 
 101   (0.019) 0.003 0.002 0.005 0.003 0.002 0.114 0.024 0.006 0.001 0.014 0.008 
  91   (0.050) 0.007 0.140 0.013 0.008 0.289 0.103 0.021 0.039 0.038 0.030 0.025 
 105   (0.020) 0.002 0.002 0.005 0.003 0.141 0.065 0.019 0.001 0.001 0.012 0.008 
 103   (0.313) 0.269 0.328 0.366 0.456 0.034 0.028 0.374 0.307 0.598 0.350 0.377 
  83   (0.044) 0.006 0.053 0.101 0.007 0.004 0.003 0.035 0.003 0.025 0.042 0.050 
  85   (0.037) 0.005 0.004 0.010 0.008 0.004 0.003 0.099 0.112 0.058 0.041 0.018 

Locus 8 : 8 
10 alleles
0.0% missing data
 129   (0.554) 0.719 0.607 0.614 0.307 0.358 0.396 0.637 0.696 0.518 0.613 0.616 
 143   (0.218) 0.051 0.241 0.204 0.060 0.383 0.287 0.249 0.059 0.375 0.234 0.242 
 149   (0.065) 0.124 0.044 0.032 0.381 0.006 0.273 0.038 0.076 0.004 0.048 0.046 
 127   (0.023) 0.003 0.031 0.007 0.004 0.033 0.031 0.009 0.002 0.002 0.013 0.012 
 145   (0.015) 0.002 0.002 0.024 0.002 0.002 0.001 0.006 0.001 0.006 0.008 0.006 
 141   (0.076) 0.093 0.072 0.093 0.239 0.007 0.006 0.041 0.149 0.093 0.051 0.044 
 133   (0.016) 0.003 0.002 0.018 0.002 0.002 0.002 0.007 0.001 0.001 0.017 0.021 
 131   (0.014) 0.002 0.001 0.004 0.003 0.169 0.001 0.006 0.005 0.001 0.007 0.006 
 121   (0.010) 0.001 0.001 0.003 0.001 0.001 0.001 0.004 0.010 0.001 0.005 0.004 
 128   (0.009) 0.001 0.001 0.002 0.001 0.039 0.001 0.003 0.001 0.001 0.004 0.004 

Locus 9 : 9 
4 alleles
0.0% missing data
 191   (0.391) 0.691 0.474 0.301 0.541 0.382 0.260 0.351 0.580 0.439 0.369 0.366 
 195   (0.183) 0.059 0.039 0.288 0.136 0.138 0.416 0.145 0.179 0.361 0.152 0.143 
 189   (0.411) 0.247 0.486 0.396 0.319 0.479 0.322 0.497 0.233 0.199 0.470 0.484 
 193   (0.015) 0.003 0.001 0.015 0.004 0.002 0.003 0.007 0.008 0.001 0.009 0.007 

Locus 10 : 10 
7 alleles
0.0% missing data
 238   (0.516) 0.554 0.217 0.652 0.398 0.315 0.697 0.595 0.405 0.604 0.529 0.506 
 232   (0.230) 0.120 0.298 0.231 0.518 0.176 0.062 0.147 0.492 0.147 0.233 0.277 
 250   (0.036) 0.005 0.004 0.015 0.005 0.003 0.162 0.024 0.002 0.007 0.039 0.046 
 252   (0.127) 0.308 0.173 0.064 0.064 0.013 0.066 0.169 0.066 0.175 0.123 0.097 
 254   (0.062) 0.009 0.299 0.020 0.011 0.490 0.011 0.050 0.023 0.066 0.050 0.040 
 240   (0.010) 0.001 0.001 0.003 0.002 0.001 0.001 0.004 0.010 0.001 0.005 0.004 
 248   (0.018) 0.003 0.009 0.015 0.002 0.002 0.001 0.011 0.001 0.001 0.020 0.030 

Locus 11 : 11 
5 alleles
0.0% missing data
  87   (0.707) 0.753 0.610 0.746 0.629 0.805 0.514 0.673 0.637 0.762 0.745 0.776 
  91   (0.069) 0.185 0.100 0.025 0.297 0.007 0.325 0.061 0.060 0.004 0.050 0.043 
  89   (0.198) 0.058 0.277 0.222 0.070 0.186 0.101 0.256 0.301 0.233 0.188 0.162 
  85   (0.016) 0.002 0.001 0.004 0.002 0.001 0.059 0.006 0.001 0.001 0.011 0.012 
  83   (0.010) 0.001 0.012 0.003 0.001 0.001 0.001 0.005 0.001 0.001 0.007 0.007 

Locus 12 : 12 
13 alleles
0.0% missing data
 154   (0.021) 0.005 0.002 0.007 0.003 0.005 0.013 0.014 0.002 0.002 0.023 0.024 
 160   (0.250) 0.261 0.643 0.292 0.057 0.481 0.502 0.292 0.147 0.071 0.261 0.257 
 161   (0.099) 0.032 0.009 0.107 0.136 0.009 0.218 0.072 0.062 0.183 0.086 0.086 
 170   (0.041) 0.024 0.004 0.066 0.006 0.004 0.127 0.024 0.003 0.003 0.045 0.060 
 158   (0.216) 0.425 0.060 0.291 0.506 0.020 0.059 0.185 0.451 0.270 0.211 0.208 
 143   (0.027) 0.004 0.003 0.008 0.004 0.282 0.048 0.017 0.002 0.013 0.017 0.013 
 162   (0.233) 0.159 0.270 0.145 0.144 0.187 0.019 0.322 0.201 0.322 0.273 0.274 
 149   (0.019) 0.003 0.002 0.029 0.003 0.003 0.002 0.020 0.001 0.001 0.020 0.018 
 147   (0.053) 0.080 0.005 0.025 0.119 0.005 0.004 0.034 0.113 0.134 0.038 0.038 
 159   (0.011) 0.002 0.001 0.021 0.002 0.001 0.001 0.004 0.001 0.001 0.005 0.004 
 164   (0.010) 0.002 0.001 0.003 0.019 0.001 0.001 0.004 0.015 0.001 0.005 0.004 
 165   (0.011) 0.001 0.001 0.003 0.001 0.001 0.006 0.006 0.001 0.001 0.007 0.006 
 134   (0.010) 0.001 0.001 0.004 0.001 0.001 0.001 0.008 0.001 0.001 0.008 0.007 

Locus 13 : 13 
4 alleles
0.0% missing data
 113   (0.327) 0.222 0.483 0.402 0.142 0.471 0.279 0.245 0.452 0.376 0.310 0.306 
 115   (0.492) 0.545 0.471 0.411 0.810 0.135 0.476 0.574 0.386 0.447 0.530 0.549 
 108   (0.171) 0.231 0.045 0.183 0.046 0.393 0.242 0.176 0.162 0.175 0.152 0.139 
 110   (0.010) 0.001 0.001 0.004 0.001 0.001 0.003 0.006 0.001 0.001 0.008 0.006 

Locus 14 : 14 
10 alleles
0.0% missing data
 231   (0.173) 0.122 0.418 0.088 0.028 0.420 0.436 0.177 0.104 0.457 0.155 0.132 
 233   (0.060) 0.012 0.006 0.018 0.252 0.136 0.118 0.029 0.103 0.022 0.043 0.043 
 229   (0.421) 0.573 0.404 0.442 0.437 0.072 0.355 0.402 0.466 0.315 0.463 0.506 
 225   (0.145) 0.069 0.153 0.068 0.062 0.054 0.069 0.191 0.066 0.060 0.170 0.163 
 227   (0.152) 0.218 0.014 0.346 0.213 0.312 0.012 0.171 0.251 0.142 0.136 0.127 
 213   (0.010) 0.001 0.001 0.003 0.001 0.001 0.002 0.006 0.001 0.001 0.008 0.008 
 221   (0.010) 0.001 0.001 0.021 0.001 0.001 0.001 0.003 0.001 0.001 0.005 0.004 
 255   (0.010) 0.002 0.001 0.005 0.003 0.001 0.001 0.004 0.007 0.001 0.005 0.004 
 223   (0.010) 0.001 0.001 0.003 0.001 0.001 0.006 0.005 0.001 0.001 0.007 0.006 
 203   (0.010) 0.001 0.001 0.007 0.001 0.001 0.001 0.010 0.001 0.001 0.007 0.005 

Locus 15 : 15 
5 alleles
0.3% missing data
 143   (0.893) 0.986 0.855 0.956 0.983 0.716 0.806 0.923 0.955 0.916 0.923 0.933 
 147   (0.027) 0.004 0.045 0.009 0.003 0.003 0.082 0.038 0.002 0.002 0.021 0.013 
 145   (0.058) 0.008 0.006 0.029 0.011 0.280 0.110 0.029 0.042 0.081 0.041 0.041 
 157   (0.011) 0.001 0.001 0.003 0.001 0.001 0.001 0.006 0.001 0.001 0.010 0.008 
 133   (0.011) 0.001 0.094 0.003 0.001 0.001 0.001 0.004 0.001 0.001 0.005 0.004 

Locus 16 : 16 
5 alleles
0.0% missing data
 156   (0.267) 0.115 0.384 0.259 0.317 0.472 0.249 0.344 0.305 0.341 0.256 0.218 
 160   (0.135) 0.062 0.076 0.158 0.203 0.014 0.097 0.084 0.113 0.131 0.131 0.147 
 154   (0.090) 0.046 0.077 0.033 0.076 0.080 0.344 0.043 0.040 0.057 0.078 0.082 
 158   (0.497) 0.776 0.462 0.544 0.402 0.433 0.310 0.523 0.541 0.470 0.527 0.545 
 152   (0.010) 0.002 0.001 0.005 0.002 0.001 0.001 0.006 0.001 0.001 0.008 0.008 

Locus 17 : 17 
5 alleles
0.0% missing data
  90   (0.678) 0.818 0.629 0.637 0.600 0.531 0.434 0.684 0.763 0.821 0.695 0.704 
 100   (0.074) 0.013 0.007 0.059 0.010 0.443 0.168 0.119 0.006 0.005 0.094 0.091 
  88   (0.048) 0.008 0.006 0.067 0.007 0.005 0.304 0.043 0.009 0.011 0.039 0.035 
 102   (0.189) 0.160 0.357 0.234 0.383 0.020 0.094 0.149 0.221 0.163 0.163 0.159 
 104   (0.011) 0.001 0.001 0.003 0.001 0.001 0.001 0.005 0.001 0.001 0.009 0.011 

Locus 18 : 18 
8 alleles
0.0% missing data
 140   (0.260) 0.150 0.048 0.314 0.053 0.513 0.242 0.338 0.076 0.430 0.270 0.250 
 150   (0.060) 0.009 0.408 0.036 0.009 0.008 0.242 0.119 0.004 0.011 0.062 0.042 
 127   (0.274) 0.228 0.190 0.313 0.468 0.028 0.417 0.199 0.171 0.377 0.256 0.270 
 148   (0.093) 0.207 0.227 0.063 0.014 0.010 0.065 0.084 0.016 0.038 0.086 0.089 
 142   (0.120) 0.222 0.015 0.044 0.348 0.012 0.020 0.127 0.509 0.008 0.155 0.170 
 138   (0.067) 0.014 0.006 0.149 0.047 0.007 0.005 0.040 0.045 0.063 0.059 0.065 
 146   (0.114) 0.169 0.105 0.078 0.059 0.020 0.008 0.089 0.178 0.072 0.108 0.110 
 128   (0.011) 0.001 0.001 0.003 0.001 0.403 0.001 0.004 0.001 0.001 0.005 0.004 

Locus 19 : 19 
6 alleles
0.0% missing data
 194   (0.592) 0.437 0.599 0.563 0.875 0.677 0.596 0.487 0.560 0.654 0.592 0.645 
 200   (0.084) 0.012 0.009 0.177 0.013 0.208 0.297 0.163 0.006 0.040 0.085 0.055 
 202   (0.042) 0.006 0.152 0.013 0.006 0.083 0.058 0.020 0.003 0.003 0.039 0.044 
 190   (0.129) 0.445 0.103 0.124 0.066 0.016 0.035 0.092 0.329 0.258 0.093 0.087 
 188   (0.143) 0.098 0.137 0.120 0.039 0.015 0.012 0.232 0.102 0.044 0.183 0.163 
 198   (0.010) 0.001 0.001 0.004 0.001 0.001 0.003 0.006 0.001 0.001 0.008 0.006 

Locus 20 : 20 
6 alleles
0.0% missing data
 250   (0.103) 0.135 0.054 0.030 0.096 0.788 0.339 0.056 0.111 0.037 0.084 0.074 
 254   (0.097) 0.014 0.075 0.032 0.188 0.011 0.287 0.061 0.092 0.078 0.085 0.098 
 244   (0.038) 0.006 0.004 0.013 0.006 0.005 0.076 0.027 0.051 0.007 0.029 0.029 
 246   (0.120) 0.019 0.298 0.226 0.020 0.038 0.182 0.084 0.016 0.249 0.105 0.104 
 252   (0.624) 0.823 0.568 0.694 0.688 0.131 0.115 0.764 0.729 0.630 0.679 0.671 
 248   (0.018) 0.003 0.002 0.005 0.002 0.027 0.001 0.009 0.001 0.001 0.018 0.023 

Locus 21 : 21 
10 alleles
0.0% missing data
 163   (0.037) 0.005 0.352 0.010 0.005 0.004 0.112 0.016 0.003 0.005 0.045 0.053 
 167   (0.269) 0.240 0.251 0.339 0.684 0.077 0.090 0.368 0.282 0.215 0.279 0.276 
 175   (0.128) 0.195 0.066 0.127 0.057 0.153 0.247 0.111 0.022 0.274 0.105 0.096 
 173   (0.276) 0.239 0.136 0.297 0.206 0.196 0.269 0.317 0.379 0.192 0.291 0.276 
 165   (0.052) 0.009 0.006 0.045 0.007 0.008 0.170 0.035 0.004 0.180 0.051 0.057 
 159   (0.011) 0.001 0.001 0.003 0.001 0.001 0.042 0.004 0.001 0.001 0.005 0.004 
 177   (0.195) 0.307 0.167 0.169 0.034 0.559 0.068 0.139 0.300 0.120 0.209 0.225 
 169   (0.010) 0.001 0.001 0.003 0.001 0.001 0.001 0.004 0.009 0.001 0.005 0.004 
 171   (0.011) 0.001 0.001 0.003 0.002 0.001 0.001 0.004 0.001 0.012 0.006 0.005 
 161   (0.010) 0.002 0.019 0.003 0.002 0.001 0.001 0.004 0.001 0.001 0.005 0.004 

Locus 22 : 22 
11 alleles
0.0% missing data
 150   (0.051) 0.072 0.041 0.039 0.009 0.036 0.155 0.023 0.004 0.023 0.036 0.036 
 158   (0.106) 0.022 0.050 0.116 0.032 0.011 0.415 0.118 0.072 0.059 0.102 0.097 
 152   (0.405) 0.579 0.422 0.517 0.753 0.265 0.121 0.375 0.516 0.466 0.418 0.442 
 162   (0.036) 0.005 0.077 0.022 0.005 0.005 0.200 0.027 0.002 0.007 0.033 0.033 
 142   (0.017) 0.002 0.001 0.043 0.002 0.002 0.042 0.006 0.001 0.001 0.008 0.006 
 164   (0.041) 0.006 0.004 0.036 0.006 0.004 0.012 0.029 0.003 0.045 0.044 0.054 
 148   (0.020) 0.003 0.002 0.005 0.002 0.367 0.004 0.008 0.001 0.001 0.021 0.027 
 156   (0.024) 0.003 0.198 0.007 0.003 0.004 0.024 0.023 0.002 0.001 0.018 0.013 
 146   (0.207) 0.197 0.194 0.160 0.168 0.151 0.019 0.306 0.269 0.295 0.226 0.205 
 166   (0.080) 0.071 0.008 0.050 0.018 0.154 0.006 0.080 0.035 0.101 0.084 0.081 
 154   (0.015) 0.039 0.001 0.004 0.002 0.001 0.001 0.006 0.094 0.001 0.008 0.006 

Locus 23 : 23 
6 alleles
0.3% missing data
 144   (0.207) 0.156 0.476 0.210 0.157 0.689 0.295 0.177 0.162 0.165 0.178 0.169 
 154   (0.496) 0.455 0.266 0.497 0.261 0.275 0.214 0.558 0.608 0.662 0.545 0.565 
 158   (0.022) 0.014 0.003 0.008 0.004 0.003 0.096 0.010 0.002 0.001 0.018 0.018 
 156   (0.130) 0.076 0.012 0.126 0.019 0.017 0.307 0.152 0.032 0.131 0.147 0.148 
 160   (0.124) 0.223 0.241 0.154 0.556 0.014 0.087 0.093 0.137 0.039 0.098 0.089 
 152   (0.021) 0.076 0.002 0.005 0.003 0.002 0.001 0.009 0.058 0.001 0.013 0.012 

Locus 24 : 24 
4 alleles
0.3% missing data
  83   (0.495) 0.346 0.930 0.516 0.564 0.608 0.584 0.449 0.539 0.608 0.462 0.460 
  85   (0.051) 0.010 0.005 0.017 0.014 0.005 0.103 0.046 0.023 0.062 0.047 0.042 
  81   (0.350) 0.297 0.038 0.352 0.402 0.377 0.305 0.415 0.288 0.278 0.385 0.388 
  77   (0.103) 0.347 0.027 0.115 0.020 0.010 0.008 0.089 0.150 0.051 0.106 0.110 

Locus 25 : 25 
6 alleles
0.3% missing data
 124   (0.520) 0.252 0.348 0.624 0.634 0.368 0.622 0.566 0.401 0.606 0.524 0.527 
 122   (0.117) 0.042 0.031 0.051 0.068 0.015 0.327 0.113 0.017 0.113 0.134 0.133 
 120   (0.015) 0.002 0.001 0.004 0.002 0.411 0.004 0.007 0.001 0.001 0.009 0.009 
 126   (0.039) 0.009 0.005 0.024 0.007 0.005 0.024 0.040 0.081 0.003 0.036 0.029 
 132   (0.294) 0.693 0.613 0.272 0.287 0.200 0.022 0.265 0.498 0.276 0.287 0.292 
 136   (0.015) 0.002 0.001 0.025 0.002 0.001 0.001 0.008 0.001 0.001 0.010 0.010 

Locus 26 : 26 
6 alleles
0.0% missing data
 165   (0.251) 0.192 0.060 0.382 0.192 0.382 0.110 0.249 0.163 0.347 0.239 0.220 
 183   (0.377) 0.586 0.688 0.214 0.529 0.194 0.358 0.320 0.529 0.309 0.377 0.396 
 179   (0.078) 0.011 0.007 0.036 0.197 0.396 0.247 0.119 0.077 0.005 0.076 0.068 
 181   (0.052) 0.008 0.005 0.036 0.008 0.005 0.179 0.085 0.004 0.024 0.054 0.045 
 185   (0.016) 0.002 0.001 0.005 0.002 0.001 0.087 0.009 0.001 0.001 0.011 0.011 
 175   (0.226) 0.201 0.238 0.326 0.071 0.022 0.019 0.218 0.227 0.313 0.243 0.259 

Locus 27 : 27 
4 alleles
0.0% missing data
 150   (0.126) 0.019 0.182 0.092 0.021 0.013 0.207 0.112 0.013 0.100 0.147 0.171 
 142   (0.576) 0.763 0.733 0.615 0.712 0.487 0.408 0.656 0.705 0.600 0.546 0.508 
 148   (0.239) 0.202 0.079 0.154 0.240 0.493 0.301 0.197 0.034 0.289 0.266 0.284 
 138   (0.059) 0.016 0.006 0.139 0.026 0.007 0.084 0.035 0.248 0.010 0.041 0.037 

Locus 28 : 28 
5 alleles
0.0% missing data
 260   (0.427) 0.331 0.252 0.560 0.340 0.178 0.297 0.402 0.276 0.331 0.469 0.511 
 262   (0.479) 0.589 0.574 0.362 0.643 0.813 0.534 0.541 0.714 0.610 0.453 0.410 
 256   (0.066) 0.076 0.171 0.029 0.013 0.006 0.167 0.038 0.008 0.057 0.052 0.053 
 264   (0.011) 0.001 0.001 0.041 0.002 0.001 0.001 0.004 0.001 0.001 0.005 0.004 
 258   (0.018) 0.002 0.002 0.009 0.002 0.002 0.001 0.014 0.001 0.001 0.020 0.021 

Locus 29 : 29 
5 alleles
0.0% missing data
 140   (0.151) 0.213 0.146 0.145 0.045 0.780 0.459 0.119 0.035 0.224 0.117 0.112 
 146   (0.235) 0.075 0.456 0.254 0.261 0.024 0.311 0.182 0.106 0.245 0.244 0.262 
 150   (0.496) 0.574 0.241 0.551 0.671 0.184 0.201 0.604 0.777 0.447 0.515 0.512 
 148   (0.095) 0.132 0.155 0.043 0.020 0.009 0.023 0.073 0.080 0.082 0.092 0.084 
 152   (0.023) 0.006 0.002 0.007 0.003 0.003 0.005 0.021 0.002 0.001 0.032 0.030 

Locus 30 : 30 
6 alleles
0.0% missing data
 125   (0.289) 0.426 0.254 0.145 0.571 0.068 0.116 0.303 0.270 0.306 0.311 0.307 
 127   (0.062) 0.009 0.006 0.022 0.009 0.586 0.368 0.040 0.004 0.139 0.054 0.053 
 131   (0.029) 0.004 0.003 0.046 0.004 0.003 0.219 0.017 0.002 0.002 0.022 0.024 
 129   (0.490) 0.529 0.642 0.704 0.147 0.329 0.231 0.471 0.624 0.437 0.492 0.506 
 123   (0.118) 0.030 0.094 0.080 0.268 0.013 0.065 0.165 0.098 0.115 0.106 0.089 
 121   (0.012) 0.001 0.001 0.003 0.001 0.001 0.001 0.004 0.001 0.001 0.015 0.020 

Locus 31 : 31 
5 alleles
0.0% missing data
 155   (0.558) 0.747 0.583 0.530 0.368 0.666 0.613 0.498 0.631 0.443 0.578 0.599 
 157   (0.214) 0.064 0.057 0.231 0.543 0.246 0.083 0.178 0.166 0.337 0.206 0.223 
 153   (0.067) 0.013 0.007 0.080 0.045 0.031 0.170 0.084 0.143 0.004 0.061 0.057 
 159   (0.131) 0.172 0.013 0.142 0.040 0.014 0.097 0.226 0.057 0.214 0.136 0.105 
 151   (0.030) 0.004 0.340 0.017 0.004 0.042 0.037 0.014 0.003 0.002 0.018 0.016 

Locus 32 : 32 
5 alleles
0.0% missing data
  92   (0.265) 0.472 0.440 0.170 0.122 0.111 0.471 0.297 0.168 0.169 0.263 0.234 
  95   (0.159) 0.053 0.449 0.206 0.030 0.081 0.326 0.112 0.115 0.013 0.179 0.211 
  91   (0.490) 0.458 0.102 0.573 0.816 0.768 0.154 0.534 0.588 0.620 0.493 0.487 
  94   (0.075) 0.016 0.007 0.048 0.031 0.008 0.048 0.052 0.128 0.198 0.060 0.063 
  90   (0.011) 0.001 0.001 0.003 0.001 0.032 0.001 0.005 0.001 0.001 0.006 0.005 

Locus 33 : 33 
4 alleles
0.0% missing data
 146   (0.288) 0.103 0.439 0.313 0.205 0.354 0.532 0.246 0.039 0.316 0.306 0.314 
 150   (0.575) 0.819 0.548 0.618 0.761 0.607 0.282 0.561 0.825 0.501 0.573 0.591 
 154   (0.056) 0.008 0.005 0.038 0.012 0.031 0.054 0.090 0.009 0.081 0.051 0.037 
 148   (0.080) 0.070 0.008 0.031 0.021 0.008 0.131 0.102 0.127 0.101 0.069 0.058 

Locus 34 : 34 
7 alleles
0.0% missing data
 180   (0.442) 0.418 0.738 0.370 0.713 0.776 0.313 0.455 0.664 0.429 0.423 0.417 
 198   (0.042) 0.070 0.073 0.015 0.006 0.006 0.326 0.049 0.004 0.003 0.033 0.026 
 190   (0.026) 0.004 0.002 0.007 0.003 0.003 0.046 0.009 0.002 0.026 0.021 0.024 
 184   (0.208) 0.147 0.050 0.136 0.234 0.185 0.139 0.174 0.200 0.284 0.214 0.204 
 192   (0.140) 0.027 0.123 0.273 0.021 0.016 0.159 0.146 0.010 0.158 0.158 0.181 
 196   (0.131) 0.216 0.012 0.197 0.021 0.014 0.017 0.163 0.119 0.100 0.146 0.144 
 194   (0.011) 0.119 0.001 0.003 0.001 0.001 0.001 0.004 0.001 0.001 0.005 0.004 

Locus 35 : 35 
7 alleles
0.0% missing data
 108   (0.114) 0.020 0.070 0.084 0.018 0.142 0.624 0.092 0.015 0.047 0.119 0.130 
 106   (0.301) 0.316 0.682 0.325 0.089 0.290 0.130 0.366 0.066 0.321 0.314 0.313 
 110   (0.239) 0.158 0.065 0.160 0.126 0.250 0.170 0.193 0.461 0.342 0.232 0.238 
 112   (0.288) 0.499 0.107 0.380 0.760 0.028 0.069 0.324 0.454 0.259 0.284 0.265 
  90   (0.031) 0.004 0.003 0.044 0.004 0.288 0.004 0.015 0.002 0.030 0.020 0.015 
  96   (0.011) 0.001 0.071 0.003 0.001 0.001 0.001 0.004 0.001 0.001 0.005 0.004 
  94   (0.015) 0.002 0.001 0.004 0.002 0.001 0.001 0.006 0.001 0.001 0.026 0.034 

Locus 36 : 36 
8 alleles
0.0% missing data
 186   (0.017) 0.002 0.001 0.004 0.002 0.002 0.100 0.019 0.001 0.001 0.011 0.007 
 168   (0.065) 0.008 0.006 0.035 0.008 0.405 0.336 0.147 0.004 0.004 0.076 0.068 
 170   (0.309) 0.191 0.586 0.232 0.056 0.532 0.327 0.275 0.129 0.516 0.298 0.289 
 172   (0.301) 0.314 0.378 0.465 0.201 0.030 0.164 0.271 0.614 0.111 0.285 0.280 
 174   (0.105) 0.020 0.010 0.079 0.017 0.011 0.057 0.153 0.021 0.075 0.127 0.137 
 178   (0.034) 0.021 0.003 0.083 0.005 0.003 0.003 0.038 0.002 0.002 0.033 0.031 
 166   (0.067) 0.209 0.006 0.055 0.692 0.007 0.005 0.040 0.164 0.033 0.047 0.037 
 176   (0.103) 0.235 0.010 0.046 0.019 0.010 0.008 0.057 0.063 0.256 0.123 0.151 

Locus 37 : 37 
6 alleles
0.0% missing data
  85   (0.199) 0.063 0.194 0.178 0.036 0.316 0.040 0.319 0.174 0.105 0.229 0.206 
  89   (0.557) 0.778 0.774 0.568 0.893 0.281 0.529 0.512 0.754 0.597 0.522 0.523 
  83   (0.106) 0.020 0.018 0.133 0.019 0.013 0.394 0.089 0.012 0.064 0.126 0.148 
  91   (0.016) 0.002 0.001 0.004 0.002 0.377 0.010 0.006 0.001 0.001 0.010 0.009 
  95   (0.079) 0.130 0.008 0.085 0.045 0.008 0.023 0.042 0.055 0.097 0.067 0.066 
  81   (0.043) 0.006 0.004 0.031 0.006 0.005 0.003 0.033 0.003 0.136 0.046 0.047 

Locus 38 : 38 
8 alleles
0.0% missing data
 161   (0.370) 0.668 0.403 0.318 0.571 0.076 0.544 0.344 0.419 0.347 0.372 0.369 
 165   (0.222) 0.157 0.056 0.180 0.302 0.071 0.198 0.263 0.211 0.197 0.236 0.227 
 173   (0.273) 0.125 0.526 0.344 0.106 0.424 0.248 0.253 0.142 0.447 0.256 0.253 
 169   (0.071) 0.016 0.010 0.072 0.012 0.034 0.005 0.078 0.199 0.005 0.090 0.110 
 175   (0.011) 0.001 0.001 0.042 0.001 0.001 0.001 0.004 0.001 0.001 0.005 0.004 
 167   (0.027) 0.006 0.003 0.038 0.004 0.004 0.002 0.049 0.009 0.002 0.027 0.026 
 159   (0.010) 0.025 0.001 0.003 0.001 0.001 0.001 0.004 0.001 0.001 0.005 0.004 
 168   (0.016) 0.002 0.001 0.004 0.002 0.390 0.001 0.005 0.018 0.001 0.007 0.006 

Locus 39 : 39 
7 alleles
0.0% missing data
  87   (0.148) 0.156 0.201 0.045 0.483 0.759 0.379 0.156 0.201 0.068 0.124 0.101 
  85   (0.201) 0.057 0.274 0.289 0.032 0.148 0.083 0.208 0.088 0.265 0.201 0.188 
  91   (0.159) 0.027 0.304 0.176 0.242 0.041 0.267 0.095 0.057 0.279 0.142 0.153 
  89   (0.376) 0.741 0.068 0.422 0.153 0.039 0.263 0.466 0.547 0.218 0.437 0.455 
  81   (0.085) 0.015 0.149 0.055 0.075 0.010 0.006 0.063 0.038 0.145 0.080 0.089 
  95   (0.011) 0.002 0.001 0.003 0.009 0.001 0.001 0.004 0.017 0.001 0.006 0.005 
  93   (0.020) 0.003 0.002 0.010 0.004 0.002 0.001 0.008 0.051 0.024 0.010 0.008 

Locus 40 : 40 
4 alleles
0.0% missing data
 161   (0.158) 0.029 0.100 0.147 0.029 0.182 0.500 0.140 0.132 0.040 0.163 0.168 
 167   (0.799) 0.965 0.896 0.842 0.921 0.812 0.468 0.838 0.858 0.957 0.793 0.784 
 165   (0.032) 0.005 0.003 0.009 0.005 0.005 0.031 0.018 0.009 0.002 0.039 0.044 
 155   (0.011) 0.001 0.001 0.003 0.045 0.001 0.001 0.004 0.001 0.001 0.005 0.004 

Locus 41 : 41 
7 alleles
0.3% missing data
 228   (0.406) 0.462 0.188 0.577 0.633 0.486 0.400 0.353 0.628 0.318 0.375 0.376 
 240   (0.108) 0.018 0.152 0.121 0.015 0.060 0.406 0.097 0.008 0.024 0.126 0.151 
 236   (0.091) 0.101 0.610 0.026 0.022 0.160 0.082 0.042 0.105 0.111 0.066 0.060 
 238   (0.333) 0.411 0.045 0.257 0.319 0.163 0.097 0.475 0.183 0.414 0.395 0.381 
 224   (0.036) 0.005 0.004 0.012 0.007 0.003 0.014 0.025 0.065 0.131 0.022 0.018 
 246   (0.010) 0.001 0.001 0.003 0.002 0.001 0.001 0.004 0.010 0.001 0.005 0.004 
 242   (0.015) 0.002 0.001 0.004 0.002 0.127 0.001 0.005 0.001 0.001 0.011 0.010 

Locus 42 : 42 
9 alleles
0.3% missing data
 130   (0.497) 0.372 0.395 0.501 0.286 0.082 0.585 0.500 0.546 0.457 0.540 0.571 
 134   (0.118) 0.018 0.012 0.118 0.018 0.308 0.292 0.221 0.009 0.133 0.136 0.113 
 118   (0.054) 0.011 0.265 0.048 0.011 0.065 0.099 0.039 0.004 0.011 0.041 0.036 
 128   (0.082) 0.307 0.013 0.188 0.617 0.008 0.006 0.063 0.038 0.047 0.063 0.058 
 114   (0.095) 0.023 0.009 0.053 0.019 0.522 0.007 0.089 0.140 0.156 0.093 0.100 
 132   (0.114) 0.238 0.302 0.081 0.037 0.011 0.009 0.068 0.223 0.184 0.102 0.100 
 122   (0.020) 0.029 0.002 0.006 0.010 0.002 0.001 0.011 0.038 0.001 0.014 0.013 
 120   (0.010) 0.001 0.001 0.003 0.001 0.001 0.001 0.004 0.001 0.006 0.005 0.004 
 119   (0.011) 0.002 0.001 0.003 0.001 0.001 0.001 0.004 0.001 0.005 0.006 0.006 

Locus 43 : 43 
8 alleles
0.0% missing data
  92   (0.139) 0.064 0.013 0.077 0.115 0.204 0.449 0.093 0.113 0.105 0.142 0.158 
  98   (0.149) 0.107 0.109 0.051 0.024 0.278 0.259 0.135 0.215 0.118 0.145 0.143 
  96   (0.058) 0.009 0.005 0.036 0.012 0.173 0.176 0.031 0.101 0.048 0.040 0.035 
 104   (0.340) 0.091 0.315 0.528 0.165 0.073 0.093 0.435 0.257 0.305 0.393 0.387 
 102   (0.273) 0.723 0.536 0.286 0.676 0.268 0.020 0.284 0.311 0.404 0.255 0.253 
 106   (0.010) 0.001 0.001 0.003 0.001 0.001 0.001 0.006 0.001 0.001 0.008 0.011 
  94   (0.013) 0.002 0.002 0.006 0.003 0.001 0.001 0.009 0.001 0.009 0.008 0.006 
 100   (0.017) 0.003 0.018 0.013 0.003 0.002 0.001 0.007 0.001 0.010 0.009 0.007 

Locus 44 : 44 
6 alleles
0.0% missing data
  97   (0.032) 0.004 0.016 0.016 0.004 0.385 0.017 0.032 0.002 0.005 0.024 0.019 
  99   (0.077) 0.022 0.007 0.026 0.012 0.338 0.247 0.075 0.008 0.057 0.086 0.080 
 101   (0.330) 0.172 0.166 0.504 0.438 0.029 0.228 0.334 0.366 0.416 0.340 0.331 
  95   (0.266) 0.566 0.409 0.235 0.402 0.044 0.416 0.243 0.404 0.210 0.237 0.239 
 103   (0.285) 0.233 0.401 0.216 0.142 0.204 0.091 0.311 0.210 0.311 0.308 0.325 
 105   (0.010) 0.001 0.001 0.003 0.001 0.001 0.001 0.004 0.010 0.001 0.005 0.004 

Locus 45 : 45 
8 alleles
0.0% missing data
 181   (0.575) 0.707 0.914 0.637 0.327 0.572 0.248 0.492 0.778 0.547 0.598 0.649 
 191   (0.268) 0.168 0.043 0.259 0.538 0.103 0.612 0.356 0.118 0.426 0.271 0.240 
 177   (0.069) 0.114 0.010 0.070 0.123 0.007 0.037 0.038 0.098 0.017 0.053 0.050 
 179   (0.028) 0.003 0.003 0.007 0.004 0.311 0.083 0.076 0.002 0.002 0.028 0.014 
 193   (0.018) 0.002 0.003 0.007 0.003 0.003 0.016 0.008 0.001 0.001 0.015 0.017 
 189   (0.019) 0.002 0.025 0.006 0.002 0.002 0.001 0.012 0.001 0.001 0.018 0.015 
 187   (0.010) 0.001 0.001 0.003 0.002 0.001 0.001 0.004 0.001 0.005 0.006 0.005 
 183   (0.013) 0.002 0.001 0.010 0.002 0.001 0.001 0.012 0.001 0.001 0.012 0.011 

Locus 46 : 46 
6 alleles
0.0% missing data
 211   (0.216) 0.141 0.161 0.169 0.290 0.162 0.391 0.263 0.294 0.294 0.194 0.169 
 205   (0.436) 0.682 0.281 0.555 0.175 0.302 0.372 0.473 0.369 0.444 0.477 0.499 
 207   (0.178) 0.118 0.439 0.214 0.039 0.046 0.128 0.124 0.179 0.094 0.191 0.208 
 201   (0.069) 0.024 0.006 0.028 0.362 0.476 0.054 0.056 0.055 0.044 0.052 0.047 
 202   (0.016) 0.002 0.002 0.005 0.002 0.003 0.028 0.018 0.001 0.001 0.010 0.007 
 215   (0.085) 0.033 0.111 0.030 0.132 0.011 0.028 0.065 0.103 0.122 0.076 0.071 

Locus 47 : 47 
10 alleles
0.0% missing data
 162   (0.055) 0.008 0.006 0.028 0.008 0.372 0.045 0.046 0.004 0.157 0.049 0.046 
 164   (0.042) 0.006 0.005 0.033 0.006 0.058 0.106 0.025 0.003 0.054 0.035 0.036 
 142   (0.269) 0.361 0.295 0.394 0.439 0.029 0.117 0.382 0.081 0.330 0.293 0.277 
 158   (0.191) 0.049 0.278 0.157 0.248 0.154 0.172 0.165 0.138 0.235 0.194 0.194 
 170   (0.023) 0.004 0.003 0.007 0.003 0.002 0.112 0.010 0.010 0.001 0.020 0.018 
 168   (0.153) 0.057 0.126 0.129 0.179 0.105 0.334 0.089 0.295 0.123 0.141 0.169 
 156   (0.033) 0.006 0.003 0.020 0.005 0.145 0.071 0.019 0.002 0.007 0.027 0.026 
 160   (0.010) 0.001 0.001 0.003 0.001 0.001 0.011 0.004 0.001 0.001 0.005 0.004 
 166   (0.178) 0.258 0.274 0.193 0.089 0.129 0.028 0.218 0.300 0.089 0.189 0.179 
 144   (0.047) 0.251 0.008 0.036 0.023 0.004 0.003 0.041 0.168 0.003 0.046 0.052 

Locus 48 : 48 
6 alleles
0.0% missing data
 149   (0.283) 0.190 0.218 0.422 0.048 0.472 0.756 0.252 0.081 0.119 0.295 0.321 
 145   (0.249) 0.349 0.664 0.255 0.507 0.361 0.111 0.242 0.205 0.352 0.205 0.186 
 151   (0.221) 0.121 0.031 0.159 0.244 0.141 0.090 0.234 0.163 0.367 0.237 0.233 
 143   (0.019) 0.002 0.002 0.008 0.002 0.002 0.025 0.008 0.001 0.001 0.019 0.022 
 153   (0.210) 0.309 0.084 0.152 0.194 0.022 0.017 0.256 0.542 0.159 0.231 0.226 
 147   (0.017) 0.029 0.002 0.005 0.004 0.002 0.002 0.008 0.008 0.001 0.014 0.013 

Values of parameters used in structure:
DATAFILE=temp1.str,	OUTFILE=k11/temp1_k11_run8,	NUMINDS=297,	NUMLOCI=48,	MISSING=-9,	LABEL=1,	POPDATA=1,	POPFLAG=0,	PHENOTYPE=0,	EXTRACOLS=0,	MAXPOPS=11,	BURNIN=500000,	NUMREPS=750000,	USEPOPINFO=0,	INFERALPHA=1,	INFERLAMBDA=0,	POPSPECIFICLAMBDA=0,	POPALPHAS=0,	COMPUTEPROB=1,	NOADMIX=0,	ADMBURNIN=500,	UPDATEFREQ=100,	PRINTLIKES=0,	INTERMEDSAVE=0,	PRINTKLD=0,	PRINTNET=1,	PRINTLAMBDA=1,	ANCESTDIST=0,	NUMBOXES=1000,	ANCESTPINT=0.90000,	GENSBACK=2,	MIGRPRIOR=0.01000,	PRINTQHAT=0,	PRINTQSUM=1,	ALPHA=1.0000,	FREQSCORR=1,	FPRIORMEAN=0.0100,	FPRIORSD=0.0500,	ONEFST=0,	LAMBDA=1.0000,	UNIFPRIORALPHA=1,	ALPHAMAX=10.0000,	ALPHAPRIORA=1.0000,	ALPHAPRIORB=2.0000,	ALPHAPROPSD=0.0250,	STARTATPOPINFO=0,	RANDOMIZE=0,	LINKAGE=0,	METROFREQ=10,	REPORTHITRATE=0,	MARKOVPHASE=0,	PHASED=1,	PLOIDY=2,	PHASEINFO=0	LOCPRIOR=0, 	LOCPRIORINIT=1.000000, 	LOCDATA=0, 	LOCISPOP=1, 	LOCPRIORSTEP=0.100000, 	MAXLOCPRIOR=20.000000, 	SEED=939907,	
[STRAT parameters]:    NUMSIMSTATS=1000,	PHENOTYPECOL=-9,	POOLFREQ=10,	LOCUSxONLY=0,	EMERROR=0.00100,	MISSINGPHENO=-9,	