

----------------------------------------------------
STRUCTURE by Pritchard, Stephens and Donnelly (2000)
     and Falush, Stephens and Pritchard (2003)
       Code by Pritchard, Falush and Hubisz
             Version 2.3.4 (Jul 2012)
----------------------------------------------------



Command line arguments:   structure -D 568064 -K 2 -m mainparams -o k2/W1_k2_run9 
Input File:    W1.str

Run parameters:
   81 individuals
   49 loci
   2 populations assumed
   500000 Burn-in period
   750000 Reps
RANDOMIZE turned off


--------------------------------------------
Proportion of membership of each pre-defined
 population in each of the 2 clusters

Given    Inferred Clusters       Number of
 Pop       1      2             Individuals

  1:     0.512  0.488              10
  2:     0.454  0.546              24
  3:     0.556  0.444              13
  4:     0.542  0.458              11
  5:     0.504  0.496              23
--------------------------------------------

Allele-freq. divergence among pops (Net nucleotide distance),
computed using point estimates of P.

      1       2      
 1      -    0.0343  
 2   0.0343     -    

Average distances (expected heterozygosity) between individuals in same cluster:
cluster  1  : 0.5362 
cluster  2  : 0.7036 

--------------------------------------------
Estimated Ln Prob of Data   = -10066.1
Mean value of ln likelihood = -9913.6
Variance of ln likelihood   = 305.1
Mean value of alpha         = 6.7146

Mean value of Fst_1         = 0.2490
Mean value of Fst_2         = 0.0009


Inferred ancestry of individuals:
        Label (%Miss) Pop:  Inferred clusters
  1     2355    (0)    1 :  0.482 0.518 
  2     2356    (0)    1 :  0.405 0.595 
  3     2357    (0)    1 :  0.595 0.405 
  4     2358    (0)    1 :  0.485 0.515 
  5     2359    (0)    1 :  0.657 0.343 
  6     2360    (0)    1 :  0.573 0.427 
  7     2361    (2)    1 :  0.514 0.486 
  8     2362    (0)    1 :  0.570 0.430 
  9     2363    (0)    1 :  0.377 0.623 
 10     2364    (0)    1 :  0.459 0.541 
 11     2434    (0)    2 :  0.415 0.585 
 12     2435    (0)    2 :  0.306 0.694 
 13     2436    (0)    2 :  0.366 0.634 
 14     2437    (0)    2 :  0.373 0.627 
 15     2438    (0)    2 :  0.447 0.553 
 16     2439    (0)    2 :  0.575 0.425 
 17     2440    (0)    2 :  0.508 0.492 
 18     2441    (0)    2 :  0.396 0.604 
 19     2442    (0)    2 :  0.450 0.550 
 20     2443    (0)    2 :  0.460 0.540 
 21     2444    (0)    2 :  0.476 0.524 
 22     2446    (0)    2 :  0.503 0.497 
 23     2447    (0)    2 :  0.463 0.537 
 24     2448    (0)    2 :  0.599 0.401 
 25     2449    (0)    2 :  0.412 0.588 
 26     2450    (0)    2 :  0.424 0.576 
 27     2451    (0)    2 :  0.332 0.668 
 28     2452    (0)    2 :  0.650 0.350 
 29     2453    (0)    2 :  0.404 0.596 
 30     2454    (0)    2 :  0.574 0.426 
 31     2455    (0)    2 :  0.537 0.463 
 32     2456    (0)    2 :  0.426 0.574 
 33     2457    (0)    2 :  0.414 0.586 
 34     2458    (0)    2 :  0.383 0.617 
 35     2398    (0)    3 :  0.618 0.382 
 36     2399    (0)    3 :  0.549 0.451 
 37     2400    (0)    3 :  0.495 0.505 
 38     2401    (0)    3 :  0.606 0.394 
 39     2402    (0)    3 :  0.505 0.495 
 40     2403    (0)    3 :  0.566 0.434 
 41     2404    (0)    3 :  0.644 0.356 
 42     2405    (0)    3 :  0.525 0.475 
 43     2406    (0)    3 :  0.521 0.479 
 44     2407    (0)    3 :  0.561 0.439 
 45     2408    (0)    3 :  0.504 0.496 
 46     2409    (0)    3 :  0.510 0.490 
 47     2410    (0)    3 :  0.623 0.377 
 48     2459    (0)    4 :  0.507 0.493 
 49     2460    (0)    4 :  0.546 0.454 
 50     2461    (0)    4 :  0.547 0.453 
 51     2462    (4)    4 :  0.547 0.453 
 52     2463    (0)    4 :  0.622 0.378 
 53     2464    (2)    4 :  0.457 0.543 
 54     2465    (0)    4 :  0.632 0.368 
 55     2466    (2)    4 :  0.568 0.432 
 56     2467    (0)    4 :  0.466 0.534 
 57     2468    (0)    4 :  0.584 0.416 
 58     2469    (0)    4 :  0.483 0.517 
 59     2369    (0)    5 :  0.646 0.354 
 60     2370    (0)    5 :  0.567 0.433 
 61     2372    (0)    5 :  0.546 0.454 
 62     2373    (0)    5 :  0.459 0.541 
 63     2374    (0)    5 :  0.524 0.476 
 64     2375    (0)    5 :  0.446 0.554 
 65     2376    (0)    5 :  0.510 0.490 
 66     2377    (0)    5 :  0.486 0.514 
 67     2378    (0)    5 :  0.616 0.384 
 68     2379    (0)    5 :  0.453 0.547 
 69     2380    (0)    5 :  0.569 0.431 
 70     2381    (0)    5 :  0.570 0.430 
 71     2382    (0)    5 :  0.445 0.555 
 72     2383    (0)    5 :  0.627 0.373 
 73     2384    (0)    5 :  0.562 0.438 
 74     2385    (0)    5 :  0.441 0.559 
 75     2386    (0)    5 :  0.420 0.580 
 76     2387    (0)    5 :  0.520 0.480 
 77     2388    (0)    5 :  0.413 0.587 
 78     2389    (2)    5 :  0.347 0.653 
 79     2390    (0)    5 :  0.391 0.609 
 80     2391    (0)    5 :  0.491 0.509 
 81     2392    (0)    5 :  0.545 0.455 


Estimated Allele Frequencies in each cluster
First column gives estimated ancestral frequencies


Locus 1 : 1 
4 alleles
0.0% missing data
  91   (0.387) 0.284 0.388 
  89   (0.454) 0.608 0.455 
  93   (0.118) 0.103 0.117 
  99   (0.041) 0.005 0.040 

Locus 2 : 2 
6 alleles
0.0% missing data
 134   (0.273) 0.313 0.273 
 136   (0.278) 0.405 0.278 
 140   (0.125) 0.037 0.125 
 138   (0.251) 0.239 0.252 
 142   (0.021) 0.001 0.021 
 132   (0.051) 0.006 0.051 

Locus 3 : 3 
6 alleles
0.0% missing data
 179   (0.238) 0.429 0.238 
 187   (0.259) 0.313 0.259 
 185   (0.168) 0.037 0.169 
 191   (0.066) 0.015 0.066 
 181   (0.177) 0.183 0.177 
 175   (0.092) 0.023 0.092 

Locus 4 : 4 
10 alleles
0.0% missing data
 241   (0.184) 0.180 0.184 
 247   (0.117) 0.030 0.117 
 253   (0.255) 0.597 0.255 
 273   (0.031) 0.002 0.031 
 269   (0.218) 0.168 0.218 
 271   (0.095) 0.015 0.095 
 249   (0.040) 0.004 0.039 
 245   (0.021) 0.001 0.020 
 265   (0.020) 0.001 0.020 
 239   (0.021) 0.001 0.020 

Locus 5 : 5 
4 alleles
0.0% missing data
 103   (0.866) 0.981 0.867 
 105   (0.080) 0.015 0.079 
 102   (0.032) 0.003 0.032 
 104   (0.022) 0.001 0.021 

Locus 6 : 6 
5 alleles
0.0% missing data
 135   (0.402) 0.189 0.404 
 145   (0.281) 0.515 0.281 
 141   (0.243) 0.290 0.243 
 147   (0.042) 0.004 0.042 
 137   (0.032) 0.002 0.031 

Locus 7 : 7 
10 alleles
1.2% missing data
  97   (0.199) 0.165 0.200 
 103   (0.199) 0.523 0.199 
  89   (0.111) 0.038 0.111 
  93   (0.245) 0.199 0.246 
  83   (0.078) 0.055 0.077 
  99   (0.030) 0.002 0.030 
  85   (0.057) 0.010 0.057 
  91   (0.039) 0.003 0.039 
 105   (0.021) 0.001 0.020 
 101   (0.020) 0.001 0.020 

Locus 8 : 8 
7 alleles
0.0% missing data
 129   (0.491) 0.748 0.492 
 143   (0.275) 0.210 0.276 
 141   (0.082) 0.023 0.082 
 149   (0.069) 0.012 0.069 
 133   (0.041) 0.004 0.041 
 145   (0.021) 0.002 0.020 
 127   (0.021) 0.001 0.020 

Locus 9 : 9 
4 alleles
0.0% missing data
 189   (0.470) 0.516 0.471 
 191   (0.292) 0.324 0.292 
 195   (0.216) 0.158 0.216 
 193   (0.022) 0.001 0.022 

Locus 10 : 10 
6 alleles
0.0% missing data
 250   (0.071) 0.010 0.070 
 254   (0.072) 0.007 0.072 
 252   (0.140) 0.035 0.140 
 238   (0.509) 0.699 0.510 
 232   (0.169) 0.241 0.169 
 248   (0.040) 0.008 0.039 

Locus 11 : 11 
4 alleles
0.0% missing data
  87   (0.670) 0.863 0.671 
  89   (0.246) 0.127 0.246 
  91   (0.062) 0.009 0.061 
  85   (0.022) 0.001 0.021 

Locus 12 : 12 
11 alleles
0.0% missing data
 160   (0.228) 0.335 0.229 
 158   (0.169) 0.242 0.169 
 162   (0.195) 0.311 0.195 
 170   (0.081) 0.047 0.080 
 161   (0.115) 0.040 0.116 
 154   (0.038) 0.005 0.038 
 143   (0.039) 0.003 0.039 
 149   (0.048) 0.006 0.048 
 147   (0.047) 0.008 0.046 
 159   (0.020) 0.002 0.020 
 134   (0.020) 0.001 0.020 

Locus 13 : 13 
4 alleles
0.0% missing data
 113   (0.348) 0.290 0.348 
 115   (0.440) 0.598 0.440 
 108   (0.191) 0.110 0.191 
 110   (0.021) 0.001 0.021 

Locus 14 : 14 
7 alleles
0.0% missing data
 172   (0.395) 0.557 0.396 
 176   (0.169) 0.063 0.170 
 182   (0.114) 0.051 0.114 
 174   (0.166) 0.304 0.165 
 170   (0.050) 0.006 0.050 
 180   (0.041) 0.003 0.041 
 178   (0.066) 0.016 0.065 

Locus 15 : 15 
7 alleles
0.0% missing data
 225   (0.197) 0.071 0.197 
 229   (0.320) 0.613 0.320 
 227   (0.151) 0.211 0.150 
 231   (0.240) 0.096 0.241 
 213   (0.021) 0.001 0.021 
 233   (0.050) 0.007 0.050 
 203   (0.021) 0.001 0.021 

Locus 16 : 16 
4 alleles
1.2% missing data
 143   (0.874) 0.982 0.876 
 145   (0.071) 0.014 0.071 
 147   (0.033) 0.003 0.032 
 157   (0.022) 0.001 0.022 

Locus 17 : 17 
5 alleles
0.0% missing data
 158   (0.417) 0.642 0.417 
 156   (0.319) 0.215 0.320 
 154   (0.096) 0.021 0.096 
 160   (0.147) 0.121 0.146 
 152   (0.022) 0.001 0.021 

Locus 18 : 18 
5 alleles
0.0% missing data
  90   (0.592) 0.762 0.593 
 100   (0.144) 0.096 0.144 
 102   (0.160) 0.118 0.159 
 104   (0.021) 0.001 0.021 
  88   (0.083) 0.023 0.082 

Locus 19 : 19 
7 alleles
0.0% missing data
 127   (0.202) 0.327 0.202 
 140   (0.254) 0.352 0.254 
 142   (0.141) 0.146 0.141 
 148   (0.105) 0.060 0.105 
 146   (0.120) 0.054 0.120 
 138   (0.082) 0.035 0.082 
 150   (0.097) 0.026 0.097 

Locus 20 : 20 
6 alleles
0.0% missing data
 190   (0.124) 0.081 0.123 
 194   (0.415) 0.724 0.415 
 202   (0.061) 0.008 0.060 
 188   (0.189) 0.107 0.189 
 200   (0.191) 0.079 0.191 
 198   (0.022) 0.001 0.021 

Locus 21 : 21 
6 alleles
0.0% missing data
 252   (0.531) 0.872 0.532 
 246   (0.147) 0.081 0.147 
 248   (0.032) 0.003 0.031 
 244   (0.042) 0.006 0.041 
 250   (0.139) 0.020 0.140 
 254   (0.109) 0.017 0.109 

Locus 22 : 22 
6 alleles
0.0% missing data
 167   (0.220) 0.371 0.219 
 173   (0.219) 0.384 0.219 
 163   (0.070) 0.010 0.070 
 177   (0.249) 0.151 0.250 
 175   (0.148) 0.063 0.148 
 165   (0.094) 0.022 0.094 

Locus 23 : 23 
10 alleles
0.0% missing data
 152   (0.316) 0.594 0.317 
 158   (0.163) 0.079 0.163 
 146   (0.171) 0.268 0.171 
 150   (0.057) 0.011 0.056 
 156   (0.030) 0.003 0.029 
 162   (0.049) 0.005 0.049 
 166   (0.091) 0.021 0.091 
 164   (0.056) 0.012 0.055 
 148   (0.039) 0.004 0.039 
 142   (0.030) 0.003 0.029 

Locus 24 : 24 
6 alleles
1.2% missing data
 144   (0.165) 0.202 0.164 
 156   (0.210) 0.074 0.211 
 154   (0.430) 0.672 0.431 
 160   (0.142) 0.048 0.142 
 152   (0.022) 0.001 0.021 
 158   (0.032) 0.002 0.031 

Locus 25 : 25 
4 alleles
1.2% missing data
  81   (0.398) 0.367 0.399 
  83   (0.422) 0.531 0.423 
  77   (0.128) 0.094 0.128 
  85   (0.051) 0.008 0.050 

Locus 26 : 26 
6 alleles
1.2% missing data
 124   (0.487) 0.612 0.489 
 132   (0.235) 0.338 0.234 
 122   (0.162) 0.038 0.163 
 126   (0.072) 0.009 0.072 
 120   (0.022) 0.001 0.021 
 136   (0.022) 0.001 0.021 

Locus 27 : 27 
6 alleles
0.0% missing data
 165   (0.239) 0.301 0.239 
 183   (0.292) 0.353 0.292 
 179   (0.148) 0.049 0.148 
 175   (0.211) 0.270 0.211 
 181   (0.090) 0.026 0.090 
 185   (0.021) 0.001 0.021 

Locus 28 : 28 
4 alleles
0.0% missing data
 142   (0.412) 0.678 0.411 
 150   (0.190) 0.136 0.189 
 148   (0.281) 0.149 0.282 
 138   (0.117) 0.037 0.117 

Locus 29 : 29 
5 alleles
0.0% missing data
 260   (0.393) 0.594 0.393 
 262   (0.473) 0.389 0.474 
 258   (0.042) 0.004 0.042 
 256   (0.070) 0.012 0.070 
 264   (0.022) 0.001 0.021 

Locus 30 : 30 
5 alleles
0.0% missing data
 140   (0.187) 0.126 0.187 
 150   (0.366) 0.682 0.366 
 148   (0.108) 0.020 0.108 
 146   (0.287) 0.166 0.288 
 152   (0.052) 0.006 0.051 

Locus 31 : 31 
6 alleles
0.0% missing data
 125   (0.272) 0.229 0.273 
 129   (0.408) 0.682 0.409 
 123   (0.132) 0.058 0.132 
 127   (0.108) 0.018 0.108 
 121   (0.032) 0.002 0.031 
 131   (0.048) 0.011 0.048 

Locus 32 : 32 
5 alleles
0.0% missing data
 155   (0.521) 0.577 0.523 
 159   (0.159) 0.155 0.158 
 157   (0.185) 0.228 0.184 
 153   (0.094) 0.036 0.094 
 151   (0.041) 0.003 0.041 

Locus 33 : 33 
4 alleles
0.0% missing data
  92   (0.279) 0.238 0.279 
  94   (0.081) 0.025 0.081 
  95   (0.201) 0.162 0.200 
  91   (0.439) 0.575 0.439 

Locus 34 : 34 
4 alleles
0.0% missing data
 146   (0.381) 0.292 0.382 
 148   (0.101) 0.030 0.100 
 150   (0.431) 0.658 0.431 
 154   (0.087) 0.020 0.087 

Locus 35 : 35 
6 alleles
0.0% missing data
 180   (0.329) 0.495 0.330 
 192   (0.172) 0.187 0.172 
 184   (0.225) 0.168 0.225 
 196   (0.183) 0.139 0.183 
 198   (0.060) 0.008 0.060 
 190   (0.031) 0.002 0.030 

Locus 36 : 36 
6 alleles
0.0% missing data
 106   (0.244) 0.332 0.243 
 112   (0.239) 0.398 0.239 
  94   (0.051) 0.005 0.051 
 110   (0.208) 0.175 0.208 
 108   (0.197) 0.083 0.197 
  90   (0.061) 0.006 0.061 

Locus 37 : 37 
8 alleles
0.0% missing data
 168   (0.141) 0.079 0.141 
 178   (0.068) 0.025 0.067 
 170   (0.284) 0.225 0.286 
 174   (0.101) 0.165 0.101 
 172   (0.183) 0.381 0.183 
 176   (0.133) 0.101 0.134 
 166   (0.069) 0.023 0.069 
 186   (0.021) 0.001 0.020 

Locus 38 : 38 
6 alleles
0.0% missing data
  85   (0.223) 0.208 0.223 
  95   (0.083) 0.022 0.083 
  89   (0.407) 0.684 0.407 
  83   (0.186) 0.073 0.186 
  81   (0.080) 0.012 0.080 
  91   (0.021) 0.001 0.021 

Locus 39 : 39 
6 alleles
0.0% missing data
 161   (0.339) 0.373 0.340 
 165   (0.214) 0.178 0.214 
 167   (0.064) 0.017 0.064 
 169   (0.108) 0.111 0.107 
 173   (0.245) 0.317 0.245 
 175   (0.030) 0.004 0.030 

Locus 40 : 40 
5 alleles
0.0% missing data
  85   (0.296) 0.156 0.296 
  87   (0.162) 0.036 0.162 
  91   (0.189) 0.110 0.189 
  81   (0.109) 0.033 0.109 
  89   (0.244) 0.665 0.244 

Locus 41 : 41 
3 alleles
0.0% missing data
 167   (0.668) 0.887 0.668 
 161   (0.269) 0.105 0.269 
 165   (0.063) 0.008 0.063 

Locus 42 : 42 
6 alleles
0.0% missing data
 224   (0.031) 0.003 0.031 
 228   (0.354) 0.385 0.355 
 238   (0.301) 0.503 0.301 
 240   (0.211) 0.098 0.212 
 236   (0.081) 0.009 0.081 
 242   (0.021) 0.001 0.021 

Locus 43 : 43 
6 alleles
1.2% missing data
 130   (0.388) 0.705 0.388 
 118   (0.078) 0.015 0.078 
 128   (0.096) 0.049 0.096 
 132   (0.114) 0.054 0.114 
 114   (0.145) 0.056 0.145 
 134   (0.179) 0.121 0.179 

Locus 44 : 44 
5 alleles
0.0% missing data
 104   (0.418) 0.457 0.418 
  98   (0.176) 0.073 0.176 
 102   (0.150) 0.389 0.149 
  92   (0.177) 0.069 0.178 
  96   (0.079) 0.011 0.079 

Locus 45 : 45 
5 alleles
0.0% missing data
  95   (0.217) 0.180 0.217 
 101   (0.284) 0.490 0.283 
 103   (0.303) 0.298 0.303 
  99   (0.145) 0.027 0.146 
  97   (0.052) 0.005 0.051 

Locus 46 : 46 
7 alleles
0.0% missing data
 181   (0.463) 0.692 0.464 
 191   (0.299) 0.271 0.300 
 179   (0.060) 0.009 0.060 
 177   (0.085) 0.021 0.084 
 189   (0.031) 0.002 0.031 
 183   (0.031) 0.003 0.031 
 193   (0.031) 0.002 0.031 

Locus 47 : 47 
6 alleles
0.0% missing data
 211   (0.224) 0.170 0.224 
 215   (0.093) 0.023 0.093 
 205   (0.367) 0.642 0.367 
 207   (0.236) 0.155 0.237 
 201   (0.059) 0.009 0.059 
 202   (0.021) 0.002 0.020 

Locus 48 : 48 
9 alleles
0.0% missing data
 142   (0.220) 0.423 0.220 
 162   (0.089) 0.023 0.089 
 164   (0.058) 0.007 0.058 
 168   (0.156) 0.149 0.156 
 158   (0.165) 0.165 0.166 
 170   (0.049) 0.005 0.049 
 166   (0.122) 0.190 0.122 
 156   (0.057) 0.008 0.057 
 144   (0.083) 0.031 0.083 

Locus 49 : 49 
6 alleles
0.0% missing data
 149   (0.292) 0.400 0.292 
 151   (0.221) 0.183 0.221 
 145   (0.223) 0.181 0.224 
 153   (0.212) 0.232 0.212 
 147   (0.021) 0.001 0.021 
 143   (0.031) 0.003 0.030 

Values of parameters used in structure:
DATAFILE=W1.str,	OUTFILE=k2/W1_k2_run9,	NUMINDS=81,	NUMLOCI=49,	MISSING=-9,	LABEL=1,	POPDATA=1,	POPFLAG=0,	PHENOTYPE=0,	EXTRACOLS=0,	MAXPOPS=2,	BURNIN=500000,	NUMREPS=750000,	USEPOPINFO=0,	INFERALPHA=1,	INFERLAMBDA=0,	POPSPECIFICLAMBDA=0,	POPALPHAS=0,	COMPUTEPROB=1,	NOADMIX=0,	ADMBURNIN=500,	UPDATEFREQ=100,	PRINTLIKES=0,	INTERMEDSAVE=0,	PRINTKLD=0,	PRINTNET=1,	PRINTLAMBDA=1,	ANCESTDIST=0,	NUMBOXES=1000,	ANCESTPINT=0.90000,	GENSBACK=2,	MIGRPRIOR=0.01000,	PRINTQHAT=0,	PRINTQSUM=1,	ALPHA=1.0000,	FREQSCORR=1,	FPRIORMEAN=0.0100,	FPRIORSD=0.0500,	ONEFST=0,	LAMBDA=1.0000,	UNIFPRIORALPHA=1,	ALPHAMAX=10.0000,	ALPHAPRIORA=1.0000,	ALPHAPRIORB=2.0000,	ALPHAPROPSD=0.0250,	STARTATPOPINFO=0,	RANDOMIZE=0,	LINKAGE=0,	METROFREQ=10,	REPORTHITRATE=0,	MARKOVPHASE=0,	PHASED=1,	PLOIDY=2,	PHASEINFO=0	LOCPRIOR=0, 	LOCPRIORINIT=1.000000, 	LOCDATA=0, 	LOCISPOP=1, 	LOCPRIORSTEP=0.100000, 	MAXLOCPRIOR=20.000000, 	SEED=568064,	
[STRAT parameters]:    NUMSIMSTATS=1000,	PHENOTYPECOL=-9,	POOLFREQ=10,	LOCUSxONLY=0,	EMERROR=0.00100,	MISSINGPHENO=-9,	