

----------------------------------------------------
STRUCTURE by Pritchard, Stephens and Donnelly (2000)
     and Falush, Stephens and Pritchard (2003)
       Code by Pritchard, Falush and Hubisz
             Version 2.3.4 (Jul 2012)
----------------------------------------------------



Command line arguments:   structure -D 571908 -K 5 -m mainparams -o k5/W1_k5_run7 
Input File:    W1.str

Run parameters:
   81 individuals
   49 loci
   5 populations assumed
   500000 Burn-in period
   750000 Reps
RANDOMIZE turned off


--------------------------------------------
Proportion of membership of each pre-defined
 population in each of the 5 clusters

Given    Inferred Clusters                     Number of
 Pop       1      2      3      4      5      Individuals

  1:     0.197  0.197  0.202  0.201  0.203       10
  2:     0.213  0.215  0.192  0.192  0.188       24
  3:     0.186  0.184  0.210  0.206  0.213       13
  4:     0.190  0.187  0.206  0.204  0.213       11
  5:     0.199  0.201  0.199  0.201  0.200       23
--------------------------------------------

Allele-freq. divergence among pops (Net nucleotide distance),
computed using point estimates of P.

      1       2       3       4       5      
 1      -    0.0001  0.0105  0.0116  0.0165  
 2   0.0001     -    0.0120  0.0128  0.0183  
 3   0.0105  0.0120     -    0.0014  0.0010  
 4   0.0116  0.0128  0.0014     -    0.0019  
 5   0.0165  0.0183  0.0010  0.0019     -    

Average distances (expected heterozygosity) between individuals in same cluster:
cluster  1  : 0.6882 
cluster  2  : 0.6942 
cluster  3  : 0.5969 
cluster  4  : 0.6007 
cluster  5  : 0.5700 

--------------------------------------------
Estimated Ln Prob of Data   = -10973.5
Mean value of ln likelihood = -9845.3
Variance of ln likelihood   = 2256.3
Mean value of alpha         = 3.7491

Mean value of Fst_1         = 0.0254
Mean value of Fst_2         = 0.0001
Mean value of Fst_3         = 0.3495
Mean value of Fst_4         = 0.3445
Mean value of Fst_5         = 0.4377


Inferred ancestry of individuals:
        Label (%Miss) Pop:  Inferred clusters
  1     2355    (0)    1 :  0.213 0.214 0.192 0.190 0.191 
  2     2356    (0)    1 :  0.231 0.234 0.186 0.177 0.172 
  3     2357    (0)    1 :  0.170 0.166 0.221 0.213 0.231 
  4     2358    (0)    1 :  0.201 0.200 0.197 0.199 0.203 
  5     2359    (0)    1 :  0.155 0.150 0.228 0.226 0.240 
  6     2360    (0)    1 :  0.187 0.185 0.208 0.209 0.212 
  7     2361    (2)    1 :  0.204 0.206 0.195 0.204 0.190 
  8     2362    (0)    1 :  0.181 0.178 0.212 0.213 0.217 
  9     2363    (0)    1 :  0.228 0.232 0.184 0.182 0.174 
 10     2364    (0)    1 :  0.203 0.205 0.195 0.201 0.197 
 11     2434    (0)    2 :  0.222 0.223 0.184 0.188 0.182 
 12     2435    (0)    2 :  0.267 0.277 0.159 0.159 0.138 
 13     2436    (0)    2 :  0.244 0.250 0.173 0.176 0.158 
 14     2437    (0)    2 :  0.244 0.255 0.172 0.174 0.155 
 15     2438    (0)    2 :  0.214 0.215 0.193 0.196 0.182 
 16     2439    (0)    2 :  0.183 0.177 0.216 0.205 0.219 
 17     2440    (0)    2 :  0.193 0.191 0.206 0.199 0.210 
 18     2441    (0)    2 :  0.217 0.220 0.189 0.193 0.180 
 19     2442    (0)    2 :  0.214 0.218 0.191 0.192 0.185 
 20     2443    (0)    2 :  0.213 0.216 0.191 0.194 0.185 
 21     2444    (0)    2 :  0.211 0.212 0.196 0.191 0.190 
 22     2446    (0)    2 :  0.199 0.197 0.202 0.197 0.204 
 23     2447    (0)    2 :  0.208 0.210 0.194 0.198 0.190 
 24     2448    (0)    2 :  0.167 0.161 0.218 0.217 0.237 
 25     2449    (0)    2 :  0.228 0.229 0.183 0.187 0.173 
 26     2450    (0)    2 :  0.226 0.228 0.188 0.184 0.173 
 27     2451    (0)    2 :  0.241 0.249 0.175 0.175 0.161 
 28     2452    (0)    2 :  0.167 0.162 0.218 0.215 0.238 
 29     2453    (0)    2 :  0.223 0.230 0.185 0.185 0.177 
 30     2454    (0)    2 :  0.173 0.170 0.214 0.217 0.227 
 31     2455    (0)    2 :  0.186 0.185 0.209 0.206 0.215 
 32     2456    (0)    2 :  0.217 0.218 0.192 0.191 0.181 
 33     2457    (0)    2 :  0.217 0.219 0.189 0.185 0.190 
 34     2458    (0)    2 :  0.235 0.243 0.177 0.180 0.165 
 35     2398    (0)    3 :  0.179 0.176 0.218 0.206 0.220 
 36     2399    (0)    3 :  0.196 0.194 0.206 0.197 0.207 
 37     2400    (0)    3 :  0.203 0.202 0.201 0.198 0.196 
 38     2401    (0)    3 :  0.178 0.174 0.218 0.209 0.220 
 39     2402    (0)    3 :  0.207 0.208 0.198 0.195 0.191 
 40     2403    (0)    3 :  0.171 0.165 0.226 0.207 0.231 
 41     2404    (0)    3 :  0.165 0.161 0.221 0.221 0.232 
 42     2405    (0)    3 :  0.193 0.193 0.208 0.202 0.204 
 43     2406    (0)    3 :  0.195 0.198 0.197 0.207 0.203 
 44     2407    (0)    3 :  0.185 0.182 0.206 0.211 0.217 
 45     2408    (0)    3 :  0.194 0.195 0.203 0.205 0.203 
 46     2409    (0)    3 :  0.190 0.189 0.206 0.205 0.210 
 47     2410    (0)    3 :  0.162 0.157 0.229 0.218 0.234 
 48     2459    (0)    4 :  0.195 0.191 0.201 0.198 0.216 
 49     2460    (0)    4 :  0.194 0.194 0.204 0.200 0.208 
 50     2461    (0)    4 :  0.186 0.181 0.210 0.209 0.213 
 51     2462    (4)    4 :  0.191 0.190 0.202 0.199 0.217 
 52     2463    (0)    4 :  0.172 0.167 0.216 0.213 0.231 
 53     2464    (2)    4 :  0.205 0.204 0.195 0.189 0.207 
 54     2465    (0)    4 :  0.160 0.155 0.227 0.222 0.236 
 55     2466    (2)    4 :  0.180 0.176 0.209 0.214 0.221 
 56     2467    (0)    4 :  0.213 0.214 0.196 0.190 0.187 
 57     2468    (0)    4 :  0.182 0.177 0.211 0.212 0.219 
 58     2469    (0)    4 :  0.214 0.211 0.192 0.195 0.188 
 59     2369    (0)    5 :  0.150 0.148 0.223 0.240 0.239 
 60     2370    (0)    5 :  0.192 0.189 0.209 0.204 0.206 
 61     2372    (0)    5 :  0.195 0.194 0.205 0.201 0.206 
 62     2373    (0)    5 :  0.206 0.211 0.193 0.200 0.189 
 63     2374    (0)    5 :  0.183 0.177 0.209 0.201 0.230 
 64     2375    (0)    5 :  0.231 0.238 0.179 0.184 0.169 
 65     2376    (0)    5 :  0.193 0.193 0.203 0.208 0.203 
 66     2377    (0)    5 :  0.203 0.204 0.195 0.200 0.198 
 67     2378    (0)    5 :  0.166 0.167 0.213 0.227 0.227 
 68     2379    (0)    5 :  0.208 0.211 0.193 0.198 0.190 
 69     2380    (0)    5 :  0.173 0.168 0.219 0.204 0.237 
 70     2381    (0)    5 :  0.184 0.182 0.211 0.207 0.217 
 71     2382    (0)    5 :  0.233 0.237 0.181 0.181 0.168 
 72     2383    (0)    5 :  0.157 0.153 0.220 0.229 0.240 
 73     2384    (0)    5 :  0.186 0.183 0.213 0.209 0.209 
 74     2385    (0)    5 :  0.218 0.221 0.192 0.188 0.182 
 75     2386    (0)    5 :  0.226 0.233 0.186 0.177 0.177 
 76     2387    (0)    5 :  0.197 0.198 0.200 0.204 0.200 
 77     2388    (0)    5 :  0.236 0.244 0.176 0.182 0.162 
 78     2389    (2)    5 :  0.251 0.261 0.168 0.168 0.151 
 79     2390    (0)    5 :  0.225 0.232 0.180 0.189 0.173 
 80     2391    (0)    5 :  0.196 0.198 0.202 0.206 0.198 
 81     2392    (0)    5 :  0.177 0.176 0.210 0.216 0.220 


Estimated Allele Frequencies in each cluster
First column gives estimated ancestral frequencies


Locus 1 : 1 
4 alleles
0.0% missing data
  91   (0.352) 0.349 0.352 0.316 0.340 0.340 
  89   (0.483) 0.492 0.483 0.563 0.551 0.557 
  93   (0.123) 0.120 0.123 0.108 0.095 0.096 
  99   (0.042) 0.040 0.042 0.012 0.014 0.006 

Locus 2 : 2 
6 alleles
0.0% missing data
 134   (0.277) 0.283 0.277 0.311 0.272 0.323 
 136   (0.302) 0.303 0.302 0.354 0.398 0.351 
 140   (0.124) 0.121 0.124 0.059 0.060 0.043 
 138   (0.223) 0.225 0.223 0.255 0.248 0.273 
 142   (0.022) 0.020 0.022 0.005 0.006 0.002 
 132   (0.052) 0.049 0.052 0.015 0.017 0.007 

Locus 3 : 3 
6 alleles
0.0% missing data
 179   (0.328) 0.336 0.328 0.364 0.308 0.355 
 187   (0.202) 0.202 0.202 0.296 0.364 0.333 
 185   (0.145) 0.141 0.145 0.082 0.084 0.068 
 191   (0.061) 0.058 0.061 0.031 0.031 0.024 
 181   (0.175) 0.178 0.175 0.187 0.169 0.191 
 175   (0.088) 0.084 0.088 0.039 0.044 0.029 

Locus 4 : 4 
10 alleles
0.0% missing data
 241   (0.143) 0.143 0.143 0.195 0.231 0.223 
 247   (0.114) 0.110 0.114 0.049 0.055 0.036 
 253   (0.328) 0.343 0.328 0.496 0.446 0.510 
 273   (0.030) 0.028 0.030 0.007 0.008 0.003 
 269   (0.198) 0.198 0.198 0.186 0.194 0.186 
 271   (0.088) 0.085 0.088 0.039 0.038 0.029 
 249   (0.038) 0.036 0.038 0.012 0.013 0.007 
 245   (0.020) 0.019 0.020 0.005 0.005 0.002 
 265   (0.019) 0.018 0.019 0.005 0.005 0.002 
 239   (0.020) 0.019 0.020 0.005 0.005 0.002 

Locus 5 : 5 
4 alleles
0.0% missing data
 103   (0.870) 0.878 0.870 0.957 0.954 0.974 
 105   (0.078) 0.074 0.078 0.030 0.031 0.020 
 102   (0.031) 0.029 0.031 0.008 0.010 0.004 
 104   (0.021) 0.019 0.021 0.005 0.005 0.002 

Locus 6 : 6 
5 alleles
0.0% missing data
 135   (0.348) 0.344 0.348 0.265 0.256 0.271 
 145   (0.370) 0.380 0.370 0.419 0.402 0.420 
 141   (0.209) 0.208 0.209 0.296 0.321 0.300 
 147   (0.041) 0.038 0.041 0.012 0.013 0.006 
 137   (0.031) 0.029 0.031 0.008 0.009 0.003 

Locus 7 : 7 
10 alleles
1.2% missing data
  97   (0.197) 0.199 0.197 0.181 0.174 0.173 
 103   (0.238) 0.248 0.238 0.427 0.421 0.461 
  89   (0.105) 0.103 0.106 0.057 0.061 0.045 
  93   (0.218) 0.220 0.218 0.220 0.232 0.239 
  83   (0.075) 0.074 0.075 0.063 0.059 0.053 
  99   (0.030) 0.028 0.030 0.008 0.009 0.004 
  85   (0.056) 0.053 0.056 0.022 0.022 0.016 
  91   (0.038) 0.036 0.038 0.011 0.012 0.005 
 105   (0.020) 0.019 0.020 0.005 0.005 0.002 
 101   (0.021) 0.020 0.021 0.005 0.005 0.002 

Locus 8 : 8 
7 alleles
0.0% missing data
 129   (0.502) 0.513 0.502 0.679 0.672 0.741 
 143   (0.269) 0.270 0.269 0.235 0.238 0.207 
 141   (0.078) 0.075 0.078 0.038 0.040 0.027 
 149   (0.067) 0.064 0.067 0.025 0.025 0.015 
 133   (0.041) 0.038 0.041 0.012 0.013 0.006 
 145   (0.021) 0.020 0.021 0.006 0.005 0.002 
 127   (0.022) 0.020 0.022 0.005 0.006 0.002 

Locus 9 : 9 
4 alleles
0.0% missing data
 189   (0.490) 0.491 0.490 0.511 0.479 0.504 
 191   (0.283) 0.282 0.283 0.297 0.350 0.327 
 195   (0.205) 0.207 0.205 0.186 0.166 0.168 
 193   (0.022) 0.020 0.021 0.005 0.005 0.002 

Locus 10 : 10 
6 alleles
0.0% missing data
 250   (0.068) 0.064 0.068 0.023 0.024 0.013 
 254   (0.072) 0.068 0.072 0.022 0.025 0.011 
 252   (0.131) 0.126 0.131 0.068 0.065 0.050 
 238   (0.545) 0.558 0.545 0.647 0.601 0.666 
 232   (0.143) 0.145 0.143 0.226 0.271 0.251 
 248   (0.041) 0.039 0.041 0.014 0.015 0.008 

Locus 11 : 11 
4 alleles
0.0% missing data
  87   (0.720) 0.722 0.720 0.795 0.811 0.794 
  89   (0.199) 0.201 0.199 0.178 0.161 0.191 
  91   (0.060) 0.057 0.060 0.021 0.022 0.013 
  85   (0.022) 0.020 0.022 0.006 0.006 0.002 

Locus 12 : 12 
11 alleles
0.0% missing data
 160   (0.248) 0.251 0.248 0.291 0.309 0.309 
 158   (0.166) 0.173 0.166 0.245 0.225 0.231 
 162   (0.189) 0.194 0.189 0.276 0.282 0.333 
 170   (0.081) 0.080 0.081 0.058 0.053 0.044 
 161   (0.108) 0.106 0.108 0.064 0.063 0.051 
 154   (0.037) 0.034 0.037 0.012 0.012 0.006 
 143   (0.040) 0.037 0.040 0.011 0.011 0.005 
 149   (0.046) 0.043 0.046 0.015 0.017 0.008 
 147   (0.046) 0.044 0.046 0.017 0.017 0.010 
 159   (0.020) 0.019 0.020 0.005 0.006 0.002 
 134   (0.020) 0.018 0.020 0.005 0.005 0.002 

Locus 13 : 13 
4 alleles
0.0% missing data
 113   (0.332) 0.335 0.333 0.328 0.294 0.307 
 115   (0.467) 0.469 0.467 0.533 0.570 0.561 
 108   (0.180) 0.177 0.180 0.133 0.131 0.130 
 110   (0.021) 0.019 0.021 0.005 0.005 0.002 

Locus 14 : 14 
7 alleles
0.0% missing data
 172   (0.430) 0.443 0.430 0.525 0.439 0.543 
 176   (0.158) 0.155 0.158 0.097 0.104 0.074 
 182   (0.113) 0.110 0.113 0.067 0.067 0.051 
 174   (0.141) 0.142 0.141 0.256 0.333 0.300 
 170   (0.051) 0.048 0.051 0.016 0.018 0.008 
 180   (0.041) 0.038 0.041 0.012 0.013 0.006 
 178   (0.066) 0.063 0.066 0.027 0.026 0.018 

Locus 15 : 15 
7 alleles
0.0% missing data
 225   (0.190) 0.185 0.190 0.102 0.109 0.089 
 229   (0.367) 0.373 0.367 0.484 0.550 0.532 
 227   (0.120) 0.129 0.120 0.258 0.165 0.242 
 231   (0.227) 0.223 0.227 0.129 0.146 0.124 
 213   (0.022) 0.020 0.022 0.005 0.006 0.002 
 233   (0.052) 0.049 0.052 0.016 0.018 0.009 
 203   (0.022) 0.020 0.022 0.006 0.006 0.002 

Locus 16 : 16 
4 alleles
1.2% missing data
 143   (0.873) 0.880 0.873 0.960 0.957 0.978 
 145   (0.073) 0.069 0.073 0.026 0.028 0.016 
 147   (0.032) 0.030 0.032 0.009 0.009 0.004 
 157   (0.022) 0.021 0.022 0.005 0.006 0.002 

Locus 17 : 17 
5 alleles
0.0% missing data
 158   (0.458) 0.465 0.458 0.554 0.590 0.584 
 156   (0.295) 0.295 0.295 0.260 0.233 0.264 
 154   (0.093) 0.090 0.093 0.039 0.042 0.026 
 160   (0.133) 0.131 0.133 0.141 0.130 0.125 
 152   (0.021) 0.019 0.021 0.005 0.006 0.002 

Locus 18 : 18 
5 alleles
0.0% missing data
  90   (0.595) 0.602 0.595 0.716 0.723 0.754 
 100   (0.149) 0.147 0.149 0.107 0.105 0.099 
 102   (0.152) 0.151 0.152 0.135 0.127 0.121 
 104   (0.020) 0.019 0.020 0.005 0.005 0.002 
  88   (0.083) 0.080 0.083 0.036 0.040 0.024 

Locus 19 : 19 
7 alleles
0.0% missing data
 127   (0.197) 0.199 0.197 0.307 0.285 0.313 
 140   (0.262) 0.273 0.262 0.323 0.290 0.351 
 142   (0.129) 0.128 0.129 0.141 0.186 0.157 
 148   (0.112) 0.109 0.112 0.065 0.069 0.056 
 146   (0.114) 0.111 0.114 0.076 0.077 0.057 
 138   (0.087) 0.085 0.087 0.045 0.048 0.032 
 150   (0.098) 0.095 0.098 0.044 0.045 0.034 

Locus 20 : 20 
6 alleles
0.0% missing data
 190   (0.130) 0.128 0.130 0.087 0.091 0.079 
 194   (0.450) 0.460 0.450 0.638 0.639 0.656 
 202   (0.058) 0.055 0.058 0.020 0.020 0.011 
 188   (0.182) 0.180 0.182 0.132 0.127 0.122 
 200   (0.158) 0.158 0.158 0.117 0.117 0.131 
 198   (0.022) 0.020 0.022 0.005 0.005 0.002 

Locus 21 : 21 
6 alleles
0.0% missing data
 252   (0.567) 0.582 0.567 0.780 0.770 0.828 
 246   (0.134) 0.133 0.134 0.101 0.104 0.097 
 248   (0.031) 0.028 0.031 0.009 0.010 0.004 
 244   (0.040) 0.038 0.040 0.013 0.014 0.007 
 250   (0.124) 0.119 0.125 0.055 0.059 0.037 
 254   (0.104) 0.099 0.104 0.042 0.043 0.027 

Locus 22 : 22 
6 alleles
0.0% missing data
 167   (0.266) 0.279 0.266 0.332 0.274 0.326 
 173   (0.226) 0.227 0.226 0.311 0.379 0.362 
 163   (0.067) 0.064 0.067 0.023 0.025 0.013 
 177   (0.205) 0.202 0.205 0.212 0.196 0.198 
 175   (0.145) 0.141 0.145 0.082 0.085 0.072 
 165   (0.091) 0.087 0.091 0.040 0.041 0.028 

Locus 23 : 23 
10 alleles
0.0% missing data
 152   (0.343) 0.360 0.343 0.522 0.518 0.535 
 158   (0.153) 0.150 0.153 0.107 0.107 0.090 
 146   (0.159) 0.162 0.159 0.246 0.241 0.298 
 150   (0.057) 0.054 0.057 0.022 0.025 0.014 
 156   (0.030) 0.028 0.030 0.008 0.009 0.004 
 162   (0.048) 0.045 0.048 0.014 0.015 0.007 
 166   (0.088) 0.084 0.088 0.040 0.040 0.029 
 164   (0.055) 0.053 0.055 0.022 0.023 0.013 
 148   (0.039) 0.037 0.039 0.011 0.013 0.006 
 142   (0.029) 0.027 0.029 0.009 0.010 0.004 

Locus 24 : 24 
6 alleles
1.2% missing data
 144   (0.169) 0.170 0.169 0.188 0.195 0.209 
 156   (0.185) 0.182 0.185 0.125 0.117 0.106 
 154   (0.460) 0.469 0.460 0.596 0.598 0.617 
 160   (0.131) 0.127 0.131 0.077 0.074 0.062 
 152   (0.022) 0.021 0.022 0.005 0.006 0.002 
 158   (0.033) 0.031 0.033 0.009 0.009 0.004 

Locus 25 : 25 
4 alleles
1.2% missing data
  81   (0.383) 0.385 0.383 0.374 0.383 0.392 
  83   (0.455) 0.458 0.455 0.498 0.492 0.486 
  77   (0.111) 0.109 0.111 0.111 0.106 0.111 
  85   (0.051) 0.048 0.051 0.017 0.018 0.011 

Locus 26 : 26 
6 alleles
1.2% missing data
 124   (0.505) 0.519 0.505 0.607 0.527 0.594 
 132   (0.223) 0.223 0.223 0.291 0.360 0.342 
 122   (0.157) 0.150 0.157 0.067 0.075 0.047 
 126   (0.072) 0.068 0.072 0.024 0.026 0.014 
 120   (0.022) 0.020 0.022 0.005 0.005 0.002 
 136   (0.022) 0.020 0.022 0.005 0.006 0.002 

Locus 27 : 27 
6 alleles
0.0% missing data
 165   (0.239) 0.247 0.239 0.291 0.259 0.316 
 183   (0.283) 0.281 0.283 0.327 0.380 0.338 
 179   (0.132) 0.131 0.132 0.081 0.081 0.071 
 175   (0.236) 0.236 0.236 0.254 0.230 0.242 
 181   (0.088) 0.084 0.088 0.041 0.044 0.031 
 185   (0.022) 0.020 0.022 0.005 0.006 0.002 

Locus 28 : 28 
4 alleles
0.0% missing data
 142   (0.467) 0.478 0.467 0.596 0.560 0.619 
 150   (0.188) 0.184 0.188 0.147 0.154 0.141 
 148   (0.240) 0.236 0.240 0.199 0.222 0.189 
 138   (0.105) 0.102 0.105 0.058 0.064 0.051 

Locus 29 : 29 
5 alleles
0.0% missing data
 260   (0.439) 0.446 0.439 0.520 0.540 0.539 
 262   (0.426) 0.427 0.426 0.439 0.414 0.438 
 258   (0.044) 0.041 0.044 0.012 0.013 0.005 
 256   (0.069) 0.066 0.069 0.024 0.027 0.015 
 264   (0.021) 0.019 0.021 0.005 0.005 0.002 

Locus 30 : 30 
5 alleles
0.0% missing data
 140   (0.180) 0.180 0.180 0.147 0.142 0.131 
 150   (0.410) 0.421 0.410 0.589 0.542 0.657 
 148   (0.103) 0.098 0.103 0.043 0.044 0.028 
 146   (0.256) 0.253 0.256 0.206 0.254 0.176 
 152   (0.051) 0.048 0.051 0.015 0.018 0.008 

Locus 31 : 31 
6 alleles
0.0% missing data
 125   (0.252) 0.250 0.252 0.253 0.254 0.254 
 129   (0.437) 0.449 0.437 0.603 0.594 0.636 
 123   (0.126) 0.126 0.126 0.077 0.081 0.069 
 127   (0.105) 0.099 0.105 0.041 0.043 0.025 
 121   (0.032) 0.029 0.032 0.008 0.009 0.003 
 131   (0.049) 0.047 0.049 0.019 0.020 0.012 

Locus 32 : 32 
5 alleles
0.0% missing data
 155   (0.550) 0.555 0.550 0.575 0.530 0.546 
 159   (0.164) 0.166 0.164 0.153 0.135 0.166 
 157   (0.151) 0.151 0.151 0.211 0.271 0.242 
 153   (0.093) 0.090 0.093 0.050 0.052 0.041 
 151   (0.042) 0.039 0.042 0.012 0.012 0.005 

Locus 33 : 33 
4 alleles
0.0% missing data
  92   (0.267) 0.268 0.267 0.254 0.261 0.254 
  94   (0.083) 0.080 0.083 0.038 0.039 0.025 
  95   (0.209) 0.205 0.209 0.172 0.167 0.155 
  91   (0.441) 0.448 0.441 0.537 0.533 0.566 

Locus 34 : 34 
4 alleles
0.0% missing data
 146   (0.369) 0.367 0.369 0.323 0.323 0.302 
 148   (0.100) 0.096 0.100 0.046 0.050 0.037 
 150   (0.449) 0.457 0.449 0.590 0.589 0.632 
 154   (0.082) 0.079 0.082 0.041 0.039 0.029 

Locus 35 : 35 
6 alleles
0.0% missing data
 180   (0.357) 0.361 0.357 0.430 0.470 0.441 
 192   (0.168) 0.168 0.168 0.192 0.181 0.193 
 184   (0.212) 0.212 0.212 0.202 0.168 0.188 
 196   (0.170) 0.171 0.170 0.147 0.151 0.163 
 198   (0.061) 0.058 0.061 0.020 0.021 0.012 
 190   (0.032) 0.030 0.032 0.009 0.009 0.003 

Locus 36 : 36 
6 alleles
0.0% missing data
 106   (0.275) 0.282 0.275 0.308 0.270 0.309 
 112   (0.268) 0.272 0.268 0.327 0.357 0.365 
  94   (0.050) 0.047 0.050 0.016 0.017 0.008 
 110   (0.158) 0.159 0.158 0.214 0.217 0.211 
 108   (0.189) 0.184 0.189 0.115 0.117 0.097 
  90   (0.060) 0.057 0.060 0.020 0.022 0.011 

Locus 37 : 37 
8 alleles
0.0% missing data
 168   (0.131) 0.133 0.131 0.096 0.097 0.095 
 178   (0.068) 0.065 0.068 0.035 0.035 0.024 
 170   (0.272) 0.274 0.272 0.251 0.242 0.242 
 174   (0.113) 0.114 0.113 0.144 0.136 0.160 
 172   (0.211) 0.215 0.211 0.316 0.312 0.341 
 176   (0.117) 0.115 0.117 0.122 0.138 0.112 
 166   (0.068) 0.065 0.068 0.032 0.035 0.024 
 186   (0.021) 0.019 0.020 0.005 0.006 0.002 

Locus 38 : 38 
6 alleles
0.0% missing data
  85   (0.202) 0.204 0.202 0.213 0.203 0.266 
  95   (0.083) 0.079 0.083 0.036 0.038 0.024 
  89   (0.445) 0.454 0.445 0.614 0.603 0.608 
  83   (0.171) 0.168 0.171 0.107 0.121 0.085 
  81   (0.079) 0.076 0.079 0.026 0.030 0.015 
  91   (0.021) 0.019 0.021 0.005 0.005 0.002 

Locus 39 : 39 
6 alleles
0.0% missing data
 161   (0.358) 0.359 0.358 0.370 0.359 0.344 
 165   (0.199) 0.199 0.199 0.179 0.205 0.199 
 167   (0.062) 0.060 0.062 0.028 0.030 0.020 
 169   (0.106) 0.104 0.106 0.110 0.110 0.112 
 173   (0.245) 0.251 0.245 0.303 0.285 0.320 
 175   (0.030) 0.028 0.030 0.010 0.010 0.005 

Locus 40 : 40 
5 alleles
0.0% missing data
  85   (0.242) 0.245 0.242 0.238 0.192 0.231 
  87   (0.149) 0.144 0.149 0.072 0.072 0.060 
  91   (0.190) 0.185 0.190 0.124 0.134 0.109 
  81   (0.103) 0.100 0.103 0.054 0.054 0.041 
  89   (0.317) 0.326 0.317 0.512 0.548 0.558 

Locus 41 : 41 
3 alleles
0.0% missing data
 167   (0.681) 0.689 0.681 0.829 0.826 0.859 
 161   (0.257) 0.253 0.257 0.150 0.153 0.130 
 165   (0.062) 0.059 0.062 0.021 0.022 0.011 

Locus 42 : 42 
6 alleles
0.0% missing data
 224   (0.031) 0.029 0.031 0.009 0.010 0.005 
 228   (0.350) 0.359 0.350 0.395 0.340 0.413 
 238   (0.316) 0.317 0.316 0.429 0.480 0.463 
 240   (0.199) 0.196 0.199 0.134 0.135 0.103 
 236   (0.082) 0.077 0.082 0.028 0.029 0.015 
 242   (0.023) 0.021 0.023 0.005 0.006 0.002 

Locus 43 : 43 
6 alleles
1.2% missing data
 130   (0.425) 0.437 0.425 0.608 0.613 0.648 
 118   (0.076) 0.073 0.076 0.032 0.033 0.021 
 128   (0.090) 0.087 0.090 0.064 0.065 0.055 
 132   (0.108) 0.104 0.108 0.068 0.072 0.060 
 114   (0.132) 0.129 0.132 0.087 0.084 0.070 
 134   (0.168) 0.170 0.168 0.141 0.133 0.146 

Locus 44 : 44 
5 alleles
0.0% missing data
 104   (0.439) 0.445 0.439 0.463 0.406 0.451 
  98   (0.159) 0.154 0.159 0.102 0.110 0.094 
 102   (0.161) 0.166 0.161 0.298 0.343 0.354 
  92   (0.160) 0.158 0.160 0.110 0.113 0.085 
  96   (0.081) 0.077 0.081 0.027 0.029 0.015 

Locus 45 : 45 
5 alleles
0.0% missing data
  95   (0.234) 0.233 0.234 0.179 0.185 0.171 
 101   (0.294) 0.304 0.294 0.437 0.394 0.477 
 103   (0.279) 0.278 0.279 0.308 0.341 0.306 
  99   (0.141) 0.136 0.141 0.061 0.063 0.039 
  97   (0.053) 0.050 0.053 0.015 0.017 0.007 

Locus 46 : 46 
7 alleles
0.0% missing data
 181   (0.473) 0.479 0.473 0.630 0.646 0.664 
 191   (0.292) 0.298 0.292 0.286 0.265 0.285 
 179   (0.056) 0.054 0.056 0.023 0.023 0.017 
 177   (0.085) 0.081 0.085 0.036 0.039 0.023 
 189   (0.032) 0.029 0.032 0.008 0.009 0.003 
 183   (0.032) 0.030 0.032 0.009 0.009 0.004 
 193   (0.031) 0.029 0.031 0.008 0.008 0.003 

Locus 47 : 47 
6 alleles
0.0% missing data
 211   (0.209) 0.209 0.209 0.200 0.178 0.185 
 215   (0.090) 0.086 0.090 0.040 0.044 0.029 
 205   (0.403) 0.412 0.403 0.540 0.571 0.595 
 207   (0.218) 0.218 0.218 0.194 0.180 0.176 
 201   (0.058) 0.055 0.058 0.021 0.022 0.012 
 202   (0.021) 0.019 0.021 0.006 0.005 0.002 

Locus 48 : 48 
9 alleles
0.0% missing data
 142   (0.248) 0.261 0.248 0.369 0.303 0.404 
 162   (0.088) 0.085 0.088 0.038 0.042 0.027 
 164   (0.056) 0.053 0.056 0.019 0.021 0.010 
 168   (0.143) 0.143 0.143 0.154 0.187 0.146 
 158   (0.139) 0.142 0.139 0.180 0.190 0.191 
 170   (0.048) 0.046 0.048 0.015 0.017 0.008 
 166   (0.135) 0.135 0.135 0.164 0.174 0.172 
 156   (0.057) 0.054 0.057 0.020 0.021 0.011 
 144   (0.085) 0.082 0.085 0.041 0.045 0.031 

Locus 49 : 49 
6 alleles
0.0% missing data
 149   (0.296) 0.303 0.296 0.380 0.360 0.379 
 151   (0.240) 0.236 0.240 0.190 0.200 0.152 
 145   (0.227) 0.229 0.227 0.180 0.183 0.197 
 153   (0.185) 0.185 0.185 0.236 0.244 0.266 
 147   (0.020) 0.019 0.020 0.005 0.005 0.002 
 143   (0.031) 0.029 0.031 0.009 0.009 0.004 

Values of parameters used in structure:
DATAFILE=W1.str,	OUTFILE=k5/W1_k5_run7,	NUMINDS=81,	NUMLOCI=49,	MISSING=-9,	LABEL=1,	POPDATA=1,	POPFLAG=0,	PHENOTYPE=0,	EXTRACOLS=0,	MAXPOPS=5,	BURNIN=500000,	NUMREPS=750000,	USEPOPINFO=0,	INFERALPHA=1,	INFERLAMBDA=0,	POPSPECIFICLAMBDA=0,	POPALPHAS=0,	COMPUTEPROB=1,	NOADMIX=0,	ADMBURNIN=500,	UPDATEFREQ=100,	PRINTLIKES=0,	INTERMEDSAVE=0,	PRINTKLD=0,	PRINTNET=1,	PRINTLAMBDA=1,	ANCESTDIST=0,	NUMBOXES=1000,	ANCESTPINT=0.90000,	GENSBACK=2,	MIGRPRIOR=0.01000,	PRINTQHAT=0,	PRINTQSUM=1,	ALPHA=1.0000,	FREQSCORR=1,	FPRIORMEAN=0.0100,	FPRIORSD=0.0500,	ONEFST=0,	LAMBDA=1.0000,	UNIFPRIORALPHA=1,	ALPHAMAX=10.0000,	ALPHAPRIORA=1.0000,	ALPHAPRIORB=2.0000,	ALPHAPROPSD=0.0250,	STARTATPOPINFO=0,	RANDOMIZE=0,	LINKAGE=0,	METROFREQ=10,	REPORTHITRATE=0,	MARKOVPHASE=0,	PHASED=1,	PLOIDY=2,	PHASEINFO=0	LOCPRIOR=0, 	LOCPRIORINIT=1.000000, 	LOCDATA=0, 	LOCISPOP=1, 	LOCPRIORSTEP=0.100000, 	MAXLOCPRIOR=20.000000, 	SEED=571908,	
[STRAT parameters]:    NUMSIMSTATS=1000,	PHENOTYPECOL=-9,	POOLFREQ=10,	LOCUSxONLY=0,	EMERROR=0.00100,	MISSINGPHENO=-9,	