

----------------------------------------------------
STRUCTURE by Pritchard, Stephens and Donnelly (2000)
     and Falush, Stephens and Pritchard (2003)
       Code by Pritchard, Falush and Hubisz
             Version 2.3.4 (Jul 2012)
----------------------------------------------------



Command line arguments:   structure -D 944193 -K 2 -m mainparams -o k2/W1_k2_run1 
Input File:    W1.str

Run parameters:
   81 individuals
   49 loci
   2 populations assumed
   500000 Burn-in period
   750000 Reps
RANDOMIZE turned off


--------------------------------------------
Proportion of membership of each pre-defined
 population in each of the 2 clusters

Given    Inferred Clusters       Number of
 Pop       1      2             Individuals

  1:     0.512  0.488              10
  2:     0.456  0.544              24
  3:     0.553  0.447              13
  4:     0.541  0.459              11
  5:     0.503  0.497              23
--------------------------------------------

Allele-freq. divergence among pops (Net nucleotide distance),
computed using point estimates of P.

      1       2      
 1      -    0.0342  
 2   0.0342     -    

Average distances (expected heterozygosity) between individuals in same cluster:
cluster  1  : 0.5355 
cluster  2  : 0.7043 

--------------------------------------------
Estimated Ln Prob of Data   = -10065.8
Mean value of ln likelihood = -9915.1
Variance of ln likelihood   = 301.4
Mean value of alpha         = 6.9453

Mean value of Fst_1         = 0.2495
Mean value of Fst_2         = 0.0003


Inferred ancestry of individuals:
        Label (%Miss) Pop:  Inferred clusters
  1     2355    (0)    1 :  0.479 0.521 
  2     2356    (0)    1 :  0.408 0.592 
  3     2357    (0)    1 :  0.604 0.396 
  4     2358    (0)    1 :  0.493 0.507 
  5     2359    (0)    1 :  0.655 0.345 
  6     2360    (0)    1 :  0.578 0.422 
  7     2361    (2)    1 :  0.510 0.490 
  8     2362    (0)    1 :  0.562 0.438 
  9     2363    (0)    1 :  0.377 0.623 
 10     2364    (0)    1 :  0.455 0.545 
 11     2434    (0)    2 :  0.419 0.581 
 12     2435    (0)    2 :  0.309 0.691 
 13     2436    (0)    2 :  0.374 0.626 
 14     2437    (0)    2 :  0.381 0.619 
 15     2438    (0)    2 :  0.449 0.551 
 16     2439    (0)    2 :  0.575 0.425 
 17     2440    (0)    2 :  0.510 0.490 
 18     2441    (0)    2 :  0.395 0.605 
 19     2442    (0)    2 :  0.446 0.554 
 20     2443    (0)    2 :  0.472 0.528 
 21     2444    (0)    2 :  0.483 0.517 
 22     2446    (0)    2 :  0.503 0.497 
 23     2447    (0)    2 :  0.464 0.536 
 24     2448    (0)    2 :  0.593 0.407 
 25     2449    (0)    2 :  0.424 0.576 
 26     2450    (0)    2 :  0.430 0.570 
 27     2451    (0)    2 :  0.343 0.657 
 28     2452    (0)    2 :  0.645 0.355 
 29     2453    (0)    2 :  0.392 0.608 
 30     2454    (0)    2 :  0.571 0.429 
 31     2455    (0)    2 :  0.543 0.457 
 32     2456    (0)    2 :  0.424 0.576 
 33     2457    (0)    2 :  0.415 0.585 
 34     2458    (0)    2 :  0.383 0.617 
 35     2398    (0)    3 :  0.618 0.382 
 36     2399    (0)    3 :  0.540 0.460 
 37     2400    (0)    3 :  0.500 0.500 
 38     2401    (0)    3 :  0.600 0.400 
 39     2402    (0)    3 :  0.502 0.498 
 40     2403    (0)    3 :  0.566 0.434 
 41     2404    (0)    3 :  0.641 0.359 
 42     2405    (0)    3 :  0.529 0.471 
 43     2406    (0)    3 :  0.510 0.490 
 44     2407    (0)    3 :  0.557 0.443 
 45     2408    (0)    3 :  0.503 0.497 
 46     2409    (0)    3 :  0.505 0.495 
 47     2410    (0)    3 :  0.614 0.386 
 48     2459    (0)    4 :  0.510 0.490 
 49     2460    (0)    4 :  0.541 0.459 
 50     2461    (0)    4 :  0.547 0.453 
 51     2462    (4)    4 :  0.545 0.455 
 52     2463    (0)    4 :  0.614 0.386 
 53     2464    (2)    4 :  0.452 0.548 
 54     2465    (0)    4 :  0.624 0.376 
 55     2466    (2)    4 :  0.569 0.431 
 56     2467    (0)    4 :  0.468 0.532 
 57     2468    (0)    4 :  0.587 0.413 
 58     2469    (0)    4 :  0.492 0.508 
 59     2369    (0)    5 :  0.641 0.359 
 60     2370    (0)    5 :  0.566 0.434 
 61     2372    (0)    5 :  0.548 0.452 
 62     2373    (0)    5 :  0.453 0.547 
 63     2374    (0)    5 :  0.532 0.468 
 64     2375    (0)    5 :  0.453 0.547 
 65     2376    (0)    5 :  0.519 0.481 
 66     2377    (0)    5 :  0.479 0.521 
 67     2378    (0)    5 :  0.604 0.396 
 68     2379    (0)    5 :  0.449 0.551 
 69     2380    (0)    5 :  0.568 0.432 
 70     2381    (0)    5 :  0.566 0.434 
 71     2382    (0)    5 :  0.444 0.556 
 72     2383    (0)    5 :  0.632 0.368 
 73     2384    (0)    5 :  0.551 0.449 
 74     2385    (0)    5 :  0.444 0.556 
 75     2386    (0)    5 :  0.426 0.574 
 76     2387    (0)    5 :  0.518 0.482 
 77     2388    (0)    5 :  0.415 0.585 
 78     2389    (2)    5 :  0.358 0.642 
 79     2390    (0)    5 :  0.390 0.610 
 80     2391    (0)    5 :  0.478 0.522 
 81     2392    (0)    5 :  0.537 0.463 


Estimated Allele Frequencies in each cluster
First column gives estimated ancestral frequencies


Locus 1 : 1 
4 alleles
0.0% missing data
  91   (0.404) 0.269 0.405 
  89   (0.431) 0.628 0.431 
  93   (0.123) 0.098 0.123 
  99   (0.042) 0.004 0.041 

Locus 2 : 2 
6 alleles
0.0% missing data
 134   (0.257) 0.328 0.257 
 136   (0.277) 0.406 0.277 
 140   (0.128) 0.035 0.128 
 138   (0.266) 0.225 0.266 
 142   (0.020) 0.001 0.020 
 132   (0.052) 0.005 0.052 

Locus 3 : 3 
6 alleles
0.0% missing data
 179   (0.267) 0.404 0.267 
 187   (0.247) 0.323 0.247 
 185   (0.169) 0.038 0.169 
 191   (0.065) 0.015 0.065 
 181   (0.163) 0.196 0.162 
 175   (0.090) 0.024 0.090 

Locus 4 : 4 
10 alleles
0.0% missing data
 241   (0.191) 0.175 0.192 
 247   (0.118) 0.030 0.118 
 253   (0.254) 0.598 0.254 
 273   (0.032) 0.002 0.032 
 269   (0.212) 0.172 0.213 
 271   (0.093) 0.016 0.093 
 249   (0.039) 0.004 0.039 
 245   (0.020) 0.001 0.019 
 265   (0.019) 0.001 0.019 
 239   (0.020) 0.001 0.020 

Locus 5 : 5 
4 alleles
0.0% missing data
 103   (0.866) 0.981 0.867 
 105   (0.080) 0.015 0.080 
 102   (0.032) 0.003 0.032 
 104   (0.021) 0.001 0.021 

Locus 6 : 6 
5 alleles
0.0% missing data
 135   (0.399) 0.191 0.400 
 145   (0.270) 0.525 0.270 
 141   (0.256) 0.278 0.256 
 147   (0.043) 0.004 0.043 
 137   (0.032) 0.002 0.032 

Locus 7 : 7 
10 alleles
1.2% missing data
  97   (0.184) 0.181 0.184 
 103   (0.212) 0.513 0.212 
  89   (0.109) 0.039 0.109 
  93   (0.253) 0.195 0.254 
  83   (0.077) 0.054 0.077 
  99   (0.030) 0.002 0.030 
  85   (0.057) 0.010 0.057 
  91   (0.039) 0.003 0.039 
 105   (0.020) 0.001 0.020 
 101   (0.020) 0.001 0.019 

Locus 8 : 8 
7 alleles
0.0% missing data
 129   (0.504) 0.737 0.504 
 143   (0.263) 0.221 0.263 
 141   (0.084) 0.023 0.084 
 149   (0.069) 0.012 0.069 
 133   (0.040) 0.004 0.040 
 145   (0.020) 0.002 0.020 
 127   (0.020) 0.001 0.020 

Locus 9 : 9 
4 alleles
0.0% missing data
 189   (0.467) 0.520 0.467 
 191   (0.302) 0.315 0.302 
 195   (0.210) 0.164 0.210 
 193   (0.021) 0.001 0.021 

Locus 10 : 10 
6 alleles
0.0% missing data
 250   (0.071) 0.010 0.070 
 254   (0.071) 0.007 0.071 
 252   (0.141) 0.035 0.141 
 238   (0.511) 0.700 0.511 
 232   (0.169) 0.241 0.169 
 248   (0.038) 0.008 0.038 

Locus 11 : 11 
4 alleles
0.0% missing data
  87   (0.677) 0.858 0.677 
  89   (0.240) 0.132 0.240 
  91   (0.062) 0.008 0.062 
  85   (0.021) 0.001 0.021 

Locus 12 : 12 
11 alleles
0.0% missing data
 160   (0.246) 0.319 0.247 
 158   (0.168) 0.245 0.168 
 162   (0.187) 0.320 0.187 
 170   (0.077) 0.050 0.077 
 161   (0.114) 0.042 0.114 
 154   (0.037) 0.005 0.037 
 143   (0.038) 0.003 0.038 
 149   (0.048) 0.006 0.048 
 147   (0.046) 0.008 0.046 
 159   (0.020) 0.002 0.019 
 134   (0.020) 0.001 0.019 

Locus 13 : 13 
4 alleles
0.0% missing data
 113   (0.352) 0.286 0.352 
 115   (0.438) 0.600 0.438 
 108   (0.188) 0.113 0.188 
 110   (0.022) 0.001 0.021 

Locus 14 : 14 
7 alleles
0.0% missing data
 172   (0.394) 0.559 0.394 
 176   (0.169) 0.065 0.169 
 182   (0.108) 0.055 0.108 
 174   (0.173) 0.297 0.173 
 170   (0.050) 0.006 0.050 
 180   (0.042) 0.003 0.042 
 178   (0.065) 0.015 0.065 

Locus 15 : 15 
7 alleles
0.0% missing data
 225   (0.198) 0.070 0.199 
 229   (0.328) 0.606 0.328 
 227   (0.153) 0.210 0.153 
 231   (0.231) 0.105 0.231 
 213   (0.020) 0.001 0.020 
 233   (0.049) 0.007 0.049 
 203   (0.021) 0.001 0.021 

Locus 16 : 16 
4 alleles
1.2% missing data
 143   (0.876) 0.981 0.876 
 145   (0.069) 0.015 0.069 
 147   (0.033) 0.003 0.033 
 157   (0.022) 0.001 0.022 

Locus 17 : 17 
5 alleles
0.0% missing data
 158   (0.415) 0.642 0.415 
 156   (0.317) 0.218 0.318 
 154   (0.096) 0.021 0.096 
 160   (0.150) 0.118 0.150 
 152   (0.021) 0.001 0.021 

Locus 18 : 18 
5 alleles
0.0% missing data
  90   (0.583) 0.770 0.584 
 100   (0.146) 0.095 0.146 
 102   (0.167) 0.111 0.167 
 104   (0.021) 0.001 0.020 
  88   (0.083) 0.023 0.083 

Locus 19 : 19 
7 alleles
0.0% missing data
 127   (0.197) 0.330 0.197 
 140   (0.242) 0.363 0.243 
 142   (0.147) 0.139 0.147 
 148   (0.110) 0.056 0.110 
 146   (0.122) 0.052 0.122 
 138   (0.084) 0.034 0.084 
 150   (0.099) 0.026 0.099 

Locus 20 : 20 
6 alleles
0.0% missing data
 190   (0.126) 0.079 0.126 
 194   (0.413) 0.727 0.413 
 202   (0.061) 0.008 0.061 
 188   (0.188) 0.107 0.188 
 200   (0.191) 0.079 0.192 
 198   (0.020) 0.001 0.020 

Locus 21 : 21 
6 alleles
0.0% missing data
 252   (0.526) 0.876 0.526 
 246   (0.154) 0.077 0.154 
 248   (0.032) 0.003 0.031 
 244   (0.039) 0.006 0.039 
 250   (0.141) 0.020 0.141 
 254   (0.109) 0.017 0.109 

Locus 22 : 22 
6 alleles
0.0% missing data
 167   (0.224) 0.368 0.224 
 173   (0.222) 0.382 0.222 
 163   (0.070) 0.010 0.070 
 177   (0.251) 0.150 0.251 
 175   (0.142) 0.068 0.142 
 165   (0.092) 0.022 0.092 

Locus 23 : 23 
10 alleles
0.0% missing data
 152   (0.334) 0.579 0.334 
 158   (0.163) 0.079 0.164 
 146   (0.156) 0.282 0.156 
 150   (0.056) 0.012 0.056 
 156   (0.029) 0.003 0.029 
 162   (0.050) 0.005 0.049 
 166   (0.090) 0.022 0.090 
 164   (0.056) 0.012 0.056 
 148   (0.038) 0.004 0.038 
 142   (0.029) 0.003 0.029 

Locus 24 : 24 
6 alleles
1.2% missing data
 144   (0.168) 0.197 0.168 
 156   (0.206) 0.078 0.206 
 154   (0.432) 0.672 0.432 
 160   (0.140) 0.049 0.140 
 152   (0.022) 0.001 0.022 
 158   (0.031) 0.002 0.031 

Locus 25 : 25 
4 alleles
1.2% missing data
  81   (0.396) 0.369 0.396 
  83   (0.417) 0.536 0.417 
  77   (0.136) 0.087 0.135 
  85   (0.051) 0.008 0.051 

Locus 26 : 26 
6 alleles
1.2% missing data
 124   (0.475) 0.624 0.475 
 132   (0.246) 0.326 0.246 
 122   (0.163) 0.037 0.164 
 126   (0.072) 0.010 0.072 
 120   (0.021) 0.001 0.021 
 136   (0.023) 0.001 0.022 

Locus 27 : 27 
6 alleles
0.0% missing data
 165   (0.250) 0.290 0.250 
 183   (0.284) 0.360 0.284 
 179   (0.149) 0.049 0.149 
 175   (0.206) 0.273 0.206 
 181   (0.090) 0.026 0.090 
 185   (0.021) 0.001 0.020 

Locus 28 : 28 
4 alleles
0.0% missing data
 142   (0.416) 0.675 0.416 
 150   (0.184) 0.140 0.184 
 148   (0.283) 0.147 0.283 
 138   (0.117) 0.038 0.117 

Locus 29 : 29 
5 alleles
0.0% missing data
 260   (0.403) 0.585 0.403 
 262   (0.460) 0.399 0.461 
 258   (0.042) 0.004 0.042 
 256   (0.072) 0.011 0.071 
 264   (0.022) 0.001 0.022 

Locus 30 : 30 
5 alleles
0.0% missing data
 140   (0.186) 0.128 0.186 
 150   (0.360) 0.687 0.360 
 148   (0.108) 0.020 0.108 
 146   (0.296) 0.160 0.296 
 152   (0.051) 0.006 0.051 

Locus 31 : 31 
6 alleles
0.0% missing data
 125   (0.274) 0.227 0.274 
 129   (0.409) 0.682 0.410 
 123   (0.129) 0.060 0.129 
 127   (0.109) 0.018 0.109 
 121   (0.031) 0.002 0.031 
 131   (0.048) 0.011 0.048 

Locus 32 : 32 
5 alleles
0.0% missing data
 155   (0.511) 0.587 0.512 
 159   (0.163) 0.151 0.163 
 157   (0.190) 0.222 0.190 
 153   (0.094) 0.037 0.093 
 151   (0.042) 0.003 0.042 

Locus 33 : 33 
4 alleles
0.0% missing data
  92   (0.296) 0.222 0.296 
  94   (0.080) 0.026 0.080 
  95   (0.203) 0.161 0.203 
  91   (0.421) 0.591 0.421 

Locus 34 : 34 
4 alleles
0.0% missing data
 146   (0.367) 0.304 0.367 
 148   (0.102) 0.029 0.102 
 150   (0.443) 0.646 0.443 
 154   (0.088) 0.021 0.088 

Locus 35 : 35 
6 alleles
0.0% missing data
 180   (0.316) 0.508 0.316 
 192   (0.178) 0.181 0.178 
 184   (0.234) 0.159 0.234 
 196   (0.180) 0.142 0.180 
 198   (0.061) 0.008 0.061 
 190   (0.031) 0.002 0.031 

Locus 36 : 36 
6 alleles
0.0% missing data
 106   (0.238) 0.338 0.238 
 112   (0.235) 0.401 0.235 
  94   (0.050) 0.005 0.050 
 110   (0.218) 0.166 0.218 
 108   (0.197) 0.084 0.197 
  90   (0.061) 0.007 0.061 

Locus 37 : 37 
8 alleles
0.0% missing data
 168   (0.143) 0.078 0.143 
 178   (0.071) 0.024 0.071 
 170   (0.286) 0.225 0.286 
 174   (0.099) 0.166 0.099 
 172   (0.176) 0.386 0.176 
 176   (0.135) 0.099 0.135 
 166   (0.071) 0.021 0.071 
 186   (0.019) 0.001 0.019 

Locus 38 : 38 
6 alleles
0.0% missing data
  85   (0.230) 0.202 0.230 
  95   (0.084) 0.021 0.084 
  89   (0.409) 0.686 0.409 
  83   (0.177) 0.078 0.178 
  81   (0.078) 0.012 0.078 
  91   (0.021) 0.001 0.021 

Locus 39 : 39 
6 alleles
0.0% missing data
 161   (0.348) 0.365 0.348 
 165   (0.217) 0.175 0.217 
 167   (0.064) 0.018 0.064 
 169   (0.109) 0.109 0.108 
 173   (0.232) 0.329 0.232 
 175   (0.031) 0.004 0.030 

Locus 40 : 40 
5 alleles
0.0% missing data
  85   (0.288) 0.163 0.288 
  87   (0.163) 0.036 0.163 
  91   (0.185) 0.114 0.185 
  81   (0.110) 0.032 0.110 
  89   (0.254) 0.655 0.254 

Locus 41 : 41 
3 alleles
0.0% missing data
 167   (0.672) 0.885 0.672 
 161   (0.266) 0.107 0.266 
 165   (0.062) 0.008 0.062 

Locus 42 : 42 
6 alleles
0.0% missing data
 224   (0.031) 0.003 0.031 
 228   (0.350) 0.390 0.350 
 238   (0.311) 0.493 0.311 
 240   (0.206) 0.103 0.207 
 236   (0.081) 0.009 0.081 
 242   (0.021) 0.001 0.021 

Locus 43 : 43 
6 alleles
1.2% missing data
 130   (0.383) 0.709 0.383 
 118   (0.077) 0.016 0.077 
 128   (0.096) 0.049 0.096 
 132   (0.116) 0.053 0.115 
 114   (0.145) 0.057 0.145 
 134   (0.184) 0.117 0.184 

Locus 44 : 44 
5 alleles
0.0% missing data
 104   (0.407) 0.469 0.407 
  98   (0.175) 0.072 0.176 
 102   (0.156) 0.382 0.156 
  92   (0.182) 0.066 0.182 
  96   (0.080) 0.011 0.080 

Locus 45 : 45 
5 alleles
0.0% missing data
  95   (0.214) 0.182 0.214 
 101   (0.278) 0.495 0.278 
 103   (0.308) 0.292 0.308 
  99   (0.148) 0.027 0.148 
  97   (0.052) 0.005 0.052 

Locus 46 : 46 
7 alleles
0.0% missing data
 181   (0.461) 0.696 0.461 
 191   (0.304) 0.268 0.304 
 179   (0.059) 0.009 0.059 
 177   (0.085) 0.020 0.085 
 189   (0.030) 0.002 0.030 
 183   (0.030) 0.003 0.030 
 193   (0.031) 0.002 0.031 

Locus 47 : 47 
6 alleles
0.0% missing data
 211   (0.226) 0.168 0.226 
 215   (0.095) 0.022 0.095 
 205   (0.360) 0.648 0.360 
 207   (0.240) 0.151 0.240 
 201   (0.058) 0.009 0.058 
 202   (0.021) 0.002 0.021 

Locus 48 : 48 
9 alleles
0.0% missing data
 142   (0.211) 0.433 0.211 
 162   (0.090) 0.023 0.090 
 164   (0.057) 0.007 0.057 
 168   (0.152) 0.153 0.152 
 158   (0.174) 0.155 0.174 
 170   (0.049) 0.005 0.049 
 166   (0.130) 0.183 0.129 
 156   (0.057) 0.008 0.057 
 144   (0.081) 0.033 0.081 

Locus 49 : 49 
6 alleles
0.0% missing data
 149   (0.295) 0.399 0.295 
 151   (0.222) 0.181 0.222 
 145   (0.217) 0.186 0.217 
 153   (0.214) 0.231 0.214 
 147   (0.021) 0.001 0.021 
 143   (0.031) 0.003 0.031 

Values of parameters used in structure:
DATAFILE=W1.str,	OUTFILE=k2/W1_k2_run1,	NUMINDS=81,	NUMLOCI=49,	MISSING=-9,	LABEL=1,	POPDATA=1,	POPFLAG=0,	PHENOTYPE=0,	EXTRACOLS=0,	MAXPOPS=2,	BURNIN=500000,	NUMREPS=750000,	USEPOPINFO=0,	INFERALPHA=1,	INFERLAMBDA=0,	POPSPECIFICLAMBDA=0,	POPALPHAS=0,	COMPUTEPROB=1,	NOADMIX=0,	ADMBURNIN=500,	UPDATEFREQ=100,	PRINTLIKES=0,	INTERMEDSAVE=0,	PRINTKLD=0,	PRINTNET=1,	PRINTLAMBDA=1,	ANCESTDIST=0,	NUMBOXES=1000,	ANCESTPINT=0.90000,	GENSBACK=2,	MIGRPRIOR=0.01000,	PRINTQHAT=0,	PRINTQSUM=1,	ALPHA=1.0000,	FREQSCORR=1,	FPRIORMEAN=0.0100,	FPRIORSD=0.0500,	ONEFST=0,	LAMBDA=1.0000,	UNIFPRIORALPHA=1,	ALPHAMAX=10.0000,	ALPHAPRIORA=1.0000,	ALPHAPRIORB=2.0000,	ALPHAPROPSD=0.0250,	STARTATPOPINFO=0,	RANDOMIZE=0,	LINKAGE=0,	METROFREQ=10,	REPORTHITRATE=0,	MARKOVPHASE=0,	PHASED=1,	PLOIDY=2,	PHASEINFO=0	LOCPRIOR=0, 	LOCPRIORINIT=1.000000, 	LOCDATA=0, 	LOCISPOP=1, 	LOCPRIORSTEP=0.100000, 	MAXLOCPRIOR=20.000000, 	SEED=944193,	
[STRAT parameters]:    NUMSIMSTATS=1000,	PHENOTYPECOL=-9,	POOLFREQ=10,	LOCUSxONLY=0,	EMERROR=0.00100,	MISSINGPHENO=-9,	