indivID	dropout_rate
2055	0.015117
2056	0.000000
2057	0.000000
2058	0.000000
2059	0.000000
2060	0.000000
2061	0.000000
2062	0.019282
2063	0.000189
2064	0.001552
2065	0.036136
2066	0.000000
2067	0.000000
2068	0.030875
2069	0.000000
2070	0.000039
2071	0.000000
2072	0.033451
2073	0.005177
2074	0.000000
2075	0.066894
2076	0.000000
2077	0.014907
2078	0.000046
2079	0.000000
2080	0.041205
2081	0.000000
2082	0.041897
2083	0.000000
2084	0.000000
2085	0.000000
2086	0.000000
2087	0.000000
2088	0.000000
2089	0.060475
2090	0.000000
2091	0.000000
2092	0.008196
2093	0.000082
2094	0.000004
2095	0.000000
2096	0.000372
2097	0.000405
2098	0.027986
2099	0.050264
2100	0.000270
2101	0.000000
2102	0.052447
2103	0.001122
2104	0.028814
2105	0.081119
2106	0.000000
2107	0.000000
2108	0.000000
2109	0.029364
2110	0.000001
2111	0.000668
2112	0.000000
2583	0.000000
2584	0.070870
2587	0.069366
2590	0.042929
2591	0.118946
