BMS1117 TGLA53 BMC4214 BM1225 BM47 BMS1315 IL4 BM2113 BMS1716 BM1706 BMS1675 BMS1857 BMS1001 BMS601 BM720 ILSTS102 BMS1074 BMS1172 BMS2258 BM757 SPS115 BMS527 BM2830 INRA194 BMS941 INRA037 BM4107 TGLA122 HUJ246 BMS528 BM4440 TGLA44 BMS510 BMS1355 BM1824 BMS812 BMS2639 BMS410 AGLA232 BM17132 BM711 INRA133 RM372 BM4311 BMS1747 BL1036 BM1862 BMS1862 URB011 
282 6 91 136 181 253 103 145 93 127 189 232 87 143 113 172 227 143 156 90 127 194 250 173 150 144 83 124 165 148 262 140 121 153 91 150 180 90 168 85 161 85 161 228 114 102 95 181 201 156 145
282 6 91 138 187 269 103 145 93 143 195 238 87 160 113 172 233 143 158 100 140 194 252 177 152 154 83 124 179 148 262 140 127 155 92 150 180 90 170 89 161 87 161 236 134 102 99 181 211 168 151
284 6 91 138 187 253 103 135 93 129 189 232 87 160 108 172 227 143 156 90 127 194 246 175 148 144 81 124 179 148 262 140 127 155 91 146 180 106 168 85 173 85 167 236 114 96 99 181 201 156 145
284 6 99 138 187 269 103 145 97 143 191 254 87 162 113 174 231 145 156 90 140 194 252 177 152 154 83 132 179 148 262 150 129 155 95 146 180 110 170 89 173 91 167 236 118 98 99 181 201 156 145
287 6 91 138 187 253 103 135 91 131 189 254 87 160 113 172 229 143 156 90 127 194 250 167 152 154 83 120 183 142 262 140 125 155 91 146 184 90 168 89 169 87 161 228 114 98 99 181 205 156 145
287 6 99 138 187 269 103 145 93 143 195 254 87 160 113 172 231 145 156 100 127 194 252 175 166 154 83 124 183 148 262 140 127 157 95 150 184 106 170 91 173 87 167 238 134 102 103 191 205 168 149
295 6 91 136 181 241 103 135 93 143 195 238 87 160 108 172 225 143 154 100 140 194 246 175 148 144 83 120 165 148 262 140 125 151 91 146 180 90 168 85 161 87 161 228 114 102 97 181 211 156 145
295 6 91 138 187 253 103 135 93 143 195 254 87 160 113 172 225 143 156 100 140 194 252 177 152 144 83 124 183 148 262 140 129 155 95 150 180 108 170 89 165 87 167 228 118 102 99 191 211 156 149
302 6 91 138 187 241 103 135 93 143 189 238 87 160 108 180 225 143 156 90 127 194 246 173 148 144 83 120 179 142 262 140 127 151 91 146 180 108 168 85 161 87 167 228 114 98 97 179 205 156 145
302 6 91 138 187 269 103 145 93 143 195 238 87 160 113 180 231 143 156 100 140 194 250 175 152 144 83 120 183 148 262 140 129 157 92 146 180 110 170 89 165 87 167 228 118 102 99 181 211 156 149
306 6 91 138 187 253 103 135 -9 129 191 238 87 143 108 -9 225 143 154 90 127 194 250 175 150 144 81 122 179 142 260 140 127 151 91 146 180 106 170 85 161 87 167 236 114 96 95 179 201 162 145
306 6 93 138 187 253 103 135 -9 143 195 254 87 161 115 -9 233 145 158 100 138 194 254 175 152 144 83 124 179 148 262 150 127 153 95 146 184 110 170 85 169 91 167 236 118 102 103 191 201 166 147
308 6 91 136 181 253 103 135 93 143 189 232 87 160 113 172 227 143 154 90 127 194 250 167 152 154 81 120 165 142 262 140 127 155 91 150 180 90 170 85 161 87 161 228 134 98 99 181 205 156 145
308 6 91 138 187 253 103 145 93 143 191 254 87 160 113 174 231 145 156 90 127 194 252 177 166 154 83 120 183 148 262 140 127 155 95 150 184 90 170 91 169 87 167 228 134 102 103 191 211 168 149
867 6 91 138 187 241 103 135 93 143 191 238 87 143 108 172 227 143 156 90 128 194 250 175 146 144 81 132 165 142 262 140 127 155 91 146 180 90 168 85 161 87 161 228 114 92 97 179 201 156 145
867 6 99 138 187 253 103 135 97 143 195 254 87 161 113 180 231 143 158 100 128 194 254 175 148 144 83 132 165 148 262 140 127 155 91 146 180 90 170 85 169 91 167 228 114 102 103 179 201 162 149
