

----------------------------------------------------
STRUCTURE by Pritchard, Stephens and Donnelly (2000)
     and Falush, Stephens and Pritchard (2003)
       Code by Pritchard, Falush and Hubisz
             Version 2.3.4 (Jul 2012)
----------------------------------------------------



Command line arguments:   structure -D 848446 -K 5 -m mainparams -o k5/temp2_np_k5_run7 
Input File:    temp2_np.str

Run parameters:
   361 individuals
   48 loci
   5 populations assumed
   500000 Burn-in period
   750000 Reps
RANDOMIZE turned off


--------------------------------------------
Proportion of membership of each pre-defined
 population in each of the 5 clusters

Given    Inferred Clusters                     Number of
 Pop       1      2      3      4      5      Individuals

  1:     0.004  0.010  0.012  0.008  0.966       63
  2:     0.006  0.010  0.021  0.009  0.954       20
  3:     0.003  0.013  0.021  0.006  0.956       19
  4:     0.005  0.007  0.011  0.005  0.972       31
  5:     0.004  0.008  0.007  0.004  0.978       20
  6:     0.018  0.018  0.200  0.013  0.751        8
  7:     0.006  0.019  0.012  0.004  0.959       17
  8:     0.003  0.004  0.005  0.983  0.004       29
  9:     0.986  0.003  0.005  0.003  0.003        8
 10:     0.006  0.151  0.803  0.022  0.017       21
 11:     0.009  0.379  0.585  0.012  0.015       30
 12:     0.004  0.804  0.146  0.014  0.032       25
 13:     0.006  0.787  0.164  0.008  0.035       32
 14:     0.014  0.112  0.822  0.025  0.026       34
 15:     0.003  0.017  0.939  0.007  0.035        4
--------------------------------------------

Allele-freq. divergence among pops (Net nucleotide distance),
computed using point estimates of P.

      1       2       3       4       5      
 1      -    0.1136  0.0912  0.1264  0.1261  
 2   0.1136     -    0.0121  0.0653  0.0336  
 3   0.0912  0.0121     -    0.0506  0.0246  
 4   0.1264  0.0653  0.0506     -    0.0723  
 5   0.1261  0.0336  0.0246  0.0723     -    

Average distances (expected heterozygosity) between individuals in same cluster:
cluster  1  : 0.5441 
cluster  2  : 0.5890 
cluster  3  : 0.6503 
cluster  4  : 0.5522 
cluster  5  : 0.5579 

--------------------------------------------
Estimated Ln Prob of Data   = -38655.8
Mean value of ln likelihood = -38304.8
Variance of ln likelihood   = 702.1
Mean value of alpha         = 0.0312

Mean value of Fst_1         = 0.2871
Mean value of Fst_2         = 0.0576
Mean value of Fst_3         = 0.0020
Mean value of Fst_4         = 0.1993
Mean value of Fst_5         = 0.1165


Inferred ancestry of individuals:
        Label (%Miss) Pop:  Inferred clusters
  1     2055    (0)    1 :  0.003 0.007 0.004 0.002 0.984 
  2     2056    (0)    1 :  0.005 0.005 0.005 0.006 0.979 
  3     2057    (0)    1 :  0.003 0.007 0.010 0.002 0.978 
  4     2058    (0)    1 :  0.001 0.002 0.003 0.005 0.989 
  5     2059    (0)    1 :  0.002 0.003 0.004 0.003 0.988 
  6     2060    (0)    1 :  0.004 0.003 0.004 0.002 0.987 
  7     2061    (0)    1 :  0.018 0.007 0.012 0.005 0.958 
  8     2062    (0)    1 :  0.002 0.013 0.008 0.005 0.972 
  9     2063    (0)    1 :  0.002 0.004 0.003 0.002 0.989 
 10     2064    (0)    1 :  0.003 0.003 0.003 0.002 0.990 
 11     2065    (0)    1 :  0.001 0.002 0.002 0.002 0.993 
 12     2066    (0)    1 :  0.001 0.004 0.003 0.002 0.990 
 13     2067    (0)    1 :  0.003 0.006 0.006 0.006 0.979 
 14     2068    (0)    1 :  0.009 0.013 0.059 0.040 0.879 
 15     2069    (0)    1 :  0.001 0.002 0.003 0.002 0.991 
 16     2070    (0)    1 :  0.001 0.093 0.246 0.002 0.658 
 17     2071    (0)    1 :  0.009 0.005 0.008 0.010 0.968 
 18     2072    (0)    1 :  0.007 0.002 0.005 0.003 0.982 
 19     2073    (0)    1 :  0.017 0.016 0.034 0.012 0.922 
 20     2074    (0)    1 :  0.003 0.002 0.003 0.003 0.989 
 21     2075    (0)    1 :  0.003 0.005 0.007 0.022 0.963 
 22     2076    (0)    1 :  0.001 0.002 0.002 0.002 0.992 
 23     2077    (0)    1 :  0.006 0.017 0.011 0.010 0.956 
 24     2078    (0)    1 :  0.003 0.006 0.003 0.003 0.984 
 25     2079    (0)    1 :  0.001 0.018 0.012 0.052 0.917 
 26     2080    (0)    1 :  0.003 0.005 0.045 0.045 0.902 
 27     2081    (0)    1 :  0.002 0.004 0.004 0.003 0.986 
 28     2082    (0)    1 :  0.002 0.005 0.010 0.005 0.978 
 29     2083    (0)    1 :  0.002 0.004 0.006 0.001 0.987 
 30     2084    (0)    1 :  0.003 0.009 0.008 0.007 0.973 
 31     2085    (0)    1 :  0.001 0.011 0.006 0.003 0.979 
 32     2086    (0)    1 :  0.003 0.008 0.013 0.003 0.972 
 33     2087    (0)    1 :  0.005 0.005 0.005 0.050 0.935 
 34     2088    (0)    1 :  0.003 0.049 0.019 0.015 0.914 
 35     2089    (0)    1 :  0.001 0.002 0.002 0.002 0.992 
 36     2090    (0)    1 :  0.004 0.004 0.006 0.030 0.955 
 37     2091    (0)    1 :  0.001 0.005 0.004 0.003 0.987 
 38     2092    (0)    1 :  0.001 0.004 0.004 0.017 0.974 
 39     2093    (0)    1 :  0.001 0.003 0.002 0.002 0.992 
 40     2094    (0)    1 :  0.002 0.003 0.002 0.001 0.992 
 41     2095    (0)    1 :  0.005 0.005 0.006 0.049 0.933 
 42     2096    (0)    1 :  0.001 0.003 0.002 0.002 0.991 
 43     2097    (0)    1 :  0.002 0.003 0.003 0.001 0.991 
 44     2098    (0)    1 :  0.003 0.018 0.020 0.011 0.948 
 45     2099    (0)    1 :  0.006 0.016 0.022 0.004 0.952 
 46     2100    (0)    1 :  0.002 0.009 0.015 0.004 0.970 
 47     2101    (0)    1 :  0.003 0.006 0.004 0.005 0.982 
 48     2102    (2)    1 :  0.001 0.004 0.004 0.002 0.990 
 49     2103    (0)    1 :  0.002 0.008 0.004 0.004 0.982 
 50     2104    (0)    1 :  0.001 0.055 0.009 0.002 0.933 
 51     2105    (0)    1 :  0.006 0.022 0.005 0.004 0.963 
 52     2106    (0)    1 :  0.002 0.006 0.009 0.002 0.981 
 53     2107    (0)    1 :  0.002 0.012 0.005 0.003 0.977 
 54     2108    (0)    1 :  0.004 0.006 0.011 0.005 0.974 
 55     2109    (0)    1 :  0.004 0.009 0.006 0.002 0.979 
 56     2110    (0)    1 :  0.004 0.025 0.008 0.005 0.958 
 57     2111    (0)    1 :  0.001 0.013 0.004 0.004 0.978 
 58     2112    (0)    1 :  0.003 0.003 0.003 0.003 0.988 
 59     2583    (2)    1 :  0.005 0.003 0.003 0.006 0.983 
 60     2584    (4)    1 :  0.004 0.004 0.018 0.004 0.970 
 61     2587    (2)    1 :  0.001 0.013 0.005 0.003 0.978 
 62     2590    (2)    1 :  0.010 0.003 0.004 0.002 0.980 
 63     2591    (6)    1 :  0.001 0.013 0.009 0.012 0.964 
 64      315    (0)   10 :  0.009 0.130 0.804 0.043 0.013 
 65      565    (0)   10 :  0.003 0.006 0.957 0.026 0.009 
 66      566    (2)   10 :  0.004 0.860 0.106 0.017 0.013 
 67      567    (2)   10 :  0.002 0.006 0.965 0.004 0.023 
 68      877    (0)   10 :  0.002 0.010 0.973 0.003 0.012 
 69      878    (0)   10 :  0.010 0.006 0.973 0.006 0.005 
 70      879    (0)   10 :  0.006 0.016 0.967 0.004 0.007 
 71      880    (0)   10 :  0.002 0.009 0.977 0.005 0.007 
 72      881    (0)   10 :  0.006 0.020 0.958 0.010 0.006 
 73      882    (0)   10 :  0.021 0.006 0.959 0.009 0.006 
 74      883    (0)   10 :  0.006 0.017 0.965 0.004 0.008 
 75      884    (0)   10 :  0.002 0.710 0.260 0.002 0.026 
 76      885    (0)   10 :  0.008 0.186 0.793 0.004 0.008 
 77      886    (0)   10 :  0.011 0.031 0.809 0.141 0.008 
 78      887    (0)   10 :  0.011 0.926 0.034 0.005 0.023 
 79      888    (0)   10 :  0.005 0.007 0.864 0.008 0.116 
 80      889    (0)   10 :  0.009 0.112 0.867 0.005 0.007 
 81      890    (0)   10 :  0.004 0.016 0.961 0.014 0.005 
 82      891    (0)   10 :  0.002 0.007 0.974 0.005 0.012 
 83      892    (0)   10 :  0.006 0.011 0.969 0.004 0.010 
 84      893    (0)   10 :  0.003 0.088 0.733 0.142 0.034 
 85      341    (0)   11 :  0.004 0.006 0.976 0.009 0.005 
 86      343    (0)   11 :  0.005 0.037 0.943 0.009 0.007 
 87      914    (0)   11 :  0.002 0.976 0.007 0.004 0.011 
 88      916    (0)   11 :  0.003 0.014 0.940 0.004 0.040 
 89      924    (0)   11 :  0.002 0.854 0.121 0.019 0.004 
 90      938    (0)   11 :  0.005 0.244 0.722 0.002 0.026 
 91      939    (0)   11 :  0.001 0.975 0.007 0.008 0.008 
 92      940    (0)   11 :  0.005 0.913 0.076 0.003 0.004 
 93      941    (2)   11 :  0.009 0.920 0.041 0.026 0.004 
 94      942    (0)   11 :  0.004 0.024 0.952 0.014 0.007 
 95      943    (0)   11 :  0.002 0.162 0.803 0.003 0.030 
 96      944    (0)   11 :  0.004 0.943 0.017 0.004 0.033 
 97      945    (0)   11 :  0.002 0.987 0.006 0.002 0.003 
 98      946    (0)   11 :  0.116 0.353 0.518 0.003 0.009 
 99      947    (0)   11 :  0.002 0.045 0.909 0.038 0.006 
100      951    (0)   11 :  0.004 0.021 0.962 0.009 0.004 
101      952    (0)   11 :  0.011 0.090 0.814 0.078 0.007 
102      953    (0)   11 :  0.004 0.830 0.117 0.016 0.033 
103      954    (0)   11 :  0.011 0.840 0.134 0.009 0.007 
104      955    (0)   11 :  0.009 0.080 0.892 0.014 0.004 
105      961    (4)   11 :  0.002 0.021 0.949 0.004 0.024 
106      974    (0)   11 :  0.011 0.151 0.804 0.028 0.006 
107      975    (4)   11 :  0.003 0.114 0.855 0.002 0.026 
108      980    (0)   11 :  0.002 0.480 0.486 0.020 0.011 
109      981    (0)   11 :  0.003 0.009 0.976 0.003 0.010 
110      982    (0)   11 :  0.002 0.888 0.063 0.002 0.046 
111      984    (0)   11 :  0.011 0.030 0.927 0.004 0.028 
112      985    (0)   11 :  0.004 0.014 0.966 0.008 0.008 
113     2578    (4)   11 :  0.016 0.346 0.629 0.002 0.007 
114     2580    (2)   11 :  0.007 0.009 0.939 0.003 0.042 
115      328    (0)   12 :  0.017 0.131 0.362 0.014 0.476 
116      333    (0)   12 :  0.001 0.985 0.006 0.004 0.004 
117      918    (0)   12 :  0.008 0.895 0.012 0.079 0.006 
118      919    (0)   12 :  0.002 0.981 0.006 0.003 0.007 
119      920    (0)   12 :  0.003 0.979 0.010 0.002 0.006 
120      921    (0)   12 :  0.002 0.024 0.946 0.003 0.025 
121      922    (0)   12 :  0.001 0.971 0.006 0.003 0.019 
122      926    (0)   12 :  0.002 0.991 0.003 0.002 0.003 
123      927    (0)   12 :  0.001 0.988 0.003 0.003 0.005 
124      928    (0)   12 :  0.002 0.952 0.012 0.004 0.030 
125      929    (0)   12 :  0.006 0.946 0.020 0.002 0.026 
126      930    (0)   12 :  0.008 0.913 0.059 0.004 0.017 
127      932    (0)   12 :  0.001 0.306 0.671 0.005 0.017 
128      933    (0)   12 :  0.006 0.807 0.021 0.158 0.008 
129      949    (0)   12 :  0.002 0.101 0.882 0.005 0.010 
130      950    (0)   12 :  0.003 0.887 0.087 0.017 0.005 
131      964    (4)   12 :  0.008 0.975 0.008 0.002 0.007 
132      986    (0)   12 :  0.002 0.972 0.010 0.004 0.012 
133      987    (0)   12 :  0.002 0.893 0.053 0.007 0.045 
134     1001    (4)   12 :  0.003 0.982 0.004 0.002 0.008 
135     1002    (4)   12 :  0.006 0.970 0.006 0.010 0.007 
136     1003    (2)   12 :  0.007 0.493 0.450 0.003 0.047 
137     1004    (0)   12 :  0.003 0.984 0.005 0.005 0.003 
138     1005    (0)   12 :  0.003 0.977 0.007 0.004 0.009 
139     1010    (0)   12 :  0.001 0.986 0.003 0.004 0.005 
140      321    (0)   13 :  0.003 0.961 0.019 0.004 0.014 
141      338    (0)   13 :  0.002 0.988 0.004 0.002 0.004 
142      339    (0)   13 :  0.003 0.936 0.017 0.006 0.039 
143      363    (0)   13 :  0.008 0.040 0.943 0.005 0.004 
144      915    (0)   13 :  0.003 0.979 0.005 0.003 0.011 
145      917    (0)   13 :  0.001 0.949 0.042 0.003 0.004 
146      923    (0)   13 :  0.010 0.397 0.566 0.011 0.015 
147      925    (0)   13 :  0.003 0.981 0.005 0.006 0.006 
148      931    (0)   13 :  0.003 0.643 0.340 0.009 0.006 
149      935    (0)   13 :  0.003 0.973 0.013 0.004 0.007 
150      936    (0)   13 :  0.003 0.980 0.007 0.007 0.003 
151      937    (0)   13 :  0.001 0.988 0.006 0.002 0.003 
152      948    (0)   13 :  0.004 0.740 0.233 0.015 0.009 
153      956    (0)   13 :  0.001 0.983 0.006 0.002 0.008 
154      957    (0)   13 :  0.003 0.983 0.009 0.002 0.003 
155      967    (0)   13 :  0.003 0.982 0.009 0.003 0.003 
156      968    (2)   13 :  0.003 0.784 0.191 0.008 0.014 
157      969    (2)   13 :  0.003 0.958 0.019 0.013 0.008 
158      970    (2)   13 :  0.053 0.624 0.310 0.007 0.005 
159      971    (4)   13 :  0.002 0.979 0.007 0.003 0.009 
160      972    (0)   13 :  0.012 0.965 0.013 0.005 0.004 
161      973    (0)   13 :  0.004 0.033 0.940 0.015 0.008 
162      978    (0)   13 :  0.002 0.941 0.008 0.041 0.007 
163      979    (0)   13 :  0.003 0.311 0.183 0.002 0.501 
164      988    (6)   13 :  0.002 0.054 0.923 0.003 0.019 
165      989    (0)   13 :  0.004 0.935 0.039 0.004 0.018 
166      990    (0)   13 :  0.010 0.688 0.267 0.023 0.011 
167      991    (0)   13 :  0.001 0.988 0.004 0.004 0.003 
168      992    (0)   13 :  0.013 0.966 0.011 0.003 0.008 
169     1006    (2)   13 :  0.002 0.958 0.006 0.015 0.018 
170     1017    (0)   13 :  0.003 0.591 0.085 0.015 0.307 
171     2582    (4)   13 :  0.010 0.897 0.017 0.026 0.050 
172      319    (2)   14 :  0.002 0.011 0.974 0.004 0.009 
173      335    (0)   14 :  0.009 0.015 0.955 0.011 0.009 
174      895    (0)   14 :  0.007 0.010 0.975 0.005 0.004 
175      896    (0)   14 :  0.006 0.011 0.967 0.003 0.013 
176      897    (0)   14 :  0.002 0.009 0.978 0.006 0.005 
177      898    (0)   14 :  0.002 0.487 0.497 0.007 0.007 
178      899    (0)   14 :  0.005 0.096 0.617 0.007 0.275 
179      900    (0)   14 :  0.014 0.064 0.858 0.049 0.015 
180      901    (0)   14 :  0.003 0.024 0.802 0.033 0.137 
181      902    (0)   14 :  0.009 0.033 0.947 0.003 0.008 
182      903    (0)   14 :  0.020 0.007 0.965 0.003 0.005 
183      904    (0)   14 :  0.006 0.006 0.975 0.002 0.011 
184      905    (0)   14 :  0.017 0.006 0.933 0.003 0.040 
185      906    (0)   14 :  0.005 0.008 0.978 0.005 0.004 
186      907    (0)   14 :  0.015 0.015 0.955 0.008 0.008 
187      908    (0)   14 :  0.003 0.016 0.952 0.007 0.022 
188      909    (0)   14 :  0.004 0.685 0.014 0.284 0.012 
189      910    (0)   14 :  0.003 0.014 0.942 0.035 0.005 
190      911    (0)   14 :  0.007 0.022 0.914 0.035 0.022 
191      912    (0)   14 :  0.007 0.050 0.934 0.003 0.007 
192      913    (0)   14 :  0.129 0.588 0.189 0.047 0.046 
193     2411    (0)   14 :  0.004 0.008 0.976 0.004 0.008 
194     2412    (0)   14 :  0.021 0.920 0.044 0.007 0.009 
195     2413    (0)   14 :  0.008 0.005 0.958 0.019 0.011 
196     2414    (0)   14 :  0.004 0.027 0.957 0.002 0.009 
197     2415    (2)   14 :  0.003 0.110 0.846 0.016 0.025 
198     2417    (4)   14 :  0.005 0.207 0.690 0.008 0.090 
199     2418    (4)   14 :  0.003 0.006 0.977 0.007 0.006 
200     2419    (2)   14 :  0.002 0.108 0.878 0.006 0.006 
201     2420    (0)   14 :  0.072 0.017 0.902 0.006 0.003 
202     2421    (0)   14 :  0.005 0.179 0.800 0.009 0.006 
203     2422    (2)   14 :  0.005 0.007 0.790 0.192 0.006 
204     2423    (0)   14 :  0.006 0.012 0.948 0.008 0.025 
205     2576    (0)   14 :  0.078 0.024 0.875 0.010 0.013 
206     1079    (0)   15 :  0.002 0.020 0.954 0.004 0.020 
207     1081    (0)   15 :  0.003 0.017 0.922 0.008 0.051 
208     1082    (2)   15 :  0.003 0.005 0.976 0.008 0.007 
209     1083    (0)   15 :  0.004 0.024 0.903 0.007 0.062 
210       34    (0)    2 :  0.002 0.004 0.006 0.002 0.986 
211       38    (0)    2 :  0.006 0.019 0.029 0.039 0.906 
212       41    (0)    2 :  0.001 0.004 0.003 0.002 0.990 
213       44    (0)    2 :  0.001 0.004 0.008 0.003 0.984 
214       45    (0)    2 :  0.002 0.004 0.002 0.002 0.990 
215       47    (0)    2 :  0.014 0.056 0.272 0.039 0.619 
216       50    (0)    2 :  0.011 0.005 0.024 0.004 0.956 
217      384    (0)    2 :  0.003 0.014 0.006 0.003 0.974 
218      385    (2)    2 :  0.008 0.008 0.010 0.006 0.968 
219      386    (0)    2 :  0.001 0.002 0.002 0.003 0.992 
220      387    (0)    2 :  0.002 0.006 0.005 0.006 0.982 
221      388    (0)    2 :  0.001 0.004 0.003 0.006 0.986 
222      389    (0)    2 :  0.002 0.007 0.003 0.004 0.984 
223      390    (4)    2 :  0.034 0.016 0.014 0.020 0.916 
224      391    (0)    2 :  0.003 0.016 0.006 0.006 0.970 
225      392    (0)    2 :  0.001 0.008 0.003 0.002 0.985 
226      393    (2)    2 :  0.002 0.006 0.003 0.011 0.977 
227      394    (0)    2 :  0.002 0.003 0.003 0.002 0.991 
228      395    (0)    2 :  0.012 0.008 0.016 0.009 0.955 
229      396    (0)    2 :  0.008 0.004 0.004 0.010 0.974 
230     2498    (2)    3 :  0.005 0.006 0.006 0.006 0.977 
231     2513    (2)    3 :  0.002 0.006 0.004 0.009 0.980 
232     2514    (2)    3 :  0.002 0.021 0.031 0.004 0.942 
233     2597    (4)    3 :  0.007 0.013 0.009 0.003 0.967 
234     2499    (4)    3 :  0.004 0.010 0.024 0.010 0.952 
235     2500    (0)    3 :  0.004 0.003 0.006 0.007 0.981 
236     2506    (2)    3 :  0.003 0.004 0.004 0.003 0.985 
237     2509    (6)    3 :  0.008 0.014 0.047 0.030 0.900 
238     2511    (2)    3 :  0.001 0.004 0.004 0.004 0.987 
239     2512    (2)    3 :  0.005 0.004 0.004 0.002 0.985 
240     2515    (2)    3 :  0.002 0.003 0.004 0.002 0.989 
241     2516    (2)    3 :  0.001 0.011 0.011 0.002 0.975 
242     2517    (2)    3 :  0.002 0.015 0.005 0.003 0.975 
243     2518    (2)    3 :  0.003 0.021 0.008 0.008 0.960 
244     2519    (0)    3 :  0.002 0.069 0.151 0.018 0.760 
245     2520    (2)    3 :  0.002 0.002 0.003 0.001 0.992 
246     2521    (2)    3 :  0.002 0.022 0.045 0.002 0.929 
247     2603    (4)    3 :  0.003 0.005 0.032 0.003 0.957 
248     2606    (2)    3 :  0.004 0.008 0.008 0.002 0.979 
249       87    (0)    4 :  0.007 0.017 0.024 0.014 0.939 
250       88    (0)    4 :  0.002 0.003 0.003 0.003 0.989 
251       90    (0)    4 :  0.001 0.002 0.002 0.001 0.993 
252       92    (0)    4 :  0.002 0.012 0.009 0.003 0.973 
253       96    (0)    4 :  0.002 0.007 0.007 0.015 0.968 
254       97    (0)    4 :  0.001 0.004 0.005 0.002 0.988 
255      105    (0)    4 :  0.003 0.004 0.006 0.005 0.982 
256      120    (0)    4 :  0.030 0.008 0.020 0.004 0.939 
257      123    (0)    4 :  0.001 0.004 0.003 0.003 0.990 
258      128    (0)    4 :  0.002 0.003 0.005 0.003 0.988 
259      129    (0)    4 :  0.002 0.017 0.007 0.004 0.970 
260      132    (0)    4 :  0.003 0.003 0.012 0.002 0.980 
261      504    (0)    4 :  0.001 0.009 0.004 0.003 0.983 
262      505    (0)    4 :  0.001 0.005 0.006 0.003 0.986 
263      506    (0)    4 :  0.002 0.004 0.009 0.003 0.981 
264      507    (0)    4 :  0.003 0.014 0.006 0.003 0.973 
265      508    (0)    4 :  0.037 0.015 0.034 0.003 0.911 
266      509    (0)    4 :  0.003 0.009 0.020 0.002 0.965 
267      510    (0)    4 :  0.004 0.016 0.026 0.005 0.949 
268      511    (0)    4 :  0.002 0.005 0.006 0.020 0.967 
269      512    (0)    4 :  0.002 0.005 0.003 0.004 0.986 
270      513    (0)    4 :  0.003 0.003 0.004 0.002 0.989 
271      514    (0)    4 :  0.002 0.004 0.008 0.009 0.977 
272      515    (0)    4 :  0.015 0.015 0.031 0.004 0.935 
273      558    (0)    4 :  0.004 0.012 0.006 0.002 0.977 
274      559    (0)    4 :  0.002 0.002 0.002 0.001 0.992 
275      560    (0)    4 :  0.006 0.003 0.003 0.005 0.983 
276      561    (0)    4 :  0.003 0.003 0.004 0.003 0.988 
277      562    (0)    4 :  0.002 0.007 0.010 0.002 0.979 
278      563    (0)    4 :  0.009 0.006 0.037 0.007 0.941 
279      564    (0)    4 :  0.007 0.007 0.006 0.002 0.977 
280      136    (0)    5 :  0.002 0.004 0.006 0.004 0.984 
281      138    (0)    5 :  0.003 0.005 0.004 0.003 0.984 
282      140    (0)    5 :  0.003 0.010 0.007 0.008 0.973 
283      141    (0)    5 :  0.005 0.007 0.021 0.005 0.962 
284      144    (0)    5 :  0.002 0.003 0.005 0.015 0.976 
285      146    (0)    5 :  0.002 0.002 0.003 0.004 0.988 
286      148    (0)    5 :  0.002 0.003 0.006 0.001 0.988 
287      150    (0)    5 :  0.006 0.006 0.004 0.002 0.982 
288      152    (0)    5 :  0.001 0.003 0.003 0.002 0.990 
289      666    (0)    5 :  0.002 0.007 0.004 0.002 0.985 
290      667    (0)    5 :  0.001 0.006 0.019 0.002 0.972 
291      668    (0)    5 :  0.010 0.012 0.006 0.003 0.970 
292      669    (0)    5 :  0.003 0.005 0.003 0.002 0.987 
293      670    (0)    5 :  0.013 0.049 0.013 0.003 0.922 
294      684    (0)    5 :  0.002 0.004 0.003 0.002 0.989 
295      685    (0)    5 :  0.006 0.003 0.005 0.004 0.982 
296      686    (0)    5 :  0.002 0.005 0.003 0.003 0.987 
297      687    (0)    5 :  0.001 0.004 0.004 0.005 0.985 
298      688    (2)    5 :  0.002 0.004 0.003 0.003 0.989 
299      689    (0)    5 :  0.004 0.010 0.008 0.007 0.971 
300      165    (0)    6 :  0.003 0.013 0.011 0.004 0.969 
301      167    (0)    6 :  0.067 0.031 0.056 0.003 0.843 
302      170    (0)    6 :  0.003 0.012 0.005 0.010 0.970 
303      714    (0)    6 :  0.003 0.006 0.005 0.001 0.984 
304      715    (2)    6 :  0.039 0.044 0.165 0.004 0.749 
305      716    (0)    6 :  0.003 0.009 0.008 0.003 0.977 
306      717    (2)    6 :  0.016 0.024 0.436 0.009 0.515 
307     2346    (2)    6 :  0.008 0.008 0.913 0.068 0.003 
308      718    (0)    7 :  0.011 0.007 0.007 0.004 0.971 
309      719    (0)    7 :  0.005 0.018 0.017 0.010 0.950 
310      720    (0)    7 :  0.001 0.006 0.005 0.001 0.986 
311      721    (0)    7 :  0.017 0.018 0.017 0.015 0.933 
312      722    (0)    7 :  0.003 0.008 0.004 0.002 0.983 
313      723    (0)    7 :  0.001 0.009 0.004 0.003 0.983 
314      724    (0)    7 :  0.004 0.006 0.004 0.002 0.984 
315      725    (0)    7 :  0.003 0.004 0.004 0.005 0.985 
316      726    (0)    7 :  0.003 0.008 0.032 0.003 0.954 
317      727    (0)    7 :  0.002 0.003 0.002 0.002 0.990 
318      728    (2)    7 :  0.004 0.009 0.008 0.002 0.976 
319      729    (0)    7 :  0.008 0.179 0.011 0.004 0.798 
320      730    (0)    7 :  0.020 0.021 0.067 0.003 0.889 
321      731    (0)    7 :  0.004 0.011 0.008 0.006 0.970 
322      732    (0)    7 :  0.002 0.004 0.009 0.003 0.981 
323      733    (0)    7 :  0.008 0.011 0.004 0.003 0.975 
324      734    (0)    7 :  0.002 0.004 0.002 0.002 0.991 
325      189    (0)    8 :  0.007 0.010 0.009 0.963 0.011 
326      190    (0)    8 :  0.002 0.002 0.002 0.991 0.002 
327      193    (0)    8 :  0.001 0.003 0.008 0.984 0.003 
328      761    (0)    8 :  0.001 0.003 0.002 0.992 0.002 
329      762    (0)    8 :  0.002 0.006 0.003 0.985 0.004 
330      763    (0)    8 :  0.003 0.004 0.003 0.985 0.004 
331      764    (0)    8 :  0.002 0.004 0.003 0.988 0.003 
332      765    (0)    8 :  0.001 0.003 0.004 0.988 0.003 
333      778    (0)    8 :  0.014 0.008 0.019 0.939 0.020 
334      779    (0)    8 :  0.002 0.004 0.004 0.985 0.005 
335      780    (0)    8 :  0.002 0.004 0.003 0.990 0.002 
336      781    (0)    8 :  0.014 0.002 0.003 0.977 0.003 
337      782    (0)    8 :  0.002 0.002 0.005 0.982 0.009 
338      783    (0)    8 :  0.001 0.001 0.001 0.995 0.001 
339      784    (0)    8 :  0.001 0.003 0.005 0.988 0.003 
340      785    (0)    8 :  0.004 0.005 0.004 0.985 0.003 
341      786    (0)    8 :  0.001 0.005 0.003 0.988 0.002 
342      787    (0)    8 :  0.002 0.003 0.003 0.989 0.004 
343      788    (0)    8 :  0.005 0.009 0.012 0.965 0.010 
344      789    (0)    8 :  0.002 0.004 0.013 0.977 0.004 
345      790    (0)    8 :  0.005 0.005 0.004 0.982 0.003 
346      791    (0)    8 :  0.002 0.005 0.005 0.982 0.006 
347      792    (0)    8 :  0.003 0.002 0.002 0.991 0.002 
348      793    (0)    8 :  0.002 0.005 0.005 0.984 0.005 
349      794    (0)    8 :  0.003 0.006 0.005 0.984 0.002 
350      795    (0)    8 :  0.002 0.003 0.005 0.987 0.003 
351      796    (0)    8 :  0.002 0.002 0.002 0.992 0.002 
352      797    (0)    8 :  0.002 0.003 0.002 0.991 0.002 
353      798    (0)    8 :  0.001 0.005 0.003 0.986 0.005 
354      282    (0)    9 :  0.984 0.003 0.007 0.002 0.003 
355      284    (0)    9 :  0.983 0.003 0.003 0.008 0.002 
356      287    (0)    9 :  0.984 0.004 0.006 0.003 0.002 
357      295    (0)    9 :  0.995 0.001 0.001 0.001 0.001 
358      302    (0)    9 :  0.995 0.001 0.001 0.001 0.001 
359      306    (2)    9 :  0.955 0.012 0.017 0.006 0.011 
360      308    (0)    9 :  0.994 0.001 0.002 0.001 0.002 
361      867    (0)    9 :  0.995 0.001 0.001 0.001 0.001 


Estimated Allele Frequencies in each cluster
First column gives estimated ancestral frequencies


Locus 1 : 1 
4 alleles
0.0% missing data
  89   (0.543) 0.079 0.508 0.552 0.636 0.577 
  91   (0.361) 0.722 0.431 0.358 0.312 0.357 
  93   (0.071) 0.052 0.042 0.068 0.051 0.066 
  99   (0.025) 0.147 0.019 0.022 0.002 0.001 

Locus 2 : 2 
6 alleles
1.4% missing data
 136   (0.343) 0.207 0.103 0.350 0.457 0.549 
 134   (0.249) 0.033 0.256 0.248 0.374 0.160 
 138   (0.270) 0.741 0.498 0.262 0.161 0.233 
 140   (0.083) 0.011 0.042 0.085 0.005 0.057 
 132   (0.032) 0.004 0.009 0.035 0.002 0.001 
 142   (0.023) 0.003 0.091 0.021 0.001 0.000 

Locus 3 : 3 
6 alleles
0.0% missing data
 181   (0.240) 0.195 0.308 0.237 0.076 0.210 
 187   (0.355) 0.749 0.217 0.356 0.265 0.511 
 179   (0.230) 0.033 0.244 0.234 0.015 0.258 
 191   (0.038) 0.005 0.008 0.035 0.193 0.018 
 185   (0.079) 0.011 0.101 0.079 0.447 0.002 
 175   (0.058) 0.007 0.123 0.059 0.004 0.001 

Locus 4 : 4 
10 alleles
0.0% missing data
 253   (0.508) 0.535 0.563 0.510 0.468 0.703 
 249   (0.023) 0.003 0.003 0.022 0.001 0.065 
 271   (0.045) 0.006 0.018 0.045 0.003 0.032 
 241   (0.131) 0.213 0.155 0.128 0.149 0.074 
 257   (0.009) 0.001 0.002 0.008 0.001 0.001 
 269   (0.163) 0.227 0.217 0.161 0.104 0.122 
 247   (0.092) 0.011 0.039 0.098 0.271 0.002 
 239   (0.009) 0.001 0.001 0.008 0.001 0.000 
 245   (0.009) 0.001 0.001 0.008 0.001 0.000 
 273   (0.012) 0.001 0.001 0.012 0.001 0.000 

Locus 5 : 5 
7 alleles
0.8% missing data
 103   (0.816) 0.972 0.923 0.812 0.959 0.988 
 104   (0.075) 0.013 0.035 0.079 0.005 0.009 
 105   (0.058) 0.007 0.035 0.062 0.004 0.001 
 102   (0.020) 0.003 0.004 0.021 0.002 0.000 
 101   (0.013) 0.002 0.002 0.012 0.015 0.000 
 107   (0.009) 0.001 0.001 0.008 0.001 0.000 
  99   (0.009) 0.001 0.001 0.007 0.014 0.000 

Locus 6 : 6 
5 alleles
0.3% missing data
 141   (0.282) 0.040 0.280 0.283 0.143 0.543 
 145   (0.428) 0.391 0.513 0.433 0.266 0.182 
 135   (0.216) 0.557 0.191 0.212 0.283 0.210 
 147   (0.061) 0.010 0.015 0.060 0.307 0.065 
 137   (0.012) 0.002 0.001 0.012 0.001 0.000 

Locus 7 : 7 
8 alleles
1.1% missing data
  93   (0.212) 0.699 0.295 0.207 0.073 0.349 
 103   (0.276) 0.045 0.352 0.274 0.502 0.375 
  91   (0.072) 0.066 0.032 0.070 0.153 0.028 
  97   (0.215) 0.154 0.122 0.218 0.258 0.155 
  85   (0.043) 0.006 0.026 0.041 0.003 0.038 
  89   (0.108) 0.018 0.127 0.110 0.007 0.053 
  83   (0.062) 0.009 0.042 0.066 0.004 0.001 
 105   (0.013) 0.002 0.003 0.012 0.001 0.000 

Locus 8 : 8 
8 alleles
0.0% missing data
 129   (0.521) 0.158 0.679 0.523 0.636 0.661 
 141   (0.059) 0.008 0.025 0.056 0.200 0.098 
 149   (0.098) 0.012 0.056 0.098 0.021 0.121 
 143   (0.265) 0.727 0.222 0.270 0.138 0.119 
 145   (0.009) 0.001 0.001 0.008 0.001 0.000 
 133   (0.019) 0.002 0.008 0.019 0.001 0.000 
 131   (0.013) 0.046 0.007 0.010 0.002 0.000 
 127   (0.016) 0.045 0.002 0.016 0.001 0.000 

Locus 9 : 9 
4 alleles
0.0% missing data
 191   (0.355) 0.271 0.309 0.353 0.539 0.571 
 195   (0.155) 0.389 0.209 0.150 0.059 0.162 
 189   (0.482) 0.339 0.481 0.490 0.402 0.264 
 193   (0.009) 0.001 0.001 0.007 0.001 0.003 

Locus 10 : 10 
7 alleles
0.0% missing data
 232   (0.247) 0.192 0.164 0.249 0.275 0.304 
 238   (0.569) 0.418 0.754 0.573 0.354 0.550 
 252   (0.095) 0.019 0.071 0.094 0.037 0.127 
 254   (0.044) 0.365 0.005 0.042 0.251 0.018 
 250   (0.012) 0.001 0.001 0.012 0.001 0.000 
 248   (0.023) 0.003 0.003 0.023 0.081 0.001 
 236   (0.009) 0.001 0.001 0.008 0.001 0.000 

Locus 11 : 11 
3 alleles
0.0% missing data
  87   (0.749) 0.965 0.825 0.753 0.539 0.624 
  89   (0.200) 0.028 0.144 0.199 0.380 0.321 
  91   (0.051) 0.007 0.031 0.048 0.082 0.055 

Locus 12 : 12 
12 alleles
0.0% missing data
 160   (0.200) 0.579 0.269 0.195 0.701 0.129 
 162   (0.265) 0.089 0.252 0.268 0.238 0.223 
 147   (0.036) 0.005 0.045 0.033 0.002 0.148 
 158   (0.224) 0.031 0.205 0.229 0.026 0.465 
 161   (0.114) 0.129 0.108 0.115 0.022 0.024 
 170   (0.056) 0.008 0.037 0.057 0.004 0.009 
 149   (0.029) 0.003 0.048 0.028 0.002 0.001 
 154   (0.022) 0.003 0.003 0.024 0.001 0.000 
 143   (0.027) 0.149 0.006 0.027 0.002 0.001 
 150   (0.009) 0.001 0.007 0.007 0.001 0.000 
 159   (0.011) 0.001 0.020 0.009 0.001 0.000 
 164   (0.009) 0.001 0.001 0.008 0.001 0.000 

Locus 13 : 13 
4 alleles
0.0% missing data
 108   (0.186) 0.311 0.104 0.186 0.199 0.175 
 115   (0.437) 0.103 0.519 0.439 0.294 0.545 
 113   (0.368) 0.585 0.376 0.367 0.506 0.280 
 109   (0.009) 0.001 0.001 0.008 0.001 0.000 

Locus 14 : 14 
5 alleles
0.3% missing data
 227   (0.131) 0.224 0.307 0.124 0.021 0.257 
 231   (0.132) 0.290 0.023 0.135 0.343 0.097 
 229   (0.549) 0.129 0.536 0.558 0.422 0.479 
 225   (0.122) 0.247 0.095 0.118 0.209 0.077 
 233   (0.067) 0.110 0.040 0.064 0.005 0.091 

Locus 15 : 15 
5 alleles
0.3% missing data
 143   (0.821) 0.762 0.869 0.823 0.818 0.967 
 157   (0.010) 0.001 0.001 0.008 0.001 0.014 
 145   (0.097) 0.227 0.067 0.099 0.007 0.017 
 147   (0.051) 0.007 0.060 0.050 0.143 0.001 
 133   (0.021) 0.002 0.002 0.020 0.032 0.000 

Locus 16 : 16 
5 alleles
0.3% missing data
 156   (0.251) 0.557 0.214 0.248 0.493 0.263 
 158   (0.501) 0.227 0.627 0.505 0.208 0.526 
 160   (0.145) 0.019 0.126 0.144 0.116 0.172 
 154   (0.094) 0.196 0.018 0.095 0.182 0.038 
 152   (0.009) 0.001 0.014 0.007 0.001 0.000 

Locus 17 : 17 
5 alleles
0.0% missing data
 102   (0.208) 0.032 0.245 0.206 0.201 0.222 
  90   (0.649) 0.593 0.716 0.646 0.789 0.731 
  88   (0.092) 0.013 0.021 0.098 0.007 0.046 
 100   (0.041) 0.360 0.011 0.042 0.003 0.001 
 104   (0.009) 0.001 0.007 0.007 0.001 0.000 

Locus 18 : 18 
8 alleles
0.3% missing data
 142   (0.135) 0.019 0.098 0.138 0.009 0.412 
 146   (0.088) 0.013 0.107 0.084 0.221 0.153 
 140   (0.273) 0.320 0.234 0.278 0.184 0.143 
 127   (0.256) 0.465 0.292 0.258 0.066 0.169 
 148   (0.103) 0.014 0.084 0.102 0.212 0.055 
 128   (0.032) 0.101 0.004 0.030 0.002 0.046 
 150   (0.058) 0.007 0.141 0.056 0.302 0.001 
 138   (0.055) 0.061 0.040 0.054 0.004 0.021 

Locus 19 : 19 
6 alleles
0.0% missing data
 188   (0.206) 0.028 0.153 0.209 0.174 0.137 
 190   (0.133) 0.018 0.169 0.128 0.203 0.373 
 194   (0.558) 0.941 0.557 0.559 0.480 0.488 
 200   (0.077) 0.010 0.118 0.080 0.005 0.002 
 202   (0.017) 0.002 0.002 0.016 0.137 0.000 
 196   (0.009) 0.001 0.001 0.008 0.001 0.000 

Locus 20 : 20 
6 alleles
0.8% missing data
 252   (0.692) 0.372 0.787 0.702 0.725 0.820 
 250   (0.080) 0.320 0.065 0.075 0.138 0.091 
 244   (0.018) 0.003 0.008 0.016 0.001 0.014 
 254   (0.088) 0.114 0.074 0.086 0.083 0.030 
 246   (0.099) 0.189 0.061 0.099 0.051 0.034 
 248   (0.024) 0.003 0.005 0.023 0.002 0.010 

Locus 21 : 21 
7 alleles
0.0% missing data
 173   (0.250) 0.138 0.524 0.243 0.211 0.323 
 177   (0.306) 0.271 0.243 0.309 0.176 0.323 
 175   (0.133) 0.439 0.079 0.132 0.252 0.032 
 167   (0.176) 0.131 0.125 0.174 0.123 0.309 
 163   (0.047) 0.006 0.012 0.048 0.215 0.003 
 159   (0.030) 0.004 0.003 0.033 0.002 0.001 
 165   (0.058) 0.011 0.014 0.060 0.021 0.009 

Locus 22 : 22 
11 alleles
1.1% missing data
 146   (0.210) 0.085 0.308 0.208 0.143 0.259 
 154   (0.010) 0.001 0.001 0.008 0.001 0.053 
 166   (0.104) 0.122 0.040 0.108 0.007 0.060 
 152   (0.431) 0.460 0.566 0.431 0.376 0.585 
 150   (0.036) 0.114 0.014 0.034 0.002 0.009 
 164   (0.023) 0.003 0.003 0.022 0.002 0.017 
 158   (0.091) 0.013 0.027 0.095 0.104 0.016 
 162   (0.052) 0.007 0.016 0.055 0.069 0.001 
 142   (0.018) 0.003 0.014 0.017 0.001 0.000 
 156   (0.013) 0.002 0.010 0.010 0.295 0.000 
 148   (0.012) 0.191 0.001 0.011 0.001 0.000 

Locus 23 : 23 
7 alleles
0.6% missing data
 152   (0.011) 0.001 0.002 0.009 0.001 0.062 
 156   (0.141) 0.020 0.040 0.150 0.040 0.046 
 144   (0.150) 0.540 0.234 0.141 0.617 0.169 
 160   (0.107) 0.015 0.107 0.104 0.107 0.184 
 154   (0.545) 0.417 0.611 0.549 0.232 0.533 
 158   (0.033) 0.004 0.004 0.034 0.002 0.006 
 146   (0.012) 0.002 0.001 0.012 0.001 0.000 

Locus 24 : 24 
4 alleles
0.3% missing data
  77   (0.079) 0.011 0.088 0.074 0.053 0.260 
  83   (0.460) 0.704 0.396 0.457 0.915 0.495 
  81   (0.389) 0.275 0.408 0.399 0.027 0.218 
  85   (0.071) 0.010 0.108 0.070 0.005 0.026 

Locus 25 : 25 
6 alleles
0.3% missing data
 132   (0.334) 0.209 0.343 0.332 0.448 0.480 
 124   (0.525) 0.396 0.545 0.529 0.543 0.452 
 126   (0.022) 0.003 0.003 0.021 0.001 0.049 
 122   (0.083) 0.064 0.104 0.082 0.006 0.019 
 120   (0.020) 0.326 0.003 0.020 0.001 0.000 
 136   (0.016) 0.002 0.002 0.016 0.001 0.000 

Locus 26 : 26 
7 alleles
0.0% missing data
 165   (0.224) 0.301 0.263 0.224 0.059 0.153 
 183   (0.352) 0.319 0.308 0.352 0.424 0.540 
 179   (0.080) 0.332 0.097 0.077 0.005 0.064 
 175   (0.289) 0.041 0.321 0.291 0.442 0.242 
 181   (0.038) 0.005 0.009 0.039 0.068 0.001 
 157   (0.009) 0.001 0.001 0.008 0.001 0.000 
 185   (0.009) 0.001 0.001 0.008 0.001 0.000 

Locus 27 : 27 
4 alleles
0.0% missing data
 142   (0.641) 0.353 0.743 0.640 0.739 0.679 
 148   (0.194) 0.625 0.094 0.196 0.072 0.108 
 138   (0.039) 0.005 0.021 0.037 0.003 0.197 
 150   (0.126) 0.017 0.142 0.127 0.186 0.015 

Locus 28 : 28 
6 alleles
1.1% missing data
 260   (0.389) 0.095 0.514 0.390 0.379 0.369 
 262   (0.489) 0.887 0.392 0.491 0.547 0.620 
 256   (0.077) 0.012 0.059 0.076 0.072 0.010 
 258   (0.016) 0.002 0.002 0.017 0.001 0.000 
 264   (0.021) 0.002 0.027 0.019 0.001 0.000 
 266   (0.009) 0.002 0.007 0.007 0.001 0.000 

Locus 29 : 29 
7 alleles
0.6% missing data
 146   (0.263) 0.040 0.222 0.267 0.337 0.192 
 150   (0.430) 0.166 0.546 0.431 0.298 0.623 
 140   (0.181) 0.775 0.172 0.181 0.062 0.110 
 148   (0.076) 0.011 0.028 0.075 0.299 0.066 
 152   (0.032) 0.004 0.029 0.032 0.002 0.001 
 151   (0.009) 0.002 0.001 0.007 0.001 0.006 
 142   (0.009) 0.001 0.001 0.007 0.001 0.002 

Locus 30 : 30 
6 alleles
0.3% missing data
 125   (0.296) 0.162 0.110 0.307 0.035 0.452 
 129   (0.414) 0.227 0.577 0.405 0.777 0.491 
 123   (0.151) 0.021 0.209 0.150 0.104 0.054 
 131   (0.050) 0.008 0.044 0.052 0.003 0.001 
 127   (0.075) 0.534 0.057 0.074 0.080 0.002 
 121   (0.013) 0.049 0.002 0.011 0.001 0.000 

Locus 31 : 31 
6 alleles
0.3% missing data
 159   (0.125) 0.016 0.277 0.123 0.008 0.137 
 155   (0.567) 0.583 0.447 0.572 0.711 0.697 
 157   (0.187) 0.138 0.208 0.189 0.027 0.099 
 153   (0.078) 0.106 0.061 0.076 0.005 0.063 
 151   (0.035) 0.155 0.005 0.033 0.247 0.003 
 163   (0.009) 0.001 0.002 0.008 0.001 0.001 

Locus 32 : 32 
4 alleles
1.1% missing data
  91   (0.414) 0.549 0.506 0.411 0.157 0.579 
  94   (0.072) 0.009 0.014 0.076 0.005 0.056 
  95   (0.203) 0.300 0.092 0.205 0.407 0.106 
  92   (0.311) 0.141 0.389 0.308 0.432 0.259 

Locus 33 : 33 
5 alleles
0.0% missing data
 146   (0.305) 0.578 0.356 0.308 0.309 0.073 
 150   (0.577) 0.404 0.569 0.576 0.638 0.855 
 148   (0.064) 0.009 0.027 0.062 0.050 0.071 
 154   (0.039) 0.006 0.020 0.041 0.003 0.001 
 152   (0.015) 0.002 0.029 0.013 0.001 0.000 

Locus 34 : 34 
7 alleles
0.0% missing data
 180   (0.444) 0.714 0.366 0.445 0.661 0.563 
 196   (0.096) 0.013 0.131 0.094 0.006 0.178 
 184   (0.206) 0.240 0.276 0.204 0.077 0.162 
 194   (0.010) 0.001 0.001 0.008 0.001 0.036 
 192   (0.153) 0.019 0.163 0.158 0.185 0.007 
 198   (0.080) 0.011 0.022 0.081 0.069 0.053 
 190   (0.011) 0.001 0.041 0.008 0.001 0.000 

Locus 35 : 35 
6 alleles
0.0% missing data
 110   (0.171) 0.191 0.101 0.169 0.076 0.323 
 112   (0.351) 0.050 0.407 0.355 0.068 0.517 
 106   (0.296) 0.203 0.387 0.295 0.695 0.124 
  90   (0.042) 0.418 0.007 0.041 0.003 0.025 
 108   (0.130) 0.136 0.097 0.132 0.113 0.011 
  96   (0.009) 0.001 0.001 0.007 0.045 0.000 

Locus 36 : 36 
9 alleles
0.0% missing data
 166   (0.044) 0.006 0.097 0.040 0.003 0.249 
 176   (0.098) 0.014 0.015 0.103 0.020 0.159 
 172   (0.334) 0.049 0.378 0.332 0.577 0.416 
 170   (0.280) 0.586 0.224 0.281 0.321 0.163 
 174   (0.136) 0.020 0.192 0.140 0.072 0.006 
 178   (0.039) 0.005 0.043 0.038 0.003 0.006 
 168   (0.044) 0.316 0.016 0.045 0.003 0.001 
 186   (0.015) 0.002 0.035 0.013 0.001 0.000 
 158   (0.009) 0.001 0.001 0.008 0.001 0.000 

Locus 37 : 37 
6 alleles
0.0% missing data
  89   (0.546) 0.353 0.667 0.548 0.510 0.640 
  95   (0.047) 0.006 0.076 0.044 0.003 0.071 
  85   (0.174) 0.511 0.115 0.171 0.235 0.228 
  81   (0.067) 0.012 0.049 0.069 0.005 0.009 
  83   (0.150) 0.021 0.091 0.153 0.245 0.051 
  91   (0.017) 0.097 0.002 0.015 0.001 0.000 

Locus 38 : 38 
10 alleles
0.0% missing data
 161   (0.327) 0.418 0.287 0.329 0.378 0.533 
 165   (0.214) 0.147 0.237 0.215 0.106 0.177 
 159   (0.018) 0.002 0.004 0.016 0.001 0.029 
 173   (0.266) 0.191 0.293 0.268 0.503 0.132 
 169   (0.101) 0.232 0.136 0.099 0.007 0.120 
 167   (0.021) 0.003 0.003 0.021 0.002 0.009 
 168   (0.012) 0.001 0.001 0.012 0.001 0.000 
 155   (0.022) 0.003 0.003 0.024 0.001 0.000 
 177   (0.008) 0.001 0.001 0.008 0.001 0.000 
 175   (0.010) 0.001 0.035 0.008 0.001 0.000 

Locus 39 : 39 
6 alleles
0.6% missing data
  87   (0.094) 0.617 0.067 0.089 0.129 0.154 
  89   (0.413) 0.056 0.554 0.417 0.102 0.600 
  91   (0.167) 0.180 0.082 0.169 0.184 0.119 
  81   (0.122) 0.017 0.090 0.122 0.116 0.081 
  85   (0.195) 0.128 0.206 0.196 0.468 0.043 
  83   (0.009) 0.001 0.001 0.007 0.001 0.003 

Locus 40 : 40 
4 alleles
0.3% missing data
 167   (0.748) 0.648 0.787 0.748 0.858 0.915 
 161   (0.216) 0.347 0.159 0.218 0.139 0.084 
 165   (0.028) 0.003 0.052 0.026 0.002 0.001 
 177   (0.009) 0.001 0.001 0.008 0.001 0.000 

Locus 41 : 41 
6 alleles
0.3% missing data
 228   (0.429) 0.606 0.513 0.427 0.244 0.555 
 238   (0.338) 0.101 0.310 0.344 0.120 0.304 
 224   (0.027) 0.003 0.005 0.025 0.002 0.077 
 236   (0.096) 0.276 0.053 0.092 0.384 0.061 
 232   (0.013) 0.002 0.003 0.012 0.001 0.001 
 240   (0.097) 0.012 0.116 0.100 0.250 0.002 

Locus 42 : 42 
7 alleles
0.0% missing data
 128   (0.123) 0.017 0.207 0.120 0.038 0.134 
 130   (0.545) 0.079 0.441 0.554 0.771 0.611 
 114   (0.051) 0.410 0.006 0.051 0.003 0.095 
 132   (0.098) 0.014 0.177 0.094 0.053 0.144 
 118   (0.065) 0.240 0.087 0.062 0.128 0.003 
 134   (0.109) 0.237 0.081 0.112 0.007 0.013 
 136   (0.009) 0.001 0.001 0.008 0.001 0.000 

Locus 43 : 43 
6 alleles
0.8% missing data
 102   (0.259) 0.518 0.334 0.252 0.473 0.398 
 104   (0.426) 0.062 0.516 0.435 0.414 0.194 
  92   (0.135) 0.068 0.069 0.139 0.009 0.125 
  96   (0.060) 0.116 0.025 0.058 0.004 0.092 
  98   (0.111) 0.234 0.054 0.108 0.099 0.191 
 106   (0.009) 0.002 0.002 0.008 0.001 0.001 

Locus 44 : 44 
5 alleles
0.3% missing data
 101   (0.318) 0.043 0.270 0.323 0.194 0.410 
 103   (0.290) 0.248 0.422 0.286 0.344 0.221 
  99   (0.159) 0.412 0.096 0.163 0.010 0.069 
  95   (0.223) 0.132 0.210 0.220 0.451 0.300 
  97   (0.010) 0.165 0.002 0.008 0.001 0.000 

Locus 45 : 45 
7 alleles
0.3% missing data
 177   (0.056) 0.008 0.054 0.054 0.004 0.075 
 191   (0.306) 0.259 0.213 0.314 0.107 0.170 
 181   (0.560) 0.530 0.690 0.555 0.855 0.753 
 183   (0.013) 0.002 0.002 0.012 0.001 0.000 
 179   (0.046) 0.199 0.006 0.050 0.003 0.001 
 193   (0.010) 0.001 0.035 0.008 0.001 0.000 
 189   (0.009) 0.001 0.001 0.007 0.030 0.000 

Locus 46 : 46 
6 alleles
0.8% missing data
 205   (0.471) 0.285 0.541 0.475 0.410 0.526 
 211   (0.251) 0.320 0.128 0.256 0.272 0.224 
 207   (0.125) 0.017 0.197 0.122 0.201 0.136 
 201   (0.063) 0.365 0.062 0.060 0.004 0.067 
 215   (0.077) 0.011 0.070 0.075 0.112 0.047 
 202   (0.012) 0.002 0.002 0.012 0.001 0.000 

Locus 47 : 47 
9 alleles
1.1% missing data
 144   (0.069) 0.011 0.048 0.065 0.129 0.215 
 158   (0.172) 0.026 0.103 0.176 0.088 0.150 
 168   (0.136) 0.189 0.051 0.136 0.111 0.194 
 166   (0.125) 0.067 0.194 0.118 0.375 0.288 
 142   (0.380) 0.057 0.539 0.388 0.289 0.145 
 170   (0.013) 0.002 0.002 0.012 0.002 0.002 
 162   (0.032) 0.117 0.027 0.031 0.002 0.001 
 164   (0.049) 0.007 0.029 0.050 0.003 0.003 
 156   (0.025) 0.524 0.008 0.024 0.002 0.001 

Locus 48 : 48 
7 alleles
6.1% missing data
 149   (0.366) 0.328 0.367 0.369 0.338 0.223 
 151   (0.184) 0.080 0.165 0.186 0.012 0.257 
 153   (0.218) 0.028 0.340 0.218 0.031 0.308 
 147   (0.027) 0.063 0.004 0.025 0.002 0.031 
 145   (0.180) 0.497 0.121 0.177 0.615 0.177 
 152   (0.009) 0.002 0.001 0.007 0.001 0.003 
 143   (0.016) 0.002 0.002 0.017 0.001 0.000 

Values of parameters used in structure:
DATAFILE=temp2_np.str,	OUTFILE=k5/temp2_np_k5_run7,	NUMINDS=361,	NUMLOCI=48,	MISSING=-9,	LABEL=1,	POPDATA=1,	POPFLAG=0,	PHENOTYPE=0,	EXTRACOLS=0,	MAXPOPS=5,	BURNIN=500000,	NUMREPS=750000,	USEPOPINFO=0,	INFERALPHA=1,	INFERLAMBDA=0,	POPSPECIFICLAMBDA=0,	POPALPHAS=0,	COMPUTEPROB=1,	NOADMIX=0,	ADMBURNIN=500,	UPDATEFREQ=100,	PRINTLIKES=0,	INTERMEDSAVE=0,	PRINTKLD=0,	PRINTNET=1,	PRINTLAMBDA=1,	ANCESTDIST=0,	NUMBOXES=1000,	ANCESTPINT=0.90000,	GENSBACK=2,	MIGRPRIOR=0.01000,	PRINTQHAT=0,	PRINTQSUM=1,	ALPHA=1.0000,	FREQSCORR=1,	FPRIORMEAN=0.0100,	FPRIORSD=0.0500,	ONEFST=0,	LAMBDA=1.0000,	UNIFPRIORALPHA=1,	ALPHAMAX=10.0000,	ALPHAPRIORA=1.0000,	ALPHAPRIORB=2.0000,	ALPHAPROPSD=0.0250,	STARTATPOPINFO=0,	RANDOMIZE=0,	LINKAGE=0,	METROFREQ=10,	REPORTHITRATE=0,	MARKOVPHASE=0,	PHASED=1,	PLOIDY=2,	PHASEINFO=0	LOCPRIOR=0, 	LOCPRIORINIT=1.000000, 	LOCDATA=0, 	LOCISPOP=1, 	LOCPRIORSTEP=0.100000, 	MAXLOCPRIOR=20.000000, 	SEED=848446,	
[STRAT parameters]:    NUMSIMSTATS=1000,	PHENOTYPECOL=-9,	POOLFREQ=10,	LOCUSxONLY=0,	EMERROR=0.00100,	MISSINGPHENO=-9,	