

----------------------------------------------------
STRUCTURE by Pritchard, Stephens and Donnelly (2000)
     and Falush, Stephens and Pritchard (2003)
       Code by Pritchard, Falush and Hubisz
             Version 2.3.4 (Jul 2012)
----------------------------------------------------



Command line arguments:   structure -D 444291 -K 13 -m mainparams -o k13/temp2_np_k13_run2 
Input File:    temp2_np.str

Run parameters:
   361 individuals
   48 loci
   13 populations assumed
   500000 Burn-in period
   750000 Reps
RANDOMIZE turned off


--------------------------------------------
Proportion of membership of each pre-defined
 population in each of the 13 clusters

Given    Inferred Clusters                                                                             Number of
 Pop       1      2      3      4      5      6      7      8      9     10     11     12     13      Individuals

  1:     0.011  0.007  0.805  0.010  0.009  0.092  0.008  0.011  0.011  0.010  0.013  0.010  0.004       63
  2:     0.011  0.008  0.873  0.010  0.008  0.013  0.011  0.012  0.012  0.007  0.016  0.014  0.006       20
  3:     0.020  0.006  0.631  0.011  0.008  0.212  0.019  0.020  0.019  0.014  0.025  0.011  0.004       19
  4:     0.007  0.004  0.207  0.011  0.006  0.716  0.010  0.007  0.007  0.006  0.007  0.008  0.004       31
  5:     0.008  0.004  0.857  0.013  0.012  0.048  0.007  0.008  0.008  0.016  0.009  0.006  0.004       20
  6:     0.060  0.015  0.415  0.012  0.011  0.180  0.051  0.071  0.063  0.023  0.074  0.013  0.011        8
  7:     0.008  0.004  0.378  0.347  0.013  0.165  0.011  0.009  0.009  0.011  0.010  0.029  0.005       17
  8:     0.005  0.948  0.005  0.003  0.004  0.004  0.005  0.005  0.005  0.004  0.005  0.004  0.003       29
  9:     0.004  0.003  0.003  0.003  0.003  0.002  0.002  0.004  0.004  0.003  0.005  0.004  0.959        8
 10:     0.215  0.020  0.010  0.008  0.016  0.014  0.021  0.201  0.202  0.088  0.170  0.026  0.007       21
 11:     0.143  0.011  0.009  0.012  0.111  0.010  0.053  0.142  0.143  0.186  0.139  0.034  0.008       30
 12:     0.039  0.013  0.015  0.008  0.277  0.021  0.138  0.041  0.040  0.147  0.046  0.213  0.004       25
 13:     0.041  0.008  0.017  0.009  0.211  0.017  0.090  0.045  0.043  0.210  0.055  0.248  0.006       32
 14:     0.209  0.028  0.020  0.006  0.029  0.011  0.012  0.198  0.200  0.042  0.212  0.020  0.013       34
 15:     0.270  0.006  0.015  0.027  0.008  0.009  0.008  0.266  0.284  0.010  0.087  0.007  0.003        4
--------------------------------------------

Allele-freq. divergence among pops (Net nucleotide distance),
computed using point estimates of P.

      1       2       3       4       5       6       7       8       9      10      11      12      13      
 1      -    0.0548  0.0288  0.0973  0.0246  0.0316  0.0253  0.0000  0.0000  0.0165  0.0004  0.0237  0.0977  
 2   0.0548     -    0.0793  0.1576  0.0793  0.0884  0.0880  0.0543  0.0546  0.0743  0.0528  0.0780  0.1328  
 3   0.0288  0.0793     -    0.1015  0.0475  0.0249  0.0535  0.0284  0.0287  0.0461  0.0270  0.0524  0.1401  
 4   0.0973  0.1576  0.1015     -    0.1256  0.1147  0.1268  0.0964  0.0968  0.1229  0.0961  0.1276  0.1969  
 5   0.0246  0.0793  0.0475  0.1256     -    0.0575  0.0488  0.0240  0.0242  0.0284  0.0223  0.0297  0.1284  
 6   0.0316  0.0884  0.0249  0.1147  0.0575     -    0.0544  0.0315  0.0316  0.0533  0.0300  0.0535  0.1316  
 7   0.0253  0.0880  0.0535  0.1268  0.0488  0.0544     -    0.0249  0.0250  0.0325  0.0242  0.0405  0.1348  
 8   0.0000  0.0543  0.0284  0.0964  0.0240  0.0315  0.0249     -    0.0000  0.0161  0.0003  0.0230  0.0975  
 9   0.0000  0.0546  0.0287  0.0968  0.0242  0.0316  0.0250  0.0000     -    0.0163  0.0004  0.0233  0.0978  
10   0.0165  0.0743  0.0461  0.1229  0.0284  0.0533  0.0325  0.0161  0.0163     -    0.0150  0.0266  0.1246  
11   0.0004  0.0528  0.0270  0.0961  0.0223  0.0300  0.0242  0.0003  0.0004  0.0150     -    0.0211  0.0950  
12   0.0237  0.0780  0.0524  0.1276  0.0297  0.0535  0.0405  0.0230  0.0233  0.0266  0.0211     -    0.1293  
13   0.0977  0.1328  0.1401  0.1969  0.1284  0.1316  0.1348  0.0975  0.0978  0.1246  0.0950  0.1293     -    

Average distances (expected heterozygosity) between individuals in same cluster:
cluster  1  : 0.6408 
cluster  2  : 0.5474 
cluster  3  : 0.5403 
cluster  4  : 0.4370 
cluster  5  : 0.5491 
cluster  6  : 0.5518 
cluster  7  : 0.5811 
cluster  8  : 0.6415 
cluster  9  : 0.6405 
cluster 10  : 0.5848 
cluster 11  : 0.6451 
cluster 12  : 0.5719 
cluster 13  : 0.5369 

--------------------------------------------
Estimated Ln Prob of Data   = -39316.7
Mean value of ln likelihood = -37349.5
Variance of ln likelihood   = 3934.4
Mean value of alpha         = 0.0341

Mean value of Fst_1         = 0.0232
Mean value of Fst_2         = 0.2101
Mean value of Fst_3         = 0.1249
Mean value of Fst_4         = 0.3976
Mean value of Fst_5         = 0.1309
Mean value of Fst_6         = 0.1525
Mean value of Fst_7         = 0.1447
Mean value of Fst_8         = 0.0198
Mean value of Fst_9         = 0.0226
Mean value of Fst_10         = 0.0933
Mean value of Fst_11         = 0.0001
Mean value of Fst_12         = 0.1210
Mean value of Fst_13         = 0.3007


Inferred ancestry of individuals:
        Label (%Miss) Pop:  Inferred clusters
  1     2055    (0)    1 :  0.006 0.002 0.473 0.005 0.010 0.460 0.003 0.005 0.005 0.008 0.006 0.013 0.003 
  2     2056    (0)    1 :  0.009 0.008 0.176 0.006 0.007 0.745 0.006 0.009 0.009 0.008 0.009 0.005 0.004 
  3     2057    (0)    1 :  0.018 0.002 0.809 0.008 0.010 0.050 0.034 0.016 0.017 0.011 0.015 0.007 0.003 
  4     2058    (0)    1 :  0.003 0.005 0.957 0.005 0.003 0.009 0.003 0.003 0.003 0.002 0.003 0.003 0.001 
  5     2059    (0)    1 :  0.005 0.003 0.928 0.004 0.005 0.020 0.008 0.006 0.005 0.004 0.006 0.003 0.002 
  6     2060    (0)    1 :  0.005 0.002 0.934 0.005 0.004 0.014 0.007 0.005 0.005 0.004 0.006 0.002 0.007 
  7     2061    (0)    1 :  0.012 0.005 0.896 0.005 0.004 0.004 0.006 0.011 0.011 0.008 0.011 0.006 0.019 
  8     2062    (0)    1 :  0.009 0.004 0.869 0.013 0.036 0.011 0.012 0.009 0.009 0.010 0.010 0.005 0.003 
  9     2063    (0)    1 :  0.005 0.002 0.928 0.005 0.005 0.025 0.006 0.005 0.005 0.004 0.005 0.005 0.003 
 10     2064    (0)    1 :  0.004 0.002 0.954 0.004 0.003 0.009 0.004 0.004 0.004 0.003 0.004 0.002 0.004 
 11     2065    (0)    1 :  0.002 0.002 0.952 0.014 0.003 0.014 0.002 0.002 0.002 0.001 0.002 0.002 0.002 
 12     2066    (0)    1 :  0.004 0.002 0.928 0.002 0.004 0.032 0.004 0.004 0.004 0.006 0.004 0.004 0.002 
 13     2067    (0)    1 :  0.010 0.009 0.865 0.003 0.005 0.050 0.005 0.010 0.010 0.013 0.011 0.007 0.004 
 14     2068    (0)    1 :  0.050 0.021 0.651 0.017 0.024 0.049 0.020 0.046 0.047 0.015 0.046 0.009 0.005 
 15     2069    (0)    1 :  0.004 0.002 0.957 0.006 0.003 0.009 0.002 0.004 0.004 0.003 0.004 0.003 0.002 
 16     2070    (0)    1 :  0.054 0.002 0.231 0.003 0.017 0.327 0.006 0.065 0.059 0.043 0.157 0.033 0.001 
 17     2071    (0)    1 :  0.009 0.009 0.896 0.005 0.004 0.014 0.007 0.010 0.011 0.006 0.010 0.006 0.012 
 18     2072    (0)    1 :  0.008 0.003 0.911 0.003 0.003 0.033 0.002 0.007 0.007 0.003 0.007 0.003 0.011 
 19     2073    (0)    1 :  0.022 0.007 0.806 0.043 0.009 0.006 0.011 0.024 0.023 0.015 0.021 0.006 0.008 
 20     2074    (0)    1 :  0.004 0.003 0.892 0.003 0.003 0.070 0.002 0.004 0.004 0.003 0.005 0.002 0.004 
 21     2075    (0)    1 :  0.007 0.016 0.542 0.010 0.004 0.383 0.002 0.007 0.007 0.006 0.007 0.006 0.003 
 22     2076    (0)    1 :  0.002 0.002 0.970 0.003 0.003 0.005 0.003 0.002 0.002 0.002 0.003 0.002 0.001 
 23     2077    (0)    1 :  0.011 0.008 0.847 0.016 0.008 0.013 0.017 0.012 0.011 0.018 0.014 0.016 0.007 
 24     2078    (0)    1 :  0.005 0.003 0.907 0.005 0.009 0.032 0.003 0.005 0.005 0.009 0.006 0.006 0.005 
 25     2079    (0)    1 :  0.009 0.034 0.863 0.005 0.011 0.007 0.010 0.010 0.010 0.024 0.010 0.006 0.001 
 26     2080    (0)    1 :  0.021 0.019 0.869 0.005 0.003 0.003 0.004 0.021 0.021 0.005 0.021 0.004 0.003 
 27     2081    (0)    1 :  0.005 0.003 0.946 0.004 0.004 0.009 0.004 0.005 0.005 0.005 0.005 0.003 0.002 
 28     2082    (0)    1 :  0.028 0.011 0.390 0.017 0.010 0.436 0.008 0.027 0.027 0.007 0.026 0.009 0.003 
 29     2083    (0)    1 :  0.012 0.002 0.797 0.003 0.004 0.117 0.009 0.014 0.013 0.006 0.015 0.006 0.003 
 30     2084    (0)    1 :  0.010 0.008 0.894 0.003 0.012 0.015 0.005 0.010 0.010 0.008 0.011 0.010 0.003 
 31     2085    (0)    1 :  0.010 0.003 0.601 0.010 0.009 0.285 0.005 0.011 0.011 0.013 0.013 0.027 0.002 
 32     2086    (0)    1 :  0.013 0.003 0.897 0.002 0.006 0.007 0.010 0.014 0.014 0.007 0.012 0.012 0.003 
 33     2087    (0)    1 :  0.006 0.048 0.878 0.019 0.005 0.005 0.004 0.006 0.006 0.006 0.007 0.004 0.005 
 34     2088    (0)    1 :  0.018 0.011 0.733 0.003 0.013 0.039 0.016 0.021 0.019 0.046 0.025 0.055 0.003 
 35     2089    (0)    1 :  0.002 0.002 0.964 0.002 0.003 0.011 0.002 0.002 0.002 0.002 0.002 0.002 0.001 
 36     2090    (0)    1 :  0.007 0.039 0.887 0.005 0.003 0.014 0.006 0.007 0.007 0.006 0.007 0.006 0.006 
 37     2091    (0)    1 :  0.004 0.003 0.922 0.003 0.004 0.026 0.008 0.005 0.005 0.005 0.005 0.008 0.001 
 38     2092    (0)    1 :  0.007 0.030 0.851 0.009 0.007 0.063 0.003 0.007 0.007 0.004 0.007 0.005 0.002 
 39     2093    (0)    1 :  0.003 0.002 0.955 0.006 0.003 0.012 0.002 0.003 0.003 0.003 0.003 0.003 0.001 
 40     2094    (0)    1 :  0.003 0.001 0.496 0.002 0.005 0.473 0.003 0.003 0.003 0.003 0.003 0.003 0.002 
 41     2095    (0)    1 :  0.006 0.035 0.906 0.003 0.004 0.004 0.005 0.006 0.006 0.008 0.006 0.006 0.005 
 42     2096    (0)    1 :  0.003 0.002 0.752 0.036 0.003 0.175 0.004 0.003 0.003 0.004 0.003 0.010 0.001 
 43     2097    (0)    1 :  0.004 0.002 0.950 0.004 0.005 0.008 0.009 0.004 0.004 0.003 0.004 0.003 0.002 
 44     2098    (0)    1 :  0.024 0.011 0.702 0.088 0.007 0.014 0.010 0.026 0.025 0.028 0.028 0.034 0.003 
 45     2099    (0)    1 :  0.044 0.004 0.337 0.012 0.009 0.317 0.033 0.049 0.053 0.009 0.075 0.051 0.007 
 46     2100    (0)    1 :  0.017 0.003 0.788 0.008 0.011 0.020 0.093 0.015 0.015 0.006 0.013 0.007 0.002 
 47     2101    (0)    1 :  0.005 0.006 0.910 0.008 0.008 0.018 0.007 0.005 0.006 0.008 0.006 0.010 0.003 
 48     2102    (2)    1 :  0.005 0.002 0.853 0.003 0.006 0.104 0.002 0.005 0.005 0.003 0.005 0.003 0.002 
 49     2103    (0)    1 :  0.007 0.004 0.594 0.007 0.007 0.318 0.007 0.007 0.007 0.018 0.009 0.013 0.002 
 50     2104    (0)    1 :  0.011 0.002 0.819 0.013 0.028 0.004 0.007 0.012 0.012 0.053 0.011 0.027 0.001 
 51     2105    (0)    1 :  0.007 0.004 0.852 0.005 0.022 0.025 0.003 0.007 0.008 0.038 0.008 0.016 0.006 
 52     2106    (0)    1 :  0.015 0.002 0.843 0.003 0.006 0.063 0.007 0.015 0.016 0.007 0.013 0.006 0.002 
 53     2107    (0)    1 :  0.010 0.004 0.790 0.072 0.027 0.027 0.004 0.010 0.011 0.012 0.011 0.017 0.002 
 54     2108    (0)    1 :  0.012 0.005 0.899 0.004 0.011 0.008 0.003 0.013 0.013 0.006 0.015 0.007 0.004 
 55     2109    (0)    1 :  0.011 0.002 0.369 0.005 0.006 0.535 0.006 0.012 0.011 0.008 0.011 0.019 0.005 
 56     2110    (0)    1 :  0.011 0.005 0.839 0.017 0.046 0.011 0.004 0.011 0.011 0.013 0.012 0.018 0.003 
 57     2111    (0)    1 :  0.004 0.003 0.940 0.003 0.013 0.005 0.006 0.004 0.004 0.005 0.004 0.007 0.001 
 58     2112    (0)    1 :  0.005 0.004 0.883 0.005 0.003 0.067 0.008 0.005 0.005 0.004 0.005 0.004 0.004 
 59     2583    (2)    1 :  0.005 0.007 0.877 0.003 0.004 0.067 0.004 0.005 0.005 0.006 0.005 0.004 0.007 
 60     2584    (4)    1 :  0.012 0.004 0.889 0.009 0.002 0.015 0.011 0.013 0.013 0.008 0.017 0.003 0.004 
 61     2587    (2)    1 :  0.005 0.003 0.917 0.002 0.006 0.015 0.005 0.005 0.005 0.018 0.005 0.013 0.001 
 62     2590    (2)    1 :  0.005 0.002 0.925 0.006 0.005 0.017 0.004 0.005 0.005 0.003 0.005 0.005 0.013 
 63     2591    (6)    1 :  0.008 0.011 0.838 0.006 0.016 0.067 0.010 0.008 0.008 0.012 0.009 0.006 0.001 
 64      315    (0)   10 :  0.120 0.044 0.011 0.002 0.154 0.005 0.018 0.172 0.140 0.006 0.305 0.012 0.010 
 65      565    (0)   10 :  0.166 0.027 0.008 0.003 0.003 0.008 0.005 0.203 0.165 0.007 0.394 0.007 0.003 
 66      566    (2)   10 :  0.054 0.015 0.007 0.012 0.008 0.011 0.024 0.055 0.048 0.459 0.051 0.255 0.003 
 67      567    (2)   10 :  0.272 0.004 0.023 0.005 0.005 0.008 0.025 0.281 0.269 0.007 0.095 0.003 0.002 
 68      877    (0)   10 :  0.270 0.003 0.006 0.044 0.006 0.016 0.010 0.217 0.263 0.013 0.140 0.010 0.002 
 69      878    (0)   10 :  0.274 0.008 0.004 0.005 0.003 0.004 0.054 0.230 0.259 0.009 0.129 0.007 0.013 
 70      879    (0)   10 :  0.249 0.005 0.005 0.005 0.012 0.010 0.065 0.231 0.213 0.008 0.182 0.008 0.007 
 71      880    (0)   10 :  0.311 0.005 0.005 0.008 0.007 0.007 0.011 0.281 0.281 0.008 0.068 0.005 0.002 
 72      881    (0)   10 :  0.199 0.008 0.004 0.004 0.006 0.004 0.005 0.200 0.202 0.011 0.330 0.020 0.007 
 73      882    (0)   10 :  0.293 0.011 0.005 0.004 0.004 0.007 0.025 0.239 0.244 0.007 0.126 0.006 0.029 
 74      883    (0)   10 :  0.234 0.004 0.007 0.003 0.014 0.009 0.020 0.234 0.220 0.010 0.228 0.009 0.008 
 75      884    (0)   10 :  0.184 0.003 0.022 0.005 0.027 0.023 0.017 0.134 0.159 0.275 0.110 0.040 0.002 
 76      885    (0)   10 :  0.252 0.004 0.005 0.003 0.013 0.020 0.010 0.222 0.232 0.029 0.140 0.062 0.007 
 77      886    (0)   10 :  0.228 0.131 0.008 0.002 0.011 0.005 0.004 0.185 0.223 0.021 0.162 0.008 0.012 
 78      887    (0)   10 :  0.020 0.004 0.011 0.002 0.014 0.017 0.045 0.021 0.020 0.774 0.027 0.026 0.019 
 79      888    (0)   10 :  0.256 0.008 0.022 0.004 0.005 0.111 0.003 0.205 0.209 0.005 0.162 0.004 0.005 
 80      889    (0)   10 :  0.212 0.005 0.006 0.004 0.017 0.004 0.057 0.213 0.226 0.050 0.181 0.015 0.010 
 81      890    (0)   10 :  0.256 0.017 0.005 0.029 0.008 0.003 0.009 0.259 0.221 0.014 0.164 0.009 0.005 
 82      891    (0)   10 :  0.300 0.006 0.010 0.016 0.004 0.008 0.010 0.248 0.280 0.012 0.099 0.004 0.003 
 83      892    (0)   10 :  0.228 0.005 0.009 0.003 0.006 0.008 0.030 0.240 0.235 0.030 0.193 0.006 0.007 
 84      893    (0)   10 :  0.146 0.114 0.035 0.003 0.014 0.006 0.004 0.142 0.134 0.099 0.280 0.021 0.002 
 85      341    (0)   11 :  0.202 0.012 0.004 0.023 0.003 0.004 0.036 0.215 0.205 0.010 0.274 0.007 0.004 
 86      343    (0)   11 :  0.124 0.009 0.008 0.014 0.070 0.003 0.005 0.179 0.163 0.030 0.387 0.004 0.005 
 87      914    (0)   11 :  0.006 0.004 0.008 0.065 0.868 0.005 0.006 0.006 0.006 0.006 0.006 0.013 0.002 
 88      916    (0)   11 :  0.274 0.004 0.017 0.005 0.005 0.041 0.005 0.224 0.224 0.007 0.169 0.023 0.003 
 89      924    (0)   11 :  0.126 0.016 0.004 0.003 0.145 0.005 0.007 0.152 0.139 0.287 0.082 0.033 0.002 
 90      938    (0)   11 :  0.007 0.002 0.008 0.010 0.018 0.008 0.897 0.007 0.007 0.015 0.008 0.008 0.004 
 91      939    (0)   11 :  0.003 0.005 0.005 0.002 0.004 0.003 0.021 0.003 0.003 0.941 0.003 0.004 0.001 
 92      940    (0)   11 :  0.091 0.003 0.003 0.003 0.436 0.006 0.081 0.092 0.100 0.081 0.077 0.024 0.004 
 93      941    (2)   11 :  0.006 0.010 0.003 0.002 0.003 0.004 0.067 0.006 0.005 0.871 0.006 0.010 0.006 
 94      942    (0)   11 :  0.222 0.014 0.005 0.003 0.011 0.006 0.008 0.254 0.258 0.013 0.194 0.008 0.004 
 95      943    (0)   11 :  0.180 0.003 0.012 0.003 0.023 0.029 0.004 0.170 0.182 0.011 0.202 0.179 0.002 
 96      944    (0)   11 :  0.017 0.003 0.013 0.019 0.030 0.010 0.004 0.014 0.016 0.853 0.014 0.005 0.004 
 97      945    (0)   11 :  0.006 0.002 0.003 0.001 0.916 0.004 0.028 0.006 0.006 0.011 0.006 0.010 0.002 
 98      946    (0)   11 :  0.173 0.004 0.008 0.004 0.059 0.008 0.008 0.164 0.158 0.154 0.168 0.006 0.086 
 99      947    (0)   11 :  0.211 0.042 0.004 0.061 0.013 0.004 0.005 0.175 0.215 0.012 0.185 0.070 0.002 
100      951    (0)   11 :  0.231 0.012 0.003 0.005 0.009 0.007 0.012 0.244 0.234 0.010 0.214 0.014 0.004 
101      952    (0)   11 :  0.128 0.076 0.005 0.008 0.032 0.005 0.011 0.147 0.147 0.031 0.381 0.017 0.010 
102      953    (0)   11 :  0.015 0.009 0.014 0.003 0.005 0.038 0.062 0.019 0.017 0.774 0.021 0.019 0.003 
103      954    (0)   11 :  0.073 0.007 0.007 0.005 0.044 0.003 0.007 0.083 0.071 0.645 0.040 0.005 0.009 
104      955    (0)   11 :  0.238 0.016 0.004 0.007 0.082 0.003 0.021 0.236 0.216 0.022 0.135 0.007 0.013 
105      961    (4)   11 :  0.303 0.004 0.019 0.004 0.016 0.013 0.028 0.230 0.268 0.011 0.095 0.007 0.003 
106      974    (0)   11 :  0.132 0.021 0.005 0.006 0.010 0.003 0.022 0.121 0.123 0.448 0.085 0.009 0.014 
107      975    (4)   11 :  0.212 0.002 0.012 0.008 0.021 0.023 0.009 0.213 0.215 0.050 0.211 0.021 0.003 
108      980    (0)   11 :  0.226 0.016 0.007 0.007 0.053 0.010 0.016 0.208 0.204 0.023 0.169 0.059 0.002 
109      981    (0)   11 :  0.179 0.003 0.008 0.018 0.005 0.007 0.147 0.195 0.186 0.010 0.227 0.011 0.003 
110      982    (0)   11 :  0.104 0.002 0.024 0.033 0.027 0.012 0.004 0.100 0.101 0.097 0.092 0.402 0.002 
111      984    (0)   11 :  0.136 0.004 0.029 0.003 0.010 0.011 0.041 0.154 0.144 0.115 0.337 0.005 0.012 
112      985    (0)   11 :  0.261 0.009 0.009 0.003 0.007 0.005 0.008 0.227 0.252 0.016 0.182 0.018 0.004 
113     2578    (4)   11 :  0.142 0.003 0.007 0.012 0.382 0.005 0.013 0.165 0.155 0.020 0.078 0.007 0.011 
114     2580    (2)   11 :  0.255 0.004 0.022 0.017 0.018 0.021 0.016 0.254 0.262 0.008 0.115 0.003 0.007 
115      328    (0)   12 :  0.119 0.013 0.056 0.003 0.055 0.329 0.009 0.100 0.111 0.008 0.136 0.051 0.010 
116      333    (0)   12 :  0.020 0.006 0.006 0.002 0.630 0.006 0.020 0.022 0.023 0.194 0.020 0.049 0.001 
117      918    (0)   12 :  0.014 0.094 0.006 0.031 0.751 0.003 0.006 0.015 0.015 0.020 0.017 0.020 0.007 
118      919    (0)   12 :  0.021 0.005 0.009 0.016 0.762 0.007 0.007 0.024 0.023 0.077 0.019 0.028 0.003 
119      920    (0)   12 :  0.005 0.002 0.004 0.006 0.053 0.006 0.004 0.006 0.005 0.005 0.007 0.895 0.002 
120      921    (0)   12 :  0.005 0.002 0.006 0.002 0.004 0.006 0.949 0.005 0.005 0.005 0.005 0.005 0.002 
121      922    (0)   12 :  0.011 0.004 0.028 0.006 0.022 0.023 0.009 0.012 0.011 0.367 0.013 0.493 0.001 
122      926    (0)   12 :  0.007 0.002 0.003 0.003 0.082 0.003 0.010 0.007 0.007 0.033 0.007 0.834 0.002 
123      927    (0)   12 :  0.005 0.003 0.005 0.008 0.062 0.004 0.005 0.005 0.005 0.861 0.005 0.031 0.001 
124      928    (0)   12 :  0.027 0.004 0.041 0.029 0.065 0.012 0.009 0.029 0.028 0.701 0.035 0.017 0.002 
125      929    (0)   12 :  0.096 0.002 0.042 0.012 0.106 0.023 0.068 0.100 0.099 0.223 0.087 0.133 0.009 
126      930    (0)   12 :  0.113 0.004 0.014 0.004 0.141 0.018 0.130 0.111 0.102 0.073 0.171 0.111 0.009 
127      932    (0)   12 :  0.005 0.005 0.004 0.001 0.007 0.006 0.937 0.006 0.005 0.008 0.006 0.008 0.001 
128      933    (0)   12 :  0.015 0.111 0.012 0.003 0.071 0.005 0.011 0.019 0.017 0.007 0.023 0.702 0.004 
129      949    (0)   12 :  0.003 0.003 0.003 0.002 0.003 0.004 0.966 0.003 0.003 0.005 0.003 0.003 0.002 
130      950    (0)   12 :  0.096 0.018 0.006 0.005 0.141 0.004 0.194 0.094 0.095 0.138 0.075 0.131 0.003 
131      964    (4)   12 :  0.043 0.002 0.014 0.005 0.185 0.007 0.017 0.047 0.044 0.520 0.046 0.057 0.013 
132      986    (0)   12 :  0.060 0.006 0.022 0.008 0.532 0.011 0.049 0.070 0.065 0.032 0.059 0.083 0.002 
133      987    (0)   12 :  0.104 0.007 0.030 0.008 0.149 0.020 0.006 0.108 0.105 0.278 0.149 0.035 0.002 
134     1001    (4)   12 :  0.006 0.002 0.010 0.003 0.926 0.005 0.006 0.006 0.006 0.015 0.006 0.007 0.002 
135     1002    (4)   12 :  0.004 0.004 0.006 0.008 0.949 0.003 0.002 0.004 0.004 0.004 0.004 0.004 0.004 
136     1003    (2)   12 :  0.161 0.003 0.022 0.009 0.107 0.008 0.021 0.211 0.196 0.017 0.216 0.024 0.005 
137     1004    (0)   12 :  0.007 0.005 0.003 0.002 0.009 0.003 0.003 0.007 0.007 0.012 0.007 0.930 0.004 
138     1005    (0)   12 :  0.016 0.008 0.022 0.007 0.173 0.004 0.007 0.016 0.018 0.053 0.018 0.656 0.004 
139     1010    (0)   12 :  0.004 0.005 0.006 0.003 0.933 0.006 0.003 0.004 0.004 0.015 0.005 0.011 0.001 
140      321    (0)   13 :  0.006 0.003 0.007 0.002 0.012 0.003 0.003 0.006 0.006 0.940 0.006 0.003 0.002 
141      338    (0)   13 :  0.003 0.001 0.002 0.004 0.967 0.002 0.004 0.003 0.003 0.003 0.003 0.003 0.001 
142      339    (0)   13 :  0.016 0.008 0.011 0.067 0.603 0.011 0.014 0.019 0.017 0.134 0.027 0.067 0.005 
143      363    (0)   13 :  0.023 0.009 0.004 0.006 0.008 0.003 0.824 0.023 0.027 0.022 0.021 0.016 0.014 
144      915    (0)   13 :  0.017 0.003 0.020 0.004 0.235 0.008 0.007 0.016 0.016 0.069 0.018 0.583 0.004 
145      917    (0)   13 :  0.025 0.004 0.005 0.004 0.022 0.002 0.073 0.026 0.028 0.074 0.038 0.697 0.001 
146      923    (0)   13 :  0.143 0.010 0.009 0.008 0.122 0.005 0.032 0.163 0.148 0.020 0.293 0.041 0.007 
147      925    (0)   13 :  0.002 0.003 0.003 0.003 0.005 0.003 0.003 0.002 0.002 0.003 0.003 0.966 0.002 
148      931    (0)   13 :  0.169 0.006 0.005 0.002 0.047 0.006 0.023 0.188 0.181 0.062 0.118 0.193 0.002 
149      935    (0)   13 :  0.010 0.004 0.006 0.002 0.909 0.005 0.013 0.011 0.010 0.011 0.010 0.006 0.003 
150      936    (0)   13 :  0.021 0.012 0.003 0.003 0.209 0.003 0.014 0.023 0.023 0.332 0.022 0.331 0.004 
151      937    (0)   13 :  0.008 0.002 0.003 0.002 0.007 0.005 0.005 0.008 0.008 0.631 0.008 0.312 0.001 
152      948    (0)   13 :  0.129 0.015 0.009 0.002 0.120 0.006 0.051 0.122 0.142 0.023 0.147 0.231 0.004 
153      956    (0)   13 :  0.012 0.003 0.012 0.002 0.012 0.022 0.004 0.011 0.012 0.049 0.013 0.846 0.001 
154      957    (0)   13 :  0.008 0.003 0.003 0.004 0.011 0.003 0.007 0.008 0.009 0.910 0.008 0.025 0.002 
155      967    (0)   13 :  0.012 0.004 0.004 0.004 0.071 0.004 0.006 0.013 0.013 0.839 0.014 0.014 0.003 
156      968    (2)   13 :  0.019 0.006 0.007 0.007 0.005 0.024 0.009 0.021 0.022 0.007 0.017 0.854 0.003 
157      969    (2)   13 :  0.058 0.010 0.010 0.011 0.133 0.006 0.022 0.066 0.063 0.023 0.062 0.533 0.003 
158      970    (2)   13 :  0.088 0.006 0.004 0.011 0.013 0.006 0.043 0.105 0.110 0.476 0.061 0.034 0.045 
159      971    (4)   13 :  0.012 0.003 0.013 0.018 0.146 0.005 0.592 0.013 0.013 0.044 0.013 0.126 0.002 
160      972    (0)   13 :  0.006 0.003 0.003 0.001 0.928 0.004 0.004 0.007 0.007 0.012 0.011 0.007 0.007 
161      973    (0)   13 :  0.168 0.013 0.005 0.009 0.051 0.009 0.006 0.213 0.177 0.011 0.322 0.011 0.004 
162      978    (0)   13 :  0.004 0.034 0.003 0.002 0.005 0.006 0.003 0.003 0.004 0.004 0.004 0.927 0.002 
163      979    (0)   13 :  0.088 0.003 0.219 0.014 0.032 0.200 0.086 0.094 0.090 0.059 0.093 0.017 0.004 
164      988    (6)   13 :  0.006 0.003 0.006 0.002 0.005 0.005 0.910 0.006 0.006 0.005 0.006 0.037 0.002 
165      989    (0)   13 :  0.089 0.005 0.014 0.011 0.088 0.013 0.054 0.101 0.090 0.329 0.126 0.077 0.004 
166      990    (0)   13 :  0.047 0.017 0.010 0.006 0.020 0.004 0.006 0.058 0.047 0.674 0.090 0.014 0.007 
167      991    (0)   13 :  0.009 0.007 0.003 0.003 0.282 0.006 0.026 0.009 0.011 0.618 0.009 0.015 0.002 
168      992    (0)   13 :  0.026 0.004 0.008 0.016 0.093 0.018 0.010 0.025 0.025 0.026 0.035 0.671 0.043 
169     1006    (2)   13 :  0.008 0.008 0.010 0.042 0.814 0.033 0.007 0.009 0.008 0.008 0.009 0.043 0.002 
170     1017    (0)   13 :  0.049 0.013 0.083 0.004 0.012 0.085 0.005 0.057 0.057 0.276 0.143 0.214 0.003 
171     2582    (4)   13 :  0.019 0.027 0.040 0.011 0.764 0.017 0.004 0.019 0.018 0.022 0.020 0.023 0.017 
172      319    (2)   14 :  0.242 0.005 0.007 0.004 0.003 0.007 0.024 0.194 0.184 0.089 0.234 0.005 0.002 
173      335    (0)   14 :  0.201 0.012 0.007 0.010 0.007 0.004 0.006 0.245 0.219 0.029 0.243 0.007 0.009 
174      895    (0)   14 :  0.234 0.006 0.004 0.005 0.005 0.003 0.018 0.213 0.227 0.030 0.241 0.007 0.008 
175      896    (0)   14 :  0.141 0.003 0.007 0.002 0.014 0.028 0.022 0.188 0.156 0.007 0.418 0.006 0.008 
176      897    (0)   14 :  0.333 0.006 0.004 0.001 0.005 0.013 0.004 0.207 0.272 0.006 0.140 0.008 0.002 
177      898    (0)   14 :  0.273 0.005 0.006 0.004 0.009 0.006 0.008 0.188 0.229 0.107 0.119 0.046 0.002 
178      899    (0)   14 :  0.168 0.005 0.209 0.002 0.015 0.014 0.011 0.151 0.154 0.018 0.207 0.044 0.005 
179      900    (0)   14 :  0.212 0.043 0.008 0.006 0.017 0.017 0.011 0.191 0.185 0.020 0.268 0.010 0.014 
180      901    (0)   14 :  0.159 0.035 0.153 0.003 0.008 0.011 0.029 0.162 0.150 0.075 0.207 0.004 0.004 
181      902    (0)   14 :  0.139 0.003 0.007 0.002 0.008 0.005 0.021 0.205 0.163 0.049 0.379 0.007 0.013 
182      903    (0)   14 :  0.238 0.003 0.004 0.002 0.003 0.010 0.005 0.190 0.181 0.011 0.318 0.006 0.028 
183      904    (0)   14 :  0.320 0.002 0.008 0.005 0.004 0.014 0.015 0.242 0.266 0.005 0.107 0.004 0.008 
184      905    (0)   14 :  0.213 0.003 0.026 0.008 0.005 0.019 0.024 0.198 0.203 0.005 0.269 0.007 0.020 
185      906    (0)   14 :  0.270 0.006 0.003 0.003 0.004 0.005 0.008 0.257 0.257 0.007 0.163 0.011 0.005 
186      907    (0)   14 :  0.226 0.008 0.005 0.008 0.006 0.022 0.013 0.224 0.228 0.012 0.219 0.015 0.015 
187      908    (0)   14 :  0.206 0.007 0.013 0.005 0.009 0.009 0.005 0.214 0.226 0.007 0.278 0.018 0.003 
188      909    (0)   14 :  0.016 0.301 0.014 0.004 0.517 0.005 0.005 0.017 0.018 0.061 0.018 0.018 0.005 
189      910    (0)   14 :  0.238 0.055 0.005 0.003 0.012 0.006 0.003 0.277 0.231 0.009 0.152 0.007 0.003 
190      911    (0)   14 :  0.238 0.043 0.013 0.028 0.005 0.005 0.005 0.263 0.258 0.010 0.112 0.013 0.007 
191      912    (0)   14 :  0.276 0.002 0.004 0.009 0.007 0.004 0.006 0.284 0.292 0.008 0.085 0.014 0.006 
192      913    (0)   14 :  0.146 0.047 0.033 0.003 0.029 0.020 0.004 0.159 0.141 0.046 0.238 0.065 0.070 
193     2411    (0)   14 :  0.318 0.004 0.006 0.003 0.006 0.008 0.004 0.210 0.277 0.006 0.149 0.006 0.004 
194     2412    (0)   14 :  0.037 0.007 0.008 0.002 0.027 0.016 0.010 0.040 0.042 0.472 0.074 0.249 0.015 
195     2413    (0)   14 :  0.248 0.020 0.009 0.003 0.005 0.011 0.008 0.233 0.216 0.005 0.230 0.005 0.008 
196     2414    (0)   14 :  0.117 0.002 0.006 0.010 0.017 0.004 0.006 0.162 0.127 0.016 0.522 0.008 0.004 
197     2415    (2)   14 :  0.219 0.017 0.014 0.003 0.046 0.022 0.015 0.208 0.230 0.017 0.192 0.012 0.003 
198     2417    (4)   14 :  0.190 0.007 0.043 0.009 0.020 0.016 0.004 0.159 0.152 0.152 0.235 0.007 0.005 
199     2418    (4)   14 :  0.280 0.008 0.005 0.004 0.011 0.009 0.007 0.250 0.294 0.006 0.116 0.005 0.004 
200     2419    (2)   14 :  0.183 0.005 0.005 0.009 0.009 0.004 0.010 0.202 0.216 0.074 0.268 0.014 0.002 
201     2420    (0)   14 :  0.244 0.006 0.003 0.004 0.009 0.004 0.007 0.198 0.205 0.009 0.230 0.008 0.072 
202     2421    (0)   14 :  0.202 0.009 0.004 0.002 0.128 0.010 0.041 0.180 0.209 0.019 0.169 0.022 0.005 
203     2422    (2)   14 :  0.198 0.246 0.006 0.007 0.008 0.003 0.018 0.195 0.186 0.010 0.114 0.005 0.005 
204     2423    (0)   14 :  0.191 0.010 0.012 0.036 0.005 0.014 0.011 0.199 0.187 0.024 0.296 0.007 0.007 
205     2576    (0)   14 :  0.199 0.010 0.009 0.012 0.006 0.010 0.006 0.211 0.222 0.013 0.205 0.019 0.079 
206     1079    (0)   15 :  0.282 0.003 0.008 0.053 0.010 0.005 0.006 0.265 0.304 0.012 0.042 0.005 0.002 
207     1081    (0)   15 :  0.266 0.007 0.029 0.012 0.007 0.008 0.006 0.250 0.289 0.012 0.099 0.011 0.003 
208     1082    (2)   15 :  0.279 0.009 0.005 0.003 0.004 0.009 0.011 0.288 0.273 0.007 0.104 0.004 0.004 
209     1083    (0)   15 :  0.254 0.006 0.018 0.038 0.009 0.014 0.010 0.261 0.269 0.006 0.102 0.009 0.003 
210       34    (0)    2 :  0.009 0.002 0.891 0.013 0.004 0.014 0.025 0.009 0.008 0.006 0.009 0.008 0.003 
211       38    (0)    2 :  0.026 0.033 0.712 0.018 0.044 0.016 0.014 0.033 0.031 0.007 0.041 0.019 0.005 
212       41    (0)    2 :  0.003 0.002 0.964 0.003 0.003 0.004 0.003 0.003 0.003 0.003 0.003 0.004 0.001 
213       44    (0)    2 :  0.005 0.002 0.943 0.004 0.005 0.008 0.005 0.005 0.005 0.004 0.008 0.004 0.001 
214       45    (0)    2 :  0.003 0.002 0.938 0.015 0.004 0.013 0.002 0.003 0.003 0.005 0.003 0.006 0.003 
215       47    (0)    2 :  0.053 0.020 0.524 0.003 0.006 0.009 0.020 0.070 0.059 0.017 0.138 0.071 0.010 
216       50    (0)    2 :  0.032 0.003 0.765 0.008 0.002 0.056 0.014 0.032 0.034 0.004 0.026 0.014 0.009 
217      384    (0)    2 :  0.007 0.003 0.881 0.004 0.013 0.016 0.024 0.007 0.007 0.007 0.007 0.020 0.004 
218      385    (2)    2 :  0.016 0.009 0.870 0.006 0.006 0.014 0.006 0.017 0.016 0.005 0.014 0.011 0.009 
219      386    (0)    2 :  0.003 0.002 0.963 0.003 0.002 0.008 0.003 0.003 0.003 0.003 0.003 0.003 0.001 
220      387    (0)    2 :  0.007 0.007 0.922 0.008 0.003 0.009 0.004 0.007 0.007 0.005 0.006 0.011 0.002 
221      388    (0)    2 :  0.003 0.006 0.918 0.039 0.003 0.005 0.003 0.003 0.003 0.004 0.003 0.008 0.002 
222      389    (0)    2 :  0.003 0.004 0.949 0.006 0.005 0.003 0.003 0.003 0.003 0.008 0.004 0.006 0.002 
223      390    (4)    2 :  0.013 0.016 0.815 0.003 0.011 0.014 0.003 0.013 0.014 0.011 0.015 0.042 0.029 
224      391    (0)    2 :  0.007 0.007 0.870 0.013 0.033 0.007 0.008 0.007 0.007 0.009 0.008 0.023 0.003 
225      392    (0)    2 :  0.004 0.002 0.941 0.002 0.003 0.009 0.007 0.004 0.004 0.007 0.004 0.011 0.002 
226      393    (2)    2 :  0.003 0.011 0.945 0.004 0.004 0.005 0.004 0.003 0.003 0.005 0.003 0.007 0.002 
227      394    (0)    2 :  0.003 0.002 0.958 0.011 0.002 0.004 0.003 0.003 0.003 0.003 0.003 0.004 0.002 
228      395    (0)    2 :  0.015 0.010 0.865 0.004 0.009 0.007 0.015 0.016 0.016 0.007 0.018 0.007 0.012 
229      396    (0)    2 :  0.005 0.015 0.816 0.029 0.005 0.033 0.046 0.006 0.006 0.009 0.008 0.007 0.015 
230     2498    (2)    3 :  0.008 0.008 0.901 0.002 0.005 0.022 0.012 0.008 0.008 0.007 0.009 0.005 0.005 
231     2513    (2)    3 :  0.007 0.011 0.898 0.007 0.012 0.028 0.005 0.007 0.007 0.006 0.007 0.005 0.002 
232     2514    (2)    3 :  0.033 0.003 0.726 0.003 0.008 0.072 0.018 0.033 0.035 0.025 0.034 0.009 0.002 
233     2597    (4)    3 :  0.018 0.004 0.780 0.018 0.013 0.017 0.043 0.020 0.019 0.014 0.027 0.018 0.010 
234     2499    (4)    3 :  0.052 0.011 0.566 0.018 0.004 0.144 0.008 0.046 0.047 0.044 0.047 0.007 0.005 
235     2500    (0)    3 :  0.008 0.007 0.902 0.004 0.003 0.028 0.012 0.008 0.009 0.003 0.007 0.003 0.005 
236     2506    (2)    3 :  0.008 0.004 0.737 0.015 0.006 0.183 0.008 0.008 0.008 0.005 0.010 0.004 0.005 
237     2509    (6)    3 :  0.039 0.021 0.658 0.009 0.012 0.021 0.082 0.039 0.038 0.008 0.052 0.013 0.008 
238     2511    (2)    3 :  0.007 0.006 0.376 0.018 0.005 0.554 0.003 0.007 0.007 0.004 0.007 0.004 0.001 
239     2512    (2)    3 :  0.007 0.002 0.805 0.042 0.004 0.094 0.004 0.007 0.007 0.004 0.008 0.008 0.008 
240     2515    (2)    3 :  0.004 0.002 0.367 0.003 0.004 0.598 0.003 0.004 0.004 0.004 0.004 0.003 0.002 
241     2516    (2)    3 :  0.022 0.002 0.509 0.016 0.009 0.342 0.009 0.021 0.020 0.014 0.018 0.017 0.001 
242     2517    (2)    3 :  0.007 0.003 0.401 0.008 0.018 0.464 0.008 0.008 0.009 0.010 0.009 0.051 0.002 
243     2518    (2)    3 :  0.014 0.008 0.624 0.010 0.015 0.210 0.006 0.014 0.014 0.046 0.017 0.018 0.004 
244     2519    (0)    3 :  0.059 0.017 0.440 0.021 0.026 0.122 0.008 0.068 0.063 0.013 0.140 0.021 0.002 
245     2520    (2)    3 :  0.003 0.002 0.449 0.005 0.003 0.518 0.002 0.003 0.004 0.003 0.003 0.003 0.002 
246     2521    (2)    3 :  0.044 0.003 0.166 0.005 0.004 0.558 0.050 0.038 0.040 0.038 0.036 0.015 0.002 
247     2603    (4)    3 :  0.022 0.003 0.791 0.003 0.003 0.031 0.058 0.023 0.021 0.006 0.031 0.004 0.003 
248     2606    (2)    3 :  0.010 0.002 0.892 0.004 0.007 0.022 0.012 0.011 0.010 0.008 0.010 0.007 0.005 
249       87    (0)    4 :  0.008 0.006 0.007 0.010 0.010 0.900 0.005 0.009 0.008 0.005 0.009 0.016 0.006 
250       88    (0)    4 :  0.002 0.002 0.013 0.002 0.002 0.963 0.002 0.002 0.003 0.002 0.002 0.002 0.001 
251       90    (0)    4 :  0.003 0.002 0.488 0.008 0.003 0.477 0.003 0.003 0.003 0.003 0.003 0.004 0.001 
252       92    (0)    4 :  0.010 0.002 0.094 0.006 0.009 0.798 0.018 0.011 0.010 0.009 0.011 0.020 0.002 
253       96    (0)    4 :  0.011 0.019 0.597 0.010 0.010 0.243 0.058 0.011 0.011 0.010 0.013 0.007 0.002 
254       97    (0)    4 :  0.005 0.003 0.041 0.008 0.004 0.901 0.009 0.005 0.006 0.008 0.005 0.005 0.001 
255      105    (0)    4 :  0.005 0.006 0.013 0.008 0.003 0.935 0.004 0.005 0.005 0.004 0.005 0.005 0.002 
256      120    (0)    4 :  0.003 0.002 0.003 0.002 0.002 0.966 0.005 0.003 0.003 0.002 0.003 0.004 0.003 
257      123    (0)    4 :  0.004 0.003 0.537 0.003 0.005 0.423 0.003 0.004 0.004 0.006 0.004 0.004 0.001 
258      128    (0)    4 :  0.006 0.003 0.943 0.002 0.002 0.013 0.006 0.006 0.006 0.003 0.005 0.003 0.002 
259      129    (0)    4 :  0.006 0.004 0.768 0.003 0.008 0.154 0.005 0.007 0.007 0.013 0.008 0.015 0.002 
260      132    (0)    4 :  0.007 0.002 0.016 0.004 0.003 0.930 0.009 0.007 0.007 0.003 0.007 0.003 0.003 
261      504    (0)    4 :  0.005 0.003 0.254 0.003 0.011 0.686 0.005 0.005 0.005 0.008 0.006 0.007 0.001 
262      505    (0)    4 :  0.006 0.003 0.091 0.007 0.008 0.847 0.006 0.006 0.006 0.003 0.007 0.009 0.001 
263      506    (0)    4 :  0.017 0.003 0.525 0.009 0.005 0.336 0.040 0.017 0.016 0.008 0.017 0.004 0.003 
264      507    (0)    4 :  0.006 0.003 0.024 0.006 0.016 0.878 0.006 0.006 0.006 0.004 0.006 0.037 0.003 
265      508    (0)    4 :  0.012 0.003 0.009 0.004 0.007 0.869 0.016 0.012 0.012 0.010 0.013 0.006 0.029 
266      509    (0)    4 :  0.018 0.003 0.073 0.019 0.007 0.817 0.003 0.016 0.018 0.006 0.014 0.005 0.003 
267      510    (0)    4 :  0.007 0.003 0.005 0.002 0.005 0.931 0.004 0.007 0.007 0.006 0.007 0.015 0.003 
268      511    (0)    4 :  0.006 0.013 0.041 0.106 0.006 0.794 0.003 0.006 0.007 0.004 0.006 0.007 0.002 
269      512    (0)    4 :  0.004 0.004 0.141 0.004 0.005 0.813 0.003 0.004 0.004 0.006 0.004 0.005 0.002 
270      513    (0)    4 :  0.004 0.002 0.056 0.003 0.002 0.907 0.003 0.004 0.004 0.003 0.005 0.004 0.002 
271      514    (0)    4 :  0.009 0.013 0.358 0.008 0.005 0.552 0.015 0.010 0.009 0.005 0.010 0.004 0.002 
272      515    (0)    4 :  0.015 0.004 0.060 0.003 0.006 0.820 0.017 0.013 0.016 0.013 0.014 0.010 0.008 
273      558    (0)    4 :  0.006 0.003 0.053 0.036 0.009 0.838 0.006 0.006 0.006 0.019 0.007 0.006 0.004 
274      559    (0)    4 :  0.003 0.002 0.457 0.003 0.002 0.513 0.004 0.003 0.003 0.003 0.003 0.003 0.002 
275      560    (0)    4 :  0.004 0.008 0.398 0.011 0.004 0.542 0.004 0.004 0.005 0.003 0.005 0.003 0.009 
276      561    (0)    4 :  0.005 0.005 0.144 0.052 0.004 0.762 0.004 0.005 0.005 0.002 0.005 0.004 0.003 
277      562    (0)    4 :  0.009 0.002 0.033 0.006 0.004 0.878 0.024 0.008 0.008 0.007 0.009 0.009 0.003 
278      563    (0)    4 :  0.004 0.003 0.003 0.002 0.002 0.963 0.003 0.004 0.004 0.003 0.004 0.002 0.004 
279      564    (0)    4 :  0.006 0.003 0.181 0.003 0.006 0.743 0.011 0.006 0.006 0.007 0.008 0.008 0.010 
280      136    (0)    5 :  0.007 0.004 0.888 0.050 0.006 0.009 0.004 0.007 0.007 0.003 0.008 0.005 0.002 
281      138    (0)    5 :  0.006 0.004 0.919 0.006 0.006 0.019 0.003 0.006 0.006 0.008 0.006 0.006 0.003 
282      140    (0)    5 :  0.008 0.007 0.884 0.004 0.020 0.023 0.008 0.008 0.008 0.010 0.011 0.006 0.003 
283      141    (0)    5 :  0.027 0.004 0.824 0.006 0.009 0.014 0.004 0.031 0.030 0.011 0.027 0.006 0.005 
284      144    (0)    5 :  0.005 0.013 0.929 0.004 0.003 0.013 0.005 0.006 0.006 0.003 0.006 0.006 0.002 
285      146    (0)    5 :  0.004 0.005 0.626 0.003 0.003 0.311 0.027 0.005 0.005 0.002 0.004 0.003 0.003 
286      148    (0)    5 :  0.009 0.001 0.812 0.013 0.003 0.103 0.019 0.009 0.009 0.005 0.011 0.005 0.002 
287      150    (0)    5 :  0.005 0.002 0.935 0.005 0.013 0.006 0.004 0.005 0.005 0.004 0.005 0.004 0.008 
288      152    (0)    5 :  0.004 0.002 0.949 0.004 0.004 0.015 0.002 0.004 0.004 0.004 0.004 0.004 0.002 
289      666    (0)    5 :  0.005 0.002 0.950 0.002 0.006 0.007 0.003 0.004 0.005 0.005 0.005 0.005 0.002 
290      667    (0)    5 :  0.010 0.002 0.916 0.003 0.004 0.009 0.006 0.011 0.010 0.006 0.013 0.008 0.001 
291      668    (0)    5 :  0.011 0.003 0.740 0.012 0.080 0.084 0.006 0.011 0.011 0.008 0.013 0.008 0.012 
292      669    (0)    5 :  0.004 0.002 0.788 0.093 0.011 0.069 0.002 0.005 0.004 0.006 0.005 0.007 0.004 
293      670    (0)    5 :  0.016 0.003 0.551 0.009 0.048 0.069 0.021 0.017 0.018 0.204 0.022 0.007 0.015 
294      684    (0)    5 :  0.004 0.002 0.928 0.018 0.006 0.015 0.004 0.004 0.004 0.004 0.004 0.004 0.003 
295      685    (0)    5 :  0.007 0.003 0.935 0.006 0.003 0.007 0.006 0.007 0.007 0.003 0.006 0.003 0.008 
296      686    (0)    5 :  0.005 0.003 0.774 0.006 0.006 0.164 0.003 0.006 0.006 0.010 0.007 0.006 0.003 
297      687    (0)    5 :  0.005 0.004 0.948 0.006 0.006 0.005 0.004 0.005 0.005 0.004 0.005 0.003 0.001 
298      688    (2)    5 :  0.003 0.004 0.952 0.006 0.004 0.008 0.003 0.004 0.004 0.003 0.004 0.004 0.002 
299      689    (0)    5 :  0.011 0.005 0.887 0.005 0.006 0.015 0.009 0.011 0.011 0.013 0.012 0.012 0.004 
300      165    (0)    6 :  0.018 0.004 0.783 0.013 0.012 0.062 0.018 0.018 0.018 0.025 0.018 0.009 0.003 
301      167    (0)    6 :  0.045 0.003 0.400 0.014 0.027 0.053 0.263 0.044 0.042 0.019 0.043 0.009 0.038 
302      170    (0)    6 :  0.009 0.011 0.849 0.007 0.011 0.027 0.016 0.008 0.009 0.014 0.012 0.023 0.004 
303      714    (0)    6 :  0.007 0.002 0.210 0.032 0.005 0.683 0.005 0.008 0.008 0.023 0.009 0.004 0.003 
304      715    (2)    6 :  0.109 0.004 0.149 0.010 0.014 0.329 0.022 0.120 0.118 0.015 0.080 0.016 0.014 
305      716    (0)    6 :  0.010 0.003 0.867 0.009 0.012 0.025 0.014 0.010 0.010 0.009 0.011 0.017 0.003 
306      717    (2)    6 :  0.107 0.008 0.058 0.011 0.003 0.257 0.062 0.129 0.118 0.078 0.144 0.013 0.011 
307     2346    (2)    6 :  0.174 0.087 0.002 0.003 0.007 0.004 0.007 0.233 0.180 0.003 0.276 0.016 0.009 
308      718    (0)    7 :  0.007 0.005 0.218 0.597 0.014 0.106 0.007 0.007 0.007 0.006 0.008 0.014 0.005 
309      719    (0)    7 :  0.015 0.011 0.558 0.283 0.005 0.015 0.006 0.017 0.016 0.029 0.020 0.018 0.005 
310      720    (0)    7 :  0.006 0.001 0.251 0.624 0.006 0.076 0.004 0.006 0.006 0.006 0.007 0.005 0.001 
311      721    (0)    7 :  0.025 0.013 0.491 0.034 0.029 0.266 0.004 0.025 0.026 0.017 0.028 0.030 0.013 
312      722    (0)    7 :  0.005 0.002 0.272 0.395 0.008 0.270 0.009 0.005 0.005 0.017 0.006 0.004 0.002 
313      723    (0)    7 :  0.006 0.004 0.777 0.010 0.012 0.111 0.020 0.006 0.006 0.029 0.007 0.009 0.001 
314      724    (0)    7 :  0.004 0.002 0.656 0.290 0.005 0.008 0.002 0.005 0.005 0.007 0.005 0.006 0.005 
315      725    (0)    7 :  0.004 0.006 0.384 0.350 0.006 0.225 0.003 0.004 0.004 0.003 0.004 0.004 0.003 
316      726    (0)    7 :  0.014 0.003 0.126 0.653 0.008 0.042 0.087 0.016 0.015 0.006 0.022 0.005 0.003 
317      727    (0)    7 :  0.003 0.003 0.952 0.010 0.005 0.007 0.003 0.003 0.003 0.003 0.003 0.003 0.002 
318      728    (2)    7 :  0.009 0.002 0.222 0.621 0.006 0.067 0.004 0.011 0.011 0.032 0.010 0.003 0.002 
319      729    (0)    7 :  0.015 0.004 0.293 0.045 0.078 0.153 0.012 0.016 0.016 0.013 0.023 0.324 0.008 
320      730    (0)    7 :  0.002 0.001 0.001 0.977 0.002 0.002 0.003 0.002 0.002 0.002 0.002 0.002 0.003 
321      731    (0)    7 :  0.015 0.007 0.373 0.039 0.016 0.460 0.004 0.016 0.017 0.012 0.019 0.018 0.005 
322      732    (0)    7 :  0.004 0.005 0.013 0.950 0.003 0.004 0.005 0.003 0.004 0.002 0.004 0.003 0.002 
323      733    (0)    7 :  0.006 0.003 0.428 0.012 0.021 0.436 0.018 0.006 0.006 0.006 0.007 0.034 0.016 
324      734    (0)    7 :  0.003 0.002 0.406 0.004 0.006 0.558 0.002 0.003 0.003 0.003 0.003 0.004 0.003 
325      189    (0)    8 :  0.007 0.887 0.008 0.003 0.005 0.007 0.043 0.006 0.006 0.007 0.007 0.008 0.006 
326      190    (0)    8 :  0.003 0.969 0.003 0.002 0.003 0.002 0.004 0.003 0.003 0.003 0.003 0.002 0.002 
327      193    (0)    8 :  0.008 0.940 0.004 0.002 0.003 0.005 0.003 0.008 0.008 0.005 0.010 0.004 0.001 
328      761    (0)    8 :  0.002 0.969 0.002 0.002 0.003 0.003 0.004 0.002 0.002 0.003 0.002 0.003 0.001 
329      762    (0)    8 :  0.004 0.948 0.004 0.008 0.005 0.002 0.002 0.004 0.004 0.007 0.004 0.005 0.002 
330      763    (0)    8 :  0.004 0.952 0.004 0.003 0.007 0.005 0.003 0.004 0.004 0.004 0.004 0.004 0.003 
331      764    (0)    8 :  0.003 0.960 0.004 0.004 0.005 0.002 0.003 0.003 0.003 0.004 0.003 0.004 0.002 
332      765    (0)    8 :  0.005 0.951 0.004 0.004 0.003 0.004 0.005 0.005 0.005 0.004 0.005 0.004 0.001 
333      778    (0)    8 :  0.014 0.864 0.014 0.004 0.010 0.016 0.010 0.014 0.014 0.005 0.016 0.007 0.012 
334      779    (0)    8 :  0.004 0.951 0.008 0.003 0.004 0.002 0.005 0.004 0.004 0.005 0.004 0.004 0.003 
335      780    (0)    8 :  0.003 0.964 0.002 0.002 0.006 0.002 0.003 0.003 0.003 0.003 0.003 0.005 0.002 
336      781    (0)    8 :  0.003 0.950 0.003 0.004 0.003 0.005 0.003 0.003 0.003 0.003 0.003 0.002 0.016 
337      782    (0)    8 :  0.005 0.946 0.009 0.002 0.003 0.009 0.004 0.005 0.005 0.003 0.005 0.003 0.002 
338      783    (0)    8 :  0.001 0.984 0.002 0.001 0.002 0.001 0.001 0.001 0.001 0.001 0.001 0.002 0.001 
339      784    (0)    8 :  0.005 0.952 0.003 0.002 0.004 0.004 0.006 0.005 0.005 0.004 0.005 0.003 0.001 
340      785    (0)    8 :  0.004 0.955 0.003 0.004 0.004 0.002 0.003 0.004 0.004 0.005 0.004 0.004 0.004 
341      786    (0)    8 :  0.004 0.956 0.003 0.001 0.007 0.002 0.006 0.004 0.004 0.005 0.004 0.003 0.001 
342      787    (0)    8 :  0.003 0.965 0.005 0.002 0.003 0.003 0.002 0.003 0.003 0.003 0.003 0.003 0.002 
343      788    (0)    8 :  0.009 0.916 0.007 0.004 0.009 0.010 0.003 0.009 0.009 0.006 0.009 0.006 0.004 
344      789    (0)    8 :  0.010 0.933 0.004 0.001 0.002 0.003 0.008 0.010 0.010 0.005 0.008 0.004 0.002 
345      790    (0)    8 :  0.005 0.943 0.004 0.002 0.004 0.003 0.009 0.005 0.005 0.006 0.005 0.006 0.005 
346      791    (0)    8 :  0.006 0.939 0.010 0.002 0.006 0.004 0.003 0.006 0.006 0.006 0.006 0.004 0.002 
347      792    (0)    8 :  0.002 0.971 0.002 0.003 0.002 0.003 0.002 0.002 0.002 0.002 0.002 0.002 0.004 
348      793    (0)    8 :  0.006 0.942 0.007 0.004 0.004 0.003 0.004 0.006 0.006 0.004 0.006 0.005 0.002 
349      794    (0)    8 :  0.005 0.947 0.002 0.003 0.006 0.003 0.003 0.006 0.006 0.006 0.005 0.005 0.003 
350      795    (0)    8 :  0.005 0.954 0.003 0.003 0.003 0.005 0.004 0.005 0.005 0.003 0.004 0.003 0.003 
351      796    (0)    8 :  0.002 0.976 0.002 0.002 0.002 0.002 0.002 0.002 0.002 0.002 0.002 0.002 0.003 
352      797    (0)    8 :  0.003 0.969 0.002 0.002 0.006 0.002 0.002 0.002 0.003 0.002 0.002 0.003 0.002 
353      798    (0)    8 :  0.003 0.944 0.006 0.003 0.003 0.005 0.003 0.003 0.003 0.006 0.004 0.015 0.002 
354      282    (0)    9 :  0.007 0.002 0.003 0.001 0.004 0.005 0.003 0.007 0.007 0.004 0.008 0.003 0.944 
355      284    (0)    9 :  0.003 0.010 0.003 0.007 0.003 0.002 0.002 0.003 0.003 0.003 0.003 0.003 0.953 
356      287    (0)    9 :  0.006 0.003 0.003 0.004 0.004 0.002 0.003 0.005 0.006 0.003 0.006 0.008 0.948 
357      295    (0)    9 :  0.001 0.001 0.001 0.001 0.001 0.001 0.001 0.001 0.001 0.001 0.001 0.001 0.985 
358      302    (0)    9 :  0.001 0.002 0.001 0.001 0.002 0.001 0.001 0.001 0.001 0.002 0.001 0.002 0.983 
359      306    (2)    9 :  0.013 0.005 0.010 0.006 0.009 0.003 0.002 0.013 0.012 0.007 0.014 0.009 0.898 
360      308    (0)    9 :  0.002 0.001 0.002 0.003 0.002 0.002 0.002 0.002 0.002 0.001 0.002 0.002 0.978 
361      867    (0)    9 :  0.002 0.001 0.001 0.002 0.002 0.002 0.001 0.002 0.002 0.001 0.002 0.002 0.981 


Estimated Allele Frequencies in each cluster
First column gives estimated ancestral frequencies


Locus 1 : 1 
4 alleles
0.0% missing data
  89   (0.540) 0.544 0.640 0.638 0.706 0.596 0.362 0.513 0.547 0.544 0.467 0.541 0.501 0.075 
  91   (0.370) 0.368 0.312 0.300 0.283 0.383 0.535 0.459 0.364 0.368 0.505 0.369 0.348 0.729 
  93   (0.068) 0.065 0.047 0.062 0.008 0.014 0.101 0.022 0.064 0.064 0.020 0.068 0.124 0.043 
  99   (0.022) 0.022 0.001 0.001 0.002 0.007 0.002 0.007 0.025 0.024 0.008 0.022 0.027 0.152 

Locus 2 : 2 
6 alleles
1.4% missing data
 136   (0.315) 0.349 0.461 0.546 0.110 0.073 0.681 0.218 0.336 0.341 0.183 0.315 0.086 0.198 
 134   (0.246) 0.228 0.375 0.156 0.194 0.301 0.161 0.415 0.233 0.230 0.230 0.246 0.219 0.032 
 138   (0.307) 0.286 0.155 0.253 0.247 0.455 0.140 0.228 0.292 0.291 0.464 0.307 0.586 0.753 
 140   (0.075) 0.077 0.005 0.044 0.443 0.036 0.014 0.116 0.079 0.078 0.052 0.075 0.044 0.010 
 132   (0.025) 0.034 0.002 0.001 0.002 0.004 0.002 0.006 0.032 0.034 0.008 0.025 0.007 0.003 
 142   (0.031) 0.026 0.002 0.001 0.003 0.131 0.002 0.017 0.028 0.027 0.062 0.031 0.059 0.004 

Locus 3 : 3 
6 alleles
0.0% missing data
 181   (0.246) 0.221 0.068 0.230 0.082 0.439 0.139 0.335 0.226 0.224 0.103 0.247 0.443 0.193 
 187   (0.345) 0.351 0.259 0.516 0.715 0.172 0.501 0.283 0.351 0.348 0.328 0.345 0.161 0.754 
 179   (0.241) 0.260 0.015 0.225 0.184 0.202 0.346 0.275 0.256 0.260 0.338 0.241 0.143 0.032 
 191   (0.035) 0.029 0.193 0.025 0.005 0.008 0.004 0.009 0.031 0.030 0.009 0.035 0.017 0.004 
 185   (0.072) 0.074 0.461 0.002 0.007 0.018 0.005 0.054 0.075 0.075 0.091 0.072 0.194 0.009 
 175   (0.061) 0.065 0.004 0.002 0.006 0.161 0.005 0.043 0.062 0.063 0.131 0.061 0.041 0.008 

Locus 4 : 4 
10 alleles
0.0% missing data
 253   (0.519) 0.539 0.463 0.735 0.642 0.769 0.610 0.447 0.545 0.544 0.533 0.519 0.383 0.536 
 249   (0.030) 0.021 0.002 0.060 0.304 0.005 0.032 0.008 0.023 0.022 0.006 0.030 0.006 0.004 
 271   (0.039) 0.030 0.003 0.023 0.005 0.007 0.056 0.158 0.032 0.031 0.033 0.039 0.012 0.005 
 241   (0.133) 0.129 0.150 0.027 0.019 0.076 0.253 0.045 0.123 0.125 0.187 0.133 0.223 0.210 
 257   (0.008) 0.005 0.000 0.000 0.001 0.001 0.002 0.002 0.006 0.005 0.003 0.008 0.002 0.001 
 269   (0.175) 0.162 0.101 0.153 0.020 0.105 0.038 0.229 0.159 0.161 0.204 0.175 0.346 0.232 
 247   (0.072) 0.092 0.280 0.002 0.007 0.033 0.006 0.106 0.090 0.091 0.030 0.072 0.022 0.009 
 239   (0.007) 0.005 0.000 0.000 0.001 0.001 0.001 0.002 0.006 0.005 0.001 0.007 0.001 0.001 
 245   (0.007) 0.006 0.000 0.000 0.001 0.001 0.001 0.002 0.006 0.006 0.002 0.007 0.001 0.001 
 273   (0.010) 0.011 0.001 0.000 0.001 0.002 0.001 0.003 0.010 0.010 0.002 0.010 0.002 0.001 

Locus 5 : 5 
7 alleles
0.8% missing data
 103   (0.847) 0.813 0.966 0.991 0.984 0.947 0.986 0.948 0.814 0.814 0.909 0.847 0.948 0.979 
 104   (0.060) 0.081 0.004 0.006 0.007 0.029 0.007 0.021 0.086 0.085 0.044 0.060 0.024 0.009 
 105   (0.048) 0.069 0.003 0.002 0.005 0.016 0.004 0.020 0.064 0.066 0.027 0.048 0.019 0.006 
 102   (0.018) 0.018 0.001 0.001 0.002 0.003 0.001 0.005 0.016 0.017 0.013 0.018 0.004 0.003 
 101   (0.012) 0.009 0.013 0.000 0.001 0.002 0.001 0.004 0.009 0.008 0.003 0.012 0.002 0.001 
 107   (0.008) 0.005 0.000 0.000 0.001 0.001 0.001 0.002 0.006 0.005 0.002 0.008 0.001 0.001 
  99   (0.008) 0.004 0.012 0.000 0.001 0.001 0.001 0.002 0.005 0.005 0.002 0.008 0.002 0.001 

Locus 6 : 6 
5 alleles
0.3% missing data
 141   (0.290) 0.273 0.135 0.581 0.843 0.203 0.380 0.634 0.282 0.280 0.349 0.290 0.138 0.039 
 145   (0.408) 0.442 0.260 0.202 0.075 0.700 0.122 0.223 0.426 0.433 0.458 0.408 0.488 0.383 
 135   (0.226) 0.221 0.287 0.171 0.068 0.083 0.350 0.121 0.223 0.221 0.159 0.226 0.355 0.567 
 147   (0.065) 0.054 0.318 0.046 0.013 0.013 0.147 0.019 0.058 0.056 0.032 0.065 0.017 0.009 
 137   (0.011) 0.010 0.001 0.000 0.001 0.002 0.001 0.003 0.011 0.010 0.002 0.011 0.002 0.001 

Locus 7 : 7 
8 alleles
1.1% missing data
  93   (0.237) 0.213 0.068 0.321 0.610 0.328 0.386 0.275 0.213 0.211 0.354 0.237 0.192 0.719 
 103   (0.288) 0.298 0.507 0.409 0.092 0.384 0.325 0.257 0.300 0.301 0.312 0.287 0.397 0.044 
  91   (0.062) 0.061 0.155 0.040 0.006 0.068 0.005 0.025 0.059 0.058 0.019 0.062 0.016 0.059 
  97   (0.203) 0.207 0.257 0.162 0.030 0.101 0.158 0.216 0.207 0.208 0.056 0.203 0.243 0.147 
  85   (0.042) 0.039 0.003 0.051 0.005 0.010 0.008 0.015 0.039 0.039 0.011 0.042 0.054 0.006 
  89   (0.105) 0.100 0.007 0.015 0.250 0.071 0.113 0.192 0.099 0.099 0.221 0.105 0.060 0.017 
  83   (0.053) 0.071 0.003 0.002 0.006 0.032 0.004 0.017 0.071 0.073 0.025 0.053 0.037 0.008 
 105   (0.011) 0.011 0.001 0.000 0.001 0.007 0.001 0.003 0.012 0.011 0.002 0.011 0.002 0.002 

Locus 8 : 8 
8 alleles
0.0% missing data
 129   (0.540) 0.533 0.640 0.710 0.691 0.728 0.509 0.418 0.533 0.533 0.765 0.540 0.618 0.153 
 141   (0.062) 0.060 0.208 0.099 0.010 0.015 0.125 0.017 0.060 0.060 0.028 0.062 0.025 0.008 
 149   (0.095) 0.095 0.017 0.132 0.015 0.034 0.100 0.136 0.097 0.096 0.076 0.095 0.056 0.012 
 143   (0.254) 0.267 0.131 0.057 0.280 0.214 0.262 0.416 0.267 0.267 0.116 0.254 0.272 0.741 
 145   (0.008) 0.006 0.001 0.000 0.001 0.001 0.001 0.002 0.006 0.006 0.002 0.008 0.001 0.001 
 133   (0.016) 0.019 0.001 0.001 0.001 0.003 0.001 0.004 0.016 0.018 0.009 0.016 0.006 0.002 
 131   (0.011) 0.007 0.001 0.000 0.001 0.003 0.001 0.003 0.007 0.007 0.002 0.011 0.019 0.041 
 127   (0.014) 0.013 0.001 0.000 0.001 0.002 0.001 0.004 0.014 0.013 0.003 0.014 0.003 0.042 

Locus 9 : 9 
4 alleles
0.0% missing data
 191   (0.370) 0.376 0.544 0.551 0.843 0.322 0.623 0.300 0.381 0.379 0.158 0.370 0.388 0.263 
 195   (0.151) 0.135 0.054 0.202 0.036 0.327 0.057 0.268 0.140 0.137 0.062 0.151 0.279 0.403 
 189   (0.471) 0.484 0.402 0.244 0.120 0.349 0.319 0.429 0.474 0.478 0.778 0.472 0.332 0.333 
 193   (0.008) 0.005 0.001 0.003 0.001 0.001 0.001 0.002 0.005 0.005 0.002 0.008 0.002 0.001 

Locus 10 : 10 
7 alleles
0.0% missing data
 232   (0.247) 0.252 0.274 0.248 0.553 0.213 0.428 0.097 0.249 0.252 0.090 0.247 0.207 0.190 
 238   (0.566) 0.562 0.347 0.623 0.137 0.730 0.406 0.842 0.566 0.563 0.838 0.566 0.675 0.413 
 252   (0.110) 0.112 0.034 0.104 0.297 0.045 0.160 0.041 0.112 0.112 0.055 0.110 0.102 0.018 
 254   (0.039) 0.038 0.258 0.024 0.009 0.006 0.003 0.011 0.036 0.037 0.009 0.039 0.009 0.374 
 250   (0.010) 0.013 0.001 0.000 0.001 0.002 0.001 0.002 0.013 0.012 0.002 0.010 0.002 0.001 
 248   (0.020) 0.018 0.086 0.001 0.002 0.003 0.001 0.005 0.018 0.018 0.005 0.020 0.004 0.003 
 236   (0.007) 0.005 0.001 0.000 0.001 0.001 0.001 0.002 0.006 0.006 0.002 0.007 0.002 0.001 

Locus 11 : 11 
3 alleles
0.0% missing data
  87   (0.736) 0.741 0.534 0.643 0.371 0.851 0.582 0.903 0.741 0.743 0.780 0.736 0.836 0.965 
  89   (0.205) 0.209 0.383 0.316 0.596 0.113 0.319 0.068 0.205 0.206 0.197 0.205 0.132 0.028 
  91   (0.059) 0.050 0.083 0.041 0.034 0.036 0.099 0.029 0.053 0.051 0.022 0.059 0.032 0.008 

Locus 12 : 12 
12 alleles
0.0% missing data
 160   (0.217) 0.191 0.715 0.113 0.036 0.350 0.170 0.180 0.193 0.192 0.258 0.217 0.270 0.588 
 162   (0.249) 0.274 0.232 0.213 0.728 0.285 0.134 0.382 0.272 0.276 0.291 0.248 0.125 0.078 
 147   (0.049) 0.039 0.003 0.093 0.108 0.012 0.323 0.015 0.039 0.039 0.087 0.049 0.036 0.006 
 158   (0.236) 0.242 0.022 0.548 0.095 0.237 0.337 0.144 0.237 0.240 0.111 0.236 0.312 0.031 
 161   (0.111) 0.117 0.019 0.022 0.016 0.034 0.023 0.041 0.118 0.115 0.132 0.111 0.152 0.130 
 170   (0.050) 0.056 0.003 0.008 0.007 0.011 0.006 0.019 0.058 0.057 0.056 0.050 0.049 0.007 
 149   (0.023) 0.020 0.001 0.001 0.002 0.049 0.002 0.201 0.020 0.020 0.008 0.023 0.012 0.003 
 154   (0.019) 0.024 0.001 0.001 0.002 0.003 0.001 0.006 0.021 0.022 0.005 0.019 0.004 0.003 
 143   (0.022) 0.023 0.001 0.001 0.002 0.015 0.002 0.006 0.024 0.024 0.005 0.022 0.004 0.152 
 150   (0.008) 0.004 0.000 0.000 0.001 0.002 0.001 0.002 0.005 0.004 0.002 0.008 0.023 0.001 
 159   (0.009) 0.005 0.001 0.000 0.001 0.001 0.001 0.002 0.006 0.005 0.044 0.009 0.013 0.001 
 164   (0.008) 0.005 0.000 0.000 0.001 0.001 0.001 0.002 0.006 0.006 0.002 0.008 0.001 0.001 

Locus 13 : 13 
4 alleles
0.0% missing data
 108   (0.189) 0.180 0.200 0.161 0.418 0.081 0.174 0.069 0.178 0.179 0.131 0.189 0.133 0.312 
 115   (0.442) 0.436 0.287 0.591 0.513 0.534 0.394 0.662 0.438 0.434 0.521 0.442 0.484 0.094 
 113   (0.361) 0.378 0.513 0.248 0.068 0.384 0.431 0.267 0.378 0.381 0.347 0.361 0.382 0.593 
 109   (0.008) 0.005 0.000 0.000 0.001 0.002 0.001 0.002 0.006 0.006 0.002 0.008 0.001 0.001 

Locus 14 : 14 
5 alleles
0.3% missing data
 227   (0.159) 0.132 0.019 0.259 0.057 0.307 0.301 0.085 0.138 0.136 0.307 0.159 0.381 0.230 
 231   (0.118) 0.130 0.354 0.083 0.022 0.021 0.145 0.036 0.123 0.126 0.033 0.118 0.037 0.298 
 229   (0.534) 0.562 0.414 0.465 0.875 0.588 0.414 0.781 0.556 0.558 0.463 0.534 0.450 0.115 
 225   (0.118) 0.105 0.208 0.098 0.016 0.026 0.029 0.077 0.109 0.108 0.174 0.118 0.104 0.245 
 233   (0.070) 0.071 0.005 0.094 0.031 0.057 0.110 0.022 0.074 0.073 0.024 0.070 0.028 0.112 

Locus 15 : 15 
5 alleles
0.3% missing data
 143   (0.838) 0.836 0.814 0.961 0.983 0.936 0.982 0.903 0.835 0.836 0.937 0.838 0.710 0.763 
 157   (0.009) 0.005 0.001 0.021 0.001 0.001 0.001 0.003 0.006 0.005 0.002 0.009 0.002 0.001 
 145   (0.090) 0.099 0.006 0.016 0.010 0.045 0.012 0.034 0.099 0.098 0.042 0.090 0.131 0.228 
 147   (0.045) 0.042 0.148 0.001 0.004 0.015 0.004 0.056 0.044 0.043 0.016 0.045 0.154 0.006 
 133   (0.018) 0.018 0.032 0.001 0.002 0.003 0.001 0.004 0.016 0.018 0.004 0.018 0.004 0.002 

Locus 16 : 16 
5 alleles
0.3% missing data
 156   (0.243) 0.252 0.502 0.309 0.211 0.192 0.154 0.122 0.249 0.250 0.165 0.243 0.316 0.581 
 158   (0.530) 0.529 0.200 0.503 0.309 0.731 0.632 0.452 0.530 0.531 0.630 0.530 0.504 0.217 
 160   (0.134) 0.119 0.112 0.146 0.468 0.036 0.186 0.395 0.123 0.120 0.160 0.134 0.158 0.017 
 154   (0.081) 0.093 0.185 0.041 0.012 0.020 0.028 0.028 0.092 0.093 0.024 0.081 0.020 0.184 
 152   (0.011) 0.006 0.001 0.000 0.001 0.021 0.001 0.003 0.007 0.006 0.020 0.011 0.002 0.001 

Locus 17 : 17 
5 alleles
0.0% missing data
 102   (0.217) 0.219 0.199 0.239 0.088 0.067 0.173 0.133 0.220 0.219 0.410 0.217 0.260 0.031 
  90   (0.673) 0.659 0.793 0.726 0.615 0.909 0.803 0.549 0.657 0.658 0.556 0.673 0.702 0.590 
  88   (0.069) 0.078 0.005 0.034 0.293 0.016 0.021 0.304 0.077 0.077 0.020 0.069 0.015 0.009 
 100   (0.033) 0.040 0.002 0.001 0.003 0.006 0.002 0.009 0.041 0.040 0.011 0.033 0.007 0.370 
 104   (0.008) 0.005 0.000 0.000 0.001 0.001 0.001 0.004 0.005 0.005 0.003 0.008 0.016 0.001 

Locus 18 : 18 
8 alleles
0.3% missing data
 142   (0.142) 0.149 0.009 0.415 0.785 0.032 0.379 0.125 0.149 0.148 0.069 0.142 0.165 0.018 
 146   (0.084) 0.075 0.224 0.204 0.043 0.029 0.042 0.162 0.082 0.078 0.233 0.084 0.032 0.012 
 140   (0.263) 0.272 0.179 0.082 0.042 0.158 0.338 0.422 0.268 0.271 0.218 0.264 0.276 0.321 
 127   (0.264) 0.269 0.061 0.179 0.070 0.491 0.111 0.136 0.264 0.266 0.264 0.264 0.182 0.470 
 148   (0.105) 0.094 0.214 0.046 0.038 0.064 0.069 0.108 0.095 0.094 0.151 0.105 0.058 0.014 
 128   (0.029) 0.031 0.002 0.050 0.005 0.005 0.040 0.008 0.033 0.033 0.006 0.029 0.006 0.105 
 150   (0.060) 0.057 0.308 0.002 0.006 0.208 0.005 0.018 0.059 0.058 0.034 0.060 0.183 0.008 
 138   (0.054) 0.052 0.004 0.022 0.011 0.014 0.017 0.021 0.051 0.052 0.024 0.054 0.098 0.053 

Locus 19 : 19 
6 alleles
0.0% missing data
 188   (0.205) 0.215 0.172 0.085 0.566 0.094 0.175 0.123 0.211 0.212 0.118 0.205 0.269 0.026 
 190   (0.141) 0.122 0.201 0.411 0.017 0.295 0.363 0.306 0.120 0.120 0.088 0.141 0.115 0.019 
 194   (0.568) 0.582 0.479 0.501 0.409 0.549 0.455 0.391 0.582 0.583 0.551 0.568 0.596 0.945 
 200   (0.063) 0.062 0.004 0.002 0.006 0.058 0.005 0.175 0.067 0.066 0.238 0.063 0.015 0.008 
 202   (0.015) 0.012 0.144 0.000 0.001 0.002 0.001 0.004 0.013 0.012 0.003 0.015 0.003 0.002 
 196   (0.008) 0.007 0.000 0.000 0.001 0.001 0.001 0.002 0.007 0.007 0.002 0.008 0.001 0.001 

Locus 20 : 20 
6 alleles
0.8% missing data
 252   (0.713) 0.741 0.727 0.849 0.813 0.716 0.742 0.653 0.733 0.738 0.848 0.713 0.761 0.368 
 250   (0.083) 0.068 0.140 0.089 0.012 0.024 0.092 0.075 0.072 0.070 0.032 0.083 0.189 0.335 
 244   (0.018) 0.012 0.001 0.009 0.154 0.014 0.002 0.007 0.013 0.013 0.006 0.018 0.005 0.003 
 254   (0.081) 0.070 0.083 0.036 0.010 0.130 0.009 0.138 0.074 0.071 0.076 0.081 0.019 0.114 
 246   (0.084) 0.085 0.047 0.004 0.009 0.113 0.153 0.122 0.084 0.084 0.030 0.084 0.018 0.178 
 248   (0.020) 0.024 0.001 0.012 0.002 0.004 0.002 0.005 0.024 0.025 0.008 0.020 0.007 0.003 

Locus 21 : 21 
7 alleles
0.0% missing data
 173   (0.287) 0.259 0.214 0.374 0.169 0.559 0.180 0.294 0.264 0.260 0.475 0.287 0.559 0.138 
 177   (0.303) 0.309 0.171 0.245 0.173 0.210 0.583 0.422 0.302 0.309 0.230 0.303 0.264 0.265 
 175   (0.126) 0.129 0.257 0.033 0.016 0.087 0.026 0.048 0.128 0.126 0.097 0.126 0.053 0.455 
 167   (0.177) 0.177 0.120 0.339 0.630 0.123 0.196 0.060 0.179 0.180 0.171 0.177 0.086 0.128 
 163   (0.042) 0.041 0.221 0.002 0.005 0.008 0.006 0.012 0.043 0.042 0.012 0.042 0.022 0.005 
 159   (0.022) 0.034 0.001 0.001 0.002 0.003 0.002 0.007 0.032 0.032 0.005 0.022 0.004 0.003 
 165   (0.043) 0.050 0.016 0.005 0.005 0.008 0.007 0.156 0.052 0.051 0.011 0.043 0.012 0.006 

Locus 22 : 22 
11 alleles
1.1% missing data
 146   (0.238) 0.228 0.137 0.226 0.829 0.204 0.233 0.236 0.234 0.232 0.356 0.238 0.306 0.084 
 154   (0.012) 0.007 0.001 0.055 0.001 0.002 0.050 0.003 0.008 0.007 0.003 0.012 0.002 0.001 
 166   (0.094) 0.102 0.006 0.023 0.010 0.021 0.187 0.173 0.098 0.100 0.034 0.094 0.028 0.117 
 152   (0.452) 0.430 0.370 0.650 0.136 0.674 0.482 0.521 0.431 0.430 0.546 0.452 0.561 0.460 
 150   (0.031) 0.035 0.002 0.008 0.004 0.008 0.005 0.010 0.037 0.038 0.017 0.031 0.011 0.115 
 164   (0.024) 0.023 0.002 0.014 0.003 0.004 0.031 0.006 0.021 0.022 0.006 0.024 0.006 0.004 
 158   (0.071) 0.093 0.105 0.020 0.009 0.014 0.006 0.025 0.091 0.092 0.017 0.071 0.051 0.010 
 162   (0.041) 0.056 0.070 0.001 0.004 0.009 0.003 0.018 0.051 0.052 0.012 0.041 0.013 0.005 
 142   (0.014) 0.011 0.001 0.000 0.001 0.052 0.001 0.004 0.013 0.013 0.003 0.014 0.003 0.002 
 156   (0.012) 0.007 0.306 0.000 0.001 0.009 0.001 0.003 0.008 0.007 0.003 0.012 0.018 0.001 
 148   (0.011) 0.008 0.001 0.000 0.001 0.002 0.001 0.002 0.008 0.007 0.002 0.011 0.002 0.201 

Locus 23 : 23 
7 alleles
0.6% missing data
 152   (0.017) 0.010 0.001 0.058 0.002 0.003 0.091 0.004 0.011 0.010 0.005 0.017 0.005 0.002 
 156   (0.123) 0.152 0.033 0.034 0.012 0.039 0.078 0.094 0.142 0.150 0.054 0.123 0.033 0.018 
 144   (0.158) 0.140 0.638 0.176 0.023 0.411 0.184 0.054 0.142 0.140 0.202 0.158 0.116 0.562 
 160   (0.109) 0.091 0.104 0.198 0.013 0.035 0.216 0.173 0.091 0.091 0.113 0.109 0.219 0.015 
 154   (0.561) 0.575 0.221 0.530 0.931 0.508 0.428 0.525 0.584 0.580 0.619 0.561 0.621 0.398 
 158   (0.022) 0.021 0.001 0.003 0.018 0.003 0.002 0.148 0.021 0.020 0.005 0.022 0.005 0.003 
 146   (0.011) 0.010 0.001 0.000 0.001 0.002 0.001 0.002 0.009 0.009 0.002 0.011 0.002 0.002 

Locus 24 : 24 
4 alleles
0.3% missing data
  77   (0.093) 0.078 0.049 0.332 0.051 0.052 0.100 0.038 0.078 0.077 0.165 0.093 0.067 0.013 
  83   (0.455) 0.446 0.920 0.498 0.240 0.433 0.564 0.453 0.449 0.450 0.328 0.455 0.464 0.713 
  81   (0.373) 0.398 0.025 0.159 0.697 0.413 0.282 0.484 0.396 0.397 0.427 0.374 0.317 0.264 
  85   (0.079) 0.078 0.005 0.012 0.012 0.102 0.055 0.025 0.077 0.076 0.079 0.079 0.153 0.011 

Locus 25 : 25 
6 alleles
0.3% missing data
 132   (0.345) 0.341 0.448 0.512 0.916 0.400 0.272 0.290 0.344 0.341 0.254 0.345 0.398 0.209 
 124   (0.518) 0.528 0.543 0.410 0.064 0.458 0.677 0.645 0.522 0.528 0.583 0.518 0.550 0.390 
 126   (0.026) 0.020 0.002 0.057 0.003 0.004 0.040 0.007 0.019 0.019 0.006 0.026 0.006 0.003 
 122   (0.079) 0.081 0.005 0.019 0.013 0.132 0.008 0.049 0.084 0.082 0.149 0.079 0.037 0.054 
 120   (0.018) 0.017 0.001 0.001 0.002 0.003 0.001 0.004 0.017 0.017 0.004 0.018 0.003 0.342 
 136   (0.015) 0.013 0.001 0.001 0.001 0.002 0.001 0.004 0.013 0.013 0.004 0.015 0.005 0.002 

Locus 26 : 26 
7 alleles
0.0% missing data
 165   (0.226) 0.221 0.054 0.114 0.679 0.441 0.164 0.201 0.221 0.221 0.218 0.226 0.114 0.303 
 183   (0.349) 0.354 0.421 0.585 0.195 0.370 0.504 0.360 0.351 0.354 0.262 0.349 0.330 0.315 
 179   (0.087) 0.078 0.005 0.059 0.016 0.023 0.088 0.034 0.080 0.078 0.182 0.087 0.069 0.336 
 175   (0.291) 0.300 0.450 0.240 0.105 0.159 0.240 0.393 0.303 0.302 0.323 0.291 0.477 0.040 
 181   (0.032) 0.037 0.068 0.001 0.003 0.005 0.002 0.008 0.033 0.034 0.011 0.032 0.007 0.004 
 157   (0.008) 0.005 0.000 0.000 0.001 0.001 0.001 0.002 0.006 0.005 0.002 0.008 0.001 0.001 
 185   (0.008) 0.006 0.001 0.000 0.001 0.001 0.001 0.002 0.007 0.006 0.002 0.008 0.002 0.001 

Locus 27 : 27 
4 alleles
0.0% missing data
 142   (0.657) 0.655 0.742 0.722 0.341 0.855 0.615 0.655 0.655 0.657 0.640 0.657 0.772 0.352 
 148   (0.185) 0.198 0.067 0.069 0.381 0.063 0.162 0.062 0.200 0.198 0.134 0.185 0.093 0.627 
 138   (0.048) 0.037 0.003 0.195 0.266 0.043 0.213 0.015 0.040 0.038 0.013 0.048 0.012 0.006 
 150   (0.110) 0.110 0.188 0.014 0.011 0.039 0.010 0.268 0.105 0.107 0.212 0.110 0.123 0.015 

Locus 28 : 28 
6 alleles
1.1% missing data
 260   (0.397) 0.391 0.376 0.366 0.275 0.500 0.394 0.473 0.396 0.396 0.544 0.396 0.539 0.086 
 262   (0.492) 0.494 0.549 0.624 0.710 0.418 0.597 0.467 0.491 0.490 0.378 0.492 0.340 0.899 
 256   (0.071) 0.075 0.072 0.008 0.011 0.057 0.006 0.048 0.076 0.076 0.067 0.071 0.043 0.010 
 258   (0.013) 0.016 0.001 0.000 0.001 0.002 0.001 0.004 0.015 0.016 0.003 0.013 0.003 0.002 
 264   (0.019) 0.018 0.001 0.001 0.002 0.003 0.001 0.005 0.016 0.018 0.006 0.019 0.075 0.002 
 266   (0.008) 0.005 0.000 0.000 0.001 0.020 0.001 0.002 0.005 0.005 0.002 0.008 0.002 0.001 

Locus 29 : 29 
7 alleles
0.6% missing data
 146   (0.263) 0.269 0.337 0.189 0.087 0.152 0.220 0.302 0.264 0.266 0.181 0.263 0.337 0.038 
 150   (0.446) 0.455 0.290 0.693 0.162 0.635 0.539 0.269 0.455 0.456 0.603 0.446 0.419 0.154 
 140   (0.180) 0.178 0.061 0.079 0.702 0.087 0.053 0.198 0.178 0.179 0.190 0.180 0.220 0.793 
 148   (0.067) 0.061 0.309 0.035 0.045 0.060 0.170 0.170 0.062 0.060 0.016 0.067 0.015 0.009 
 152   (0.029) 0.028 0.002 0.001 0.003 0.064 0.002 0.051 0.031 0.029 0.006 0.029 0.006 0.004 
 151   (0.008) 0.005 0.000 0.002 0.001 0.001 0.015 0.002 0.005 0.005 0.002 0.008 0.002 0.001 
 142   (0.007) 0.005 0.000 0.002 0.001 0.001 0.001 0.007 0.005 0.005 0.002 0.007 0.002 0.001 

Locus 30 : 30 
6 alleles
0.3% missing data
 125   (0.288) 0.326 0.031 0.467 0.633 0.080 0.367 0.126 0.316 0.322 0.120 0.288 0.133 0.154 
 129   (0.433) 0.402 0.783 0.483 0.312 0.592 0.562 0.577 0.409 0.405 0.561 0.433 0.616 0.226 
 123   (0.155) 0.146 0.103 0.047 0.041 0.269 0.061 0.162 0.147 0.149 0.172 0.155 0.210 0.021 
 131   (0.044) 0.057 0.003 0.001 0.005 0.010 0.003 0.014 0.056 0.055 0.067 0.044 0.021 0.006 
 127   (0.068) 0.062 0.080 0.002 0.008 0.048 0.005 0.117 0.063 0.061 0.077 0.068 0.017 0.548 
 121   (0.012) 0.008 0.001 0.000 0.001 0.002 0.001 0.003 0.008 0.008 0.003 0.012 0.002 0.044 

Locus 31 : 31 
6 alleles
0.3% missing data
 159   (0.146) 0.128 0.010 0.112 0.072 0.161 0.183 0.147 0.131 0.128 0.302 0.146 0.429 0.019 
 155   (0.559) 0.595 0.713 0.704 0.562 0.620 0.762 0.405 0.591 0.593 0.334 0.559 0.353 0.585 
 157   (0.181) 0.170 0.021 0.092 0.305 0.189 0.045 0.405 0.169 0.170 0.282 0.181 0.129 0.133 
 153   (0.074) 0.075 0.005 0.088 0.055 0.022 0.007 0.030 0.075 0.076 0.072 0.074 0.081 0.103 
 151   (0.031) 0.027 0.251 0.004 0.004 0.006 0.002 0.010 0.028 0.028 0.008 0.031 0.006 0.159 
 163   (0.008) 0.006 0.001 0.001 0.001 0.002 0.001 0.002 0.006 0.006 0.002 0.008 0.002 0.001 

Locus 32 : 32 
4 alleles
1.1% missing data
  91   (0.446) 0.434 0.148 0.558 0.552 0.674 0.664 0.344 0.436 0.436 0.401 0.445 0.475 0.552 
  94   (0.067) 0.080 0.005 0.050 0.033 0.013 0.079 0.021 0.079 0.078 0.019 0.067 0.016 0.008 
  95   (0.156) 0.176 0.409 0.130 0.018 0.037 0.033 0.460 0.172 0.175 0.122 0.156 0.066 0.300 
  92   (0.331) 0.310 0.438 0.263 0.397 0.277 0.225 0.176 0.313 0.311 0.459 0.331 0.442 0.139 

Locus 33 : 33 
5 alleles
0.0% missing data
 146   (0.302) 0.317 0.313 0.065 0.065 0.343 0.077 0.157 0.315 0.317 0.310 0.303 0.394 0.588 
 150   (0.590) 0.581 0.637 0.850 0.923 0.634 0.877 0.545 0.586 0.584 0.647 0.590 0.508 0.397 
 148   (0.058) 0.047 0.047 0.083 0.006 0.012 0.041 0.217 0.048 0.047 0.026 0.058 0.024 0.008 
 154   (0.034) 0.045 0.002 0.001 0.004 0.007 0.004 0.009 0.041 0.042 0.013 0.034 0.016 0.005 
 152   (0.015) 0.009 0.001 0.000 0.001 0.005 0.001 0.072 0.010 0.009 0.004 0.015 0.057 0.002 

Locus 34 : 34 
7 alleles
0.0% missing data
 180   (0.458) 0.470 0.668 0.614 0.434 0.462 0.435 0.368 0.465 0.471 0.370 0.458 0.212 0.719 
 196   (0.116) 0.107 0.007 0.170 0.127 0.108 0.204 0.039 0.105 0.106 0.129 0.116 0.167 0.015 
 184   (0.209) 0.195 0.072 0.150 0.412 0.288 0.137 0.231 0.196 0.194 0.095 0.209 0.539 0.239 
 194   (0.015) 0.009 0.001 0.041 0.002 0.002 0.036 0.005 0.010 0.009 0.003 0.015 0.003 0.002 
 192   (0.120) 0.127 0.184 0.007 0.014 0.124 0.010 0.331 0.128 0.126 0.272 0.120 0.050 0.015 
 198   (0.071) 0.086 0.068 0.018 0.010 0.015 0.177 0.024 0.089 0.087 0.028 0.071 0.016 0.009 
 190   (0.011) 0.007 0.001 0.000 0.001 0.002 0.001 0.003 0.007 0.007 0.102 0.011 0.013 0.001 

Locus 35 : 35 
6 alleles
0.0% missing data
 110   (0.169) 0.177 0.071 0.391 0.270 0.084 0.176 0.052 0.176 0.176 0.179 0.169 0.049 0.191 
 112   (0.363) 0.369 0.058 0.495 0.069 0.356 0.703 0.511 0.367 0.369 0.322 0.363 0.479 0.049 
 106   (0.301) 0.302 0.710 0.087 0.584 0.435 0.099 0.228 0.301 0.302 0.379 0.301 0.371 0.187 
  90   (0.037) 0.027 0.002 0.018 0.062 0.007 0.009 0.170 0.028 0.027 0.020 0.037 0.008 0.440 
 108   (0.122) 0.120 0.112 0.009 0.015 0.117 0.011 0.037 0.124 0.122 0.099 0.122 0.092 0.132 
  96   (0.008) 0.004 0.046 0.000 0.001 0.001 0.001 0.002 0.005 0.005 0.002 0.008 0.001 0.001 

Locus 36 : 36 
9 alleles
0.0% missing data
 166   (0.067) 0.053 0.004 0.282 0.012 0.112 0.224 0.091 0.057 0.055 0.040 0.067 0.102 0.009 
 176   (0.092) 0.094 0.016 0.113 0.020 0.017 0.337 0.126 0.089 0.091 0.025 0.092 0.023 0.012 
 172   (0.336) 0.333 0.582 0.457 0.438 0.438 0.260 0.403 0.341 0.338 0.378 0.336 0.378 0.048 
 170   (0.280) 0.296 0.325 0.137 0.492 0.227 0.153 0.147 0.288 0.289 0.221 0.280 0.218 0.588 
 174   (0.129) 0.133 0.066 0.006 0.013 0.168 0.012 0.157 0.132 0.134 0.284 0.129 0.064 0.018 
 178   (0.037) 0.035 0.002 0.002 0.019 0.009 0.009 0.028 0.035 0.035 0.021 0.037 0.104 0.005 
 168   (0.037) 0.040 0.002 0.001 0.004 0.026 0.003 0.042 0.041 0.042 0.010 0.037 0.010 0.318 
 186   (0.015) 0.010 0.001 0.000 0.001 0.002 0.001 0.004 0.011 0.010 0.019 0.015 0.100 0.002 
 158   (0.008) 0.006 0.000 0.000 0.001 0.001 0.001 0.002 0.006 0.006 0.002 0.008 0.002 0.001 

Locus 37 : 37 
6 alleles
0.0% missing data
  89   (0.556) 0.561 0.506 0.655 0.253 0.529 0.677 0.694 0.564 0.563 0.689 0.555 0.766 0.343 
  95   (0.057) 0.045 0.004 0.081 0.045 0.157 0.042 0.016 0.047 0.046 0.050 0.057 0.041 0.007 
  85   (0.175) 0.164 0.237 0.225 0.260 0.166 0.236 0.223 0.168 0.164 0.079 0.175 0.130 0.520 
  81   (0.060) 0.074 0.004 0.010 0.008 0.042 0.005 0.019 0.065 0.069 0.061 0.061 0.015 0.010 
  83   (0.137) 0.147 0.249 0.029 0.433 0.103 0.039 0.044 0.144 0.147 0.118 0.137 0.044 0.018 
  91   (0.015) 0.010 0.001 0.000 0.001 0.004 0.001 0.004 0.012 0.011 0.003 0.015 0.003 0.101 

Locus 38 : 38 
10 alleles
0.0% missing data
 161   (0.332) 0.337 0.375 0.553 0.091 0.210 0.580 0.484 0.329 0.328 0.348 0.332 0.215 0.419 
 165   (0.225) 0.234 0.100 0.170 0.067 0.388 0.224 0.076 0.230 0.232 0.167 0.225 0.152 0.147 
 159   (0.019) 0.016 0.001 0.036 0.002 0.004 0.017 0.005 0.018 0.017 0.004 0.019 0.004 0.002 
 173   (0.252) 0.243 0.513 0.130 0.184 0.166 0.102 0.382 0.251 0.247 0.348 0.252 0.381 0.189 
 169   (0.106) 0.105 0.007 0.099 0.650 0.149 0.072 0.034 0.108 0.111 0.117 0.106 0.196 0.235 
 167   (0.018) 0.021 0.002 0.011 0.002 0.003 0.002 0.006 0.022 0.021 0.005 0.018 0.004 0.002 
 168   (0.010) 0.010 0.001 0.000 0.001 0.002 0.001 0.002 0.009 0.010 0.002 0.010 0.002 0.001 
 155   (0.018) 0.023 0.001 0.001 0.002 0.004 0.001 0.006 0.020 0.022 0.004 0.018 0.004 0.002 
 177   (0.007) 0.005 0.000 0.000 0.001 0.001 0.001 0.002 0.006 0.005 0.003 0.007 0.001 0.001 
 175   (0.011) 0.006 0.001 0.000 0.001 0.073 0.001 0.003 0.007 0.007 0.002 0.011 0.041 0.001 

Locus 39 : 39 
6 alleles
0.6% missing data
  87   (0.097) 0.084 0.129 0.173 0.014 0.033 0.139 0.037 0.085 0.083 0.148 0.097 0.036 0.628 
  89   (0.432) 0.435 0.092 0.548 0.755 0.654 0.699 0.564 0.437 0.439 0.453 0.432 0.549 0.057 
  91   (0.152) 0.171 0.186 0.151 0.189 0.041 0.025 0.086 0.168 0.170 0.129 0.152 0.056 0.176 
  81   (0.123) 0.122 0.116 0.094 0.013 0.057 0.065 0.154 0.124 0.121 0.071 0.123 0.109 0.017 
  85   (0.187) 0.184 0.478 0.032 0.028 0.214 0.072 0.157 0.182 0.181 0.197 0.187 0.249 0.121 
  83   (0.008) 0.005 0.000 0.003 0.001 0.001 0.001 0.002 0.005 0.005 0.002 0.008 0.002 0.001 

Locus 40 : 40 
4 alleles
0.3% missing data
 167   (0.763) 0.760 0.859 0.921 0.921 0.613 0.897 0.825 0.760 0.763 0.844 0.763 0.929 0.637 
 161   (0.202) 0.207 0.138 0.077 0.073 0.265 0.100 0.165 0.206 0.204 0.127 0.202 0.062 0.359 
 165   (0.027) 0.027 0.002 0.001 0.005 0.120 0.002 0.008 0.028 0.027 0.026 0.027 0.007 0.003 
 177   (0.008) 0.006 0.001 0.000 0.001 0.001 0.001 0.002 0.006 0.006 0.003 0.008 0.002 0.001 

Locus 41 : 41 
6 alleles
0.3% missing data
 228   (0.445) 0.428 0.232 0.506 0.703 0.425 0.655 0.627 0.430 0.431 0.466 0.444 0.670 0.621 
 238   (0.340) 0.363 0.115 0.328 0.070 0.331 0.271 0.218 0.356 0.358 0.322 0.340 0.270 0.094 
 224   (0.026) 0.017 0.002 0.098 0.003 0.004 0.047 0.088 0.018 0.018 0.006 0.026 0.005 0.003 
 236   (0.096) 0.086 0.395 0.066 0.215 0.040 0.018 0.035 0.090 0.086 0.090 0.096 0.024 0.270 
 232   (0.012) 0.009 0.001 0.000 0.001 0.002 0.002 0.003 0.010 0.009 0.003 0.012 0.003 0.001 
 240   (0.083) 0.097 0.256 0.003 0.009 0.197 0.006 0.028 0.096 0.098 0.113 0.083 0.028 0.010 

Locus 42 : 42 
7 alleles
0.0% missing data
 128   (0.139) 0.122 0.034 0.110 0.245 0.282 0.156 0.147 0.126 0.124 0.188 0.139 0.166 0.019 
 130   (0.534) 0.564 0.779 0.652 0.683 0.381 0.494 0.562 0.563 0.565 0.497 0.534 0.410 0.072 
 114   (0.050) 0.040 0.003 0.111 0.035 0.008 0.056 0.109 0.042 0.041 0.012 0.050 0.011 0.420 
 132   (0.110) 0.102 0.047 0.112 0.016 0.168 0.279 0.039 0.103 0.102 0.112 0.110 0.302 0.015 
 118   (0.060) 0.056 0.130 0.003 0.008 0.131 0.005 0.018 0.058 0.056 0.111 0.060 0.029 0.231 
 134   (0.098) 0.112 0.006 0.013 0.011 0.028 0.009 0.124 0.103 0.106 0.080 0.098 0.081 0.243 
 136   (0.007) 0.005 0.000 0.000 0.001 0.001 0.001 0.002 0.005 0.005 0.002 0.007 0.001 0.001 

Locus 43 : 43 
6 alleles
0.8% missing data
 102   (0.288) 0.268 0.479 0.403 0.081 0.319 0.458 0.204 0.272 0.271 0.353 0.288 0.381 0.528 
 104   (0.412) 0.440 0.411 0.208 0.099 0.498 0.138 0.546 0.436 0.439 0.542 0.412 0.420 0.058 
  92   (0.124) 0.138 0.008 0.096 0.015 0.023 0.257 0.037 0.134 0.134 0.058 0.124 0.150 0.064 
  96   (0.061) 0.057 0.004 0.066 0.715 0.030 0.040 0.022 0.057 0.057 0.019 0.061 0.019 0.108 
  98   (0.106) 0.092 0.097 0.227 0.089 0.129 0.107 0.188 0.095 0.094 0.027 0.106 0.026 0.240 
 106   (0.008) 0.005 0.001 0.001 0.001 0.001 0.001 0.003 0.006 0.006 0.002 0.008 0.003 0.001 

Locus 44 : 44 
5 alleles
0.3% missing data
 101   (0.312) 0.319 0.186 0.468 0.087 0.165 0.315 0.436 0.309 0.310 0.252 0.312 0.362 0.042 
 103   (0.306) 0.284 0.347 0.169 0.446 0.475 0.324 0.136 0.292 0.290 0.385 0.306 0.475 0.255 
  99   (0.140) 0.154 0.009 0.032 0.078 0.109 0.167 0.326 0.155 0.153 0.079 0.140 0.049 0.418 
  95   (0.233) 0.237 0.457 0.330 0.388 0.250 0.193 0.101 0.237 0.241 0.282 0.232 0.112 0.124 
  97   (0.010) 0.006 0.001 0.000 0.001 0.002 0.001 0.002 0.007 0.007 0.002 0.010 0.002 0.160 

Locus 45 : 45 
7 alleles
0.3% missing data
 177   (0.063) 0.056 0.004 0.056 0.008 0.059 0.157 0.018 0.058 0.056 0.058 0.063 0.044 0.009 
 191   (0.265) 0.295 0.101 0.188 0.046 0.129 0.123 0.376 0.284 0.292 0.330 0.265 0.185 0.255 
 181   (0.606) 0.582 0.860 0.754 0.941 0.703 0.714 0.588 0.589 0.584 0.598 0.606 0.753 0.526 
 183   (0.011) 0.010 0.001 0.000 0.001 0.004 0.001 0.003 0.010 0.010 0.002 0.011 0.002 0.002 
 179   (0.036) 0.048 0.002 0.001 0.003 0.006 0.003 0.011 0.046 0.046 0.009 0.036 0.007 0.206 
 193   (0.011) 0.006 0.001 0.000 0.001 0.099 0.001 0.003 0.007 0.007 0.002 0.011 0.008 0.001 
 189   (0.008) 0.004 0.031 0.000 0.001 0.001 0.001 0.002 0.005 0.004 0.001 0.007 0.001 0.001 

Locus 46 : 46 
6 alleles
0.8% missing data
 205   (0.468) 0.491 0.405 0.490 0.875 0.527 0.565 0.392 0.492 0.493 0.438 0.468 0.702 0.272 
 211   (0.226) 0.233 0.272 0.263 0.043 0.122 0.146 0.407 0.232 0.233 0.138 0.226 0.112 0.319 
 207   (0.149) 0.134 0.204 0.114 0.061 0.236 0.200 0.104 0.131 0.131 0.198 0.149 0.148 0.020 
 201   (0.064) 0.056 0.004 0.081 0.011 0.016 0.045 0.024 0.057 0.057 0.150 0.064 0.016 0.376 
 215   (0.082) 0.073 0.114 0.051 0.009 0.096 0.044 0.070 0.077 0.075 0.073 0.082 0.020 0.011 
 202   (0.011) 0.012 0.001 0.000 0.001 0.003 0.001 0.003 0.011 0.012 0.002 0.011 0.002 0.001 

Locus 47 : 47 
9 alleles
1.1% missing data
 144   (0.080) 0.069 0.131 0.217 0.068 0.017 0.217 0.030 0.074 0.071 0.098 0.080 0.021 0.012 
 158   (0.164) 0.185 0.083 0.119 0.035 0.033 0.291 0.102 0.177 0.177 0.198 0.164 0.081 0.024 
 168   (0.143) 0.131 0.110 0.246 0.066 0.057 0.078 0.092 0.131 0.131 0.081 0.143 0.037 0.187 
 166   (0.151) 0.127 0.385 0.309 0.470 0.369 0.194 0.054 0.131 0.129 0.069 0.151 0.165 0.061 
 142   (0.361) 0.382 0.285 0.104 0.349 0.434 0.199 0.693 0.385 0.386 0.498 0.361 0.650 0.052 
 170   (0.011) 0.011 0.001 0.002 0.001 0.002 0.001 0.004 0.011 0.011 0.003 0.011 0.002 0.002 
 162   (0.026) 0.026 0.002 0.001 0.003 0.076 0.002 0.007 0.028 0.028 0.006 0.026 0.005 0.118 
 164   (0.041) 0.051 0.003 0.001 0.005 0.008 0.012 0.012 0.044 0.049 0.034 0.041 0.031 0.005 
 156   (0.023) 0.018 0.001 0.001 0.002 0.004 0.008 0.007 0.019 0.018 0.012 0.023 0.008 0.539 

Locus 48 : 48 
7 alleles
6.1% missing data
 149   (0.356) 0.365 0.332 0.219 0.433 0.445 0.182 0.334 0.365 0.369 0.306 0.356 0.351 0.336 
 151   (0.181) 0.170 0.012 0.169 0.119 0.139 0.531 0.351 0.170 0.168 0.180 0.181 0.214 0.070 
 153   (0.227) 0.243 0.028 0.375 0.119 0.338 0.163 0.233 0.242 0.241 0.317 0.227 0.328 0.029 
 147   (0.030) 0.024 0.002 0.038 0.004 0.006 0.020 0.011 0.024 0.024 0.010 0.030 0.007 0.051 
 145   (0.184) 0.179 0.626 0.195 0.322 0.068 0.102 0.064 0.177 0.177 0.181 0.184 0.096 0.511 
 152   (0.008) 0.005 0.001 0.003 0.001 0.001 0.001 0.003 0.005 0.005 0.002 0.008 0.002 0.001 
 143   (0.015) 0.014 0.001 0.000 0.002 0.002 0.001 0.004 0.015 0.015 0.004 0.015 0.003 0.002 

Values of parameters used in structure:
DATAFILE=temp2_np.str,	OUTFILE=k13/temp2_np_k13_run2,	NUMINDS=361,	NUMLOCI=48,	MISSING=-9,	LABEL=1,	POPDATA=1,	POPFLAG=0,	PHENOTYPE=0,	EXTRACOLS=0,	MAXPOPS=13,	BURNIN=500000,	NUMREPS=750000,	USEPOPINFO=0,	INFERALPHA=1,	INFERLAMBDA=0,	POPSPECIFICLAMBDA=0,	POPALPHAS=0,	COMPUTEPROB=1,	NOADMIX=0,	ADMBURNIN=500,	UPDATEFREQ=100,	PRINTLIKES=0,	INTERMEDSAVE=0,	PRINTKLD=0,	PRINTNET=1,	PRINTLAMBDA=1,	ANCESTDIST=0,	NUMBOXES=1000,	ANCESTPINT=0.90000,	GENSBACK=2,	MIGRPRIOR=0.01000,	PRINTQHAT=0,	PRINTQSUM=1,	ALPHA=1.0000,	FREQSCORR=1,	FPRIORMEAN=0.0100,	FPRIORSD=0.0500,	ONEFST=0,	LAMBDA=1.0000,	UNIFPRIORALPHA=1,	ALPHAMAX=10.0000,	ALPHAPRIORA=1.0000,	ALPHAPRIORB=2.0000,	ALPHAPROPSD=0.0250,	STARTATPOPINFO=0,	RANDOMIZE=0,	LINKAGE=0,	METROFREQ=10,	REPORTHITRATE=0,	MARKOVPHASE=0,	PHASED=1,	PLOIDY=2,	PHASEINFO=0	LOCPRIOR=0, 	LOCPRIORINIT=1.000000, 	LOCDATA=0, 	LOCISPOP=1, 	LOCPRIORSTEP=0.100000, 	MAXLOCPRIOR=20.000000, 	SEED=444291,	
[STRAT parameters]:    NUMSIMSTATS=1000,	PHENOTYPECOL=-9,	POOLFREQ=10,	LOCUSxONLY=0,	EMERROR=0.00100,	MISSINGPHENO=-9,	