

----------------------------------------------------
STRUCTURE by Pritchard, Stephens and Donnelly (2000)
     and Falush, Stephens and Pritchard (2003)
       Code by Pritchard, Falush and Hubisz
             Version 2.3.4 (Jul 2012)
----------------------------------------------------



Command line arguments:   structure -D 588642 -K 7 -m mainparams -o k7/temp2_np_k7_run6 
Input File:    temp2_np.str

Run parameters:
   361 individuals
   48 loci
   7 populations assumed
   500000 Burn-in period
   750000 Reps
RANDOMIZE turned off


--------------------------------------------
Proportion of membership of each pre-defined
 population in each of the 7 clusters

Given    Inferred Clusters                                   Number of
 Pop       1      2      3      4      5      6      7      Individuals

  1:     0.011  0.004  0.057  0.900  0.010  0.011  0.008       63
  2:     0.018  0.006  0.012  0.929  0.009  0.017  0.010       20
  3:     0.022  0.004  0.108  0.825  0.013  0.022  0.006       19
  4:     0.007  0.004  0.664  0.307  0.007  0.007  0.004       31
  5:     0.007  0.004  0.026  0.944  0.009  0.007  0.004       20
  6:     0.126  0.017  0.153  0.549  0.016  0.124  0.015        8
  7:     0.015  0.006  0.047  0.894  0.020  0.014  0.004       17
  8:     0.005  0.003  0.004  0.004  0.004  0.005  0.974       29
  9:     0.004  0.980  0.002  0.003  0.003  0.004  0.003        8
 10:     0.407  0.007  0.019  0.012  0.111  0.423  0.021       21
 11:     0.325  0.008  0.013  0.013  0.307  0.321  0.012       30
 12:     0.097  0.004  0.022  0.017  0.746  0.100  0.014       25
 13:     0.110  0.005  0.019  0.025  0.722  0.112  0.009       32
 14:     0.420  0.014  0.012  0.022  0.083  0.421  0.028       34
 15:     0.447  0.003  0.012  0.024  0.010  0.498  0.006        4
--------------------------------------------

Allele-freq. divergence among pops (Net nucleotide distance),
computed using point estimates of P.

      1       2       3       4       5       6       7      
 1      -    0.0933  0.0316  0.0261  0.0133  0.0000  0.0524  
 2   0.0933     -    0.1268  0.1310  0.1162  0.0936  0.1276  
 3   0.0316  0.1268     -    0.0286  0.0478  0.0318  0.0854  
 4   0.0261  0.1310  0.0286     -    0.0370  0.0263  0.0750  
 5   0.0133  0.1162  0.0478  0.0370     -    0.0135  0.0676  
 6   0.0000  0.0936  0.0318  0.0263  0.0135     -    0.0526  
 7   0.0524  0.1276  0.0854  0.0750  0.0676  0.0526     -    

Average distances (expected heterozygosity) between individuals in same cluster:
cluster  1  : 0.6454 
cluster  2  : 0.5428 
cluster  3  : 0.5533 
cluster  4  : 0.5503 
cluster  5  : 0.5844 
cluster  6  : 0.6447 
cluster  7  : 0.5508 

--------------------------------------------
Estimated Ln Prob of Data   = -38645.8
Mean value of ln likelihood = -37954.4
Variance of ln likelihood   = 1382.8
Mean value of alpha         = 0.0327

Mean value of Fst_1         = 0.0119
Mean value of Fst_2         = 0.2881
Mean value of Fst_3         = 0.1460
Mean value of Fst_4         = 0.1157
Mean value of Fst_5         = 0.0640
Mean value of Fst_6         = 0.0130
Mean value of Fst_7         = 0.2027


Inferred ancestry of individuals:
        Label (%Miss) Pop:  Inferred clusters
  1     2055    (0)    1 :  0.005 0.003 0.100 0.877 0.008 0.005 0.002 
  2     2056    (0)    1 :  0.007 0.004 0.794 0.172 0.008 0.007 0.008 
  3     2057    (0)    1 :  0.013 0.003 0.014 0.949 0.008 0.012 0.002 
  4     2058    (0)    1 :  0.003 0.001 0.007 0.980 0.002 0.003 0.004 
  5     2059    (0)    1 :  0.005 0.002 0.010 0.973 0.003 0.004 0.003 
  6     2060    (0)    1 :  0.004 0.004 0.005 0.979 0.003 0.004 0.002 
  7     2061    (0)    1 :  0.010 0.017 0.003 0.948 0.006 0.009 0.005 
  8     2062    (0)    1 :  0.008 0.002 0.007 0.960 0.012 0.007 0.004 
  9     2063    (0)    1 :  0.004 0.003 0.009 0.974 0.004 0.004 0.002 
 10     2064    (0)    1 :  0.004 0.003 0.009 0.975 0.003 0.004 0.002 
 11     2065    (0)    1 :  0.002 0.001 0.006 0.986 0.002 0.002 0.002 
 12     2066    (0)    1 :  0.004 0.002 0.022 0.963 0.004 0.004 0.002 
 13     2067    (0)    1 :  0.009 0.004 0.049 0.914 0.008 0.008 0.009 
 14     2068    (0)    1 :  0.047 0.007 0.023 0.837 0.014 0.044 0.029 
 15     2069    (0)    1 :  0.003 0.002 0.007 0.981 0.003 0.003 0.002 
 16     2070    (0)    1 :  0.147 0.001 0.408 0.229 0.091 0.122 0.002 
 17     2071    (0)    1 :  0.009 0.010 0.016 0.942 0.005 0.009 0.009 
 18     2072    (0)    1 :  0.006 0.010 0.019 0.952 0.003 0.006 0.003 
 19     2073    (0)    1 :  0.024 0.012 0.005 0.912 0.014 0.025 0.009 
 20     2074    (0)    1 :  0.004 0.003 0.027 0.957 0.002 0.004 0.003 
 21     2075    (0)    1 :  0.007 0.003 0.143 0.815 0.005 0.007 0.019 
 22     2076    (0)    1 :  0.002 0.001 0.004 0.987 0.002 0.002 0.002 
 23     2077    (0)    1 :  0.011 0.006 0.006 0.943 0.014 0.011 0.009 
 24     2078    (0)    1 :  0.004 0.004 0.016 0.961 0.008 0.004 0.003 
 25     2079    (0)    1 :  0.011 0.001 0.004 0.914 0.017 0.009 0.044 
 26     2080    (0)    1 :  0.024 0.003 0.003 0.921 0.003 0.023 0.022 
 27     2081    (0)    1 :  0.004 0.002 0.006 0.976 0.004 0.004 0.003 
 28     2082    (0)    1 :  0.019 0.003 0.289 0.657 0.008 0.017 0.008 
 29     2083    (0)    1 :  0.013 0.004 0.106 0.857 0.006 0.012 0.002 
 30     2084    (0)    1 :  0.009 0.003 0.011 0.952 0.009 0.009 0.007 
 31     2085    (0)    1 :  0.008 0.002 0.085 0.880 0.014 0.008 0.003 
 32     2086    (0)    1 :  0.014 0.003 0.007 0.951 0.008 0.013 0.003 
 33     2087    (0)    1 :  0.005 0.005 0.005 0.930 0.005 0.005 0.047 
 34     2088    (0)    1 :  0.020 0.003 0.011 0.890 0.045 0.019 0.013 
 35     2089    (0)    1 :  0.002 0.001 0.008 0.981 0.002 0.002 0.002 
 36     2090    (0)    1 :  0.007 0.005 0.016 0.924 0.004 0.007 0.038 
 37     2091    (0)    1 :  0.005 0.001 0.015 0.966 0.006 0.005 0.003 
 38     2092    (0)    1 :  0.005 0.002 0.029 0.934 0.004 0.005 0.022 
 39     2093    (0)    1 :  0.003 0.001 0.009 0.980 0.003 0.003 0.002 
 40     2094    (0)    1 :  0.003 0.002 0.128 0.860 0.003 0.003 0.001 
 41     2095    (0)    1 :  0.006 0.005 0.004 0.939 0.005 0.005 0.036 
 42     2096    (0)    1 :  0.003 0.001 0.029 0.960 0.003 0.002 0.002 
 43     2097    (0)    1 :  0.004 0.002 0.006 0.981 0.003 0.003 0.002 
 44     2098    (0)    1 :  0.023 0.003 0.011 0.907 0.021 0.022 0.013 
 45     2099    (0)    1 :  0.049 0.009 0.452 0.419 0.019 0.048 0.004 
 46     2100    (0)    1 :  0.017 0.002 0.011 0.940 0.008 0.018 0.004 
 47     2101    (0)    1 :  0.005 0.003 0.007 0.969 0.006 0.004 0.005 
 48     2102    (2)    1 :  0.004 0.002 0.031 0.954 0.004 0.004 0.002 
 49     2103    (0)    1 :  0.005 0.002 0.056 0.919 0.009 0.005 0.004 
 50     2104    (0)    1 :  0.009 0.001 0.003 0.937 0.040 0.008 0.002 
 51     2105    (0)    1 :  0.006 0.006 0.021 0.929 0.028 0.006 0.004 
 52     2106    (0)    1 :  0.012 0.002 0.028 0.936 0.006 0.014 0.002 
 53     2107    (0)    1 :  0.006 0.002 0.010 0.956 0.015 0.006 0.003 
 54     2108    (0)    1 :  0.011 0.004 0.006 0.958 0.006 0.010 0.005 
 55     2109    (0)    1 :  0.010 0.005 0.309 0.653 0.010 0.010 0.002 
 56     2110    (0)    1 :  0.007 0.003 0.005 0.954 0.020 0.007 0.004 
 57     2111    (0)    1 :  0.004 0.001 0.005 0.970 0.012 0.004 0.003 
 58     2112    (0)    1 :  0.004 0.003 0.025 0.958 0.003 0.004 0.003 
 59     2583    (2)    1 :  0.005 0.006 0.073 0.900 0.004 0.005 0.008 
 60     2584    (4)    1 :  0.015 0.004 0.023 0.937 0.003 0.013 0.004 
 61     2587    (2)    1 :  0.005 0.002 0.016 0.957 0.012 0.005 0.003 
 62     2590    (2)    1 :  0.004 0.011 0.011 0.963 0.004 0.004 0.002 
 63     2591    (6)    1 :  0.009 0.001 0.017 0.939 0.013 0.009 0.012 
 64      315    (0)   10 :  0.437 0.009 0.006 0.013 0.102 0.392 0.041 
 65      565    (0)   10 :  0.482 0.003 0.009 0.008 0.005 0.464 0.029 
 66      566    (2)   10 :  0.164 0.004 0.019 0.009 0.615 0.174 0.015 
 67      567    (2)   10 :  0.451 0.002 0.007 0.020 0.005 0.511 0.004 
 68      877    (0)   10 :  0.459 0.002 0.029 0.010 0.011 0.486 0.003 
 69      878    (0)   10 :  0.452 0.011 0.004 0.005 0.005 0.517 0.006 
 70      879    (0)   10 :  0.482 0.007 0.010 0.006 0.013 0.477 0.005 
 71      880    (0)   10 :  0.449 0.002 0.007 0.005 0.007 0.523 0.005 
 72      881    (0)   10 :  0.502 0.006 0.004 0.005 0.014 0.460 0.009 
 73      882    (0)   10 :  0.438 0.029 0.007 0.005 0.005 0.506 0.010 
 74      883    (0)   10 :  0.456 0.007 0.012 0.007 0.013 0.501 0.004 
 75      884    (0)   10 :  0.284 0.002 0.025 0.026 0.376 0.286 0.003 
 76      885    (0)   10 :  0.411 0.007 0.033 0.005 0.082 0.457 0.004 
 77      886    (0)   10 :  0.400 0.011 0.004 0.008 0.021 0.416 0.140 
 78      887    (0)   10 :  0.043 0.012 0.020 0.022 0.852 0.045 0.005 
 79      888    (0)   10 :  0.400 0.005 0.156 0.031 0.006 0.393 0.009 
 80      889    (0)   10 :  0.443 0.010 0.005 0.007 0.101 0.429 0.005 
 81      890    (0)   10 :  0.469 0.006 0.004 0.005 0.015 0.486 0.015 
 82      891    (0)   10 :  0.461 0.002 0.011 0.012 0.007 0.502 0.006 
 83      892    (0)   10 :  0.460 0.007 0.012 0.008 0.010 0.497 0.005 
 84      893    (0)   10 :  0.404 0.003 0.006 0.038 0.060 0.370 0.119 
 85      341    (0)   11 :  0.483 0.004 0.005 0.004 0.006 0.486 0.012 
 86      343    (0)   11 :  0.499 0.005 0.002 0.008 0.028 0.449 0.009 
 87      914    (0)   11 :  0.008 0.002 0.005 0.013 0.962 0.007 0.004 
 88      916    (0)   11 :  0.451 0.003 0.061 0.021 0.011 0.450 0.004 
 89      924    (0)   11 :  0.113 0.002 0.007 0.004 0.740 0.115 0.019 
 90      938    (0)   11 :  0.462 0.004 0.009 0.015 0.051 0.457 0.002 
 91      939    (0)   11 :  0.014 0.001 0.004 0.011 0.946 0.015 0.009 
 92      940    (0)   11 :  0.121 0.005 0.006 0.004 0.737 0.124 0.003 
 93      941    (2)   11 :  0.100 0.009 0.007 0.004 0.762 0.089 0.029 
 94      942    (0)   11 :  0.473 0.004 0.006 0.005 0.017 0.479 0.015 
 95      943    (0)   11 :  0.458 0.002 0.053 0.016 0.060 0.408 0.003 
 96      944    (0)   11 :  0.024 0.004 0.010 0.037 0.897 0.023 0.004 
 97      945    (0)   11 :  0.006 0.002 0.004 0.003 0.976 0.006 0.002 
 98      946    (0)   11 :  0.329 0.102 0.010 0.008 0.251 0.297 0.004 
 99      947    (0)   11 :  0.442 0.002 0.005 0.006 0.042 0.461 0.042 
100      951    (0)   11 :  0.457 0.004 0.006 0.004 0.022 0.496 0.011 
101      952    (0)   11 :  0.444 0.011 0.005 0.006 0.062 0.387 0.085 
102      953    (0)   11 :  0.165 0.004 0.062 0.016 0.577 0.164 0.012 
103      954    (0)   11 :  0.163 0.010 0.003 0.010 0.634 0.169 0.009 
104      955    (0)   11 :  0.434 0.010 0.004 0.005 0.063 0.469 0.016 
105      961    (4)   11 :  0.459 0.003 0.018 0.021 0.017 0.479 0.004 
106      974    (0)   11 :  0.421 0.010 0.003 0.006 0.088 0.448 0.024 
107      975    (4)   11 :  0.441 0.002 0.014 0.019 0.080 0.441 0.002 
108      980    (0)   11 :  0.366 0.002 0.011 0.010 0.219 0.373 0.019 
109      981    (0)   11 :  0.484 0.003 0.005 0.010 0.007 0.487 0.003 
110      982    (0)   11 :  0.112 0.002 0.014 0.053 0.709 0.108 0.002 
111      984    (0)   11 :  0.498 0.011 0.012 0.021 0.024 0.430 0.004 
112      985    (0)   11 :  0.486 0.004 0.005 0.009 0.012 0.476 0.008 
113     2578    (4)   11 :  0.388 0.012 0.005 0.007 0.216 0.369 0.002 
114     2580    (2)   11 :  0.453 0.006 0.025 0.026 0.007 0.479 0.003 
115      328    (0)   12 :  0.229 0.012 0.333 0.095 0.085 0.231 0.015 
116      333    (0)   12 :  0.007 0.001 0.004 0.004 0.974 0.007 0.004 
117      918    (0)   12 :  0.010 0.008 0.003 0.008 0.889 0.010 0.072 
118      919    (0)   12 :  0.006 0.002 0.005 0.008 0.968 0.007 0.004 
119      920    (0)   12 :  0.009 0.003 0.010 0.005 0.963 0.008 0.002 
120      921    (0)   12 :  0.453 0.002 0.015 0.012 0.011 0.503 0.003 
121      922    (0)   12 :  0.007 0.001 0.014 0.020 0.948 0.007 0.003 
122      926    (0)   12 :  0.004 0.002 0.003 0.003 0.982 0.004 0.002 
123      927    (0)   12 :  0.004 0.001 0.003 0.005 0.980 0.004 0.003 
124      928    (0)   12 :  0.019 0.002 0.007 0.048 0.901 0.019 0.004 
125      929    (0)   12 :  0.043 0.007 0.018 0.033 0.848 0.048 0.002 
126      930    (0)   12 :  0.095 0.008 0.027 0.014 0.762 0.091 0.004 
127      932    (0)   12 :  0.448 0.001 0.034 0.009 0.072 0.431 0.004 
128      933    (0)   12 :  0.021 0.006 0.004 0.010 0.780 0.020 0.159 
129      949    (0)   12 :  0.487 0.002 0.011 0.006 0.013 0.477 0.004 
130      950    (0)   12 :  0.179 0.003 0.005 0.006 0.594 0.197 0.017 
131      964    (4)   12 :  0.012 0.009 0.005 0.008 0.951 0.013 0.002 
132      986    (0)   12 :  0.017 0.002 0.006 0.014 0.939 0.018 0.005 
133      987    (0)   12 :  0.049 0.002 0.026 0.031 0.840 0.045 0.008 
134     1001    (4)   12 :  0.005 0.003 0.004 0.010 0.971 0.005 0.002 
135     1002    (4)   12 :  0.006 0.006 0.003 0.009 0.962 0.005 0.010 
136     1003    (2)   12 :  0.298 0.007 0.009 0.040 0.307 0.337 0.003 
137     1004    (0)   12 :  0.006 0.003 0.003 0.003 0.974 0.006 0.005 
138     1005    (0)   12 :  0.008 0.003 0.004 0.013 0.959 0.008 0.005 
139     1010    (0)   12 :  0.003 0.001 0.004 0.006 0.978 0.003 0.004 
140      321    (0)   13 :  0.020 0.003 0.004 0.019 0.928 0.022 0.005 
141      338    (0)   13 :  0.005 0.002 0.002 0.004 0.980 0.004 0.002 
142      339    (0)   13 :  0.015 0.003 0.012 0.034 0.916 0.014 0.006 
143      363    (0)   13 :  0.461 0.007 0.003 0.004 0.028 0.493 0.005 
144      915    (0)   13 :  0.006 0.003 0.006 0.012 0.965 0.006 0.003 
145      917    (0)   13 :  0.044 0.001 0.003 0.006 0.895 0.047 0.003 
146      923    (0)   13 :  0.295 0.010 0.011 0.013 0.381 0.277 0.012 
147      925    (0)   13 :  0.005 0.003 0.011 0.006 0.966 0.005 0.006 
148      931    (0)   13 :  0.299 0.002 0.008 0.005 0.376 0.303 0.007 
149      935    (0)   13 :  0.014 0.003 0.005 0.007 0.953 0.015 0.004 
150      936    (0)   13 :  0.009 0.003 0.003 0.003 0.966 0.009 0.007 
151      937    (0)   13 :  0.007 0.001 0.005 0.003 0.975 0.007 0.002 
152      948    (0)   13 :  0.137 0.004 0.008 0.009 0.674 0.152 0.015 
153      956    (0)   13 :  0.007 0.001 0.010 0.007 0.966 0.007 0.003 
154      957    (0)   13 :  0.011 0.003 0.003 0.003 0.967 0.010 0.003 
155      967    (0)   13 :  0.011 0.003 0.003 0.004 0.965 0.011 0.003 
156      968    (2)   13 :  0.218 0.003 0.122 0.007 0.399 0.240 0.011 
157      969    (2)   13 :  0.045 0.003 0.006 0.010 0.875 0.045 0.017 
158      970    (2)   13 :  0.344 0.025 0.005 0.005 0.234 0.380 0.006 
159      971    (4)   13 :  0.011 0.002 0.006 0.012 0.954 0.012 0.003 
160      972    (0)   13 :  0.014 0.014 0.008 0.004 0.944 0.012 0.006 
161      973    (0)   13 :  0.489 0.004 0.014 0.006 0.032 0.442 0.014 
162      978    (0)   13 :  0.013 0.002 0.039 0.006 0.888 0.012 0.040 
163      979    (0)   13 :  0.179 0.004 0.081 0.390 0.166 0.178 0.002 
164      988    (6)   13 :  0.453 0.002 0.007 0.012 0.024 0.500 0.003 
165      989    (0)   13 :  0.055 0.004 0.019 0.017 0.846 0.055 0.005 
166      990    (0)   13 :  0.205 0.009 0.004 0.013 0.574 0.172 0.022 
167      991    (0)   13 :  0.004 0.002 0.004 0.002 0.979 0.004 0.004 
168      992    (0)   13 :  0.012 0.013 0.020 0.006 0.935 0.011 0.003 
169     1006    (2)   13 :  0.007 0.002 0.025 0.013 0.932 0.006 0.014 
170     1017    (0)   13 :  0.116 0.003 0.119 0.105 0.540 0.103 0.014 
171     2582    (4)   13 :  0.016 0.010 0.019 0.046 0.867 0.016 0.027 
172      319    (2)   14 :  0.481 0.003 0.006 0.008 0.010 0.487 0.005 
173      335    (0)   14 :  0.510 0.010 0.004 0.009 0.015 0.441 0.011 
174      895    (0)   14 :  0.482 0.007 0.003 0.004 0.010 0.488 0.005 
175      896    (0)   14 :  0.503 0.006 0.036 0.007 0.010 0.434 0.003 
176      897    (0)   14 :  0.466 0.002 0.015 0.004 0.008 0.498 0.006 
177      898    (0)   14 :  0.335 0.002 0.008 0.006 0.271 0.371 0.007 
178      899    (0)   14 :  0.353 0.005 0.012 0.218 0.059 0.348 0.005 
179      900    (0)   14 :  0.460 0.015 0.021 0.010 0.039 0.409 0.045 
180      901    (0)   14 :  0.405 0.004 0.008 0.141 0.015 0.394 0.032 
181      902    (0)   14 :  0.487 0.011 0.005 0.007 0.025 0.463 0.003 
182      903    (0)   14 :  0.497 0.022 0.010 0.004 0.006 0.459 0.003 
183      904    (0)   14 :  0.464 0.008 0.016 0.010 0.005 0.495 0.002 
184      905    (0)   14 :  0.478 0.020 0.019 0.026 0.005 0.448 0.004 
185      906    (0)   14 :  0.452 0.005 0.005 0.004 0.008 0.519 0.007 
186      907    (0)   14 :  0.450 0.016 0.032 0.006 0.013 0.475 0.008 
187      908    (0)   14 :  0.485 0.003 0.008 0.018 0.013 0.465 0.007 
188      909    (0)   14 :  0.012 0.004 0.005 0.014 0.665 0.011 0.289 
189      910    (0)   14 :  0.444 0.003 0.008 0.005 0.013 0.479 0.049 
190      911    (0)   14 :  0.449 0.008 0.005 0.024 0.017 0.452 0.045 
191      912    (0)   14 :  0.468 0.008 0.006 0.006 0.026 0.483 0.003 
192      913    (0)   14 :  0.263 0.087 0.013 0.040 0.291 0.258 0.048 
193     2411    (0)   14 :  0.464 0.004 0.008 0.007 0.007 0.507 0.004 
194     2412    (0)   14 :  0.053 0.019 0.025 0.008 0.843 0.045 0.007 
195     2413    (0)   14 :  0.464 0.008 0.011 0.009 0.005 0.482 0.021 
196     2414    (0)   14 :  0.510 0.004 0.004 0.007 0.022 0.450 0.002 
197     2415    (2)   14 :  0.429 0.003 0.029 0.016 0.059 0.446 0.018 
198     2417    (4)   14 :  0.410 0.005 0.011 0.063 0.100 0.402 0.007 
199     2418    (4)   14 :  0.459 0.004 0.012 0.005 0.007 0.505 0.008 
200     2419    (2)   14 :  0.474 0.002 0.004 0.006 0.067 0.441 0.005 
201     2420    (0)   14 :  0.442 0.082 0.006 0.003 0.015 0.447 0.006 
202     2421    (0)   14 :  0.391 0.005 0.012 0.005 0.153 0.424 0.010 
203     2422    (2)   14 :  0.360 0.005 0.003 0.006 0.007 0.360 0.259 
204     2423    (0)   14 :  0.453 0.006 0.011 0.021 0.011 0.487 0.010 
205     2576    (0)   14 :  0.424 0.080 0.011 0.011 0.017 0.445 0.011 
206     1079    (0)   15 :  0.441 0.002 0.006 0.015 0.011 0.522 0.004 
207     1081    (0)   15 :  0.444 0.003 0.011 0.039 0.011 0.484 0.008 
208     1082    (2)   15 :  0.462 0.004 0.010 0.006 0.005 0.506 0.008 
209     1083    (0)   15 :  0.443 0.003 0.019 0.037 0.013 0.479 0.006 
210       34    (0)    2 :  0.009 0.002 0.007 0.966 0.005 0.009 0.002 
211       38    (0)    2 :  0.033 0.006 0.013 0.852 0.016 0.032 0.048 
212       41    (0)    2 :  0.003 0.001 0.004 0.983 0.003 0.003 0.002 
213       44    (0)    2 :  0.006 0.001 0.005 0.975 0.004 0.006 0.003 
214       45    (0)    2 :  0.003 0.002 0.007 0.979 0.004 0.003 0.002 
215       47    (0)    2 :  0.186 0.012 0.011 0.568 0.027 0.163 0.032 
216       50    (0)    2 :  0.035 0.011 0.067 0.843 0.004 0.037 0.004 
217      384    (0)    2 :  0.006 0.003 0.018 0.948 0.015 0.006 0.003 
218      385    (2)    2 :  0.014 0.009 0.015 0.932 0.007 0.014 0.009 
219      386    (0)    2 :  0.003 0.001 0.005 0.984 0.002 0.003 0.003 
220      387    (0)    2 :  0.006 0.002 0.009 0.965 0.006 0.005 0.007 
221      388    (0)    2 :  0.003 0.001 0.004 0.979 0.004 0.003 0.006 
222      389    (0)    2 :  0.003 0.002 0.003 0.980 0.006 0.003 0.004 
223      390    (4)    2 :  0.015 0.033 0.014 0.885 0.019 0.015 0.019 
224      391    (0)    2 :  0.006 0.003 0.007 0.952 0.020 0.006 0.007 
225      392    (0)    2 :  0.004 0.002 0.010 0.970 0.008 0.004 0.002 
226      393    (2)    2 :  0.003 0.002 0.006 0.968 0.005 0.003 0.012 
227      394    (0)    2 :  0.002 0.002 0.003 0.985 0.003 0.003 0.002 
228      395    (0)    2 :  0.016 0.013 0.008 0.929 0.009 0.016 0.010 
229      396    (0)    2 :  0.005 0.010 0.026 0.934 0.005 0.005 0.014 
230     2498    (2)    3 :  0.010 0.005 0.022 0.939 0.007 0.009 0.008 
231     2513    (2)    3 :  0.006 0.002 0.012 0.961 0.006 0.005 0.010 
232     2514    (2)    3 :  0.041 0.002 0.057 0.835 0.018 0.044 0.004 
233     2597    (4)    3 :  0.015 0.009 0.014 0.926 0.017 0.015 0.004 
234     2499    (4)    3 :  0.040 0.004 0.071 0.822 0.011 0.040 0.012 
235     2500    (0)    3 :  0.007 0.004 0.020 0.951 0.003 0.007 0.007 
236     2506    (2)    3 :  0.005 0.004 0.031 0.947 0.004 0.005 0.004 
237     2509    (6)    3 :  0.057 0.010 0.016 0.823 0.014 0.057 0.024 
238     2511    (2)    3 :  0.006 0.001 0.206 0.771 0.004 0.006 0.005 
239     2512    (2)    3 :  0.005 0.007 0.020 0.956 0.005 0.005 0.002 
240     2515    (2)    3 :  0.004 0.002 0.309 0.676 0.003 0.004 0.002 
241     2516    (2)    3 :  0.015 0.001 0.075 0.880 0.011 0.016 0.002 
242     2517    (2)    3 :  0.008 0.002 0.153 0.801 0.025 0.008 0.003 
243     2518    (2)    3 :  0.012 0.004 0.076 0.861 0.028 0.011 0.008 
244     2519    (0)    3 :  0.104 0.002 0.052 0.680 0.057 0.088 0.018 
245     2520    (2)    3 :  0.003 0.002 0.141 0.847 0.003 0.003 0.002 
246     2521    (2)    3 :  0.046 0.002 0.722 0.157 0.016 0.053 0.003 
247     2603    (4)    3 :  0.033 0.003 0.030 0.894 0.005 0.032 0.003 
248     2606    (2)    3 :  0.009 0.005 0.015 0.953 0.008 0.009 0.002 
249       87    (0)    4 :  0.007 0.007 0.948 0.011 0.011 0.008 0.007 
250       88    (0)    4 :  0.002 0.001 0.976 0.014 0.002 0.002 0.002 
251       90    (0)    4 :  0.002 0.001 0.126 0.863 0.003 0.002 0.001 
252       92    (0)    4 :  0.011 0.002 0.810 0.146 0.016 0.011 0.003 
253       96    (0)    4 :  0.012 0.002 0.080 0.863 0.009 0.013 0.021 
254       97    (0)    4 :  0.006 0.001 0.921 0.058 0.006 0.005 0.003 
255      105    (0)    4 :  0.004 0.002 0.964 0.016 0.004 0.004 0.006 
256      120    (0)    4 :  0.002 0.003 0.984 0.003 0.003 0.002 0.001 
257      123    (0)    4 :  0.003 0.001 0.112 0.872 0.005 0.003 0.003 
258      128    (0)    4 :  0.005 0.002 0.010 0.972 0.002 0.006 0.003 
259      129    (0)    4 :  0.008 0.002 0.103 0.859 0.017 0.007 0.004 
260      132    (0)    4 :  0.005 0.002 0.971 0.012 0.003 0.005 0.002 
261      504    (0)    4 :  0.005 0.001 0.524 0.453 0.009 0.004 0.003 
262      505    (0)    4 :  0.007 0.001 0.798 0.176 0.007 0.007 0.004 
263      506    (0)    4 :  0.014 0.002 0.475 0.485 0.006 0.015 0.003 
264      507    (0)    4 :  0.006 0.004 0.919 0.047 0.014 0.006 0.003 
265      508    (0)    4 :  0.011 0.021 0.936 0.010 0.007 0.012 0.003 
266      509    (0)    4 :  0.012 0.003 0.855 0.109 0.006 0.012 0.003 
267      510    (0)    4 :  0.005 0.002 0.976 0.005 0.006 0.004 0.002 
268      511    (0)    4 :  0.006 0.002 0.868 0.102 0.005 0.006 0.011 
269      512    (0)    4 :  0.004 0.002 0.749 0.232 0.005 0.004 0.004 
270      513    (0)    4 :  0.004 0.002 0.925 0.060 0.003 0.004 0.002 
271      514    (0)    4 :  0.012 0.002 0.411 0.544 0.005 0.012 0.013 
272      515    (0)    4 :  0.017 0.008 0.828 0.112 0.013 0.018 0.004 
273      558    (0)    4 :  0.008 0.006 0.774 0.181 0.020 0.007 0.004 
274      559    (0)    4 :  0.003 0.002 0.146 0.842 0.003 0.003 0.002 
275      560    (0)    4 :  0.004 0.008 0.235 0.739 0.003 0.004 0.006 
276      561    (0)    4 :  0.005 0.003 0.647 0.333 0.003 0.005 0.004 
277      562    (0)    4 :  0.011 0.003 0.912 0.056 0.006 0.011 0.002 
278      563    (0)    4 :  0.003 0.002 0.986 0.003 0.002 0.003 0.002 
279      564    (0)    4 :  0.008 0.012 0.614 0.346 0.009 0.008 0.003 
280      136    (0)    5 :  0.006 0.002 0.005 0.975 0.004 0.005 0.004 
281      138    (0)    5 :  0.005 0.003 0.014 0.964 0.006 0.005 0.003 
282      140    (0)    5 :  0.007 0.003 0.020 0.944 0.010 0.008 0.008 
283      141    (0)    5 :  0.024 0.005 0.009 0.927 0.008 0.023 0.004 
284      144    (0)    5 :  0.005 0.002 0.008 0.962 0.003 0.006 0.014 
285      146    (0)    5 :  0.005 0.003 0.080 0.901 0.002 0.005 0.004 
286      148    (0)    5 :  0.009 0.002 0.055 0.921 0.004 0.008 0.001 
287      150    (0)    5 :  0.004 0.007 0.006 0.971 0.005 0.004 0.002 
288      152    (0)    5 :  0.003 0.001 0.017 0.969 0.003 0.003 0.002 
289      666    (0)    5 :  0.004 0.002 0.008 0.973 0.007 0.004 0.002 
290      667    (0)    5 :  0.015 0.001 0.012 0.951 0.005 0.013 0.002 
291      668    (0)    5 :  0.008 0.012 0.058 0.894 0.018 0.007 0.003 
292      669    (0)    5 :  0.003 0.003 0.017 0.966 0.006 0.003 0.002 
293      670    (0)    5 :  0.017 0.013 0.050 0.840 0.060 0.017 0.003 
294      684    (0)    5 :  0.003 0.003 0.010 0.974 0.004 0.003 0.002 
295      685    (0)    5 :  0.006 0.006 0.005 0.971 0.002 0.006 0.004 
296      686    (0)    5 :  0.004 0.003 0.118 0.861 0.006 0.004 0.003 
297      687    (0)    5 :  0.004 0.001 0.005 0.977 0.004 0.004 0.004 
298      688    (2)    5 :  0.003 0.002 0.006 0.979 0.004 0.003 0.003 
299      689    (0)    5 :  0.009 0.004 0.008 0.954 0.010 0.009 0.006 
300      165    (0)    6 :  0.011 0.003 0.010 0.949 0.013 0.011 0.003 
301      167    (0)    6 :  0.107 0.076 0.021 0.658 0.026 0.109 0.003 
302      170    (0)    6 :  0.007 0.004 0.023 0.934 0.014 0.007 0.011 
303      714    (0)    6 :  0.008 0.003 0.480 0.491 0.009 0.008 0.002 
304      715    (2)    6 :  0.153 0.025 0.323 0.303 0.032 0.159 0.004 
305      716    (0)    6 :  0.007 0.003 0.007 0.965 0.009 0.007 0.003 
306      717    (2)    6 :  0.266 0.013 0.359 0.088 0.016 0.250 0.008 
307     2346    (2)    6 :  0.449 0.009 0.004 0.002 0.009 0.443 0.083 
308      718    (0)    7 :  0.010 0.013 0.022 0.933 0.007 0.010 0.005 
309      719    (0)    7 :  0.025 0.005 0.015 0.898 0.022 0.026 0.009 
310      720    (0)    7 :  0.006 0.001 0.014 0.965 0.006 0.006 0.001 
311      721    (0)    7 :  0.019 0.014 0.059 0.859 0.017 0.018 0.013 
312      722    (0)    7 :  0.006 0.003 0.066 0.906 0.010 0.006 0.002 
313      723    (0)    7 :  0.005 0.001 0.052 0.921 0.012 0.005 0.004 
314      724    (0)    7 :  0.004 0.004 0.004 0.976 0.006 0.004 0.002 
315      725    (0)    7 :  0.004 0.003 0.021 0.958 0.004 0.004 0.006 
316      726    (0)    7 :  0.041 0.003 0.009 0.897 0.007 0.041 0.003 
317      727    (0)    7 :  0.002 0.002 0.004 0.984 0.003 0.002 0.002 
318      728    (2)    7 :  0.012 0.005 0.030 0.926 0.011 0.013 0.002 
319      729    (0)    7 :  0.016 0.009 0.044 0.728 0.184 0.015 0.004 
320      730    (0)    7 :  0.071 0.023 0.013 0.802 0.019 0.069 0.003 
321      731    (0)    7 :  0.011 0.004 0.110 0.846 0.011 0.011 0.007 
322      732    (0)    7 :  0.008 0.002 0.004 0.971 0.004 0.008 0.003 
323      733    (0)    7 :  0.005 0.010 0.101 0.863 0.013 0.005 0.003 
324      734    (0)    7 :  0.002 0.002 0.227 0.758 0.005 0.003 0.002 
325      189    (0)    8 :  0.009 0.007 0.009 0.010 0.010 0.010 0.945 
326      190    (0)    8 :  0.003 0.002 0.002 0.003 0.002 0.002 0.986 
327      193    (0)    8 :  0.007 0.001 0.005 0.003 0.003 0.007 0.973 
328      761    (0)    8 :  0.002 0.001 0.003 0.002 0.003 0.002 0.986 
329      762    (0)    8 :  0.003 0.002 0.002 0.004 0.006 0.003 0.979 
330      763    (0)    8 :  0.003 0.003 0.004 0.004 0.004 0.003 0.977 
331      764    (0)    8 :  0.003 0.002 0.002 0.004 0.004 0.003 0.983 
332      765    (0)    8 :  0.005 0.001 0.004 0.004 0.003 0.005 0.978 
333      778    (0)    8 :  0.017 0.013 0.018 0.015 0.007 0.017 0.913 
334      779    (0)    8 :  0.004 0.003 0.002 0.006 0.004 0.004 0.978 
335      780    (0)    8 :  0.003 0.002 0.002 0.002 0.004 0.003 0.984 
336      781    (0)    8 :  0.003 0.015 0.005 0.003 0.003 0.003 0.969 
337      782    (0)    8 :  0.005 0.002 0.009 0.008 0.002 0.005 0.970 
338      783    (0)    8 :  0.001 0.001 0.001 0.001 0.002 0.001 0.992 
339      784    (0)    8 :  0.005 0.001 0.004 0.003 0.003 0.006 0.978 
340      785    (0)    8 :  0.004 0.004 0.002 0.003 0.005 0.004 0.978 
341      786    (0)    8 :  0.004 0.001 0.002 0.003 0.005 0.004 0.982 
342      787    (0)    8 :  0.003 0.002 0.002 0.004 0.003 0.003 0.983 
343      788    (0)    8 :  0.010 0.005 0.012 0.008 0.008 0.010 0.949 
344      789    (0)    8 :  0.012 0.002 0.003 0.005 0.003 0.013 0.962 
345      790    (0)    8 :  0.005 0.005 0.002 0.004 0.005 0.004 0.975 
346      791    (0)    8 :  0.005 0.002 0.004 0.007 0.005 0.006 0.971 
347      792    (0)    8 :  0.002 0.003 0.002 0.002 0.002 0.002 0.986 
348      793    (0)    8 :  0.005 0.002 0.003 0.006 0.004 0.005 0.974 
349      794    (0)    8 :  0.005 0.003 0.003 0.002 0.006 0.005 0.976 
350      795    (0)    8 :  0.005 0.003 0.005 0.003 0.003 0.005 0.977 
351      796    (0)    8 :  0.002 0.003 0.002 0.002 0.002 0.002 0.988 
352      797    (0)    8 :  0.002 0.002 0.002 0.002 0.003 0.002 0.986 
353      798    (0)    8 :  0.003 0.002 0.004 0.006 0.006 0.003 0.978 
354      282    (0)    9 :  0.007 0.973 0.005 0.003 0.003 0.007 0.002 
355      284    (0)    9 :  0.003 0.977 0.002 0.003 0.003 0.003 0.009 
356      287    (0)    9 :  0.005 0.978 0.002 0.003 0.004 0.005 0.003 
357      295    (0)    9 :  0.001 0.992 0.001 0.001 0.001 0.001 0.001 
358      302    (0)    9 :  0.001 0.992 0.001 0.001 0.002 0.001 0.001 
359      306    (2)    9 :  0.013 0.944 0.004 0.009 0.011 0.013 0.005 
360      308    (0)    9 :  0.002 0.990 0.002 0.002 0.001 0.002 0.001 
361      867    (0)    9 :  0.002 0.991 0.002 0.001 0.001 0.001 0.001 


Estimated Allele Frequencies in each cluster
First column gives estimated ancestral frequencies


Locus 1 : 1 
4 alleles
0.0% missing data
  89   (0.532) 0.542 0.078 0.326 0.630 0.517 0.541 0.636 
  91   (0.367) 0.371 0.720 0.546 0.315 0.424 0.372 0.312 
  93   (0.077) 0.067 0.052 0.125 0.054 0.040 0.066 0.050 
  99   (0.024) 0.020 0.150 0.002 0.001 0.019 0.020 0.001 

Locus 2 : 2 
6 alleles
1.4% missing data
 136   (0.340) 0.341 0.202 0.666 0.519 0.095 0.345 0.456 
 134   (0.250) 0.248 0.034 0.189 0.156 0.258 0.245 0.376 
 138   (0.288) 0.271 0.748 0.129 0.257 0.508 0.270 0.160 
 140   (0.070) 0.083 0.010 0.011 0.067 0.040 0.085 0.004 
 132   (0.029) 0.032 0.004 0.003 0.001 0.005 0.032 0.002 
 142   (0.023) 0.024 0.003 0.002 0.001 0.094 0.024 0.001 

Locus 3 : 3 
6 alleles
0.0% missing data
 181   (0.250) 0.232 0.196 0.112 0.230 0.323 0.229 0.075 
 187   (0.350) 0.363 0.749 0.523 0.507 0.203 0.365 0.263 
 179   (0.230) 0.243 0.033 0.347 0.237 0.241 0.245 0.015 
 191   (0.038) 0.030 0.005 0.004 0.022 0.007 0.028 0.193 
 185   (0.077) 0.078 0.010 0.008 0.002 0.095 0.079 0.451 
 175   (0.056) 0.054 0.007 0.005 0.002 0.131 0.055 0.004 

Locus 4 : 4 
10 alleles
0.0% missing data
 253   (0.511) 0.524 0.539 0.525 0.737 0.560 0.524 0.467 
 249   (0.029) 0.022 0.004 0.041 0.070 0.003 0.022 0.002 
 271   (0.044) 0.049 0.006 0.056 0.026 0.015 0.049 0.003 
 241   (0.136) 0.118 0.206 0.300 0.030 0.160 0.118 0.150 
 257   (0.009) 0.006 0.001 0.005 0.000 0.002 0.006 0.001 
 269   (0.170) 0.163 0.231 0.064 0.134 0.224 0.162 0.104 
 247   (0.073) 0.094 0.009 0.007 0.002 0.033 0.096 0.272 
 239   (0.008) 0.007 0.001 0.001 0.000 0.001 0.006 0.001 
 245   (0.009) 0.006 0.001 0.001 0.000 0.001 0.006 0.001 
 273   (0.012) 0.011 0.001 0.001 0.000 0.001 0.011 0.001 

Locus 5 : 5 
7 alleles
0.8% missing data
 103   (0.832) 0.823 0.975 0.978 0.989 0.936 0.819 0.962 
 104   (0.069) 0.075 0.011 0.012 0.008 0.032 0.076 0.005 
 105   (0.049) 0.061 0.006 0.005 0.001 0.025 0.065 0.003 
 102   (0.020) 0.019 0.003 0.002 0.001 0.003 0.019 0.002 
 101   (0.013) 0.010 0.002 0.001 0.000 0.002 0.010 0.015 
 107   (0.009) 0.006 0.001 0.001 0.000 0.001 0.006 0.001 
  99   (0.009) 0.005 0.001 0.001 0.000 0.001 0.005 0.014 

Locus 6 : 6 
5 alleles
0.3% missing data
 141   (0.293) 0.304 0.041 0.323 0.586 0.262 0.303 0.142 
 145   (0.404) 0.413 0.388 0.143 0.195 0.538 0.416 0.264 
 135   (0.221) 0.215 0.559 0.357 0.178 0.185 0.214 0.284 
 147   (0.070) 0.057 0.011 0.176 0.041 0.013 0.055 0.309 
 137   (0.012) 0.011 0.002 0.001 0.000 0.001 0.011 0.001 

Locus 7 : 7 
8 alleles
1.1% missing data
  93   (0.228) 0.214 0.707 0.389 0.338 0.303 0.211 0.072 
 103   (0.272) 0.289 0.043 0.304 0.389 0.345 0.291 0.505 
  91   (0.069) 0.060 0.066 0.008 0.034 0.033 0.059 0.154 
  97   (0.211) 0.212 0.150 0.159 0.155 0.124 0.213 0.255 
  85   (0.044) 0.038 0.007 0.010 0.044 0.027 0.037 0.003 
  89   (0.108) 0.114 0.017 0.124 0.038 0.124 0.113 0.007 
  83   (0.056) 0.061 0.008 0.005 0.002 0.042 0.063 0.004 
 105   (0.012) 0.012 0.002 0.001 0.000 0.002 0.012 0.001 

Locus 8 : 8 
8 alleles
0.0% missing data
 129   (0.525) 0.521 0.160 0.476 0.699 0.706 0.519 0.638 
 141   (0.066) 0.057 0.009 0.132 0.091 0.023 0.057 0.202 
 149   (0.095) 0.100 0.012 0.074 0.129 0.056 0.100 0.019 
 143   (0.259) 0.277 0.724 0.311 0.079 0.201 0.280 0.136 
 145   (0.009) 0.007 0.001 0.001 0.000 0.001 0.006 0.001 
 133   (0.019) 0.016 0.002 0.002 0.001 0.005 0.017 0.001 
 131   (0.012) 0.008 0.046 0.001 0.000 0.007 0.007 0.002 
 127   (0.016) 0.014 0.045 0.002 0.000 0.002 0.014 0.001 

Locus 9 : 9 
4 alleles
0.0% missing data
 191   (0.365) 0.360 0.268 0.608 0.561 0.300 0.359 0.539 
 195   (0.152) 0.146 0.394 0.048 0.188 0.221 0.146 0.058 
 189   (0.474) 0.488 0.337 0.343 0.248 0.477 0.489 0.402 
 193   (0.009) 0.006 0.001 0.001 0.003 0.001 0.005 0.001 

Locus 10 : 10 
7 alleles
0.0% missing data
 232   (0.253) 0.244 0.193 0.399 0.281 0.162 0.245 0.274 
 238   (0.554) 0.589 0.415 0.422 0.579 0.759 0.589 0.351 
 252   (0.108) 0.095 0.020 0.171 0.117 0.068 0.095 0.037 
 254   (0.043) 0.034 0.366 0.005 0.022 0.005 0.034 0.252 
 250   (0.012) 0.012 0.001 0.001 0.000 0.001 0.013 0.001 
 248   (0.022) 0.019 0.003 0.002 0.001 0.003 0.019 0.084 
 236   (0.009) 0.007 0.001 0.001 0.000 0.001 0.006 0.001 

Locus 11 : 11 
3 alleles
0.0% missing data
  87   (0.738) 0.753 0.964 0.571 0.637 0.824 0.754 0.539 
  89   (0.205) 0.199 0.029 0.332 0.318 0.144 0.198 0.379 
  91   (0.057) 0.048 0.007 0.097 0.045 0.032 0.047 0.083 

Locus 12 : 12 
12 alleles
0.0% missing data
 160   (0.214) 0.194 0.581 0.192 0.115 0.280 0.192 0.707 
 162   (0.242) 0.277 0.085 0.125 0.244 0.243 0.280 0.235 
 147   (0.046) 0.035 0.006 0.318 0.108 0.045 0.035 0.003 
 158   (0.237) 0.229 0.033 0.320 0.497 0.204 0.228 0.025 
 161   (0.112) 0.107 0.132 0.029 0.024 0.112 0.108 0.021 
 170   (0.051) 0.058 0.007 0.006 0.010 0.031 0.059 0.003 
 149   (0.026) 0.031 0.003 0.002 0.001 0.048 0.030 0.002 
 154   (0.019) 0.024 0.003 0.002 0.001 0.002 0.025 0.001 
 143   (0.025) 0.025 0.148 0.002 0.001 0.005 0.024 0.001 
 150   (0.009) 0.005 0.001 0.001 0.000 0.008 0.005 0.001 
 159   (0.011) 0.007 0.001 0.001 0.000 0.021 0.007 0.001 
 164   (0.009) 0.007 0.001 0.001 0.000 0.001 0.006 0.001 

Locus 13 : 13 
4 alleles
0.0% missing data
 108   (0.193) 0.178 0.315 0.158 0.179 0.105 0.176 0.200 
 115   (0.428) 0.448 0.102 0.388 0.574 0.526 0.449 0.291 
 113   (0.370) 0.367 0.582 0.453 0.247 0.368 0.368 0.509 
 109   (0.009) 0.007 0.001 0.001 0.000 0.001 0.006 0.001 

Locus 14 : 14 
5 alleles
0.3% missing data
 227   (0.150) 0.131 0.226 0.308 0.246 0.321 0.128 0.021 
 231   (0.128) 0.125 0.293 0.127 0.090 0.020 0.127 0.347 
 229   (0.526) 0.564 0.126 0.419 0.490 0.529 0.566 0.419 
 225   (0.125) 0.115 0.244 0.029 0.089 0.089 0.114 0.208 
 233   (0.070) 0.065 0.111 0.117 0.086 0.041 0.065 0.005 

Locus 15 : 15 
5 alleles
0.3% missing data
 143   (0.829) 0.832 0.763 0.973 0.964 0.872 0.832 0.816 
 157   (0.010) 0.006 0.001 0.001 0.017 0.001 0.006 0.001 
 145   (0.093) 0.097 0.227 0.019 0.017 0.065 0.097 0.006 
 147   (0.049) 0.048 0.007 0.005 0.001 0.059 0.049 0.145 
 133   (0.020) 0.017 0.002 0.002 0.001 0.002 0.017 0.032 

Locus 16 : 16 
5 alleles
0.3% missing data
 156   (0.248) 0.238 0.571 0.129 0.293 0.217 0.239 0.496 
 158   (0.522) 0.513 0.229 0.662 0.496 0.635 0.510 0.207 
 160   (0.135) 0.153 0.018 0.194 0.167 0.119 0.153 0.115 
 154   (0.085) 0.091 0.181 0.014 0.044 0.012 0.093 0.181 
 152   (0.009) 0.006 0.001 0.001 0.000 0.016 0.005 0.001 

Locus 17 : 17 
5 alleles
0.0% missing data
 102   (0.221) 0.212 0.034 0.131 0.241 0.240 0.210 0.202 
  90   (0.661) 0.639 0.597 0.830 0.711 0.734 0.639 0.790 
  88   (0.076) 0.102 0.011 0.035 0.047 0.012 0.103 0.005 
 100   (0.034) 0.041 0.357 0.003 0.001 0.006 0.043 0.002 
 104   (0.009) 0.006 0.001 0.001 0.000 0.007 0.005 0.001 

Locus 18 : 18 
8 alleles
0.3% missing data
 142   (0.141) 0.147 0.019 0.368 0.421 0.082 0.147 0.009 
 146   (0.092) 0.086 0.013 0.036 0.180 0.109 0.084 0.220 
 140   (0.262) 0.278 0.311 0.388 0.092 0.228 0.281 0.181 
 127   (0.255) 0.249 0.470 0.103 0.180 0.309 0.249 0.065 
 148   (0.102) 0.102 0.014 0.054 0.056 0.082 0.102 0.213 
 128   (0.030) 0.032 0.103 0.025 0.049 0.004 0.032 0.002 
 150   (0.059) 0.054 0.008 0.006 0.002 0.145 0.054 0.305 
 138   (0.059) 0.052 0.061 0.022 0.021 0.041 0.051 0.004 

Locus 19 : 19 
6 alleles
0.0% missing data
 188   (0.204) 0.204 0.027 0.191 0.125 0.153 0.206 0.173 
 190   (0.147) 0.137 0.020 0.333 0.379 0.169 0.134 0.202 
 194   (0.554) 0.555 0.942 0.467 0.494 0.560 0.558 0.480 
 200   (0.070) 0.084 0.009 0.007 0.002 0.115 0.082 0.004 
 202   (0.017) 0.013 0.002 0.002 0.000 0.002 0.013 0.139 
 196   (0.009) 0.007 0.001 0.001 0.000 0.001 0.007 0.001 

Locus 20 : 20 
6 alleles
0.8% missing data
 252   (0.700) 0.720 0.375 0.725 0.838 0.780 0.723 0.725 
 250   (0.086) 0.074 0.329 0.069 0.094 0.069 0.071 0.141 
 244   (0.018) 0.013 0.003 0.002 0.017 0.009 0.012 0.001 
 254   (0.082) 0.078 0.115 0.011 0.035 0.079 0.079 0.083 
 246   (0.091) 0.091 0.175 0.189 0.005 0.058 0.091 0.048 
 248   (0.023) 0.023 0.003 0.004 0.011 0.006 0.024 0.001 

Locus 21 : 21 
7 alleles
0.0% missing data
 173   (0.267) 0.246 0.141 0.153 0.360 0.553 0.244 0.214 
 177   (0.307) 0.318 0.267 0.602 0.261 0.224 0.320 0.174 
 175   (0.134) 0.120 0.445 0.034 0.034 0.080 0.119 0.252 
 167   (0.180) 0.175 0.130 0.192 0.335 0.123 0.174 0.122 
 163   (0.044) 0.044 0.006 0.006 0.003 0.010 0.044 0.217 
 159   (0.021) 0.033 0.003 0.002 0.001 0.002 0.035 0.001 
 165   (0.047) 0.063 0.008 0.012 0.007 0.007 0.064 0.020 

Locus 22 : 22 
11 alleles
1.1% missing data
 146   (0.219) 0.216 0.086 0.245 0.261 0.316 0.217 0.142 
 154   (0.011) 0.007 0.001 0.012 0.061 0.001 0.006 0.001 
 166   (0.100) 0.108 0.118 0.221 0.026 0.030 0.110 0.006 
 152   (0.448) 0.435 0.465 0.460 0.611 0.583 0.431 0.375 
 150   (0.035) 0.035 0.111 0.010 0.008 0.011 0.035 0.002 
 164   (0.027) 0.021 0.004 0.036 0.013 0.004 0.021 0.002 
 158   (0.074) 0.091 0.010 0.008 0.018 0.019 0.094 0.104 
 162   (0.044) 0.054 0.006 0.005 0.001 0.010 0.054 0.070 
 142   (0.018) 0.016 0.002 0.002 0.000 0.013 0.015 0.001 
 156   (0.013) 0.008 0.002 0.001 0.000 0.011 0.008 0.296 
 148   (0.012) 0.008 0.195 0.001 0.000 0.001 0.008 0.001 

Locus 23 : 23 
7 alleles
0.6% missing data
 152   (0.018) 0.011 0.002 0.086 0.055 0.003 0.010 0.001 
 156   (0.132) 0.143 0.019 0.087 0.037 0.036 0.147 0.038 
 144   (0.158) 0.138 0.548 0.163 0.171 0.248 0.137 0.623 
 160   (0.116) 0.106 0.016 0.265 0.169 0.107 0.103 0.106 
 154   (0.542) 0.558 0.410 0.396 0.562 0.602 0.557 0.230 
 158   (0.023) 0.035 0.003 0.002 0.006 0.003 0.036 0.001 
 146   (0.012) 0.010 0.002 0.001 0.000 0.001 0.009 0.001 

Locus 24 : 24 
4 alleles
0.3% missing data
  77   (0.087) 0.071 0.012 0.043 0.306 0.094 0.070 0.052 
  83   (0.472) 0.458 0.705 0.599 0.475 0.387 0.456 0.917 
  81   (0.362) 0.401 0.271 0.315 0.197 0.409 0.405 0.025 
  85   (0.078) 0.070 0.011 0.044 0.022 0.110 0.070 0.006 

Locus 25 : 25 
6 alleles
0.3% missing data
 132   (0.331) 0.334 0.211 0.204 0.538 0.348 0.333 0.449 
 124   (0.527) 0.535 0.391 0.752 0.388 0.536 0.537 0.542 
 126   (0.028) 0.021 0.004 0.031 0.052 0.003 0.020 0.002 
 122   (0.079) 0.078 0.060 0.010 0.021 0.109 0.079 0.005 
 120   (0.020) 0.018 0.333 0.002 0.001 0.002 0.018 0.001 
 136   (0.016) 0.014 0.002 0.002 0.000 0.002 0.013 0.001 

Locus 26 : 26 
7 alleles
0.0% missing data
 165   (0.226) 0.219 0.301 0.164 0.151 0.276 0.216 0.058 
 183   (0.348) 0.357 0.318 0.470 0.554 0.304 0.358 0.422 
 179   (0.089) 0.080 0.334 0.105 0.055 0.098 0.078 0.005 
 175   (0.284) 0.298 0.040 0.256 0.238 0.314 0.303 0.446 
 181   (0.036) 0.033 0.005 0.004 0.001 0.006 0.034 0.068 
 157   (0.009) 0.006 0.001 0.001 0.000 0.001 0.006 0.001 
 185   (0.009) 0.007 0.001 0.001 0.000 0.001 0.007 0.001 

Locus 27 : 27 
4 alleles
0.0% missing data
 142   (0.649) 0.644 0.357 0.619 0.693 0.750 0.644 0.740 
 148   (0.190) 0.195 0.621 0.161 0.097 0.086 0.196 0.071 
 138   (0.048) 0.036 0.006 0.207 0.193 0.023 0.035 0.003 
 150   (0.113) 0.124 0.016 0.013 0.017 0.141 0.125 0.186 

Locus 28 : 28 
6 alleles
1.1% missing data
 260   (0.389) 0.395 0.095 0.437 0.356 0.525 0.394 0.378 
 262   (0.497) 0.492 0.888 0.551 0.632 0.383 0.493 0.547 
 256   (0.070) 0.075 0.011 0.008 0.011 0.055 0.074 0.072 
 258   (0.015) 0.017 0.002 0.001 0.000 0.002 0.017 0.001 
 264   (0.021) 0.017 0.002 0.002 0.001 0.028 0.017 0.001 
 266   (0.009) 0.005 0.002 0.001 0.000 0.008 0.005 0.001 

Locus 29 : 29 
7 alleles
0.6% missing data
 146   (0.261) 0.269 0.039 0.262 0.179 0.215 0.269 0.336 
 150   (0.446) 0.434 0.164 0.488 0.651 0.558 0.434 0.296 
 140   (0.177) 0.177 0.781 0.046 0.123 0.172 0.176 0.062 
 148   (0.070) 0.076 0.010 0.188 0.040 0.025 0.076 0.303 
 152   (0.029) 0.032 0.004 0.003 0.001 0.027 0.033 0.002 
 151   (0.009) 0.006 0.001 0.012 0.004 0.001 0.005 0.001 
 142   (0.009) 0.006 0.001 0.001 0.002 0.001 0.005 0.001 

Locus 30 : 30 
6 alleles
0.3% missing data
 125   (0.293) 0.305 0.161 0.324 0.473 0.102 0.308 0.034 
 129   (0.419) 0.417 0.227 0.598 0.469 0.588 0.414 0.778 
 123   (0.156) 0.143 0.023 0.065 0.054 0.220 0.142 0.104 
 131   (0.048) 0.052 0.007 0.005 0.001 0.037 0.054 0.003 
 127   (0.072) 0.074 0.533 0.007 0.002 0.052 0.074 0.080 
 121   (0.013) 0.009 0.048 0.001 0.000 0.002 0.009 0.001 

Locus 31 : 31 
6 alleles
0.3% missing data
 159   (0.137) 0.132 0.018 0.142 0.133 0.287 0.131 0.009 
 155   (0.566) 0.573 0.580 0.806 0.673 0.435 0.576 0.713 
 157   (0.180) 0.191 0.139 0.040 0.111 0.209 0.190 0.025 
 153   (0.074) 0.071 0.106 0.008 0.077 0.061 0.071 0.005 
 151   (0.035) 0.028 0.157 0.003 0.004 0.005 0.026 0.247 
 163   (0.009) 0.006 0.001 0.001 0.001 0.002 0.006 0.001 

Locus 32 : 32 
4 alleles
1.1% missing data
  91   (0.435) 0.418 0.549 0.665 0.560 0.514 0.417 0.154 
  94   (0.068) 0.078 0.009 0.076 0.051 0.011 0.079 0.005 
  95   (0.168) 0.205 0.299 0.045 0.119 0.079 0.208 0.405 
  92   (0.328) 0.300 0.143 0.215 0.270 0.396 0.296 0.436 

Locus 33 : 33 
5 alleles
0.0% missing data
 146   (0.294) 0.296 0.580 0.078 0.073 0.364 0.298 0.311 
 150   (0.587) 0.583 0.403 0.868 0.848 0.571 0.583 0.637 
 148   (0.067) 0.067 0.009 0.046 0.077 0.021 0.065 0.049 
 154   (0.037) 0.041 0.005 0.006 0.001 0.013 0.042 0.002 
 152   (0.015) 0.013 0.002 0.002 0.000 0.031 0.012 0.001 

Locus 34 : 34 
7 alleles
0.0% missing data
 180   (0.456) 0.447 0.711 0.404 0.597 0.350 0.447 0.663 
 196   (0.109) 0.096 0.014 0.176 0.177 0.136 0.095 0.007 
 184   (0.206) 0.202 0.245 0.147 0.166 0.292 0.202 0.076 
 194   (0.016) 0.010 0.002 0.046 0.034 0.002 0.009 0.001 
 192   (0.124) 0.159 0.016 0.013 0.007 0.154 0.160 0.184 
 198   (0.079) 0.079 0.010 0.214 0.019 0.020 0.080 0.068 
 190   (0.011) 0.007 0.001 0.001 0.000 0.045 0.007 0.001 

Locus 35 : 35 
6 alleles
0.0% missing data
 110   (0.167) 0.167 0.191 0.158 0.359 0.104 0.166 0.075 
 112   (0.366) 0.369 0.051 0.718 0.473 0.396 0.372 0.066 
 106   (0.292) 0.293 0.201 0.102 0.128 0.398 0.295 0.699 
  90   (0.040) 0.042 0.422 0.007 0.027 0.005 0.042 0.003 
 108   (0.126) 0.123 0.134 0.014 0.012 0.095 0.121 0.113 
  96   (0.009) 0.006 0.001 0.001 0.000 0.001 0.005 0.045 

Locus 36 : 36 
9 alleles
0.0% missing data
 166   (0.059) 0.046 0.008 0.197 0.259 0.100 0.045 0.004 
 176   (0.101) 0.100 0.014 0.334 0.119 0.013 0.101 0.018 
 172   (0.329) 0.342 0.049 0.247 0.449 0.380 0.342 0.578 
 170   (0.278) 0.273 0.587 0.174 0.162 0.227 0.275 0.322 
 174   (0.131) 0.136 0.019 0.018 0.006 0.192 0.135 0.071 
 178   (0.040) 0.041 0.006 0.024 0.003 0.035 0.041 0.003 
 168   (0.038) 0.045 0.315 0.004 0.001 0.013 0.045 0.002 
 186   (0.015) 0.011 0.002 0.001 0.000 0.039 0.010 0.001 
 158   (0.009) 0.007 0.001 0.001 0.000 0.001 0.006 0.001 

Locus 37 : 37 
6 alleles
0.0% missing data
  89   (0.549) 0.564 0.349 0.675 0.633 0.660 0.566 0.509 
  95   (0.052) 0.041 0.007 0.025 0.080 0.083 0.040 0.004 
  85   (0.175) 0.172 0.514 0.238 0.225 0.118 0.170 0.236 
  81   (0.065) 0.065 0.011 0.007 0.011 0.043 0.067 0.004 
  83   (0.143) 0.145 0.020 0.054 0.051 0.093 0.146 0.245 
  91   (0.016) 0.013 0.099 0.002 0.000 0.002 0.012 0.001 

Locus 38 : 38 
10 alleles
0.0% missing data
 161   (0.335) 0.338 0.419 0.535 0.529 0.274 0.340 0.376 
 165   (0.229) 0.213 0.149 0.234 0.168 0.234 0.211 0.105 
 159   (0.021) 0.016 0.003 0.018 0.031 0.004 0.016 0.001 
 173   (0.248) 0.263 0.191 0.106 0.137 0.299 0.263 0.507 
 169   (0.097) 0.104 0.231 0.100 0.124 0.141 0.106 0.006 
 167   (0.019) 0.020 0.002 0.002 0.010 0.002 0.020 0.002 
 168   (0.012) 0.009 0.001 0.001 0.000 0.001 0.009 0.001 
 155   (0.020) 0.023 0.002 0.002 0.001 0.003 0.023 0.001 
 177   (0.009) 0.007 0.001 0.001 0.000 0.001 0.006 0.001 
 175   (0.009) 0.006 0.001 0.001 0.000 0.039 0.005 0.001 

Locus 39 : 39 
6 alleles
0.6% missing data
  87   (0.107) 0.089 0.621 0.133 0.158 0.066 0.087 0.129 
  89   (0.416) 0.429 0.057 0.658 0.583 0.565 0.430 0.099 
  91   (0.157) 0.163 0.179 0.033 0.139 0.076 0.165 0.183 
  81   (0.124) 0.128 0.018 0.088 0.082 0.078 0.127 0.116 
  85   (0.188) 0.185 0.124 0.087 0.035 0.215 0.186 0.473 
  83   (0.009) 0.005 0.001 0.001 0.003 0.001 0.005 0.001 

Locus 40 : 40 
4 alleles
0.3% missing data
 167   (0.757) 0.758 0.645 0.901 0.916 0.784 0.759 0.859 
 161   (0.209) 0.210 0.351 0.096 0.082 0.157 0.209 0.139 
 165   (0.025) 0.026 0.003 0.003 0.001 0.057 0.025 0.002 
 177   (0.009) 0.006 0.001 0.001 0.000 0.001 0.006 0.001 

Locus 41 : 41 
6 alleles
0.3% missing data
 228   (0.439) 0.441 0.610 0.652 0.532 0.513 0.439 0.240 
 238   (0.338) 0.341 0.100 0.267 0.312 0.310 0.344 0.118 
 224   (0.031) 0.029 0.004 0.050 0.083 0.004 0.028 0.002 
 236   (0.095) 0.086 0.274 0.018 0.070 0.051 0.085 0.387 
 232   (0.013) 0.010 0.002 0.005 0.000 0.002 0.009 0.001 
 240   (0.084) 0.093 0.010 0.008 0.002 0.120 0.095 0.252 

Locus 42 : 42 
7 alleles
0.0% missing data
 128   (0.130) 0.130 0.018 0.120 0.135 0.208 0.129 0.037 
 130   (0.537) 0.553 0.077 0.538 0.628 0.431 0.555 0.772 
 114   (0.052) 0.051 0.415 0.042 0.105 0.006 0.051 0.003 
 132   (0.107) 0.096 0.015 0.280 0.115 0.187 0.095 0.052 
 118   (0.063) 0.057 0.234 0.006 0.003 0.092 0.056 0.128 
 134   (0.102) 0.107 0.239 0.013 0.014 0.076 0.108 0.006 
 136   (0.009) 0.006 0.001 0.001 0.000 0.001 0.006 0.001 

Locus 43 : 43 
6 alleles
0.8% missing data
 102   (0.275) 0.257 0.517 0.441 0.387 0.343 0.256 0.474 
 104   (0.401) 0.437 0.058 0.144 0.208 0.510 0.440 0.413 
  92   (0.138) 0.131 0.067 0.276 0.093 0.065 0.132 0.009 
  96   (0.064) 0.058 0.119 0.050 0.101 0.025 0.057 0.004 
  98   (0.113) 0.109 0.236 0.089 0.211 0.056 0.108 0.099 
 106   (0.009) 0.007 0.002 0.001 0.001 0.001 0.006 0.001 

Locus 44 : 44 
5 alleles
0.3% missing data
 101   (0.316) 0.318 0.043 0.283 0.438 0.268 0.320 0.192 
 103   (0.301) 0.284 0.252 0.338 0.198 0.434 0.281 0.347 
  99   (0.142) 0.170 0.416 0.196 0.039 0.086 0.171 0.009 
  95   (0.230) 0.221 0.131 0.182 0.325 0.210 0.222 0.451 
  97   (0.011) 0.007 0.157 0.001 0.000 0.002 0.007 0.001 

Locus 45 : 45 
7 alleles
0.3% missing data
 177   (0.064) 0.053 0.009 0.162 0.056 0.056 0.053 0.004 
 191   (0.274) 0.315 0.254 0.124 0.180 0.198 0.320 0.103 
 181   (0.589) 0.564 0.531 0.707 0.762 0.700 0.560 0.858 
 183   (0.012) 0.011 0.002 0.001 0.000 0.002 0.011 0.001 
 179   (0.041) 0.045 0.202 0.004 0.001 0.005 0.045 0.003 
 193   (0.010) 0.006 0.001 0.001 0.000 0.039 0.006 0.001 
 189   (0.009) 0.005 0.001 0.001 0.000 0.001 0.005 0.030 

Locus 46 : 46 
6 alleles
0.8% missing data
 205   (0.462) 0.483 0.280 0.553 0.520 0.536 0.487 0.409 
 211   (0.232) 0.253 0.321 0.145 0.240 0.122 0.255 0.272 
 207   (0.140) 0.118 0.019 0.183 0.125 0.206 0.117 0.201 
 201   (0.071) 0.059 0.367 0.063 0.069 0.063 0.057 0.005 
 215   (0.083) 0.074 0.012 0.055 0.046 0.070 0.072 0.113 
 202   (0.012) 0.012 0.001 0.001 0.000 0.002 0.012 0.001 

Locus 47 : 47 
9 alleles
1.1% missing data
 144   (0.081) 0.067 0.013 0.134 0.227 0.046 0.066 0.130 
 158   (0.165) 0.177 0.025 0.337 0.112 0.098 0.179 0.085 
 168   (0.144) 0.131 0.189 0.078 0.219 0.048 0.130 0.110 
 166   (0.139) 0.116 0.070 0.157 0.313 0.209 0.113 0.381 
 142   (0.352) 0.406 0.053 0.258 0.124 0.532 0.410 0.287 
 170   (0.013) 0.011 0.002 0.001 0.003 0.002 0.010 0.001 
 162   (0.031) 0.027 0.119 0.003 0.001 0.029 0.026 0.002 
 164   (0.047) 0.043 0.007 0.018 0.001 0.028 0.044 0.003 
 156   (0.026) 0.021 0.522 0.013 0.001 0.007 0.020 0.002 

Locus 48 : 48 
7 alleles
6.1% missing data
 149   (0.358) 0.363 0.332 0.197 0.230 0.374 0.364 0.336 
 151   (0.189) 0.196 0.076 0.520 0.197 0.150 0.195 0.013 
 153   (0.206) 0.221 0.027 0.153 0.343 0.354 0.223 0.029 
 147   (0.032) 0.025 0.059 0.028 0.032 0.005 0.024 0.002 
 145   (0.189) 0.175 0.502 0.099 0.195 0.114 0.174 0.619 
 152   (0.009) 0.006 0.002 0.001 0.003 0.001 0.006 0.001 
 143   (0.016) 0.015 0.002 0.002 0.000 0.002 0.014 0.001 

Values of parameters used in structure:
DATAFILE=temp2_np.str,	OUTFILE=k7/temp2_np_k7_run6,	NUMINDS=361,	NUMLOCI=48,	MISSING=-9,	LABEL=1,	POPDATA=1,	POPFLAG=0,	PHENOTYPE=0,	EXTRACOLS=0,	MAXPOPS=7,	BURNIN=500000,	NUMREPS=750000,	USEPOPINFO=0,	INFERALPHA=1,	INFERLAMBDA=0,	POPSPECIFICLAMBDA=0,	POPALPHAS=0,	COMPUTEPROB=1,	NOADMIX=0,	ADMBURNIN=500,	UPDATEFREQ=100,	PRINTLIKES=0,	INTERMEDSAVE=0,	PRINTKLD=0,	PRINTNET=1,	PRINTLAMBDA=1,	ANCESTDIST=0,	NUMBOXES=1000,	ANCESTPINT=0.90000,	GENSBACK=2,	MIGRPRIOR=0.01000,	PRINTQHAT=0,	PRINTQSUM=1,	ALPHA=1.0000,	FREQSCORR=1,	FPRIORMEAN=0.0100,	FPRIORSD=0.0500,	ONEFST=0,	LAMBDA=1.0000,	UNIFPRIORALPHA=1,	ALPHAMAX=10.0000,	ALPHAPRIORA=1.0000,	ALPHAPRIORB=2.0000,	ALPHAPROPSD=0.0250,	STARTATPOPINFO=0,	RANDOMIZE=0,	LINKAGE=0,	METROFREQ=10,	REPORTHITRATE=0,	MARKOVPHASE=0,	PHASED=1,	PLOIDY=2,	PHASEINFO=0	LOCPRIOR=0, 	LOCPRIORINIT=1.000000, 	LOCDATA=0, 	LOCISPOP=1, 	LOCPRIORSTEP=0.100000, 	MAXLOCPRIOR=20.000000, 	SEED=588642,	
[STRAT parameters]:    NUMSIMSTATS=1000,	PHENOTYPECOL=-9,	POOLFREQ=10,	LOCUSxONLY=0,	EMERROR=0.00100,	MISSINGPHENO=-9,	