

----------------------------------------------------
STRUCTURE by Pritchard, Stephens and Donnelly (2000)
     and Falush, Stephens and Pritchard (2003)
       Code by Pritchard, Falush and Hubisz
             Version 2.3.4 (Jul 2012)
----------------------------------------------------



Command line arguments:   structure -D 850002 -K 4 -m mainparams -o k4/temp2_np_k4_run8 
Input File:    temp2_np.str

Run parameters:
   361 individuals
   48 loci
   4 populations assumed
   500000 Burn-in period
   750000 Reps
RANDOMIZE turned off


--------------------------------------------
Proportion of membership of each pre-defined
 population in each of the 4 clusters

Given    Inferred Clusters              Number of
 Pop       1      2      3      4      Individuals

  1:     0.009  0.969  0.011  0.011       63
  2:     0.010  0.957  0.022  0.011       20
  3:     0.007  0.962  0.018  0.014       19
  4:     0.005  0.975  0.012  0.008       31
  5:     0.004  0.980  0.007  0.009       20
  6:     0.013  0.752  0.209  0.026        8
  7:     0.004  0.962  0.014  0.020       17
  8:     0.985  0.005  0.005  0.005       29
  9:     0.008  0.002  0.987  0.003        8
 10:     0.024  0.023  0.775  0.178       21
 11:     0.013  0.020  0.552  0.414       30
 12:     0.015  0.036  0.089  0.859       25
 13:     0.009  0.039  0.126  0.826       32
 14:     0.025  0.033  0.822  0.119       34
 15:     0.008  0.058  0.900  0.034        4
--------------------------------------------

Allele-freq. divergence among pops (Net nucleotide distance),
computed using point estimates of P.

      1       2       3       4      
 1      -    0.0722  0.0497  0.0648  
 2   0.0722     -    0.0267  0.0332  
 3   0.0497  0.0267     -    0.0138  
 4   0.0648  0.0332  0.0138     -    

Average distances (expected heterozygosity) between individuals in same cluster:
cluster  1  : 0.5527 
cluster  2  : 0.5585 
cluster  3  : 0.6568 
cluster  4  : 0.5921 

--------------------------------------------
Estimated Ln Prob of Data   = -39000.2
Mean value of ln likelihood = -38701.4
Variance of ln likelihood   = 597.6
Mean value of alpha         = 0.0340

Mean value of Fst_1         = 0.2000
Mean value of Fst_2         = 0.1207
Mean value of Fst_3         = 0.0039
Mean value of Fst_4         = 0.0585


Inferred ancestry of individuals:
        Label (%Miss) Pop:  Inferred clusters
  1     2055    (0)    1 :  0.002 0.986 0.004 0.007 
  2     2056    (0)    1 :  0.007 0.982 0.006 0.006 
  3     2057    (0)    1 :  0.002 0.978 0.011 0.008 
  4     2058    (0)    1 :  0.005 0.990 0.003 0.002 
  5     2059    (0)    1 :  0.003 0.989 0.004 0.003 
  6     2060    (0)    1 :  0.002 0.990 0.005 0.003 
  7     2061    (0)    1 :  0.006 0.968 0.018 0.007 
  8     2062    (0)    1 :  0.005 0.974 0.008 0.013 
  9     2063    (0)    1 :  0.002 0.991 0.003 0.004 
 10     2064    (0)    1 :  0.002 0.992 0.003 0.003 
 11     2065    (0)    1 :  0.002 0.994 0.002 0.002 
 12     2066    (0)    1 :  0.002 0.991 0.003 0.004 
 13     2067    (0)    1 :  0.006 0.982 0.006 0.006 
 14     2068    (0)    1 :  0.041 0.891 0.053 0.015 
 15     2069    (0)    1 :  0.002 0.992 0.003 0.003 
 16     2070    (0)    1 :  0.003 0.699 0.163 0.136 
 17     2071    (0)    1 :  0.010 0.975 0.008 0.006 
 18     2072    (0)    1 :  0.004 0.988 0.006 0.002 
 19     2073    (0)    1 :  0.013 0.926 0.040 0.020 
 20     2074    (0)    1 :  0.003 0.992 0.003 0.002 
 21     2075    (0)    1 :  0.023 0.964 0.008 0.005 
 22     2076    (0)    1 :  0.002 0.993 0.002 0.003 
 23     2077    (0)    1 :  0.011 0.959 0.012 0.018 
 24     2078    (0)    1 :  0.003 0.987 0.004 0.006 
 25     2079    (0)    1 :  0.057 0.914 0.009 0.020 
 26     2080    (0)    1 :  0.042 0.909 0.043 0.005 
 27     2081    (0)    1 :  0.003 0.988 0.004 0.004 
 28     2082    (0)    1 :  0.006 0.981 0.008 0.005 
 29     2083    (0)    1 :  0.002 0.989 0.005 0.004 
 30     2084    (0)    1 :  0.007 0.976 0.008 0.009 
 31     2085    (0)    1 :  0.003 0.982 0.005 0.010 
 32     2086    (0)    1 :  0.004 0.973 0.014 0.009 
 33     2087    (0)    1 :  0.050 0.939 0.006 0.005 
 34     2088    (0)    1 :  0.016 0.916 0.017 0.051 
 35     2089    (0)    1 :  0.003 0.993 0.002 0.002 
 36     2090    (0)    1 :  0.032 0.957 0.006 0.005 
 37     2091    (0)    1 :  0.003 0.988 0.003 0.006 
 38     2092    (0)    1 :  0.017 0.975 0.004 0.004 
 39     2093    (0)    1 :  0.002 0.993 0.002 0.003 
 40     2094    (0)    1 :  0.001 0.993 0.002 0.003 
 41     2095    (0)    1 :  0.049 0.938 0.007 0.006 
 42     2096    (0)    1 :  0.002 0.992 0.002 0.003 
 43     2097    (0)    1 :  0.002 0.992 0.003 0.003 
 44     2098    (0)    1 :  0.012 0.950 0.018 0.019 
 45     2099    (0)    1 :  0.004 0.959 0.018 0.019 
 46     2100    (0)    1 :  0.004 0.974 0.012 0.010 
 47     2101    (0)    1 :  0.005 0.984 0.004 0.006 
 48     2102    (2)    1 :  0.002 0.991 0.003 0.004 
 49     2103    (0)    1 :  0.004 0.983 0.004 0.009 
 50     2104    (0)    1 :  0.002 0.935 0.007 0.056 
 51     2105    (0)    1 :  0.004 0.968 0.006 0.022 
 52     2106    (0)    1 :  0.003 0.983 0.008 0.007 
 53     2107    (0)    1 :  0.003 0.979 0.006 0.012 
 54     2108    (0)    1 :  0.005 0.977 0.011 0.007 
 55     2109    (0)    1 :  0.002 0.982 0.007 0.009 
 56     2110    (0)    1 :  0.005 0.963 0.008 0.024 
 57     2111    (0)    1 :  0.004 0.979 0.003 0.014 
 58     2112    (0)    1 :  0.004 0.989 0.004 0.003 
 59     2583    (2)    1 :  0.007 0.985 0.004 0.004 
 60     2584    (4)    1 :  0.004 0.973 0.019 0.004 
 61     2587    (2)    1 :  0.003 0.980 0.004 0.013 
 62     2590    (2)    1 :  0.002 0.989 0.005 0.004 
 63     2591    (6)    1 :  0.013 0.963 0.008 0.016 
 64      315    (0)   10 :  0.064 0.017 0.687 0.232 
 65      565    (0)   10 :  0.027 0.012 0.954 0.008 
 66      566    (2)   10 :  0.019 0.015 0.062 0.904 
 67      567    (2)   10 :  0.004 0.042 0.943 0.011 
 68      877    (0)   10 :  0.004 0.022 0.953 0.021 
 69      878    (0)   10 :  0.006 0.005 0.982 0.007 
 70      879    (0)   10 :  0.005 0.010 0.949 0.036 
 71      880    (0)   10 :  0.005 0.010 0.971 0.014 
 72      881    (0)   10 :  0.011 0.006 0.957 0.026 
 73      882    (0)   10 :  0.008 0.006 0.979 0.007 
 74      883    (0)   10 :  0.004 0.013 0.948 0.034 
 75      884    (0)   10 :  0.002 0.026 0.127 0.844 
 76      885    (0)   10 :  0.005 0.011 0.709 0.275 
 77      886    (0)   10 :  0.115 0.010 0.849 0.026 
 78      887    (0)   10 :  0.005 0.026 0.041 0.928 
 79      888    (0)   10 :  0.009 0.155 0.826 0.010 
 80      889    (0)   10 :  0.005 0.009 0.827 0.159 
 81      890    (0)   10 :  0.017 0.007 0.946 0.030 
 82      891    (0)   10 :  0.008 0.016 0.967 0.009 
 83      892    (0)   10 :  0.005 0.011 0.966 0.018 
 84      893    (0)   10 :  0.184 0.049 0.638 0.129 
 85      341    (0)   11 :  0.010 0.006 0.975 0.009 
 86      343    (0)   11 :  0.010 0.008 0.927 0.054 
 87      914    (0)   11 :  0.005 0.013 0.006 0.976 
 88      916    (0)   11 :  0.004 0.081 0.896 0.019 
 89      924    (0)   11 :  0.025 0.005 0.068 0.902 
 90      938    (0)   11 :  0.002 0.027 0.283 0.687 
 91      939    (0)   11 :  0.008 0.009 0.005 0.978 
 92      940    (0)   11 :  0.003 0.004 0.040 0.952 
 93      941    (2)   11 :  0.026 0.005 0.030 0.939 
 94      942    (0)   11 :  0.016 0.009 0.924 0.052 
 95      943    (0)   11 :  0.003 0.049 0.655 0.293 
 96      944    (0)   11 :  0.004 0.039 0.018 0.938 
 97      945    (0)   11 :  0.002 0.003 0.005 0.989 
 98      946    (0)   11 :  0.004 0.008 0.891 0.097 
 99      947    (0)   11 :  0.048 0.008 0.868 0.076 
100      951    (0)   11 :  0.011 0.006 0.941 0.042 
101      952    (0)   11 :  0.084 0.008 0.817 0.091 
102      953    (0)   11 :  0.018 0.033 0.065 0.884 
103      954    (0)   11 :  0.010 0.008 0.163 0.819 
104      955    (0)   11 :  0.017 0.005 0.849 0.130 
105      961    (4)   11 :  0.004 0.037 0.923 0.035 
106      974    (0)   11 :  0.031 0.006 0.770 0.193 
107      975    (4)   11 :  0.003 0.042 0.745 0.210 
108      980    (0)   11 :  0.022 0.012 0.269 0.697 
109      981    (0)   11 :  0.003 0.014 0.962 0.020 
110      982    (0)   11 :  0.002 0.056 0.034 0.908 
111      984    (0)   11 :  0.004 0.032 0.920 0.043 
112      985    (0)   11 :  0.009 0.011 0.957 0.023 
113     2578    (4)   11 :  0.003 0.008 0.625 0.364 
114     2580    (2)   11 :  0.004 0.051 0.933 0.012 
115      328    (0)   12 :  0.015 0.495 0.357 0.133 
116      333    (0)   12 :  0.004 0.004 0.005 0.987 
117      918    (0)   12 :  0.091 0.007 0.014 0.889 
118      919    (0)   12 :  0.004 0.009 0.006 0.982 
119      920    (0)   12 :  0.003 0.006 0.008 0.984 
120      921    (0)   12 :  0.004 0.058 0.765 0.172 
121      922    (0)   12 :  0.003 0.022 0.005 0.969 
122      926    (0)   12 :  0.002 0.003 0.003 0.992 
123      927    (0)   12 :  0.003 0.005 0.003 0.988 
124      928    (0)   12 :  0.004 0.033 0.009 0.953 
125      929    (0)   12 :  0.002 0.027 0.014 0.956 
126      930    (0)   12 :  0.005 0.017 0.033 0.945 
127      932    (0)   12 :  0.004 0.020 0.156 0.820 
128      933    (0)   12 :  0.164 0.009 0.016 0.811 
129      949    (0)   12 :  0.007 0.018 0.429 0.546 
130      950    (0)   12 :  0.017 0.005 0.037 0.940 
131      964    (4)   12 :  0.002 0.007 0.009 0.982 
132      986    (0)   12 :  0.005 0.012 0.008 0.975 
133      987    (0)   12 :  0.008 0.057 0.035 0.900 
134     1001    (4)   12 :  0.002 0.009 0.004 0.984 
135     1002    (4)   12 :  0.013 0.008 0.007 0.972 
136     1003    (2)   12 :  0.004 0.060 0.291 0.646 
137     1004    (0)   12 :  0.006 0.003 0.005 0.986 
138     1005    (0)   12 :  0.004 0.011 0.007 0.978 
139     1010    (0)   12 :  0.005 0.006 0.003 0.986 
140      321    (0)   13 :  0.005 0.016 0.015 0.965 
141      338    (0)   13 :  0.002 0.004 0.004 0.990 
142      339    (0)   13 :  0.007 0.041 0.015 0.937 
143      363    (0)   13 :  0.006 0.005 0.824 0.164 
144      915    (0)   13 :  0.003 0.012 0.005 0.980 
145      917    (0)   13 :  0.003 0.005 0.016 0.976 
146      923    (0)   13 :  0.013 0.019 0.376 0.592 
147      925    (0)   13 :  0.006 0.007 0.005 0.982 
148      931    (0)   13 :  0.013 0.006 0.172 0.810 
149      935    (0)   13 :  0.004 0.007 0.011 0.978 
150      936    (0)   13 :  0.007 0.003 0.007 0.983 
151      937    (0)   13 :  0.002 0.003 0.005 0.991 
152      948    (0)   13 :  0.016 0.011 0.124 0.849 
153      956    (0)   13 :  0.003 0.009 0.005 0.983 
154      957    (0)   13 :  0.003 0.003 0.008 0.987 
155      967    (0)   13 :  0.003 0.004 0.007 0.986 
156      968    (2)   13 :  0.009 0.015 0.087 0.888 
157      969    (2)   13 :  0.013 0.009 0.014 0.965 
158      970    (2)   13 :  0.009 0.006 0.284 0.701 
159      971    (4)   13 :  0.003 0.009 0.005 0.983 
160      972    (0)   13 :  0.006 0.005 0.015 0.975 
161      973    (0)   13 :  0.015 0.011 0.900 0.074 
162      978    (0)   13 :  0.046 0.008 0.007 0.940 
163      979    (0)   13 :  0.003 0.512 0.107 0.378 
164      988    (6)   13 :  0.004 0.046 0.659 0.291 
165      989    (0)   13 :  0.005 0.018 0.019 0.959 
166      990    (0)   13 :  0.026 0.014 0.226 0.734 
167      991    (0)   13 :  0.004 0.003 0.004 0.990 
168      992    (0)   13 :  0.003 0.008 0.013 0.975 
169     1006    (2)   13 :  0.015 0.020 0.006 0.959 
170     1017    (0)   13 :  0.017 0.337 0.053 0.593 
171     2582    (4)   13 :  0.030 0.056 0.026 0.888 
172      319    (2)   14 :  0.005 0.012 0.963 0.021 
173      335    (0)   14 :  0.013 0.010 0.957 0.020 
174      895    (0)   14 :  0.006 0.004 0.977 0.013 
175      896    (0)   14 :  0.004 0.020 0.955 0.022 
176      897    (0)   14 :  0.006 0.007 0.975 0.012 
177      898    (0)   14 :  0.008 0.008 0.447 0.537 
178      899    (0)   14 :  0.008 0.332 0.537 0.123 
179      900    (0)   14 :  0.043 0.018 0.872 0.067 
180      901    (0)   14 :  0.035 0.218 0.704 0.043 
181      902    (0)   14 :  0.003 0.011 0.930 0.056 
182      903    (0)   14 :  0.003 0.006 0.983 0.008 
183      904    (0)   14 :  0.002 0.015 0.974 0.009 
184      905    (0)   14 :  0.004 0.051 0.937 0.008 
185      906    (0)   14 :  0.006 0.005 0.978 0.012 
186      907    (0)   14 :  0.008 0.008 0.970 0.014 
187      908    (0)   14 :  0.007 0.037 0.928 0.029 
188      909    (0)   14 :  0.293 0.013 0.016 0.678 
189      910    (0)   14 :  0.033 0.006 0.946 0.015 
190      911    (0)   14 :  0.035 0.033 0.901 0.030 
191      912    (0)   14 :  0.003 0.010 0.906 0.081 
192      913    (0)   14 :  0.066 0.042 0.565 0.327 
193     2411    (0)   14 :  0.004 0.011 0.973 0.013 
194     2412    (0)   14 :  0.007 0.008 0.038 0.947 
195     2413    (0)   14 :  0.018 0.013 0.963 0.006 
196     2414    (0)   14 :  0.002 0.012 0.955 0.031 
197     2415    (2)   14 :  0.020 0.034 0.784 0.161 
198     2417    (4)   14 :  0.009 0.111 0.651 0.229 
199     2418    (4)   14 :  0.009 0.008 0.974 0.008 
200     2419    (2)   14 :  0.010 0.008 0.738 0.244 
201     2420    (0)   14 :  0.006 0.003 0.980 0.011 
202     2421    (0)   14 :  0.009 0.008 0.756 0.227 
203     2422    (2)   14 :  0.162 0.006 0.821 0.010 
204     2423    (0)   14 :  0.009 0.030 0.945 0.016 
205     2576    (0)   14 :  0.009 0.012 0.965 0.014 
206     1079    (0)   15 :  0.005 0.033 0.919 0.044 
207     1081    (0)   15 :  0.010 0.086 0.865 0.038 
208     1082    (2)   15 :  0.009 0.009 0.973 0.008 
209     1083    (0)   15 :  0.009 0.103 0.841 0.046 
210       34    (0)    2 :  0.002 0.987 0.006 0.005 
211       38    (0)    2 :  0.045 0.901 0.029 0.025 
212       41    (0)    2 :  0.002 0.991 0.003 0.004 
213       44    (0)    2 :  0.003 0.986 0.006 0.005 
214       45    (0)    2 :  0.002 0.991 0.003 0.004 
215       47    (0)    2 :  0.040 0.613 0.283 0.065 
216       50    (0)    2 :  0.004 0.961 0.029 0.006 
217      384    (0)    2 :  0.003 0.975 0.006 0.016 
218      385    (2)    2 :  0.006 0.975 0.010 0.009 
219      386    (0)    2 :  0.003 0.992 0.002 0.003 
220      387    (0)    2 :  0.006 0.983 0.004 0.006 
221      388    (0)    2 :  0.006 0.987 0.003 0.004 
222      389    (0)    2 :  0.005 0.985 0.003 0.007 
223      390    (4)    2 :  0.024 0.935 0.023 0.018 
224      391    (0)    2 :  0.006 0.971 0.006 0.016 
225      392    (0)    2 :  0.002 0.986 0.003 0.009 
226      393    (2)    2 :  0.012 0.978 0.004 0.006 
227      394    (0)    2 :  0.002 0.992 0.003 0.003 
228      395    (0)    2 :  0.009 0.963 0.018 0.010 
229      396    (0)    2 :  0.011 0.979 0.005 0.005 
230     2498    (2)    3 :  0.007 0.979 0.007 0.007 
231     2513    (2)    3 :  0.010 0.981 0.004 0.006 
232     2514    (2)    3 :  0.005 0.947 0.027 0.022 
233     2597    (4)    3 :  0.003 0.972 0.010 0.015 
234     2499    (4)    3 :  0.010 0.956 0.024 0.011 
235     2500    (0)    3 :  0.007 0.984 0.007 0.003 
236     2506    (2)    3 :  0.004 0.988 0.005 0.004 
237     2509    (6)    3 :  0.032 0.906 0.044 0.019 
238     2511    (2)    3 :  0.004 0.988 0.004 0.004 
239     2512    (2)    3 :  0.002 0.989 0.005 0.004 
240     2515    (2)    3 :  0.002 0.991 0.004 0.003 
241     2516    (2)    3 :  0.002 0.977 0.009 0.012 
242     2517    (2)    3 :  0.003 0.978 0.005 0.014 
243     2518    (2)    3 :  0.008 0.961 0.009 0.022 
244     2519    (0)    3 :  0.021 0.794 0.106 0.079 
245     2520    (2)    3 :  0.002 0.993 0.003 0.003 
246     2521    (2)    3 :  0.002 0.940 0.031 0.026 
247     2603    (4)    3 :  0.003 0.968 0.023 0.006 
248     2606    (2)    3 :  0.002 0.982 0.007 0.008 
249       87    (0)    4 :  0.014 0.942 0.025 0.019 
250       88    (0)    4 :  0.003 0.991 0.003 0.003 
251       90    (0)    4 :  0.002 0.994 0.002 0.003 
252       92    (0)    4 :  0.003 0.975 0.008 0.013 
253       96    (0)    4 :  0.016 0.969 0.007 0.008 
254       97    (0)    4 :  0.002 0.989 0.004 0.004 
255      105    (0)    4 :  0.005 0.984 0.007 0.005 
256      120    (0)    4 :  0.004 0.960 0.027 0.009 
257      123    (0)    4 :  0.003 0.991 0.003 0.004 
258      128    (0)    4 :  0.003 0.989 0.005 0.003 
259      129    (0)    4 :  0.005 0.970 0.007 0.019 
260      132    (0)    4 :  0.002 0.984 0.010 0.004 
261      504    (0)    4 :  0.003 0.984 0.004 0.009 
262      505    (0)    4 :  0.003 0.987 0.005 0.005 
263      506    (0)    4 :  0.003 0.983 0.009 0.005 
264      507    (0)    4 :  0.003 0.976 0.007 0.014 
265      508    (0)    4 :  0.003 0.907 0.066 0.024 
266      509    (0)    4 :  0.002 0.965 0.023 0.009 
267      510    (0)    4 :  0.005 0.957 0.021 0.017 
268      511    (0)    4 :  0.022 0.967 0.006 0.005 
269      512    (0)    4 :  0.005 0.987 0.003 0.005 
270      513    (0)    4 :  0.002 0.991 0.004 0.003 
271      514    (0)    4 :  0.010 0.979 0.007 0.005 
272      515    (0)    4 :  0.004 0.946 0.032 0.018 
273      558    (0)    4 :  0.002 0.980 0.006 0.012 
274      559    (0)    4 :  0.002 0.994 0.002 0.002 
275      560    (0)    4 :  0.005 0.988 0.004 0.003 
276      561    (0)    4 :  0.003 0.990 0.004 0.003 
277      562    (0)    4 :  0.003 0.980 0.009 0.008 
278      563    (0)    4 :  0.007 0.951 0.035 0.006 
279      564    (0)    4 :  0.003 0.983 0.006 0.008 
280      136    (0)    5 :  0.004 0.986 0.006 0.004 
281      138    (0)    5 :  0.004 0.986 0.005 0.006 
282      140    (0)    5 :  0.008 0.974 0.006 0.012 
283      141    (0)    5 :  0.005 0.960 0.026 0.008 
284      144    (0)    5 :  0.016 0.976 0.005 0.003 
285      146    (0)    5 :  0.004 0.990 0.004 0.003 
286      148    (0)    5 :  0.001 0.989 0.005 0.004 
287      150    (0)    5 :  0.002 0.987 0.005 0.006 
288      152    (0)    5 :  0.002 0.992 0.003 0.003 
289      666    (0)    5 :  0.002 0.986 0.004 0.007 
290      667    (0)    5 :  0.002 0.978 0.012 0.007 
291      668    (0)    5 :  0.003 0.977 0.007 0.013 
292      669    (0)    5 :  0.002 0.990 0.003 0.005 
293      670    (0)    5 :  0.003 0.924 0.013 0.060 
294      684    (0)    5 :  0.002 0.991 0.003 0.004 
295      685    (0)    5 :  0.004 0.986 0.007 0.003 
296      686    (0)    5 :  0.003 0.989 0.003 0.005 
297      687    (0)    5 :  0.006 0.985 0.004 0.005 
298      688    (2)    5 :  0.003 0.990 0.003 0.004 
299      689    (0)    5 :  0.007 0.972 0.009 0.011 
300      165    (0)    6 :  0.004 0.973 0.010 0.014 
301      167    (0)    6 :  0.003 0.848 0.101 0.048 
302      170    (0)    6 :  0.010 0.972 0.005 0.013 
303      714    (0)    6 :  0.002 0.986 0.005 0.007 
304      715    (2)    6 :  0.004 0.729 0.202 0.064 
305      716    (0)    6 :  0.003 0.980 0.007 0.009 
306      717    (2)    6 :  0.009 0.530 0.421 0.041 
307     2346    (2)    6 :  0.067 0.003 0.920 0.010 
308      718    (0)    7 :  0.004 0.980 0.008 0.007 
309      719    (0)    7 :  0.010 0.952 0.018 0.020 
310      720    (0)    7 :  0.001 0.988 0.005 0.006 
311      721    (0)    7 :  0.017 0.943 0.023 0.017 
312      722    (0)    7 :  0.002 0.984 0.005 0.009 
313      723    (0)    7 :  0.004 0.982 0.003 0.011 
314      724    (0)    7 :  0.002 0.987 0.005 0.006 
315      725    (0)    7 :  0.005 0.987 0.004 0.004 
316      726    (0)    7 :  0.003 0.956 0.030 0.011 
317      727    (0)    7 :  0.002 0.992 0.003 0.003 
318      728    (2)    7 :  0.003 0.979 0.008 0.010 
319      729    (0)    7 :  0.004 0.796 0.013 0.187 
320      730    (0)    7 :  0.004 0.891 0.080 0.025 
321      731    (0)    7 :  0.006 0.975 0.009 0.010 
322      732    (0)    7 :  0.003 0.983 0.008 0.005 
323      733    (0)    7 :  0.003 0.980 0.004 0.013 
324      734    (0)    7 :  0.002 0.992 0.002 0.004 
325      189    (0)    8 :  0.965 0.013 0.010 0.013 
326      190    (0)    8 :  0.992 0.003 0.003 0.003 
327      193    (0)    8 :  0.986 0.004 0.007 0.003 
328      761    (0)    8 :  0.992 0.002 0.002 0.003 
329      762    (0)    8 :  0.987 0.004 0.003 0.006 
330      763    (0)    8 :  0.988 0.004 0.004 0.005 
331      764    (0)    8 :  0.990 0.003 0.003 0.004 
332      765    (0)    8 :  0.988 0.004 0.004 0.004 
333      778    (0)    8 :  0.943 0.022 0.025 0.010 
334      779    (0)    8 :  0.986 0.005 0.004 0.005 
335      780    (0)    8 :  0.991 0.002 0.003 0.004 
336      781    (0)    8 :  0.991 0.004 0.003 0.003 
337      782    (0)    8 :  0.982 0.010 0.005 0.002 
338      783    (0)    8 :  0.996 0.001 0.001 0.001 
339      784    (0)    8 :  0.989 0.003 0.005 0.003 
340      785    (0)    8 :  0.987 0.003 0.004 0.006 
341      786    (0)    8 :  0.989 0.003 0.003 0.005 
342      787    (0)    8 :  0.991 0.004 0.003 0.003 
343      788    (0)    8 :  0.967 0.011 0.013 0.009 
344      789    (0)    8 :  0.978 0.005 0.012 0.005 
345      790    (0)    8 :  0.986 0.004 0.005 0.006 
346      791    (0)    8 :  0.983 0.007 0.005 0.005 
347      792    (0)    8 :  0.994 0.002 0.002 0.002 
348      793    (0)    8 :  0.985 0.005 0.005 0.005 
349      794    (0)    8 :  0.986 0.003 0.005 0.006 
350      795    (0)    8 :  0.989 0.003 0.005 0.003 
351      796    (0)    8 :  0.994 0.002 0.002 0.002 
352      797    (0)    8 :  0.992 0.002 0.002 0.003 
353      798    (0)    8 :  0.986 0.006 0.003 0.005 
354      282    (0)    9 :  0.003 0.004 0.990 0.004 
355      284    (0)    9 :  0.019 0.002 0.976 0.003 
356      287    (0)    9 :  0.005 0.002 0.991 0.003 
357      295    (0)    9 :  0.013 0.002 0.983 0.002 
358      302    (0)    9 :  0.008 0.002 0.987 0.003 
359      306    (2)    9 :  0.011 0.002 0.984 0.003 
360      308    (0)    9 :  0.003 0.003 0.991 0.003 
361      867    (0)    9 :  0.002 0.002 0.994 0.002 


Estimated Allele Frequencies in each cluster
First column gives estimated ancestral frequencies


Locus 1 : 1 
4 alleles
0.0% missing data
  89   (0.512) 0.633 0.575 0.516 0.504 
  91   (0.386) 0.314 0.358 0.387 0.435 
  93   (0.071) 0.051 0.066 0.066 0.041 
  99   (0.031) 0.002 0.001 0.031 0.021 

Locus 2 : 2 
6 alleles
1.4% missing data
 136   (0.326) 0.454 0.549 0.341 0.101 
 134   (0.227) 0.371 0.159 0.220 0.266 
 138   (0.317) 0.166 0.235 0.310 0.490 
 140   (0.079) 0.005 0.057 0.079 0.043 
 132   (0.031) 0.002 0.001 0.034 0.010 
 142   (0.020) 0.001 0.000 0.016 0.090 

Locus 3 : 3 
6 alleles
0.0% missing data
 181   (0.230) 0.075 0.209 0.224 0.309 
 187   (0.388) 0.268 0.512 0.398 0.221 
 179   (0.213) 0.014 0.257 0.215 0.246 
 191   (0.038) 0.195 0.018 0.033 0.007 
 185   (0.076) 0.444 0.002 0.074 0.098 
 175   (0.056) 0.004 0.001 0.056 0.118 

Locus 4 : 4 
10 alleles
0.0% missing data
 253   (0.499) 0.468 0.702 0.504 0.567 
 249   (0.024) 0.001 0.065 0.022 0.003 
 271   (0.044) 0.003 0.031 0.043 0.020 
 241   (0.141) 0.150 0.075 0.140 0.146 
 257   (0.009) 0.001 0.001 0.007 0.002 
 269   (0.165) 0.105 0.123 0.162 0.217 
 247   (0.086) 0.270 0.002 0.094 0.041 
 239   (0.009) 0.001 0.000 0.008 0.001 
 245   (0.009) 0.001 0.000 0.008 0.001 
 273   (0.012) 0.001 0.000 0.012 0.001 

Locus 5 : 5 
7 alleles
0.8% missing data
 103   (0.820) 0.959 0.989 0.817 0.921 
 104   (0.072) 0.005 0.008 0.078 0.035 
 105   (0.055) 0.004 0.001 0.060 0.036 
 102   (0.020) 0.002 0.000 0.021 0.004 
 101   (0.014) 0.015 0.000 0.011 0.002 
 107   (0.009) 0.001 0.000 0.008 0.001 
  99   (0.009) 0.015 0.000 0.006 0.001 

Locus 6 : 6 
5 alleles
0.3% missing data
 141   (0.253) 0.140 0.542 0.245 0.296 
 145   (0.427) 0.267 0.183 0.439 0.495 
 135   (0.244) 0.285 0.211 0.245 0.193 
 147   (0.062) 0.307 0.064 0.058 0.015 
 137   (0.013) 0.001 0.000 0.013 0.001 

Locus 7 : 7 
8 alleles
1.1% missing data
  93   (0.247) 0.076 0.351 0.248 0.294 
 103   (0.264) 0.500 0.373 0.256 0.344 
  91   (0.072) 0.151 0.029 0.069 0.031 
  97   (0.205) 0.259 0.156 0.212 0.125 
  85   (0.042) 0.003 0.038 0.039 0.027 
  89   (0.099) 0.006 0.053 0.099 0.133 
  83   (0.058) 0.004 0.001 0.065 0.043 
 105   (0.013) 0.001 0.000 0.012 0.003 

Locus 8 : 8 
8 alleles
0.0% missing data
 129   (0.493) 0.633 0.659 0.487 0.665 
 141   (0.060) 0.200 0.097 0.053 0.024 
 149   (0.092) 0.020 0.120 0.090 0.062 
 143   (0.298) 0.142 0.122 0.316 0.229 
 145   (0.009) 0.001 0.000 0.008 0.001 
 133   (0.019) 0.001 0.000 0.018 0.010 
 131   (0.014) 0.002 0.000 0.011 0.007 
 127   (0.016) 0.001 0.000 0.017 0.002 

Locus 9 : 9 
4 alleles
0.0% missing data
 191   (0.351) 0.539 0.570 0.347 0.307 
 195   (0.172) 0.060 0.163 0.168 0.212 
 189   (0.467) 0.401 0.264 0.479 0.480 
 193   (0.009) 0.001 0.003 0.006 0.001 

Locus 10 : 10 
7 alleles
0.0% missing data
 232   (0.243) 0.277 0.304 0.246 0.163 
 238   (0.546) 0.354 0.549 0.547 0.758 
 252   (0.097) 0.038 0.126 0.093 0.066 
 254   (0.067) 0.250 0.019 0.071 0.007 
 250   (0.013) 0.001 0.000 0.013 0.001 
 248   (0.025) 0.080 0.001 0.023 0.003 
 236   (0.009) 0.001 0.000 0.008 0.001 

Locus 11 : 11 
3 alleles
0.0% missing data
  87   (0.754) 0.539 0.625 0.767 0.830 
  89   (0.193) 0.379 0.320 0.187 0.140 
  91   (0.053) 0.082 0.055 0.045 0.030 

Locus 12 : 12 
12 alleles
0.0% missing data
 160   (0.234) 0.703 0.131 0.233 0.265 
 162   (0.247) 0.237 0.223 0.248 0.255 
 147   (0.036) 0.002 0.148 0.029 0.044 
 158   (0.212) 0.025 0.464 0.216 0.200 
 161   (0.113) 0.022 0.024 0.117 0.105 
 170   (0.054) 0.004 0.009 0.055 0.037 
 149   (0.023) 0.001 0.000 0.020 0.056 
 154   (0.022) 0.001 0.000 0.025 0.002 
 143   (0.031) 0.002 0.001 0.036 0.008 
 150   (0.009) 0.001 0.000 0.006 0.007 
 159   (0.011) 0.001 0.000 0.007 0.019 
 164   (0.009) 0.001 0.000 0.008 0.001 

Locus 13 : 13 
4 alleles
0.0% missing data
 108   (0.198) 0.200 0.176 0.203 0.103 
 115   (0.406) 0.292 0.543 0.400 0.521 
 113   (0.386) 0.507 0.281 0.390 0.375 
 109   (0.009) 0.001 0.000 0.008 0.001 

Locus 14 : 14 
5 alleles
0.3% missing data
 227   (0.137) 0.022 0.257 0.126 0.302 
 231   (0.144) 0.341 0.097 0.154 0.023 
 229   (0.518) 0.420 0.477 0.523 0.539 
 225   (0.133) 0.211 0.077 0.130 0.095 
 233   (0.069) 0.005 0.091 0.067 0.041 

Locus 15 : 15 
5 alleles
0.3% missing data
 143   (0.814) 0.819 0.966 0.817 0.866 
 157   (0.010) 0.001 0.014 0.007 0.001 
 145   (0.104) 0.007 0.018 0.110 0.070 
 147   (0.050) 0.142 0.001 0.046 0.061 
 133   (0.022) 0.032 0.000 0.020 0.002 

Locus 16 : 16 
5 alleles
0.3% missing data
 156   (0.282) 0.496 0.264 0.284 0.211 
 158   (0.476) 0.206 0.525 0.478 0.618 
 160   (0.131) 0.115 0.171 0.124 0.139 
 154   (0.101) 0.182 0.039 0.107 0.019 
 152   (0.010) 0.001 0.000 0.006 0.014 

Locus 17 : 17 
5 alleles
0.0% missing data
 102   (0.202) 0.201 0.222 0.194 0.237 
  90   (0.643) 0.789 0.731 0.639 0.707 
  88   (0.086) 0.006 0.046 0.091 0.033 
 100   (0.059) 0.004 0.001 0.070 0.016 
 104   (0.010) 0.001 0.000 0.006 0.007 

Locus 18 : 18 
8 alleles
0.3% missing data
 142   (0.129) 0.009 0.410 0.130 0.097 
 146   (0.086) 0.221 0.153 0.076 0.106 
 140   (0.268) 0.185 0.144 0.277 0.245 
 127   (0.269) 0.067 0.170 0.279 0.291 
 148   (0.102) 0.212 0.055 0.098 0.082 
 128   (0.034) 0.002 0.046 0.035 0.004 
 150   (0.058) 0.301 0.001 0.053 0.135 
 138   (0.055) 0.004 0.021 0.053 0.040 

Locus 19 : 19 
6 alleles
0.0% missing data
 188   (0.195) 0.173 0.136 0.196 0.152 
 190   (0.124) 0.202 0.371 0.111 0.170 
 194   (0.586) 0.484 0.490 0.600 0.550 
 200   (0.067) 0.004 0.001 0.070 0.125 
 202   (0.018) 0.136 0.000 0.015 0.002 
 196   (0.009) 0.001 0.000 0.008 0.001 

Locus 20 : 20 
6 alleles
0.8% missing data
 252   (0.665) 0.723 0.818 0.676 0.778 
 250   (0.101) 0.139 0.091 0.098 0.068 
 244   (0.020) 0.001 0.014 0.015 0.008 
 254   (0.088) 0.083 0.030 0.085 0.076 
 246   (0.103) 0.052 0.035 0.104 0.065 
 248   (0.024) 0.002 0.010 0.022 0.005 

Locus 21 : 21 
7 alleles
0.0% missing data
 173   (0.242) 0.210 0.323 0.228 0.506 
 177   (0.295) 0.176 0.323 0.300 0.253 
 175   (0.156) 0.254 0.034 0.163 0.081 
 167   (0.175) 0.123 0.309 0.173 0.120 
 163   (0.047) 0.214 0.003 0.047 0.012 
 159   (0.028) 0.002 0.001 0.034 0.003 
 165   (0.056) 0.021 0.009 0.055 0.025 

Locus 22 : 22 
11 alleles
1.1% missing data
 146   (0.200) 0.143 0.258 0.194 0.305 
 154   (0.011) 0.001 0.053 0.007 0.001 
 166   (0.100) 0.007 0.060 0.109 0.045 
 152   (0.431) 0.378 0.585 0.432 0.560 
 150   (0.039) 0.003 0.009 0.039 0.017 
 164   (0.023) 0.002 0.017 0.021 0.003 
 158   (0.089) 0.103 0.016 0.093 0.028 
 162   (0.051) 0.068 0.001 0.055 0.016 
 142   (0.019) 0.001 0.000 0.017 0.013 
 156   (0.014) 0.294 0.000 0.009 0.009 
 148   (0.022) 0.001 0.000 0.025 0.002 

Locus 23 : 23 
7 alleles
0.6% missing data
 152   (0.012) 0.001 0.061 0.007 0.002 
 156   (0.133) 0.039 0.046 0.146 0.040 
 144   (0.189) 0.619 0.170 0.180 0.232 
 160   (0.099) 0.107 0.184 0.090 0.112 
 154   (0.522) 0.231 0.533 0.532 0.606 
 158   (0.032) 0.002 0.006 0.033 0.006 
 146   (0.013) 0.001 0.000 0.012 0.001 

Locus 24 : 24 
4 alleles
0.3% missing data
  77   (0.078) 0.052 0.260 0.067 0.085 
  83   (0.476) 0.917 0.495 0.473 0.410 
  81   (0.374) 0.026 0.218 0.392 0.403 
  85   (0.071) 0.005 0.026 0.068 0.102 

Locus 25 : 25 
6 alleles
0.3% missing data
 132   (0.331) 0.449 0.479 0.324 0.336 
 124   (0.508) 0.541 0.452 0.509 0.556 
 126   (0.023) 0.001 0.049 0.020 0.003 
 122   (0.083) 0.005 0.019 0.083 0.099 
 120   (0.038) 0.002 0.001 0.047 0.004 
 136   (0.017) 0.001 0.000 0.017 0.003 

Locus 26 : 26 
7 alleles
0.0% missing data
 165   (0.223) 0.060 0.153 0.226 0.267 
 183   (0.345) 0.425 0.539 0.345 0.312 
 179   (0.102) 0.006 0.065 0.103 0.093 
 175   (0.274) 0.439 0.241 0.271 0.317 
 181   (0.038) 0.068 0.001 0.039 0.009 
 157   (0.009) 0.001 0.000 0.008 0.001 
 185   (0.009) 0.001 0.000 0.008 0.001 

Locus 27 : 27 
4 alleles
0.0% missing data
 142   (0.615) 0.736 0.678 0.607 0.738 
 148   (0.226) 0.077 0.110 0.242 0.097 
 138   (0.040) 0.003 0.196 0.035 0.020 
 150   (0.119) 0.184 0.015 0.116 0.146 

Locus 28 : 28 
6 alleles
1.1% missing data
 260   (0.360) 0.375 0.367 0.353 0.514 
 262   (0.518) 0.550 0.622 0.532 0.394 
 256   (0.076) 0.072 0.010 0.074 0.057 
 258   (0.016) 0.001 0.000 0.017 0.002 
 264   (0.021) 0.001 0.000 0.018 0.027 
 266   (0.009) 0.001 0.000 0.006 0.007 

Locus 29 : 29 
7 alleles
0.6% missing data
 146   (0.246) 0.337 0.191 0.249 0.224 
 150   (0.409) 0.297 0.622 0.407 0.531 
 140   (0.223) 0.066 0.112 0.236 0.177 
 148   (0.072) 0.297 0.066 0.067 0.035 
 152   (0.029) 0.002 0.001 0.029 0.032 
 151   (0.010) 0.001 0.006 0.006 0.001 
 142   (0.009) 0.001 0.003 0.006 0.001 

Locus 30 : 30 
6 alleles
0.3% missing data
 125   (0.287) 0.034 0.451 0.306 0.108 
 129   (0.396) 0.776 0.491 0.375 0.575 
 123   (0.146) 0.102 0.054 0.139 0.208 
 131   (0.050) 0.003 0.001 0.053 0.041 
 127   (0.107) 0.083 0.002 0.115 0.067 
 121   (0.013) 0.001 0.000 0.013 0.002 

Locus 31 : 31 
6 alleles
0.3% missing data
 159   (0.117) 0.008 0.136 0.110 0.272 
 155   (0.576) 0.713 0.697 0.584 0.443 
 157   (0.177) 0.026 0.099 0.178 0.216 
 153   (0.078) 0.006 0.063 0.077 0.062 
 151   (0.043) 0.247 0.004 0.043 0.005 
 163   (0.010) 0.001 0.001 0.007 0.002 

Locus 32 : 32 
4 alleles
1.1% missing data
  91   (0.424) 0.159 0.580 0.422 0.501 
  94   (0.070) 0.005 0.056 0.075 0.014 
  95   (0.205) 0.406 0.107 0.210 0.105 
  92   (0.301) 0.430 0.258 0.293 0.379 

Locus 33 : 33 
5 alleles
0.0% missing data
 146   (0.328) 0.312 0.074 0.340 0.348 
 150   (0.560) 0.636 0.854 0.557 0.564 
 148   (0.059) 0.049 0.071 0.052 0.038 
 154   (0.038) 0.002 0.001 0.040 0.022 
 152   (0.015) 0.001 0.000 0.011 0.028 

Locus 34 : 34 
7 alleles
0.0% missing data
 180   (0.465) 0.662 0.564 0.473 0.365 
 196   (0.092) 0.006 0.178 0.088 0.127 
 184   (0.205) 0.078 0.162 0.203 0.275 
 194   (0.011) 0.001 0.036 0.007 0.001 
 192   (0.137) 0.184 0.006 0.143 0.172 
 198   (0.079) 0.069 0.053 0.079 0.021 
 190   (0.011) 0.001 0.000 0.007 0.039 

Locus 35 : 35 
6 alleles
0.0% missing data
 110   (0.176) 0.075 0.322 0.177 0.095 
 112   (0.325) 0.066 0.516 0.322 0.412 
 106   (0.292) 0.694 0.124 0.288 0.378 
  90   (0.067) 0.004 0.027 0.073 0.016 
 108   (0.129) 0.116 0.011 0.134 0.096 
  96   (0.010) 0.044 0.000 0.006 0.001 

Locus 36 : 36 
9 alleles
0.0% missing data
 166   (0.042) 0.003 0.248 0.034 0.094 
 176   (0.093) 0.019 0.159 0.099 0.016 
 172   (0.314) 0.574 0.414 0.304 0.376 
 170   (0.300) 0.324 0.165 0.308 0.227 
 174   (0.127) 0.072 0.006 0.131 0.190 
 178   (0.039) 0.003 0.006 0.035 0.044 
 168   (0.059) 0.004 0.001 0.069 0.019 
 186   (0.016) 0.001 0.000 0.012 0.034 
 158   (0.009) 0.001 0.000 0.008 0.001 

Locus 37 : 37 
6 alleles
0.0% missing data
  89   (0.522) 0.509 0.639 0.519 0.669 
  95   (0.047) 0.004 0.071 0.041 0.073 
  85   (0.200) 0.238 0.229 0.201 0.122 
  81   (0.066) 0.005 0.009 0.069 0.045 
  83   (0.146) 0.244 0.051 0.149 0.088 
  91   (0.019) 0.002 0.000 0.021 0.003 

Locus 38 : 38 
10 alleles
0.0% missing data
 161   (0.331) 0.379 0.532 0.335 0.292 
 165   (0.211) 0.107 0.178 0.213 0.229 
 159   (0.019) 0.001 0.029 0.015 0.005 
 173   (0.253) 0.501 0.131 0.256 0.298 
 169   (0.110) 0.007 0.121 0.110 0.134 
 167   (0.022) 0.002 0.009 0.021 0.003 
 168   (0.013) 0.001 0.000 0.012 0.001 
 155   (0.022) 0.001 0.000 0.025 0.003 
 177   (0.009) 0.001 0.000 0.008 0.001 
 175   (0.011) 0.001 0.000 0.007 0.033 

Locus 39 : 39 
6 alleles
0.6% missing data
  87   (0.140) 0.133 0.155 0.141 0.070 
  89   (0.381) 0.100 0.598 0.380 0.550 
  91   (0.167) 0.184 0.120 0.172 0.081 
  81   (0.113) 0.115 0.081 0.109 0.098 
  85   (0.190) 0.467 0.043 0.191 0.200 
  83   (0.009) 0.001 0.003 0.006 0.001 

Locus 40 : 40 
4 alleles
0.3% missing data
 167   (0.738) 0.857 0.914 0.735 0.787 
 161   (0.224) 0.139 0.084 0.232 0.161 
 165   (0.029) 0.002 0.001 0.025 0.050 
 177   (0.010) 0.002 0.000 0.008 0.002 

Locus 41 : 41 
6 alleles
0.3% missing data
 228   (0.434) 0.246 0.555 0.434 0.517 
 238   (0.321) 0.118 0.303 0.328 0.303 
 224   (0.026) 0.002 0.077 0.021 0.011 
 236   (0.111) 0.383 0.061 0.109 0.054 
 232   (0.013) 0.001 0.001 0.012 0.003 
 240   (0.094) 0.250 0.002 0.096 0.112 

Locus 42 : 42 
7 alleles
0.0% missing data
 128   (0.115) 0.037 0.134 0.106 0.207 
 130   (0.513) 0.768 0.610 0.517 0.440 
 114   (0.074) 0.005 0.097 0.082 0.010 
 132   (0.099) 0.053 0.143 0.088 0.171 
 118   (0.079) 0.130 0.003 0.078 0.085 
 134   (0.111) 0.007 0.013 0.120 0.087 
 136   (0.009) 0.001 0.000 0.008 0.001 

Locus 43 : 43 
6 alleles
0.8% missing data
 102   (0.282) 0.476 0.399 0.273 0.333 
 104   (0.400) 0.410 0.192 0.406 0.515 
  92   (0.127) 0.008 0.125 0.134 0.069 
  96   (0.063) 0.004 0.092 0.063 0.025 
  98   (0.118) 0.101 0.192 0.116 0.057 
 106   (0.009) 0.001 0.001 0.007 0.002 

Locus 44 : 44 
5 alleles
0.3% missing data
 101   (0.303) 0.194 0.409 0.303 0.268 
 103   (0.290) 0.344 0.221 0.283 0.413 
  99   (0.167) 0.011 0.070 0.180 0.113 
  95   (0.220) 0.450 0.299 0.213 0.204 
  97   (0.020) 0.002 0.000 0.021 0.004 

Locus 45 : 45 
7 alleles
0.3% missing data
 177   (0.057) 0.004 0.075 0.053 0.051 
 191   (0.299) 0.106 0.170 0.312 0.219 
 181   (0.559) 0.856 0.753 0.547 0.687 
 183   (0.013) 0.001 0.000 0.012 0.002 
 179   (0.051) 0.003 0.001 0.064 0.006 
 193   (0.011) 0.001 0.000 0.007 0.033 
 189   (0.010) 0.030 0.000 0.006 0.001 

Locus 46 : 46 
6 alleles
0.8% missing data
 205   (0.451) 0.408 0.525 0.455 0.537 
 211   (0.251) 0.271 0.224 0.263 0.137 
 207   (0.122) 0.202 0.135 0.113 0.191 
 201   (0.086) 0.006 0.068 0.088 0.063 
 215   (0.076) 0.113 0.047 0.070 0.070 
 202   (0.013) 0.001 0.000 0.012 0.002 

Locus 47 : 47 
9 alleles
1.1% missing data
 144   (0.070) 0.129 0.215 0.062 0.044 
 158   (0.165) 0.087 0.150 0.169 0.102 
 168   (0.137) 0.113 0.195 0.140 0.053 
 166   (0.125) 0.373 0.287 0.112 0.187 
 142   (0.348) 0.287 0.144 0.351 0.545 
 170   (0.014) 0.002 0.002 0.011 0.002 
 162   (0.036) 0.002 0.001 0.037 0.027 
 164   (0.048) 0.003 0.003 0.050 0.029 
 156   (0.057) 0.004 0.003 0.067 0.013 

Locus 48 : 48 
7 alleles
6.1% missing data
 149   (0.364) 0.338 0.222 0.371 0.363 
 151   (0.168) 0.011 0.257 0.170 0.171 
 153   (0.203) 0.030 0.308 0.197 0.334 
 147   (0.029) 0.002 0.031 0.027 0.003 
 145   (0.210) 0.617 0.178 0.210 0.125 
 152   (0.010) 0.001 0.003 0.006 0.001 
 143   (0.017) 0.001 0.000 0.018 0.002 

Values of parameters used in structure:
DATAFILE=temp2_np.str,	OUTFILE=k4/temp2_np_k4_run8,	NUMINDS=361,	NUMLOCI=48,	MISSING=-9,	LABEL=1,	POPDATA=1,	POPFLAG=0,	PHENOTYPE=0,	EXTRACOLS=0,	MAXPOPS=4,	BURNIN=500000,	NUMREPS=750000,	USEPOPINFO=0,	INFERALPHA=1,	INFERLAMBDA=0,	POPSPECIFICLAMBDA=0,	POPALPHAS=0,	COMPUTEPROB=1,	NOADMIX=0,	ADMBURNIN=500,	UPDATEFREQ=100,	PRINTLIKES=0,	INTERMEDSAVE=0,	PRINTKLD=0,	PRINTNET=1,	PRINTLAMBDA=1,	ANCESTDIST=0,	NUMBOXES=1000,	ANCESTPINT=0.90000,	GENSBACK=2,	MIGRPRIOR=0.01000,	PRINTQHAT=0,	PRINTQSUM=1,	ALPHA=1.0000,	FREQSCORR=1,	FPRIORMEAN=0.0100,	FPRIORSD=0.0500,	ONEFST=0,	LAMBDA=1.0000,	UNIFPRIORALPHA=1,	ALPHAMAX=10.0000,	ALPHAPRIORA=1.0000,	ALPHAPRIORB=2.0000,	ALPHAPROPSD=0.0250,	STARTATPOPINFO=0,	RANDOMIZE=0,	LINKAGE=0,	METROFREQ=10,	REPORTHITRATE=0,	MARKOVPHASE=0,	PHASED=1,	PLOIDY=2,	PHASEINFO=0	LOCPRIOR=0, 	LOCPRIORINIT=1.000000, 	LOCDATA=0, 	LOCISPOP=1, 	LOCPRIORSTEP=0.100000, 	MAXLOCPRIOR=20.000000, 	SEED=850002,	
[STRAT parameters]:    NUMSIMSTATS=1000,	PHENOTYPECOL=-9,	POOLFREQ=10,	LOCUSxONLY=0,	EMERROR=0.00100,	MISSINGPHENO=-9,	