

----------------------------------------------------
STRUCTURE by Pritchard, Stephens and Donnelly (2000)
     and Falush, Stephens and Pritchard (2003)
       Code by Pritchard, Falush and Hubisz
             Version 2.3.4 (Jul 2012)
----------------------------------------------------



Command line arguments:   structure -D 852079 -K 11 -m mainparams -o k11/temp2_np_k11_run7 
Input File:    temp2_np.str

Run parameters:
   361 individuals
   48 loci
   11 populations assumed
   500000 Burn-in period
   750000 Reps
RANDOMIZE turned off


--------------------------------------------
Proportion of membership of each pre-defined
 population in each of the 11 clusters

Given    Inferred Clusters                                                               Number of
 Pop       1      2      3      4      5      6      7      8      9     10     11      Individuals

  1:     0.031  0.037  0.004  0.012  0.009  0.013  0.010  0.013  0.011  0.008  0.852       63
  2:     0.858  0.015  0.006  0.007  0.005  0.007  0.008  0.007  0.008  0.007  0.072       20
  3:     0.062  0.067  0.004  0.024  0.006  0.027  0.011  0.027  0.014  0.017  0.739       19
  4:     0.040  0.606  0.004  0.007  0.004  0.007  0.014  0.007  0.007  0.010  0.293       31
  5:     0.024  0.030  0.005  0.009  0.004  0.009  0.014  0.009  0.011  0.007  0.878       20
  6:     0.019  0.128  0.013  0.077  0.016  0.082  0.012  0.096  0.014  0.053  0.491        8
  7:     0.038  0.021  0.005  0.009  0.005  0.009  0.344  0.010  0.024  0.012  0.524       17
  8:     0.006  0.004  0.003  0.005  0.954  0.005  0.003  0.005  0.004  0.006  0.004       29
  9:     0.003  0.003  0.966  0.005  0.003  0.005  0.003  0.005  0.003  0.002  0.003        8
 10:     0.009  0.015  0.007  0.271  0.020  0.279  0.008  0.270  0.079  0.030  0.011       21
 11:     0.010  0.010  0.007  0.211  0.012  0.203  0.012  0.206  0.176  0.140  0.011       30
 12:     0.012  0.015  0.004  0.037  0.014  0.037  0.007  0.037  0.686  0.133  0.017       25
 13:     0.015  0.017  0.005  0.065  0.009  0.062  0.009  0.064  0.634  0.098  0.022       32
 14:     0.008  0.011  0.014  0.266  0.028  0.287  0.007  0.280  0.065  0.016  0.018       34
 15:     0.025  0.010  0.003  0.368  0.006  0.275  0.030  0.251  0.008  0.010  0.013        4
--------------------------------------------

Allele-freq. divergence among pops (Net nucleotide distance),
computed using point estimates of P.

      1       2       3       4       5       6       7       8       9      10      11      
 1      -    0.0648  0.1670  0.0517  0.0934  0.0516  0.1245  0.0512  0.0619  0.0732  0.0375  
 2   0.0648     -    0.1334  0.0365  0.0928  0.0359  0.1251  0.0357  0.0556  0.0569  0.0352  
 3   0.1670  0.1334     -    0.0961  0.1308  0.0951  0.1945  0.0944  0.1214  0.1302  0.1346  
 4   0.0517  0.0365  0.0961     -    0.0538  0.0001  0.0964  0.0001  0.0158  0.0236  0.0275  
 5   0.0934  0.0928  0.1308  0.0538     -    0.0535  0.1573  0.0530  0.0724  0.0814  0.0807  
 6   0.0516  0.0359  0.0951  0.0001  0.0535     -    0.0968  0.0000  0.0158  0.0237  0.0270  
 7   0.1245  0.1251  0.1945  0.0964  0.1573  0.0968     -    0.0964  0.1186  0.1299  0.1006  
 8   0.0512  0.0357  0.0944  0.0001  0.0530  0.0000  0.0964     -    0.0156  0.0234  0.0268  
 9   0.0619  0.0556  0.1214  0.0158  0.0724  0.0158  0.1186  0.0156     -    0.0321  0.0433  
10   0.0732  0.0569  0.1302  0.0236  0.0814  0.0237  0.1299  0.0234  0.0321     -    0.0524  
11   0.0375  0.0352  0.1346  0.0275  0.0807  0.0270  0.1006  0.0268  0.0433  0.0524     -    

Average distances (expected heterozygosity) between individuals in same cluster:
cluster  1  : 0.4849 
cluster  2  : 0.5452 
cluster  3  : 0.5388 
cluster  4  : 0.6420 
cluster  5  : 0.5485 
cluster  6  : 0.6435 
cluster  7  : 0.4393 
cluster  8  : 0.6447 
cluster  9  : 0.5782 
cluster 10  : 0.5793 
cluster 11  : 0.5461 

--------------------------------------------
Estimated Ln Prob of Data   = -38858.0
Mean value of ln likelihood = -37331.4
Variance of ln likelihood   = 3053.2
Mean value of alpha         = 0.0346

Mean value of Fst_1         = 0.2126
Mean value of Fst_2         = 0.1582
Mean value of Fst_3         = 0.2950
Mean value of Fst_4         = 0.0191
Mean value of Fst_5         = 0.2075
Mean value of Fst_6         = 0.0162
Mean value of Fst_7         = 0.3951
Mean value of Fst_8         = 0.0137
Mean value of Fst_9         = 0.0735
Mean value of Fst_10         = 0.1278
Mean value of Fst_11         = 0.1221


Inferred ancestry of individuals:
        Label (%Miss) Pop:  Inferred clusters
  1     2055    (0)    1 :  0.005 0.008 0.003 0.005 0.002 0.005 0.004 0.005 0.008 0.003 0.952 
  2     2056    (0)    1 :  0.024 0.680 0.004 0.009 0.008 0.009 0.006 0.010 0.007 0.007 0.235 
  3     2057    (0)    1 :  0.005 0.008 0.003 0.011 0.002 0.011 0.007 0.010 0.007 0.019 0.916 
  4     2058    (0)    1 :  0.028 0.006 0.001 0.003 0.006 0.003 0.005 0.003 0.002 0.003 0.940 
  5     2059    (0)    1 :  0.004 0.007 0.002 0.004 0.003 0.004 0.003 0.004 0.003 0.005 0.962 
  6     2060    (0)    1 :  0.008 0.004 0.006 0.005 0.002 0.005 0.004 0.005 0.003 0.004 0.956 
  7     2061    (0)    1 :  0.017 0.003 0.026 0.013 0.006 0.016 0.005 0.015 0.007 0.006 0.886 
  8     2062    (0)    1 :  0.118 0.012 0.003 0.013 0.006 0.014 0.019 0.015 0.019 0.011 0.770 
  9     2063    (0)    1 :  0.010 0.006 0.003 0.004 0.002 0.004 0.004 0.004 0.005 0.004 0.954 
 10     2064    (0)    1 :  0.008 0.008 0.003 0.004 0.002 0.004 0.004 0.004 0.003 0.003 0.958 
 11     2065    (0)    1 :  0.036 0.004 0.001 0.003 0.002 0.003 0.023 0.003 0.002 0.001 0.922 
 12     2066    (0)    1 :  0.008 0.014 0.001 0.004 0.002 0.004 0.002 0.004 0.004 0.005 0.952 
 13     2067    (0)    1 :  0.010 0.038 0.004 0.009 0.011 0.010 0.003 0.009 0.007 0.006 0.894 
 14     2068    (0)    1 :  0.310 0.022 0.005 0.077 0.021 0.085 0.018 0.072 0.015 0.013 0.363 
 15     2069    (0)    1 :  0.007 0.006 0.002 0.004 0.002 0.004 0.006 0.004 0.003 0.003 0.960 
 16     2070    (0)    1 :  0.008 0.263 0.001 0.093 0.002 0.106 0.004 0.120 0.059 0.008 0.335 
 17     2071    (0)    1 :  0.029 0.015 0.013 0.012 0.013 0.012 0.006 0.012 0.005 0.009 0.873 
 18     2072    (0)    1 :  0.008 0.010 0.009 0.007 0.003 0.007 0.003 0.006 0.003 0.002 0.942 
 19     2073    (0)    1 :  0.012 0.004 0.009 0.024 0.007 0.023 0.052 0.025 0.012 0.016 0.816 
 20     2074    (0)    1 :  0.009 0.010 0.003 0.004 0.003 0.004 0.003 0.004 0.003 0.002 0.955 
 21     2075    (0)    1 :  0.004 0.038 0.003 0.007 0.017 0.007 0.008 0.006 0.004 0.003 0.903 
 22     2076    (0)    1 :  0.010 0.003 0.001 0.002 0.002 0.002 0.002 0.002 0.002 0.003 0.970 
 23     2077    (0)    1 :  0.293 0.007 0.007 0.017 0.009 0.018 0.017 0.018 0.019 0.022 0.572 
 24     2078    (0)    1 :  0.019 0.012 0.004 0.006 0.003 0.005 0.005 0.005 0.008 0.003 0.929 
 25     2079    (0)    1 :  0.019 0.004 0.001 0.010 0.039 0.009 0.005 0.010 0.011 0.019 0.873 
 26     2080    (0)    1 :  0.092 0.003 0.003 0.028 0.029 0.028 0.007 0.028 0.004 0.005 0.774 
 27     2081    (0)    1 :  0.011 0.004 0.002 0.005 0.003 0.005 0.003 0.005 0.004 0.004 0.953 
 28     2082    (0)    1 :  0.008 0.179 0.003 0.018 0.008 0.021 0.016 0.019 0.008 0.006 0.714 
 29     2083    (0)    1 :  0.005 0.047 0.003 0.010 0.002 0.011 0.003 0.011 0.006 0.006 0.896 
 30     2084    (0)    1 :  0.002 0.005 0.002 0.006 0.007 0.007 0.003 0.007 0.007 0.005 0.949 
 31     2085    (0)    1 :  0.017 0.027 0.002 0.010 0.003 0.010 0.009 0.010 0.017 0.006 0.889 
 32     2086    (0)    1 :  0.081 0.007 0.003 0.018 0.004 0.017 0.002 0.018 0.010 0.009 0.832 
 33     2087    (0)    1 :  0.024 0.005 0.006 0.007 0.067 0.007 0.028 0.007 0.006 0.004 0.838 
 34     2088    (0)    1 :  0.025 0.007 0.003 0.023 0.014 0.022 0.003 0.024 0.047 0.042 0.790 
 35     2089    (0)    1 :  0.019 0.007 0.001 0.002 0.002 0.002 0.002 0.002 0.002 0.002 0.956 
 36     2090    (0)    1 :  0.009 0.012 0.005 0.006 0.038 0.007 0.005 0.007 0.005 0.007 0.899 
 37     2091    (0)    1 :  0.035 0.010 0.001 0.005 0.003 0.005 0.003 0.005 0.006 0.007 0.918 
 38     2092    (0)    1 :  0.015 0.037 0.002 0.006 0.037 0.006 0.007 0.006 0.004 0.004 0.876 
 39     2093    (0)    1 :  0.053 0.013 0.001 0.004 0.003 0.004 0.007 0.004 0.003 0.003 0.906 
 40     2094    (0)    1 :  0.005 0.029 0.002 0.003 0.001 0.003 0.002 0.003 0.003 0.003 0.946 
 41     2095    (0)    1 :  0.037 0.004 0.005 0.007 0.055 0.007 0.003 0.007 0.006 0.008 0.859 
 42     2096    (0)    1 :  0.015 0.010 0.001 0.003 0.002 0.003 0.021 0.003 0.004 0.004 0.934 
 43     2097    (0)    1 :  0.007 0.004 0.002 0.004 0.002 0.003 0.004 0.004 0.003 0.006 0.962 
 44     2098    (0)    1 :  0.010 0.010 0.003 0.029 0.015 0.032 0.089 0.034 0.022 0.021 0.735 
 45     2099    (0)    1 :  0.018 0.426 0.009 0.048 0.004 0.051 0.012 0.055 0.019 0.028 0.330 
 46     2100    (0)    1 :  0.079 0.014 0.002 0.022 0.004 0.027 0.009 0.024 0.012 0.038 0.768 
 47     2101    (0)    1 :  0.008 0.004 0.003 0.004 0.005 0.004 0.006 0.005 0.008 0.006 0.946 
 48     2102    (2)    1 :  0.003 0.006 0.002 0.003 0.002 0.003 0.003 0.004 0.003 0.002 0.969 
 49     2103    (0)    1 :  0.007 0.006 0.002 0.005 0.004 0.005 0.005 0.005 0.007 0.009 0.944 
 50     2104    (0)    1 :  0.027 0.003 0.001 0.018 0.003 0.016 0.018 0.017 0.086 0.011 0.800 
 51     2105    (0)    1 :  0.007 0.015 0.006 0.006 0.004 0.007 0.004 0.007 0.025 0.005 0.914 
 52     2106    (0)    1 :  0.035 0.018 0.002 0.015 0.002 0.015 0.003 0.014 0.006 0.007 0.883 
 53     2107    (0)    1 :  0.031 0.011 0.003 0.012 0.005 0.013 0.070 0.013 0.027 0.006 0.809 
 54     2108    (0)    1 :  0.023 0.005 0.006 0.017 0.006 0.016 0.003 0.017 0.009 0.004 0.893 
 55     2109    (0)    1 :  0.006 0.085 0.005 0.010 0.002 0.010 0.005 0.010 0.011 0.006 0.849 
 56     2110    (0)    1 :  0.026 0.004 0.004 0.010 0.006 0.011 0.018 0.012 0.040 0.005 0.864 
 57     2111    (0)    1 :  0.142 0.006 0.001 0.006 0.004 0.006 0.003 0.005 0.020 0.007 0.800 
 58     2112    (0)    1 :  0.006 0.009 0.004 0.004 0.003 0.004 0.004 0.004 0.003 0.006 0.953 
 59     2583    (2)    1 :  0.030 0.069 0.007 0.005 0.009 0.005 0.004 0.006 0.005 0.006 0.854 
 60     2584    (4)    1 :  0.012 0.018 0.004 0.013 0.004 0.014 0.009 0.014 0.003 0.016 0.893 
 61     2587    (2)    1 :  0.016 0.009 0.002 0.005 0.003 0.005 0.002 0.005 0.010 0.010 0.933 
 62     2590    (2)    1 :  0.007 0.013 0.014 0.005 0.002 0.005 0.007 0.005 0.004 0.004 0.934 
 63     2591    (6)    1 :  0.005 0.005 0.001 0.007 0.011 0.007 0.005 0.007 0.009 0.012 0.932 
 64      315    (0)   10 :  0.023 0.005 0.010 0.230 0.043 0.254 0.002 0.300 0.114 0.009 0.009 
 65      565    (0)   10 :  0.004 0.008 0.003 0.254 0.027 0.292 0.003 0.390 0.005 0.006 0.009 
 66      566    (2)   10 :  0.005 0.012 0.004 0.153 0.016 0.149 0.012 0.147 0.438 0.055 0.010 
 67      567    (2)   10 :  0.011 0.006 0.002 0.358 0.004 0.303 0.005 0.272 0.004 0.014 0.020 
 68      877    (0)   10 :  0.003 0.021 0.002 0.287 0.003 0.320 0.050 0.288 0.011 0.008 0.007 
 69      878    (0)   10 :  0.006 0.004 0.011 0.290 0.007 0.298 0.005 0.322 0.005 0.047 0.004 
 70      879    (0)   10 :  0.003 0.011 0.007 0.307 0.005 0.291 0.005 0.297 0.013 0.052 0.007 
 71      880    (0)   10 :  0.004 0.010 0.002 0.386 0.005 0.300 0.008 0.261 0.006 0.013 0.005 
 72      881    (0)   10 :  0.005 0.004 0.007 0.273 0.009 0.351 0.004 0.323 0.013 0.007 0.004 
 73      882    (0)   10 :  0.006 0.006 0.025 0.286 0.011 0.323 0.004 0.296 0.004 0.034 0.005 
 74      883    (0)   10 :  0.004 0.012 0.008 0.295 0.004 0.320 0.003 0.310 0.012 0.024 0.008 
 75      884    (0)   10 :  0.019 0.020 0.002 0.253 0.003 0.273 0.005 0.202 0.185 0.016 0.022 
 76      885    (0)   10 :  0.006 0.029 0.007 0.302 0.005 0.299 0.003 0.282 0.045 0.016 0.005 
 77      886    (0)   10 :  0.004 0.004 0.012 0.271 0.128 0.292 0.003 0.255 0.018 0.004 0.011 
 78      887    (0)   10 :  0.007 0.011 0.013 0.043 0.005 0.052 0.002 0.049 0.651 0.130 0.036 
 79      888    (0)   10 :  0.014 0.121 0.004 0.253 0.007 0.303 0.005 0.264 0.005 0.003 0.021 
 80      889    (0)   10 :  0.008 0.005 0.011 0.265 0.005 0.258 0.004 0.278 0.059 0.102 0.005 
 81      890    (0)   10 :  0.010 0.003 0.005 0.353 0.016 0.280 0.028 0.281 0.011 0.010 0.004 
 82      891    (0)   10 :  0.004 0.011 0.002 0.338 0.006 0.333 0.019 0.262 0.005 0.008 0.010 
 83      892    (0)   10 :  0.008 0.010 0.007 0.281 0.004 0.277 0.004 0.317 0.008 0.077 0.007 
 84      893    (0)   10 :  0.038 0.005 0.003 0.212 0.107 0.288 0.003 0.275 0.038 0.005 0.026 
 85      341    (0)   11 :  0.003 0.004 0.004 0.267 0.011 0.282 0.021 0.337 0.005 0.060 0.004 
 86      343    (0)   11 :  0.016 0.002 0.005 0.294 0.009 0.285 0.015 0.339 0.022 0.007 0.006 
 87      914    (0)   11 :  0.006 0.004 0.002 0.006 0.004 0.006 0.064 0.006 0.889 0.005 0.008 
 88      916    (0)   11 :  0.014 0.047 0.003 0.275 0.003 0.337 0.005 0.286 0.009 0.004 0.016 
 89      924    (0)   11 :  0.004 0.006 0.002 0.211 0.016 0.144 0.003 0.138 0.463 0.010 0.004 
 90      938    (0)   11 :  0.008 0.009 0.004 0.009 0.002 0.008 0.014 0.009 0.020 0.904 0.014 
 91      939    (0)   11 :  0.011 0.004 0.003 0.016 0.018 0.012 0.003 0.014 0.133 0.772 0.016 
 92      940    (0)   11 :  0.003 0.006 0.005 0.083 0.003 0.089 0.003 0.083 0.659 0.062 0.004 
 93      941    (2)   11 :  0.004 0.004 0.010 0.006 0.011 0.007 0.002 0.006 0.016 0.932 0.003 
 94      942    (0)   11 :  0.003 0.005 0.004 0.372 0.017 0.273 0.003 0.294 0.014 0.009 0.006 
 95      943    (0)   11 :  0.055 0.050 0.002 0.289 0.003 0.293 0.003 0.239 0.053 0.004 0.008 
 96      944    (0)   11 :  0.018 0.007 0.004 0.055 0.004 0.059 0.018 0.051 0.735 0.007 0.041 
 97      945    (0)   11 :  0.003 0.005 0.002 0.006 0.002 0.006 0.001 0.006 0.950 0.017 0.003 
 98      946    (0)   11 :  0.007 0.009 0.063 0.307 0.003 0.255 0.003 0.254 0.084 0.009 0.006 
 99      947    (0)   11 :  0.004 0.006 0.002 0.256 0.047 0.293 0.067 0.271 0.044 0.006 0.004 
100      951    (0)   11 :  0.003 0.005 0.004 0.273 0.012 0.320 0.006 0.336 0.023 0.014 0.004 
101      952    (0)   11 :  0.004 0.006 0.012 0.223 0.093 0.267 0.010 0.310 0.045 0.025 0.006 
102      953    (0)   11 :  0.013 0.019 0.004 0.021 0.010 0.018 0.003 0.023 0.024 0.855 0.010 
103      954    (0)   11 :  0.029 0.004 0.010 0.321 0.008 0.250 0.004 0.217 0.116 0.033 0.008 
104      955    (0)   11 :  0.003 0.003 0.011 0.309 0.018 0.283 0.008 0.282 0.063 0.016 0.004 
105      961    (4)   11 :  0.006 0.014 0.003 0.307 0.004 0.323 0.004 0.293 0.012 0.013 0.021 
106      974    (0)   11 :  0.007 0.003 0.010 0.325 0.022 0.261 0.006 0.257 0.043 0.062 0.005 
107      975    (4)   11 :  0.004 0.011 0.003 0.281 0.002 0.315 0.010 0.288 0.055 0.010 0.022 
108      980    (0)   11 :  0.003 0.010 0.002 0.240 0.018 0.265 0.007 0.266 0.147 0.029 0.012 
109      981    (0)   11 :  0.005 0.005 0.004 0.211 0.004 0.226 0.021 0.261 0.007 0.244 0.012 
110      982    (0)   11 :  0.008 0.008 0.002 0.116 0.002 0.134 0.038 0.124 0.525 0.004 0.039 
111      984    (0)   11 :  0.010 0.012 0.011 0.252 0.004 0.265 0.003 0.342 0.017 0.059 0.026 
112      985    (0)   11 :  0.012 0.004 0.004 0.288 0.009 0.307 0.003 0.343 0.012 0.013 0.008 
113     2578    (4)   11 :  0.004 0.004 0.007 0.348 0.002 0.249 0.009 0.258 0.101 0.011 0.006 
114     2580    (2)   11 :  0.043 0.027 0.007 0.352 0.004 0.263 0.015 0.260 0.007 0.009 0.013 
115      328    (0)   12 :  0.016 0.192 0.010 0.149 0.013 0.217 0.004 0.205 0.067 0.007 0.121 
116      333    (0)   12 :  0.006 0.004 0.001 0.008 0.005 0.008 0.002 0.008 0.946 0.008 0.003 
117      918    (0)   12 :  0.004 0.003 0.007 0.011 0.072 0.011 0.022 0.010 0.848 0.004 0.007 
118      919    (0)   12 :  0.028 0.005 0.002 0.010 0.004 0.009 0.014 0.009 0.908 0.004 0.006 
119      920    (0)   12 :  0.006 0.010 0.003 0.007 0.002 0.008 0.004 0.008 0.942 0.006 0.005 
120      921    (0)   12 :  0.005 0.007 0.002 0.005 0.002 0.005 0.002 0.005 0.004 0.959 0.005 
121      922    (0)   12 :  0.045 0.014 0.002 0.010 0.003 0.010 0.008 0.010 0.873 0.008 0.016 
122      926    (0)   12 :  0.003 0.004 0.002 0.005 0.002 0.005 0.002 0.005 0.958 0.012 0.003 
123      927    (0)   12 :  0.004 0.003 0.001 0.006 0.004 0.006 0.007 0.006 0.928 0.028 0.007 
124      928    (0)   12 :  0.058 0.005 0.002 0.047 0.004 0.051 0.020 0.049 0.697 0.030 0.037 
125      929    (0)   12 :  0.012 0.020 0.007 0.075 0.002 0.064 0.011 0.062 0.676 0.026 0.045 
126      930    (0)   12 :  0.007 0.024 0.009 0.066 0.005 0.076 0.004 0.067 0.667 0.058 0.017 
127      932    (0)   12 :  0.008 0.012 0.002 0.006 0.005 0.006 0.002 0.006 0.014 0.935 0.004 
128      933    (0)   12 :  0.012 0.004 0.006 0.015 0.160 0.018 0.003 0.016 0.749 0.008 0.009 
129      949    (0)   12 :  0.003 0.004 0.002 0.003 0.002 0.003 0.002 0.003 0.003 0.973 0.003 
130      950    (0)   12 :  0.007 0.005 0.004 0.094 0.018 0.074 0.005 0.066 0.560 0.162 0.005 
131      964    (4)   12 :  0.005 0.007 0.013 0.034 0.002 0.031 0.006 0.029 0.832 0.029 0.012 
132      986    (0)   12 :  0.008 0.006 0.002 0.029 0.005 0.021 0.006 0.022 0.861 0.022 0.017 
133      987    (0)   12 :  0.011 0.022 0.002 0.074 0.009 0.074 0.009 0.078 0.681 0.006 0.033 
134     1001    (4)   12 :  0.008 0.004 0.003 0.006 0.002 0.006 0.003 0.006 0.944 0.005 0.013 
135     1002    (4)   12 :  0.004 0.003 0.006 0.006 0.010 0.006 0.009 0.006 0.940 0.003 0.007 
136     1003    (2)   12 :  0.010 0.006 0.006 0.249 0.003 0.196 0.011 0.241 0.234 0.014 0.031 
137     1004    (0)   12 :  0.003 0.003 0.003 0.007 0.006 0.007 0.002 0.007 0.957 0.003 0.003 
138     1005    (0)   12 :  0.028 0.003 0.003 0.010 0.005 0.011 0.005 0.009 0.910 0.005 0.010 
139     1010    (0)   12 :  0.003 0.004 0.001 0.003 0.006 0.004 0.003 0.004 0.961 0.003 0.007 
140      321    (0)   13 :  0.009 0.004 0.003 0.118 0.006 0.087 0.003 0.096 0.548 0.094 0.032 
141      338    (0)   13 :  0.003 0.002 0.002 0.004 0.002 0.004 0.004 0.004 0.965 0.005 0.004 
142      339    (0)   13 :  0.024 0.008 0.004 0.013 0.007 0.013 0.071 0.014 0.820 0.018 0.009 
143      363    (0)   13 :  0.005 0.003 0.012 0.025 0.005 0.022 0.006 0.020 0.024 0.875 0.003 
144      915    (0)   13 :  0.009 0.006 0.003 0.007 0.003 0.007 0.003 0.007 0.936 0.004 0.013 
145      917    (0)   13 :  0.019 0.003 0.001 0.031 0.004 0.029 0.004 0.035 0.674 0.196 0.004 
146      923    (0)   13 :  0.010 0.011 0.011 0.162 0.013 0.165 0.008 0.167 0.426 0.017 0.010 
147      925    (0)   13 :  0.009 0.012 0.003 0.005 0.006 0.005 0.004 0.005 0.941 0.005 0.004 
148      931    (0)   13 :  0.004 0.007 0.002 0.272 0.007 0.202 0.002 0.164 0.305 0.030 0.005 
149      935    (0)   13 :  0.009 0.005 0.003 0.017 0.004 0.016 0.002 0.016 0.913 0.008 0.006 
150      936    (0)   13 :  0.006 0.003 0.004 0.013 0.008 0.011 0.002 0.011 0.927 0.011 0.003 
151      937    (0)   13 :  0.004 0.006 0.001 0.020 0.002 0.017 0.002 0.024 0.907 0.013 0.003 
152      948    (0)   13 :  0.005 0.007 0.004 0.090 0.016 0.112 0.002 0.115 0.596 0.040 0.012 
153      956    (0)   13 :  0.006 0.014 0.001 0.011 0.003 0.010 0.002 0.012 0.925 0.007 0.009 
154      957    (0)   13 :  0.003 0.004 0.003 0.017 0.003 0.016 0.005 0.017 0.868 0.061 0.003 
155      967    (0)   13 :  0.005 0.004 0.003 0.021 0.004 0.019 0.005 0.018 0.902 0.015 0.004 
156      968    (2)   13 :  0.012 0.136 0.003 0.158 0.012 0.148 0.007 0.157 0.346 0.016 0.006 
157      969    (2)   13 :  0.009 0.006 0.003 0.067 0.016 0.073 0.010 0.069 0.712 0.027 0.009 
158      970    (2)   13 :  0.004 0.005 0.031 0.208 0.006 0.151 0.015 0.155 0.127 0.293 0.005 
159      971    (4)   13 :  0.028 0.006 0.002 0.008 0.003 0.009 0.019 0.008 0.678 0.229 0.010 
160      972    (0)   13 :  0.003 0.008 0.013 0.016 0.006 0.015 0.002 0.015 0.914 0.005 0.004 
161      973    (0)   13 :  0.005 0.014 0.005 0.297 0.016 0.287 0.010 0.318 0.037 0.006 0.005 
162      978    (0)   13 :  0.005 0.045 0.002 0.009 0.039 0.012 0.004 0.012 0.859 0.007 0.006 
163      979    (0)   13 :  0.016 0.026 0.004 0.090 0.003 0.110 0.013 0.122 0.095 0.105 0.417 
164      988    (6)   13 :  0.005 0.004 0.002 0.006 0.003 0.006 0.002 0.006 0.010 0.950 0.006 
165      989    (0)   13 :  0.021 0.017 0.004 0.078 0.005 0.077 0.011 0.072 0.651 0.051 0.011 
166      990    (0)   13 :  0.079 0.004 0.007 0.191 0.020 0.198 0.005 0.226 0.249 0.013 0.007 
167      991    (0)   13 :  0.003 0.004 0.002 0.005 0.004 0.005 0.003 0.006 0.949 0.017 0.003 
168      992    (0)   13 :  0.011 0.021 0.013 0.012 0.003 0.011 0.011 0.011 0.892 0.009 0.005 
169     1006    (2)   13 :  0.004 0.022 0.002 0.006 0.013 0.006 0.031 0.006 0.891 0.005 0.012 
170     1017    (0)   13 :  0.058 0.102 0.003 0.087 0.014 0.106 0.004 0.114 0.450 0.007 0.056 
171     2582    (4)   13 :  0.102 0.012 0.011 0.024 0.032 0.024 0.010 0.022 0.736 0.004 0.024 
172      319    (2)   14 :  0.008 0.005 0.002 0.275 0.005 0.340 0.004 0.303 0.008 0.042 0.007 
173      335    (0)   14 :  0.010 0.003 0.010 0.300 0.012 0.283 0.011 0.343 0.011 0.011 0.006 
174      895    (0)   14 :  0.003 0.003 0.007 0.285 0.006 0.290 0.005 0.347 0.009 0.042 0.004 
175      896    (0)   14 :  0.006 0.046 0.007 0.257 0.003 0.312 0.002 0.331 0.010 0.017 0.007 
176      897    (0)   14 :  0.002 0.014 0.002 0.309 0.006 0.380 0.001 0.267 0.008 0.005 0.005 
177      898    (0)   14 :  0.006 0.007 0.002 0.294 0.005 0.336 0.004 0.243 0.090 0.007 0.005 
178      899    (0)   14 :  0.023 0.009 0.005 0.213 0.005 0.266 0.002 0.233 0.049 0.010 0.185 
179      900    (0)   14 :  0.004 0.020 0.015 0.236 0.043 0.312 0.007 0.310 0.027 0.016 0.010 
180      901    (0)   14 :  0.030 0.007 0.004 0.209 0.036 0.267 0.004 0.259 0.012 0.061 0.111 
181      902    (0)   14 :  0.003 0.004 0.012 0.281 0.003 0.298 0.002 0.343 0.018 0.027 0.010 
182      903    (0)   14 :  0.003 0.010 0.027 0.268 0.003 0.375 0.002 0.297 0.005 0.006 0.004 
183      904    (0)   14 :  0.008 0.015 0.007 0.334 0.002 0.326 0.005 0.279 0.005 0.010 0.008 
184      905    (0)   14 :  0.007 0.018 0.021 0.253 0.004 0.321 0.007 0.302 0.005 0.033 0.028 
185      906    (0)   14 :  0.003 0.005 0.005 0.318 0.006 0.321 0.003 0.318 0.008 0.008 0.004 
186      907    (0)   14 :  0.003 0.035 0.013 0.302 0.008 0.282 0.008 0.322 0.013 0.009 0.005 
187      908    (0)   14 :  0.004 0.007 0.003 0.286 0.007 0.337 0.005 0.316 0.012 0.005 0.018 
188      909    (0)   14 :  0.009 0.004 0.004 0.018 0.290 0.017 0.003 0.015 0.620 0.004 0.016 
189      910    (0)   14 :  0.004 0.008 0.003 0.335 0.050 0.278 0.002 0.302 0.009 0.004 0.005 
190      911    (0)   14 :  0.013 0.004 0.007 0.341 0.040 0.267 0.027 0.273 0.009 0.007 0.012 
191      912    (0)   14 :  0.003 0.005 0.006 0.385 0.002 0.294 0.010 0.268 0.014 0.006 0.005 
192      913    (0)   14 :  0.027 0.009 0.079 0.193 0.047 0.230 0.003 0.238 0.133 0.007 0.034 
193     2411    (0)   14 :  0.002 0.007 0.004 0.297 0.004 0.372 0.003 0.290 0.007 0.005 0.009 
194     2412    (0)   14 :  0.012 0.025 0.021 0.057 0.008 0.059 0.002 0.072 0.700 0.033 0.007 
195     2413    (0)   14 :  0.013 0.010 0.008 0.273 0.019 0.309 0.003 0.347 0.005 0.006 0.007 
196     2414    (0)   14 :  0.005 0.004 0.004 0.261 0.002 0.336 0.011 0.343 0.022 0.006 0.006 
197     2415    (2)   14 :  0.009 0.025 0.003 0.287 0.017 0.289 0.003 0.303 0.031 0.019 0.014 
198     2417    (4)   14 :  0.012 0.008 0.005 0.246 0.007 0.334 0.009 0.276 0.048 0.006 0.049 
199     2418    (4)   14 :  0.008 0.012 0.004 0.359 0.007 0.290 0.004 0.297 0.006 0.008 0.005 
200     2419    (2)   14 :  0.006 0.005 0.002 0.291 0.005 0.298 0.009 0.316 0.046 0.018 0.005 
201     2420    (0)   14 :  0.002 0.006 0.072 0.267 0.006 0.322 0.004 0.299 0.012 0.006 0.003 
202     2421    (0)   14 :  0.003 0.012 0.006 0.235 0.010 0.233 0.002 0.245 0.223 0.025 0.007 
203     2422    (2)   14 :  0.004 0.003 0.005 0.266 0.253 0.208 0.007 0.200 0.007 0.040 0.007 
204     2423    (0)   14 :  0.014 0.011 0.007 0.239 0.011 0.308 0.038 0.332 0.010 0.019 0.013 
205     2576    (0)   14 :  0.005 0.010 0.078 0.274 0.010 0.281 0.013 0.296 0.013 0.011 0.009 
206     1079    (0)   15 :  0.009 0.005 0.002 0.375 0.003 0.280 0.060 0.241 0.008 0.007 0.008 
207     1081    (0)   15 :  0.078 0.008 0.003 0.369 0.007 0.264 0.012 0.229 0.009 0.007 0.015 
208     1082    (2)   15 :  0.004 0.010 0.004 0.370 0.009 0.286 0.003 0.284 0.004 0.019 0.006 
209     1083    (0)   15 :  0.009 0.017 0.003 0.356 0.007 0.272 0.043 0.252 0.012 0.009 0.021 
210       34    (0)    2 :  0.910 0.013 0.002 0.006 0.002 0.007 0.012 0.007 0.004 0.020 0.016 
211       38    (0)    2 :  0.919 0.008 0.006 0.009 0.014 0.009 0.007 0.009 0.008 0.004 0.008 
212       41    (0)    2 :  0.972 0.003 0.001 0.003 0.001 0.003 0.002 0.003 0.003 0.002 0.007 
213       44    (0)    2 :  0.883 0.004 0.001 0.004 0.002 0.004 0.003 0.004 0.003 0.003 0.088 
214       45    (0)    2 :  0.836 0.016 0.006 0.006 0.002 0.006 0.026 0.006 0.011 0.002 0.084 
215       47    (0)    2 :  0.891 0.005 0.009 0.018 0.011 0.018 0.003 0.020 0.009 0.011 0.006 
216       50    (0)    2 :  0.773 0.106 0.006 0.016 0.002 0.015 0.015 0.015 0.004 0.005 0.043 
217      384    (0)    2 :  0.488 0.054 0.004 0.009 0.003 0.009 0.004 0.009 0.023 0.024 0.373 
218      385    (2)    2 :  0.963 0.004 0.004 0.004 0.004 0.004 0.004 0.004 0.003 0.002 0.004 
219      386    (0)    2 :  0.371 0.007 0.001 0.004 0.003 0.004 0.003 0.004 0.003 0.004 0.596 
220      387    (0)    2 :  0.975 0.003 0.001 0.002 0.003 0.002 0.004 0.002 0.002 0.002 0.003 
221      388    (0)    2 :  0.970 0.002 0.001 0.002 0.003 0.002 0.007 0.002 0.002 0.002 0.006 
222      389    (0)    2 :  0.976 0.002 0.001 0.002 0.002 0.002 0.002 0.002 0.003 0.002 0.005 
223      390    (4)    2 :  0.804 0.024 0.040 0.012 0.014 0.013 0.003 0.012 0.009 0.004 0.064 
224      391    (0)    2 :  0.825 0.010 0.006 0.011 0.011 0.011 0.017 0.011 0.043 0.008 0.049 
225      392    (0)    2 :  0.913 0.018 0.002 0.005 0.002 0.005 0.002 0.005 0.007 0.007 0.033 
226      393    (2)    2 :  0.946 0.005 0.004 0.004 0.005 0.004 0.003 0.004 0.005 0.005 0.016 
227      394    (0)    2 :  0.929 0.008 0.002 0.004 0.002 0.004 0.023 0.004 0.002 0.003 0.019 
228      395    (0)    2 :  0.896 0.005 0.017 0.012 0.007 0.012 0.003 0.012 0.004 0.008 0.024 
229      396    (0)    2 :  0.928 0.009 0.013 0.003 0.004 0.003 0.011 0.003 0.003 0.018 0.005 
230     2498    (2)    3 :  0.260 0.027 0.008 0.016 0.009 0.016 0.002 0.017 0.007 0.046 0.593 
231     2513    (2)    3 :  0.003 0.005 0.002 0.005 0.008 0.005 0.007 0.005 0.005 0.004 0.951 
232     2514    (2)    3 :  0.053 0.079 0.002 0.048 0.004 0.048 0.003 0.052 0.014 0.028 0.669 
233     2597    (4)    3 :  0.253 0.022 0.014 0.038 0.004 0.046 0.018 0.045 0.027 0.034 0.498 
234     2499    (4)    3 :  0.116 0.076 0.005 0.085 0.013 0.093 0.022 0.084 0.010 0.009 0.487 
235     2500    (0)    3 :  0.006 0.009 0.004 0.006 0.006 0.006 0.004 0.006 0.002 0.006 0.946 
236     2506    (2)    3 :  0.028 0.021 0.006 0.009 0.007 0.009 0.015 0.009 0.005 0.006 0.886 
237     2509    (6)    3 :  0.036 0.015 0.011 0.050 0.024 0.056 0.010 0.056 0.015 0.074 0.653 
238     2511    (2)    3 :  0.008 0.090 0.002 0.008 0.006 0.008 0.018 0.008 0.005 0.004 0.844 
239     2512    (2)    3 :  0.018 0.013 0.009 0.007 0.002 0.008 0.040 0.008 0.006 0.004 0.886 
240     2515    (2)    3 :  0.004 0.079 0.002 0.004 0.002 0.004 0.003 0.004 0.003 0.003 0.894 
241     2516    (2)    3 :  0.011 0.019 0.001 0.015 0.002 0.015 0.012 0.014 0.010 0.008 0.893 
242     2517    (2)    3 :  0.017 0.108 0.002 0.013 0.004 0.013 0.011 0.012 0.049 0.009 0.763 
243     2518    (2)    3 :  0.008 0.031 0.004 0.014 0.008 0.014 0.011 0.015 0.035 0.010 0.850 
244     2519    (0)    3 :  0.007 0.032 0.002 0.065 0.015 0.074 0.019 0.080 0.045 0.009 0.652 
245     2520    (2)    3 :  0.005 0.018 0.002 0.003 0.002 0.003 0.004 0.003 0.003 0.002 0.955 
246     2521    (2)    3 :  0.034 0.587 0.002 0.044 0.003 0.049 0.007 0.045 0.012 0.044 0.174 
247     2603    (4)    3 :  0.009 0.018 0.003 0.021 0.003 0.023 0.003 0.025 0.004 0.021 0.870 
248     2606    (2)    3 :  0.300 0.033 0.005 0.015 0.002 0.016 0.005 0.017 0.013 0.009 0.584 
249       87    (0)    4 :  0.007 0.906 0.008 0.008 0.008 0.009 0.013 0.010 0.014 0.007 0.011 
250       88    (0)    4 :  0.005 0.955 0.001 0.003 0.002 0.003 0.002 0.002 0.002 0.002 0.022 
251       90    (0)    4 :  0.005 0.023 0.001 0.003 0.001 0.003 0.007 0.003 0.003 0.002 0.950 
252       92    (0)    4 :  0.026 0.683 0.002 0.013 0.003 0.013 0.006 0.014 0.017 0.017 0.206 
253       96    (0)    4 :  0.014 0.023 0.002 0.010 0.019 0.009 0.008 0.010 0.007 0.070 0.828 
254       97    (0)    4 :  0.019 0.870 0.001 0.006 0.003 0.006 0.011 0.006 0.005 0.012 0.061 
255      105    (0)    4 :  0.007 0.918 0.002 0.006 0.009 0.005 0.010 0.006 0.005 0.004 0.029 
256      120    (0)    4 :  0.005 0.970 0.003 0.003 0.002 0.003 0.002 0.003 0.003 0.004 0.004 
257      123    (0)    4 :  0.019 0.032 0.001 0.004 0.003 0.004 0.003 0.004 0.005 0.003 0.922 
258      128    (0)    4 :  0.009 0.006 0.002 0.005 0.003 0.005 0.002 0.005 0.002 0.005 0.957 
259      129    (0)    4 :  0.322 0.197 0.002 0.007 0.004 0.007 0.003 0.007 0.016 0.004 0.431 
260      132    (0)    4 :  0.003 0.942 0.002 0.006 0.002 0.005 0.005 0.006 0.003 0.007 0.019 
261      504    (0)    4 :  0.102 0.556 0.001 0.006 0.003 0.006 0.003 0.006 0.010 0.004 0.302 
262      505    (0)    4 :  0.021 0.734 0.002 0.008 0.004 0.008 0.011 0.007 0.010 0.005 0.191 
263      506    (0)    4 :  0.112 0.587 0.002 0.018 0.003 0.017 0.011 0.017 0.006 0.024 0.203 
264      507    (0)    4 :  0.095 0.833 0.003 0.006 0.004 0.006 0.007 0.006 0.015 0.004 0.020 
265      508    (0)    4 :  0.004 0.890 0.022 0.012 0.003 0.012 0.004 0.012 0.008 0.016 0.017 
266      509    (0)    4 :  0.011 0.792 0.003 0.015 0.003 0.017 0.021 0.016 0.007 0.003 0.112 
267      510    (0)    4 :  0.009 0.957 0.002 0.005 0.002 0.005 0.002 0.005 0.006 0.003 0.004 
268      511    (0)    4 :  0.020 0.789 0.002 0.006 0.012 0.006 0.122 0.006 0.005 0.003 0.029 
269      512    (0)    4 :  0.290 0.614 0.002 0.004 0.004 0.004 0.004 0.004 0.005 0.004 0.065 
270      513    (0)    4 :  0.057 0.879 0.002 0.004 0.002 0.004 0.004 0.004 0.003 0.003 0.037 
271      514    (0)    4 :  0.014 0.151 0.003 0.010 0.012 0.011 0.007 0.011 0.005 0.019 0.758 
272      515    (0)    4 :  0.014 0.720 0.008 0.021 0.004 0.022 0.004 0.021 0.012 0.021 0.152 
273      558    (0)    4 :  0.006 0.662 0.005 0.008 0.004 0.008 0.057 0.008 0.018 0.007 0.218 
274      559    (0)    4 :  0.004 0.036 0.002 0.003 0.002 0.003 0.003 0.003 0.003 0.005 0.937 
275      560    (0)    4 :  0.008 0.099 0.008 0.004 0.007 0.004 0.013 0.004 0.003 0.004 0.845 
276      561    (0)    4 :  0.026 0.635 0.003 0.006 0.004 0.006 0.076 0.005 0.003 0.002 0.233 
277      562    (0)    4 :  0.010 0.881 0.003 0.009 0.002 0.009 0.005 0.009 0.006 0.017 0.048 
278      563    (0)    4 :  0.002 0.974 0.003 0.003 0.002 0.003 0.002 0.003 0.002 0.004 0.003 
279      564    (0)    4 :  0.006 0.457 0.010 0.008 0.003 0.007 0.004 0.007 0.009 0.011 0.479 
280      136    (0)    5 :  0.010 0.005 0.002 0.006 0.004 0.007 0.041 0.007 0.005 0.003 0.910 
281      138    (0)    5 :  0.011 0.009 0.003 0.005 0.003 0.005 0.007 0.005 0.006 0.004 0.941 
282      140    (0)    5 :  0.008 0.015 0.003 0.007 0.008 0.007 0.004 0.008 0.011 0.009 0.919 
283      141    (0)    5 :  0.016 0.008 0.005 0.031 0.004 0.027 0.005 0.029 0.008 0.004 0.861 
284      144    (0)    5 :  0.008 0.005 0.002 0.004 0.011 0.005 0.003 0.005 0.003 0.006 0.948 
285      146    (0)    5 :  0.009 0.019 0.003 0.004 0.004 0.004 0.003 0.004 0.002 0.009 0.938 
286      148    (0)    5 :  0.081 0.121 0.002 0.013 0.002 0.013 0.016 0.014 0.005 0.013 0.720 
287      150    (0)    5 :  0.017 0.007 0.010 0.006 0.002 0.006 0.006 0.006 0.009 0.004 0.928 
288      152    (0)    5 :  0.030 0.027 0.002 0.005 0.002 0.005 0.004 0.005 0.004 0.002 0.915 
289      666    (0)    5 :  0.006 0.006 0.002 0.004 0.002 0.004 0.002 0.004 0.007 0.003 0.960 
290      667    (0)    5 :  0.009 0.008 0.001 0.011 0.002 0.011 0.003 0.012 0.006 0.007 0.930 
291      668    (0)    5 :  0.067 0.138 0.015 0.016 0.004 0.015 0.016 0.016 0.041 0.005 0.667 
292      669    (0)    5 :  0.040 0.018 0.004 0.005 0.002 0.005 0.104 0.005 0.010 0.003 0.804 
293      670    (0)    5 :  0.028 0.051 0.017 0.025 0.003 0.026 0.010 0.025 0.068 0.030 0.717 
294      684    (0)    5 :  0.017 0.014 0.003 0.005 0.003 0.004 0.024 0.004 0.006 0.005 0.915 
295      685    (0)    5 :  0.007 0.005 0.009 0.007 0.004 0.006 0.007 0.007 0.003 0.005 0.940 
296      686    (0)    5 :  0.016 0.127 0.003 0.006 0.003 0.006 0.006 0.006 0.008 0.004 0.816 
297      687    (0)    5 :  0.016 0.006 0.001 0.005 0.004 0.005 0.006 0.005 0.005 0.004 0.941 
298      688    (2)    5 :  0.058 0.007 0.002 0.004 0.004 0.004 0.007 0.004 0.005 0.003 0.901 
299      689    (0)    5 :  0.026 0.009 0.005 0.011 0.005 0.011 0.005 0.011 0.014 0.010 0.893 
300      165    (0)    6 :  0.007 0.006 0.003 0.012 0.004 0.012 0.008 0.012 0.012 0.011 0.915 
301      167    (0)    6 :  0.013 0.015 0.055 0.048 0.003 0.044 0.015 0.045 0.020 0.231 0.511 
302      170    (0)    6 :  0.008 0.020 0.004 0.008 0.011 0.009 0.006 0.009 0.015 0.016 0.894 
303      714    (0)    6 :  0.027 0.448 0.003 0.009 0.002 0.011 0.033 0.011 0.008 0.011 0.436 
304      715    (2)    6 :  0.069 0.235 0.018 0.143 0.004 0.137 0.011 0.141 0.022 0.035 0.185 
305      716    (0)    6 :  0.009 0.005 0.003 0.008 0.004 0.008 0.007 0.009 0.011 0.016 0.922 
306      717    (2)    6 :  0.016 0.293 0.011 0.160 0.008 0.162 0.011 0.169 0.010 0.097 0.063 
307     2346    (2)    6 :  0.002 0.004 0.010 0.226 0.093 0.269 0.003 0.370 0.013 0.009 0.002 
308      718    (0)    7 :  0.015 0.022 0.005 0.006 0.004 0.006 0.590 0.006 0.012 0.006 0.327 
309      719    (0)    7 :  0.025 0.017 0.006 0.026 0.017 0.027 0.276 0.031 0.018 0.007 0.549 
310      720    (0)    7 :  0.156 0.019 0.001 0.007 0.001 0.007 0.627 0.006 0.007 0.004 0.165 
311      721    (0)    7 :  0.031 0.032 0.016 0.031 0.014 0.027 0.037 0.028 0.023 0.005 0.758 
312      722    (0)    7 :  0.125 0.037 0.002 0.006 0.002 0.006 0.436 0.006 0.012 0.009 0.361 
313      723    (0)    7 :  0.115 0.076 0.001 0.007 0.005 0.007 0.013 0.007 0.019 0.025 0.725 
314      724    (0)    7 :  0.027 0.003 0.005 0.005 0.002 0.004 0.261 0.004 0.006 0.003 0.680 
315      725    (0)    7 :  0.007 0.011 0.003 0.004 0.006 0.004 0.314 0.004 0.004 0.003 0.641 
316      726    (0)    7 :  0.005 0.009 0.003 0.013 0.003 0.013 0.636 0.015 0.005 0.089 0.209 
317      727    (0)    7 :  0.009 0.004 0.002 0.003 0.002 0.003 0.011 0.003 0.003 0.003 0.958 
318      728    (2)    7 :  0.074 0.028 0.002 0.013 0.002 0.011 0.648 0.013 0.007 0.005 0.197 
319      729    (0)    7 :  0.011 0.013 0.010 0.014 0.004 0.016 0.055 0.016 0.253 0.019 0.588 
320      730    (0)    7 :  0.002 0.002 0.003 0.002 0.001 0.002 0.980 0.002 0.002 0.002 0.002 
321      731    (0)    7 :  0.005 0.020 0.005 0.012 0.006 0.013 0.028 0.013 0.013 0.005 0.879 
322      732    (0)    7 :  0.032 0.003 0.002 0.004 0.005 0.003 0.933 0.003 0.003 0.004 0.008 
323      733    (0)    7 :  0.004 0.011 0.012 0.004 0.003 0.004 0.008 0.004 0.012 0.012 0.926 
324      734    (0)    7 :  0.005 0.041 0.002 0.002 0.002 0.003 0.004 0.003 0.005 0.002 0.931 
325      189    (0)    8 :  0.011 0.008 0.007 0.007 0.897 0.008 0.003 0.008 0.007 0.037 0.008 
326      190    (0)    8 :  0.004 0.002 0.002 0.003 0.973 0.003 0.002 0.003 0.003 0.003 0.003 
327      193    (0)    8 :  0.002 0.006 0.001 0.008 0.953 0.008 0.002 0.009 0.003 0.003 0.004 
328      761    (0)    8 :  0.003 0.003 0.001 0.002 0.974 0.002 0.002 0.002 0.003 0.004 0.002 
329      762    (0)    8 :  0.002 0.002 0.002 0.004 0.959 0.004 0.009 0.004 0.007 0.003 0.005 
330      763    (0)    8 :  0.005 0.004 0.003 0.004 0.961 0.004 0.003 0.004 0.005 0.003 0.004 
331      764    (0)    8 :  0.007 0.002 0.002 0.003 0.964 0.003 0.004 0.003 0.004 0.004 0.004 
332      765    (0)    8 :  0.005 0.005 0.002 0.005 0.957 0.005 0.004 0.005 0.004 0.005 0.004 
333      778    (0)    8 :  0.014 0.017 0.013 0.015 0.873 0.016 0.004 0.017 0.006 0.011 0.013 
334      779    (0)    8 :  0.026 0.002 0.003 0.004 0.939 0.004 0.003 0.004 0.004 0.006 0.005 
335      780    (0)    8 :  0.003 0.002 0.002 0.003 0.972 0.003 0.002 0.003 0.005 0.002 0.002 
336      781    (0)    8 :  0.003 0.005 0.016 0.003 0.954 0.003 0.004 0.003 0.003 0.004 0.003 
337      782    (0)    8 :  0.018 0.009 0.002 0.005 0.941 0.005 0.002 0.005 0.003 0.004 0.007 
338      783    (0)    8 :  0.002 0.001 0.001 0.001 0.986 0.001 0.001 0.001 0.002 0.001 0.002 
339      784    (0)    8 :  0.004 0.004 0.002 0.005 0.959 0.005 0.002 0.005 0.003 0.008 0.003 
340      785    (0)    8 :  0.003 0.002 0.004 0.004 0.963 0.004 0.004 0.004 0.005 0.003 0.003 
341      786    (0)    8 :  0.003 0.002 0.001 0.004 0.966 0.004 0.001 0.004 0.005 0.007 0.003 
342      787    (0)    8 :  0.009 0.002 0.003 0.003 0.965 0.003 0.002 0.003 0.003 0.002 0.004 
343      788    (0)    8 :  0.005 0.010 0.004 0.010 0.927 0.011 0.004 0.010 0.007 0.003 0.008 
344      789    (0)    8 :  0.011 0.002 0.002 0.011 0.936 0.010 0.001 0.010 0.003 0.010 0.004 
345      790    (0)    8 :  0.009 0.002 0.005 0.005 0.946 0.005 0.003 0.005 0.005 0.011 0.004 
346      791    (0)    8 :  0.011 0.004 0.002 0.006 0.944 0.007 0.002 0.006 0.005 0.004 0.008 
347      792    (0)    8 :  0.002 0.003 0.004 0.002 0.976 0.002 0.003 0.002 0.002 0.002 0.002 
348      793    (0)    8 :  0.013 0.003 0.002 0.006 0.944 0.006 0.004 0.007 0.005 0.004 0.005 
349      794    (0)    8 :  0.003 0.003 0.003 0.005 0.957 0.006 0.003 0.006 0.006 0.005 0.003 
350      795    (0)    8 :  0.002 0.006 0.003 0.005 0.962 0.005 0.003 0.005 0.003 0.004 0.003 
351      796    (0)    8 :  0.002 0.002 0.003 0.002 0.979 0.002 0.002 0.002 0.002 0.002 0.002 
352      797    (0)    8 :  0.002 0.002 0.002 0.002 0.976 0.003 0.002 0.002 0.004 0.002 0.002 
353      798    (0)    8 :  0.003 0.005 0.002 0.003 0.961 0.003 0.003 0.003 0.006 0.004 0.007 
354      282    (0)    9 :  0.002 0.005 0.955 0.007 0.002 0.008 0.002 0.008 0.004 0.004 0.003 
355      284    (0)    9 :  0.002 0.002 0.961 0.003 0.010 0.004 0.007 0.003 0.003 0.003 0.003 
356      287    (0)    9 :  0.003 0.002 0.959 0.006 0.003 0.006 0.004 0.006 0.005 0.003 0.003 
357      295    (0)    9 :  0.001 0.002 0.987 0.001 0.001 0.001 0.001 0.001 0.001 0.001 0.001 
358      302    (0)    9 :  0.002 0.001 0.986 0.001 0.002 0.001 0.001 0.001 0.002 0.001 0.001 
359      306    (2)    9 :  0.007 0.004 0.913 0.015 0.005 0.015 0.006 0.015 0.010 0.003 0.007 
360      308    (0)    9 :  0.002 0.002 0.981 0.002 0.001 0.002 0.003 0.002 0.002 0.001 0.002 
361      867    (0)    9 :  0.001 0.002 0.984 0.002 0.001 0.002 0.003 0.002 0.002 0.001 0.002 


Estimated Allele Frequencies in each cluster
First column gives estimated ancestral frequencies


Locus 1 : 1 
4 alleles
0.0% missing data
  89   (0.533) 0.613 0.285 0.076 0.545 0.640 0.546 0.689 0.548 0.532 0.441 0.630 
  91   (0.370) 0.218 0.554 0.726 0.367 0.312 0.365 0.299 0.361 0.406 0.533 0.342 
  93   (0.076) 0.168 0.159 0.046 0.066 0.047 0.069 0.010 0.070 0.042 0.021 0.027 
  99   (0.022) 0.002 0.002 0.151 0.022 0.001 0.020 0.002 0.021 0.019 0.005 0.001 

Locus 2 : 2 
6 alleles
1.4% missing data
 136   (0.334) 0.423 0.681 0.200 0.347 0.457 0.353 0.115 0.346 0.084 0.197 0.570 
 134   (0.240) 0.132 0.189 0.032 0.225 0.379 0.228 0.198 0.233 0.253 0.400 0.154 
 138   (0.300) 0.363 0.114 0.751 0.289 0.156 0.287 0.249 0.292 0.518 0.281 0.235 
 140   (0.078) 0.079 0.012 0.010 0.082 0.005 0.078 0.433 0.078 0.032 0.099 0.038 
 132   (0.025) 0.002 0.003 0.003 0.036 0.001 0.033 0.002 0.030 0.004 0.006 0.001 
 142   (0.023) 0.002 0.002 0.003 0.022 0.001 0.020 0.002 0.020 0.109 0.017 0.001 

Locus 3 : 3 
6 alleles
0.0% missing data
 181   (0.234) 0.152 0.087 0.195 0.211 0.070 0.220 0.071 0.224 0.356 0.265 0.261 
 187   (0.363) 0.670 0.543 0.750 0.359 0.257 0.355 0.693 0.358 0.171 0.381 0.458 
 179   (0.245) 0.165 0.353 0.034 0.264 0.016 0.259 0.218 0.254 0.223 0.271 0.250 
 191   (0.034) 0.003 0.004 0.004 0.029 0.195 0.029 0.004 0.031 0.007 0.008 0.027 
 185   (0.073) 0.006 0.008 0.010 0.080 0.459 0.078 0.008 0.078 0.099 0.054 0.002 
 175   (0.050) 0.004 0.005 0.006 0.057 0.003 0.059 0.005 0.055 0.143 0.020 0.002 

Locus 4 : 4 
10 alleles
0.0% missing data
 253   (0.520) 0.507 0.504 0.537 0.553 0.466 0.533 0.651 0.532 0.573 0.419 0.797 
 249   (0.030) 0.003 0.035 0.004 0.022 0.002 0.023 0.293 0.024 0.004 0.007 0.067 
 271   (0.039) 0.003 0.049 0.005 0.031 0.003 0.032 0.005 0.034 0.010 0.141 0.034 
 241   (0.135) 0.068 0.341 0.210 0.125 0.150 0.133 0.020 0.131 0.155 0.101 0.020 
 257   (0.008) 0.001 0.003 0.001 0.006 0.001 0.006 0.001 0.006 0.002 0.002 0.001 
 269   (0.169) 0.410 0.059 0.232 0.153 0.099 0.162 0.021 0.161 0.220 0.240 0.079 
 247   (0.071) 0.005 0.007 0.009 0.088 0.278 0.086 0.007 0.085 0.033 0.083 0.002 
 239   (0.008) 0.001 0.001 0.001 0.006 0.001 0.007 0.001 0.007 0.001 0.002 0.000 
 245   (0.008) 0.001 0.001 0.001 0.006 0.000 0.007 0.001 0.007 0.001 0.002 0.000 
 273   (0.011) 0.001 0.001 0.001 0.010 0.001 0.011 0.001 0.011 0.001 0.003 0.000 

Locus 5 : 5 
7 alleles
0.8% missing data
 103   (0.849) 0.986 0.981 0.979 0.808 0.964 0.818 0.984 0.821 0.948 0.951 0.989 
 104   (0.058) 0.007 0.009 0.009 0.088 0.004 0.075 0.006 0.075 0.028 0.019 0.007 
 105   (0.046) 0.004 0.005 0.006 0.066 0.003 0.065 0.005 0.063 0.018 0.018 0.002 
 102   (0.018) 0.001 0.002 0.003 0.019 0.001 0.020 0.002 0.019 0.002 0.005 0.001 
 101   (0.012) 0.001 0.001 0.002 0.009 0.014 0.010 0.001 0.010 0.002 0.004 0.000 
 107   (0.008) 0.001 0.001 0.001 0.006 0.000 0.007 0.001 0.007 0.001 0.002 0.000 
  99   (0.009) 0.001 0.001 0.001 0.005 0.013 0.005 0.001 0.006 0.001 0.002 0.000 

Locus 6 : 6 
5 alleles
0.3% missing data
 141   (0.296) 0.476 0.286 0.040 0.280 0.135 0.280 0.841 0.283 0.222 0.596 0.590 
 145   (0.397) 0.219 0.147 0.384 0.434 0.263 0.432 0.074 0.423 0.585 0.198 0.193 
 135   (0.230) 0.142 0.363 0.564 0.220 0.287 0.220 0.067 0.222 0.182 0.167 0.202 
 147   (0.067) 0.162 0.203 0.010 0.055 0.314 0.057 0.018 0.061 0.010 0.037 0.015 
 137   (0.011) 0.001 0.001 0.001 0.011 0.001 0.011 0.001 0.012 0.001 0.002 0.000 

Locus 7 : 7 
8 alleles
1.1% missing data
  93   (0.244) 0.304 0.400 0.712 0.222 0.070 0.227 0.618 0.227 0.289 0.258 0.324 
 103   (0.286) 0.564 0.303 0.044 0.303 0.505 0.290 0.088 0.288 0.354 0.266 0.376 
  91   (0.067) 0.047 0.008 0.064 0.061 0.157 0.064 0.007 0.064 0.036 0.021 0.032 
  97   (0.201) 0.064 0.147 0.150 0.203 0.256 0.205 0.029 0.206 0.138 0.173 0.185 
  85   (0.040) 0.004 0.009 0.006 0.037 0.003 0.039 0.005 0.039 0.028 0.011 0.055 
  89   (0.102) 0.012 0.128 0.016 0.092 0.006 0.098 0.247 0.102 0.112 0.255 0.027 
  83   (0.049) 0.004 0.005 0.007 0.069 0.003 0.065 0.005 0.063 0.041 0.013 0.002 
 105   (0.011) 0.001 0.001 0.001 0.013 0.001 0.011 0.001 0.011 0.002 0.002 0.000 

Locus 8 : 8 
8 alleles
0.0% missing data
 129   (0.532) 0.699 0.441 0.156 0.530 0.639 0.530 0.667 0.530 0.714 0.543 0.706 
 141   (0.066) 0.040 0.149 0.009 0.061 0.207 0.062 0.012 0.060 0.020 0.017 0.104 
 149   (0.097) 0.163 0.056 0.013 0.094 0.017 0.094 0.016 0.097 0.057 0.115 0.133 
 143   (0.255) 0.094 0.350 0.730 0.270 0.133 0.267 0.300 0.268 0.195 0.313 0.055 
 145   (0.008) 0.001 0.001 0.001 0.006 0.001 0.007 0.001 0.007 0.001 0.002 0.000 
 133   (0.016) 0.001 0.002 0.002 0.018 0.001 0.020 0.001 0.017 0.003 0.003 0.001 
 131   (0.012) 0.001 0.001 0.046 0.006 0.002 0.007 0.001 0.008 0.008 0.003 0.000 
 127   (0.015) 0.001 0.001 0.044 0.014 0.001 0.013 0.001 0.013 0.002 0.004 0.000 

Locus 9 : 9 
4 alleles
0.0% missing data
 191   (0.374) 0.586 0.604 0.258 0.377 0.543 0.368 0.830 0.369 0.306 0.214 0.546 
 195   (0.149) 0.245 0.043 0.401 0.129 0.055 0.131 0.035 0.136 0.252 0.200 0.183 
 189   (0.469) 0.168 0.352 0.339 0.489 0.402 0.495 0.133 0.490 0.441 0.583 0.268 
 193   (0.008) 0.001 0.001 0.001 0.005 0.001 0.005 0.001 0.006 0.001 0.002 0.003 

Locus 10 : 10 
7 alleles
0.0% missing data
 232   (0.247) 0.156 0.398 0.187 0.244 0.273 0.249 0.570 0.249 0.169 0.074 0.302 
 238   (0.558) 0.744 0.414 0.411 0.570 0.346 0.562 0.135 0.563 0.756 0.870 0.568 
 252   (0.112) 0.082 0.180 0.019 0.109 0.034 0.111 0.280 0.110 0.065 0.036 0.110 
 254   (0.043) 0.016 0.005 0.378 0.038 0.261 0.040 0.011 0.039 0.005 0.011 0.018 
 250   (0.010) 0.001 0.001 0.001 0.013 0.001 0.012 0.001 0.011 0.001 0.002 0.000 
 248   (0.021) 0.002 0.002 0.003 0.019 0.085 0.020 0.002 0.020 0.003 0.005 0.001 
 236   (0.008) 0.001 0.001 0.001 0.006 0.001 0.007 0.001 0.007 0.001 0.002 0.000 

Locus 11 : 11 
3 alleles
0.0% missing data
  87   (0.728) 0.595 0.560 0.964 0.738 0.537 0.738 0.367 0.738 0.830 0.914 0.661 
  89   (0.214) 0.400 0.331 0.029 0.212 0.380 0.212 0.601 0.210 0.139 0.062 0.286 
  91   (0.058) 0.005 0.109 0.007 0.050 0.083 0.049 0.032 0.052 0.031 0.024 0.053 

Locus 12 : 12 
12 alleles
0.0% missing data
 160   (0.213) 0.235 0.188 0.587 0.192 0.713 0.196 0.034 0.199 0.279 0.271 0.098 
 162   (0.255) 0.244 0.115 0.081 0.278 0.233 0.267 0.707 0.263 0.227 0.356 0.210 
 147   (0.055) 0.098 0.334 0.007 0.041 0.003 0.044 0.141 0.045 0.048 0.018 0.109 
 158   (0.234) 0.401 0.321 0.032 0.236 0.023 0.239 0.086 0.237 0.216 0.154 0.541 
 161   (0.102) 0.009 0.027 0.130 0.108 0.019 0.111 0.016 0.111 0.120 0.034 0.029 
 170   (0.049) 0.006 0.006 0.007 0.061 0.003 0.058 0.007 0.058 0.027 0.027 0.011 
 149   (0.023) 0.002 0.002 0.003 0.018 0.001 0.019 0.002 0.019 0.045 0.121 0.001 
 154   (0.019) 0.001 0.002 0.002 0.021 0.001 0.023 0.002 0.022 0.002 0.006 0.001 
 143   (0.022) 0.002 0.002 0.148 0.027 0.001 0.025 0.002 0.024 0.004 0.005 0.001 
 150   (0.008) 0.001 0.001 0.001 0.004 0.000 0.005 0.001 0.005 0.009 0.002 0.000 
 159   (0.011) 0.001 0.001 0.001 0.008 0.001 0.008 0.001 0.009 0.021 0.003 0.000 
 164   (0.008) 0.001 0.001 0.001 0.006 0.000 0.006 0.001 0.007 0.001 0.002 0.000 

Locus 13 : 13 
4 alleles
0.0% missing data
 108   (0.192) 0.152 0.165 0.310 0.183 0.199 0.187 0.416 0.190 0.107 0.069 0.167 
 115   (0.444) 0.764 0.368 0.097 0.439 0.288 0.442 0.510 0.440 0.533 0.543 0.533 
 113   (0.356) 0.083 0.467 0.592 0.371 0.513 0.364 0.073 0.363 0.359 0.387 0.299 
 109   (0.008) 0.001 0.001 0.001 0.007 0.001 0.007 0.001 0.007 0.001 0.002 0.000 

Locus 14 : 14 
5 alleles
0.3% missing data
 227   (0.161) 0.250 0.321 0.231 0.145 0.020 0.145 0.060 0.145 0.349 0.076 0.259 
 231   (0.124) 0.060 0.116 0.295 0.125 0.351 0.131 0.022 0.132 0.019 0.034 0.105 
 229   (0.520) 0.338 0.405 0.118 0.548 0.416 0.544 0.867 0.538 0.512 0.754 0.490 
 225   (0.122) 0.301 0.025 0.244 0.111 0.208 0.112 0.016 0.115 0.075 0.119 0.053 
 233   (0.073) 0.051 0.133 0.112 0.071 0.005 0.068 0.034 0.069 0.044 0.019 0.093 

Locus 15 : 15 
5 alleles
0.3% missing data
 143   (0.835) 0.947 0.973 0.764 0.837 0.813 0.834 0.982 0.830 0.862 0.907 0.967 
 157   (0.010) 0.002 0.001 0.002 0.006 0.001 0.006 0.001 0.007 0.001 0.003 0.021 
 145   (0.090) 0.046 0.019 0.226 0.099 0.006 0.097 0.011 0.098 0.071 0.032 0.010 
 147   (0.047) 0.004 0.005 0.006 0.042 0.148 0.044 0.004 0.048 0.063 0.054 0.002 
 133   (0.019) 0.001 0.002 0.002 0.017 0.032 0.018 0.002 0.018 0.002 0.004 0.001 

Locus 16 : 16 
5 alleles
0.3% missing data
 156   (0.249) 0.256 0.103 0.577 0.251 0.501 0.252 0.211 0.253 0.218 0.112 0.314 
 158   (0.522) 0.508 0.683 0.221 0.530 0.202 0.531 0.315 0.526 0.655 0.440 0.505 
 160   (0.137) 0.205 0.203 0.018 0.119 0.112 0.120 0.462 0.123 0.101 0.414 0.132 
 154   (0.082) 0.030 0.010 0.183 0.093 0.184 0.091 0.011 0.091 0.011 0.030 0.049 
 152   (0.010) 0.001 0.001 0.001 0.007 0.001 0.007 0.001 0.007 0.015 0.004 0.000 

Locus 17 : 17 
5 alleles
0.0% missing data
 102   (0.228) 0.255 0.107 0.034 0.237 0.200 0.232 0.096 0.227 0.201 0.265 0.251 
  90   (0.659) 0.734 0.850 0.594 0.638 0.792 0.649 0.610 0.653 0.778 0.481 0.714 
  88   (0.071) 0.008 0.039 0.009 0.080 0.005 0.075 0.290 0.074 0.010 0.234 0.034 
 100   (0.033) 0.002 0.003 0.362 0.041 0.002 0.039 0.003 0.040 0.006 0.012 0.001 
 104   (0.008) 0.001 0.001 0.001 0.005 0.001 0.005 0.001 0.006 0.006 0.008 0.000 

Locus 18 : 18 
8 alleles
0.3% missing data
 142   (0.155) 0.405 0.365 0.021 0.153 0.010 0.153 0.783 0.153 0.067 0.114 0.402 
 146   (0.100) 0.324 0.032 0.014 0.093 0.222 0.088 0.046 0.091 0.084 0.171 0.154 
 140   (0.256) 0.045 0.415 0.312 0.266 0.179 0.265 0.043 0.264 0.240 0.307 0.105 
 127   (0.251) 0.140 0.088 0.472 0.262 0.062 0.265 0.067 0.261 0.341 0.107 0.194 
 148   (0.097) 0.009 0.049 0.013 0.086 0.212 0.090 0.031 0.092 0.060 0.256 0.068 
 128   (0.030) 0.003 0.020 0.104 0.032 0.002 0.028 0.007 0.028 0.004 0.008 0.064 
 150   (0.055) 0.004 0.006 0.007 0.057 0.309 0.057 0.006 0.058 0.161 0.017 0.002 
 138   (0.058) 0.069 0.025 0.057 0.053 0.004 0.054 0.017 0.053 0.043 0.021 0.012 

Locus 19 : 19 
6 alleles
0.0% missing data
 188   (0.197) 0.032 0.178 0.026 0.209 0.173 0.209 0.566 0.204 0.162 0.089 0.115 
 190   (0.151) 0.584 0.343 0.020 0.122 0.199 0.127 0.019 0.129 0.178 0.227 0.358 
 194   (0.566) 0.377 0.470 0.944 0.582 0.481 0.579 0.407 0.578 0.560 0.424 0.524 
 200   (0.061) 0.005 0.006 0.007 0.068 0.004 0.064 0.005 0.067 0.097 0.254 0.002 
 202   (0.016) 0.001 0.002 0.002 0.012 0.142 0.013 0.001 0.014 0.002 0.003 0.001 
 196   (0.009) 0.001 0.001 0.001 0.007 0.001 0.007 0.001 0.008 0.001 0.002 0.000 

Locus 20 : 20 
6 alleles
0.8% missing data
 252   (0.710) 0.919 0.714 0.369 0.741 0.723 0.737 0.812 0.731 0.760 0.740 0.823 
 250   (0.083) 0.012 0.069 0.333 0.067 0.143 0.069 0.012 0.072 0.079 0.061 0.116 
 244   (0.020) 0.045 0.002 0.003 0.013 0.001 0.013 0.154 0.015 0.006 0.005 0.003 
 254   (0.079) 0.013 0.011 0.117 0.070 0.084 0.071 0.010 0.075 0.086 0.098 0.039 
 246   (0.087) 0.007 0.200 0.175 0.084 0.048 0.087 0.010 0.085 0.063 0.091 0.007 
 248   (0.022) 0.003 0.004 0.003 0.025 0.001 0.022 0.002 0.022 0.005 0.005 0.013 

Locus 21 : 21 
7 alleles
0.0% missing data
 173   (0.280) 0.404 0.133 0.140 0.260 0.214 0.266 0.166 0.264 0.587 0.271 0.358 
 177   (0.301) 0.140 0.623 0.267 0.298 0.171 0.302 0.179 0.301 0.206 0.479 0.297 
 175   (0.127) 0.087 0.036 0.452 0.131 0.255 0.134 0.018 0.132 0.071 0.040 0.022 
 167   (0.188) 0.303 0.193 0.127 0.187 0.121 0.182 0.626 0.186 0.118 0.065 0.317 
 163   (0.040) 0.003 0.005 0.005 0.044 0.223 0.043 0.004 0.043 0.009 0.011 0.004 
 159   (0.022) 0.002 0.002 0.003 0.033 0.001 0.031 0.002 0.031 0.003 0.007 0.001 
 165   (0.041) 0.062 0.007 0.006 0.047 0.014 0.043 0.004 0.043 0.005 0.127 0.001 

Locus 22 : 22 
11 alleles
1.1% missing data
 146   (0.224) 0.047 0.245 0.084 0.223 0.140 0.220 0.824 0.223 0.319 0.221 0.265 
 154   (0.013) 0.021 0.005 0.002 0.007 0.001 0.008 0.001 0.008 0.002 0.003 0.077 
 166   (0.094) 0.009 0.238 0.118 0.099 0.006 0.101 0.011 0.096 0.027 0.133 0.032 
 152   (0.455) 0.905 0.447 0.461 0.430 0.370 0.438 0.139 0.445 0.589 0.572 0.576 
 150   (0.033) 0.003 0.008 0.113 0.039 0.002 0.034 0.004 0.033 0.008 0.014 0.009 
 164   (0.026) 0.003 0.039 0.004 0.022 0.002 0.023 0.004 0.023 0.004 0.006 0.016 
 158   (0.072) 0.006 0.008 0.010 0.093 0.105 0.089 0.009 0.088 0.018 0.025 0.022 
 162   (0.042) 0.003 0.005 0.005 0.053 0.071 0.054 0.004 0.050 0.009 0.016 0.001 
 142   (0.016) 0.001 0.002 0.002 0.019 0.001 0.016 0.002 0.017 0.012 0.004 0.001 
 156   (0.013) 0.001 0.001 0.002 0.007 0.301 0.007 0.001 0.008 0.013 0.003 0.000 
 148   (0.012) 0.001 0.001 0.200 0.008 0.001 0.009 0.001 0.009 0.001 0.002 0.000 

Locus 23 : 23 
7 alleles
0.6% missing data
 152   (0.018) 0.002 0.089 0.002 0.010 0.001 0.011 0.002 0.012 0.003 0.004 0.072 
 156   (0.121) 0.014 0.081 0.017 0.146 0.035 0.145 0.012 0.142 0.032 0.078 0.047 
 144   (0.157) 0.064 0.157 0.559 0.137 0.635 0.141 0.024 0.145 0.283 0.049 0.207 
 160   (0.115) 0.116 0.287 0.016 0.091 0.106 0.097 0.014 0.100 0.097 0.231 0.188 
 154   (0.554) 0.790 0.383 0.401 0.586 0.221 0.573 0.925 0.569 0.581 0.518 0.484 
 158   (0.024) 0.014 0.003 0.003 0.020 0.001 0.021 0.022 0.022 0.003 0.117 0.001 
 146   (0.010) 0.001 0.001 0.002 0.010 0.001 0.011 0.001 0.010 0.001 0.002 0.000 

Locus 24 : 24 
4 alleles
0.3% missing data
  77   (0.093) 0.112 0.025 0.013 0.077 0.052 0.082 0.042 0.083 0.091 0.063 0.365 
  83   (0.468) 0.730 0.605 0.713 0.450 0.918 0.452 0.232 0.457 0.377 0.496 0.439 
  81   (0.364) 0.150 0.332 0.264 0.396 0.025 0.387 0.714 0.385 0.417 0.418 0.168 
  85   (0.075) 0.008 0.038 0.010 0.077 0.005 0.079 0.012 0.076 0.115 0.024 0.028 

Locus 25 : 25 
6 alleles
0.3% missing data
 132   (0.343) 0.569 0.169 0.212 0.340 0.448 0.338 0.914 0.338 0.360 0.229 0.502 
 124   (0.515) 0.329 0.784 0.395 0.521 0.543 0.523 0.067 0.522 0.530 0.656 0.427 
 126   (0.031) 0.092 0.034 0.004 0.022 0.002 0.025 0.004 0.024 0.004 0.007 0.046 
 122   (0.078) 0.007 0.010 0.054 0.084 0.005 0.081 0.013 0.082 0.103 0.100 0.023 
 120   (0.019) 0.001 0.002 0.333 0.019 0.001 0.018 0.002 0.019 0.002 0.004 0.001 
 136   (0.014) 0.001 0.002 0.002 0.014 0.001 0.015 0.001 0.014 0.002 0.004 0.001 

Locus 26 : 26 
7 alleles
0.0% missing data
 165   (0.215) 0.027 0.160 0.301 0.211 0.055 0.213 0.677 0.214 0.292 0.200 0.145 
 183   (0.362) 0.794 0.468 0.320 0.356 0.420 0.355 0.203 0.356 0.306 0.332 0.527 
 179   (0.090) 0.010 0.114 0.333 0.089 0.006 0.087 0.017 0.088 0.091 0.033 0.067 
 175   (0.286) 0.166 0.254 0.040 0.298 0.451 0.293 0.098 0.292 0.304 0.425 0.260 
 181   (0.031) 0.002 0.003 0.004 0.034 0.067 0.038 0.003 0.035 0.004 0.007 0.001 
 157   (0.008) 0.001 0.001 0.001 0.006 0.000 0.007 0.001 0.007 0.001 0.002 0.000 
 185   (0.008) 0.001 0.001 0.001 0.006 0.001 0.007 0.001 0.008 0.001 0.002 0.000 

Locus 27 : 27 
4 alleles
0.0% missing data
 142   (0.650) 0.619 0.629 0.355 0.654 0.740 0.650 0.337 0.649 0.770 0.637 0.731 
 148   (0.191) 0.090 0.161 0.624 0.204 0.068 0.200 0.395 0.201 0.084 0.060 0.080 
 138   (0.056) 0.280 0.199 0.007 0.040 0.004 0.043 0.256 0.047 0.018 0.015 0.172 
 150   (0.103) 0.012 0.012 0.014 0.103 0.188 0.106 0.011 0.103 0.128 0.288 0.017 

Locus 28 : 28 
6 alleles
1.1% missing data
 260   (0.396) 0.675 0.458 0.090 0.398 0.378 0.393 0.273 0.390 0.538 0.448 0.289 
 262   (0.494) 0.315 0.530 0.894 0.489 0.547 0.496 0.712 0.498 0.371 0.456 0.701 
 256   (0.069) 0.007 0.008 0.010 0.075 0.072 0.071 0.011 0.073 0.051 0.083 0.009 
 258   (0.014) 0.001 0.001 0.002 0.015 0.001 0.016 0.001 0.015 0.002 0.004 0.000 
 264   (0.020) 0.002 0.002 0.002 0.018 0.001 0.020 0.002 0.019 0.029 0.008 0.001 
 266   (0.008) 0.001 0.001 0.001 0.005 0.001 0.005 0.001 0.005 0.009 0.002 0.000 

Locus 29 : 29 
7 alleles
0.6% missing data
 146   (0.260) 0.325 0.277 0.038 0.268 0.336 0.267 0.080 0.268 0.224 0.222 0.149 
 150   (0.449) 0.563 0.471 0.158 0.463 0.291 0.461 0.168 0.454 0.554 0.370 0.712 
 140   (0.176) 0.101 0.036 0.788 0.172 0.060 0.174 0.695 0.175 0.162 0.228 0.082 
 148   (0.069) 0.006 0.207 0.010 0.059 0.310 0.060 0.052 0.061 0.028 0.132 0.046 
 152   (0.029) 0.002 0.003 0.004 0.028 0.002 0.027 0.003 0.030 0.030 0.043 0.001 
 151   (0.009) 0.001 0.005 0.001 0.005 0.001 0.005 0.001 0.006 0.001 0.002 0.007 
 142   (0.008) 0.001 0.001 0.001 0.005 0.001 0.005 0.001 0.006 0.001 0.003 0.003 

Locus 30 : 30 
6 alleles
0.3% missing data
 125   (0.292) 0.295 0.289 0.155 0.316 0.032 0.318 0.631 0.315 0.096 0.106 0.506 
 129   (0.436) 0.664 0.634 0.228 0.409 0.781 0.405 0.306 0.409 0.596 0.589 0.432 
 123   (0.147) 0.031 0.065 0.021 0.145 0.104 0.145 0.048 0.145 0.241 0.123 0.057 
 131   (0.046) 0.004 0.005 0.007 0.061 0.003 0.059 0.005 0.056 0.021 0.040 0.002 
 127   (0.066) 0.005 0.007 0.542 0.060 0.079 0.063 0.008 0.064 0.044 0.139 0.002 
 121   (0.012) 0.001 0.001 0.047 0.008 0.001 0.009 0.001 0.010 0.002 0.003 0.000 

Locus 31 : 31 
6 alleles
0.3% missing data
 159   (0.138) 0.018 0.130 0.018 0.128 0.009 0.131 0.074 0.132 0.295 0.231 0.165 
 155   (0.573) 0.928 0.821 0.579 0.596 0.713 0.588 0.568 0.584 0.441 0.325 0.632 
 157   (0.170) 0.019 0.034 0.135 0.167 0.021 0.170 0.297 0.172 0.198 0.373 0.113 
 153   (0.079) 0.029 0.010 0.108 0.076 0.005 0.076 0.056 0.076 0.060 0.059 0.085 
 151   (0.032) 0.005 0.003 0.158 0.027 0.251 0.028 0.004 0.030 0.004 0.009 0.003 
 163   (0.008) 0.001 0.001 0.001 0.006 0.001 0.006 0.002 0.006 0.002 0.002 0.001 

Locus 32 : 32 
4 alleles
1.1% missing data
  91   (0.434) 0.229 0.661 0.555 0.421 0.151 0.425 0.535 0.427 0.535 0.397 0.637 
  94   (0.068) 0.008 0.079 0.009 0.079 0.005 0.077 0.041 0.075 0.010 0.021 0.061 
  95   (0.167) 0.145 0.038 0.296 0.181 0.407 0.174 0.020 0.173 0.070 0.345 0.118 
  92   (0.331) 0.618 0.222 0.140 0.318 0.437 0.324 0.405 0.324 0.385 0.237 0.184 

Locus 33 : 33 
5 alleles
0.0% missing data
 146   (0.283) 0.054 0.062 0.582 0.308 0.314 0.305 0.057 0.304 0.385 0.167 0.083 
 150   (0.604) 0.874 0.887 0.402 0.592 0.636 0.590 0.930 0.592 0.554 0.618 0.836 
 148   (0.065) 0.068 0.046 0.010 0.049 0.047 0.052 0.007 0.055 0.018 0.170 0.080 
 154   (0.033) 0.003 0.005 0.005 0.042 0.002 0.044 0.005 0.041 0.010 0.008 0.001 
 152   (0.014) 0.001 0.002 0.002 0.008 0.001 0.009 0.001 0.009 0.033 0.037 0.000 

Locus 34 : 34 
7 alleles
0.0% missing data
 180   (0.457) 0.346 0.383 0.715 0.466 0.666 0.467 0.421 0.461 0.336 0.357 0.663 
 196   (0.115) 0.281 0.171 0.015 0.102 0.007 0.108 0.135 0.109 0.143 0.038 0.161 
 184   (0.207) 0.216 0.142 0.241 0.189 0.074 0.195 0.416 0.197 0.331 0.185 0.138 
 194   (0.020) 0.083 0.048 0.002 0.012 0.001 0.012 0.002 0.014 0.003 0.006 0.023 
 192   (0.116) 0.009 0.012 0.015 0.137 0.184 0.129 0.014 0.131 0.119 0.390 0.008 
 198   (0.073) 0.064 0.242 0.009 0.087 0.067 0.080 0.010 0.081 0.016 0.022 0.007 
 190   (0.011) 0.001 0.001 0.001 0.007 0.001 0.007 0.001 0.008 0.051 0.003 0.000 

Locus 35 : 35 
6 alleles
0.0% missing data
 110   (0.185) 0.600 0.136 0.188 0.182 0.069 0.177 0.250 0.179 0.087 0.109 0.319 
 112   (0.363) 0.280 0.755 0.050 0.360 0.061 0.367 0.076 0.364 0.413 0.436 0.539 
 106   (0.286) 0.029 0.089 0.191 0.294 0.711 0.294 0.604 0.295 0.399 0.286 0.117 
  90   (0.041) 0.036 0.006 0.439 0.030 0.003 0.032 0.054 0.032 0.005 0.133 0.018 
 108   (0.117) 0.054 0.013 0.131 0.130 0.110 0.126 0.014 0.125 0.095 0.034 0.006 
  96   (0.009) 0.001 0.001 0.001 0.005 0.046 0.005 0.001 0.006 0.001 0.002 0.000 

Locus 36 : 36 
9 alleles
0.0% missing data
 166   (0.067) 0.358 0.190 0.009 0.049 0.004 0.050 0.013 0.053 0.106 0.051 0.257 
 176   (0.099) 0.096 0.376 0.014 0.094 0.016 0.099 0.023 0.098 0.014 0.099 0.129 
 172   (0.341) 0.461 0.207 0.050 0.347 0.580 0.336 0.429 0.333 0.369 0.484 0.446 
 170   (0.269) 0.044 0.183 0.587 0.277 0.325 0.283 0.496 0.279 0.237 0.118 0.158 
 174   (0.124) 0.032 0.018 0.018 0.136 0.067 0.135 0.013 0.137 0.177 0.183 0.005 
 178   (0.039) 0.004 0.022 0.005 0.038 0.003 0.039 0.020 0.041 0.037 0.019 0.003 
 168   (0.038) 0.003 0.004 0.315 0.043 0.002 0.040 0.004 0.040 0.013 0.040 0.001 
 186   (0.014) 0.001 0.001 0.002 0.010 0.001 0.010 0.001 0.012 0.045 0.003 0.000 
 158   (0.008) 0.001 0.001 0.001 0.007 0.000 0.007 0.001 0.007 0.001 0.002 0.000 

Locus 37 : 37 
6 alleles
0.0% missing data
  89   (0.548) 0.630 0.672 0.347 0.557 0.508 0.547 0.245 0.551 0.653 0.764 0.664 
  95   (0.058) 0.036 0.022 0.008 0.051 0.004 0.052 0.048 0.052 0.086 0.015 0.090 
  85   (0.184) 0.246 0.250 0.516 0.170 0.236 0.170 0.264 0.172 0.121 0.163 0.215 
  81   (0.057) 0.005 0.007 0.010 0.068 0.004 0.074 0.008 0.067 0.039 0.016 0.011 
  83   (0.136) 0.081 0.049 0.019 0.143 0.247 0.146 0.434 0.144 0.098 0.039 0.020 
  91   (0.015) 0.001 0.001 0.101 0.012 0.001 0.012 0.001 0.013 0.002 0.003 0.000 

Locus 38 : 38 
10 alleles
0.0% missing data
 161   (0.342) 0.535 0.542 0.422 0.328 0.373 0.339 0.093 0.339 0.257 0.434 0.558 
 165   (0.219) 0.039 0.249 0.146 0.239 0.103 0.239 0.063 0.229 0.240 0.064 0.199 
 159   (0.024) 0.045 0.014 0.003 0.019 0.001 0.018 0.003 0.019 0.004 0.005 0.031 
 173   (0.245) 0.139 0.085 0.190 0.245 0.512 0.240 0.171 0.249 0.288 0.441 0.137 
 169   (0.105) 0.237 0.104 0.232 0.105 0.007 0.099 0.663 0.100 0.157 0.037 0.062 
 167   (0.019) 0.002 0.002 0.002 0.022 0.002 0.019 0.002 0.019 0.003 0.005 0.012 
 168   (0.011) 0.001 0.001 0.001 0.010 0.001 0.011 0.001 0.011 0.001 0.002 0.000 
 155   (0.018) 0.001 0.002 0.002 0.021 0.001 0.022 0.002 0.022 0.003 0.006 0.001 
 177   (0.008) 0.001 0.001 0.001 0.006 0.000 0.006 0.001 0.007 0.001 0.003 0.000 
 175   (0.009) 0.001 0.001 0.001 0.005 0.001 0.005 0.001 0.006 0.046 0.002 0.000 

Locus 39 : 39 
6 alleles
0.6% missing data
  87   (0.111) 0.214 0.129 0.630 0.094 0.128 0.097 0.016 0.100 0.043 0.103 0.159 
  89   (0.421) 0.429 0.674 0.057 0.426 0.095 0.425 0.767 0.426 0.594 0.485 0.596 
  91   (0.161) 0.255 0.029 0.175 0.175 0.183 0.171 0.177 0.168 0.066 0.087 0.110 
  81   (0.118) 0.012 0.084 0.017 0.123 0.116 0.121 0.013 0.120 0.078 0.122 0.101 
  85   (0.180) 0.072 0.083 0.121 0.178 0.478 0.181 0.027 0.181 0.218 0.202 0.033 
  83   (0.008) 0.017 0.001 0.001 0.004 0.000 0.005 0.001 0.005 0.001 0.002 0.000 

Locus 40 : 40 
4 alleles
0.3% missing data
 167   (0.759) 0.846 0.903 0.644 0.759 0.859 0.756 0.919 0.754 0.773 0.855 0.929 
 161   (0.207) 0.151 0.093 0.352 0.209 0.138 0.213 0.075 0.215 0.161 0.136 0.069 
 165   (0.025) 0.002 0.003 0.003 0.026 0.002 0.024 0.005 0.024 0.065 0.007 0.002 
 177   (0.009) 0.001 0.001 0.001 0.006 0.001 0.007 0.001 0.007 0.001 0.002 0.000 

Locus 41 : 41 
6 alleles
0.3% missing data
 228   (0.449) 0.710 0.662 0.616 0.429 0.232 0.431 0.713 0.432 0.510 0.586 0.480 
 238   (0.334) 0.269 0.257 0.096 0.356 0.115 0.357 0.073 0.350 0.326 0.192 0.339 
 224   (0.028) 0.002 0.053 0.004 0.018 0.002 0.020 0.003 0.021 0.003 0.073 0.105 
 236   (0.096) 0.011 0.017 0.272 0.084 0.393 0.086 0.201 0.091 0.041 0.096 0.073 
 232   (0.012) 0.001 0.003 0.001 0.010 0.001 0.010 0.001 0.011 0.002 0.003 0.001 
 240   (0.081) 0.006 0.008 0.010 0.103 0.258 0.095 0.009 0.096 0.117 0.051 0.003 

Locus 42 : 42 
7 alleles
0.0% missing data
 128   (0.131) 0.012 0.086 0.018 0.122 0.035 0.122 0.262 0.123 0.221 0.171 0.164 
 130   (0.549) 0.842 0.553 0.076 0.570 0.774 0.565 0.669 0.565 0.399 0.568 0.563 
 114   (0.058) 0.058 0.040 0.428 0.045 0.004 0.047 0.034 0.049 0.007 0.088 0.116 
 132   (0.100) 0.010 0.303 0.014 0.094 0.050 0.094 0.015 0.093 0.213 0.030 0.149 
 118   (0.063) 0.005 0.006 0.233 0.065 0.131 0.061 0.010 0.064 0.085 0.047 0.003 
 134   (0.092) 0.074 0.011 0.231 0.099 0.006 0.105 0.010 0.099 0.074 0.094 0.004 
 136   (0.008) 0.001 0.001 0.001 0.006 0.000 0.007 0.001 0.007 0.001 0.002 0.000 

Locus 43 : 43 
6 alleles
0.8% missing data
 102   (0.285) 0.522 0.450 0.524 0.270 0.476 0.270 0.080 0.269 0.347 0.242 0.381 
 104   (0.394) 0.232 0.142 0.056 0.435 0.413 0.426 0.099 0.422 0.506 0.545 0.204 
  92   (0.130) 0.044 0.298 0.065 0.137 0.008 0.140 0.017 0.140 0.062 0.040 0.112 
  96   (0.065) 0.020 0.039 0.110 0.055 0.004 0.058 0.723 0.059 0.023 0.022 0.071 
  98   (0.119) 0.167 0.070 0.243 0.098 0.099 0.101 0.080 0.104 0.061 0.149 0.230 
 106   (0.008) 0.015 0.001 0.001 0.005 0.001 0.005 0.001 0.006 0.001 0.002 0.000 

Locus 44 : 44 
5 alleles
0.3% missing data
 101   (0.310) 0.601 0.267 0.043 0.304 0.185 0.317 0.081 0.312 0.244 0.438 0.424 
 103   (0.300) 0.215 0.349 0.256 0.292 0.348 0.289 0.447 0.293 0.466 0.190 0.181 
  99   (0.143) 0.064 0.212 0.413 0.153 0.009 0.147 0.079 0.149 0.085 0.251 0.033 
  95   (0.237) 0.120 0.171 0.128 0.245 0.457 0.240 0.392 0.238 0.203 0.119 0.362 
  97   (0.011) 0.001 0.001 0.160 0.007 0.001 0.007 0.001 0.008 0.001 0.002 0.000 

Locus 45 : 45 
7 alleles
0.3% missing data
 177   (0.061) 0.009 0.182 0.009 0.055 0.004 0.056 0.007 0.058 0.061 0.015 0.069 
 191   (0.268) 0.037 0.114 0.255 0.299 0.102 0.294 0.047 0.289 0.174 0.431 0.218 
 181   (0.604) 0.949 0.697 0.528 0.578 0.860 0.582 0.940 0.585 0.713 0.538 0.710 
 183   (0.012) 0.001 0.001 0.002 0.011 0.001 0.011 0.001 0.011 0.002 0.003 0.000 
 179   (0.037) 0.003 0.004 0.204 0.048 0.002 0.046 0.003 0.044 0.004 0.009 0.001 
 193   (0.010) 0.001 0.001 0.001 0.005 0.001 0.006 0.001 0.007 0.045 0.002 0.000 
 189   (0.009) 0.001 0.001 0.001 0.004 0.031 0.005 0.001 0.005 0.001 0.002 0.000 

Locus 46 : 46 
6 alleles
0.8% missing data
 205   (0.467) 0.727 0.546 0.272 0.495 0.405 0.483 0.863 0.479 0.547 0.431 0.457 
 211   (0.226) 0.164 0.137 0.322 0.224 0.273 0.227 0.046 0.232 0.108 0.395 0.266 
 207   (0.139) 0.069 0.188 0.019 0.125 0.203 0.134 0.067 0.131 0.226 0.059 0.142 
 201   (0.075) 0.029 0.063 0.374 0.066 0.005 0.067 0.013 0.069 0.052 0.057 0.081 
 215   (0.081) 0.010 0.065 0.011 0.079 0.114 0.077 0.009 0.078 0.064 0.055 0.054 
 202   (0.011) 0.001 0.001 0.001 0.012 0.001 0.011 0.001 0.011 0.002 0.003 0.000 

Locus 47 : 47 
9 alleles
1.1% missing data
 144   (0.089) 0.146 0.095 0.014 0.075 0.130 0.077 0.065 0.079 0.039 0.034 0.268 
 158   (0.163) 0.017 0.366 0.024 0.178 0.085 0.177 0.042 0.175 0.068 0.189 0.139 
 168   (0.147) 0.342 0.077 0.189 0.133 0.108 0.141 0.063 0.143 0.045 0.077 0.195 
 166   (0.149) 0.218 0.153 0.066 0.122 0.385 0.128 0.460 0.130 0.233 0.043 0.322 
 142   (0.348) 0.267 0.275 0.051 0.387 0.286 0.370 0.358 0.366 0.548 0.629 0.071 
 170   (0.012) 0.002 0.001 0.002 0.010 0.001 0.011 0.002 0.011 0.002 0.003 0.003 
 162   (0.028) 0.002 0.003 0.115 0.030 0.002 0.028 0.003 0.028 0.032 0.007 0.001 
 164   (0.041) 0.003 0.017 0.006 0.045 0.003 0.049 0.005 0.047 0.026 0.012 0.001 
 156   (0.024) 0.002 0.013 0.534 0.019 0.001 0.020 0.002 0.021 0.006 0.007 0.001 

Locus 48 : 48 
7 alleles
6.1% missing data
 149   (0.353) 0.266 0.184 0.336 0.363 0.334 0.361 0.438 0.360 0.387 0.321 0.209 
 151   (0.181) 0.050 0.552 0.070 0.170 0.012 0.177 0.133 0.177 0.144 0.377 0.232 
 153   (0.221) 0.505 0.160 0.029 0.235 0.028 0.228 0.113 0.223 0.361 0.221 0.316 
 147   (0.030) 0.003 0.027 0.049 0.025 0.002 0.025 0.004 0.027 0.004 0.010 0.041 
 145   (0.192) 0.174 0.075 0.512 0.187 0.622 0.190 0.309 0.191 0.102 0.064 0.198 
 152   (0.008) 0.001 0.001 0.001 0.005 0.001 0.005 0.002 0.006 0.001 0.003 0.004 
 143   (0.014) 0.001 0.001 0.002 0.015 0.001 0.015 0.001 0.016 0.002 0.004 0.001 

Values of parameters used in structure:
DATAFILE=temp2_np.str,	OUTFILE=k11/temp2_np_k11_run7,	NUMINDS=361,	NUMLOCI=48,	MISSING=-9,	LABEL=1,	POPDATA=1,	POPFLAG=0,	PHENOTYPE=0,	EXTRACOLS=0,	MAXPOPS=11,	BURNIN=500000,	NUMREPS=750000,	USEPOPINFO=0,	INFERALPHA=1,	INFERLAMBDA=0,	POPSPECIFICLAMBDA=0,	POPALPHAS=0,	COMPUTEPROB=1,	NOADMIX=0,	ADMBURNIN=500,	UPDATEFREQ=100,	PRINTLIKES=0,	INTERMEDSAVE=0,	PRINTKLD=0,	PRINTNET=1,	PRINTLAMBDA=1,	ANCESTDIST=0,	NUMBOXES=1000,	ANCESTPINT=0.90000,	GENSBACK=2,	MIGRPRIOR=0.01000,	PRINTQHAT=0,	PRINTQSUM=1,	ALPHA=1.0000,	FREQSCORR=1,	FPRIORMEAN=0.0100,	FPRIORSD=0.0500,	ONEFST=0,	LAMBDA=1.0000,	UNIFPRIORALPHA=1,	ALPHAMAX=10.0000,	ALPHAPRIORA=1.0000,	ALPHAPRIORB=2.0000,	ALPHAPROPSD=0.0250,	STARTATPOPINFO=0,	RANDOMIZE=0,	LINKAGE=0,	METROFREQ=10,	REPORTHITRATE=0,	MARKOVPHASE=0,	PHASED=1,	PLOIDY=2,	PHASEINFO=0	LOCPRIOR=0, 	LOCPRIORINIT=1.000000, 	LOCDATA=0, 	LOCISPOP=1, 	LOCPRIORSTEP=0.100000, 	MAXLOCPRIOR=20.000000, 	SEED=852079,	
[STRAT parameters]:    NUMSIMSTATS=1000,	PHENOTYPECOL=-9,	POOLFREQ=10,	LOCUSxONLY=0,	EMERROR=0.00100,	MISSINGPHENO=-9,	