

----------------------------------------------------
STRUCTURE by Pritchard, Stephens and Donnelly (2000)
     and Falush, Stephens and Pritchard (2003)
       Code by Pritchard, Falush and Hubisz
             Version 2.3.4 (Jul 2012)
----------------------------------------------------



Command line arguments:   structure -D 306330 -K 9 -m mainparams -o k9/temp2_np_k9_run8 
Input File:    temp2_np.str

Run parameters:
   361 individuals
   48 loci
   9 populations assumed
   500000 Burn-in period
   750000 Reps
RANDOMIZE turned off


--------------------------------------------
Proportion of membership of each pre-defined
 population in each of the 9 clusters

Given    Inferred Clusters                                                 Number of
 Pop       1      2      3      4      5      6      7      8      9      Individuals

  1:     0.010  0.010  0.014  0.008  0.004  0.844  0.008  0.011  0.092       63
  2:     0.009  0.012  0.020  0.011  0.006  0.910  0.009  0.012  0.012       20
  3:     0.013  0.015  0.026  0.017  0.004  0.693  0.007  0.021  0.204       19
  4:     0.007  0.009  0.007  0.009  0.004  0.232  0.004  0.007  0.721       31
  5:     0.010  0.011  0.008  0.006  0.004  0.907  0.004  0.007  0.044       20
  6:     0.015  0.042  0.136  0.060  0.013  0.476  0.014  0.066  0.177        8
  7:     0.025  0.210  0.011  0.014  0.006  0.561  0.004  0.012  0.158       17
  8:     0.004  0.004  0.005  0.005  0.003  0.005  0.965  0.005  0.004       29
  9:     0.004  0.004  0.005  0.002  0.972  0.003  0.003  0.004  0.002        8
 10:     0.091  0.123  0.298  0.032  0.007  0.012  0.020  0.402  0.016       21
 11:     0.201  0.095  0.252  0.143  0.007  0.012  0.011  0.268  0.011       30
 12:     0.718  0.019  0.040  0.134  0.004  0.015  0.014  0.033  0.023       25
 13:     0.668  0.032  0.081  0.099  0.005  0.021  0.009  0.065  0.020       32
 14:     0.070  0.117  0.382  0.017  0.013  0.022  0.027  0.340  0.011       34
 15:     0.009  0.188  0.202  0.011  0.003  0.019  0.006  0.551  0.010        4
--------------------------------------------

Allele-freq. divergence among pops (Net nucleotide distance),
computed using point estimates of P.

      1       2       3       4       5       6       7       8       9      
 1      -    0.0508  0.0138  0.0301  0.1190  0.0396  0.0704  0.0157  0.0469  
 2   0.0508     -    0.0328  0.0606  0.1288  0.0436  0.0891  0.0334  0.0558  
 3   0.0138  0.0328     -    0.0218  0.0915  0.0253  0.0509  0.0006  0.0289  
 4   0.0301  0.0606  0.0218     -    0.1275  0.0495  0.0791  0.0233  0.0512  
 5   0.1190  0.1288  0.0915  0.1275     -    0.1344  0.1293  0.0955  0.1276  
 6   0.0396  0.0436  0.0253  0.0495  0.1344     -    0.0761  0.0277  0.0238  
 7   0.0704  0.0891  0.0509  0.0791  0.1293  0.0761     -    0.0534  0.0852  
 8   0.0157  0.0334  0.0006  0.0233  0.0955  0.0277  0.0534     -    0.0311  
 9   0.0469  0.0558  0.0289  0.0512  0.1276  0.0238  0.0852  0.0311     -    

Average distances (expected heterozygosity) between individuals in same cluster:
cluster  1  : 0.5813 
cluster  2  : 0.5702 
cluster  3  : 0.6486 
cluster  4  : 0.5820 
cluster  5  : 0.5407 
cluster  6  : 0.5460 
cluster  7  : 0.5496 
cluster  8  : 0.6409 
cluster  9  : 0.5552 

--------------------------------------------
Estimated Ln Prob of Data   = -41663.7
Mean value of ln likelihood = -37710.4
Variance of ln likelihood   = 7906.6
Mean value of alpha         = 0.0334

Mean value of Fst_1         = 0.0686
Mean value of Fst_2         = 0.2372
Mean value of Fst_3         = 0.0012
Mean value of Fst_4         = 0.1234
Mean value of Fst_5         = 0.2920
Mean value of Fst_6         = 0.1186
Mean value of Fst_7         = 0.2048
Mean value of Fst_8         = 0.0180
Mean value of Fst_9         = 0.1473


Inferred ancestry of individuals:
        Label (%Miss) Pop:  Inferred clusters
  1     2055    (0)    1 :  0.011 0.005 0.005 0.003 0.003 0.530 0.002 0.005 0.436 
  2     2056    (0)    1 :  0.007 0.007 0.008 0.007 0.004 0.167 0.008 0.008 0.783 
  3     2057    (0)    1 :  0.008 0.009 0.013 0.023 0.003 0.887 0.002 0.015 0.038 
  4     2058    (0)    1 :  0.002 0.004 0.003 0.003 0.001 0.970 0.005 0.003 0.009 
  5     2059    (0)    1 :  0.003 0.004 0.005 0.007 0.002 0.955 0.003 0.005 0.016 
  6     2060    (0)    1 :  0.003 0.004 0.005 0.005 0.005 0.960 0.002 0.005 0.012 
  7     2061    (0)    1 :  0.006 0.007 0.011 0.005 0.018 0.932 0.005 0.011 0.004 
  8     2062    (0)    1 :  0.014 0.011 0.009 0.007 0.003 0.936 0.004 0.008 0.009 
  9     2063    (0)    1 :  0.005 0.005 0.004 0.005 0.003 0.944 0.002 0.004 0.029 
 10     2064    (0)    1 :  0.003 0.004 0.004 0.003 0.003 0.968 0.002 0.004 0.009 
 11     2065    (0)    1 :  0.002 0.008 0.002 0.001 0.002 0.964 0.002 0.002 0.017 
 12     2066    (0)    1 :  0.004 0.003 0.004 0.005 0.002 0.947 0.002 0.004 0.030 
 13     2067    (0)    1 :  0.007 0.006 0.010 0.006 0.004 0.899 0.009 0.009 0.049 
 14     2068    (0)    1 :  0.017 0.030 0.057 0.011 0.006 0.741 0.025 0.062 0.052 
 15     2069    (0)    1 :  0.003 0.005 0.003 0.002 0.002 0.972 0.002 0.003 0.008 
 16     2070    (0)    1 :  0.062 0.035 0.236 0.009 0.001 0.208 0.002 0.067 0.380 
 17     2071    (0)    1 :  0.005 0.007 0.010 0.007 0.011 0.927 0.008 0.009 0.015 
 18     2072    (0)    1 :  0.002 0.004 0.007 0.002 0.011 0.928 0.003 0.008 0.033 
 19     2073    (0)    1 :  0.012 0.036 0.023 0.015 0.010 0.866 0.009 0.024 0.005 
 20     2074    (0)    1 :  0.003 0.003 0.004 0.003 0.003 0.907 0.003 0.004 0.070 
 21     2075    (0)    1 :  0.005 0.009 0.007 0.003 0.003 0.591 0.017 0.007 0.357 
 22     2076    (0)    1 :  0.002 0.003 0.002 0.003 0.001 0.979 0.002 0.002 0.005 
 23     2077    (0)    1 :  0.015 0.014 0.013 0.017 0.007 0.904 0.009 0.011 0.011 
 24     2078    (0)    1 :  0.009 0.005 0.005 0.003 0.004 0.935 0.003 0.005 0.031 
 25     2079    (0)    1 :  0.013 0.007 0.010 0.018 0.001 0.898 0.036 0.010 0.007 
 26     2080    (0)    1 :  0.004 0.014 0.024 0.005 0.003 0.900 0.020 0.027 0.003 
 27     2081    (0)    1 :  0.004 0.004 0.004 0.004 0.002 0.965 0.003 0.005 0.008 
 28     2082    (0)    1 :  0.009 0.019 0.023 0.009 0.003 0.470 0.011 0.024 0.431 
 29     2083    (0)    1 :  0.007 0.007 0.014 0.006 0.003 0.829 0.002 0.012 0.120 
 30     2084    (0)    1 :  0.010 0.006 0.010 0.007 0.003 0.931 0.007 0.010 0.016 
 31     2085    (0)    1 :  0.017 0.010 0.011 0.006 0.002 0.637 0.003 0.009 0.307 
 32     2086    (0)    1 :  0.008 0.008 0.013 0.007 0.003 0.935 0.003 0.014 0.008 
 33     2087    (0)    1 :  0.005 0.013 0.006 0.004 0.005 0.913 0.044 0.006 0.005 
 34     2088    (0)    1 :  0.041 0.010 0.024 0.036 0.003 0.829 0.012 0.017 0.028 
 35     2089    (0)    1 :  0.002 0.002 0.002 0.002 0.001 0.974 0.002 0.002 0.011 
 36     2090    (0)    1 :  0.004 0.005 0.007 0.006 0.005 0.912 0.039 0.007 0.014 
 37     2091    (0)    1 :  0.006 0.004 0.005 0.007 0.001 0.943 0.003 0.004 0.027 
 38     2092    (0)    1 :  0.004 0.007 0.006 0.004 0.002 0.887 0.026 0.006 0.058 
 39     2093    (0)    1 :  0.003 0.005 0.003 0.002 0.001 0.969 0.002 0.003 0.012 
 40     2094    (0)    1 :  0.003 0.002 0.003 0.003 0.002 0.541 0.001 0.003 0.442 
 41     2095    (0)    1 :  0.005 0.004 0.006 0.006 0.005 0.931 0.034 0.005 0.004 
 42     2096    (0)    1 :  0.004 0.024 0.003 0.005 0.001 0.781 0.002 0.003 0.178 
 43     2097    (0)    1 :  0.003 0.004 0.004 0.006 0.002 0.970 0.002 0.003 0.007 
 44     2098    (0)    1 :  0.020 0.063 0.029 0.022 0.003 0.812 0.012 0.025 0.015 
 45     2099    (0)    1 :  0.023 0.023 0.073 0.035 0.008 0.436 0.004 0.046 0.352 
 46     2100    (0)    1 :  0.009 0.010 0.014 0.027 0.002 0.902 0.003 0.017 0.015 
 47     2101    (0)    1 :  0.008 0.006 0.006 0.007 0.003 0.944 0.006 0.005 0.016 
 48     2102    (2)    1 :  0.004 0.004 0.004 0.002 0.002 0.885 0.002 0.004 0.093 
 49     2103    (0)    1 :  0.010 0.007 0.006 0.010 0.002 0.666 0.004 0.007 0.287 
 50     2104    (0)    1 :  0.053 0.012 0.009 0.009 0.001 0.900 0.002 0.009 0.004 
 51     2105    (0)    1 :  0.030 0.006 0.007 0.005 0.006 0.915 0.004 0.007 0.021 
 52     2106    (0)    1 :  0.006 0.008 0.012 0.008 0.002 0.878 0.002 0.017 0.065 
 53     2107    (0)    1 :  0.021 0.046 0.008 0.005 0.003 0.882 0.004 0.009 0.022 
 54     2108    (0)    1 :  0.007 0.008 0.013 0.003 0.004 0.942 0.005 0.011 0.007 
 55     2109    (0)    1 :  0.011 0.008 0.010 0.006 0.004 0.414 0.002 0.010 0.535 
 56     2110    (0)    1 :  0.030 0.014 0.009 0.004 0.003 0.917 0.005 0.009 0.009 
 57     2111    (0)    1 :  0.011 0.003 0.004 0.005 0.001 0.964 0.003 0.004 0.005 
 58     2112    (0)    1 :  0.003 0.004 0.005 0.006 0.004 0.902 0.004 0.004 0.068 
 59     2583    (2)    1 :  0.005 0.004 0.005 0.006 0.006 0.889 0.008 0.004 0.073 
 60     2584    (4)    1 :  0.003 0.011 0.018 0.014 0.004 0.920 0.004 0.012 0.015 
 61     2587    (2)    1 :  0.011 0.004 0.005 0.011 0.002 0.942 0.003 0.005 0.018 
 62     2590    (2)    1 :  0.004 0.005 0.005 0.004 0.013 0.948 0.002 0.005 0.015 
 63     2591    (6)    1 :  0.011 0.007 0.008 0.013 0.001 0.880 0.012 0.008 0.059 
 64      315    (0)   10 :  0.115 0.080 0.560 0.009 0.009 0.013 0.040 0.168 0.006 
 65      565    (0)   10 :  0.005 0.093 0.614 0.005 0.003 0.007 0.027 0.237 0.008 
 66      566    (2)   10 :  0.534 0.068 0.160 0.056 0.004 0.009 0.016 0.135 0.019 
 67      567    (2)   10 :  0.005 0.162 0.230 0.016 0.002 0.023 0.004 0.549 0.008 
 68      877    (0)   10 :  0.010 0.181 0.237 0.011 0.002 0.007 0.003 0.530 0.018 
 69      878    (0)   10 :  0.005 0.152 0.196 0.049 0.012 0.005 0.007 0.570 0.004 
 70      879    (0)   10 :  0.014 0.131 0.424 0.063 0.008 0.006 0.005 0.338 0.011 
 71      880    (0)   10 :  0.006 0.172 0.145 0.013 0.002 0.005 0.005 0.644 0.008 
 72      881    (0)   10 :  0.013 0.114 0.490 0.007 0.006 0.005 0.009 0.351 0.004 
 73      882    (0)   10 :  0.005 0.154 0.196 0.034 0.025 0.005 0.011 0.563 0.007 
 74      883    (0)   10 :  0.012 0.134 0.362 0.023 0.008 0.007 0.004 0.440 0.010 
 75      884    (0)   10 :  0.253 0.085 0.196 0.019 0.002 0.026 0.003 0.391 0.026 
 76      885    (0)   10 :  0.051 0.134 0.208 0.016 0.007 0.005 0.004 0.553 0.022 
 77      886    (0)   10 :  0.017 0.114 0.246 0.004 0.011 0.009 0.128 0.466 0.005 
 78      887    (0)   10 :  0.709 0.018 0.058 0.117 0.013 0.020 0.005 0.032 0.027 
 79      888    (0)   10 :  0.005 0.124 0.258 0.003 0.004 0.024 0.007 0.450 0.124 
 80      889    (0)   10 :  0.070 0.107 0.381 0.125 0.011 0.006 0.005 0.289 0.005 
 81      890    (0)   10 :  0.013 0.169 0.292 0.011 0.005 0.005 0.016 0.486 0.003 
 82      891    (0)   10 :  0.006 0.165 0.181 0.007 0.002 0.011 0.006 0.613 0.008 
 83      892    (0)   10 :  0.008 0.118 0.353 0.080 0.007 0.009 0.005 0.411 0.009 
 84      893    (0)   10 :  0.051 0.098 0.463 0.005 0.002 0.042 0.114 0.218 0.006 
 85      341    (0)   11 :  0.005 0.119 0.471 0.065 0.004 0.004 0.011 0.316 0.004 
 86      343    (0)   11 :  0.021 0.121 0.621 0.007 0.004 0.008 0.008 0.208 0.003 
 87      914    (0)   11 :  0.923 0.041 0.006 0.004 0.002 0.009 0.004 0.006 0.005 
 88      916    (0)   11 :  0.009 0.131 0.314 0.004 0.003 0.019 0.004 0.470 0.046 
 89      924    (0)   11 :  0.593 0.068 0.117 0.011 0.002 0.004 0.017 0.183 0.005 
 90      938    (0)   11 :  0.021 0.010 0.009 0.921 0.004 0.014 0.002 0.008 0.010 
 91      939    (0)   11 :  0.169 0.006 0.010 0.761 0.002 0.018 0.018 0.011 0.005 
 92      940    (0)   11 :  0.708 0.035 0.073 0.065 0.005 0.004 0.003 0.101 0.006 
 93      941    (2)   11 :  0.016 0.004 0.007 0.941 0.009 0.003 0.010 0.006 0.004 
 94      942    (0)   11 :  0.015 0.143 0.434 0.009 0.004 0.005 0.015 0.369 0.006 
 95      943    (0)   11 :  0.072 0.102 0.381 0.004 0.002 0.015 0.003 0.381 0.041 
 96      944    (0)   11 :  0.815 0.030 0.045 0.007 0.004 0.038 0.004 0.040 0.016 
 97      945    (0)   11 :  0.957 0.003 0.006 0.017 0.002 0.003 0.002 0.006 0.004 
 98      946    (0)   11 :  0.146 0.115 0.360 0.010 0.072 0.008 0.003 0.279 0.007 
 99      947    (0)   11 :  0.038 0.162 0.257 0.005 0.002 0.005 0.041 0.485 0.005 
100      951    (0)   11 :  0.022 0.137 0.371 0.013 0.004 0.003 0.011 0.430 0.007 
101      952    (0)   11 :  0.042 0.087 0.546 0.021 0.010 0.006 0.079 0.205 0.005 
102      953    (0)   11 :  0.025 0.010 0.021 0.882 0.004 0.011 0.010 0.019 0.019 
103      954    (0)   11 :  0.243 0.118 0.210 0.045 0.010 0.012 0.008 0.349 0.004 
104      955    (0)   11 :  0.064 0.153 0.212 0.016 0.010 0.004 0.017 0.521 0.003 
105      961    (4)   11 :  0.013 0.144 0.181 0.014 0.002 0.019 0.004 0.609 0.013 
106      974    (0)   11 :  0.064 0.152 0.252 0.078 0.011 0.006 0.025 0.410 0.003 
107      975    (4)   11 :  0.065 0.128 0.363 0.010 0.003 0.015 0.002 0.389 0.025 
108      980    (0)   11 :  0.159 0.120 0.256 0.030 0.002 0.008 0.017 0.397 0.011 
109      981    (0)   11 :  0.008 0.120 0.344 0.243 0.004 0.011 0.003 0.259 0.007 
110      982    (0)   11 :  0.638 0.071 0.106 0.005 0.002 0.034 0.002 0.128 0.015 
111      984    (0)   11 :  0.017 0.086 0.619 0.062 0.010 0.026 0.004 0.165 0.011 
112      985    (0)   11 :  0.012 0.134 0.351 0.013 0.003 0.009 0.009 0.464 0.005 
113     2578    (4)   11 :  0.152 0.132 0.348 0.014 0.010 0.006 0.002 0.331 0.005 
114     2580    (2)   11 :  0.008 0.165 0.274 0.009 0.007 0.026 0.004 0.484 0.023 
115      328    (0)   12 :  0.086 0.071 0.219 0.007 0.012 0.065 0.014 0.150 0.375 
116      333    (0)   12 :  0.961 0.004 0.007 0.007 0.001 0.004 0.005 0.007 0.004 
117      918    (0)   12 :  0.868 0.018 0.012 0.004 0.007 0.007 0.071 0.011 0.003 
118      919    (0)   12 :  0.951 0.011 0.008 0.004 0.002 0.008 0.004 0.007 0.005 
119      920    (0)   12 :  0.953 0.005 0.011 0.005 0.003 0.005 0.002 0.006 0.009 
120      921    (0)   12 :  0.004 0.003 0.005 0.968 0.002 0.006 0.002 0.005 0.006 
121      922    (0)   12 :  0.924 0.008 0.009 0.008 0.002 0.019 0.003 0.009 0.018 
122      926    (0)   12 :  0.967 0.003 0.005 0.011 0.002 0.003 0.002 0.005 0.004 
123      927    (0)   12 :  0.942 0.006 0.005 0.026 0.002 0.006 0.004 0.005 0.003 
124      928    (0)   12 :  0.793 0.028 0.045 0.029 0.002 0.054 0.004 0.035 0.010 
125      929    (0)   12 :  0.777 0.033 0.039 0.025 0.007 0.038 0.002 0.058 0.021 
126      930    (0)   12 :  0.709 0.029 0.083 0.059 0.008 0.015 0.005 0.069 0.023 
127      932    (0)   12 :  0.014 0.003 0.007 0.948 0.002 0.006 0.005 0.005 0.010 
128      933    (0)   12 :  0.770 0.008 0.023 0.009 0.006 0.010 0.158 0.012 0.005 
129      949    (0)   12 :  0.003 0.002 0.003 0.979 0.002 0.003 0.002 0.003 0.004 
130      950    (0)   12 :  0.588 0.042 0.056 0.171 0.003 0.006 0.019 0.112 0.004 
131      964    (4)   12 :  0.888 0.014 0.022 0.027 0.012 0.010 0.002 0.019 0.006 
132      986    (0)   12 :  0.894 0.013 0.020 0.021 0.002 0.015 0.005 0.022 0.008 
133      987    (0)   12 :  0.760 0.032 0.076 0.007 0.002 0.033 0.008 0.058 0.025 
134     1001    (4)   12 :  0.960 0.004 0.005 0.005 0.003 0.011 0.002 0.005 0.004 
135     1002    (4)   12 :  0.953 0.007 0.006 0.003 0.005 0.007 0.009 0.005 0.003 
136     1003    (2)   12 :  0.300 0.104 0.328 0.013 0.007 0.032 0.003 0.203 0.011 
137     1004    (0)   12 :  0.965 0.004 0.007 0.004 0.003 0.003 0.005 0.006 0.003 
138     1005    (0)   12 :  0.946 0.007 0.009 0.005 0.003 0.013 0.005 0.009 0.004 
139     1010    (0)   12 :  0.970 0.003 0.004 0.003 0.001 0.005 0.005 0.003 0.005 
140      321    (0)   13 :  0.678 0.031 0.071 0.105 0.004 0.029 0.006 0.072 0.005 
141      338    (0)   13 :  0.972 0.004 0.004 0.005 0.002 0.004 0.002 0.004 0.002 
142      339    (0)   13 :  0.853 0.059 0.018 0.018 0.004 0.021 0.007 0.011 0.010 
143      363    (0)   13 :  0.023 0.014 0.021 0.895 0.012 0.004 0.005 0.024 0.003 
144      915    (0)   13 :  0.953 0.005 0.006 0.004 0.003 0.013 0.003 0.007 0.006 
145      917    (0)   13 :  0.697 0.016 0.043 0.198 0.001 0.006 0.003 0.032 0.003 
146      923    (0)   13 :  0.449 0.076 0.259 0.018 0.010 0.013 0.013 0.152 0.010 
147      925    (0)   13 :  0.957 0.004 0.005 0.005 0.003 0.005 0.005 0.005 0.010 
148      931    (0)   13 :  0.385 0.105 0.195 0.032 0.002 0.005 0.007 0.262 0.006 
149      935    (0)   13 :  0.937 0.007 0.015 0.008 0.003 0.007 0.004 0.014 0.005 
150      936    (0)   13 :  0.947 0.007 0.008 0.010 0.004 0.003 0.008 0.011 0.003 
151      937    (0)   13 :  0.944 0.007 0.012 0.013 0.001 0.003 0.002 0.013 0.005 
152      948    (0)   13 :  0.618 0.048 0.126 0.039 0.004 0.010 0.015 0.132 0.007 
153      956    (0)   13 :  0.945 0.005 0.010 0.006 0.001 0.008 0.003 0.010 0.012 
154      957    (0)   13 :  0.892 0.009 0.014 0.057 0.003 0.003 0.003 0.015 0.003 
155      967    (0)   13 :  0.932 0.010 0.016 0.013 0.003 0.004 0.004 0.016 0.003 
156      968    (2)   13 :  0.433 0.083 0.164 0.017 0.003 0.007 0.010 0.200 0.083 
157      969    (2)   13 :  0.772 0.032 0.064 0.026 0.003 0.010 0.015 0.072 0.007 
158      970    (2)   13 :  0.160 0.102 0.137 0.285 0.033 0.005 0.006 0.265 0.006 
159      971    (4)   13 :  0.707 0.013 0.009 0.239 0.002 0.013 0.003 0.008 0.006 
160      972    (0)   13 :  0.929 0.007 0.019 0.005 0.012 0.004 0.006 0.012 0.007 
161      973    (0)   13 :  0.033 0.116 0.528 0.006 0.004 0.005 0.015 0.281 0.012 
162      978    (0)   13 :  0.880 0.007 0.016 0.007 0.002 0.005 0.040 0.010 0.033 
163      979    (0)   13 :  0.119 0.053 0.114 0.105 0.004 0.274 0.002 0.117 0.211 
164      988    (6)   13 :  0.009 0.004 0.006 0.961 0.002 0.006 0.003 0.006 0.004 
165      989    (0)   13 :  0.730 0.035 0.074 0.051 0.004 0.016 0.005 0.068 0.017 
166      990    (0)   13 :  0.336 0.073 0.380 0.015 0.008 0.014 0.023 0.146 0.004 
167      991    (0)   13 :  0.959 0.003 0.005 0.015 0.002 0.003 0.004 0.005 0.004 
168      992    (0)   13 :  0.916 0.012 0.014 0.009 0.013 0.006 0.003 0.011 0.016 
169     1006    (2)   13 :  0.915 0.019 0.007 0.005 0.002 0.010 0.013 0.006 0.023 
170     1017    (0)   13 :  0.478 0.036 0.199 0.007 0.003 0.099 0.015 0.059 0.103 
171     2582    (4)   13 :  0.821 0.019 0.023 0.004 0.011 0.050 0.031 0.023 0.018 
172      319    (2)   14 :  0.008 0.132 0.440 0.050 0.002 0.008 0.005 0.348 0.008 
173      335    (0)   14 :  0.011 0.118 0.595 0.013 0.009 0.007 0.011 0.232 0.003 
174      895    (0)   14 :  0.008 0.121 0.409 0.043 0.007 0.004 0.005 0.399 0.003 
175      896    (0)   14 :  0.009 0.093 0.635 0.017 0.007 0.007 0.003 0.197 0.032 
176      897    (0)   14 :  0.008 0.143 0.265 0.005 0.002 0.004 0.007 0.553 0.014 
177      898    (0)   14 :  0.119 0.125 0.155 0.008 0.002 0.006 0.005 0.574 0.006 
178      899    (0)   14 :  0.058 0.093 0.328 0.010 0.005 0.254 0.006 0.232 0.014 
179      900    (0)   14 :  0.032 0.117 0.476 0.021 0.014 0.009 0.043 0.267 0.021 
180      901    (0)   14 :  0.012 0.086 0.438 0.068 0.004 0.150 0.040 0.192 0.011 
181      902    (0)   14 :  0.019 0.102 0.611 0.023 0.010 0.007 0.003 0.220 0.005 
182      903    (0)   14 :  0.006 0.122 0.510 0.006 0.024 0.004 0.003 0.315 0.011 
183      904    (0)   14 :  0.005 0.147 0.211 0.010 0.006 0.008 0.002 0.596 0.013 
184      905    (0)   14 :  0.005 0.114 0.515 0.045 0.022 0.029 0.004 0.245 0.021 
185      906    (0)   14 :  0.008 0.140 0.260 0.009 0.005 0.003 0.006 0.564 0.005 
186      907    (0)   14 :  0.013 0.155 0.383 0.010 0.013 0.005 0.008 0.393 0.022 
187      908    (0)   14 :  0.012 0.108 0.442 0.005 0.003 0.016 0.007 0.400 0.009 
188      909    (0)   14 :  0.636 0.008 0.016 0.004 0.004 0.015 0.292 0.020 0.005 
189      910    (0)   14 :  0.009 0.151 0.363 0.004 0.003 0.005 0.044 0.415 0.006 
190      911    (0)   14 :  0.012 0.159 0.389 0.008 0.007 0.017 0.040 0.363 0.005 
191      912    (0)   14 :  0.022 0.158 0.350 0.007 0.007 0.005 0.002 0.442 0.005 
192      913    (0)   14 :  0.173 0.080 0.343 0.006 0.076 0.036 0.048 0.218 0.020 
193     2411    (0)   14 :  0.007 0.142 0.238 0.005 0.004 0.007 0.004 0.584 0.008 
194     2412    (0)   14 :  0.753 0.023 0.090 0.035 0.021 0.008 0.008 0.041 0.021 
195     2413    (0)   14 :  0.005 0.140 0.443 0.007 0.008 0.009 0.019 0.359 0.010 
196     2414    (0)   14 :  0.021 0.084 0.739 0.006 0.004 0.006 0.002 0.133 0.004 
197     2415    (2)   14 :  0.035 0.126 0.337 0.022 0.003 0.015 0.017 0.425 0.021 
198     2417    (4)   14 :  0.065 0.109 0.421 0.006 0.005 0.055 0.007 0.320 0.012 
199     2418    (4)   14 :  0.006 0.167 0.255 0.009 0.004 0.006 0.008 0.537 0.010 
200     2419    (2)   14 :  0.047 0.120 0.504 0.018 0.002 0.005 0.005 0.295 0.004 
201     2420    (0)   14 :  0.013 0.128 0.405 0.007 0.073 0.003 0.006 0.361 0.004 
202     2421    (0)   14 :  0.195 0.105 0.265 0.027 0.006 0.005 0.010 0.374 0.012 
203     2422    (2)   14 :  0.007 0.109 0.231 0.046 0.005 0.007 0.241 0.352 0.003 
204     2423    (0)   14 :  0.009 0.141 0.491 0.021 0.006 0.018 0.009 0.291 0.014 
205     2576    (0)   14 :  0.015 0.127 0.436 0.012 0.072 0.010 0.010 0.308 0.011 
206     1079    (0)   15 :  0.009 0.219 0.110 0.008 0.002 0.011 0.003 0.632 0.006 
207     1081    (0)   15 :  0.010 0.176 0.209 0.007 0.003 0.036 0.007 0.544 0.009 
208     1082    (2)   15 :  0.004 0.166 0.259 0.018 0.004 0.005 0.008 0.526 0.010 
209     1083    (0)   15 :  0.013 0.193 0.230 0.010 0.003 0.026 0.007 0.501 0.017 
210       34    (0)    2 :  0.005 0.011 0.009 0.026 0.002 0.924 0.002 0.008 0.012 
211       38    (0)    2 :  0.017 0.027 0.043 0.011 0.006 0.809 0.043 0.031 0.013 
212       41    (0)    2 :  0.004 0.003 0.003 0.002 0.001 0.977 0.002 0.003 0.005 
213       44    (0)    2 :  0.004 0.005 0.007 0.005 0.001 0.963 0.002 0.005 0.007 
214       45    (0)    2 :  0.005 0.009 0.003 0.002 0.002 0.962 0.002 0.003 0.012 
215       47    (0)    2 :  0.019 0.050 0.205 0.040 0.010 0.565 0.024 0.077 0.011 
216       50    (0)    2 :  0.004 0.022 0.034 0.012 0.010 0.824 0.004 0.038 0.053 
217      384    (0)    2 :  0.014 0.005 0.007 0.017 0.003 0.928 0.003 0.006 0.017 
218      385    (2)    2 :  0.008 0.012 0.014 0.005 0.009 0.917 0.009 0.014 0.013 
219      386    (0)    2 :  0.002 0.003 0.003 0.003 0.001 0.975 0.002 0.003 0.008 
220      387    (0)    2 :  0.006 0.008 0.006 0.004 0.002 0.953 0.007 0.006 0.009 
221      388    (0)    2 :  0.004 0.023 0.003 0.003 0.002 0.952 0.006 0.003 0.005 
222      389    (0)    2 :  0.006 0.005 0.003 0.003 0.002 0.972 0.004 0.003 0.003 
223      390    (4)    2 :  0.020 0.008 0.017 0.004 0.031 0.877 0.016 0.013 0.014 
224      391    (0)    2 :  0.026 0.010 0.007 0.007 0.003 0.927 0.007 0.006 0.007 
225      392    (0)    2 :  0.007 0.003 0.004 0.007 0.002 0.963 0.002 0.004 0.009 
226      393    (2)    2 :  0.005 0.004 0.004 0.004 0.002 0.962 0.011 0.003 0.005 
227      394    (0)    2 :  0.003 0.007 0.003 0.003 0.002 0.975 0.002 0.003 0.004 
228      395    (0)    2 :  0.009 0.010 0.016 0.013 0.012 0.911 0.009 0.014 0.007 
229      396    (0)    2 :  0.005 0.018 0.006 0.046 0.013 0.867 0.014 0.004 0.026 
230     2498    (2)    3 :  0.005 0.005 0.008 0.023 0.005 0.919 0.007 0.007 0.020 
231     2513    (2)    3 :  0.006 0.007 0.006 0.005 0.002 0.931 0.011 0.006 0.025 
232     2514    (2)    3 :  0.014 0.017 0.037 0.031 0.002 0.803 0.004 0.033 0.060 
233     2597    (4)    3 :  0.018 0.018 0.020 0.026 0.010 0.872 0.004 0.015 0.016 
234     2499    (4)    3 :  0.012 0.029 0.050 0.009 0.005 0.694 0.011 0.068 0.122 
235     2500    (0)    3 :  0.003 0.005 0.006 0.007 0.005 0.935 0.007 0.008 0.024 
236     2506    (2)    3 :  0.005 0.011 0.009 0.006 0.005 0.799 0.004 0.007 0.155 
237     2509    (6)    3 :  0.014 0.021 0.049 0.074 0.009 0.757 0.022 0.036 0.018 
238     2511    (2)    3 :  0.004 0.013 0.006 0.004 0.001 0.454 0.005 0.006 0.506 
239     2512    (2)    3 :  0.006 0.027 0.007 0.003 0.008 0.854 0.002 0.006 0.087 
240     2515    (2)    3 :  0.003 0.004 0.004 0.003 0.002 0.397 0.002 0.003 0.583 
241     2516    (2)    3 :  0.013 0.016 0.016 0.011 0.001 0.586 0.002 0.024 0.331 
242     2517    (2)    3 :  0.029 0.008 0.008 0.006 0.002 0.485 0.003 0.007 0.451 
243     2518    (2)    3 :  0.033 0.012 0.015 0.009 0.004 0.709 0.009 0.015 0.195 
244     2519    (0)    3 :  0.051 0.041 0.155 0.011 0.002 0.520 0.021 0.068 0.132 
245     2520    (2)    3 :  0.003 0.005 0.003 0.002 0.002 0.509 0.002 0.003 0.472 
246     2521    (2)    3 :  0.014 0.020 0.048 0.061 0.002 0.161 0.003 0.057 0.634 
247     2603    (4)    3 :  0.005 0.013 0.037 0.022 0.003 0.858 0.003 0.024 0.034 
248     2606    (2)    3 :  0.008 0.006 0.010 0.007 0.005 0.933 0.002 0.009 0.019 
249       87    (0)    4 :  0.011 0.009 0.009 0.006 0.006 0.008 0.007 0.007 0.938 
250       88    (0)    4 :  0.002 0.002 0.002 0.002 0.001 0.012 0.002 0.002 0.974 
251       90    (0)    4 :  0.003 0.006 0.003 0.003 0.001 0.544 0.002 0.003 0.435 
252       92    (0)    4 :  0.015 0.009 0.010 0.014 0.002 0.097 0.003 0.010 0.841 
253       96    (0)    4 :  0.007 0.010 0.010 0.073 0.002 0.664 0.018 0.010 0.206 
254       97    (0)    4 :  0.005 0.006 0.005 0.011 0.001 0.046 0.003 0.005 0.918 
255      105    (0)    4 :  0.004 0.006 0.005 0.003 0.002 0.014 0.006 0.005 0.956 
256      120    (0)    4 :  0.002 0.002 0.003 0.004 0.003 0.003 0.002 0.002 0.979 
257      123    (0)    4 :  0.005 0.003 0.004 0.003 0.001 0.594 0.003 0.003 0.384 
258      128    (0)    4 :  0.002 0.004 0.005 0.006 0.002 0.961 0.003 0.006 0.012 
259      129    (0)    4 :  0.016 0.005 0.008 0.006 0.002 0.805 0.004 0.007 0.146 
260      132    (0)    4 :  0.003 0.004 0.007 0.009 0.003 0.015 0.002 0.006 0.951 
261      504    (0)    4 :  0.010 0.004 0.005 0.004 0.001 0.295 0.003 0.005 0.672 
262      505    (0)    4 :  0.007 0.006 0.006 0.004 0.001 0.110 0.003 0.006 0.857 
263      506    (0)    4 :  0.005 0.011 0.015 0.020 0.003 0.602 0.003 0.015 0.326 
264      507    (0)    4 :  0.016 0.006 0.006 0.004 0.003 0.031 0.003 0.006 0.925 
265      508    (0)    4 :  0.008 0.006 0.012 0.013 0.029 0.009 0.003 0.012 0.908 
266      509    (0)    4 :  0.007 0.017 0.015 0.003 0.003 0.098 0.003 0.021 0.834 
267      510    (0)    4 :  0.008 0.003 0.006 0.004 0.003 0.005 0.002 0.007 0.961 
268      511    (0)    4 :  0.005 0.055 0.006 0.003 0.002 0.072 0.014 0.007 0.836 
269      512    (0)    4 :  0.005 0.004 0.004 0.004 0.002 0.162 0.005 0.004 0.811 
270      513    (0)    4 :  0.003 0.003 0.005 0.003 0.002 0.052 0.002 0.004 0.926 
271      514    (0)    4 :  0.005 0.009 0.010 0.016 0.002 0.387 0.013 0.009 0.549 
272      515    (0)    4 :  0.010 0.009 0.014 0.018 0.008 0.073 0.004 0.016 0.846 
273      558    (0)    4 :  0.015 0.018 0.007 0.006 0.005 0.099 0.003 0.006 0.841 
274      559    (0)    4 :  0.002 0.002 0.003 0.004 0.002 0.519 0.002 0.003 0.462 
275      560    (0)    4 :  0.003 0.008 0.005 0.004 0.009 0.455 0.008 0.004 0.505 
276      561    (0)    4 :  0.003 0.027 0.005 0.003 0.003 0.209 0.004 0.005 0.741 
277      562    (0)    4 :  0.005 0.007 0.010 0.023 0.003 0.043 0.002 0.009 0.898 
278      563    (0)    4 :  0.002 0.002 0.004 0.004 0.004 0.003 0.003 0.003 0.976 
279      564    (0)    4 :  0.008 0.005 0.007 0.008 0.011 0.218 0.003 0.006 0.734 
280      136    (0)    5 :  0.005 0.031 0.007 0.003 0.002 0.935 0.004 0.006 0.008 
281      138    (0)    5 :  0.006 0.006 0.005 0.004 0.003 0.948 0.004 0.006 0.018 
282      140    (0)    5 :  0.011 0.005 0.009 0.009 0.003 0.929 0.007 0.007 0.021 
283      141    (0)    5 :  0.010 0.017 0.033 0.005 0.005 0.885 0.004 0.027 0.014 
284      144    (0)    5 :  0.003 0.004 0.005 0.006 0.002 0.950 0.013 0.005 0.011 
285      146    (0)    5 :  0.002 0.003 0.004 0.012 0.003 0.673 0.005 0.004 0.292 
286      148    (0)    5 :  0.004 0.011 0.010 0.010 0.002 0.865 0.001 0.008 0.090 
287      150    (0)    5 :  0.006 0.005 0.005 0.003 0.007 0.962 0.002 0.004 0.006 
288      152    (0)    5 :  0.004 0.004 0.004 0.002 0.002 0.966 0.002 0.004 0.014 
289      666    (0)    5 :  0.006 0.003 0.004 0.003 0.002 0.969 0.002 0.004 0.007 
290      667    (0)    5 :  0.005 0.007 0.015 0.007 0.001 0.942 0.002 0.009 0.011 
291      668    (0)    5 :  0.027 0.011 0.010 0.004 0.012 0.866 0.003 0.008 0.060 
292      669    (0)    5 :  0.008 0.053 0.004 0.003 0.003 0.862 0.002 0.004 0.061 
293      670    (0)    5 :  0.062 0.013 0.020 0.027 0.015 0.791 0.003 0.015 0.055 
294      684    (0)    5 :  0.005 0.011 0.004 0.004 0.003 0.955 0.002 0.003 0.014 
295      685    (0)    5 :  0.002 0.006 0.005 0.005 0.007 0.960 0.003 0.006 0.006 
296      686    (0)    5 :  0.007 0.006 0.006 0.003 0.003 0.809 0.003 0.005 0.157 
297      687    (0)    5 :  0.004 0.006 0.004 0.003 0.001 0.968 0.004 0.004 0.005 
298      688    (2)    5 :  0.004 0.005 0.003 0.003 0.002 0.968 0.003 0.003 0.008 
299      689    (0)    5 :  0.011 0.007 0.010 0.011 0.004 0.932 0.005 0.008 0.012 
300      165    (0)    6 :  0.016 0.013 0.014 0.016 0.003 0.868 0.004 0.015 0.051 
301      167    (0)    6 :  0.020 0.029 0.041 0.246 0.052 0.516 0.003 0.047 0.048 
302      170    (0)    6 :  0.016 0.007 0.009 0.014 0.004 0.907 0.011 0.007 0.026 
303      714    (0)    6 :  0.007 0.022 0.009 0.009 0.003 0.293 0.002 0.008 0.647 
304      715    (2)    6 :  0.026 0.071 0.138 0.051 0.021 0.226 0.004 0.126 0.338 
305      716    (0)    6 :  0.011 0.009 0.009 0.017 0.003 0.919 0.003 0.008 0.022 
306      717    (2)    6 :  0.012 0.078 0.278 0.123 0.011 0.079 0.007 0.128 0.284 
307     2346    (2)    6 :  0.010 0.103 0.594 0.008 0.009 0.002 0.083 0.188 0.003 
308      718    (0)    7 :  0.010 0.349 0.008 0.007 0.008 0.501 0.005 0.009 0.103 
309      719    (0)    7 :  0.018 0.180 0.025 0.008 0.005 0.715 0.010 0.022 0.017 
310      720    (0)    7 :  0.006 0.366 0.006 0.004 0.001 0.534 0.001 0.007 0.073 
311      721    (0)    7 :  0.025 0.030 0.027 0.005 0.016 0.625 0.014 0.023 0.234 
312      722    (0)    7 :  0.010 0.222 0.006 0.007 0.003 0.495 0.002 0.005 0.250 
313      723    (0)    7 :  0.014 0.008 0.005 0.017 0.001 0.854 0.004 0.005 0.091 
314      724    (0)    7 :  0.006 0.178 0.005 0.003 0.004 0.788 0.002 0.005 0.010 
315      725    (0)    7 :  0.004 0.213 0.004 0.003 0.003 0.549 0.006 0.004 0.214 
316      726    (0)    7 :  0.007 0.392 0.018 0.114 0.003 0.406 0.003 0.016 0.041 
317      727    (0)    7 :  0.003 0.007 0.003 0.003 0.002 0.970 0.003 0.002 0.007 
318      728    (2)    7 :  0.009 0.364 0.011 0.005 0.003 0.515 0.002 0.014 0.076 
319      729    (0)    7 :  0.258 0.039 0.019 0.019 0.009 0.449 0.004 0.014 0.187 
320      730    (0)    7 :  0.009 0.615 0.020 0.009 0.011 0.285 0.002 0.044 0.005 
321      731    (0)    7 :  0.014 0.027 0.015 0.006 0.005 0.481 0.007 0.012 0.434 
322      732    (0)    7 :  0.003 0.566 0.006 0.006 0.002 0.403 0.004 0.007 0.004 
323      733    (0)    7 :  0.016 0.010 0.006 0.016 0.015 0.518 0.003 0.004 0.414 
324      734    (0)    7 :  0.005 0.003 0.003 0.002 0.003 0.451 0.002 0.003 0.529 
325      189    (0)    8 :  0.007 0.005 0.008 0.037 0.006 0.009 0.913 0.007 0.008 
326      190    (0)    8 :  0.002 0.002 0.003 0.003 0.002 0.003 0.981 0.003 0.002 
327      193    (0)    8 :  0.003 0.004 0.010 0.003 0.001 0.004 0.962 0.008 0.005 
328      761    (0)    8 :  0.003 0.002 0.002 0.004 0.001 0.002 0.980 0.002 0.003 
329      762    (0)    8 :  0.007 0.006 0.004 0.003 0.002 0.004 0.968 0.004 0.003 
330      763    (0)    8 :  0.004 0.003 0.004 0.003 0.003 0.004 0.970 0.004 0.005 
331      764    (0)    8 :  0.004 0.003 0.003 0.003 0.002 0.004 0.975 0.003 0.002 
332      765    (0)    8 :  0.004 0.004 0.005 0.005 0.002 0.004 0.969 0.005 0.004 
333      778    (0)    8 :  0.007 0.009 0.018 0.011 0.013 0.016 0.893 0.015 0.017 
334      779    (0)    8 :  0.004 0.003 0.004 0.006 0.003 0.007 0.967 0.004 0.002 
335      780    (0)    8 :  0.005 0.002 0.003 0.002 0.002 0.002 0.979 0.003 0.002 
336      781    (0)    8 :  0.002 0.003 0.003 0.003 0.015 0.003 0.962 0.003 0.005 
337      782    (0)    8 :  0.002 0.003 0.005 0.004 0.002 0.009 0.962 0.005 0.009 
338      783    (0)    8 :  0.002 0.001 0.001 0.001 0.001 0.002 0.989 0.001 0.001 
339      784    (0)    8 :  0.003 0.003 0.006 0.007 0.001 0.003 0.968 0.005 0.004 
340      785    (0)    8 :  0.005 0.004 0.004 0.003 0.004 0.003 0.970 0.004 0.002 
341      786    (0)    8 :  0.005 0.002 0.004 0.007 0.001 0.003 0.972 0.004 0.002 
342      787    (0)    8 :  0.003 0.002 0.003 0.002 0.002 0.005 0.977 0.003 0.002 
343      788    (0)    8 :  0.008 0.007 0.011 0.002 0.004 0.007 0.938 0.011 0.011 
344      789    (0)    8 :  0.003 0.005 0.010 0.009 0.002 0.005 0.952 0.010 0.003 
345      790    (0)    8 :  0.005 0.003 0.005 0.010 0.005 0.004 0.960 0.004 0.003 
346      791    (0)    8 :  0.005 0.004 0.006 0.003 0.002 0.009 0.961 0.006 0.005 
347      792    (0)    8 :  0.002 0.003 0.002 0.002 0.004 0.002 0.981 0.002 0.002 
348      793    (0)    8 :  0.005 0.005 0.006 0.004 0.002 0.007 0.962 0.006 0.003 
349      794    (0)    8 :  0.006 0.004 0.005 0.005 0.003 0.003 0.966 0.006 0.003 
350      795    (0)    8 :  0.003 0.004 0.005 0.003 0.003 0.003 0.970 0.005 0.005 
351      796    (0)    8 :  0.002 0.002 0.002 0.002 0.003 0.002 0.983 0.002 0.002 
352      797    (0)    8 :  0.003 0.002 0.002 0.002 0.002 0.002 0.981 0.002 0.002 
353      798    (0)    8 :  0.006 0.003 0.003 0.003 0.002 0.006 0.969 0.003 0.005 
354      282    (0)    9 :  0.003 0.004 0.009 0.003 0.964 0.003 0.002 0.006 0.005 
355      284    (0)    9 :  0.003 0.006 0.003 0.003 0.969 0.003 0.009 0.003 0.002 
356      287    (0)    9 :  0.005 0.004 0.006 0.003 0.968 0.003 0.003 0.006 0.002 
357      295    (0)    9 :  0.001 0.001 0.001 0.001 0.990 0.001 0.001 0.001 0.001 
358      302    (0)    9 :  0.002 0.001 0.001 0.001 0.989 0.001 0.002 0.001 0.001 
359      306    (2)    9 :  0.012 0.009 0.018 0.003 0.925 0.011 0.005 0.013 0.003 
360      308    (0)    9 :  0.002 0.002 0.002 0.001 0.986 0.002 0.001 0.002 0.002 
361      867    (0)    9 :  0.002 0.002 0.002 0.001 0.988 0.001 0.001 0.002 0.002 


Estimated Allele Frequencies in each cluster
First column gives estimated ancestral frequencies


Locus 1 : 1 
4 alleles
0.0% missing data
  89   (0.540) 0.532 0.643 0.543 0.444 0.078 0.636 0.638 0.544 0.363 
  91   (0.363) 0.404 0.313 0.362 0.530 0.722 0.303 0.310 0.369 0.531 
  93   (0.074) 0.044 0.034 0.073 0.020 0.049 0.061 0.050 0.068 0.105 
  99   (0.023) 0.020 0.011 0.023 0.006 0.151 0.001 0.001 0.020 0.002 

Locus 2 : 2 
6 alleles
1.4% missing data
 136   (0.334) 0.092 0.210 0.336 0.202 0.202 0.528 0.458 0.361 0.670 
 134   (0.242) 0.249 0.205 0.242 0.393 0.033 0.158 0.375 0.219 0.166 
 138   (0.298) 0.515 0.262 0.296 0.282 0.749 0.258 0.159 0.277 0.146 
 140   (0.076) 0.035 0.296 0.076 0.101 0.010 0.054 0.005 0.083 0.014 
 132   (0.027) 0.004 0.016 0.028 0.006 0.003 0.001 0.002 0.039 0.002 
 142   (0.023) 0.104 0.011 0.023 0.016 0.003 0.001 0.001 0.021 0.002 

Locus 3 : 3 
6 alleles
0.0% missing data
 181   (0.243) 0.346 0.140 0.242 0.264 0.196 0.229 0.072 0.211 0.143 
 187   (0.353) 0.180 0.573 0.353 0.380 0.750 0.513 0.261 0.357 0.498 
 179   (0.237) 0.228 0.206 0.238 0.271 0.033 0.230 0.015 0.262 0.345 
 191   (0.037) 0.008 0.015 0.037 0.009 0.005 0.024 0.194 0.026 0.004 
 185   (0.078) 0.099 0.039 0.078 0.055 0.010 0.002 0.454 0.081 0.007 
 175   (0.052) 0.139 0.027 0.053 0.021 0.007 0.002 0.004 0.063 0.004 

Locus 4 : 4 
10 alleles
0.0% missing data
 253   (0.516) 0.572 0.605 0.518 0.420 0.538 0.730 0.466 0.545 0.594 
 249   (0.030) 0.004 0.181 0.029 0.007 0.004 0.064 0.002 0.021 0.037 
 271   (0.040) 0.012 0.016 0.039 0.137 0.006 0.023 0.003 0.028 0.056 
 241   (0.136) 0.154 0.064 0.135 0.103 0.207 0.030 0.150 0.129 0.257 
 257   (0.008) 0.002 0.003 0.008 0.002 0.001 0.000 0.001 0.005 0.003 
 269   (0.166) 0.219 0.077 0.165 0.241 0.232 0.150 0.102 0.151 0.044 
 247   (0.076) 0.035 0.043 0.078 0.083 0.010 0.002 0.275 0.099 0.006 
 239   (0.008) 0.001 0.003 0.008 0.002 0.001 0.000 0.001 0.005 0.001 
 245   (0.008) 0.001 0.003 0.008 0.002 0.001 0.000 0.000 0.006 0.001 
 273   (0.011) 0.001 0.005 0.011 0.003 0.001 0.000 0.001 0.011 0.001 

Locus 5 : 5 
7 alleles
0.8% missing data
 103   (0.836) 0.941 0.908 0.833 0.945 0.977 0.989 0.963 0.801 0.983 
 104   (0.067) 0.032 0.041 0.070 0.023 0.010 0.008 0.004 0.082 0.009 
 105   (0.049) 0.021 0.032 0.050 0.020 0.006 0.002 0.003 0.080 0.004 
 102   (0.019) 0.003 0.009 0.019 0.005 0.003 0.001 0.002 0.019 0.001 
 101   (0.013) 0.002 0.005 0.012 0.004 0.002 0.000 0.014 0.008 0.001 
 107   (0.008) 0.001 0.003 0.008 0.002 0.001 0.000 0.000 0.005 0.001 
  99   (0.008) 0.001 0.003 0.008 0.002 0.001 0.000 0.013 0.004 0.001 

Locus 6 : 6 
5 alleles
0.3% missing data
 141   (0.289) 0.231 0.603 0.287 0.585 0.040 0.577 0.138 0.261 0.369 
 145   (0.402) 0.572 0.227 0.405 0.199 0.385 0.208 0.263 0.458 0.131 
 135   (0.227) 0.185 0.132 0.226 0.171 0.563 0.170 0.286 0.220 0.352 
 147   (0.069) 0.011 0.032 0.069 0.041 0.010 0.045 0.312 0.051 0.148 
 137   (0.012) 0.001 0.005 0.012 0.003 0.002 0.000 0.001 0.010 0.001 

Locus 7 : 7 
8 alleles
1.1% missing data
  93   (0.236) 0.291 0.444 0.233 0.257 0.709 0.328 0.071 0.214 0.384 
 103   (0.282) 0.356 0.184 0.281 0.268 0.044 0.399 0.507 0.303 0.324 
  91   (0.066) 0.035 0.028 0.066 0.022 0.064 0.039 0.154 0.058 0.006 
  97   (0.206) 0.134 0.103 0.206 0.172 0.150 0.159 0.255 0.208 0.160 
  85   (0.042) 0.029 0.019 0.042 0.012 0.006 0.049 0.003 0.038 0.009 
  89   (0.104) 0.110 0.183 0.103 0.252 0.017 0.025 0.007 0.095 0.112 
  83   (0.054) 0.043 0.032 0.056 0.015 0.008 0.002 0.003 0.072 0.004 
 105   (0.011) 0.002 0.006 0.011 0.003 0.002 0.000 0.001 0.012 0.001 

Locus 8 : 8 
8 alleles
0.0% missing data
 129   (0.531) 0.706 0.628 0.531 0.545 0.160 0.705 0.639 0.529 0.505 
 141   (0.062) 0.022 0.031 0.062 0.016 0.009 0.095 0.204 0.058 0.124 
 149   (0.096) 0.058 0.048 0.096 0.114 0.013 0.128 0.018 0.090 0.097 
 143   (0.259) 0.200 0.273 0.260 0.312 0.725 0.070 0.135 0.276 0.270 
 145   (0.008) 0.001 0.003 0.008 0.002 0.001 0.000 0.001 0.005 0.001 
 133   (0.017) 0.003 0.008 0.017 0.004 0.002 0.001 0.001 0.022 0.001 
 131   (0.012) 0.008 0.004 0.011 0.003 0.046 0.000 0.002 0.006 0.001 
 127   (0.015) 0.002 0.007 0.015 0.004 0.045 0.000 0.001 0.013 0.001 

Locus 9 : 9 
4 alleles
0.0% missing data
 191   (0.367) 0.312 0.646 0.367 0.219 0.262 0.549 0.542 0.370 0.616 
 195   (0.147) 0.242 0.076 0.145 0.200 0.397 0.198 0.056 0.124 0.060 
 189   (0.478) 0.445 0.275 0.481 0.578 0.339 0.250 0.402 0.502 0.323 
 193   (0.008) 0.001 0.003 0.008 0.002 0.001 0.003 0.001 0.004 0.001 

Locus 10 : 10 
7 alleles
0.0% missing data
 232   (0.251) 0.170 0.422 0.251 0.077 0.192 0.256 0.275 0.258 0.421 
 238   (0.559) 0.752 0.320 0.560 0.865 0.415 0.609 0.350 0.559 0.412 
 252   (0.109) 0.067 0.220 0.108 0.037 0.019 0.110 0.036 0.107 0.160 
 254   (0.041) 0.005 0.020 0.040 0.010 0.369 0.024 0.253 0.039 0.004 
 250   (0.011) 0.001 0.006 0.011 0.002 0.001 0.000 0.001 0.014 0.001 
 248   (0.022) 0.003 0.009 0.022 0.006 0.003 0.001 0.084 0.018 0.002 
 236   (0.008) 0.001 0.003 0.008 0.002 0.001 0.000 0.001 0.005 0.001 

Locus 11 : 11 
3 alleles
0.0% missing data
  87   (0.735) 0.822 0.534 0.736 0.911 0.964 0.641 0.537 0.743 0.584 
  89   (0.207) 0.145 0.426 0.207 0.064 0.029 0.316 0.380 0.213 0.321 
  91   (0.058) 0.033 0.040 0.057 0.025 0.008 0.043 0.083 0.045 0.094 

Locus 12 : 12 
12 alleles
0.0% missing data
 160   (0.210) 0.274 0.102 0.209 0.274 0.583 0.116 0.710 0.185 0.175 
 162   (0.249) 0.235 0.549 0.249 0.351 0.083 0.226 0.233 0.283 0.137 
 147   (0.046) 0.047 0.066 0.045 0.016 0.006 0.096 0.003 0.037 0.315 
 158   (0.234) 0.213 0.153 0.236 0.157 0.032 0.525 0.024 0.239 0.332 
 161   (0.112) 0.120 0.058 0.112 0.038 0.130 0.025 0.021 0.110 0.026 
 170   (0.054) 0.030 0.031 0.055 0.028 0.007 0.009 0.004 0.063 0.007 
 149   (0.023) 0.044 0.009 0.023 0.117 0.003 0.001 0.001 0.018 0.002 
 154   (0.020) 0.002 0.011 0.020 0.007 0.003 0.001 0.001 0.025 0.002 
 143   (0.024) 0.004 0.012 0.025 0.006 0.150 0.001 0.001 0.025 0.002 
 150   (0.008) 0.009 0.003 0.008 0.002 0.001 0.000 0.000 0.004 0.001 
 159   (0.011) 0.021 0.004 0.011 0.003 0.001 0.000 0.001 0.006 0.001 
 164   (0.008) 0.001 0.003 0.008 0.002 0.001 0.000 0.000 0.005 0.001 

Locus 13 : 13 
4 alleles
0.0% missing data
 108   (0.192) 0.108 0.317 0.193 0.071 0.311 0.167 0.200 0.180 0.171 
 115   (0.435) 0.536 0.483 0.434 0.542 0.098 0.586 0.290 0.435 0.398 
 113   (0.365) 0.355 0.197 0.365 0.385 0.589 0.246 0.510 0.380 0.431 
 109   (0.008) 0.001 0.003 0.008 0.002 0.001 0.000 0.000 0.005 0.001 

Locus 14 : 14 
5 alleles
0.3% missing data
 227   (0.152) 0.346 0.089 0.150 0.074 0.229 0.255 0.020 0.129 0.302 
 231   (0.124) 0.020 0.066 0.124 0.034 0.294 0.082 0.349 0.136 0.143 
 229   (0.528) 0.510 0.743 0.530 0.752 0.121 0.474 0.417 0.560 0.417 
 225   (0.127) 0.079 0.059 0.127 0.122 0.246 0.097 0.208 0.110 0.031 
 233   (0.069) 0.045 0.044 0.068 0.018 0.110 0.092 0.005 0.066 0.106 

Locus 15 : 15 
5 alleles
0.3% missing data
 143   (0.831) 0.863 0.919 0.830 0.903 0.762 0.960 0.815 0.835 0.979 
 157   (0.009) 0.001 0.003 0.009 0.002 0.001 0.019 0.001 0.004 0.001 
 145   (0.092) 0.072 0.049 0.094 0.036 0.228 0.018 0.006 0.097 0.014 
 147   (0.049) 0.062 0.022 0.049 0.054 0.007 0.002 0.146 0.044 0.004 
 133   (0.019) 0.002 0.008 0.018 0.004 0.002 0.001 0.032 0.020 0.001 

Locus 16 : 16 
5 alleles
0.3% missing data
 156   (0.250) 0.218 0.236 0.250 0.116 0.574 0.301 0.499 0.262 0.154 
 158   (0.525) 0.654 0.397 0.527 0.442 0.225 0.503 0.205 0.516 0.636 
 160   (0.129) 0.101 0.317 0.128 0.406 0.017 0.154 0.113 0.114 0.184 
 154   (0.086) 0.012 0.047 0.087 0.032 0.183 0.042 0.182 0.103 0.026 
 152   (0.009) 0.015 0.003 0.009 0.004 0.001 0.000 0.001 0.005 0.001 

Locus 17 : 17 
5 alleles
0.0% missing data
 102   (0.228) 0.210 0.149 0.228 0.262 0.034 0.237 0.201 0.225 0.170 
  90   (0.659) 0.768 0.626 0.658 0.485 0.594 0.721 0.791 0.643 0.804 
  88   (0.071) 0.010 0.202 0.072 0.233 0.010 0.041 0.005 0.082 0.023 
 100   (0.034) 0.006 0.020 0.035 0.012 0.362 0.001 0.002 0.046 0.003 
 104   (0.008) 0.006 0.003 0.008 0.008 0.001 0.000 0.001 0.004 0.001 

Locus 18 : 18 
8 alleles
0.3% missing data
 142   (0.145) 0.074 0.518 0.145 0.117 0.019 0.410 0.009 0.158 0.377 
 146   (0.095) 0.094 0.063 0.094 0.170 0.013 0.194 0.221 0.077 0.043 
 140   (0.261) 0.236 0.138 0.263 0.303 0.313 0.088 0.180 0.277 0.343 
 127   (0.254) 0.332 0.150 0.255 0.114 0.470 0.186 0.064 0.259 0.111 
 148   (0.100) 0.060 0.057 0.099 0.249 0.014 0.048 0.212 0.088 0.066 
 128   (0.031) 0.004 0.017 0.031 0.008 0.105 0.048 0.002 0.033 0.036 
 150   (0.058) 0.157 0.028 0.058 0.018 0.008 0.002 0.307 0.057 0.005 
 138   (0.056) 0.044 0.028 0.056 0.021 0.058 0.023 0.004 0.051 0.019 

Locus 19 : 19 
6 alleles
0.0% missing data
 188   (0.202) 0.163 0.417 0.203 0.095 0.027 0.102 0.173 0.221 0.182 
 190   (0.140) 0.176 0.059 0.137 0.222 0.019 0.393 0.202 0.115 0.351 
 194   (0.567) 0.561 0.483 0.568 0.430 0.944 0.502 0.480 0.584 0.459 
 200   (0.067) 0.098 0.032 0.068 0.248 0.008 0.002 0.004 0.061 0.006 
 202   (0.016) 0.002 0.006 0.016 0.004 0.002 0.000 0.141 0.012 0.001 
 196   (0.008) 0.001 0.003 0.008 0.002 0.001 0.000 0.001 0.006 0.001 

Locus 20 : 20 
6 alleles
0.8% missing data
 252   (0.704) 0.766 0.775 0.707 0.741 0.372 0.843 0.724 0.753 0.738 
 250   (0.085) 0.076 0.036 0.084 0.063 0.332 0.089 0.141 0.059 0.091 
 244   (0.019) 0.007 0.098 0.018 0.006 0.003 0.013 0.001 0.011 0.002 
 254   (0.082) 0.084 0.037 0.081 0.095 0.116 0.038 0.083 0.066 0.009 
 246   (0.089) 0.062 0.042 0.088 0.091 0.175 0.005 0.048 0.086 0.158 
 248   (0.022) 0.005 0.012 0.022 0.005 0.003 0.012 0.001 0.025 0.003 

Locus 21 : 21 
7 alleles
0.0% missing data
 173   (0.274) 0.574 0.203 0.271 0.267 0.141 0.369 0.215 0.248 0.185 
 177   (0.300) 0.207 0.230 0.300 0.470 0.266 0.247 0.171 0.304 0.579 
 175   (0.130) 0.076 0.064 0.131 0.043 0.448 0.036 0.254 0.129 0.027 
 167   (0.182) 0.124 0.441 0.182 0.066 0.129 0.338 0.121 0.185 0.194 
 163   (0.044) 0.010 0.021 0.045 0.013 0.006 0.003 0.219 0.043 0.006 
 159   (0.023) 0.003 0.015 0.024 0.007 0.003 0.001 0.001 0.040 0.002 
 165   (0.046) 0.007 0.026 0.047 0.134 0.007 0.007 0.018 0.050 0.007 

Locus 22 : 22 
11 alleles
1.1% missing data
 146   (0.225) 0.319 0.577 0.224 0.224 0.085 0.241 0.140 0.219 0.239 
 154   (0.012) 0.002 0.003 0.011 0.003 0.001 0.053 0.001 0.006 0.043 
 166   (0.097) 0.029 0.048 0.097 0.134 0.119 0.025 0.006 0.105 0.191 
 152   (0.447) 0.581 0.255 0.447 0.566 0.461 0.635 0.374 0.419 0.476 
 150   (0.034) 0.010 0.019 0.034 0.014 0.113 0.009 0.002 0.037 0.007 
 164   (0.026) 0.003 0.011 0.025 0.006 0.004 0.014 0.002 0.023 0.031 
 158   (0.076) 0.020 0.046 0.078 0.027 0.011 0.021 0.105 0.102 0.007 
 162   (0.043) 0.010 0.025 0.044 0.017 0.006 0.001 0.070 0.061 0.004 
 142   (0.017) 0.013 0.008 0.017 0.004 0.002 0.001 0.001 0.016 0.001 
 156   (0.012) 0.012 0.004 0.012 0.003 0.002 0.000 0.299 0.006 0.001 
 148   (0.012) 0.001 0.004 0.011 0.002 0.198 0.000 0.001 0.007 0.001 

Locus 23 : 23 
7 alleles
0.6% missing data
 152   (0.017) 0.003 0.005 0.016 0.004 0.002 0.055 0.001 0.009 0.089 
 156   (0.129) 0.034 0.070 0.131 0.080 0.019 0.036 0.036 0.162 0.081 
 144   (0.153) 0.271 0.070 0.151 0.048 0.553 0.172 0.628 0.132 0.181 
 160   (0.109) 0.094 0.045 0.107 0.227 0.015 0.189 0.106 0.086 0.220 
 154   (0.558) 0.593 0.784 0.561 0.521 0.406 0.544 0.227 0.578 0.426 
 158   (0.023) 0.003 0.020 0.022 0.117 0.003 0.004 0.001 0.024 0.002 
 146   (0.011) 0.001 0.005 0.011 0.002 0.002 0.000 0.001 0.010 0.001 

Locus 24 : 24 
4 alleles
0.3% missing data
  77   (0.091) 0.091 0.058 0.089 0.061 0.013 0.318 0.052 0.071 0.091 
  83   (0.464) 0.377 0.333 0.462 0.494 0.710 0.489 0.918 0.452 0.565 
  81   (0.370) 0.418 0.570 0.373 0.420 0.267 0.179 0.025 0.399 0.289 
  85   (0.076) 0.113 0.039 0.076 0.024 0.010 0.015 0.005 0.078 0.054 

Locus 25 : 25 
6 alleles
0.3% missing data
 132   (0.340) 0.363 0.678 0.339 0.234 0.212 0.519 0.449 0.336 0.268 
 124   (0.516) 0.528 0.253 0.517 0.648 0.394 0.404 0.542 0.532 0.683 
 126   (0.027) 0.003 0.010 0.026 0.007 0.004 0.054 0.002 0.018 0.037 
 122   (0.082) 0.101 0.044 0.083 0.102 0.057 0.022 0.005 0.083 0.009 
 120   (0.020) 0.002 0.009 0.020 0.004 0.331 0.001 0.001 0.018 0.002 
 136   (0.016) 0.002 0.006 0.016 0.005 0.002 0.001 0.001 0.013 0.001 

Locus 26 : 26 
7 alleles
0.0% missing data
 165   (0.221) 0.285 0.487 0.221 0.202 0.302 0.129 0.056 0.214 0.165 
 183   (0.349) 0.308 0.257 0.349 0.332 0.319 0.568 0.422 0.358 0.494 
 179   (0.093) 0.097 0.047 0.094 0.035 0.332 0.060 0.006 0.079 0.090 
 175   (0.286) 0.303 0.187 0.287 0.419 0.040 0.242 0.447 0.298 0.247 
 181   (0.033) 0.005 0.016 0.034 0.007 0.004 0.001 0.067 0.041 0.003 
 157   (0.008) 0.001 0.003 0.008 0.002 0.001 0.000 0.000 0.005 0.001 
 185   (0.008) 0.001 0.003 0.008 0.002 0.001 0.000 0.001 0.005 0.001 

Locus 27 : 27 
4 alleles
0.0% missing data
 142   (0.652) 0.763 0.469 0.652 0.640 0.355 0.712 0.740 0.657 0.619 
 148   (0.192) 0.088 0.302 0.194 0.063 0.624 0.080 0.069 0.207 0.163 
 138   (0.049) 0.021 0.179 0.048 0.014 0.007 0.191 0.003 0.031 0.208 
 150   (0.106) 0.129 0.050 0.106 0.283 0.015 0.017 0.187 0.104 0.011 

Locus 28 : 28 
6 alleles
1.1% missing data
 260   (0.390) 0.534 0.327 0.390 0.448 0.092 0.367 0.379 0.391 0.404 
 262   (0.495) 0.377 0.617 0.495 0.454 0.892 0.621 0.547 0.493 0.586 
 256   (0.073) 0.051 0.038 0.073 0.084 0.011 0.011 0.072 0.072 0.006 
 258   (0.014) 0.002 0.007 0.014 0.004 0.002 0.000 0.001 0.019 0.001 
 264   (0.020) 0.028 0.009 0.020 0.008 0.002 0.001 0.001 0.020 0.002 
 266   (0.008) 0.008 0.003 0.008 0.002 0.001 0.000 0.001 0.004 0.001 

Locus 29 : 29 
7 alleles
0.6% missing data
 146   (0.260) 0.225 0.165 0.262 0.223 0.038 0.189 0.336 0.269 0.229 
 150   (0.445) 0.555 0.283 0.446 0.366 0.160 0.672 0.294 0.460 0.528 
 140   (0.179) 0.161 0.481 0.178 0.232 0.785 0.097 0.061 0.174 0.056 
 148   (0.069) 0.028 0.051 0.067 0.130 0.010 0.036 0.306 0.062 0.169 
 152   (0.031) 0.029 0.014 0.031 0.042 0.004 0.001 0.002 0.027 0.002 
 151   (0.009) 0.001 0.003 0.008 0.002 0.001 0.002 0.001 0.004 0.015 
 142   (0.008) 0.001 0.003 0.008 0.004 0.001 0.002 0.001 0.004 0.001 

Locus 30 : 30 
6 alleles
0.3% missing data
 125   (0.294) 0.103 0.504 0.297 0.112 0.157 0.465 0.033 0.332 0.360 
 129   (0.423) 0.591 0.350 0.420 0.584 0.228 0.480 0.780 0.392 0.565 
 123   (0.151) 0.235 0.082 0.151 0.124 0.022 0.052 0.104 0.140 0.064 
 131   (0.049) 0.025 0.028 0.050 0.042 0.007 0.002 0.003 0.066 0.004 
 127   (0.070) 0.045 0.031 0.069 0.135 0.539 0.002 0.080 0.063 0.006 
 121   (0.013) 0.002 0.004 0.012 0.003 0.047 0.000 0.001 0.007 0.001 

Locus 31 : 31 
6 alleles
0.3% missing data
 159   (0.140) 0.287 0.096 0.139 0.225 0.018 0.117 0.009 0.121 0.177 
 155   (0.568) 0.451 0.575 0.570 0.333 0.580 0.692 0.715 0.604 0.765 
 157   (0.177) 0.197 0.249 0.176 0.373 0.136 0.101 0.022 0.169 0.046 
 153   (0.074) 0.058 0.063 0.073 0.056 0.106 0.084 0.005 0.076 0.007 
 151   (0.034) 0.005 0.014 0.034 0.010 0.158 0.004 0.248 0.026 0.003 
 163   (0.008) 0.002 0.004 0.008 0.002 0.001 0.001 0.001 0.005 0.001 

Locus 32 : 32 
4 alleles
1.1% missing data
  91   (0.433) 0.529 0.499 0.431 0.398 0.550 0.556 0.152 0.409 0.660 
  94   (0.070) 0.012 0.052 0.071 0.022 0.009 0.050 0.005 0.084 0.077 
  95   (0.165) 0.073 0.091 0.165 0.342 0.298 0.128 0.406 0.189 0.038 
  92   (0.331) 0.386 0.358 0.332 0.238 0.143 0.266 0.436 0.318 0.224 

Locus 33 : 33 
5 alleles
0.0% missing data
 146   (0.298) 0.380 0.169 0.301 0.173 0.581 0.070 0.313 0.315 0.082 
 150   (0.593) 0.557 0.783 0.591 0.616 0.403 0.848 0.637 0.587 0.869 
 148   (0.060) 0.019 0.023 0.058 0.165 0.009 0.081 0.047 0.044 0.044 
 154   (0.035) 0.012 0.021 0.036 0.009 0.005 0.001 0.002 0.048 0.004 
 152   (0.014) 0.032 0.005 0.013 0.036 0.002 0.000 0.001 0.007 0.001 

Locus 34 : 34 
7 alleles
0.0% missing data
 180   (0.459) 0.342 0.455 0.459 0.365 0.714 0.606 0.665 0.472 0.428 
 196   (0.109) 0.145 0.106 0.108 0.037 0.015 0.170 0.007 0.101 0.201 
 184   (0.205) 0.320 0.321 0.204 0.186 0.242 0.158 0.075 0.191 0.145 
 194   (0.015) 0.002 0.005 0.015 0.004 0.002 0.039 0.001 0.008 0.036 
 192   (0.124) 0.124 0.066 0.126 0.382 0.016 0.008 0.184 0.137 0.010 
 198   (0.076) 0.019 0.043 0.078 0.023 0.010 0.020 0.068 0.085 0.179 
 190   (0.011) 0.049 0.004 0.011 0.003 0.001 0.000 0.001 0.006 0.001 

Locus 35 : 35 
6 alleles
0.0% missing data
 110   (0.177) 0.093 0.234 0.177 0.111 0.189 0.376 0.074 0.176 0.174 
 112   (0.354) 0.407 0.186 0.354 0.425 0.049 0.483 0.062 0.365 0.699 
 106   (0.297) 0.396 0.467 0.297 0.289 0.196 0.107 0.704 0.303 0.105 
  90   (0.038) 0.005 0.048 0.037 0.135 0.431 0.021 0.002 0.026 0.009 
 108   (0.126) 0.098 0.063 0.128 0.038 0.134 0.012 0.112 0.125 0.012 
  96   (0.009) 0.001 0.003 0.008 0.002 0.001 0.000 0.045 0.004 0.001 

Locus 36 : 36 
9 alleles
0.0% missing data
 166   (0.059) 0.106 0.026 0.057 0.051 0.008 0.269 0.004 0.040 0.215 
 176   (0.097) 0.013 0.050 0.097 0.099 0.013 0.112 0.018 0.094 0.328 
 172   (0.336) 0.367 0.402 0.335 0.479 0.049 0.455 0.580 0.331 0.263 
 170   (0.274) 0.237 0.400 0.274 0.121 0.587 0.152 0.323 0.299 0.159 
 174   (0.132) 0.180 0.064 0.134 0.183 0.019 0.007 0.069 0.139 0.014 
 178   (0.040) 0.038 0.030 0.040 0.022 0.006 0.003 0.003 0.039 0.016 
 168   (0.039) 0.014 0.021 0.040 0.040 0.315 0.001 0.002 0.043 0.003 
 186   (0.014) 0.043 0.005 0.014 0.003 0.002 0.000 0.001 0.008 0.001 
 158   (0.008) 0.001 0.003 0.008 0.002 0.001 0.000 0.000 0.007 0.001 

Locus 37 : 37 
6 alleles
0.0% missing data
  89   (0.550) 0.651 0.379 0.550 0.761 0.347 0.643 0.508 0.552 0.675 
  95   (0.056) 0.085 0.044 0.056 0.014 0.007 0.079 0.004 0.045 0.040 
  85   (0.177) 0.123 0.216 0.175 0.163 0.516 0.226 0.236 0.163 0.233 
  81   (0.061) 0.042 0.033 0.062 0.017 0.010 0.011 0.004 0.080 0.006 
  83   (0.141) 0.097 0.322 0.142 0.042 0.020 0.040 0.247 0.151 0.044 
  91   (0.016) 0.002 0.006 0.016 0.004 0.099 0.000 0.001 0.010 0.001 

Locus 38 : 38 
10 alleles
0.0% missing data
 161   (0.334) 0.260 0.186 0.333 0.432 0.419 0.536 0.375 0.331 0.564 
 165   (0.227) 0.241 0.137 0.229 0.068 0.147 0.170 0.104 0.241 0.226 
 159   (0.020) 0.004 0.008 0.020 0.005 0.003 0.034 0.001 0.014 0.018 
 173   (0.251) 0.289 0.212 0.251 0.438 0.191 0.134 0.508 0.239 0.105 
 169   (0.101) 0.155 0.428 0.100 0.038 0.232 0.113 0.007 0.108 0.081 
 167   (0.019) 0.003 0.010 0.019 0.006 0.002 0.011 0.002 0.021 0.002 
 168   (0.011) 0.001 0.004 0.011 0.002 0.001 0.000 0.001 0.011 0.001 
 155   (0.019) 0.003 0.010 0.019 0.006 0.002 0.001 0.001 0.025 0.002 
 177   (0.008) 0.001 0.003 0.008 0.003 0.001 0.000 0.000 0.005 0.001 
 175   (0.009) 0.044 0.003 0.009 0.002 0.001 0.000 0.001 0.004 0.001 

Locus 39 : 39 
6 alleles
0.6% missing data
  87   (0.107) 0.048 0.048 0.106 0.103 0.624 0.166 0.128 0.089 0.136 
  89   (0.416) 0.583 0.614 0.416 0.480 0.056 0.558 0.097 0.429 0.688 
  91   (0.157) 0.070 0.184 0.158 0.088 0.178 0.148 0.183 0.181 0.028 
  81   (0.125) 0.083 0.059 0.126 0.124 0.018 0.090 0.116 0.115 0.071 
  85   (0.186) 0.215 0.092 0.187 0.202 0.123 0.035 0.475 0.182 0.076 
  83   (0.008) 0.001 0.003 0.008 0.002 0.001 0.004 0.001 0.004 0.001 

Locus 40 : 40 
4 alleles
0.3% missing data
 167   (0.756) 0.774 0.851 0.755 0.854 0.644 0.920 0.858 0.760 0.895 
 161   (0.211) 0.162 0.132 0.212 0.137 0.352 0.079 0.139 0.209 0.102 
 165   (0.025) 0.062 0.014 0.025 0.007 0.003 0.001 0.002 0.025 0.003 
 177   (0.008) 0.001 0.003 0.008 0.002 0.001 0.000 0.001 0.006 0.001 

Locus 41 : 41 
6 alleles
0.3% missing data
 228   (0.439) 0.512 0.583 0.437 0.582 0.613 0.515 0.237 0.419 0.652 
 238   (0.336) 0.324 0.188 0.338 0.194 0.098 0.322 0.117 0.365 0.274 
 224   (0.027) 0.003 0.010 0.026 0.072 0.004 0.092 0.002 0.016 0.045 
 236   (0.100) 0.042 0.165 0.099 0.097 0.273 0.068 0.388 0.083 0.019 
 232   (0.012) 0.002 0.005 0.012 0.003 0.001 0.000 0.001 0.009 0.003 
 240   (0.086) 0.116 0.049 0.087 0.052 0.011 0.003 0.256 0.109 0.007 

Locus 42 : 42 
7 alleles
0.0% missing data
 128   (0.133) 0.217 0.191 0.132 0.170 0.018 0.116 0.036 0.117 0.154 
 130   (0.542) 0.407 0.637 0.544 0.568 0.076 0.649 0.773 0.570 0.499 
 114   (0.053) 0.007 0.038 0.052 0.084 0.419 0.107 0.003 0.039 0.053 
 132   (0.101) 0.205 0.049 0.100 0.031 0.014 0.110 0.051 0.097 0.278 
 118   (0.065) 0.086 0.032 0.065 0.048 0.234 0.003 0.130 0.060 0.005 
 134   (0.098) 0.077 0.050 0.099 0.096 0.238 0.014 0.006 0.112 0.010 
 136   (0.008) 0.001 0.003 0.008 0.002 0.001 0.000 0.000 0.005 0.001 

Locus 43 : 43 
6 alleles
0.8% missing data
 102   (0.277) 0.346 0.157 0.274 0.240 0.521 0.396 0.477 0.260 0.447 
 104   (0.404) 0.505 0.241 0.408 0.542 0.058 0.211 0.411 0.446 0.145 
  92   (0.135) 0.064 0.067 0.136 0.043 0.067 0.093 0.009 0.145 0.256 
  96   (0.063) 0.024 0.436 0.063 0.023 0.113 0.080 0.004 0.056 0.046 
  98   (0.113) 0.060 0.096 0.111 0.148 0.238 0.219 0.098 0.088 0.105 
 106   (0.008) 0.001 0.003 0.008 0.004 0.001 0.001 0.001 0.005 0.001 

Locus 44 : 44 
5 alleles
0.3% missing data
 101   (0.309) 0.249 0.176 0.309 0.429 0.043 0.453 0.189 0.313 0.308 
 103   (0.302) 0.457 0.378 0.303 0.196 0.256 0.181 0.347 0.284 0.329 
  99   (0.145) 0.086 0.113 0.146 0.253 0.413 0.036 0.009 0.156 0.170 
  95   (0.233) 0.207 0.329 0.232 0.120 0.130 0.330 0.454 0.241 0.193 
  97   (0.011) 0.001 0.004 0.010 0.002 0.158 0.000 0.001 0.006 0.001 

Locus 45 : 45 
7 alleles
0.3% missing data
 177   (0.061) 0.060 0.027 0.061 0.015 0.009 0.054 0.004 0.053 0.154 
 191   (0.275) 0.178 0.155 0.277 0.425 0.256 0.185 0.102 0.317 0.127 
 181   (0.594) 0.711 0.786 0.592 0.542 0.528 0.758 0.860 0.562 0.713 
 183   (0.012) 0.002 0.005 0.012 0.003 0.002 0.000 0.001 0.010 0.001 
 179   (0.040) 0.005 0.022 0.042 0.011 0.204 0.001 0.003 0.050 0.003 
 193   (0.009) 0.043 0.003 0.009 0.002 0.001 0.000 0.001 0.005 0.001 
 189   (0.008) 0.001 0.002 0.008 0.002 0.001 0.000 0.030 0.004 0.001 

Locus 46 : 46 
6 alleles
0.8% missing data
 205   (0.468) 0.546 0.721 0.470 0.433 0.276 0.499 0.407 0.507 0.565 
 211   (0.227) 0.110 0.120 0.228 0.391 0.319 0.254 0.271 0.226 0.144 
 207   (0.136) 0.220 0.083 0.136 0.061 0.018 0.118 0.202 0.123 0.195 
 201   (0.073) 0.054 0.033 0.073 0.055 0.374 0.077 0.005 0.060 0.049 
 215   (0.083) 0.068 0.037 0.083 0.057 0.012 0.051 0.114 0.071 0.046 
 202   (0.011) 0.002 0.006 0.011 0.003 0.001 0.000 0.001 0.013 0.001 

Locus 47 : 47 
9 alleles
1.1% missing data
 144   (0.082) 0.043 0.067 0.081 0.032 0.013 0.213 0.130 0.065 0.202 
 158   (0.170) 0.074 0.098 0.171 0.191 0.026 0.117 0.085 0.191 0.293 
 168   (0.145) 0.047 0.093 0.145 0.079 0.188 0.237 0.110 0.130 0.079 
 166   (0.142) 0.228 0.318 0.140 0.042 0.065 0.310 0.382 0.112 0.184 
 142   (0.352) 0.541 0.372 0.354 0.625 0.051 0.117 0.286 0.389 0.216 
 170   (0.012) 0.002 0.005 0.012 0.003 0.002 0.003 0.001 0.012 0.001 
 162   (0.030) 0.032 0.014 0.030 0.008 0.116 0.001 0.002 0.027 0.002 
 164   (0.042) 0.027 0.022 0.043 0.013 0.006 0.001 0.003 0.055 0.013 
 156   (0.025) 0.007 0.010 0.024 0.007 0.533 0.001 0.001 0.018 0.009 

Locus 48 : 48 
7 alleles
6.1% missing data
 149   (0.358) 0.382 0.405 0.360 0.326 0.334 0.225 0.335 0.362 0.191 
 151   (0.182) 0.144 0.136 0.182 0.372 0.073 0.175 0.012 0.171 0.519 
 153   (0.212) 0.358 0.170 0.212 0.219 0.028 0.364 0.029 0.239 0.161 
 147   (0.031) 0.004 0.013 0.031 0.010 0.053 0.036 0.002 0.022 0.022 
 145   (0.192) 0.108 0.266 0.192 0.066 0.508 0.196 0.620 0.187 0.105 
 152   (0.008) 0.001 0.003 0.008 0.003 0.001 0.003 0.001 0.005 0.001 
 143   (0.016) 0.002 0.007 0.016 0.004 0.002 0.001 0.001 0.014 0.001 

Values of parameters used in structure:
DATAFILE=temp2_np.str,	OUTFILE=k9/temp2_np_k9_run8,	NUMINDS=361,	NUMLOCI=48,	MISSING=-9,	LABEL=1,	POPDATA=1,	POPFLAG=0,	PHENOTYPE=0,	EXTRACOLS=0,	MAXPOPS=9,	BURNIN=500000,	NUMREPS=750000,	USEPOPINFO=0,	INFERALPHA=1,	INFERLAMBDA=0,	POPSPECIFICLAMBDA=0,	POPALPHAS=0,	COMPUTEPROB=1,	NOADMIX=0,	ADMBURNIN=500,	UPDATEFREQ=100,	PRINTLIKES=0,	INTERMEDSAVE=0,	PRINTKLD=0,	PRINTNET=1,	PRINTLAMBDA=1,	ANCESTDIST=0,	NUMBOXES=1000,	ANCESTPINT=0.90000,	GENSBACK=2,	MIGRPRIOR=0.01000,	PRINTQHAT=0,	PRINTQSUM=1,	ALPHA=1.0000,	FREQSCORR=1,	FPRIORMEAN=0.0100,	FPRIORSD=0.0500,	ONEFST=0,	LAMBDA=1.0000,	UNIFPRIORALPHA=1,	ALPHAMAX=10.0000,	ALPHAPRIORA=1.0000,	ALPHAPRIORB=2.0000,	ALPHAPROPSD=0.0250,	STARTATPOPINFO=0,	RANDOMIZE=0,	LINKAGE=0,	METROFREQ=10,	REPORTHITRATE=0,	MARKOVPHASE=0,	PHASED=1,	PLOIDY=2,	PHASEINFO=0	LOCPRIOR=0, 	LOCPRIORINIT=1.000000, 	LOCDATA=0, 	LOCISPOP=1, 	LOCPRIORSTEP=0.100000, 	MAXLOCPRIOR=20.000000, 	SEED=306330,	
[STRAT parameters]:    NUMSIMSTATS=1000,	PHENOTYPECOL=-9,	POOLFREQ=10,	LOCUSxONLY=0,	EMERROR=0.00100,	MISSINGPHENO=-9,	