

----------------------------------------------------
STRUCTURE by Pritchard, Stephens and Donnelly (2000)
     and Falush, Stephens and Pritchard (2003)
       Code by Pritchard, Falush and Hubisz
             Version 2.3.4 (Jul 2012)
----------------------------------------------------



Command line arguments:   structure -D 184883 -K 13 -m mainparams -o k13/temp2_np_k13_run6 
Input File:    temp2_np.str

Run parameters:
   361 individuals
   48 loci
   13 populations assumed
   500000 Burn-in period
   750000 Reps
RANDOMIZE turned off


--------------------------------------------
Proportion of membership of each pre-defined
 population in each of the 13 clusters

Given    Inferred Clusters                                                                             Number of
 Pop       1      2      3      4      5      6      7      8      9     10     11     12     13      Individuals

  1:     0.008  0.010  0.011  0.013  0.009  0.076  0.011  0.010  0.821  0.010  0.004  0.010  0.009       63
  2:     0.008  0.014  0.013  0.016  0.012  0.012  0.012  0.011  0.870  0.010  0.006  0.007  0.010       20
  3:     0.006  0.014  0.019  0.024  0.016  0.170  0.019  0.019  0.673  0.011  0.004  0.014  0.010       19
  4:     0.004  0.007  0.007  0.007  0.009  0.683  0.007  0.007  0.238  0.012  0.004  0.006  0.006       31
  5:     0.004  0.007  0.008  0.009  0.007  0.040  0.008  0.008  0.865  0.013  0.004  0.016  0.011       20
  6:     0.015  0.032  0.056  0.069  0.058  0.166  0.050  0.062  0.432  0.012  0.011  0.024  0.012        8
  7:     0.004  0.020  0.009  0.010  0.009  0.125  0.011  0.008  0.420  0.345  0.005  0.012  0.022       17
  8:     0.948  0.005  0.005  0.005  0.005  0.004  0.005  0.005  0.005  0.003  0.003  0.004  0.004       29
  9:     0.003  0.004  0.004  0.005  0.002  0.002  0.004  0.004  0.003  0.003  0.959  0.003  0.004        8
 10:     0.021  0.088  0.195  0.175  0.025  0.014  0.134  0.214  0.010  0.008  0.008  0.090  0.018       21
 11:     0.011  0.080  0.145  0.142  0.053  0.010  0.098  0.140  0.009  0.012  0.008  0.186  0.107       30
 12:     0.013  0.142  0.040  0.043  0.130  0.019  0.050  0.035  0.015  0.007  0.004  0.144  0.357       25
 13:     0.008  0.164  0.045  0.052  0.067  0.016  0.063  0.041  0.018  0.009  0.006  0.218  0.293       32
 14:     0.028  0.092  0.202  0.210  0.013  0.010  0.136  0.196  0.020  0.006  0.013  0.043  0.031       34
 15:     0.006  0.094  0.233  0.091  0.009  0.010  0.172  0.326  0.015  0.025  0.003  0.010  0.007        4
--------------------------------------------

Allele-freq. divergence among pops (Net nucleotide distance),
computed using point estimates of P.

      1       2       3       4       5       6       7       8       9      10      11      12      13      
 1      -    0.0633  0.0547  0.0529  0.0862  0.0893  0.0602  0.0549  0.0795  0.1585  0.1328  0.0742  0.0751  
 2   0.0633     -    0.0081  0.0074  0.0286  0.0402  0.0083  0.0089  0.0373  0.1106  0.1109  0.0166  0.0151  
 3   0.0547  0.0081     -    0.0003  0.0237  0.0326  0.0034  0.0001  0.0287  0.0974  0.0972  0.0160  0.0206  
 4   0.0529  0.0074  0.0003     -    0.0229  0.0312  0.0034  0.0005  0.0272  0.0972  0.0948  0.0151  0.0192  
 5   0.0862  0.0286  0.0237  0.0229     -    0.0530  0.0182  0.0242  0.0514  0.1251  0.1326  0.0323  0.0424  
 6   0.0893  0.0402  0.0326  0.0312  0.0530     -    0.0366  0.0329  0.0273  0.1182  0.1321  0.0545  0.0555  
 7   0.0602  0.0083  0.0034  0.0034  0.0182  0.0366     -    0.0035  0.0319  0.1044  0.1057  0.0160  0.0228  
 8   0.0549  0.0089  0.0001  0.0005  0.0242  0.0329  0.0035     -    0.0291  0.0982  0.0981  0.0167  0.0215  
 9   0.0795  0.0373  0.0287  0.0272  0.0514  0.0273  0.0319  0.0291     -    0.1022  0.1399  0.0461  0.0451  
10   0.1585  0.1106  0.0974  0.0972  0.1251  0.1182  0.1044  0.0982  0.1022     -    0.1974  0.1242  0.1235  
11   0.1328  0.1109  0.0972  0.0948  0.1326  0.1321  0.1057  0.0981  0.1399  0.1974     -    0.1249  0.1249  
12   0.0742  0.0166  0.0160  0.0151  0.0323  0.0545  0.0160  0.0167  0.0461  0.1242  0.1249     -    0.0246  
13   0.0751  0.0151  0.0206  0.0192  0.0424  0.0555  0.0228  0.0215  0.0451  0.1235  0.1249  0.0246     -    

Average distances (expected heterozygosity) between individuals in same cluster:
cluster  1  : 0.5474 
cluster  2  : 0.6108 
cluster  3  : 0.6415 
cluster  4  : 0.6455 
cluster  5  : 0.5841 
cluster  6  : 0.5499 
cluster  7  : 0.6297 
cluster  8  : 0.6397 
cluster  9  : 0.5406 
cluster 10  : 0.4358 
cluster 11  : 0.5370 
cluster 12  : 0.5854 
cluster 13  : 0.5588 

--------------------------------------------
Estimated Ln Prob of Data   = -39343.2
Mean value of ln likelihood = -37361.7
Variance of ln likelihood   = 3963.0
Mean value of alpha         = 0.0341

Mean value of Fst_1         = 0.2104
Mean value of Fst_2         = 0.0829
Mean value of Fst_3         = 0.0211
Mean value of Fst_4         = 0.0011
Mean value of Fst_5         = 0.1605
Mean value of Fst_6         = 0.1565
Mean value of Fst_7         = 0.0758
Mean value of Fst_8         = 0.0267
Mean value of Fst_9         = 0.1262
Mean value of Fst_10         = 0.4008
Mean value of Fst_11         = 0.3001
Mean value of Fst_12         = 0.0918
Mean value of Fst_13         = 0.1165


Inferred ancestry of individuals:
        Label (%Miss) Pop:  Inferred clusters
  1     2055    (0)    1 :  0.002 0.010 0.006 0.006 0.003 0.322 0.005 0.006 0.614 0.005 0.003 0.009 0.011 
  2     2056    (0)    1 :  0.008 0.006 0.008 0.009 0.008 0.716 0.007 0.009 0.203 0.006 0.004 0.008 0.007 
  3     2057    (0)    1 :  0.003 0.009 0.015 0.015 0.025 0.032 0.035 0.016 0.821 0.007 0.003 0.010 0.008 
  4     2058    (0)    1 :  0.005 0.003 0.003 0.003 0.003 0.008 0.003 0.003 0.958 0.005 0.001 0.002 0.003 
  5     2059    (0)    1 :  0.003 0.004 0.005 0.006 0.007 0.014 0.008 0.005 0.933 0.004 0.002 0.004 0.005 
  6     2060    (0)    1 :  0.002 0.003 0.005 0.006 0.006 0.009 0.005 0.005 0.940 0.005 0.006 0.004 0.004 
  7     2061    (0)    1 :  0.005 0.009 0.011 0.011 0.005 0.004 0.010 0.012 0.895 0.005 0.020 0.008 0.005 
  8     2062    (0)    1 :  0.004 0.007 0.010 0.010 0.019 0.008 0.010 0.008 0.872 0.013 0.003 0.010 0.025 
  9     2063    (0)    1 :  0.002 0.005 0.005 0.004 0.006 0.021 0.004 0.004 0.933 0.004 0.003 0.004 0.005 
 10     2064    (0)    1 :  0.002 0.003 0.004 0.004 0.004 0.009 0.004 0.004 0.953 0.003 0.004 0.003 0.003 
 11     2065    (0)    1 :  0.002 0.002 0.002 0.003 0.002 0.013 0.002 0.002 0.951 0.015 0.002 0.001 0.002 
 12     2066    (0)    1 :  0.002 0.004 0.004 0.004 0.005 0.025 0.004 0.004 0.935 0.002 0.002 0.006 0.004 
 13     2067    (0)    1 :  0.009 0.008 0.010 0.011 0.005 0.048 0.008 0.009 0.866 0.003 0.004 0.014 0.005 
 14     2068    (0)    1 :  0.021 0.021 0.043 0.045 0.041 0.042 0.037 0.047 0.649 0.017 0.005 0.013 0.019 
 15     2069    (0)    1 :  0.002 0.003 0.004 0.004 0.003 0.007 0.003 0.004 0.958 0.006 0.002 0.003 0.003 
 16     2070    (0)    1 :  0.002 0.047 0.065 0.145 0.008 0.305 0.060 0.049 0.253 0.004 0.001 0.037 0.023 
 17     2071    (0)    1 :  0.009 0.008 0.010 0.010 0.007 0.015 0.010 0.010 0.893 0.005 0.013 0.006 0.005 
 18     2072    (0)    1 :  0.003 0.004 0.007 0.007 0.002 0.027 0.006 0.007 0.917 0.002 0.010 0.003 0.003 
 19     2073    (0)    1 :  0.007 0.013 0.022 0.021 0.009 0.005 0.018 0.023 0.803 0.045 0.008 0.015 0.010 
 20     2074    (0)    1 :  0.003 0.003 0.004 0.004 0.003 0.050 0.004 0.004 0.912 0.003 0.004 0.003 0.003 
 21     2075    (0)    1 :  0.016 0.007 0.007 0.007 0.003 0.302 0.006 0.007 0.622 0.011 0.003 0.005 0.005 
 22     2076    (0)    1 :  0.002 0.002 0.002 0.003 0.003 0.005 0.002 0.002 0.970 0.003 0.001 0.003 0.002 
 23     2077    (0)    1 :  0.009 0.014 0.012 0.014 0.014 0.011 0.016 0.011 0.849 0.016 0.007 0.019 0.010 
 24     2078    (0)    1 :  0.003 0.006 0.005 0.005 0.003 0.027 0.005 0.005 0.914 0.005 0.005 0.008 0.009 
 25     2079    (0)    1 :  0.033 0.007 0.010 0.009 0.011 0.006 0.010 0.008 0.866 0.005 0.001 0.023 0.010 
 26     2080    (0)    1 :  0.021 0.012 0.020 0.021 0.005 0.003 0.016 0.023 0.863 0.006 0.003 0.006 0.003 
 27     2081    (0)    1 :  0.003 0.004 0.005 0.004 0.004 0.008 0.005 0.005 0.948 0.004 0.002 0.004 0.004 
 28     2082    (0)    1 :  0.010 0.016 0.024 0.025 0.010 0.391 0.020 0.027 0.439 0.017 0.003 0.007 0.010 
 29     2083    (0)    1 :  0.002 0.009 0.012 0.014 0.013 0.094 0.010 0.013 0.816 0.003 0.003 0.006 0.004 
 30     2084    (0)    1 :  0.008 0.010 0.010 0.010 0.005 0.015 0.014 0.009 0.894 0.003 0.003 0.007 0.012 
 31     2085    (0)    1 :  0.003 0.021 0.011 0.012 0.005 0.218 0.009 0.011 0.672 0.010 0.002 0.014 0.012 
 32     2086    (0)    1 :  0.003 0.012 0.014 0.012 0.010 0.007 0.012 0.014 0.897 0.003 0.003 0.008 0.006 
 33     2087    (0)    1 :  0.050 0.005 0.006 0.007 0.004 0.005 0.005 0.006 0.875 0.019 0.005 0.007 0.005 
 34     2088    (0)    1 :  0.011 0.037 0.017 0.023 0.012 0.022 0.051 0.015 0.747 0.003 0.003 0.042 0.017 
 35     2089    (0)    1 :  0.002 0.002 0.002 0.002 0.002 0.010 0.002 0.002 0.965 0.002 0.001 0.002 0.003 
 36     2090    (0)    1 :  0.039 0.006 0.007 0.008 0.007 0.014 0.006 0.007 0.884 0.005 0.006 0.007 0.003 
 37     2091    (0)    1 :  0.003 0.007 0.005 0.005 0.008 0.018 0.005 0.004 0.930 0.003 0.001 0.005 0.005 
 38     2092    (0)    1 :  0.030 0.005 0.006 0.007 0.003 0.044 0.005 0.006 0.872 0.008 0.002 0.004 0.007 
 39     2093    (0)    1 :  0.002 0.003 0.003 0.003 0.002 0.010 0.003 0.003 0.957 0.006 0.001 0.003 0.003 
 40     2094    (0)    1 :  0.001 0.003 0.003 0.003 0.003 0.342 0.003 0.003 0.628 0.002 0.002 0.003 0.004 
 41     2095    (0)    1 :  0.038 0.005 0.005 0.006 0.005 0.004 0.006 0.005 0.905 0.003 0.005 0.008 0.004 
 42     2096    (0)    1 :  0.002 0.007 0.003 0.003 0.004 0.126 0.004 0.003 0.808 0.032 0.001 0.003 0.003 
 43     2097    (0)    1 :  0.002 0.003 0.004 0.004 0.011 0.007 0.004 0.004 0.950 0.003 0.002 0.003 0.004 
 44     2098    (0)    1 :  0.011 0.031 0.026 0.027 0.009 0.012 0.022 0.024 0.705 0.090 0.003 0.029 0.010 
 45     2099    (0)    1 :  0.004 0.048 0.045 0.070 0.027 0.346 0.047 0.043 0.325 0.012 0.008 0.010 0.014 
 46     2100    (0)    1 :  0.003 0.010 0.015 0.014 0.105 0.017 0.027 0.015 0.768 0.008 0.002 0.006 0.010 
 47     2101    (0)    1 :  0.006 0.008 0.006 0.006 0.006 0.012 0.007 0.005 0.918 0.007 0.003 0.008 0.008 
 48     2102    (2)    1 :  0.002 0.004 0.005 0.005 0.003 0.069 0.004 0.005 0.892 0.003 0.002 0.003 0.005 
 49     2103    (0)    1 :  0.005 0.010 0.007 0.007 0.006 0.218 0.006 0.007 0.700 0.007 0.002 0.017 0.007 
 50     2104    (0)    1 :  0.002 0.021 0.013 0.011 0.007 0.004 0.011 0.012 0.825 0.013 0.001 0.049 0.029 
 51     2105    (0)    1 :  0.004 0.012 0.007 0.007 0.003 0.022 0.007 0.007 0.857 0.005 0.006 0.040 0.024 
 52     2106    (0)    1 :  0.002 0.010 0.014 0.012 0.006 0.047 0.014 0.016 0.860 0.003 0.002 0.007 0.006 
 53     2107    (0)    1 :  0.004 0.013 0.010 0.011 0.004 0.022 0.010 0.010 0.803 0.072 0.003 0.012 0.025 
 54     2108    (0)    1 :  0.005 0.010 0.013 0.015 0.005 0.007 0.010 0.012 0.899 0.004 0.004 0.007 0.011 
 55     2109    (0)    1 :  0.002 0.016 0.013 0.011 0.012 0.425 0.010 0.011 0.474 0.005 0.005 0.009 0.008 
 56     2110    (0)    1 :  0.005 0.014 0.010 0.011 0.004 0.008 0.010 0.010 0.850 0.018 0.004 0.013 0.043 
 57     2111    (0)    1 :  0.003 0.006 0.004 0.004 0.007 0.004 0.006 0.004 0.938 0.003 0.001 0.005 0.014 
 58     2112    (0)    1 :  0.004 0.004 0.005 0.005 0.008 0.053 0.005 0.004 0.896 0.005 0.004 0.004 0.003 
 59     2583    (2)    1 :  0.008 0.005 0.005 0.005 0.005 0.065 0.005 0.005 0.878 0.004 0.007 0.006 0.004 
 60     2584    (4)    1 :  0.004 0.007 0.012 0.017 0.022 0.014 0.011 0.011 0.880 0.009 0.004 0.007 0.002 
 61     2587    (2)    1 :  0.003 0.009 0.005 0.005 0.005 0.014 0.006 0.005 0.920 0.002 0.001 0.018 0.007 
 62     2590    (2)    1 :  0.002 0.005 0.005 0.006 0.004 0.014 0.005 0.005 0.927 0.006 0.013 0.003 0.005 
 63     2591    (6)    1 :  0.011 0.006 0.008 0.008 0.008 0.050 0.013 0.008 0.856 0.005 0.001 0.011 0.014 
 64      315    (0)   10 :  0.047 0.065 0.152 0.297 0.023 0.005 0.124 0.100 0.011 0.002 0.010 0.007 0.159 
 65      565    (0)   10 :  0.026 0.070 0.186 0.399 0.005 0.008 0.140 0.143 0.007 0.003 0.003 0.007 0.004 
 66      566    (2)   10 :  0.014 0.183 0.085 0.052 0.022 0.010 0.052 0.069 0.006 0.011 0.003 0.476 0.018 
 67      567    (2)   10 :  0.004 0.092 0.233 0.103 0.020 0.007 0.179 0.319 0.023 0.005 0.002 0.007 0.004 
 68      877    (0)   10 :  0.003 0.089 0.216 0.142 0.008 0.019 0.139 0.311 0.006 0.045 0.002 0.014 0.007 
 69      878    (0)   10 :  0.007 0.093 0.225 0.141 0.040 0.004 0.165 0.290 0.004 0.005 0.012 0.009 0.003 
 70      879    (0)   10 :  0.005 0.065 0.214 0.182 0.185 0.010 0.147 0.153 0.005 0.005 0.009 0.008 0.012 
 71      880    (0)   10 :  0.005 0.101 0.271 0.088 0.010 0.008 0.164 0.324 0.005 0.008 0.002 0.008 0.006 
 72      881    (0)   10 :  0.009 0.076 0.202 0.323 0.006 0.004 0.138 0.208 0.005 0.004 0.007 0.013 0.007 
 73      882    (0)   10 :  0.011 0.095 0.224 0.142 0.020 0.007 0.144 0.310 0.005 0.004 0.028 0.007 0.004 
 74      883    (0)   10 :  0.004 0.084 0.214 0.224 0.015 0.010 0.162 0.247 0.007 0.003 0.008 0.010 0.013 
 75      884    (0)   10 :  0.003 0.079 0.144 0.115 0.012 0.022 0.100 0.179 0.023 0.005 0.002 0.284 0.032 
 76      885    (0)   10 :  0.004 0.133 0.225 0.135 0.011 0.021 0.133 0.274 0.005 0.003 0.007 0.030 0.017 
 77      886    (0)   10 :  0.132 0.096 0.202 0.166 0.004 0.004 0.125 0.218 0.008 0.003 0.011 0.020 0.011 
 78      887    (0)   10 :  0.004 0.024 0.019 0.027 0.034 0.015 0.037 0.018 0.011 0.002 0.020 0.772 0.018 
 79      888    (0)   10 :  0.008 0.082 0.195 0.170 0.004 0.117 0.127 0.255 0.024 0.005 0.005 0.006 0.005 
 80      889    (0)   10 :  0.005 0.109 0.234 0.195 0.049 0.005 0.147 0.166 0.006 0.004 0.010 0.049 0.020 
 81      890    (0)   10 :  0.017 0.092 0.250 0.183 0.010 0.003 0.157 0.224 0.005 0.029 0.005 0.016 0.009 
 82      891    (0)   10 :  0.006 0.083 0.227 0.109 0.008 0.008 0.175 0.340 0.010 0.016 0.003 0.012 0.004 
 83      892    (0)   10 :  0.005 0.087 0.228 0.215 0.027 0.009 0.148 0.231 0.008 0.003 0.007 0.027 0.006 
 84      893    (0)   10 :  0.113 0.055 0.152 0.276 0.004 0.005 0.107 0.121 0.035 0.003 0.003 0.109 0.018 
 85      341    (0)   11 :  0.012 0.090 0.236 0.250 0.028 0.004 0.154 0.184 0.004 0.022 0.004 0.010 0.003 
 86      343    (0)   11 :  0.009 0.082 0.184 0.350 0.006 0.003 0.142 0.116 0.007 0.015 0.005 0.028 0.052 
 87      914    (0)   11 :  0.004 0.010 0.006 0.006 0.007 0.004 0.006 0.006 0.007 0.067 0.002 0.006 0.868 
 88      916    (0)   11 :  0.004 0.117 0.242 0.184 0.006 0.041 0.143 0.224 0.018 0.005 0.003 0.009 0.006 
 89      924    (0)   11 :  0.016 0.084 0.140 0.084 0.007 0.005 0.091 0.129 0.004 0.003 0.002 0.279 0.156 
 90      938    (0)   11 :  0.002 0.008 0.008 0.007 0.900 0.008 0.009 0.007 0.008 0.010 0.003 0.014 0.016 
 91      939    (0)   11 :  0.006 0.004 0.003 0.003 0.018 0.003 0.009 0.003 0.005 0.002 0.001 0.938 0.004 
 92      940    (0)   11 :  0.003 0.068 0.112 0.093 0.083 0.006 0.065 0.110 0.004 0.003 0.004 0.076 0.374 
 93      941    (2)   11 :  0.012 0.008 0.006 0.006 0.058 0.004 0.025 0.006 0.003 0.002 0.006 0.860 0.004 
 94      942    (0)   11 :  0.015 0.115 0.250 0.200 0.010 0.005 0.156 0.216 0.005 0.003 0.004 0.011 0.010 
 95      943    (0)   11 :  0.003 0.174 0.174 0.224 0.004 0.033 0.129 0.188 0.013 0.003 0.002 0.012 0.041 
 96      944    (0)   11 :  0.003 0.008 0.015 0.014 0.004 0.009 0.012 0.016 0.012 0.018 0.004 0.860 0.025 
 97      945    (0)   11 :  0.002 0.009 0.006 0.006 0.026 0.004 0.006 0.006 0.003 0.001 0.002 0.009 0.921 
 98      946    (0)   11 :  0.003 0.072 0.166 0.188 0.010 0.008 0.124 0.122 0.007 0.004 0.087 0.170 0.039 
 99      947    (0)   11 :  0.042 0.118 0.200 0.197 0.005 0.005 0.118 0.217 0.004 0.058 0.002 0.011 0.023 
100      951    (0)   11 :  0.012 0.106 0.247 0.216 0.013 0.006 0.134 0.231 0.003 0.005 0.004 0.010 0.013 
101      952    (0)   11 :  0.079 0.069 0.166 0.356 0.011 0.005 0.121 0.106 0.005 0.008 0.010 0.032 0.032 
102      953    (0)   11 :  0.009 0.018 0.018 0.022 0.057 0.039 0.028 0.016 0.014 0.003 0.003 0.766 0.006 
103      954    (0)   11 :  0.007 0.040 0.076 0.044 0.010 0.003 0.052 0.080 0.007 0.004 0.009 0.633 0.034 
104      955    (0)   11 :  0.016 0.081 0.189 0.156 0.018 0.003 0.148 0.276 0.004 0.007 0.012 0.019 0.070 
105      961    (4)   11 :  0.004 0.088 0.210 0.110 0.020 0.013 0.166 0.337 0.019 0.004 0.003 0.011 0.014 
106      974    (0)   11 :  0.021 0.049 0.107 0.078 0.024 0.003 0.087 0.137 0.005 0.007 0.014 0.458 0.011 
107      975    (4)   11 :  0.002 0.116 0.242 0.203 0.008 0.020 0.131 0.188 0.012 0.008 0.002 0.048 0.020 
108      980    (0)   11 :  0.016 0.119 0.199 0.185 0.016 0.010 0.131 0.220 0.007 0.007 0.002 0.023 0.066 
109      981    (0)   11 :  0.004 0.079 0.196 0.230 0.136 0.006 0.147 0.159 0.008 0.017 0.004 0.010 0.005 
110      982    (0)   11 :  0.002 0.304 0.113 0.107 0.004 0.012 0.068 0.106 0.030 0.034 0.002 0.120 0.098 
111      984    (0)   11 :  0.004 0.060 0.146 0.320 0.075 0.010 0.124 0.097 0.029 0.003 0.012 0.110 0.009 
112      985    (0)   11 :  0.009 0.104 0.239 0.200 0.008 0.004 0.141 0.256 0.009 0.003 0.004 0.016 0.008 
113     2578    (4)   11 :  0.002 0.112 0.210 0.092 0.013 0.005 0.093 0.161 0.006 0.011 0.009 0.027 0.258 
114     2580    (2)   11 :  0.004 0.087 0.230 0.124 0.013 0.024 0.181 0.271 0.021 0.016 0.007 0.008 0.013 
115      328    (0)   12 :  0.012 0.074 0.108 0.155 0.010 0.294 0.072 0.104 0.066 0.003 0.009 0.008 0.082 
116      333    (0)   12 :  0.005 0.034 0.020 0.019 0.018 0.005 0.016 0.019 0.005 0.002 0.001 0.197 0.658 
117      918    (0)   12 :  0.079 0.016 0.013 0.014 0.005 0.003 0.012 0.013 0.006 0.031 0.007 0.019 0.784 
118      919    (0)   12 :  0.004 0.021 0.019 0.017 0.015 0.006 0.015 0.017 0.009 0.017 0.003 0.070 0.788 
119      920    (0)   12 :  0.002 0.532 0.006 0.009 0.006 0.007 0.006 0.005 0.004 0.005 0.002 0.005 0.410 
120      921    (0)   12 :  0.002 0.005 0.005 0.004 0.629 0.006 0.329 0.005 0.005 0.002 0.002 0.005 0.003 
121      922    (0)   12 :  0.004 0.308 0.017 0.015 0.010 0.022 0.015 0.014 0.026 0.007 0.001 0.455 0.105 
122      926    (0)   12 :  0.002 0.499 0.010 0.007 0.013 0.003 0.029 0.008 0.003 0.003 0.002 0.028 0.393 
123      927    (0)   12 :  0.003 0.019 0.006 0.005 0.005 0.003 0.009 0.005 0.005 0.008 0.001 0.844 0.086 
124      928    (0)   12 :  0.004 0.018 0.028 0.035 0.008 0.010 0.024 0.025 0.039 0.027 0.002 0.714 0.066 
125      929    (0)   12 :  0.002 0.129 0.107 0.063 0.159 0.021 0.066 0.087 0.038 0.012 0.009 0.183 0.124 
126      930    (0)   12 :  0.004 0.105 0.110 0.166 0.099 0.019 0.095 0.098 0.013 0.004 0.009 0.069 0.209 
127      932    (0)   12 :  0.005 0.006 0.005 0.005 0.943 0.006 0.005 0.005 0.004 0.001 0.001 0.008 0.007 
128      933    (0)   12 :  0.122 0.411 0.023 0.022 0.018 0.005 0.014 0.016 0.011 0.003 0.004 0.008 0.345 
129      949    (0)   12 :  0.003 0.003 0.003 0.003 0.967 0.003 0.003 0.003 0.003 0.002 0.002 0.004 0.003 
130      950    (0)   12 :  0.017 0.092 0.075 0.064 0.133 0.004 0.225 0.076 0.006 0.005 0.004 0.106 0.192 
131      964    (4)   12 :  0.002 0.059 0.055 0.042 0.106 0.006 0.033 0.042 0.011 0.005 0.015 0.447 0.176 
132      986    (0)   12 :  0.006 0.065 0.050 0.047 0.058 0.009 0.041 0.044 0.019 0.008 0.002 0.027 0.625 
133      987    (0)   12 :  0.007 0.055 0.106 0.139 0.011 0.020 0.076 0.083 0.031 0.008 0.002 0.299 0.163 
134     1001    (4)   12 :  0.002 0.008 0.007 0.007 0.010 0.005 0.005 0.007 0.012 0.003 0.002 0.015 0.917 
135     1002    (4)   12 :  0.005 0.004 0.005 0.005 0.002 0.003 0.004 0.004 0.006 0.009 0.004 0.004 0.944 
136     1003    (2)   12 :  0.003 0.113 0.205 0.196 0.018 0.008 0.129 0.171 0.024 0.009 0.005 0.015 0.104 
137     1004    (0)   12 :  0.006 0.556 0.009 0.008 0.003 0.003 0.007 0.009 0.003 0.002 0.004 0.020 0.371 
138     1005    (0)   12 :  0.007 0.401 0.016 0.018 0.007 0.004 0.015 0.014 0.021 0.006 0.003 0.049 0.439 
139     1010    (0)   12 :  0.006 0.008 0.004 0.004 0.003 0.005 0.004 0.004 0.006 0.003 0.001 0.014 0.936 
140      321    (0)   13 :  0.003 0.004 0.006 0.006 0.004 0.003 0.005 0.005 0.007 0.002 0.002 0.943 0.009 
141      338    (0)   13 :  0.002 0.003 0.003 0.003 0.004 0.002 0.004 0.003 0.003 0.005 0.001 0.004 0.963 
142      339    (0)   13 :  0.008 0.035 0.016 0.024 0.015 0.009 0.016 0.014 0.011 0.072 0.004 0.105 0.670 
143      363    (0)   13 :  0.007 0.021 0.028 0.027 0.560 0.003 0.252 0.031 0.004 0.008 0.018 0.023 0.016 
144      915    (0)   13 :  0.003 0.348 0.015 0.014 0.006 0.008 0.013 0.014 0.017 0.004 0.004 0.047 0.507 
145      917    (0)   13 :  0.004 0.421 0.025 0.030 0.052 0.003 0.266 0.022 0.005 0.004 0.001 0.064 0.104 
146      923    (0)   13 :  0.009 0.069 0.135 0.253 0.029 0.006 0.131 0.134 0.010 0.007 0.008 0.021 0.188 
147      925    (0)   13 :  0.004 0.575 0.003 0.003 0.003 0.005 0.003 0.003 0.003 0.003 0.002 0.004 0.389 
148      931    (0)   13 :  0.006 0.170 0.178 0.126 0.020 0.006 0.157 0.168 0.005 0.002 0.002 0.069 0.090 
149      935    (0)   13 :  0.004 0.012 0.015 0.015 0.014 0.005 0.017 0.013 0.006 0.002 0.003 0.016 0.879 
150      936    (0)   13 :  0.012 0.199 0.024 0.020 0.012 0.003 0.020 0.021 0.003 0.003 0.004 0.369 0.309 
151      937    (0)   13 :  0.002 0.184 0.008 0.007 0.004 0.005 0.008 0.007 0.003 0.002 0.001 0.738 0.030 
152      948    (0)   13 :  0.014 0.171 0.109 0.119 0.039 0.006 0.087 0.117 0.008 0.002 0.004 0.021 0.302 
153      956    (0)   13 :  0.003 0.511 0.017 0.016 0.004 0.024 0.078 0.015 0.013 0.002 0.001 0.097 0.218 
154      957    (0)   13 :  0.003 0.015 0.008 0.008 0.006 0.003 0.010 0.009 0.003 0.004 0.002 0.917 0.012 
155      967    (0)   13 :  0.004 0.012 0.012 0.012 0.006 0.004 0.010 0.012 0.003 0.004 0.003 0.857 0.060 
156      968    (2)   13 :  0.007 0.561 0.083 0.056 0.012 0.044 0.040 0.070 0.007 0.007 0.003 0.009 0.102 
157      969    (2)   13 :  0.011 0.362 0.089 0.059 0.023 0.006 0.047 0.072 0.009 0.010 0.003 0.023 0.287 
158      970    (2)   13 :  0.006 0.056 0.095 0.062 0.034 0.005 0.078 0.101 0.004 0.010 0.046 0.487 0.015 
159      971    (4)   13 :  0.003 0.089 0.012 0.013 0.437 0.005 0.019 0.011 0.011 0.016 0.002 0.032 0.348 
160      972    (0)   13 :  0.004 0.008 0.009 0.013 0.003 0.005 0.007 0.007 0.003 0.001 0.008 0.012 0.920 
161      973    (0)   13 :  0.013 0.075 0.201 0.339 0.011 0.009 0.146 0.134 0.005 0.009 0.004 0.011 0.042 
162      978    (0)   13 :  0.034 0.555 0.008 0.010 0.004 0.014 0.006 0.006 0.004 0.003 0.002 0.007 0.349 
163      979    (0)   13 :  0.003 0.053 0.091 0.085 0.091 0.157 0.061 0.097 0.254 0.014 0.004 0.059 0.032 
164      988    (6)   13 :  0.003 0.024 0.005 0.005 0.604 0.004 0.332 0.005 0.005 0.002 0.001 0.005 0.006 
165      989    (0)   13 :  0.005 0.081 0.089 0.110 0.055 0.014 0.072 0.078 0.013 0.011 0.004 0.311 0.158 
166      990    (0)   13 :  0.016 0.017 0.043 0.056 0.007 0.004 0.040 0.035 0.009 0.006 0.008 0.742 0.018 
167      991    (0)   13 :  0.007 0.014 0.009 0.009 0.047 0.006 0.007 0.009 0.003 0.003 0.002 0.582 0.303 
168      992    (0)   13 :  0.003 0.404 0.024 0.026 0.010 0.020 0.020 0.020 0.008 0.015 0.029 0.020 0.400 
169     1006    (2)   13 :  0.008 0.024 0.008 0.009 0.007 0.031 0.006 0.007 0.009 0.037 0.002 0.008 0.844 
170     1017    (0)   13 :  0.013 0.149 0.063 0.116 0.005 0.088 0.054 0.042 0.084 0.004 0.003 0.358 0.021 
171     2582    (4)   13 :  0.027 0.017 0.017 0.018 0.004 0.016 0.014 0.019 0.040 0.012 0.015 0.021 0.780 
172      319    (2)   14 :  0.005 0.080 0.202 0.249 0.031 0.007 0.136 0.174 0.007 0.004 0.002 0.098 0.003 
173      335    (0)   14 :  0.012 0.087 0.236 0.272 0.018 0.004 0.165 0.143 0.008 0.010 0.010 0.029 0.007 
174      895    (0)   14 :  0.005 0.098 0.198 0.254 0.015 0.003 0.164 0.210 0.004 0.005 0.008 0.030 0.005 
175      896    (0)   14 :  0.003 0.054 0.167 0.417 0.020 0.030 0.142 0.130 0.008 0.002 0.007 0.007 0.012 
176      897    (0)   14 :  0.006 0.116 0.267 0.142 0.004 0.014 0.138 0.293 0.004 0.001 0.002 0.007 0.005 
177      898    (0)   14 :  0.005 0.122 0.216 0.128 0.007 0.006 0.120 0.263 0.006 0.004 0.002 0.103 0.018 
178      899    (0)   14 :  0.005 0.086 0.151 0.201 0.009 0.014 0.117 0.155 0.212 0.002 0.005 0.017 0.026 
179      900    (0)   14 :  0.044 0.071 0.192 0.253 0.036 0.018 0.136 0.183 0.008 0.007 0.015 0.016 0.018 
180      901    (0)   14 :  0.036 0.064 0.158 0.220 0.034 0.011 0.109 0.142 0.151 0.004 0.004 0.061 0.007 
181      902    (0)   14 :  0.003 0.059 0.156 0.373 0.018 0.005 0.150 0.157 0.007 0.002 0.012 0.049 0.009 
182      903    (0)   14 :  0.003 0.071 0.218 0.300 0.005 0.010 0.140 0.206 0.004 0.001 0.027 0.010 0.004 
183      904    (0)   14 :  0.002 0.096 0.246 0.128 0.018 0.015 0.154 0.310 0.008 0.005 0.008 0.005 0.005 
184      905    (0)   14 :  0.003 0.087 0.218 0.241 0.042 0.019 0.132 0.196 0.025 0.008 0.020 0.004 0.005 
185      906    (0)   14 :  0.006 0.110 0.297 0.161 0.007 0.005 0.128 0.262 0.003 0.003 0.005 0.008 0.005 
186      907    (0)   14 :  0.008 0.094 0.194 0.224 0.011 0.023 0.169 0.229 0.005 0.008 0.015 0.012 0.007 
187      908    (0)   14 :  0.007 0.090 0.210 0.266 0.005 0.008 0.145 0.230 0.014 0.005 0.003 0.007 0.012 
188      909    (0)   14 :  0.295 0.016 0.016 0.017 0.004 0.005 0.013 0.019 0.017 0.003 0.005 0.064 0.526 
189      910    (0)   14 :  0.052 0.113 0.234 0.136 0.003 0.006 0.156 0.271 0.005 0.002 0.003 0.009 0.011 
190      911    (0)   14 :  0.044 0.131 0.289 0.107 0.005 0.004 0.158 0.201 0.013 0.027 0.007 0.010 0.005 
191      912    (0)   14 :  0.002 0.143 0.314 0.087 0.007 0.004 0.180 0.225 0.004 0.010 0.006 0.008 0.008 
192      913    (0)   14 :  0.047 0.106 0.164 0.231 0.005 0.016 0.109 0.130 0.036 0.003 0.066 0.048 0.040 
193     2411    (0)   14 :  0.004 0.118 0.245 0.146 0.005 0.008 0.131 0.318 0.006 0.003 0.004 0.006 0.006 
194     2412    (0)   14 :  0.007 0.162 0.046 0.072 0.011 0.017 0.036 0.035 0.008 0.002 0.014 0.520 0.067 
195     2413    (0)   14 :  0.019 0.087 0.192 0.233 0.007 0.010 0.168 0.255 0.008 0.003 0.008 0.004 0.005 
196     2414    (0)   14 :  0.002 0.064 0.158 0.481 0.005 0.004 0.138 0.099 0.006 0.010 0.004 0.013 0.017 
197     2415    (2)   14 :  0.016 0.095 0.227 0.183 0.013 0.021 0.138 0.231 0.014 0.003 0.003 0.017 0.039 
198     2417    (4)   14 :  0.007 0.074 0.176 0.214 0.004 0.014 0.116 0.175 0.046 0.009 0.005 0.143 0.017 
199     2418    (4)   14 :  0.008 0.098 0.223 0.141 0.009 0.010 0.175 0.308 0.005 0.004 0.004 0.006 0.010 
200     2419    (2)   14 :  0.005 0.102 0.235 0.258 0.014 0.004 0.142 0.144 0.005 0.009 0.002 0.072 0.009 
201     2420    (0)   14 :  0.006 0.091 0.225 0.210 0.011 0.004 0.139 0.214 0.002 0.004 0.074 0.009 0.009 
202     2421    (0)   14 :  0.009 0.097 0.186 0.193 0.034 0.010 0.118 0.201 0.005 0.002 0.005 0.019 0.122 
203     2422    (2)   14 :  0.241 0.066 0.186 0.129 0.019 0.003 0.140 0.181 0.006 0.007 0.005 0.010 0.007 
204     2423    (0)   14 :  0.010 0.069 0.193 0.271 0.009 0.013 0.168 0.184 0.013 0.036 0.007 0.023 0.005 
205     2576    (0)   14 :  0.010 0.106 0.216 0.208 0.005 0.010 0.136 0.188 0.009 0.012 0.079 0.014 0.007 
206     1079    (0)   15 :  0.003 0.094 0.235 0.049 0.006 0.005 0.160 0.367 0.008 0.051 0.002 0.011 0.009 
207     1081    (0)   15 :  0.007 0.098 0.233 0.094 0.007 0.009 0.171 0.318 0.027 0.013 0.003 0.013 0.007 
208     1082    (2)   15 :  0.009 0.087 0.244 0.123 0.013 0.010 0.177 0.315 0.005 0.003 0.004 0.007 0.004 
209     1083    (0)   15 :  0.007 0.095 0.222 0.098 0.009 0.015 0.178 0.303 0.020 0.035 0.003 0.007 0.009 
210       34    (0)    2 :  0.002 0.007 0.008 0.008 0.017 0.012 0.023 0.008 0.891 0.012 0.003 0.006 0.004 
211       38    (0)    2 :  0.035 0.023 0.032 0.042 0.011 0.014 0.031 0.029 0.711 0.019 0.005 0.007 0.041 
212       41    (0)    2 :  0.002 0.004 0.003 0.003 0.003 0.004 0.003 0.003 0.964 0.003 0.002 0.003 0.003 
213       44    (0)    2 :  0.003 0.005 0.005 0.008 0.006 0.006 0.005 0.005 0.943 0.004 0.001 0.004 0.004 
214       45    (0)    2 :  0.002 0.004 0.003 0.003 0.002 0.010 0.003 0.003 0.941 0.015 0.002 0.006 0.005 
215       47    (0)    2 :  0.021 0.072 0.076 0.129 0.021 0.010 0.055 0.056 0.517 0.004 0.010 0.020 0.011 
216       50    (0)    2 :  0.004 0.023 0.032 0.027 0.019 0.052 0.024 0.034 0.763 0.008 0.009 0.004 0.003 
217      384    (0)    2 :  0.003 0.015 0.007 0.007 0.037 0.015 0.011 0.007 0.869 0.004 0.004 0.006 0.016 
218      385    (2)    2 :  0.009 0.014 0.016 0.016 0.007 0.015 0.014 0.017 0.864 0.006 0.009 0.006 0.007 
219      386    (0)    2 :  0.003 0.003 0.003 0.003 0.003 0.007 0.003 0.003 0.964 0.003 0.001 0.003 0.002 
220      387    (0)    2 :  0.007 0.011 0.007 0.006 0.005 0.010 0.006 0.008 0.919 0.008 0.002 0.006 0.005 
221      388    (0)    2 :  0.007 0.006 0.003 0.003 0.003 0.004 0.003 0.003 0.914 0.043 0.002 0.004 0.004 
222      389    (0)    2 :  0.004 0.005 0.003 0.003 0.002 0.003 0.005 0.004 0.947 0.007 0.002 0.009 0.005 
223      390    (4)    2 :  0.015 0.032 0.014 0.017 0.003 0.013 0.012 0.013 0.818 0.003 0.031 0.013 0.016 
224      391    (0)    2 :  0.006 0.016 0.007 0.007 0.008 0.007 0.008 0.007 0.873 0.013 0.003 0.009 0.036 
225      392    (0)    2 :  0.002 0.008 0.004 0.004 0.007 0.009 0.004 0.004 0.941 0.002 0.002 0.008 0.005 
226      393    (2)    2 :  0.012 0.006 0.003 0.003 0.005 0.005 0.004 0.003 0.943 0.004 0.002 0.005 0.005 
227      394    (0)    2 :  0.002 0.004 0.003 0.003 0.003 0.004 0.003 0.003 0.958 0.010 0.002 0.004 0.002 
228      395    (0)    2 :  0.010 0.011 0.016 0.018 0.019 0.007 0.013 0.017 0.856 0.005 0.011 0.008 0.010 
229      396    (0)    2 :  0.015 0.006 0.006 0.008 0.057 0.036 0.006 0.005 0.800 0.032 0.014 0.009 0.006 
230     2498    (2)    3 :  0.008 0.007 0.008 0.009 0.012 0.021 0.008 0.009 0.899 0.002 0.005 0.007 0.006 
231     2513    (2)    3 :  0.012 0.005 0.006 0.006 0.004 0.021 0.008 0.007 0.906 0.008 0.002 0.006 0.010 
232     2514    (2)    3 :  0.003 0.017 0.031 0.030 0.013 0.066 0.052 0.033 0.720 0.003 0.002 0.023 0.008 
233     2597    (4)    3 :  0.004 0.018 0.020 0.027 0.031 0.015 0.035 0.019 0.777 0.018 0.010 0.013 0.014 
234     2499    (4)    3 :  0.012 0.021 0.047 0.045 0.007 0.124 0.037 0.053 0.585 0.017 0.004 0.044 0.005 
235     2500    (0)    3 :  0.007 0.005 0.008 0.007 0.012 0.025 0.008 0.008 0.905 0.004 0.005 0.003 0.003 
236     2506    (2)    3 :  0.004 0.005 0.007 0.009 0.007 0.131 0.008 0.008 0.792 0.013 0.005 0.005 0.006 
237     2509    (6)    3 :  0.022 0.023 0.039 0.050 0.067 0.018 0.042 0.038 0.661 0.009 0.008 0.008 0.015 
238     2511    (2)    3 :  0.006 0.006 0.007 0.008 0.003 0.438 0.007 0.008 0.489 0.018 0.002 0.005 0.005 
239     2512    (2)    3 :  0.002 0.007 0.007 0.007 0.005 0.074 0.006 0.006 0.827 0.041 0.008 0.004 0.005 
240     2515    (2)    3 :  0.002 0.004 0.005 0.004 0.003 0.482 0.005 0.004 0.480 0.003 0.002 0.004 0.003 
241     2516    (2)    3 :  0.002 0.018 0.020 0.017 0.009 0.241 0.017 0.021 0.616 0.014 0.001 0.015 0.009 
242     2517    (2)    3 :  0.003 0.035 0.008 0.010 0.008 0.348 0.009 0.008 0.517 0.009 0.002 0.011 0.031 
243     2518    (2)    3 :  0.008 0.015 0.014 0.016 0.006 0.156 0.014 0.015 0.678 0.010 0.004 0.047 0.017 
244     2519    (0)    3 :  0.018 0.031 0.058 0.128 0.009 0.098 0.051 0.050 0.485 0.019 0.002 0.013 0.038 
245     2520    (2)    3 :  0.002 0.004 0.004 0.004 0.002 0.379 0.003 0.004 0.587 0.005 0.002 0.003 0.003 
246     2521    (2)    3 :  0.003 0.025 0.041 0.039 0.040 0.552 0.032 0.045 0.172 0.005 0.002 0.039 0.005 
247     2603    (4)    3 :  0.003 0.010 0.021 0.032 0.054 0.027 0.018 0.020 0.797 0.003 0.003 0.006 0.004 
248     2606    (2)    3 :  0.002 0.008 0.010 0.010 0.012 0.017 0.009 0.011 0.895 0.004 0.005 0.009 0.007 
249       87    (0)    4 :  0.007 0.013 0.009 0.010 0.005 0.894 0.008 0.008 0.009 0.011 0.007 0.005 0.015 
250       88    (0)    4 :  0.002 0.002 0.002 0.002 0.003 0.961 0.002 0.003 0.015 0.002 0.001 0.002 0.002 
251       90    (0)    4 :  0.002 0.003 0.003 0.003 0.003 0.351 0.003 0.003 0.614 0.008 0.001 0.003 0.003 
252       92    (0)    4 :  0.003 0.017 0.010 0.012 0.015 0.770 0.011 0.010 0.122 0.006 0.002 0.009 0.011 
253       96    (0)    4 :  0.019 0.008 0.011 0.012 0.041 0.190 0.025 0.011 0.651 0.010 0.002 0.010 0.011 
254       97    (0)    4 :  0.003 0.005 0.006 0.005 0.011 0.890 0.005 0.006 0.047 0.009 0.001 0.008 0.004 
255      105    (0)    4 :  0.007 0.005 0.005 0.005 0.004 0.931 0.005 0.005 0.015 0.008 0.002 0.004 0.004 
256      120    (0)    4 :  0.002 0.003 0.003 0.003 0.005 0.966 0.003 0.003 0.003 0.002 0.003 0.002 0.002 
257      123    (0)    4 :  0.003 0.004 0.004 0.004 0.003 0.301 0.004 0.003 0.659 0.002 0.001 0.006 0.005 
258      128    (0)    4 :  0.003 0.004 0.005 0.005 0.005 0.011 0.005 0.006 0.946 0.002 0.002 0.003 0.002 
259      129    (0)    4 :  0.004 0.012 0.007 0.008 0.005 0.122 0.006 0.006 0.804 0.003 0.002 0.013 0.010 
260      132    (0)    4 :  0.002 0.004 0.007 0.007 0.008 0.931 0.007 0.006 0.015 0.005 0.003 0.003 0.003 
261      504    (0)    4 :  0.003 0.006 0.005 0.006 0.006 0.606 0.005 0.005 0.336 0.003 0.001 0.008 0.010 
262      505    (0)    4 :  0.003 0.008 0.007 0.007 0.007 0.810 0.006 0.006 0.124 0.008 0.001 0.004 0.008 
263      506    (0)    4 :  0.003 0.009 0.016 0.015 0.045 0.367 0.019 0.016 0.485 0.009 0.003 0.008 0.005 
264      507    (0)    4 :  0.003 0.024 0.006 0.007 0.005 0.875 0.007 0.006 0.030 0.007 0.003 0.004 0.022 
265      508    (0)    4 :  0.003 0.008 0.011 0.013 0.014 0.871 0.013 0.012 0.010 0.004 0.027 0.009 0.007 
266      509    (0)    4 :  0.003 0.009 0.016 0.014 0.003 0.804 0.013 0.017 0.086 0.019 0.003 0.006 0.006 
267      510    (0)    4 :  0.002 0.011 0.007 0.006 0.003 0.938 0.006 0.006 0.005 0.002 0.002 0.005 0.006 
268      511    (0)    4 :  0.013 0.006 0.006 0.006 0.003 0.792 0.005 0.006 0.036 0.114 0.002 0.004 0.006 
269      512    (0)    4 :  0.004 0.004 0.004 0.004 0.004 0.775 0.003 0.004 0.178 0.004 0.002 0.007 0.005 
270      513    (0)    4 :  0.002 0.004 0.004 0.005 0.002 0.893 0.004 0.004 0.070 0.003 0.002 0.003 0.002 
271      514    (0)    4 :  0.013 0.007 0.010 0.011 0.014 0.468 0.009 0.010 0.438 0.008 0.002 0.005 0.005 
272      515    (0)    4 :  0.004 0.013 0.015 0.015 0.016 0.795 0.014 0.019 0.075 0.004 0.008 0.015 0.007 
273      558    (0)    4 :  0.003 0.008 0.008 0.008 0.007 0.807 0.006 0.006 0.073 0.041 0.005 0.019 0.010 
274      559    (0)    4 :  0.002 0.003 0.003 0.003 0.004 0.378 0.003 0.003 0.590 0.003 0.003 0.004 0.002 
275      560    (0)    4 :  0.008 0.004 0.004 0.005 0.003 0.437 0.005 0.004 0.502 0.012 0.009 0.003 0.004 
276      561    (0)    4 :  0.004 0.004 0.005 0.006 0.004 0.722 0.004 0.005 0.179 0.057 0.003 0.002 0.004 
277      562    (0)    4 :  0.002 0.009 0.009 0.009 0.019 0.874 0.013 0.008 0.037 0.005 0.003 0.008 0.005 
278      563    (0)    4 :  0.003 0.003 0.003 0.004 0.003 0.965 0.003 0.003 0.003 0.001 0.004 0.003 0.002 
279      564    (0)    4 :  0.003 0.008 0.006 0.008 0.010 0.685 0.007 0.006 0.236 0.004 0.011 0.008 0.007 
280      136    (0)    5 :  0.004 0.005 0.007 0.008 0.003 0.009 0.007 0.007 0.891 0.047 0.002 0.003 0.006 
281      138    (0)    5 :  0.004 0.006 0.006 0.006 0.003 0.015 0.006 0.007 0.924 0.006 0.003 0.008 0.006 
282      140    (0)    5 :  0.007 0.007 0.008 0.010 0.008 0.024 0.007 0.007 0.886 0.004 0.003 0.009 0.019 
283      141    (0)    5 :  0.004 0.015 0.028 0.027 0.005 0.011 0.022 0.027 0.829 0.006 0.005 0.012 0.008 
284      144    (0)    5 :  0.014 0.006 0.005 0.006 0.005 0.012 0.005 0.005 0.930 0.004 0.002 0.003 0.003 
285      146    (0)    5 :  0.005 0.003 0.004 0.004 0.022 0.224 0.005 0.005 0.716 0.003 0.003 0.002 0.003 
286      148    (0)    5 :  0.002 0.006 0.009 0.011 0.016 0.081 0.011 0.009 0.833 0.012 0.002 0.005 0.003 
287      150    (0)    5 :  0.002 0.004 0.005 0.006 0.003 0.006 0.005 0.005 0.934 0.006 0.008 0.004 0.011 
288      152    (0)    5 :  0.002 0.004 0.004 0.004 0.002 0.014 0.003 0.005 0.949 0.004 0.002 0.004 0.004 
289      666    (0)    5 :  0.002 0.005 0.005 0.005 0.003 0.006 0.004 0.005 0.950 0.002 0.002 0.005 0.007 
290      667    (0)    5 :  0.002 0.009 0.012 0.015 0.006 0.009 0.011 0.010 0.913 0.002 0.001 0.006 0.005 
291      668    (0)    5 :  0.003 0.009 0.012 0.014 0.007 0.084 0.011 0.011 0.754 0.013 0.013 0.009 0.062 
292      669    (0)    5 :  0.002 0.006 0.004 0.005 0.002 0.053 0.004 0.004 0.801 0.098 0.004 0.006 0.011 
293      670    (0)    5 :  0.003 0.010 0.016 0.022 0.028 0.069 0.015 0.017 0.544 0.010 0.014 0.210 0.042 
294      684    (0)    5 :  0.002 0.004 0.004 0.004 0.003 0.014 0.004 0.004 0.929 0.019 0.003 0.003 0.006 
295      685    (0)    5 :  0.004 0.005 0.007 0.006 0.006 0.006 0.006 0.009 0.933 0.007 0.008 0.003 0.003 
296      686    (0)    5 :  0.003 0.005 0.006 0.007 0.003 0.138 0.006 0.005 0.802 0.005 0.003 0.010 0.005 
297      687    (0)    5 :  0.004 0.004 0.004 0.005 0.004 0.005 0.005 0.005 0.948 0.007 0.001 0.004 0.005 
298      688    (2)    5 :  0.003 0.004 0.004 0.004 0.004 0.008 0.003 0.003 0.952 0.006 0.002 0.003 0.004 
299      689    (0)    5 :  0.006 0.013 0.011 0.012 0.010 0.012 0.009 0.011 0.889 0.005 0.004 0.011 0.008 
300      165    (0)    6 :  0.004 0.012 0.017 0.017 0.016 0.041 0.017 0.018 0.809 0.012 0.003 0.023 0.012 
301      167    (0)    6 :  0.003 0.026 0.040 0.045 0.233 0.037 0.043 0.049 0.426 0.013 0.043 0.017 0.025 
302      170    (0)    6 :  0.010 0.016 0.009 0.011 0.021 0.022 0.009 0.009 0.854 0.007 0.004 0.013 0.014 
303      714    (0)    6 :  0.002 0.006 0.008 0.010 0.006 0.621 0.007 0.008 0.267 0.032 0.003 0.026 0.005 
304      715    (2)    6 :  0.004 0.051 0.103 0.080 0.044 0.315 0.081 0.101 0.162 0.011 0.015 0.017 0.016 
305      716    (0)    6 :  0.003 0.013 0.010 0.011 0.013 0.018 0.013 0.009 0.876 0.008 0.003 0.009 0.013 
306      717    (2)    6 :  0.008 0.041 0.091 0.122 0.122 0.268 0.093 0.087 0.060 0.011 0.010 0.084 0.004 
307     2346    (2)    6 :  0.085 0.091 0.173 0.259 0.007 0.004 0.140 0.215 0.002 0.003 0.009 0.003 0.009 
308      718    (0)    7 :  0.004 0.011 0.006 0.008 0.006 0.087 0.010 0.007 0.241 0.595 0.005 0.006 0.013 
309      719    (0)    7 :  0.011 0.018 0.018 0.020 0.005 0.012 0.015 0.017 0.572 0.275 0.005 0.026 0.007 
310      720    (0)    7 :  0.001 0.005 0.007 0.007 0.004 0.059 0.007 0.007 0.272 0.620 0.001 0.006 0.005 
311      721    (0)    7 :  0.013 0.026 0.022 0.030 0.003 0.207 0.021 0.024 0.557 0.036 0.014 0.016 0.031 
312      722    (0)    7 :  0.002 0.005 0.005 0.006 0.011 0.206 0.004 0.005 0.327 0.399 0.002 0.022 0.008 
313      723    (0)    7 :  0.004 0.008 0.006 0.006 0.018 0.093 0.008 0.006 0.800 0.010 0.001 0.028 0.012 
314      724    (0)    7 :  0.002 0.005 0.004 0.005 0.002 0.005 0.004 0.004 0.666 0.285 0.005 0.007 0.005 
315      725    (0)    7 :  0.006 0.004 0.004 0.004 0.003 0.166 0.004 0.004 0.449 0.344 0.003 0.003 0.006 
316      726    (0)    7 :  0.003 0.008 0.014 0.020 0.059 0.031 0.052 0.014 0.131 0.650 0.003 0.006 0.007 
317      727    (0)    7 :  0.003 0.003 0.003 0.003 0.002 0.006 0.003 0.003 0.955 0.010 0.003 0.003 0.005 
318      728    (2)    7 :  0.002 0.005 0.010 0.008 0.004 0.054 0.007 0.010 0.239 0.618 0.002 0.035 0.005 
319      729    (0)    7 :  0.004 0.191 0.019 0.020 0.011 0.113 0.017 0.014 0.339 0.044 0.008 0.012 0.207 
320      730    (0)    7 :  0.001 0.002 0.002 0.002 0.003 0.002 0.002 0.002 0.002 0.977 0.003 0.002 0.002 
321      731    (0)    7 :  0.007 0.019 0.018 0.020 0.004 0.338 0.014 0.015 0.494 0.035 0.005 0.012 0.018 
322      732    (0)    7 :  0.005 0.003 0.004 0.004 0.005 0.004 0.004 0.004 0.013 0.949 0.002 0.002 0.003 
323      733    (0)    7 :  0.003 0.023 0.006 0.007 0.015 0.317 0.008 0.005 0.553 0.012 0.017 0.006 0.028 
324      734    (0)    7 :  0.002 0.004 0.003 0.003 0.002 0.431 0.003 0.003 0.533 0.004 0.003 0.003 0.006 
325      189    (0)    8 :  0.887 0.008 0.007 0.007 0.034 0.007 0.014 0.006 0.008 0.003 0.006 0.007 0.006 
326      190    (0)    8 :  0.970 0.002 0.003 0.003 0.004 0.002 0.003 0.002 0.003 0.002 0.002 0.003 0.002 
327      193    (0)    8 :  0.939 0.005 0.008 0.010 0.003 0.005 0.007 0.008 0.004 0.002 0.001 0.005 0.003 
328      761    (0)    8 :  0.969 0.003 0.002 0.002 0.003 0.003 0.004 0.002 0.002 0.002 0.001 0.003 0.003 
329      762    (0)    8 :  0.948 0.005 0.004 0.004 0.003 0.002 0.003 0.004 0.004 0.008 0.002 0.007 0.006 
330      763    (0)    8 :  0.953 0.004 0.004 0.004 0.003 0.005 0.003 0.003 0.004 0.003 0.003 0.004 0.006 
331      764    (0)    8 :  0.961 0.004 0.003 0.003 0.003 0.002 0.003 0.003 0.004 0.003 0.002 0.004 0.004 
332      765    (0)    8 :  0.951 0.004 0.005 0.005 0.005 0.004 0.004 0.005 0.004 0.003 0.001 0.004 0.003 
333      778    (0)    8 :  0.863 0.009 0.013 0.016 0.009 0.016 0.012 0.014 0.014 0.004 0.013 0.005 0.010 
334      779    (0)    8 :  0.950 0.004 0.004 0.004 0.005 0.002 0.004 0.004 0.007 0.003 0.003 0.006 0.004 
335      780    (0)    8 :  0.965 0.004 0.003 0.003 0.002 0.002 0.003 0.003 0.002 0.002 0.002 0.002 0.006 
336      781    (0)    8 :  0.950 0.003 0.003 0.003 0.003 0.005 0.003 0.003 0.003 0.004 0.015 0.003 0.003 
337      782    (0)    8 :  0.946 0.004 0.005 0.005 0.003 0.009 0.005 0.005 0.009 0.002 0.002 0.003 0.003 
338      783    (0)    8 :  0.984 0.002 0.001 0.001 0.001 0.001 0.001 0.001 0.002 0.001 0.001 0.001 0.002 
339      784    (0)    8 :  0.951 0.004 0.005 0.006 0.006 0.004 0.005 0.005 0.003 0.002 0.002 0.004 0.004 
340      785    (0)    8 :  0.955 0.004 0.004 0.004 0.003 0.002 0.003 0.004 0.003 0.004 0.004 0.005 0.005 
341      786    (0)    8 :  0.957 0.004 0.004 0.004 0.005 0.002 0.005 0.004 0.003 0.001 0.001 0.005 0.006 
342      787    (0)    8 :  0.964 0.003 0.003 0.003 0.002 0.003 0.003 0.003 0.005 0.002 0.002 0.003 0.003 
343      788    (0)    8 :  0.916 0.008 0.010 0.009 0.003 0.010 0.007 0.010 0.006 0.004 0.004 0.006 0.008 
344      789    (0)    8 :  0.933 0.006 0.009 0.008 0.011 0.003 0.007 0.009 0.004 0.001 0.002 0.005 0.002 
345      790    (0)    8 :  0.942 0.005 0.005 0.005 0.008 0.003 0.005 0.005 0.004 0.002 0.005 0.006 0.005 
346      791    (0)    8 :  0.939 0.005 0.006 0.006 0.003 0.005 0.005 0.006 0.010 0.002 0.002 0.006 0.005 
347      792    (0)    8 :  0.972 0.002 0.002 0.002 0.002 0.002 0.002 0.002 0.002 0.003 0.004 0.002 0.002 
348      793    (0)    8 :  0.942 0.006 0.006 0.006 0.004 0.003 0.005 0.006 0.007 0.004 0.002 0.004 0.005 
349      794    (0)    8 :  0.947 0.006 0.005 0.005 0.004 0.003 0.005 0.006 0.002 0.003 0.003 0.005 0.006 
350      795    (0)    8 :  0.953 0.004 0.005 0.005 0.004 0.005 0.004 0.005 0.003 0.003 0.003 0.003 0.003 
351      796    (0)    8 :  0.976 0.002 0.002 0.002 0.002 0.002 0.002 0.002 0.002 0.002 0.003 0.002 0.002 
352      797    (0)    8 :  0.969 0.003 0.003 0.003 0.002 0.002 0.002 0.002 0.002 0.002 0.002 0.002 0.005 
353      798    (0)    8 :  0.948 0.010 0.003 0.004 0.003 0.005 0.003 0.003 0.006 0.003 0.002 0.006 0.005 
354      282    (0)    9 :  0.002 0.005 0.007 0.009 0.003 0.005 0.006 0.007 0.003 0.001 0.943 0.004 0.004 
355      284    (0)    9 :  0.010 0.003 0.003 0.003 0.002 0.002 0.003 0.003 0.002 0.007 0.953 0.003 0.003 
356      287    (0)    9 :  0.003 0.007 0.006 0.006 0.003 0.002 0.005 0.005 0.003 0.003 0.948 0.003 0.005 
357      295    (0)    9 :  0.001 0.001 0.001 0.001 0.001 0.002 0.001 0.001 0.001 0.001 0.985 0.001 0.001 
358      302    (0)    9 :  0.002 0.002 0.001 0.001 0.001 0.001 0.001 0.001 0.001 0.001 0.983 0.002 0.002 
359      306    (2)    9 :  0.005 0.010 0.013 0.014 0.002 0.003 0.010 0.013 0.009 0.006 0.897 0.007 0.011 
360      308    (0)    9 :  0.001 0.002 0.002 0.002 0.002 0.002 0.002 0.002 0.002 0.003 0.978 0.001 0.002 
361      867    (0)    9 :  0.001 0.002 0.002 0.002 0.001 0.002 0.002 0.002 0.001 0.002 0.981 0.001 0.002 


Estimated Allele Frequencies in each cluster
First column gives estimated ancestral frequencies


Locus 1 : 1 
4 alleles
0.0% missing data
  89   (0.537) 0.640 0.517 0.542 0.540 0.569 0.341 0.481 0.543 0.636 0.703 0.076 0.468 0.581 
  91   (0.371) 0.311 0.355 0.368 0.369 0.397 0.547 0.447 0.366 0.303 0.286 0.729 0.505 0.376 
  93   (0.070) 0.048 0.101 0.064 0.070 0.023 0.111 0.054 0.068 0.060 0.008 0.044 0.020 0.032 
  99   (0.021) 0.001 0.028 0.026 0.021 0.011 0.002 0.019 0.022 0.001 0.002 0.152 0.007 0.011 

Locus 2 : 2 
6 alleles
1.4% missing data
 136   (0.319) 0.461 0.187 0.336 0.320 0.193 0.684 0.323 0.351 0.549 0.110 0.199 0.186 0.069 
 134   (0.243) 0.376 0.221 0.230 0.243 0.479 0.166 0.200 0.223 0.153 0.197 0.032 0.223 0.293 
 138   (0.307) 0.156 0.476 0.301 0.306 0.224 0.133 0.276 0.286 0.252 0.248 0.753 0.466 0.479 
 140   (0.074) 0.005 0.055 0.075 0.073 0.084 0.013 0.132 0.079 0.044 0.439 0.010 0.054 0.032 
 132   (0.026) 0.002 0.017 0.033 0.027 0.007 0.002 0.024 0.036 0.001 0.002 0.003 0.009 0.004 
 142   (0.031) 0.002 0.043 0.026 0.030 0.014 0.002 0.045 0.025 0.001 0.003 0.004 0.061 0.123 

Locus 3 : 3 
6 alleles
0.0% missing data
 181   (0.242) 0.068 0.357 0.230 0.242 0.354 0.126 0.265 0.214 0.232 0.079 0.193 0.106 0.438 
 187   (0.348) 0.258 0.234 0.344 0.348 0.245 0.511 0.373 0.355 0.512 0.715 0.753 0.322 0.166 
 179   (0.240) 0.015 0.188 0.254 0.240 0.290 0.348 0.224 0.262 0.228 0.187 0.033 0.339 0.193 
 191   (0.035) 0.194 0.023 0.032 0.035 0.010 0.004 0.024 0.026 0.024 0.005 0.004 0.009 0.009 
 185   (0.073) 0.460 0.149 0.079 0.073 0.059 0.006 0.059 0.078 0.002 0.007 0.009 0.101 0.045 
 175   (0.061) 0.004 0.049 0.062 0.061 0.041 0.005 0.054 0.065 0.002 0.006 0.008 0.124 0.149 

Locus 4 : 4 
10 alleles
0.0% missing data
 253   (0.518) 0.463 0.448 0.544 0.517 0.534 0.584 0.436 0.540 0.740 0.642 0.537 0.530 0.700 
 249   (0.029) 0.002 0.012 0.022 0.029 0.008 0.031 0.019 0.021 0.059 0.305 0.004 0.006 0.005 
 271   (0.039) 0.003 0.020 0.032 0.039 0.109 0.056 0.102 0.030 0.023 0.005 0.005 0.031 0.006 
 241   (0.134) 0.150 0.186 0.128 0.134 0.051 0.277 0.104 0.125 0.027 0.019 0.210 0.187 0.102 
 257   (0.008) 0.000 0.004 0.006 0.008 0.002 0.002 0.005 0.005 0.000 0.001 0.001 0.002 0.001 
 269   (0.174) 0.101 0.272 0.161 0.174 0.212 0.042 0.202 0.159 0.148 0.020 0.231 0.208 0.150 
 247   (0.071) 0.280 0.047 0.084 0.073 0.077 0.006 0.114 0.099 0.002 0.007 0.009 0.030 0.032 
 239   (0.008) 0.000 0.003 0.006 0.008 0.002 0.001 0.005 0.005 0.000 0.001 0.001 0.002 0.001 
 245   (0.008) 0.000 0.003 0.006 0.008 0.002 0.001 0.005 0.006 0.000 0.001 0.001 0.002 0.001 
 273   (0.011) 0.001 0.005 0.010 0.011 0.003 0.001 0.008 0.011 0.000 0.001 0.001 0.002 0.002 

Locus 5 : 5 
7 alleles
0.8% missing data
 103   (0.845) 0.966 0.893 0.816 0.844 0.938 0.984 0.862 0.811 0.991 0.984 0.978 0.904 0.953 
 104   (0.061) 0.004 0.049 0.084 0.062 0.030 0.008 0.062 0.081 0.006 0.007 0.009 0.048 0.025 
 105   (0.049) 0.003 0.038 0.063 0.049 0.020 0.004 0.047 0.074 0.002 0.005 0.006 0.027 0.015 
 102   (0.018) 0.001 0.009 0.017 0.018 0.005 0.001 0.013 0.017 0.001 0.002 0.003 0.014 0.003 
 101   (0.012) 0.013 0.005 0.009 0.012 0.004 0.001 0.007 0.008 0.000 0.001 0.001 0.004 0.002 
 107   (0.008) 0.000 0.003 0.006 0.008 0.002 0.001 0.005 0.005 0.000 0.001 0.001 0.002 0.001 
  99   (0.008) 0.012 0.003 0.005 0.008 0.002 0.001 0.004 0.004 0.000 0.001 0.001 0.002 0.001 

Locus 6 : 6 
5 alleles
0.3% missing data
 141   (0.291) 0.135 0.200 0.288 0.290 0.657 0.357 0.306 0.271 0.581 0.844 0.039 0.335 0.195 
 145   (0.406) 0.260 0.458 0.422 0.407 0.196 0.125 0.433 0.441 0.198 0.074 0.383 0.468 0.669 
 135   (0.228) 0.287 0.303 0.223 0.228 0.124 0.357 0.206 0.225 0.176 0.068 0.567 0.163 0.123 
 147   (0.064) 0.318 0.033 0.057 0.064 0.020 0.160 0.047 0.052 0.044 0.013 0.009 0.032 0.012 
 137   (0.011) 0.001 0.006 0.010 0.011 0.003 0.001 0.009 0.011 0.000 0.001 0.001 0.002 0.002 

Locus 7 : 7 
8 alleles
1.1% missing data
  93   (0.236) 0.068 0.202 0.215 0.235 0.296 0.387 0.184 0.211 0.322 0.615 0.718 0.351 0.306 
 103   (0.286) 0.508 0.352 0.295 0.285 0.215 0.319 0.385 0.306 0.410 0.087 0.044 0.316 0.372 
  91   (0.063) 0.155 0.034 0.061 0.063 0.046 0.006 0.047 0.055 0.038 0.006 0.060 0.020 0.056 
  97   (0.203) 0.256 0.229 0.206 0.204 0.192 0.156 0.213 0.207 0.162 0.029 0.146 0.056 0.135 
  85   (0.042) 0.003 0.048 0.038 0.043 0.015 0.008 0.032 0.040 0.050 0.005 0.006 0.011 0.020 
  89   (0.106) 0.007 0.075 0.098 0.106 0.216 0.118 0.082 0.098 0.017 0.250 0.017 0.219 0.071 
  83   (0.054) 0.003 0.054 0.075 0.054 0.017 0.004 0.049 0.070 0.002 0.006 0.008 0.024 0.035 
 105   (0.011) 0.001 0.006 0.012 0.010 0.003 0.001 0.008 0.011 0.000 0.001 0.002 0.002 0.005 

Locus 8 : 8 
8 alleles
0.0% missing data
 129   (0.538) 0.640 0.577 0.526 0.538 0.453 0.493 0.536 0.532 0.709 0.688 0.152 0.760 0.715 
 141   (0.061) 0.208 0.037 0.058 0.061 0.017 0.130 0.049 0.062 0.099 0.010 0.008 0.028 0.014 
 149   (0.095) 0.017 0.073 0.098 0.094 0.163 0.089 0.076 0.090 0.134 0.015 0.012 0.079 0.037 
 143   (0.258) 0.131 0.278 0.275 0.258 0.354 0.284 0.306 0.272 0.057 0.283 0.741 0.117 0.220 
 145   (0.008) 0.000 0.003 0.006 0.008 0.002 0.001 0.005 0.005 0.000 0.001 0.001 0.002 0.001 
 133   (0.016) 0.001 0.010 0.017 0.016 0.004 0.001 0.012 0.019 0.000 0.001 0.002 0.009 0.003 
 131   (0.011) 0.001 0.014 0.007 0.011 0.003 0.001 0.006 0.006 0.000 0.001 0.042 0.002 0.006 
 127   (0.014) 0.001 0.006 0.013 0.014 0.004 0.001 0.011 0.014 0.000 0.001 0.042 0.003 0.002 

Locus 9 : 9 
4 alleles
0.0% missing data
 191   (0.371) 0.545 0.388 0.385 0.371 0.359 0.622 0.307 0.374 0.554 0.844 0.262 0.162 0.333 
 195   (0.148) 0.054 0.220 0.136 0.147 0.194 0.052 0.243 0.133 0.200 0.035 0.402 0.061 0.330 
 189   (0.473) 0.401 0.389 0.474 0.475 0.444 0.325 0.445 0.489 0.244 0.121 0.334 0.776 0.336 
 193   (0.008) 0.001 0.003 0.005 0.008 0.002 0.001 0.005 0.005 0.003 0.001 0.001 0.002 0.001 

Locus 10 : 10 
7 alleles
0.0% missing data
 232   (0.247) 0.274 0.226 0.251 0.248 0.101 0.422 0.196 0.258 0.256 0.558 0.189 0.090 0.215 
 238   (0.563) 0.347 0.626 0.560 0.563 0.833 0.405 0.659 0.561 0.616 0.135 0.413 0.839 0.715 
 252   (0.111) 0.034 0.108 0.114 0.111 0.045 0.166 0.088 0.108 0.104 0.294 0.018 0.054 0.058 
 254   (0.040) 0.259 0.021 0.038 0.040 0.011 0.004 0.029 0.037 0.022 0.009 0.375 0.009 0.006 
 250   (0.010) 0.001 0.006 0.012 0.010 0.002 0.001 0.009 0.013 0.000 0.001 0.001 0.002 0.001 
 248   (0.020) 0.085 0.010 0.019 0.020 0.005 0.002 0.014 0.017 0.001 0.002 0.003 0.005 0.003 
 236   (0.008) 0.001 0.003 0.006 0.008 0.002 0.001 0.005 0.005 0.000 0.001 0.001 0.002 0.001 

Locus 11 : 11 
3 alleles
0.0% missing data
  87   (0.736) 0.534 0.801 0.745 0.737 0.890 0.575 0.786 0.744 0.644 0.366 0.965 0.771 0.852 
  89   (0.205) 0.383 0.159 0.203 0.204 0.083 0.325 0.162 0.207 0.313 0.601 0.028 0.206 0.115 
  91   (0.059) 0.083 0.040 0.052 0.058 0.027 0.100 0.052 0.049 0.042 0.033 0.008 0.023 0.034 

Locus 12 : 12 
12 alleles
0.0% missing data
 160   (0.216) 0.715 0.238 0.195 0.216 0.194 0.176 0.172 0.187 0.113 0.036 0.588 0.259 0.340 
 162   (0.249) 0.232 0.183 0.267 0.248 0.352 0.127 0.340 0.283 0.213 0.728 0.078 0.283 0.252 
 147   (0.049) 0.003 0.037 0.039 0.048 0.016 0.329 0.038 0.038 0.099 0.110 0.006 0.086 0.015 
 158   (0.236) 0.022 0.281 0.236 0.238 0.141 0.332 0.249 0.239 0.543 0.093 0.032 0.109 0.253 
 161   (0.112) 0.019 0.140 0.118 0.112 0.052 0.024 0.093 0.117 0.022 0.017 0.130 0.135 0.054 
 170   (0.050) 0.003 0.055 0.061 0.050 0.019 0.006 0.044 0.057 0.008 0.007 0.007 0.058 0.012 
 149   (0.023) 0.001 0.014 0.019 0.023 0.207 0.002 0.016 0.018 0.001 0.002 0.003 0.008 0.053 
 154   (0.019) 0.001 0.011 0.022 0.019 0.007 0.002 0.015 0.023 0.001 0.002 0.002 0.005 0.003 
 143   (0.022) 0.001 0.014 0.027 0.022 0.006 0.002 0.017 0.023 0.001 0.002 0.151 0.005 0.010 
 150   (0.008) 0.000 0.015 0.005 0.007 0.002 0.001 0.004 0.004 0.000 0.001 0.001 0.002 0.007 
 159   (0.009) 0.001 0.009 0.006 0.009 0.002 0.001 0.005 0.005 0.000 0.001 0.001 0.049 0.002 
 164   (0.008) 0.000 0.003 0.006 0.008 0.002 0.001 0.005 0.005 0.000 0.001 0.001 0.002 0.001 

Locus 13 : 13 
4 alleles
0.0% missing data
 108   (0.189) 0.200 0.151 0.179 0.190 0.072 0.170 0.174 0.174 0.162 0.420 0.314 0.130 0.083 
 115   (0.440) 0.287 0.464 0.433 0.439 0.658 0.386 0.436 0.439 0.588 0.511 0.094 0.529 0.535 
 113   (0.364) 0.513 0.382 0.382 0.363 0.268 0.443 0.385 0.382 0.250 0.068 0.592 0.339 0.381 
 109   (0.008) 0.000 0.003 0.006 0.008 0.002 0.001 0.005 0.005 0.000 0.001 0.001 0.002 0.001 

Locus 14 : 14 
5 alleles
0.3% missing data
 227   (0.158) 0.019 0.285 0.141 0.157 0.117 0.307 0.119 0.136 0.260 0.057 0.230 0.306 0.318 
 231   (0.119) 0.354 0.074 0.126 0.120 0.036 0.140 0.096 0.131 0.087 0.022 0.299 0.033 0.021 
 229   (0.535) 0.414 0.492 0.552 0.536 0.759 0.410 0.586 0.558 0.465 0.875 0.117 0.463 0.571 
 225   (0.118) 0.209 0.104 0.109 0.118 0.065 0.028 0.142 0.103 0.096 0.016 0.245 0.174 0.033 
 233   (0.069) 0.005 0.046 0.072 0.069 0.023 0.116 0.057 0.073 0.092 0.030 0.110 0.024 0.056 

Locus 15 : 15 
5 alleles
0.3% missing data
 143   (0.836) 0.814 0.756 0.833 0.835 0.888 0.980 0.830 0.838 0.963 0.982 0.762 0.935 0.904 
 157   (0.009) 0.001 0.003 0.006 0.009 0.002 0.001 0.006 0.005 0.020 0.001 0.001 0.002 0.001 
 145   (0.090) 0.006 0.118 0.099 0.091 0.061 0.013 0.076 0.095 0.015 0.010 0.228 0.041 0.060 
 147   (0.047) 0.148 0.113 0.046 0.047 0.044 0.004 0.075 0.045 0.001 0.004 0.006 0.019 0.032 
 133   (0.018) 0.032 0.010 0.017 0.018 0.004 0.001 0.013 0.018 0.001 0.002 0.002 0.004 0.003 

Locus 16 : 16 
5 alleles
0.3% missing data
 156   (0.242) 0.502 0.289 0.246 0.241 0.109 0.142 0.204 0.253 0.308 0.207 0.581 0.161 0.231 
 158   (0.531) 0.200 0.517 0.534 0.533 0.491 0.645 0.493 0.528 0.503 0.312 0.217 0.638 0.682 
 160   (0.135) 0.112 0.142 0.123 0.133 0.370 0.189 0.225 0.115 0.146 0.469 0.017 0.157 0.053 
 154   (0.081) 0.185 0.049 0.090 0.082 0.027 0.023 0.072 0.098 0.042 0.011 0.183 0.024 0.017 
 152   (0.011) 0.001 0.004 0.007 0.011 0.003 0.001 0.006 0.006 0.000 0.001 0.002 0.020 0.017 

Locus 17 : 17 
5 alleles
0.0% missing data
 102   (0.219) 0.199 0.244 0.221 0.219 0.154 0.155 0.185 0.217 0.243 0.087 0.031 0.416 0.092 
  90   (0.670) 0.793 0.684 0.656 0.670 0.537 0.818 0.638 0.659 0.725 0.617 0.590 0.550 0.887 
  88   (0.070) 0.005 0.041 0.079 0.070 0.296 0.023 0.132 0.076 0.031 0.292 0.009 0.020 0.013 
 100   (0.033) 0.002 0.020 0.039 0.033 0.009 0.003 0.029 0.044 0.001 0.003 0.369 0.011 0.006 
 104   (0.008) 0.000 0.011 0.005 0.008 0.004 0.001 0.016 0.004 0.000 0.001 0.001 0.003 0.002 

Locus 18 : 18 
8 alleles
0.3% missing data
 142   (0.142) 0.009 0.160 0.146 0.142 0.132 0.375 0.122 0.155 0.416 0.789 0.018 0.069 0.049 
 146   (0.086) 0.225 0.054 0.083 0.084 0.137 0.039 0.107 0.072 0.199 0.040 0.012 0.238 0.025 
 140   (0.264) 0.178 0.270 0.268 0.265 0.429 0.358 0.263 0.271 0.084 0.042 0.320 0.220 0.188 
 127   (0.261) 0.061 0.214 0.263 0.262 0.169 0.106 0.253 0.264 0.178 0.070 0.470 0.256 0.438 
 148   (0.104) 0.214 0.072 0.096 0.104 0.087 0.063 0.120 0.092 0.049 0.036 0.014 0.147 0.064 
 128   (0.029) 0.002 0.015 0.030 0.028 0.008 0.035 0.027 0.035 0.051 0.005 0.105 0.006 0.004 
 150   (0.060) 0.308 0.135 0.061 0.060 0.018 0.005 0.064 0.061 0.002 0.006 0.008 0.038 0.204 
 138   (0.055) 0.004 0.081 0.053 0.055 0.021 0.018 0.045 0.051 0.021 0.011 0.053 0.026 0.029 

Locus 19 : 19 
6 alleles
0.0% missing data
 188   (0.203) 0.172 0.243 0.208 0.204 0.110 0.178 0.180 0.218 0.088 0.569 0.026 0.124 0.128 
 190   (0.141) 0.201 0.116 0.119 0.140 0.301 0.354 0.182 0.116 0.411 0.017 0.019 0.092 0.262 
 194   (0.570) 0.479 0.594 0.587 0.570 0.366 0.461 0.571 0.584 0.498 0.406 0.945 0.551 0.556 
 200   (0.064) 0.004 0.037 0.067 0.064 0.217 0.005 0.052 0.062 0.002 0.006 0.008 0.229 0.050 
 202   (0.015) 0.144 0.007 0.012 0.015 0.003 0.001 0.010 0.012 0.000 0.001 0.002 0.003 0.002 
 196   (0.008) 0.000 0.003 0.006 0.008 0.002 0.001 0.006 0.007 0.000 0.001 0.001 0.002 0.001 

Locus 20 : 20 
6 alleles
0.8% missing data
 252   (0.713) 0.727 0.756 0.742 0.714 0.634 0.738 0.742 0.742 0.847 0.808 0.367 0.848 0.717 
 250   (0.081) 0.140 0.139 0.069 0.081 0.105 0.081 0.060 0.063 0.092 0.011 0.336 0.031 0.061 
 244   (0.018) 0.001 0.008 0.013 0.018 0.008 0.002 0.011 0.011 0.009 0.159 0.003 0.005 0.012 
 254   (0.081) 0.083 0.041 0.071 0.081 0.100 0.009 0.101 0.071 0.035 0.010 0.114 0.076 0.112 
 246   (0.085) 0.047 0.044 0.083 0.086 0.147 0.167 0.067 0.086 0.004 0.009 0.178 0.030 0.094 
 248   (0.021) 0.001 0.013 0.023 0.020 0.006 0.002 0.019 0.027 0.012 0.002 0.003 0.010 0.003 

Locus 21 : 21 
7 alleles
0.0% missing data
 173   (0.285) 0.214 0.440 0.265 0.284 0.238 0.167 0.316 0.259 0.374 0.164 0.138 0.474 0.577 
 177   (0.304) 0.170 0.282 0.305 0.304 0.423 0.597 0.341 0.311 0.252 0.173 0.265 0.232 0.209 
 175   (0.126) 0.257 0.084 0.128 0.127 0.062 0.027 0.101 0.124 0.032 0.016 0.455 0.096 0.082 
 167   (0.178) 0.120 0.123 0.178 0.177 0.071 0.195 0.146 0.180 0.335 0.634 0.127 0.171 0.111 
 163   (0.042) 0.221 0.029 0.043 0.042 0.014 0.006 0.033 0.041 0.002 0.005 0.005 0.012 0.009 
 159   (0.022) 0.001 0.015 0.032 0.023 0.007 0.002 0.023 0.035 0.001 0.002 0.003 0.005 0.003 
 165   (0.043) 0.016 0.026 0.049 0.044 0.185 0.007 0.041 0.052 0.005 0.005 0.006 0.011 0.008 

Locus 22 : 22 
11 alleles
1.1% missing data
 146   (0.237) 0.137 0.279 0.236 0.236 0.264 0.233 0.205 0.228 0.226 0.831 0.084 0.345 0.230 
 154   (0.011) 0.001 0.004 0.007 0.011 0.003 0.035 0.006 0.006 0.061 0.001 0.001 0.002 0.002 
 166   (0.093) 0.006 0.056 0.099 0.094 0.125 0.202 0.152 0.103 0.024 0.010 0.117 0.035 0.021 
 152   (0.451) 0.371 0.505 0.426 0.451 0.529 0.478 0.451 0.425 0.646 0.134 0.459 0.557 0.659 
 150   (0.032) 0.002 0.021 0.036 0.031 0.010 0.006 0.029 0.039 0.008 0.004 0.115 0.017 0.007 
 164   (0.025) 0.002 0.013 0.022 0.025 0.007 0.033 0.017 0.021 0.014 0.003 0.004 0.006 0.004 
 158   (0.073) 0.105 0.069 0.093 0.073 0.031 0.006 0.070 0.097 0.019 0.009 0.010 0.017 0.016 
 162   (0.043) 0.071 0.027 0.051 0.043 0.022 0.004 0.047 0.055 0.001 0.004 0.005 0.012 0.009 
 142   (0.014) 0.001 0.009 0.015 0.014 0.004 0.001 0.010 0.013 0.000 0.001 0.002 0.004 0.037 
 156   (0.012) 0.305 0.013 0.007 0.011 0.003 0.001 0.006 0.006 0.000 0.001 0.001 0.003 0.013 
 148   (0.011) 0.001 0.004 0.008 0.011 0.002 0.001 0.006 0.007 0.000 0.001 0.201 0.002 0.002 

Locus 23 : 23 
7 alleles
0.6% missing data
 152   (0.017) 0.001 0.007 0.011 0.016 0.004 0.091 0.009 0.009 0.059 0.002 0.002 0.006 0.003 
 156   (0.124) 0.033 0.078 0.141 0.125 0.084 0.079 0.130 0.158 0.035 0.013 0.018 0.054 0.037 
 144   (0.159) 0.638 0.125 0.141 0.158 0.062 0.178 0.121 0.138 0.179 0.023 0.561 0.199 0.363 
 160   (0.109) 0.104 0.165 0.091 0.108 0.212 0.234 0.076 0.090 0.193 0.013 0.015 0.110 0.073 
 154   (0.560) 0.221 0.609 0.586 0.561 0.536 0.415 0.571 0.574 0.531 0.932 0.399 0.624 0.519 
 158   (0.021) 0.001 0.011 0.020 0.021 0.100 0.002 0.085 0.021 0.003 0.017 0.003 0.005 0.003 
 146   (0.010) 0.001 0.005 0.010 0.010 0.002 0.001 0.007 0.009 0.000 0.001 0.002 0.002 0.001 

Locus 24 : 24 
4 alleles
0.3% missing data
  77   (0.090) 0.049 0.069 0.076 0.089 0.039 0.079 0.075 0.072 0.332 0.048 0.012 0.164 0.055 
  83   (0.456) 0.920 0.458 0.447 0.456 0.496 0.578 0.405 0.451 0.495 0.241 0.712 0.328 0.438 
  81   (0.376) 0.025 0.352 0.401 0.377 0.437 0.292 0.460 0.401 0.159 0.700 0.265 0.427 0.386 
  85   (0.078) 0.005 0.121 0.077 0.078 0.028 0.051 0.060 0.076 0.014 0.012 0.011 0.080 0.120 

Locus 25 : 25 
6 alleles
0.3% missing data
 132   (0.344) 0.449 0.379 0.347 0.343 0.282 0.245 0.352 0.342 0.515 0.916 0.210 0.258 0.389 
 124   (0.519) 0.542 0.537 0.520 0.520 0.657 0.705 0.541 0.528 0.408 0.064 0.391 0.584 0.481 
 126   (0.026) 0.002 0.011 0.020 0.026 0.008 0.038 0.017 0.019 0.057 0.003 0.003 0.006 0.004 
 122   (0.079) 0.005 0.056 0.082 0.079 0.045 0.009 0.068 0.083 0.019 0.014 0.052 0.145 0.121 
 120   (0.018) 0.001 0.009 0.017 0.018 0.004 0.001 0.013 0.016 0.001 0.002 0.342 0.004 0.003 
 136   (0.014) 0.001 0.008 0.013 0.015 0.005 0.001 0.010 0.013 0.000 0.001 0.002 0.004 0.002 

Locus 26 : 26 
7 alleles
0.0% missing data
 165   (0.228) 0.054 0.157 0.222 0.228 0.215 0.164 0.185 0.218 0.116 0.686 0.304 0.217 0.390 
 183   (0.350) 0.422 0.338 0.349 0.349 0.412 0.495 0.281 0.360 0.586 0.193 0.315 0.267 0.360 
 179   (0.087) 0.005 0.075 0.083 0.087 0.059 0.092 0.067 0.074 0.058 0.016 0.336 0.185 0.023 
 175   (0.288) 0.449 0.405 0.298 0.288 0.303 0.245 0.433 0.302 0.239 0.101 0.040 0.317 0.219 
 181   (0.032) 0.068 0.019 0.036 0.032 0.008 0.003 0.024 0.035 0.001 0.003 0.004 0.011 0.005 
 157   (0.008) 0.000 0.003 0.006 0.008 0.002 0.001 0.005 0.005 0.000 0.001 0.001 0.002 0.001 
 185   (0.008) 0.001 0.004 0.006 0.008 0.002 0.001 0.005 0.006 0.000 0.001 0.001 0.002 0.001 

Locus 27 : 27 
4 alleles
0.0% missing data
 142   (0.654) 0.741 0.727 0.657 0.654 0.678 0.614 0.649 0.656 0.720 0.334 0.351 0.645 0.836 
 148   (0.186) 0.067 0.133 0.197 0.187 0.066 0.162 0.165 0.200 0.072 0.380 0.627 0.135 0.068 
 138   (0.048) 0.003 0.022 0.038 0.048 0.016 0.213 0.033 0.037 0.195 0.274 0.006 0.013 0.037 
 150   (0.112) 0.188 0.117 0.108 0.112 0.240 0.011 0.153 0.107 0.014 0.011 0.015 0.207 0.058 

Locus 28 : 28 
6 alleles
1.1% missing data
 260   (0.396) 0.377 0.480 0.396 0.395 0.465 0.411 0.373 0.396 0.362 0.273 0.086 0.546 0.517 
 262   (0.493) 0.549 0.403 0.491 0.493 0.481 0.579 0.459 0.493 0.629 0.712 0.899 0.378 0.401 
 256   (0.071) 0.072 0.054 0.075 0.072 0.042 0.006 0.116 0.072 0.007 0.011 0.010 0.065 0.052 
 258   (0.013) 0.001 0.007 0.015 0.013 0.004 0.001 0.012 0.017 0.000 0.001 0.002 0.003 0.002 
 264   (0.019) 0.001 0.053 0.018 0.019 0.006 0.002 0.036 0.017 0.001 0.002 0.002 0.007 0.012 
 266   (0.008) 0.000 0.003 0.005 0.007 0.002 0.001 0.004 0.004 0.000 0.001 0.001 0.002 0.017 

Locus 29 : 29 
7 alleles
0.6% missing data
 146   (0.265) 0.338 0.308 0.265 0.267 0.312 0.232 0.267 0.267 0.185 0.087 0.039 0.185 0.181 
 150   (0.443) 0.291 0.436 0.456 0.444 0.248 0.521 0.422 0.461 0.695 0.161 0.153 0.607 0.597 
 140   (0.179) 0.059 0.202 0.180 0.178 0.210 0.048 0.202 0.172 0.079 0.700 0.793 0.182 0.115 
 148   (0.068) 0.309 0.033 0.060 0.067 0.165 0.181 0.076 0.062 0.035 0.047 0.009 0.016 0.051 
 152   (0.029) 0.002 0.016 0.029 0.029 0.056 0.002 0.023 0.030 0.001 0.003 0.004 0.007 0.052 
 151   (0.008) 0.001 0.003 0.005 0.008 0.002 0.014 0.005 0.004 0.003 0.001 0.001 0.002 0.001 
 142   (0.008) 0.000 0.003 0.005 0.007 0.007 0.001 0.005 0.005 0.002 0.001 0.001 0.002 0.001 

Locus 30 : 30 
6 alleles
0.3% missing data
 125   (0.288) 0.031 0.209 0.317 0.290 0.143 0.349 0.252 0.328 0.470 0.631 0.154 0.124 0.082 
 129   (0.430) 0.783 0.525 0.403 0.427 0.538 0.579 0.492 0.397 0.480 0.314 0.226 0.567 0.606 
 123   (0.157) 0.103 0.191 0.153 0.157 0.166 0.062 0.158 0.145 0.047 0.042 0.022 0.168 0.258 
 131   (0.045) 0.003 0.036 0.054 0.045 0.014 0.004 0.041 0.061 0.001 0.005 0.006 0.066 0.010 
 127   (0.069) 0.080 0.035 0.063 0.069 0.136 0.006 0.050 0.062 0.002 0.008 0.548 0.072 0.042 
 121   (0.012) 0.001 0.005 0.009 0.012 0.003 0.001 0.007 0.007 0.000 0.001 0.044 0.003 0.002 

Locus 31 : 31 
6 alleles
0.3% missing data
 159   (0.145) 0.010 0.311 0.135 0.144 0.116 0.168 0.175 0.125 0.120 0.069 0.019 0.311 0.205 
 155   (0.562) 0.713 0.450 0.588 0.563 0.457 0.781 0.483 0.603 0.699 0.570 0.585 0.330 0.575 
 157   (0.179) 0.020 0.142 0.167 0.179 0.381 0.041 0.251 0.167 0.091 0.304 0.133 0.281 0.175 
 153   (0.075) 0.005 0.078 0.077 0.075 0.031 0.007 0.064 0.076 0.085 0.053 0.103 0.068 0.038 
 151   (0.032) 0.252 0.015 0.028 0.031 0.012 0.003 0.022 0.025 0.003 0.004 0.160 0.008 0.005 
 163   (0.008) 0.001 0.004 0.006 0.008 0.002 0.001 0.005 0.005 0.001 0.001 0.001 0.002 0.002 

Locus 32 : 32 
4 alleles
1.1% missing data
  91   (0.442) 0.148 0.458 0.436 0.441 0.326 0.666 0.449 0.429 0.561 0.550 0.553 0.396 0.647 
  94   (0.068) 0.005 0.040 0.076 0.069 0.022 0.080 0.062 0.082 0.050 0.034 0.009 0.019 0.012 
  95   (0.159) 0.409 0.108 0.167 0.158 0.458 0.033 0.221 0.185 0.125 0.018 0.300 0.118 0.042 
  92   (0.331) 0.438 0.394 0.322 0.332 0.195 0.221 0.268 0.304 0.263 0.398 0.139 0.466 0.299 

Locus 33 : 33 
5 alleles
0.0% missing data
 146   (0.302) 0.313 0.365 0.319 0.303 0.195 0.073 0.251 0.316 0.066 0.063 0.588 0.311 0.361 
 150   (0.591) 0.637 0.537 0.581 0.590 0.503 0.881 0.658 0.585 0.850 0.925 0.397 0.645 0.597 
 148   (0.058) 0.047 0.033 0.048 0.058 0.242 0.040 0.041 0.046 0.083 0.006 0.008 0.026 0.013 
 154   (0.034) 0.002 0.027 0.041 0.034 0.010 0.004 0.032 0.045 0.001 0.004 0.005 0.014 0.007 
 152   (0.015) 0.001 0.038 0.010 0.014 0.050 0.001 0.019 0.009 0.000 0.001 0.002 0.004 0.022 

Locus 34 : 34 
7 alleles
0.0% missing data
 180   (0.458) 0.669 0.317 0.467 0.459 0.383 0.419 0.403 0.476 0.613 0.434 0.719 0.360 0.412 
 196   (0.115) 0.007 0.141 0.106 0.115 0.040 0.197 0.085 0.104 0.174 0.127 0.015 0.142 0.120 
 184   (0.209) 0.072 0.401 0.197 0.208 0.213 0.139 0.250 0.195 0.150 0.412 0.238 0.095 0.342 
 194   (0.015) 0.001 0.006 0.010 0.015 0.007 0.039 0.009 0.008 0.040 0.002 0.002 0.003 0.002 
 192   (0.121) 0.183 0.081 0.129 0.122 0.329 0.010 0.176 0.122 0.006 0.015 0.015 0.268 0.108 
 198   (0.071) 0.067 0.044 0.084 0.071 0.025 0.195 0.071 0.089 0.017 0.010 0.009 0.028 0.014 
 190   (0.010) 0.001 0.010 0.007 0.010 0.003 0.001 0.006 0.006 0.000 0.001 0.001 0.104 0.002 

Locus 35 : 35 
6 alleles
0.0% missing data
 110   (0.171) 0.072 0.098 0.174 0.170 0.069 0.168 0.139 0.174 0.387 0.270 0.190 0.176 0.078 
 112   (0.364) 0.058 0.439 0.375 0.364 0.506 0.716 0.401 0.369 0.498 0.068 0.049 0.322 0.376 
 106   (0.298) 0.710 0.341 0.296 0.298 0.205 0.097 0.320 0.305 0.088 0.583 0.186 0.377 0.432 
  90   (0.037) 0.002 0.016 0.028 0.036 0.180 0.008 0.035 0.027 0.018 0.065 0.441 0.020 0.006 
 108   (0.122) 0.112 0.103 0.123 0.124 0.038 0.011 0.102 0.121 0.009 0.014 0.133 0.104 0.106 
  96   (0.008) 0.046 0.003 0.005 0.008 0.002 0.001 0.004 0.004 0.000 0.001 0.001 0.002 0.001 

Locus 36 : 36 
9 alleles
0.0% missing data
 166   (0.064) 0.004 0.083 0.057 0.063 0.110 0.218 0.044 0.050 0.282 0.012 0.009 0.038 0.118 
 176   (0.092) 0.016 0.051 0.091 0.093 0.096 0.346 0.118 0.090 0.118 0.020 0.013 0.025 0.016 
 172   (0.336) 0.583 0.360 0.337 0.334 0.395 0.248 0.406 0.336 0.454 0.438 0.047 0.373 0.424 
 170   (0.279) 0.324 0.242 0.283 0.280 0.167 0.158 0.230 0.296 0.136 0.492 0.587 0.226 0.231 
 174   (0.130) 0.067 0.095 0.136 0.131 0.170 0.013 0.104 0.130 0.006 0.013 0.018 0.281 0.148 
 178   (0.039) 0.003 0.079 0.039 0.039 0.024 0.011 0.041 0.037 0.002 0.019 0.005 0.021 0.019 
 168   (0.038) 0.002 0.022 0.040 0.037 0.033 0.003 0.043 0.042 0.001 0.004 0.319 0.010 0.022 
 186   (0.016) 0.001 0.064 0.011 0.015 0.004 0.001 0.009 0.011 0.000 0.001 0.002 0.024 0.021 
 158   (0.008) 0.000 0.003 0.007 0.008 0.002 0.001 0.005 0.007 0.000 0.001 0.001 0.002 0.001 

Locus 37 : 37 
6 alleles
0.0% missing data
  89   (0.557) 0.506 0.686 0.565 0.556 0.690 0.677 0.637 0.558 0.656 0.249 0.343 0.686 0.567 
  95   (0.056) 0.004 0.043 0.047 0.055 0.017 0.035 0.038 0.044 0.082 0.042 0.007 0.053 0.138 
  85   (0.174) 0.236 0.144 0.166 0.173 0.217 0.240 0.150 0.161 0.224 0.259 0.520 0.081 0.166 
  81   (0.061) 0.004 0.037 0.068 0.062 0.020 0.006 0.051 0.075 0.010 0.008 0.011 0.061 0.035 
  83   (0.138) 0.249 0.084 0.144 0.139 0.053 0.041 0.115 0.152 0.028 0.441 0.019 0.116 0.090 
  91   (0.015) 0.001 0.006 0.011 0.015 0.004 0.001 0.009 0.010 0.000 0.001 0.101 0.003 0.004 

Locus 38 : 38 
10 alleles
0.0% missing data
 161   (0.334) 0.375 0.259 0.328 0.334 0.498 0.571 0.343 0.334 0.556 0.090 0.419 0.338 0.214 
 165   (0.226) 0.100 0.187 0.236 0.228 0.080 0.229 0.191 0.234 0.171 0.066 0.148 0.166 0.341 
 159   (0.019) 0.001 0.010 0.018 0.018 0.005 0.016 0.013 0.016 0.036 0.002 0.002 0.004 0.004 
 173   (0.251) 0.513 0.328 0.250 0.251 0.363 0.100 0.302 0.238 0.129 0.182 0.189 0.355 0.204 
 169   (0.105) 0.007 0.159 0.105 0.104 0.034 0.080 0.101 0.113 0.096 0.654 0.234 0.121 0.157 
 167   (0.019) 0.002 0.011 0.021 0.018 0.006 0.002 0.017 0.021 0.011 0.002 0.002 0.005 0.003 
 168   (0.010) 0.001 0.005 0.010 0.011 0.002 0.001 0.007 0.010 0.000 0.001 0.001 0.002 0.002 
 155   (0.018) 0.001 0.011 0.022 0.018 0.005 0.001 0.015 0.023 0.001 0.002 0.002 0.004 0.003 
 177   (0.007) 0.000 0.003 0.006 0.007 0.003 0.001 0.005 0.005 0.000 0.001 0.001 0.003 0.001 
 175   (0.010) 0.001 0.026 0.006 0.010 0.002 0.001 0.006 0.005 0.000 0.001 0.001 0.002 0.071 

Locus 39 : 39 
6 alleles
0.6% missing data
  87   (0.098) 0.129 0.055 0.085 0.098 0.037 0.136 0.071 0.083 0.173 0.014 0.629 0.149 0.032 
  89   (0.433) 0.093 0.508 0.439 0.433 0.554 0.693 0.458 0.441 0.556 0.755 0.057 0.456 0.632 
  91   (0.153) 0.185 0.101 0.165 0.153 0.077 0.026 0.165 0.174 0.146 0.189 0.176 0.129 0.039 
  81   (0.122) 0.116 0.115 0.127 0.122 0.204 0.069 0.109 0.117 0.091 0.013 0.017 0.068 0.058 
  85   (0.185) 0.477 0.218 0.179 0.186 0.126 0.076 0.193 0.180 0.031 0.028 0.120 0.195 0.238 
  83   (0.008) 0.001 0.003 0.005 0.008 0.003 0.001 0.005 0.004 0.003 0.001 0.001 0.002 0.001 

Locus 40 : 40 
4 alleles
0.3% missing data
 167   (0.762) 0.859 0.861 0.760 0.761 0.783 0.900 0.815 0.761 0.920 0.921 0.638 0.846 0.669 
 161   (0.203) 0.139 0.121 0.207 0.204 0.202 0.097 0.159 0.207 0.078 0.073 0.358 0.125 0.227 
 165   (0.028) 0.002 0.015 0.027 0.027 0.013 0.003 0.022 0.026 0.001 0.005 0.003 0.026 0.103 
 177   (0.008) 0.001 0.003 0.006 0.008 0.002 0.001 0.005 0.005 0.000 0.001 0.001 0.003 0.001 

Locus 41 : 41 
6 alleles
0.3% missing data
 228   (0.441) 0.232 0.574 0.433 0.440 0.642 0.658 0.480 0.425 0.510 0.706 0.622 0.462 0.469 
 238   (0.341) 0.115 0.304 0.353 0.342 0.192 0.267 0.348 0.366 0.328 0.069 0.094 0.328 0.319 
 224   (0.026) 0.002 0.010 0.019 0.026 0.101 0.049 0.016 0.017 0.096 0.003 0.003 0.006 0.004 
 236   (0.096) 0.395 0.050 0.089 0.096 0.035 0.018 0.072 0.085 0.064 0.212 0.269 0.091 0.036 
 232   (0.011) 0.001 0.006 0.010 0.012 0.003 0.002 0.008 0.008 0.000 0.001 0.001 0.003 0.002 
 240   (0.084) 0.256 0.056 0.096 0.085 0.027 0.007 0.076 0.100 0.002 0.009 0.010 0.111 0.170 

Locus 42 : 42 
7 alleles
0.0% missing data
 128   (0.139) 0.034 0.151 0.129 0.138 0.174 0.140 0.103 0.121 0.117 0.250 0.019 0.186 0.265 
 130   (0.533) 0.778 0.471 0.559 0.534 0.556 0.509 0.583 0.566 0.641 0.681 0.072 0.491 0.382 
 114   (0.050) 0.003 0.022 0.041 0.050 0.077 0.050 0.089 0.040 0.111 0.032 0.420 0.011 0.008 
 132   (0.110) 0.048 0.220 0.101 0.110 0.039 0.285 0.088 0.102 0.116 0.016 0.015 0.119 0.195 
 118   (0.061) 0.130 0.042 0.058 0.061 0.023 0.005 0.044 0.054 0.003 0.009 0.231 0.109 0.114 
 134   (0.098) 0.006 0.092 0.106 0.099 0.128 0.010 0.089 0.112 0.012 0.011 0.242 0.083 0.035 
 136   (0.008) 0.000 0.003 0.006 0.008 0.002 0.001 0.005 0.005 0.000 0.001 0.001 0.002 0.001 

Locus 43 : 43 
6 alleles
0.8% missing data
 102   (0.284) 0.478 0.331 0.266 0.283 0.236 0.461 0.232 0.266 0.404 0.079 0.527 0.360 0.337 
 104   (0.411) 0.412 0.429 0.440 0.412 0.547 0.133 0.448 0.441 0.207 0.097 0.058 0.533 0.487 
  92   (0.126) 0.008 0.147 0.135 0.127 0.047 0.269 0.124 0.139 0.097 0.015 0.065 0.059 0.036 
  96   (0.063) 0.004 0.035 0.058 0.062 0.023 0.038 0.047 0.056 0.065 0.721 0.109 0.019 0.028 
  98   (0.108) 0.097 0.054 0.095 0.107 0.143 0.098 0.144 0.092 0.226 0.088 0.240 0.027 0.110 
 106   (0.008) 0.001 0.004 0.006 0.008 0.003 0.001 0.005 0.005 0.001 0.001 0.001 0.002 0.001 

Locus 44 : 44 
5 alleles
0.3% missing data
 101   (0.311) 0.186 0.342 0.310 0.312 0.388 0.303 0.429 0.319 0.466 0.085 0.043 0.249 0.191 
 103   (0.307) 0.347 0.405 0.302 0.307 0.135 0.330 0.252 0.281 0.173 0.451 0.257 0.388 0.477 
  99   (0.140) 0.009 0.087 0.147 0.140 0.374 0.179 0.127 0.153 0.033 0.077 0.418 0.080 0.100 
  95   (0.231) 0.457 0.162 0.235 0.231 0.100 0.188 0.187 0.242 0.328 0.385 0.124 0.281 0.230 
  97   (0.010) 0.001 0.004 0.007 0.010 0.002 0.001 0.006 0.006 0.000 0.001 0.159 0.002 0.002 

Locus 45 : 45 
7 alleles
0.3% missing data
 177   (0.063) 0.004 0.050 0.058 0.063 0.019 0.161 0.044 0.056 0.058 0.008 0.009 0.063 0.051 
 191   (0.269) 0.100 0.226 0.286 0.269 0.338 0.120 0.337 0.308 0.186 0.046 0.256 0.326 0.129 
 181   (0.603) 0.861 0.684 0.586 0.602 0.619 0.713 0.568 0.573 0.754 0.940 0.525 0.595 0.725 
 183   (0.011) 0.001 0.005 0.010 0.011 0.003 0.001 0.008 0.010 0.000 0.001 0.002 0.002 0.003 
 179   (0.037) 0.002 0.025 0.049 0.037 0.017 0.003 0.033 0.044 0.001 0.003 0.206 0.009 0.006 
 193   (0.010) 0.001 0.007 0.007 0.010 0.003 0.001 0.006 0.006 0.000 0.001 0.001 0.002 0.085 
 189   (0.008) 0.031 0.003 0.005 0.008 0.002 0.001 0.004 0.004 0.000 0.001 0.001 0.002 0.001 

Locus 46 : 46 
6 alleles
0.8% missing data
 205   (0.470) 0.405 0.619 0.495 0.469 0.406 0.564 0.472 0.499 0.493 0.874 0.273 0.446 0.562 
 211   (0.227) 0.272 0.160 0.228 0.227 0.361 0.144 0.297 0.236 0.259 0.043 0.320 0.137 0.113 
 207   (0.147) 0.204 0.140 0.133 0.146 0.096 0.196 0.116 0.128 0.118 0.062 0.019 0.198 0.229 
 201   (0.064) 0.004 0.032 0.057 0.064 0.032 0.049 0.047 0.054 0.079 0.011 0.375 0.147 0.015 
 215   (0.081) 0.115 0.044 0.077 0.082 0.102 0.046 0.060 0.072 0.050 0.009 0.011 0.069 0.078 
 202   (0.011) 0.001 0.006 0.011 0.011 0.003 0.001 0.008 0.012 0.000 0.001 0.001 0.002 0.003 

Locus 47 : 47 
9 alleles
1.1% missing data
 144   (0.082) 0.131 0.043 0.073 0.082 0.032 0.189 0.062 0.069 0.226 0.070 0.012 0.098 0.016 
 158   (0.163) 0.083 0.118 0.175 0.163 0.136 0.312 0.157 0.181 0.118 0.035 0.024 0.196 0.033 
 168   (0.140) 0.110 0.074 0.132 0.141 0.080 0.075 0.131 0.127 0.241 0.063 0.186 0.084 0.048 
 166   (0.148) 0.384 0.149 0.129 0.148 0.056 0.183 0.106 0.122 0.309 0.473 0.061 0.068 0.347 
 142   (0.363) 0.285 0.545 0.384 0.363 0.666 0.216 0.465 0.397 0.101 0.348 0.052 0.495 0.476 
 170   (0.011) 0.001 0.006 0.010 0.011 0.004 0.001 0.009 0.012 0.002 0.002 0.002 0.003 0.002 
 162   (0.027) 0.002 0.016 0.030 0.026 0.007 0.002 0.021 0.025 0.001 0.003 0.119 0.007 0.064 
 164   (0.042) 0.003 0.038 0.047 0.042 0.012 0.013 0.034 0.049 0.001 0.005 0.006 0.037 0.010 
 156   (0.023) 0.001 0.012 0.019 0.024 0.007 0.009 0.016 0.018 0.001 0.002 0.538 0.013 0.004 

Locus 48 : 48 
7 alleles
6.1% missing data
 149   (0.356) 0.332 0.358 0.366 0.357 0.340 0.181 0.344 0.370 0.217 0.437 0.338 0.311 0.428 
 151   (0.183) 0.012 0.196 0.171 0.182 0.348 0.540 0.200 0.168 0.177 0.122 0.069 0.185 0.144 
 153   (0.223) 0.027 0.291 0.238 0.222 0.225 0.156 0.278 0.245 0.372 0.113 0.029 0.307 0.345 
 147   (0.029) 0.002 0.014 0.024 0.029 0.012 0.022 0.020 0.022 0.037 0.003 0.051 0.010 0.005 
 145   (0.186) 0.625 0.130 0.181 0.186 0.067 0.098 0.142 0.178 0.194 0.322 0.510 0.181 0.075 
 152   (0.008) 0.001 0.003 0.005 0.008 0.005 0.001 0.005 0.005 0.003 0.001 0.001 0.002 0.001 
 143   (0.015) 0.001 0.008 0.015 0.015 0.004 0.001 0.011 0.013 0.000 0.001 0.002 0.004 0.002 

Values of parameters used in structure:
DATAFILE=temp2_np.str,	OUTFILE=k13/temp2_np_k13_run6,	NUMINDS=361,	NUMLOCI=48,	MISSING=-9,	LABEL=1,	POPDATA=1,	POPFLAG=0,	PHENOTYPE=0,	EXTRACOLS=0,	MAXPOPS=13,	BURNIN=500000,	NUMREPS=750000,	USEPOPINFO=0,	INFERALPHA=1,	INFERLAMBDA=0,	POPSPECIFICLAMBDA=0,	POPALPHAS=0,	COMPUTEPROB=1,	NOADMIX=0,	ADMBURNIN=500,	UPDATEFREQ=100,	PRINTLIKES=0,	INTERMEDSAVE=0,	PRINTKLD=0,	PRINTNET=1,	PRINTLAMBDA=1,	ANCESTDIST=0,	NUMBOXES=1000,	ANCESTPINT=0.90000,	GENSBACK=2,	MIGRPRIOR=0.01000,	PRINTQHAT=0,	PRINTQSUM=1,	ALPHA=1.0000,	FREQSCORR=1,	FPRIORMEAN=0.0100,	FPRIORSD=0.0500,	ONEFST=0,	LAMBDA=1.0000,	UNIFPRIORALPHA=1,	ALPHAMAX=10.0000,	ALPHAPRIORA=1.0000,	ALPHAPRIORB=2.0000,	ALPHAPROPSD=0.0250,	STARTATPOPINFO=0,	RANDOMIZE=0,	LINKAGE=0,	METROFREQ=10,	REPORTHITRATE=0,	MARKOVPHASE=0,	PHASED=1,	PLOIDY=2,	PHASEINFO=0	LOCPRIOR=0, 	LOCPRIORINIT=1.000000, 	LOCDATA=0, 	LOCISPOP=1, 	LOCPRIORSTEP=0.100000, 	MAXLOCPRIOR=20.000000, 	SEED=184883,	
[STRAT parameters]:    NUMSIMSTATS=1000,	PHENOTYPECOL=-9,	POOLFREQ=10,	LOCUSxONLY=0,	EMERROR=0.00100,	MISSINGPHENO=-9,	