

----------------------------------------------------
STRUCTURE by Pritchard, Stephens and Donnelly (2000)
     and Falush, Stephens and Pritchard (2003)
       Code by Pritchard, Falush and Hubisz
             Version 2.3.4 (Jul 2012)
----------------------------------------------------



Command line arguments:   structure -D 566250 -K 8 -m mainparams -o k8/temp2_np_k8_run4 
Input File:    temp2_np.str

Run parameters:
   361 individuals
   48 loci
   8 populations assumed
   500000 Burn-in period
   750000 Reps
RANDOMIZE turned off


--------------------------------------------
Proportion of membership of each pre-defined
 population in each of the 8 clusters

Given    Inferred Clusters                                          Number of
 Pop       1      2      3      4      5      6      7      8      Individuals

  1:     0.890  0.058  0.008  0.011  0.004  0.011  0.008  0.010       63
  2:     0.917  0.013  0.009  0.018  0.006  0.017  0.011  0.009       20
  3:     0.805  0.112  0.006  0.022  0.004  0.021  0.017  0.013       19
  4:     0.303  0.660  0.004  0.007  0.004  0.007  0.009  0.007       31
  5:     0.935  0.027  0.004  0.007  0.004  0.007  0.006  0.009       20
  6:     0.527  0.160  0.014  0.111  0.014  0.100  0.061  0.015        8
  7:     0.868  0.056  0.004  0.013  0.006  0.015  0.015  0.022       17
  8:     0.005  0.004  0.969  0.005  0.003  0.005  0.005  0.004       29
  9:     0.003  0.002  0.003  0.005  0.976  0.005  0.002  0.004        8
 10:     0.012  0.018  0.021  0.401  0.007  0.410  0.032  0.100       21
 11:     0.013  0.011  0.011  0.299  0.007  0.302  0.144  0.212       30
 12:     0.017  0.021  0.014  0.038  0.004  0.038  0.134  0.734       25
 13:     0.025  0.018  0.009  0.077  0.005  0.079  0.100  0.687       32
 14:     0.022  0.012  0.027  0.432  0.013  0.401  0.017  0.075       34
 15:     0.022  0.011  0.006  0.424  0.003  0.513  0.010  0.010        4
--------------------------------------------

Allele-freq. divergence among pops (Net nucleotide distance),
computed using point estimates of P.

      1       2       3       4       5       6       7       8      
 1      -    0.0288  0.0758  0.0262  0.1321  0.0264  0.0491  0.0383  
 2   0.0288     -    0.0863  0.0320  0.1276  0.0323  0.0524  0.0490  
 3   0.0758  0.0863     -    0.0517  0.1282  0.0519  0.0784  0.0694  
 4   0.0262  0.0320  0.0517     -    0.0921  0.0000  0.0222  0.0142  
 5   0.1321  0.1276  0.1282  0.0921     -    0.0930  0.1261  0.1173  
 6   0.0264  0.0323  0.0519  0.0000  0.0930     -    0.0225  0.0144  
 7   0.0491  0.0524  0.0784  0.0222  0.1261  0.0225     -    0.0296  
 8   0.0383  0.0490  0.0694  0.0142  0.1173  0.0144  0.0296     -    

Average distances (expected heterozygosity) between individuals in same cluster:
cluster  1  : 0.5491 
cluster  2  : 0.5527 
cluster  3  : 0.5502 
cluster  4  : 0.6464 
cluster  5  : 0.5421 
cluster  6  : 0.6447 
cluster  7  : 0.5828 
cluster  8  : 0.5831 

--------------------------------------------
Estimated Ln Prob of Data   = -38814.4
Mean value of ln likelihood = -37829.4
Variance of ln likelihood   = 1969.9
Mean value of alpha         = 0.0330

Mean value of Fst_1         = 0.1180
Mean value of Fst_2         = 0.1479
Mean value of Fst_3         = 0.2038
Mean value of Fst_4         = 0.0090
Mean value of Fst_5         = 0.2883
Mean value of Fst_6         = 0.0112
Mean value of Fst_7         = 0.1219
Mean value of Fst_8         = 0.0660


Inferred ancestry of individuals:
        Label (%Miss) Pop:  Inferred clusters
  1     2055    (0)    1 :  0.857 0.115 0.002 0.005 0.003 0.005 0.003 0.010 
  2     2056    (0)    1 :  0.175 0.782 0.008 0.008 0.004 0.009 0.007 0.007 
  3     2057    (0)    1 :  0.927 0.017 0.002 0.011 0.003 0.012 0.021 0.008 
  4     2058    (0)    1 :  0.977 0.007 0.005 0.003 0.001 0.003 0.003 0.002 
  5     2059    (0)    1 :  0.967 0.010 0.003 0.004 0.002 0.004 0.006 0.003 
  6     2060    (0)    1 :  0.974 0.005 0.002 0.004 0.004 0.004 0.004 0.003 
  7     2061    (0)    1 :  0.940 0.003 0.005 0.011 0.018 0.011 0.005 0.006 
  8     2062    (0)    1 :  0.951 0.007 0.004 0.008 0.002 0.008 0.007 0.012 
  9     2063    (0)    1 :  0.969 0.009 0.002 0.004 0.003 0.004 0.004 0.004 
 10     2064    (0)    1 :  0.972 0.009 0.002 0.004 0.003 0.004 0.003 0.003 
 11     2065    (0)    1 :  0.984 0.006 0.002 0.002 0.001 0.002 0.001 0.002 
 12     2066    (0)    1 :  0.959 0.021 0.002 0.004 0.002 0.004 0.005 0.004 
 13     2067    (0)    1 :  0.908 0.047 0.010 0.009 0.004 0.009 0.007 0.007 
 14     2068    (0)    1 :  0.818 0.025 0.028 0.047 0.007 0.051 0.010 0.014 
 15     2069    (0)    1 :  0.978 0.007 0.002 0.003 0.002 0.003 0.002 0.003 
 16     2070    (0)    1 :  0.228 0.390 0.003 0.146 0.001 0.137 0.010 0.085 
 17     2071    (0)    1 :  0.934 0.014 0.009 0.009 0.011 0.009 0.008 0.005 
 18     2072    (0)    1 :  0.946 0.020 0.003 0.008 0.010 0.008 0.002 0.003 
 19     2073    (0)    1 :  0.898 0.005 0.009 0.024 0.011 0.025 0.016 0.012 
 20     2074    (0)    1 :  0.952 0.029 0.002 0.004 0.004 0.004 0.003 0.002 
 21     2075    (0)    1 :  0.794 0.162 0.019 0.007 0.003 0.008 0.003 0.005 
 22     2076    (0)    1 :  0.984 0.003 0.002 0.002 0.001 0.002 0.003 0.002 
 23     2077    (0)    1 :  0.927 0.006 0.009 0.011 0.007 0.011 0.015 0.014 
 24     2078    (0)    1 :  0.955 0.017 0.003 0.005 0.004 0.004 0.003 0.009 
 25     2079    (0)    1 :  0.903 0.004 0.040 0.010 0.001 0.010 0.018 0.013 
 26     2080    (0)    1 :  0.907 0.003 0.022 0.028 0.003 0.028 0.005 0.004 
 27     2081    (0)    1 :  0.972 0.006 0.003 0.004 0.002 0.005 0.004 0.004 
 28     2082    (0)    1 :  0.623 0.309 0.008 0.021 0.003 0.019 0.008 0.009 
 29     2083    (0)    1 :  0.856 0.101 0.002 0.012 0.004 0.012 0.006 0.006 
 30     2084    (0)    1 :  0.944 0.010 0.008 0.009 0.003 0.010 0.007 0.009 
 31     2085    (0)    1 :  0.862 0.096 0.003 0.009 0.002 0.008 0.005 0.014 
 32     2086    (0)    1 :  0.942 0.007 0.003 0.014 0.003 0.015 0.008 0.008 
 33     2087    (0)    1 :  0.922 0.005 0.049 0.006 0.005 0.005 0.004 0.005 
 34     2088    (0)    1 :  0.858 0.012 0.012 0.018 0.003 0.019 0.036 0.042 
 35     2089    (0)    1 :  0.980 0.008 0.002 0.002 0.001 0.002 0.002 0.002 
 36     2090    (0)    1 :  0.916 0.015 0.040 0.007 0.005 0.007 0.006 0.004 
 37     2091    (0)    1 :  0.960 0.015 0.003 0.004 0.001 0.004 0.007 0.006 
 38     2092    (0)    1 :  0.923 0.034 0.023 0.005 0.002 0.005 0.004 0.004 
 39     2093    (0)    1 :  0.977 0.008 0.002 0.003 0.001 0.003 0.002 0.003 
 40     2094    (0)    1 :  0.842 0.143 0.001 0.003 0.002 0.003 0.003 0.003 
 41     2095    (0)    1 :  0.931 0.004 0.039 0.006 0.005 0.006 0.006 0.005 
 42     2096    (0)    1 :  0.953 0.032 0.002 0.002 0.001 0.002 0.004 0.003 
 43     2097    (0)    1 :  0.975 0.005 0.002 0.003 0.002 0.003 0.006 0.003 
 44     2098    (0)    1 :  0.884 0.010 0.012 0.024 0.003 0.025 0.023 0.018 
 45     2099    (0)    1 :  0.432 0.419 0.004 0.046 0.009 0.042 0.028 0.021 
 46     2100    (0)    1 :  0.919 0.011 0.003 0.014 0.002 0.016 0.025 0.009 
 47     2101    (0)    1 :  0.961 0.008 0.005 0.004 0.003 0.004 0.007 0.007 
 48     2102    (2)    1 :  0.953 0.028 0.002 0.004 0.002 0.004 0.002 0.004 
 49     2103    (0)    1 :  0.901 0.064 0.004 0.005 0.002 0.005 0.010 0.008 
 50     2104    (0)    1 :  0.923 0.003 0.002 0.008 0.001 0.009 0.008 0.045 
 51     2105    (0)    1 :  0.923 0.020 0.004 0.006 0.006 0.007 0.005 0.028 
 52     2106    (0)    1 :  0.925 0.028 0.002 0.014 0.002 0.016 0.007 0.006 
 53     2107    (0)    1 :  0.947 0.011 0.004 0.007 0.003 0.007 0.004 0.017 
 54     2108    (0)    1 :  0.952 0.005 0.005 0.012 0.004 0.012 0.004 0.007 
 55     2109    (0)    1 :  0.626 0.326 0.002 0.011 0.005 0.011 0.006 0.013 
 56     2110    (0)    1 :  0.944 0.005 0.004 0.007 0.003 0.007 0.004 0.024 
 57     2111    (0)    1 :  0.965 0.004 0.004 0.004 0.001 0.004 0.006 0.011 
 58     2112    (0)    1 :  0.953 0.024 0.003 0.004 0.003 0.004 0.005 0.003 
 59     2583    (2)    1 :  0.896 0.072 0.008 0.004 0.006 0.004 0.005 0.004 
 60     2584    (4)    1 :  0.923 0.022 0.004 0.015 0.004 0.014 0.016 0.003 
 61     2587    (2)    1 :  0.949 0.014 0.003 0.005 0.002 0.005 0.011 0.011 
 62     2590    (2)    1 :  0.958 0.012 0.002 0.005 0.011 0.005 0.003 0.004 
 63     2591    (6)    1 :  0.924 0.022 0.012 0.008 0.001 0.008 0.014 0.011 
 64      315    (0)   10 :  0.012 0.006 0.045 0.381 0.010 0.399 0.009 0.139 
 65      565    (0)   10 :  0.007 0.009 0.026 0.506 0.003 0.437 0.006 0.005 
 66      566    (2)   10 :  0.010 0.020 0.017 0.152 0.004 0.147 0.056 0.594 
 67      567    (2)   10 :  0.022 0.007 0.004 0.423 0.002 0.521 0.016 0.005 
 68      877    (0)   10 :  0.008 0.026 0.003 0.444 0.002 0.497 0.009 0.011 
 69      878    (0)   10 :  0.005 0.005 0.007 0.446 0.012 0.470 0.051 0.005 
 70      879    (0)   10 :  0.007 0.012 0.005 0.465 0.007 0.427 0.064 0.013 
 71      880    (0)   10 :  0.006 0.008 0.004 0.428 0.002 0.532 0.013 0.006 
 72      881    (0)   10 :  0.005 0.004 0.009 0.507 0.007 0.447 0.007 0.014 
 73      882    (0)   10 :  0.005 0.007 0.010 0.437 0.025 0.478 0.033 0.005 
 74      883    (0)   10 :  0.007 0.012 0.004 0.459 0.007 0.477 0.021 0.012 
 75      884    (0)   10 :  0.026 0.025 0.003 0.288 0.002 0.327 0.019 0.311 
 76      885    (0)   10 :  0.005 0.030 0.004 0.421 0.007 0.457 0.017 0.059 
 77      886    (0)   10 :  0.009 0.004 0.134 0.425 0.011 0.393 0.004 0.019 
 78      887    (0)   10 :  0.022 0.017 0.005 0.042 0.013 0.040 0.109 0.752 
 79      888    (0)   10 :  0.027 0.144 0.007 0.382 0.005 0.427 0.003 0.005 
 80      889    (0)   10 :  0.007 0.005 0.005 0.422 0.011 0.358 0.123 0.070 
 81      890    (0)   10 :  0.006 0.004 0.015 0.450 0.005 0.495 0.012 0.014 
 82      891    (0)   10 :  0.011 0.010 0.006 0.458 0.002 0.500 0.008 0.006 
 83      892    (0)   10 :  0.009 0.011 0.004 0.452 0.007 0.430 0.078 0.008 
 84      893    (0)   10 :  0.039 0.006 0.114 0.424 0.003 0.358 0.005 0.052 
 85      341    (0)   11 :  0.005 0.005 0.010 0.480 0.004 0.424 0.067 0.005 
 86      343    (0)   11 :  0.009 0.003 0.008 0.492 0.004 0.450 0.008 0.026 
 87      914    (0)   11 :  0.011 0.004 0.004 0.006 0.002 0.006 0.004 0.962 
 88      916    (0)   11 :  0.020 0.058 0.004 0.456 0.003 0.445 0.004 0.011 
 89      924    (0)   11 :  0.004 0.006 0.018 0.150 0.002 0.195 0.010 0.615 
 90      938    (0)   11 :  0.016 0.010 0.002 0.009 0.004 0.008 0.930 0.022 
 91      939    (0)   11 :  0.015 0.004 0.017 0.010 0.002 0.011 0.774 0.166 
 92      940    (0)   11 :  0.004 0.006 0.003 0.106 0.005 0.089 0.065 0.723 
 93      941    (2)   11 :  0.003 0.004 0.009 0.006 0.009 0.006 0.949 0.014 
 94      942    (0)   11 :  0.005 0.006 0.015 0.477 0.004 0.467 0.010 0.016 
 95      943    (0)   11 :  0.015 0.047 0.003 0.425 0.002 0.432 0.004 0.072 
 96      944    (0)   11 :  0.040 0.011 0.004 0.038 0.004 0.035 0.006 0.861 
 97      945    (0)   11 :  0.003 0.004 0.002 0.006 0.002 0.006 0.015 0.962 
 98      946    (0)   11 :  0.007 0.008 0.003 0.356 0.075 0.378 0.009 0.163 
 99      947    (0)   11 :  0.005 0.005 0.036 0.434 0.002 0.474 0.005 0.039 
100      951    (0)   11 :  0.004 0.006 0.011 0.485 0.004 0.454 0.012 0.023 
101      952    (0)   11 :  0.007 0.006 0.079 0.442 0.011 0.387 0.023 0.046 
102      953    (0)   11 :  0.011 0.021 0.009 0.018 0.004 0.020 0.891 0.024 
103      954    (0)   11 :  0.012 0.004 0.009 0.274 0.010 0.354 0.049 0.288 
104      955    (0)   11 :  0.004 0.003 0.016 0.409 0.009 0.475 0.017 0.066 
105      961    (4)   11 :  0.018 0.015 0.004 0.443 0.002 0.490 0.015 0.014 
106      974    (0)   11 :  0.006 0.003 0.026 0.387 0.011 0.418 0.079 0.070 
107      975    (4)   11 :  0.020 0.016 0.002 0.452 0.003 0.424 0.010 0.073 
108      980    (0)   11 :  0.009 0.011 0.018 0.378 0.002 0.368 0.030 0.183 
109      981    (0)   11 :  0.015 0.006 0.003 0.384 0.004 0.351 0.228 0.008 
110      982    (0)   11 :  0.043 0.013 0.002 0.118 0.002 0.114 0.004 0.704 
111      984    (0)   11 :  0.024 0.012 0.004 0.466 0.012 0.396 0.069 0.017 
112      985    (0)   11 :  0.009 0.004 0.008 0.480 0.004 0.469 0.015 0.011 
113     2578    (4)   11 :  0.006 0.005 0.002 0.385 0.010 0.414 0.016 0.161 
114     2580    (2)   11 :  0.027 0.029 0.004 0.407 0.007 0.509 0.009 0.008 
115      328    (0)   12 :  0.093 0.341 0.015 0.223 0.011 0.198 0.007 0.112 
116      333    (0)   12 :  0.003 0.004 0.005 0.007 0.001 0.007 0.007 0.966 
117      918    (0)   12 :  0.007 0.003 0.068 0.010 0.007 0.010 0.004 0.891 
118      919    (0)   12 :  0.008 0.005 0.004 0.007 0.002 0.007 0.004 0.964 
119      920    (0)   12 :  0.005 0.009 0.002 0.008 0.003 0.008 0.006 0.959 
120      921    (0)   12 :  0.005 0.006 0.002 0.005 0.002 0.005 0.972 0.004 
121      922    (0)   12 :  0.020 0.015 0.003 0.008 0.001 0.008 0.008 0.937 
122      926    (0)   12 :  0.003 0.004 0.002 0.004 0.002 0.004 0.011 0.971 
123      927    (0)   12 :  0.007 0.003 0.004 0.005 0.001 0.005 0.025 0.951 
124      928    (0)   12 :  0.056 0.007 0.004 0.036 0.002 0.035 0.024 0.837 
125      929    (0)   12 :  0.035 0.020 0.002 0.044 0.007 0.052 0.021 0.818 
126      930    (0)   12 :  0.014 0.027 0.005 0.069 0.008 0.071 0.056 0.751 
127      932    (0)   12 :  0.005 0.012 0.005 0.006 0.002 0.006 0.951 0.014 
128      933    (0)   12 :  0.010 0.004 0.159 0.018 0.006 0.016 0.009 0.778 
129      949    (0)   12 :  0.003 0.004 0.002 0.003 0.002 0.003 0.981 0.003 
130      950    (0)   12 :  0.006 0.004 0.018 0.085 0.003 0.114 0.172 0.598 
131      964    (4)   12 :  0.009 0.006 0.002 0.019 0.012 0.021 0.024 0.907 
132      986    (0)   12 :  0.015 0.007 0.005 0.018 0.002 0.023 0.019 0.910 
133      987    (0)   12 :  0.033 0.025 0.008 0.067 0.002 0.060 0.007 0.798 
134     1001    (4)   12 :  0.010 0.004 0.002 0.005 0.003 0.005 0.005 0.967 
135     1002    (4)   12 :  0.007 0.003 0.009 0.006 0.006 0.006 0.003 0.960 
136     1003    (2)   12 :  0.039 0.009 0.003 0.280 0.007 0.278 0.014 0.369 
137     1004    (0)   12 :  0.003 0.003 0.005 0.006 0.003 0.006 0.004 0.970 
138     1005    (0)   12 :  0.012 0.003 0.005 0.009 0.003 0.009 0.005 0.955 
139     1010    (0)   12 :  0.005 0.004 0.005 0.003 0.001 0.003 0.003 0.974 
140      321    (0)   13 :  0.026 0.005 0.005 0.064 0.003 0.062 0.104 0.732 
141      338    (0)   13 :  0.004 0.002 0.002 0.004 0.002 0.004 0.005 0.977 
142      339    (0)   13 :  0.032 0.012 0.007 0.020 0.004 0.019 0.020 0.886 
143      363    (0)   13 :  0.004 0.003 0.005 0.023 0.012 0.025 0.904 0.025 
144      915    (0)   13 :  0.013 0.006 0.003 0.006 0.003 0.006 0.004 0.959 
145      917    (0)   13 :  0.006 0.003 0.004 0.038 0.001 0.035 0.207 0.707 
146      923    (0)   13 :  0.011 0.012 0.013 0.233 0.011 0.218 0.018 0.483 
147      925    (0)   13 :  0.005 0.010 0.005 0.005 0.003 0.005 0.005 0.962 
148      931    (0)   13 :  0.005 0.008 0.007 0.264 0.002 0.300 0.030 0.385 
149      935    (0)   13 :  0.006 0.005 0.004 0.014 0.003 0.015 0.008 0.945 
150      936    (0)   13 :  0.003 0.003 0.008 0.009 0.004 0.009 0.010 0.954 
151      937    (0)   13 :  0.003 0.005 0.002 0.012 0.001 0.011 0.012 0.954 
152      948    (0)   13 :  0.009 0.008 0.015 0.153 0.004 0.141 0.036 0.634 
153      956    (0)   13 :  0.007 0.012 0.003 0.010 0.001 0.010 0.006 0.951 
154      957    (0)   13 :  0.003 0.003 0.003 0.015 0.003 0.016 0.055 0.900 
155      967    (0)   13 :  0.004 0.003 0.004 0.013 0.003 0.015 0.013 0.945 
156      968    (2)   13 :  0.007 0.123 0.011 0.189 0.003 0.206 0.019 0.443 
157      969    (2)   13 :  0.010 0.006 0.015 0.054 0.003 0.059 0.025 0.828 
158      970    (2)   13 :  0.005 0.005 0.006 0.212 0.034 0.261 0.299 0.176 
159      971    (4)   13 :  0.013 0.006 0.003 0.008 0.002 0.008 0.218 0.742 
160      972    (0)   13 :  0.003 0.007 0.005 0.013 0.012 0.013 0.005 0.941 
161      973    (0)   13 :  0.006 0.015 0.014 0.446 0.004 0.477 0.006 0.033 
162      978    (0)   13 :  0.006 0.038 0.037 0.011 0.002 0.010 0.006 0.890 
163      979    (0)   13 :  0.396 0.089 0.002 0.133 0.004 0.115 0.125 0.136 
164      988    (6)   13 :  0.006 0.004 0.003 0.006 0.002 0.006 0.966 0.009 
165      989    (0)   13 :  0.017 0.017 0.005 0.067 0.004 0.069 0.045 0.776 
166      990    (0)   13 :  0.014 0.004 0.023 0.269 0.009 0.267 0.016 0.400 
167      991    (0)   13 :  0.003 0.004 0.004 0.005 0.002 0.005 0.014 0.964 
168      992    (0)   13 :  0.006 0.020 0.003 0.011 0.012 0.011 0.009 0.927 
169     1006    (2)   13 :  0.011 0.021 0.013 0.006 0.002 0.006 0.005 0.936 
170     1017    (0)   13 :  0.100 0.113 0.015 0.122 0.003 0.107 0.007 0.533 
171     2582    (4)   13 :  0.046 0.017 0.029 0.020 0.011 0.024 0.004 0.849 
172      319    (2)   14 :  0.008 0.006 0.005 0.506 0.002 0.419 0.045 0.008 
173      335    (0)   14 :  0.008 0.004 0.011 0.493 0.010 0.450 0.012 0.012 
174      895    (0)   14 :  0.004 0.003 0.005 0.488 0.007 0.440 0.044 0.008 
175      896    (0)   14 :  0.007 0.040 0.003 0.499 0.006 0.419 0.015 0.010 
176      897    (0)   14 :  0.004 0.016 0.006 0.533 0.002 0.426 0.005 0.007 
177      898    (0)   14 :  0.006 0.007 0.005 0.386 0.002 0.429 0.008 0.157 
178      899    (0)   14 :  0.215 0.013 0.005 0.367 0.005 0.325 0.010 0.061 
179      900    (0)   14 :  0.010 0.023 0.045 0.452 0.015 0.395 0.021 0.038 
180      901    (0)   14 :  0.152 0.009 0.042 0.394 0.004 0.313 0.073 0.013 
181      902    (0)   14 :  0.007 0.005 0.003 0.476 0.010 0.455 0.024 0.019 
182      903    (0)   14 :  0.004 0.011 0.003 0.527 0.024 0.420 0.006 0.006 
183      904    (0)   14 :  0.009 0.014 0.002 0.440 0.006 0.512 0.010 0.005 
184      905    (0)   14 :  0.033 0.023 0.004 0.485 0.021 0.389 0.040 0.005 
185      906    (0)   14 :  0.003 0.005 0.006 0.479 0.005 0.486 0.008 0.008 
186      907    (0)   14 :  0.006 0.032 0.008 0.484 0.013 0.434 0.009 0.013 
187      908    (0)   14 :  0.018 0.009 0.006 0.478 0.003 0.468 0.005 0.013 
188      909    (0)   14 :  0.013 0.004 0.284 0.016 0.004 0.018 0.004 0.656 
189      910    (0)   14 :  0.004 0.007 0.042 0.424 0.003 0.506 0.004 0.010 
190      911    (0)   14 :  0.021 0.004 0.036 0.434 0.007 0.476 0.008 0.013 
191      912    (0)   14 :  0.006 0.006 0.003 0.439 0.007 0.509 0.007 0.024 
192      913    (0)   14 :  0.041 0.015 0.048 0.302 0.087 0.268 0.007 0.233 
193     2411    (0)   14 :  0.007 0.008 0.004 0.508 0.004 0.457 0.005 0.007 
194     2412    (0)   14 :  0.008 0.024 0.008 0.065 0.021 0.056 0.035 0.782 
195     2413    (0)   14 :  0.009 0.011 0.019 0.507 0.008 0.434 0.006 0.005 
196     2414    (0)   14 :  0.007 0.004 0.002 0.536 0.004 0.418 0.006 0.023 
197     2415    (2)   14 :  0.015 0.028 0.015 0.424 0.003 0.452 0.023 0.040 
198     2417    (4)   14 :  0.067 0.010 0.008 0.458 0.005 0.372 0.006 0.073 
199     2418    (4)   14 :  0.005 0.013 0.008 0.433 0.003 0.524 0.008 0.006 
200     2419    (2)   14 :  0.006 0.004 0.005 0.510 0.002 0.405 0.016 0.052 
201     2420    (0)   14 :  0.003 0.005 0.006 0.485 0.072 0.408 0.007 0.014 
202     2421    (0)   14 :  0.005 0.012 0.009 0.380 0.006 0.364 0.026 0.197 
203     2422    (2)   14 :  0.007 0.003 0.239 0.332 0.005 0.356 0.051 0.007 
204     2423    (0)   14 :  0.022 0.011 0.009 0.489 0.007 0.431 0.021 0.010 
205     2576    (0)   14 :  0.010 0.010 0.010 0.470 0.072 0.403 0.011 0.014 
206     1079    (0)   15 :  0.014 0.006 0.003 0.428 0.002 0.531 0.006 0.010 
207     1081    (0)   15 :  0.034 0.011 0.008 0.420 0.003 0.506 0.008 0.011 
208     1082    (2)   15 :  0.005 0.010 0.008 0.436 0.004 0.515 0.017 0.004 
209     1083    (0)   15 :  0.036 0.019 0.007 0.411 0.003 0.499 0.010 0.015 
210       34    (0)    2 :  0.943 0.008 0.002 0.007 0.002 0.008 0.025 0.005 
211       38    (0)    2 :  0.829 0.013 0.050 0.035 0.006 0.038 0.012 0.018 
212       41    (0)    2 :  0.980 0.004 0.002 0.003 0.001 0.003 0.003 0.003 
213       44    (0)    2 :  0.970 0.005 0.003 0.006 0.001 0.006 0.005 0.004 
214       45    (0)    2 :  0.976 0.008 0.002 0.003 0.002 0.003 0.002 0.005 
215       47    (0)    2 :  0.556 0.010 0.027 0.171 0.011 0.152 0.049 0.022 
216       50    (0)    2 :  0.816 0.077 0.004 0.037 0.010 0.039 0.013 0.004 
217      384    (0)    2 :  0.932 0.017 0.003 0.006 0.003 0.006 0.018 0.013 
218      385    (2)    2 :  0.921 0.016 0.009 0.015 0.009 0.016 0.006 0.008 
219      386    (0)    2 :  0.980 0.006 0.003 0.002 0.001 0.003 0.003 0.003 
220      387    (0)    2 :  0.959 0.010 0.008 0.006 0.002 0.006 0.004 0.006 
221      388    (0)    2 :  0.976 0.004 0.006 0.003 0.002 0.003 0.003 0.004 
222      389    (0)    2 :  0.976 0.003 0.004 0.003 0.002 0.003 0.003 0.006 
223      390    (4)    2 :  0.873 0.014 0.018 0.018 0.034 0.017 0.005 0.021 
224      391    (0)    2 :  0.939 0.007 0.007 0.007 0.003 0.006 0.008 0.024 
225      392    (0)    2 :  0.963 0.010 0.002 0.004 0.002 0.004 0.007 0.008 
226      393    (2)    2 :  0.963 0.006 0.012 0.004 0.002 0.004 0.005 0.005 
227      394    (0)    2 :  0.982 0.004 0.002 0.003 0.002 0.003 0.003 0.003 
228      395    (0)    2 :  0.913 0.008 0.010 0.016 0.013 0.016 0.014 0.009 
229      396    (0)    2 :  0.893 0.027 0.014 0.005 0.010 0.005 0.040 0.005 
230     2498    (2)    3 :  0.911 0.022 0.007 0.009 0.005 0.009 0.030 0.006 
231     2513    (2)    3 :  0.954 0.012 0.010 0.006 0.002 0.006 0.005 0.006 
232     2514    (2)    3 :  0.811 0.058 0.004 0.038 0.002 0.039 0.033 0.015 
233     2597    (4)    3 :  0.907 0.014 0.004 0.015 0.009 0.016 0.019 0.017 
234     2499    (4)    3 :  0.783 0.077 0.012 0.053 0.004 0.051 0.009 0.010 
235     2500    (0)    3 :  0.949 0.016 0.007 0.007 0.004 0.007 0.007 0.003 
236     2506    (2)    3 :  0.932 0.040 0.004 0.006 0.004 0.006 0.005 0.004 
237     2509    (6)    3 :  0.776 0.015 0.024 0.045 0.009 0.042 0.075 0.014 
238     2511    (2)    3 :  0.755 0.218 0.005 0.006 0.001 0.007 0.004 0.004 
239     2512    (2)    3 :  0.950 0.023 0.002 0.005 0.007 0.005 0.003 0.005 
240     2515    (2)    3 :  0.648 0.333 0.002 0.005 0.002 0.004 0.003 0.003 
241     2516    (2)    3 :  0.851 0.095 0.002 0.015 0.001 0.016 0.008 0.011 
242     2517    (2)    3 :  0.772 0.171 0.003 0.008 0.002 0.008 0.006 0.028 
243     2518    (2)    3 :  0.846 0.079 0.008 0.013 0.004 0.012 0.009 0.029 
244     2519    (0)    3 :  0.654 0.061 0.018 0.103 0.002 0.095 0.010 0.057 
245     2520    (2)    3 :  0.829 0.156 0.002 0.004 0.002 0.004 0.002 0.003 
246     2521    (2)    3 :  0.152 0.692 0.003 0.041 0.002 0.041 0.054 0.014 
247     2603    (4)    3 :  0.875 0.028 0.003 0.032 0.003 0.029 0.025 0.005 
248     2606    (2)    3 :  0.943 0.016 0.002 0.010 0.005 0.009 0.007 0.008 
249       87    (0)    4 :  0.011 0.943 0.007 0.008 0.007 0.007 0.006 0.012 
250       88    (0)    4 :  0.014 0.974 0.002 0.002 0.001 0.002 0.002 0.002 
251       90    (0)    4 :  0.842 0.145 0.001 0.002 0.001 0.003 0.002 0.003 
252       92    (0)    4 :  0.142 0.798 0.003 0.011 0.002 0.011 0.017 0.018 
253       96    (0)    4 :  0.806 0.078 0.019 0.009 0.002 0.009 0.070 0.007 
254       97    (0)    4 :  0.057 0.912 0.003 0.005 0.001 0.005 0.011 0.005 
255      105    (0)    4 :  0.017 0.959 0.006 0.005 0.002 0.005 0.003 0.004 
256      120    (0)    4 :  0.003 0.981 0.002 0.002 0.003 0.002 0.004 0.002 
257      123    (0)    4 :  0.859 0.122 0.003 0.003 0.001 0.003 0.003 0.005 
258      128    (0)    4 :  0.967 0.009 0.003 0.005 0.002 0.005 0.005 0.002 
259      129    (0)    4 :  0.853 0.103 0.004 0.008 0.002 0.007 0.006 0.017 
260      132    (0)    4 :  0.012 0.963 0.002 0.006 0.002 0.005 0.007 0.003 
261      504    (0)    4 :  0.447 0.524 0.003 0.005 0.001 0.005 0.004 0.011 
262      505    (0)    4 :  0.167 0.803 0.004 0.006 0.001 0.006 0.004 0.008 
263      506    (0)    4 :  0.492 0.452 0.003 0.013 0.002 0.013 0.019 0.006 
264      507    (0)    4 :  0.042 0.916 0.003 0.006 0.003 0.006 0.004 0.018 
265      508    (0)    4 :  0.010 0.924 0.003 0.011 0.021 0.010 0.012 0.008 
266      509    (0)    4 :  0.100 0.858 0.003 0.014 0.003 0.014 0.003 0.006 
267      510    (0)    4 :  0.005 0.971 0.002 0.005 0.002 0.005 0.003 0.006 
268      511    (0)    4 :  0.101 0.864 0.012 0.007 0.002 0.007 0.003 0.005 
269      512    (0)    4 :  0.226 0.750 0.005 0.004 0.002 0.004 0.004 0.005 
270      513    (0)    4 :  0.060 0.921 0.002 0.004 0.002 0.004 0.003 0.003 
271      514    (0)    4 :  0.553 0.387 0.013 0.010 0.002 0.010 0.019 0.005 
272      515    (0)    4 :  0.109 0.811 0.004 0.018 0.008 0.018 0.019 0.014 
273      558    (0)    4 :  0.173 0.773 0.003 0.008 0.005 0.008 0.008 0.021 
274      559    (0)    4 :  0.828 0.156 0.001 0.003 0.002 0.003 0.005 0.002 
275      560    (0)    4 :  0.734 0.236 0.007 0.004 0.008 0.004 0.004 0.003 
276      561    (0)    4 :  0.338 0.639 0.004 0.005 0.003 0.005 0.002 0.003 
277      562    (0)    4 :  0.057 0.893 0.002 0.009 0.003 0.010 0.020 0.006 
278      563    (0)    4 :  0.003 0.982 0.002 0.003 0.002 0.003 0.003 0.002 
279      564    (0)    4 :  0.351 0.600 0.003 0.007 0.012 0.007 0.010 0.009 
280      136    (0)    5 :  0.970 0.005 0.004 0.006 0.002 0.006 0.003 0.004 
281      138    (0)    5 :  0.959 0.014 0.004 0.005 0.003 0.005 0.005 0.005 
282      140    (0)    5 :  0.934 0.021 0.007 0.007 0.003 0.008 0.009 0.011 
283      141    (0)    5 :  0.911 0.010 0.004 0.028 0.005 0.029 0.004 0.009 
284      144    (0)    5 :  0.956 0.008 0.014 0.005 0.002 0.005 0.006 0.003 
285      146    (0)    5 :  0.882 0.090 0.005 0.004 0.003 0.004 0.010 0.002 
286      148    (0)    5 :  0.907 0.060 0.001 0.009 0.002 0.008 0.009 0.004 
287      150    (0)    5 :  0.968 0.006 0.002 0.005 0.007 0.004 0.003 0.006 
288      152    (0)    5 :  0.967 0.016 0.002 0.004 0.001 0.004 0.002 0.004 
289      666    (0)    5 :  0.969 0.007 0.002 0.005 0.002 0.005 0.003 0.007 
290      667    (0)    5 :  0.945 0.012 0.002 0.013 0.001 0.013 0.007 0.006 
291      668    (0)    5 :  0.878 0.063 0.003 0.009 0.012 0.008 0.004 0.024 
292      669    (0)    5 :  0.957 0.022 0.002 0.004 0.003 0.004 0.002 0.007 
293      670    (0)    5 :  0.814 0.052 0.003 0.017 0.013 0.015 0.026 0.061 
294      684    (0)    5 :  0.970 0.011 0.002 0.003 0.003 0.003 0.004 0.004 
295      685    (0)    5 :  0.966 0.005 0.003 0.006 0.007 0.006 0.005 0.002 
296      686    (0)    5 :  0.852 0.123 0.003 0.005 0.003 0.005 0.003 0.006 
297      687    (0)    5 :  0.974 0.005 0.004 0.004 0.001 0.004 0.003 0.004 
298      688    (2)    5 :  0.975 0.007 0.003 0.003 0.002 0.003 0.003 0.004 
299      689    (0)    5 :  0.946 0.008 0.006 0.009 0.004 0.008 0.009 0.010 
300      165    (0)    6 :  0.932 0.013 0.004 0.011 0.003 0.012 0.013 0.014 
301      167    (0)    6 :  0.580 0.024 0.003 0.040 0.050 0.038 0.245 0.020 
302      170    (0)    6 :  0.921 0.022 0.011 0.007 0.004 0.007 0.013 0.015 
303      714    (0)    6 :  0.477 0.485 0.002 0.008 0.003 0.007 0.010 0.007 
304      715    (2)    6 :  0.271 0.341 0.004 0.135 0.024 0.146 0.052 0.027 
305      716    (0)    6 :  0.950 0.008 0.003 0.007 0.003 0.007 0.014 0.009 
306      717    (2)    6 :  0.079 0.382 0.008 0.178 0.013 0.190 0.135 0.015 
307     2346    (2)    6 :  0.002 0.004 0.077 0.498 0.010 0.390 0.008 0.010 
308      718    (0)    7 :  0.914 0.033 0.005 0.009 0.014 0.011 0.007 0.008 
309      719    (0)    7 :  0.882 0.015 0.009 0.027 0.005 0.029 0.010 0.021 
310      720    (0)    7 :  0.950 0.023 0.001 0.006 0.001 0.006 0.004 0.007 
311      721    (0)    7 :  0.829 0.076 0.013 0.021 0.016 0.022 0.005 0.019 
312      722    (0)    7 :  0.878 0.086 0.002 0.006 0.004 0.006 0.008 0.010 
313      723    (0)    7 :  0.900 0.058 0.004 0.005 0.001 0.005 0.015 0.013 
314      724    (0)    7 :  0.971 0.005 0.002 0.004 0.004 0.004 0.003 0.006 
315      725    (0)    7 :  0.947 0.029 0.006 0.004 0.003 0.004 0.003 0.004 
316      726    (0)    7 :  0.820 0.013 0.002 0.015 0.003 0.017 0.123 0.006 
317      727    (0)    7 :  0.981 0.004 0.002 0.002 0.002 0.002 0.003 0.003 
318      728    (2)    7 :  0.899 0.046 0.003 0.013 0.005 0.016 0.007 0.012 
319      729    (0)    7 :  0.674 0.052 0.004 0.015 0.009 0.015 0.018 0.213 
320      730    (0)    7 :  0.762 0.017 0.003 0.068 0.023 0.081 0.024 0.023 
321      731    (0)    7 :  0.813 0.134 0.006 0.013 0.004 0.012 0.005 0.013 
322      732    (0)    7 :  0.962 0.005 0.003 0.008 0.002 0.009 0.007 0.004 
323      733    (0)    7 :  0.832 0.118 0.003 0.005 0.011 0.004 0.013 0.014 
324      734    (0)    7 :  0.747 0.237 0.002 0.003 0.002 0.003 0.002 0.005 
325      189    (0)    8 :  0.009 0.008 0.917 0.007 0.006 0.007 0.037 0.008 
326      190    (0)    8 :  0.003 0.002 0.983 0.003 0.002 0.002 0.003 0.002 
327      193    (0)    8 :  0.003 0.005 0.967 0.009 0.001 0.008 0.003 0.003 
328      761    (0)    8 :  0.002 0.003 0.982 0.002 0.001 0.002 0.004 0.003 
329      762    (0)    8 :  0.004 0.002 0.975 0.004 0.002 0.004 0.003 0.006 
330      763    (0)    8 :  0.004 0.005 0.974 0.003 0.003 0.003 0.003 0.005 
331      764    (0)    8 :  0.004 0.002 0.979 0.003 0.002 0.003 0.003 0.004 
332      765    (0)    8 :  0.004 0.004 0.973 0.005 0.002 0.005 0.004 0.004 
333      778    (0)    8 :  0.016 0.018 0.902 0.016 0.013 0.016 0.012 0.007 
334      779    (0)    8 :  0.006 0.002 0.971 0.004 0.003 0.004 0.006 0.004 
335      780    (0)    8 :  0.002 0.002 0.981 0.003 0.002 0.003 0.002 0.005 
336      781    (0)    8 :  0.003 0.005 0.966 0.003 0.015 0.003 0.003 0.002 
337      782    (0)    8 :  0.008 0.009 0.966 0.005 0.002 0.005 0.004 0.002 
338      783    (0)    8 :  0.002 0.001 0.991 0.001 0.001 0.001 0.001 0.002 
339      784    (0)    8 :  0.003 0.004 0.971 0.005 0.001 0.005 0.008 0.003 
340      785    (0)    8 :  0.003 0.002 0.974 0.004 0.004 0.004 0.003 0.005 
341      786    (0)    8 :  0.003 0.002 0.975 0.004 0.001 0.004 0.007 0.005 
342      787    (0)    8 :  0.004 0.002 0.980 0.003 0.002 0.003 0.002 0.003 
343      788    (0)    8 :  0.008 0.012 0.943 0.011 0.004 0.011 0.003 0.008 
344      789    (0)    8 :  0.004 0.003 0.957 0.010 0.002 0.011 0.010 0.004 
345      790    (0)    8 :  0.004 0.002 0.965 0.004 0.005 0.004 0.011 0.005 
346      791    (0)    8 :  0.007 0.004 0.966 0.006 0.002 0.006 0.003 0.005 
347      792    (0)    8 :  0.002 0.002 0.984 0.002 0.003 0.002 0.002 0.002 
348      793    (0)    8 :  0.006 0.003 0.969 0.005 0.002 0.006 0.004 0.005 
349      794    (0)    8 :  0.002 0.003 0.970 0.006 0.003 0.005 0.005 0.006 
350      795    (0)    8 :  0.003 0.005 0.973 0.005 0.002 0.005 0.003 0.003 
351      796    (0)    8 :  0.002 0.002 0.986 0.002 0.003 0.002 0.002 0.002 
352      797    (0)    8 :  0.002 0.002 0.983 0.002 0.002 0.002 0.002 0.003 
353      798    (0)    8 :  0.006 0.004 0.973 0.003 0.002 0.003 0.003 0.006 
354      282    (0)    9 :  0.003 0.005 0.002 0.008 0.968 0.008 0.003 0.003 
355      284    (0)    9 :  0.003 0.002 0.009 0.003 0.974 0.003 0.003 0.003 
356      287    (0)    9 :  0.003 0.002 0.003 0.006 0.973 0.006 0.003 0.004 
357      295    (0)    9 :  0.001 0.001 0.001 0.001 0.991 0.001 0.001 0.001 
358      302    (0)    9 :  0.001 0.001 0.002 0.001 0.991 0.001 0.001 0.002 
359      306    (2)    9 :  0.010 0.004 0.005 0.016 0.936 0.015 0.003 0.012 
360      308    (0)    9 :  0.002 0.002 0.001 0.002 0.988 0.002 0.001 0.001 
361      867    (0)    9 :  0.001 0.002 0.001 0.002 0.990 0.002 0.001 0.001 


Estimated Allele Frequencies in each cluster
First column gives estimated ancestral frequencies


Locus 1 : 1 
4 alleles
0.0% missing data
  89   (0.534) 0.633 0.328 0.637 0.545 0.078 0.546 0.444 0.532 
  91   (0.367) 0.312 0.545 0.311 0.363 0.721 0.363 0.530 0.404 
  93   (0.076) 0.055 0.125 0.050 0.070 0.051 0.069 0.021 0.043 
  99   (0.024) 0.001 0.002 0.001 0.021 0.150 0.021 0.006 0.021 

Locus 2 : 2 
6 alleles
1.4% missing data
 136   (0.337) 0.522 0.673 0.458 0.350 0.202 0.349 0.200 0.096 
 134   (0.244) 0.154 0.183 0.375 0.234 0.033 0.231 0.391 0.247 
 138   (0.294) 0.257 0.128 0.159 0.281 0.748 0.281 0.282 0.514 
 140   (0.075) 0.066 0.012 0.005 0.080 0.010 0.082 0.104 0.036 
 132   (0.027) 0.001 0.003 0.002 0.033 0.003 0.035 0.006 0.005 
 142   (0.023) 0.001 0.002 0.001 0.021 0.003 0.022 0.017 0.102 

Locus 3 : 3 
6 alleles
0.0% missing data
 181   (0.240) 0.230 0.111 0.073 0.226 0.195 0.217 0.262 0.342 
 187   (0.356) 0.510 0.523 0.262 0.357 0.750 0.361 0.385 0.184 
 179   (0.235) 0.235 0.349 0.015 0.245 0.033 0.250 0.268 0.230 
 191   (0.037) 0.022 0.004 0.193 0.032 0.005 0.031 0.009 0.008 
 185   (0.078) 0.002 0.008 0.452 0.081 0.011 0.081 0.055 0.100 
 175   (0.054) 0.001 0.005 0.004 0.059 0.007 0.060 0.020 0.137 

Locus 4 : 4 
10 alleles
0.0% missing data
 253   (0.511) 0.739 0.530 0.467 0.526 0.539 0.536 0.422 0.573 
 249   (0.028) 0.071 0.041 0.002 0.024 0.004 0.023 0.007 0.004 
 271   (0.041) 0.025 0.054 0.003 0.035 0.006 0.033 0.135 0.013 
 241   (0.138) 0.029 0.301 0.150 0.132 0.206 0.127 0.103 0.153 
 257   (0.008) 0.000 0.004 0.001 0.006 0.001 0.006 0.002 0.002 
 269   (0.169) 0.134 0.059 0.103 0.161 0.232 0.156 0.241 0.218 
 247   (0.077) 0.002 0.007 0.274 0.090 0.010 0.094 0.083 0.035 
 239   (0.008) 0.000 0.001 0.001 0.007 0.001 0.007 0.002 0.001 
 245   (0.008) 0.000 0.001 0.001 0.007 0.001 0.007 0.002 0.001 
 273   (0.012) 0.000 0.001 0.001 0.012 0.001 0.011 0.003 0.001 

Locus 5 : 5 
7 alleles
0.8% missing data
 103   (0.834) 0.990 0.978 0.962 0.814 0.976 0.808 0.942 0.939 
 104   (0.066) 0.008 0.012 0.004 0.077 0.011 0.083 0.024 0.032 
 105   (0.050) 0.002 0.005 0.003 0.065 0.007 0.068 0.021 0.023 
 102   (0.019) 0.001 0.002 0.002 0.020 0.003 0.019 0.005 0.003 
 101   (0.013) 0.000 0.001 0.014 0.011 0.002 0.010 0.004 0.002 
 107   (0.009) 0.000 0.001 0.001 0.007 0.001 0.007 0.002 0.001 
  99   (0.009) 0.000 0.001 0.014 0.006 0.001 0.005 0.002 0.001 

Locus 6 : 6 
5 alleles
0.3% missing data
 141   (0.284) 0.587 0.324 0.139 0.272 0.040 0.268 0.584 0.238 
 145   (0.406) 0.195 0.140 0.263 0.431 0.386 0.440 0.199 0.566 
 135   (0.229) 0.178 0.359 0.286 0.222 0.561 0.220 0.172 0.184 
 147   (0.070) 0.041 0.175 0.311 0.062 0.011 0.060 0.042 0.011 
 137   (0.012) 0.000 0.001 0.001 0.012 0.002 0.011 0.003 0.001 

Locus 7 : 7 
8 alleles
1.1% missing data
  93   (0.232) 0.338 0.393 0.072 0.219 0.707 0.217 0.258 0.294 
 103   (0.281) 0.389 0.308 0.506 0.287 0.044 0.295 0.267 0.353 
  91   (0.067) 0.034 0.007 0.154 0.064 0.065 0.061 0.022 0.036 
  97   (0.207) 0.154 0.157 0.255 0.210 0.150 0.210 0.171 0.134 
  85   (0.042) 0.045 0.009 0.003 0.040 0.006 0.039 0.012 0.029 
  89   (0.106) 0.037 0.120 0.007 0.103 0.017 0.098 0.252 0.110 
  83   (0.053) 0.001 0.005 0.003 0.066 0.008 0.067 0.015 0.043 
 105   (0.011) 0.000 0.001 0.001 0.012 0.002 0.012 0.003 0.002 

Locus 8 : 8 
8 alleles
0.0% missing data
 129   (0.527) 0.702 0.477 0.638 0.528 0.161 0.531 0.544 0.700 
 141   (0.064) 0.091 0.132 0.204 0.060 0.009 0.059 0.016 0.023 
 149   (0.097) 0.129 0.075 0.019 0.094 0.013 0.092 0.113 0.059 
 143   (0.259) 0.076 0.311 0.135 0.268 0.723 0.270 0.314 0.203 
 145   (0.008) 0.000 0.001 0.001 0.007 0.001 0.007 0.002 0.001 
 133   (0.017) 0.000 0.002 0.001 0.019 0.002 0.019 0.004 0.004 
 131   (0.012) 0.000 0.001 0.002 0.008 0.046 0.007 0.003 0.008 
 127   (0.016) 0.000 0.001 0.001 0.014 0.045 0.015 0.004 0.002 

Locus 9 : 9 
4 alleles
0.0% missing data
 191   (0.366) 0.563 0.615 0.541 0.366 0.265 0.371 0.220 0.317 
 195   (0.149) 0.188 0.048 0.056 0.136 0.396 0.133 0.199 0.237 
 189   (0.477) 0.246 0.336 0.402 0.493 0.338 0.490 0.579 0.445 
 193   (0.009) 0.003 0.001 0.001 0.006 0.001 0.005 0.003 0.001 

Locus 10 : 10 
7 alleles
0.0% missing data
 232   (0.249) 0.282 0.402 0.274 0.255 0.193 0.256 0.078 0.173 
 238   (0.562) 0.578 0.417 0.351 0.561 0.415 0.562 0.863 0.748 
 252   (0.105) 0.117 0.173 0.036 0.104 0.018 0.105 0.037 0.069 
 254   (0.043) 0.022 0.004 0.253 0.040 0.369 0.038 0.011 0.005 
 250   (0.011) 0.000 0.001 0.001 0.012 0.001 0.013 0.002 0.001 
 248   (0.022) 0.001 0.002 0.084 0.021 0.003 0.020 0.006 0.003 
 236   (0.009) 0.000 0.001 0.001 0.007 0.001 0.007 0.002 0.001 

Locus 11 : 11 
3 alleles
0.0% missing data
  87   (0.736) 0.635 0.567 0.537 0.741 0.964 0.741 0.913 0.817 
  89   (0.206) 0.320 0.335 0.380 0.208 0.029 0.210 0.065 0.150 
  91   (0.058) 0.045 0.097 0.082 0.050 0.008 0.049 0.023 0.032 

Locus 12 : 12 
12 alleles
0.0% missing data
 160   (0.215) 0.112 0.191 0.708 0.199 0.581 0.196 0.277 0.272 
 162   (0.247) 0.242 0.125 0.234 0.262 0.085 0.271 0.353 0.239 
 147   (0.046) 0.108 0.320 0.003 0.039 0.006 0.037 0.015 0.047 
 158   (0.233) 0.501 0.319 0.024 0.238 0.032 0.236 0.155 0.210 
 161   (0.110) 0.024 0.029 0.021 0.114 0.130 0.111 0.039 0.120 
 170   (0.052) 0.009 0.006 0.003 0.058 0.007 0.060 0.027 0.031 
 149   (0.024) 0.001 0.002 0.001 0.020 0.003 0.020 0.115 0.044 
 154   (0.020) 0.001 0.002 0.001 0.024 0.003 0.023 0.007 0.002 
 143   (0.024) 0.001 0.002 0.001 0.025 0.149 0.025 0.006 0.004 
 150   (0.008) 0.000 0.001 0.000 0.005 0.001 0.005 0.002 0.009 
 159   (0.011) 0.000 0.001 0.001 0.008 0.001 0.008 0.003 0.021 
 164   (0.008) 0.000 0.001 0.000 0.007 0.001 0.007 0.002 0.001 

Locus 13 : 13 
4 alleles
0.0% missing data
 108   (0.190) 0.179 0.161 0.200 0.190 0.312 0.184 0.072 0.108 
 115   (0.430) 0.575 0.388 0.290 0.430 0.101 0.433 0.539 0.538 
 113   (0.371) 0.246 0.451 0.510 0.373 0.587 0.376 0.387 0.353 
 109   (0.009) 0.000 0.001 0.001 0.007 0.001 0.007 0.002 0.001 

Locus 14 : 14 
5 alleles
0.3% missing data
 227   (0.152) 0.248 0.312 0.020 0.137 0.228 0.136 0.074 0.341 
 231   (0.127) 0.089 0.129 0.348 0.134 0.292 0.132 0.035 0.021 
 229   (0.526) 0.487 0.413 0.418 0.544 0.123 0.548 0.750 0.511 
 225   (0.127) 0.089 0.029 0.209 0.119 0.247 0.117 0.123 0.082 
 233   (0.069) 0.087 0.117 0.005 0.066 0.110 0.067 0.018 0.045 

Locus 15 : 15 
5 alleles
0.3% missing data
 143   (0.829) 0.964 0.971 0.816 0.829 0.762 0.832 0.901 0.863 
 157   (0.009) 0.017 0.001 0.001 0.006 0.001 0.006 0.002 0.001 
 145   (0.092) 0.017 0.021 0.006 0.097 0.227 0.098 0.036 0.072 
 147   (0.050) 0.001 0.005 0.146 0.048 0.007 0.046 0.056 0.062 
 133   (0.020) 0.001 0.002 0.032 0.020 0.002 0.019 0.005 0.002 

Locus 16 : 16 
5 alleles
0.3% missing data
 156   (0.250) 0.295 0.130 0.498 0.255 0.571 0.258 0.116 0.218 
 158   (0.526) 0.496 0.663 0.206 0.525 0.226 0.521 0.442 0.653 
 160   (0.129) 0.165 0.192 0.114 0.120 0.017 0.118 0.406 0.101 
 154   (0.085) 0.044 0.014 0.182 0.093 0.183 0.096 0.032 0.013 
 152   (0.010) 0.000 0.001 0.001 0.007 0.001 0.006 0.004 0.016 

Locus 17 : 17 
5 alleles
0.0% missing data
 102   (0.226) 0.240 0.132 0.201 0.224 0.034 0.224 0.261 0.212 
  90   (0.658) 0.713 0.833 0.791 0.651 0.595 0.647 0.481 0.764 
  88   (0.072) 0.046 0.031 0.005 0.077 0.010 0.080 0.237 0.011 
 100   (0.035) 0.001 0.003 0.002 0.041 0.360 0.043 0.013 0.007 
 104   (0.009) 0.000 0.001 0.001 0.006 0.001 0.005 0.008 0.006 

Locus 18 : 18 
8 alleles
0.3% missing data
 142   (0.143) 0.424 0.370 0.009 0.148 0.020 0.153 0.120 0.079 
 146   (0.092) 0.181 0.035 0.222 0.082 0.013 0.082 0.169 0.097 
 140   (0.263) 0.089 0.385 0.180 0.271 0.312 0.273 0.300 0.235 
 127   (0.253) 0.180 0.105 0.065 0.259 0.469 0.257 0.117 0.328 
 148   (0.102) 0.054 0.053 0.211 0.095 0.014 0.092 0.245 0.059 
 128   (0.032) 0.049 0.024 0.002 0.031 0.104 0.033 0.008 0.004 
 150   (0.058) 0.002 0.006 0.306 0.058 0.008 0.057 0.018 0.155 
 138   (0.058) 0.021 0.022 0.004 0.056 0.060 0.053 0.022 0.043 

Locus 19 : 19 
6 alleles
0.0% missing data
 188   (0.201) 0.124 0.191 0.173 0.210 0.027 0.214 0.096 0.165 
 190   (0.142) 0.380 0.333 0.202 0.124 0.019 0.122 0.222 0.175 
 194   (0.565) 0.494 0.468 0.481 0.576 0.942 0.577 0.429 0.561 
 200   (0.067) 0.002 0.006 0.004 0.068 0.008 0.066 0.247 0.096 
 202   (0.017) 0.000 0.002 0.140 0.014 0.002 0.014 0.004 0.002 
 196   (0.009) 0.000 0.001 0.001 0.008 0.001 0.007 0.002 0.001 

Locus 20 : 20 
6 alleles
0.8% missing data
 252   (0.700) 0.839 0.725 0.725 0.726 0.373 0.733 0.740 0.765 
 250   (0.087) 0.093 0.071 0.141 0.073 0.331 0.069 0.064 0.074 
 244   (0.018) 0.017 0.002 0.001 0.014 0.003 0.014 0.006 0.009 
 254   (0.083) 0.034 0.011 0.083 0.075 0.116 0.073 0.094 0.084 
 246   (0.090) 0.005 0.187 0.048 0.088 0.174 0.087 0.090 0.062 
 248   (0.023) 0.011 0.003 0.001 0.023 0.003 0.025 0.005 0.006 

Locus 21 : 21 
7 alleles
0.0% missing data
 173   (0.269) 0.361 0.152 0.214 0.255 0.140 0.252 0.264 0.568 
 177   (0.304) 0.258 0.602 0.171 0.303 0.266 0.300 0.469 0.208 
 175   (0.132) 0.033 0.033 0.254 0.133 0.447 0.132 0.043 0.077 
 167   (0.181) 0.338 0.193 0.122 0.183 0.131 0.186 0.067 0.127 
 163   (0.044) 0.003 0.006 0.218 0.045 0.006 0.046 0.013 0.010 
 159   (0.023) 0.001 0.002 0.001 0.032 0.003 0.034 0.007 0.003 
 165   (0.047) 0.006 0.011 0.019 0.049 0.008 0.051 0.136 0.007 

Locus 22 : 22 
11 alleles
1.1% missing data
 146   (0.222) 0.260 0.248 0.142 0.217 0.086 0.219 0.227 0.322 
 154   (0.011) 0.061 0.013 0.001 0.007 0.001 0.006 0.002 0.001 
 166   (0.098) 0.025 0.221 0.006 0.101 0.118 0.102 0.133 0.031 
 152   (0.445) 0.612 0.457 0.374 0.434 0.460 0.429 0.563 0.574 
 150   (0.034) 0.008 0.009 0.002 0.035 0.114 0.037 0.014 0.010 
 164   (0.026) 0.013 0.036 0.002 0.024 0.004 0.023 0.006 0.004 
 158   (0.077) 0.018 0.008 0.105 0.092 0.011 0.095 0.027 0.021 
 162   (0.044) 0.001 0.005 0.070 0.054 0.006 0.055 0.017 0.010 
 142   (0.017) 0.000 0.002 0.001 0.017 0.002 0.017 0.005 0.013 
 156   (0.013) 0.000 0.001 0.297 0.009 0.002 0.008 0.003 0.012 
 148   (0.012) 0.000 0.001 0.001 0.009 0.197 0.009 0.003 0.002 

Locus 23 : 23 
7 alleles
0.6% missing data
 152   (0.018) 0.055 0.086 0.001 0.012 0.002 0.011 0.004 0.003 
 156   (0.131) 0.037 0.085 0.037 0.149 0.019 0.150 0.082 0.035 
 144   (0.158) 0.172 0.164 0.626 0.144 0.549 0.140 0.050 0.267 
 160   (0.111) 0.170 0.261 0.106 0.097 0.015 0.094 0.226 0.093 
 154   (0.548) 0.560 0.401 0.228 0.564 0.409 0.573 0.520 0.598 
 158   (0.023) 0.004 0.002 0.001 0.023 0.003 0.022 0.116 0.003 
 146   (0.011) 0.000 0.001 0.001 0.011 0.002 0.010 0.003 0.001 

Locus 24 : 24 
4 alleles
0.3% missing data
  77   (0.088) 0.309 0.046 0.052 0.078 0.012 0.074 0.063 0.091 
  83   (0.466) 0.475 0.595 0.917 0.457 0.706 0.458 0.492 0.377 
  81   (0.368) 0.194 0.316 0.025 0.388 0.270 0.392 0.421 0.419 
  85   (0.077) 0.021 0.043 0.005 0.077 0.011 0.077 0.025 0.114 

Locus 25 : 25 
6 alleles
0.3% missing data
 132   (0.337) 0.540 0.209 0.450 0.336 0.214 0.336 0.235 0.365 
 124   (0.518) 0.386 0.747 0.541 0.522 0.393 0.524 0.648 0.527 
 126   (0.027) 0.053 0.030 0.002 0.023 0.004 0.021 0.007 0.003 
 122   (0.083) 0.020 0.011 0.005 0.084 0.059 0.085 0.101 0.099 
 120   (0.020) 0.001 0.002 0.001 0.020 0.329 0.019 0.004 0.003 
 136   (0.015) 0.000 0.002 0.001 0.015 0.002 0.015 0.005 0.002 

Locus 26 : 26 
7 alleles
0.0% missing data
 165   (0.221) 0.150 0.164 0.057 0.219 0.303 0.218 0.204 0.286 
 183   (0.353) 0.557 0.472 0.423 0.354 0.319 0.355 0.333 0.307 
 179   (0.091) 0.055 0.106 0.006 0.085 0.331 0.083 0.034 0.098 
 175   (0.285) 0.237 0.253 0.446 0.289 0.041 0.293 0.417 0.301 
 181   (0.034) 0.001 0.003 0.067 0.039 0.004 0.037 0.008 0.005 
 157   (0.008) 0.000 0.001 0.000 0.007 0.001 0.006 0.002 0.001 
 185   (0.008) 0.000 0.001 0.001 0.007 0.001 0.007 0.002 0.001 

Locus 27 : 27 
4 alleles
0.0% missing data
 142   (0.652) 0.693 0.617 0.740 0.651 0.355 0.654 0.641 0.758 
 148   (0.191) 0.096 0.164 0.070 0.202 0.624 0.206 0.064 0.089 
 138   (0.047) 0.195 0.208 0.003 0.039 0.007 0.036 0.014 0.024 
 150   (0.109) 0.016 0.012 0.186 0.108 0.015 0.104 0.280 0.129 

Locus 28 : 28 
6 alleles
1.1% missing data
 260   (0.390) 0.355 0.435 0.379 0.389 0.094 0.392 0.444 0.530 
 262   (0.493) 0.634 0.553 0.547 0.494 0.889 0.492 0.456 0.381 
 256   (0.073) 0.010 0.008 0.072 0.075 0.011 0.075 0.086 0.051 
 258   (0.014) 0.000 0.001 0.001 0.016 0.002 0.017 0.004 0.002 
 264   (0.021) 0.001 0.002 0.001 0.020 0.002 0.019 0.008 0.028 
 266   (0.009) 0.000 0.001 0.001 0.006 0.001 0.005 0.002 0.008 

Locus 29 : 29 
7 alleles
0.6% missing data
 146   (0.259) 0.179 0.260 0.336 0.266 0.039 0.267 0.221 0.223 
 150   (0.444) 0.655 0.489 0.295 0.451 0.162 0.454 0.365 0.555 
 140   (0.177) 0.120 0.047 0.062 0.177 0.783 0.175 0.236 0.162 
 148   (0.071) 0.039 0.187 0.304 0.065 0.010 0.064 0.129 0.028 
 152   (0.031) 0.001 0.003 0.002 0.030 0.004 0.029 0.042 0.030 
 151   (0.009) 0.004 0.013 0.001 0.006 0.001 0.005 0.002 0.001 
 142   (0.008) 0.002 0.001 0.001 0.006 0.001 0.006 0.004 0.001 

Locus 30 : 30 
6 alleles
0.3% missing data
 125   (0.290) 0.475 0.329 0.033 0.316 0.158 0.319 0.112 0.107 
 129   (0.423) 0.468 0.595 0.779 0.401 0.228 0.401 0.584 0.588 
 123   (0.153) 0.053 0.064 0.104 0.148 0.022 0.144 0.124 0.231 
 131   (0.050) 0.001 0.005 0.003 0.057 0.008 0.061 0.043 0.027 
 127   (0.071) 0.002 0.007 0.080 0.067 0.537 0.066 0.134 0.045 
 121   (0.013) 0.000 0.001 0.001 0.010 0.048 0.009 0.003 0.002 

Locus 31 : 31 
6 alleles
0.3% missing data
 159   (0.138) 0.132 0.141 0.009 0.129 0.019 0.126 0.223 0.284 
 155   (0.569) 0.678 0.808 0.715 0.585 0.580 0.593 0.334 0.455 
 157   (0.174) 0.107 0.039 0.022 0.173 0.136 0.170 0.375 0.197 
 153   (0.076) 0.078 0.008 0.005 0.076 0.106 0.077 0.055 0.057 
 151   (0.034) 0.004 0.003 0.248 0.030 0.158 0.029 0.010 0.005 
 163   (0.009) 0.001 0.001 0.001 0.006 0.001 0.006 0.002 0.002 

Locus 32 : 32 
4 alleles
1.1% missing data
  91   (0.432) 0.561 0.666 0.153 0.421 0.551 0.415 0.400 0.526 
  94   (0.070) 0.051 0.078 0.005 0.078 0.009 0.081 0.022 0.012 
  95   (0.171) 0.118 0.042 0.406 0.178 0.297 0.183 0.340 0.075 
  92   (0.328) 0.270 0.214 0.436 0.323 0.143 0.321 0.239 0.387 

Locus 33 : 33 
5 alleles
0.0% missing data
 146   (0.296) 0.072 0.078 0.312 0.308 0.579 0.311 0.172 0.378 
 150   (0.593) 0.850 0.872 0.637 0.588 0.405 0.588 0.619 0.558 
 148   (0.061) 0.076 0.043 0.048 0.052 0.009 0.049 0.164 0.019 
 154   (0.036) 0.001 0.006 0.002 0.043 0.005 0.043 0.009 0.013 
 152   (0.014) 0.000 0.001 0.001 0.010 0.002 0.009 0.036 0.031 

Locus 34 : 34 
7 alleles
0.0% missing data
 180   (0.456) 0.598 0.403 0.664 0.462 0.712 0.464 0.363 0.346 
 196   (0.107) 0.178 0.177 0.007 0.104 0.015 0.101 0.037 0.145 
 184   (0.206) 0.164 0.147 0.076 0.199 0.243 0.195 0.189 0.315 
 194   (0.016) 0.034 0.046 0.001 0.011 0.002 0.010 0.004 0.002 
 192   (0.126) 0.007 0.012 0.184 0.135 0.016 0.137 0.380 0.124 
 198   (0.077) 0.018 0.214 0.068 0.082 0.010 0.086 0.023 0.019 
 190   (0.011) 0.000 0.001 0.001 0.008 0.001 0.007 0.003 0.049 

Locus 35 : 35 
6 alleles
0.0% missing data
 110   (0.175) 0.364 0.158 0.075 0.175 0.190 0.176 0.111 0.094 
 112   (0.356) 0.475 0.717 0.063 0.358 0.050 0.358 0.421 0.406 
 106   (0.299) 0.125 0.104 0.702 0.302 0.202 0.301 0.295 0.396 
  90   (0.036) 0.025 0.007 0.002 0.030 0.422 0.028 0.133 0.005 
 108   (0.124) 0.011 0.013 0.113 0.129 0.135 0.131 0.037 0.098 
  96   (0.009) 0.000 0.001 0.045 0.006 0.001 0.005 0.002 0.001 

Locus 36 : 36 
9 alleles
0.0% missing data
 166   (0.059) 0.261 0.198 0.004 0.047 0.009 0.046 0.050 0.106 
 176   (0.098) 0.119 0.337 0.018 0.099 0.014 0.094 0.098 0.014 
 172   (0.333) 0.448 0.247 0.580 0.330 0.049 0.334 0.481 0.366 
 170   (0.274) 0.161 0.172 0.323 0.285 0.586 0.287 0.122 0.238 
 174   (0.131) 0.006 0.017 0.069 0.139 0.019 0.138 0.181 0.180 
 178   (0.040) 0.003 0.023 0.003 0.040 0.006 0.040 0.022 0.039 
 168   (0.041) 0.001 0.004 0.002 0.042 0.315 0.044 0.040 0.014 
 186   (0.015) 0.000 0.001 0.001 0.011 0.002 0.010 0.003 0.042 
 158   (0.009) 0.000 0.001 0.001 0.007 0.001 0.007 0.002 0.001 

Locus 37 : 37 
6 alleles
0.0% missing data
  89   (0.549) 0.633 0.674 0.508 0.548 0.348 0.549 0.759 0.647 
  95   (0.053) 0.080 0.026 0.004 0.048 0.007 0.047 0.014 0.085 
  85   (0.177) 0.225 0.238 0.236 0.168 0.514 0.169 0.162 0.123 
  81   (0.062) 0.010 0.007 0.004 0.072 0.011 0.071 0.017 0.043 
  83   (0.143) 0.051 0.054 0.246 0.152 0.020 0.151 0.045 0.099 
  91   (0.016) 0.000 0.001 0.001 0.013 0.099 0.013 0.004 0.003 

Locus 38 : 38 
10 alleles
0.0% missing data
 161   (0.336) 0.529 0.539 0.376 0.333 0.418 0.329 0.429 0.262 
 165   (0.225) 0.168 0.233 0.104 0.233 0.146 0.235 0.065 0.240 
 159   (0.021) 0.031 0.018 0.001 0.017 0.003 0.017 0.005 0.005 
 173   (0.246) 0.135 0.101 0.507 0.242 0.191 0.244 0.439 0.288 
 169   (0.103) 0.124 0.102 0.007 0.106 0.234 0.109 0.041 0.154 
 167   (0.020) 0.010 0.002 0.002 0.020 0.003 0.021 0.006 0.003 
 168   (0.011) 0.000 0.001 0.001 0.011 0.001 0.011 0.002 0.001 
 155   (0.020) 0.001 0.002 0.001 0.023 0.002 0.023 0.007 0.003 
 177   (0.008) 0.000 0.001 0.001 0.007 0.001 0.007 0.003 0.001 
 175   (0.010) 0.000 0.001 0.001 0.006 0.001 0.006 0.002 0.043 

Locus 39 : 39 
6 alleles
0.6% missing data
  87   (0.109) 0.159 0.133 0.128 0.097 0.622 0.095 0.104 0.050 
  89   (0.412) 0.582 0.662 0.098 0.419 0.057 0.422 0.477 0.580 
  91   (0.156) 0.140 0.032 0.183 0.167 0.179 0.173 0.090 0.073 
  81   (0.125) 0.082 0.086 0.116 0.122 0.018 0.120 0.123 0.084 
  85   (0.189) 0.034 0.086 0.473 0.189 0.124 0.185 0.204 0.212 
  83   (0.009) 0.003 0.001 0.001 0.006 0.001 0.005 0.002 0.001 

Locus 40 : 40 
4 alleles
0.3% missing data
 167   (0.754) 0.917 0.900 0.858 0.753 0.645 0.755 0.852 0.775 
 161   (0.212) 0.082 0.096 0.139 0.215 0.350 0.212 0.138 0.162 
 165   (0.026) 0.001 0.003 0.002 0.025 0.003 0.026 0.007 0.062 
 177   (0.009) 0.000 0.001 0.001 0.007 0.001 0.007 0.002 0.001 

Locus 41 : 41 
6 alleles
0.3% missing data
 228   (0.437) 0.531 0.653 0.239 0.426 0.610 0.422 0.580 0.511 
 238   (0.335) 0.312 0.268 0.118 0.352 0.098 0.355 0.193 0.324 
 224   (0.029) 0.084 0.048 0.002 0.022 0.004 0.020 0.072 0.004 
 236   (0.098) 0.070 0.019 0.387 0.091 0.276 0.089 0.099 0.043 
 232   (0.013) 0.000 0.004 0.001 0.011 0.002 0.011 0.003 0.002 
 240   (0.088) 0.002 0.008 0.254 0.099 0.011 0.105 0.053 0.115 

Locus 42 : 42 
7 alleles
0.0% missing data
 128   (0.132) 0.134 0.120 0.037 0.123 0.018 0.121 0.172 0.217 
 130   (0.538) 0.629 0.537 0.772 0.557 0.076 0.563 0.566 0.410 
 114   (0.052) 0.106 0.041 0.003 0.045 0.417 0.044 0.081 0.006 
 132   (0.105) 0.116 0.283 0.052 0.099 0.015 0.099 0.032 0.201 
 118   (0.066) 0.003 0.006 0.129 0.063 0.234 0.062 0.049 0.086 
 134   (0.099) 0.013 0.013 0.006 0.106 0.239 0.105 0.097 0.079 
 136   (0.009) 0.000 0.001 0.001 0.007 0.001 0.006 0.002 0.001 

Locus 43 : 43 
6 alleles
0.8% missing data
 102   (0.280) 0.388 0.443 0.476 0.266 0.519 0.264 0.240 0.345 
 104   (0.401) 0.205 0.140 0.412 0.426 0.058 0.432 0.538 0.503 
  92   (0.134) 0.093 0.277 0.009 0.141 0.067 0.142 0.044 0.065 
  96   (0.064) 0.101 0.051 0.004 0.060 0.118 0.059 0.024 0.027 
  98   (0.112) 0.212 0.088 0.099 0.099 0.236 0.097 0.148 0.059 
 106   (0.009) 0.001 0.001 0.001 0.007 0.002 0.006 0.005 0.001 

Locus 44 : 44 
5 alleles
0.3% missing data
 101   (0.311) 0.439 0.281 0.190 0.312 0.043 0.309 0.426 0.249 
 103   (0.302) 0.197 0.338 0.347 0.294 0.257 0.293 0.197 0.452 
  99   (0.145) 0.037 0.195 0.009 0.151 0.409 0.155 0.254 0.087 
  95   (0.232) 0.327 0.185 0.453 0.234 0.131 0.235 0.121 0.211 
  97   (0.011) 0.000 0.001 0.001 0.008 0.160 0.007 0.002 0.002 

Locus 45 : 45 
7 alleles
0.3% missing data
 177   (0.062) 0.056 0.161 0.004 0.057 0.009 0.056 0.015 0.060 
 191   (0.279) 0.179 0.122 0.102 0.298 0.255 0.303 0.426 0.180 
 181   (0.588) 0.763 0.710 0.859 0.573 0.529 0.570 0.541 0.710 
 183   (0.012) 0.000 0.001 0.001 0.011 0.002 0.012 0.003 0.002 
 179   (0.040) 0.001 0.004 0.003 0.047 0.202 0.048 0.011 0.005 
 193   (0.010) 0.000 0.001 0.001 0.007 0.001 0.006 0.002 0.042 
 189   (0.009) 0.000 0.001 0.030 0.006 0.001 0.005 0.002 0.001 

Locus 46 : 46 
6 alleles
0.8% missing data
 205   (0.465) 0.519 0.555 0.408 0.483 0.279 0.494 0.437 0.545 
 211   (0.230) 0.240 0.142 0.271 0.232 0.318 0.228 0.389 0.112 
 207   (0.137) 0.125 0.184 0.202 0.130 0.019 0.124 0.057 0.218 
 201   (0.073) 0.070 0.062 0.005 0.066 0.370 0.064 0.056 0.055 
 215   (0.084) 0.046 0.056 0.114 0.077 0.012 0.078 0.058 0.068 
 202   (0.011) 0.000 0.001 0.001 0.012 0.001 0.012 0.003 0.002 

Locus 47 : 47 
9 alleles
1.1% missing data
 144   (0.080) 0.228 0.139 0.130 0.071 0.013 0.070 0.029 0.047 
 158   (0.171) 0.112 0.337 0.085 0.181 0.026 0.182 0.191 0.075 
 168   (0.143) 0.221 0.078 0.110 0.139 0.190 0.135 0.079 0.048 
 166   (0.137) 0.315 0.159 0.381 0.124 0.067 0.118 0.042 0.227 
 142   (0.356) 0.119 0.253 0.286 0.372 0.053 0.383 0.627 0.536 
 170   (0.012) 0.002 0.001 0.001 0.011 0.002 0.011 0.003 0.002 
 162   (0.031) 0.001 0.003 0.002 0.029 0.116 0.030 0.008 0.031 
 164   (0.044) 0.001 0.018 0.003 0.050 0.006 0.049 0.014 0.027 
 156   (0.025) 0.001 0.013 0.002 0.022 0.527 0.021 0.007 0.007 

Locus 48 : 48 
7 alleles
6.1% missing data
 149   (0.360) 0.228 0.198 0.336 0.365 0.333 0.363 0.328 0.382 
 151   (0.181) 0.193 0.521 0.012 0.176 0.073 0.173 0.368 0.142 
 153   (0.215) 0.346 0.153 0.029 0.223 0.029 0.230 0.221 0.355 
 147   (0.032) 0.033 0.027 0.002 0.027 0.054 0.026 0.011 0.005 
 145   (0.188) 0.197 0.099 0.620 0.187 0.508 0.186 0.066 0.113 
 152   (0.009) 0.003 0.001 0.001 0.006 0.001 0.006 0.004 0.001 
 143   (0.015) 0.000 0.001 0.001 0.016 0.002 0.016 0.004 0.002 

Values of parameters used in structure:
DATAFILE=temp2_np.str,	OUTFILE=k8/temp2_np_k8_run4,	NUMINDS=361,	NUMLOCI=48,	MISSING=-9,	LABEL=1,	POPDATA=1,	POPFLAG=0,	PHENOTYPE=0,	EXTRACOLS=0,	MAXPOPS=8,	BURNIN=500000,	NUMREPS=750000,	USEPOPINFO=0,	INFERALPHA=1,	INFERLAMBDA=0,	POPSPECIFICLAMBDA=0,	POPALPHAS=0,	COMPUTEPROB=1,	NOADMIX=0,	ADMBURNIN=500,	UPDATEFREQ=100,	PRINTLIKES=0,	INTERMEDSAVE=0,	PRINTKLD=0,	PRINTNET=1,	PRINTLAMBDA=1,	ANCESTDIST=0,	NUMBOXES=1000,	ANCESTPINT=0.90000,	GENSBACK=2,	MIGRPRIOR=0.01000,	PRINTQHAT=0,	PRINTQSUM=1,	ALPHA=1.0000,	FREQSCORR=1,	FPRIORMEAN=0.0100,	FPRIORSD=0.0500,	ONEFST=0,	LAMBDA=1.0000,	UNIFPRIORALPHA=1,	ALPHAMAX=10.0000,	ALPHAPRIORA=1.0000,	ALPHAPRIORB=2.0000,	ALPHAPROPSD=0.0250,	STARTATPOPINFO=0,	RANDOMIZE=0,	LINKAGE=0,	METROFREQ=10,	REPORTHITRATE=0,	MARKOVPHASE=0,	PHASED=1,	PLOIDY=2,	PHASEINFO=0	LOCPRIOR=0, 	LOCPRIORINIT=1.000000, 	LOCDATA=0, 	LOCISPOP=1, 	LOCPRIORSTEP=0.100000, 	MAXLOCPRIOR=20.000000, 	SEED=566250,	
[STRAT parameters]:    NUMSIMSTATS=1000,	PHENOTYPECOL=-9,	POOLFREQ=10,	LOCUSxONLY=0,	EMERROR=0.00100,	MISSINGPHENO=-9,	