

----------------------------------------------------
STRUCTURE by Pritchard, Stephens and Donnelly (2000)
     and Falush, Stephens and Pritchard (2003)
       Code by Pritchard, Falush and Hubisz
             Version 2.3.4 (Jul 2012)
----------------------------------------------------



Command line arguments:   structure -D 938428 -K 12 -m mainparams -o k12/temp2_np_k12_run1 
Input File:    temp2_np.str

Run parameters:
   361 individuals
   48 loci
   12 populations assumed
   500000 Burn-in period
   750000 Reps
RANDOMIZE turned off


--------------------------------------------
Proportion of membership of each pre-defined
 population in each of the 12 clusters

Given    Inferred Clusters                                                                      Number of
 Pop       1      2      3      4      5      6      7      8      9     10     11     12      Individuals

  1:     0.008  0.012  0.115  0.012  0.007  0.011  0.011  0.004  0.010  0.010  0.791  0.009       63
  2:     0.011  0.014  0.013  0.012  0.008  0.008  0.012  0.006  0.009  0.014  0.884  0.008       20
  3:     0.019  0.022  0.266  0.023  0.007  0.017  0.022  0.004  0.011  0.011  0.589  0.009       19
  4:     0.009  0.007  0.762  0.007  0.005  0.006  0.007  0.004  0.011  0.008  0.170  0.005       31
  5:     0.007  0.008  0.059  0.008  0.004  0.014  0.008  0.004  0.013  0.006  0.855  0.013       20
  6:     0.055  0.089  0.196  0.078  0.015  0.037  0.075  0.011  0.012  0.014  0.407  0.012        8
  7:     0.012  0.009  0.220  0.009  0.004  0.011  0.009  0.005  0.347  0.030  0.331  0.013       17
  8:     0.005  0.005  0.004  0.005  0.952  0.004  0.005  0.003  0.003  0.004  0.005  0.004       29
  9:     0.002  0.005  0.002  0.004  0.003  0.003  0.004  0.962  0.003  0.004  0.003  0.003        8
 10:     0.024  0.231  0.014  0.247  0.021  0.125  0.255  0.008  0.008  0.032  0.011  0.023       21
 11:     0.073  0.173  0.010  0.176  0.011  0.186  0.173  0.008  0.012  0.038  0.010  0.129       30
 12:     0.141  0.048  0.024  0.046  0.013  0.124  0.041  0.004  0.007  0.222  0.015  0.314       25
 13:     0.095  0.058  0.019  0.058  0.008  0.178  0.050  0.006  0.009  0.266  0.016  0.236       32
 14:     0.013  0.248  0.011  0.262  0.028  0.086  0.254  0.014  0.007  0.024  0.021  0.033       34
 15:     0.009  0.283  0.010  0.203  0.007  0.091  0.330  0.003  0.031  0.008  0.017  0.008        4
--------------------------------------------

Allele-freq. divergence among pops (Net nucleotide distance),
computed using point estimates of P.

      1       2       3       4       5       6       7       8       9      10      11      12      
 1      -    0.0229  0.0522  0.0229  0.0848  0.0245  0.0234  0.1315  0.1262  0.0371  0.0512  0.0437  
 2   0.0229     -    0.0299  0.0001  0.0534  0.0084  0.0000  0.0957  0.0966  0.0212  0.0277  0.0209  
 3   0.0522  0.0299     -    0.0302  0.0868  0.0429  0.0304  0.1301  0.1117  0.0511  0.0220  0.0530  
 4   0.0229  0.0001  0.0302     -    0.0538  0.0077  0.0001  0.0959  0.0983  0.0210  0.0281  0.0209  
 5   0.0848  0.0534  0.0868  0.0538     -    0.0652  0.0539  0.1318  0.1574  0.0765  0.0782  0.0769  
 6   0.0245  0.0084  0.0429  0.0077  0.0652     -    0.0088  0.1133  0.1129  0.0210  0.0375  0.0205  
 7   0.0234  0.0000  0.0304  0.0001  0.0539  0.0088     -    0.0964  0.0975  0.0221  0.0282  0.0218  
 8   0.1315  0.0957  0.1301  0.0959  0.1318  0.1133  0.0964     -    0.1964  0.1270  0.1389  0.1253  
 9   0.1262  0.0966  0.1117  0.0983  0.1574  0.1129  0.0975  0.1964     -    0.1264  0.1019  0.1229  
10   0.0371  0.0212  0.0511  0.0210  0.0765  0.0210  0.0221  0.1270  0.1264     -    0.0504  0.0262  
11   0.0512  0.0277  0.0220  0.0281  0.0782  0.0375  0.0282  0.1389  0.1019  0.0504     -    0.0450  
12   0.0437  0.0209  0.0530  0.0209  0.0769  0.0205  0.0218  0.1253  0.1229  0.0262  0.0450     -    

Average distances (expected heterozygosity) between individuals in same cluster:
cluster  1  : 0.5830 
cluster  2  : 0.6432 
cluster  3  : 0.5537 
cluster  4  : 0.6426 
cluster  5  : 0.5479 
cluster  6  : 0.6065 
cluster  7  : 0.6421 
cluster  8  : 0.5381 
cluster  9  : 0.4359 
cluster 10  : 0.5748 
cluster 11  : 0.5411 
cluster 12  : 0.5567 

--------------------------------------------
Estimated Ln Prob of Data   = -39711.8
Mean value of ln likelihood = -37370.7
Variance of ln likelihood   = 4682.1
Mean value of alpha         = 0.0342

Mean value of Fst_1         = 0.1375
Mean value of Fst_2         = 0.0136
Mean value of Fst_3         = 0.1465
Mean value of Fst_4         = 0.0168
Mean value of Fst_5         = 0.2086
Mean value of Fst_6         = 0.0703
Mean value of Fst_7         = 0.0180
Mean value of Fst_8         = 0.2975
Mean value of Fst_9         = 0.3996
Mean value of Fst_10         = 0.1129
Mean value of Fst_11         = 0.1212
Mean value of Fst_12         = 0.1179


Inferred ancestry of individuals:
        Label (%Miss) Pop:  Inferred clusters
  1     2055    (0)    1 :  0.003 0.005 0.637 0.006 0.002 0.008 0.005 0.003 0.004 0.014 0.302 0.010 
  2     2056    (0)    1 :  0.007 0.009 0.776 0.009 0.008 0.009 0.009 0.004 0.006 0.005 0.152 0.007 
  3     2057    (0)    1 :  0.033 0.018 0.060 0.018 0.003 0.012 0.016 0.003 0.008 0.007 0.812 0.010 
  4     2058    (0)    1 :  0.003 0.003 0.010 0.003 0.005 0.002 0.003 0.001 0.006 0.003 0.958 0.003 
  5     2059    (0)    1 :  0.008 0.005 0.023 0.006 0.003 0.005 0.005 0.002 0.004 0.003 0.931 0.006 
  6     2060    (0)    1 :  0.007 0.005 0.019 0.006 0.002 0.004 0.005 0.007 0.005 0.003 0.934 0.004 
  7     2061    (0)    1 :  0.006 0.011 0.004 0.011 0.005 0.008 0.011 0.019 0.005 0.006 0.908 0.005 
  8     2062    (0)    1 :  0.011 0.009 0.011 0.009 0.004 0.010 0.009 0.002 0.012 0.005 0.882 0.036 
  9     2063    (0)    1 :  0.006 0.005 0.037 0.005 0.002 0.004 0.005 0.003 0.005 0.005 0.918 0.005 
 10     2064    (0)    1 :  0.004 0.004 0.010 0.004 0.002 0.003 0.004 0.004 0.003 0.002 0.958 0.003 
 11     2065    (0)    1 :  0.002 0.002 0.023 0.003 0.002 0.002 0.002 0.002 0.013 0.002 0.945 0.002 
 12     2066    (0)    1 :  0.005 0.004 0.039 0.004 0.002 0.005 0.004 0.002 0.002 0.004 0.924 0.004 
 13     2067    (0)    1 :  0.005 0.010 0.053 0.010 0.009 0.012 0.010 0.004 0.003 0.007 0.872 0.005 
 14     2068    (0)    1 :  0.019 0.050 0.061 0.051 0.021 0.027 0.054 0.005 0.016 0.010 0.659 0.026 
 15     2069    (0)    1 :  0.003 0.004 0.010 0.003 0.002 0.003 0.004 0.002 0.006 0.003 0.959 0.003 
 16     2070    (0)    1 :  0.008 0.107 0.353 0.107 0.002 0.060 0.075 0.001 0.003 0.041 0.220 0.022 
 17     2071    (0)    1 :  0.007 0.010 0.016 0.009 0.008 0.007 0.009 0.011 0.006 0.006 0.907 0.004 
 18     2072    (0)    1 :  0.002 0.007 0.048 0.008 0.004 0.004 0.008 0.012 0.002 0.003 0.899 0.002 
 19     2073    (0)    1 :  0.011 0.023 0.006 0.020 0.008 0.017 0.023 0.008 0.044 0.006 0.823 0.011 
 20     2074    (0)    1 :  0.002 0.004 0.101 0.004 0.003 0.003 0.004 0.004 0.003 0.002 0.866 0.003 
 21     2075    (0)    1 :  0.002 0.007 0.526 0.007 0.017 0.006 0.007 0.003 0.011 0.006 0.404 0.004 
 22     2076    (0)    1 :  0.003 0.002 0.007 0.003 0.002 0.002 0.002 0.001 0.003 0.002 0.970 0.003 
 23     2077    (0)    1 :  0.017 0.013 0.017 0.013 0.008 0.018 0.012 0.007 0.016 0.016 0.852 0.009 
 24     2078    (0)    1 :  0.003 0.006 0.037 0.006 0.003 0.008 0.005 0.005 0.006 0.006 0.905 0.010 
 25     2079    (0)    1 :  0.012 0.010 0.008 0.010 0.033 0.021 0.010 0.001 0.005 0.006 0.872 0.013 
 26     2080    (0)    1 :  0.005 0.021 0.003 0.020 0.018 0.010 0.023 0.003 0.006 0.004 0.885 0.003 
 27     2081    (0)    1 :  0.004 0.005 0.010 0.005 0.003 0.005 0.005 0.002 0.004 0.004 0.950 0.004 
 28     2082    (0)    1 :  0.009 0.026 0.503 0.029 0.013 0.012 0.028 0.003 0.017 0.010 0.341 0.011 
 29     2083    (0)    1 :  0.008 0.013 0.142 0.013 0.002 0.008 0.013 0.003 0.003 0.007 0.785 0.005 
 30     2084    (0)    1 :  0.006 0.010 0.020 0.010 0.008 0.008 0.010 0.003 0.003 0.010 0.901 0.012 
 31     2085    (0)    1 :  0.006 0.012 0.400 0.012 0.003 0.013 0.011 0.002 0.010 0.029 0.495 0.009 
 32     2086    (0)    1 :  0.009 0.013 0.009 0.012 0.003 0.009 0.013 0.003 0.002 0.013 0.908 0.006 
 33     2087    (0)    1 :  0.003 0.006 0.006 0.006 0.044 0.006 0.006 0.005 0.018 0.004 0.891 0.005 
 34     2088    (0)    1 :  0.020 0.021 0.042 0.020 0.012 0.042 0.019 0.003 0.003 0.056 0.746 0.015 
 35     2089    (0)    1 :  0.002 0.002 0.014 0.002 0.002 0.002 0.002 0.001 0.002 0.002 0.964 0.003 
 36     2090    (0)    1 :  0.006 0.007 0.015 0.007 0.039 0.007 0.007 0.006 0.005 0.006 0.893 0.003 
 37     2091    (0)    1 :  0.008 0.005 0.036 0.005 0.003 0.005 0.004 0.001 0.003 0.008 0.917 0.005 
 38     2092    (0)    1 :  0.003 0.007 0.084 0.007 0.032 0.005 0.007 0.002 0.008 0.005 0.833 0.007 
 39     2093    (0)    1 :  0.002 0.003 0.015 0.003 0.002 0.003 0.003 0.001 0.006 0.003 0.955 0.003 
 40     2094    (0)    1 :  0.003 0.003 0.649 0.003 0.001 0.003 0.003 0.002 0.002 0.003 0.323 0.005 
 41     2095    (0)    1 :  0.005 0.006 0.005 0.006 0.033 0.007 0.006 0.005 0.003 0.005 0.916 0.004 
 42     2096    (0)    1 :  0.005 0.003 0.259 0.003 0.003 0.004 0.003 0.001 0.038 0.010 0.668 0.003 
 43     2097    (0)    1 :  0.009 0.004 0.009 0.004 0.002 0.004 0.004 0.002 0.004 0.003 0.953 0.005 
 44     2098    (0)    1 :  0.012 0.027 0.018 0.028 0.011 0.028 0.025 0.003 0.086 0.036 0.717 0.008 
 45     2099    (0)    1 :  0.038 0.058 0.305 0.052 0.004 0.022 0.053 0.007 0.012 0.061 0.378 0.010 
 46     2100    (0)    1 :  0.074 0.014 0.023 0.016 0.003 0.009 0.017 0.002 0.008 0.008 0.815 0.011 
 47     2101    (0)    1 :  0.008 0.006 0.022 0.006 0.006 0.007 0.006 0.003 0.007 0.011 0.911 0.008 
 48     2102    (2)    1 :  0.003 0.005 0.146 0.005 0.002 0.004 0.005 0.002 0.003 0.004 0.817 0.006 
 49     2103    (0)    1 :  0.009 0.008 0.432 0.009 0.005 0.016 0.008 0.002 0.008 0.015 0.482 0.008 
 50     2104    (0)    1 :  0.007 0.011 0.005 0.011 0.002 0.039 0.010 0.001 0.013 0.031 0.834 0.037 
 51     2105    (0)    1 :  0.004 0.007 0.025 0.008 0.004 0.030 0.007 0.006 0.005 0.017 0.863 0.025 
 52     2106    (0)    1 :  0.008 0.015 0.090 0.014 0.002 0.010 0.015 0.002 0.003 0.007 0.827 0.006 
 53     2107    (0)    1 :  0.004 0.010 0.036 0.010 0.004 0.012 0.010 0.003 0.073 0.018 0.794 0.026 
 54     2108    (0)    1 :  0.003 0.012 0.009 0.012 0.005 0.008 0.012 0.004 0.004 0.007 0.914 0.011 
 55     2109    (0)    1 :  0.006 0.011 0.680 0.010 0.002 0.009 0.010 0.004 0.005 0.016 0.242 0.006 
 56     2110    (0)    1 :  0.004 0.010 0.011 0.011 0.005 0.012 0.011 0.004 0.018 0.018 0.849 0.046 
 57     2111    (0)    1 :  0.006 0.004 0.005 0.004 0.003 0.005 0.004 0.001 0.003 0.007 0.945 0.014 
 58     2112    (0)    1 :  0.008 0.005 0.105 0.004 0.004 0.005 0.005 0.004 0.005 0.004 0.849 0.003 
 59     2583    (2)    1 :  0.005 0.005 0.072 0.005 0.008 0.006 0.005 0.007 0.004 0.005 0.876 0.004 
 60     2584    (4)    1 :  0.012 0.013 0.012 0.012 0.004 0.009 0.013 0.004 0.008 0.003 0.907 0.003 
 61     2587    (2)    1 :  0.006 0.005 0.019 0.005 0.003 0.016 0.005 0.001 0.002 0.014 0.917 0.007 
 62     2590    (2)    1 :  0.004 0.005 0.019 0.005 0.002 0.004 0.005 0.014 0.006 0.004 0.927 0.005 
 63     2591    (6)    1 :  0.011 0.008 0.096 0.008 0.011 0.011 0.008 0.001 0.006 0.006 0.816 0.017 
 64      315    (0)   10 :  0.019 0.265 0.005 0.208 0.053 0.044 0.188 0.010 0.002 0.013 0.011 0.182 
 65      565    (0)   10 :  0.005 0.310 0.009 0.324 0.026 0.051 0.252 0.003 0.003 0.008 0.007 0.003 
 66      566    (2)   10 :  0.034 0.055 0.013 0.081 0.015 0.386 0.055 0.003 0.012 0.329 0.007 0.010 
 67      567    (2)   10 :  0.022 0.280 0.008 0.219 0.004 0.086 0.340 0.002 0.005 0.004 0.024 0.005 
 68      877    (0)   10 :  0.009 0.231 0.014 0.300 0.003 0.075 0.298 0.002 0.045 0.010 0.007 0.006 
 69      878    (0)   10 :  0.054 0.245 0.004 0.272 0.007 0.072 0.312 0.012 0.005 0.008 0.004 0.003 
 70      879    (0)   10 :  0.067 0.282 0.010 0.263 0.005 0.059 0.276 0.008 0.005 0.008 0.005 0.012 
 71      880    (0)   10 :  0.011 0.283 0.006 0.230 0.005 0.090 0.347 0.002 0.009 0.005 0.005 0.007 
 72      881    (0)   10 :  0.006 0.296 0.004 0.297 0.009 0.064 0.274 0.007 0.004 0.028 0.005 0.006 
 73      882    (0)   10 :  0.026 0.240 0.007 0.302 0.011 0.064 0.304 0.028 0.004 0.006 0.005 0.004 
 74      883    (0)   10 :  0.020 0.271 0.009 0.304 0.004 0.064 0.286 0.008 0.003 0.009 0.007 0.014 
 75      884    (0)   10 :  0.017 0.159 0.025 0.195 0.003 0.270 0.197 0.002 0.005 0.050 0.022 0.054 
 76      885    (0)   10 :  0.012 0.217 0.018 0.285 0.004 0.082 0.283 0.007 0.003 0.071 0.005 0.014 
 77      886    (0)   10 :  0.004 0.221 0.005 0.275 0.132 0.071 0.246 0.012 0.003 0.009 0.009 0.012 
 78      887    (0)   10 :  0.067 0.034 0.023 0.063 0.004 0.611 0.029 0.018 0.002 0.043 0.011 0.095 
 79      888    (0)   10 :  0.003 0.215 0.112 0.282 0.008 0.054 0.284 0.005 0.004 0.004 0.024 0.005 
 80      889    (0)   10 :  0.067 0.254 0.004 0.271 0.005 0.090 0.250 0.011 0.004 0.016 0.006 0.022 
 81      890    (0)   10 :  0.010 0.287 0.003 0.234 0.017 0.078 0.310 0.005 0.031 0.010 0.005 0.010 
 82      891    (0)   10 :  0.009 0.240 0.008 0.261 0.006 0.089 0.349 0.003 0.017 0.004 0.011 0.005 
 83      892    (0)   10 :  0.039 0.250 0.008 0.301 0.005 0.075 0.288 0.007 0.003 0.007 0.009 0.006 
 84      893    (0)   10 :  0.004 0.217 0.006 0.223 0.119 0.150 0.191 0.003 0.003 0.026 0.042 0.016 
 85      341    (0)   11 :  0.045 0.254 0.004 0.323 0.011 0.056 0.264 0.004 0.024 0.008 0.004 0.003 
 86      343    (0)   11 :  0.005 0.296 0.003 0.263 0.010 0.073 0.220 0.005 0.015 0.005 0.008 0.096 
 87      914    (0)   11 :  0.005 0.006 0.005 0.006 0.004 0.006 0.006 0.002 0.067 0.015 0.007 0.870 
 88      916    (0)   11 :  0.004 0.242 0.038 0.302 0.004 0.060 0.295 0.003 0.005 0.024 0.018 0.005 
 89      924    (0)   11 :  0.007 0.153 0.005 0.124 0.016 0.286 0.136 0.002 0.003 0.036 0.004 0.227 
 90      938    (0)   11 :  0.901 0.008 0.009 0.008 0.002 0.012 0.007 0.004 0.011 0.008 0.008 0.021 
 91      939    (0)   11 :  0.169 0.007 0.004 0.042 0.007 0.715 0.006 0.001 0.002 0.007 0.008 0.032 
 92      940    (0)   11 :  0.081 0.088 0.006 0.101 0.003 0.068 0.083 0.004 0.002 0.026 0.003 0.534 
 93      941    (2)   11 :  0.266 0.006 0.004 0.039 0.012 0.639 0.006 0.007 0.002 0.013 0.003 0.004 
 94      942    (0)   11 :  0.007 0.344 0.006 0.249 0.014 0.060 0.286 0.004 0.003 0.008 0.005 0.014 
 95      943    (0)   11 :  0.004 0.237 0.027 0.245 0.003 0.054 0.211 0.002 0.003 0.180 0.012 0.023 
 96      944    (0)   11 :  0.004 0.019 0.013 0.058 0.003 0.675 0.017 0.004 0.017 0.007 0.016 0.166 
 97      945    (0)   11 :  0.026 0.005 0.004 0.006 0.002 0.008 0.006 0.002 0.001 0.010 0.003 0.927 
 98      946    (0)   11 :  0.010 0.210 0.007 0.160 0.004 0.216 0.193 0.095 0.004 0.007 0.008 0.086 
 99      947    (0)   11 :  0.005 0.224 0.005 0.243 0.044 0.058 0.264 0.002 0.061 0.077 0.004 0.014 
100      951    (0)   11 :  0.012 0.270 0.007 0.314 0.012 0.057 0.290 0.004 0.005 0.014 0.003 0.011 
101      952    (0)   11 :  0.014 0.285 0.005 0.259 0.081 0.077 0.200 0.011 0.008 0.018 0.006 0.036 
102      953    (0)   11 :  0.245 0.020 0.032 0.049 0.010 0.577 0.019 0.004 0.003 0.021 0.013 0.007 
103      954    (0)   11 :  0.012 0.105 0.003 0.094 0.007 0.563 0.099 0.009 0.004 0.007 0.008 0.090 
104      955    (0)   11 :  0.021 0.250 0.003 0.234 0.016 0.075 0.284 0.012 0.007 0.007 0.004 0.086 
105      961    (4)   11 :  0.026 0.236 0.012 0.262 0.004 0.083 0.325 0.003 0.004 0.007 0.022 0.017 
106      974    (0)   11 :  0.027 0.131 0.003 0.129 0.021 0.486 0.150 0.014 0.007 0.011 0.005 0.017 
107      975    (4)   11 :  0.009 0.269 0.028 0.278 0.002 0.088 0.255 0.003 0.008 0.023 0.012 0.025 
108      980    (0)   11 :  0.020 0.222 0.011 0.253 0.016 0.069 0.260 0.002 0.007 0.070 0.007 0.063 
109      981    (0)   11 :  0.172 0.250 0.008 0.230 0.004 0.051 0.237 0.004 0.019 0.013 0.008 0.005 
110      982    (0)   11 :  0.004 0.096 0.013 0.120 0.002 0.105 0.092 0.002 0.034 0.475 0.023 0.034 
111      984    (0)   11 :  0.044 0.260 0.012 0.244 0.004 0.166 0.198 0.013 0.003 0.005 0.035 0.015 
112      985    (0)   11 :  0.009 0.243 0.005 0.312 0.009 0.072 0.307 0.004 0.003 0.020 0.010 0.007 
113     2578    (4)   11 :  0.016 0.167 0.006 0.131 0.002 0.048 0.158 0.013 0.014 0.009 0.007 0.430 
114     2580    (2)   11 :  0.016 0.281 0.021 0.203 0.004 0.087 0.319 0.007 0.017 0.004 0.024 0.017 
115      328    (0)   12 :  0.008 0.118 0.399 0.131 0.013 0.032 0.121 0.011 0.003 0.061 0.044 0.059 
116      333    (0)   12 :  0.017 0.019 0.005 0.023 0.005 0.135 0.018 0.001 0.002 0.056 0.005 0.711 
117      918    (0)   12 :  0.005 0.014 0.003 0.013 0.097 0.019 0.013 0.008 0.031 0.022 0.006 0.769 
118      919    (0)   12 :  0.006 0.018 0.006 0.017 0.005 0.056 0.018 0.003 0.015 0.030 0.009 0.816 
119      920    (0)   12 :  0.004 0.006 0.005 0.006 0.002 0.005 0.005 0.002 0.005 0.905 0.004 0.050 
120      921    (0)   12 :  0.954 0.005 0.006 0.005 0.002 0.005 0.005 0.002 0.002 0.005 0.006 0.004 
121      922    (0)   12 :  0.009 0.011 0.025 0.022 0.004 0.269 0.009 0.001 0.007 0.580 0.026 0.037 
122      926    (0)   12 :  0.012 0.006 0.003 0.008 0.002 0.023 0.006 0.002 0.003 0.838 0.003 0.093 
123      927    (0)   12 :  0.019 0.008 0.004 0.041 0.003 0.649 0.006 0.002 0.008 0.035 0.006 0.221 
124      928    (0)   12 :  0.018 0.045 0.013 0.066 0.004 0.574 0.033 0.002 0.026 0.028 0.043 0.147 
125      929    (0)   12 :  0.070 0.111 0.026 0.088 0.002 0.209 0.091 0.010 0.013 0.147 0.043 0.192 
126      930    (0)   12 :  0.143 0.140 0.018 0.145 0.004 0.086 0.129 0.010 0.005 0.133 0.015 0.174 
127      932    (0)   12 :  0.943 0.006 0.006 0.005 0.005 0.007 0.005 0.002 0.002 0.007 0.004 0.008 
128      933    (0)   12 :  0.010 0.018 0.006 0.015 0.124 0.010 0.014 0.004 0.003 0.697 0.012 0.087 
129      949    (0)   12 :  0.970 0.003 0.003 0.003 0.003 0.004 0.003 0.002 0.002 0.002 0.003 0.003 
130      950    (0)   12 :  0.218 0.104 0.004 0.091 0.018 0.139 0.106 0.004 0.005 0.132 0.006 0.173 
131      964    (4)   12 :  0.022 0.051 0.007 0.068 0.002 0.413 0.034 0.015 0.005 0.053 0.014 0.316 
132      986    (0)   12 :  0.048 0.063 0.014 0.046 0.006 0.034 0.052 0.002 0.008 0.078 0.022 0.627 
133      987    (0)   12 :  0.007 0.134 0.024 0.123 0.007 0.291 0.116 0.002 0.008 0.044 0.031 0.213 
134     1001    (4)   12 :  0.006 0.005 0.005 0.006 0.002 0.012 0.005 0.002 0.003 0.006 0.009 0.939 
135     1002    (4)   12 :  0.002 0.004 0.003 0.004 0.004 0.004 0.004 0.004 0.008 0.004 0.005 0.953 
136     1003    (2)   12 :  0.022 0.282 0.010 0.197 0.003 0.049 0.206 0.006 0.009 0.028 0.026 0.162 
137     1004    (0)   12 :  0.003 0.007 0.003 0.007 0.005 0.011 0.007 0.004 0.002 0.938 0.003 0.010 
138     1005    (0)   12 :  0.007 0.016 0.005 0.015 0.007 0.044 0.015 0.003 0.007 0.708 0.023 0.150 
139     1010    (0)   12 :  0.003 0.004 0.005 0.004 0.006 0.011 0.004 0.001 0.003 0.010 0.005 0.944 
140      321    (0)   13 :  0.017 0.026 0.004 0.056 0.003 0.735 0.018 0.002 0.002 0.005 0.012 0.119 
141      338    (0)   13 :  0.004 0.003 0.002 0.003 0.001 0.003 0.003 0.001 0.004 0.003 0.003 0.969 
142      339    (0)   13 :  0.018 0.019 0.010 0.024 0.009 0.090 0.017 0.004 0.065 0.057 0.013 0.674 
143      363    (0)   13 :  0.854 0.022 0.003 0.021 0.008 0.021 0.024 0.013 0.006 0.016 0.004 0.009 
144      915    (0)   13 :  0.006 0.015 0.008 0.016 0.003 0.050 0.013 0.004 0.004 0.607 0.021 0.251 
145      917    (0)   13 :  0.092 0.028 0.003 0.030 0.004 0.062 0.027 0.001 0.004 0.720 0.006 0.023 
146      923    (0)   13 :  0.032 0.264 0.005 0.216 0.010 0.061 0.200 0.008 0.007 0.048 0.011 0.137 
147      925    (0)   13 :  0.003 0.003 0.004 0.003 0.003 0.003 0.002 0.002 0.003 0.968 0.003 0.004 
148      931    (0)   13 :  0.028 0.213 0.006 0.149 0.006 0.125 0.204 0.003 0.002 0.203 0.005 0.056 
149      935    (0)   13 :  0.011 0.009 0.005 0.010 0.004 0.009 0.009 0.003 0.002 0.006 0.006 0.926 
150      936    (0)   13 :  0.015 0.022 0.003 0.034 0.012 0.256 0.022 0.004 0.003 0.412 0.003 0.213 
151      937    (0)   13 :  0.007 0.007 0.005 0.035 0.002 0.515 0.008 0.001 0.002 0.407 0.003 0.010 
152      948    (0)   13 :  0.061 0.146 0.007 0.158 0.016 0.049 0.153 0.004 0.002 0.261 0.010 0.135 
153      956    (0)   13 :  0.005 0.012 0.022 0.015 0.003 0.038 0.011 0.001 0.002 0.863 0.012 0.015 
154      957    (0)   13 :  0.028 0.013 0.003 0.048 0.003 0.710 0.014 0.003 0.004 0.069 0.003 0.103 
155      967    (0)   13 :  0.009 0.016 0.003 0.049 0.004 0.663 0.015 0.003 0.004 0.027 0.004 0.203 
156      968    (2)   13 :  0.010 0.019 0.019 0.018 0.006 0.010 0.020 0.003 0.007 0.877 0.007 0.005 
157      969    (2)   13 :  0.026 0.073 0.007 0.058 0.010 0.030 0.057 0.003 0.011 0.574 0.010 0.142 
158      970    (2)   13 :  0.087 0.117 0.006 0.114 0.006 0.434 0.114 0.043 0.011 0.046 0.004 0.018 
159      971    (4)   13 :  0.583 0.011 0.006 0.012 0.003 0.037 0.011 0.002 0.018 0.124 0.013 0.179 
160      972    (0)   13 :  0.004 0.008 0.004 0.007 0.003 0.010 0.007 0.007 0.001 0.007 0.003 0.938 
161      973    (0)   13 :  0.007 0.330 0.008 0.258 0.014 0.065 0.235 0.004 0.009 0.013 0.005 0.052 
162      978    (0)   13 :  0.003 0.004 0.006 0.004 0.033 0.004 0.004 0.002 0.002 0.932 0.003 0.005 
163      979    (0)   13 :  0.091 0.096 0.275 0.110 0.003 0.069 0.101 0.004 0.013 0.019 0.171 0.047 
164      988    (6)   13 :  0.921 0.006 0.005 0.006 0.003 0.005 0.006 0.002 0.002 0.033 0.006 0.005 
165      989    (0)   13 :  0.063 0.131 0.015 0.124 0.005 0.287 0.106 0.004 0.011 0.099 0.015 0.139 
166      990    (0)   13 :  0.007 0.090 0.004 0.105 0.017 0.620 0.083 0.007 0.005 0.024 0.011 0.027 
167      991    (0)   13 :  0.033 0.009 0.006 0.030 0.007 0.443 0.009 0.002 0.003 0.020 0.003 0.437 
168      992    (0)   13 :  0.011 0.030 0.016 0.028 0.004 0.025 0.028 0.039 0.016 0.698 0.008 0.097 
169     1006    (2)   13 :  0.007 0.008 0.032 0.007 0.009 0.008 0.007 0.002 0.039 0.046 0.010 0.826 
170     1017    (0)   13 :  0.005 0.084 0.090 0.079 0.014 0.245 0.061 0.003 0.004 0.301 0.097 0.017 
171     2582    (4)   13 :  0.004 0.021 0.016 0.019 0.026 0.025 0.020 0.016 0.011 0.030 0.044 0.769 
172      319    (2)   14 :  0.027 0.259 0.008 0.293 0.005 0.122 0.264 0.002 0.004 0.006 0.007 0.004 
173      335    (0)   14 :  0.006 0.312 0.004 0.285 0.012 0.082 0.257 0.010 0.011 0.006 0.008 0.008 
174      895    (0)   14 :  0.019 0.264 0.003 0.313 0.006 0.073 0.291 0.008 0.005 0.008 0.004 0.005 
175      896    (0)   14 :  0.022 0.333 0.027 0.295 0.003 0.049 0.233 0.008 0.002 0.007 0.008 0.014 
176      897    (0)   14 :  0.004 0.226 0.013 0.341 0.007 0.064 0.324 0.002 0.001 0.008 0.004 0.005 
177      898    (0)   14 :  0.008 0.192 0.006 0.263 0.005 0.172 0.285 0.002 0.004 0.044 0.006 0.013 
178      899    (0)   14 :  0.012 0.185 0.015 0.224 0.005 0.052 0.195 0.004 0.002 0.049 0.241 0.016 
179      900    (0)   14 :  0.013 0.263 0.019 0.279 0.043 0.061 0.261 0.015 0.007 0.012 0.008 0.020 
180      901    (0)   14 :  0.038 0.203 0.014 0.234 0.037 0.096 0.204 0.004 0.003 0.004 0.152 0.011 
181      902    (0)   14 :  0.022 0.335 0.006 0.265 0.003 0.101 0.228 0.013 0.002 0.008 0.007 0.010 
182      903    (0)   14 :  0.006 0.263 0.010 0.333 0.003 0.071 0.270 0.029 0.001 0.006 0.004 0.004 
183      904    (0)   14 :  0.014 0.263 0.014 0.267 0.002 0.075 0.335 0.007 0.005 0.004 0.009 0.005 
184      905    (0)   14 :  0.027 0.268 0.020 0.319 0.003 0.046 0.249 0.020 0.008 0.007 0.028 0.005 
185      906    (0)   14 :  0.008 0.262 0.005 0.338 0.006 0.060 0.293 0.005 0.003 0.012 0.003 0.005 
186      907    (0)   14 :  0.012 0.296 0.017 0.262 0.008 0.069 0.287 0.015 0.008 0.015 0.005 0.007 
187      908    (0)   14 :  0.005 0.264 0.010 0.314 0.007 0.062 0.286 0.003 0.005 0.020 0.015 0.010 
188      909    (0)   14 :  0.004 0.016 0.006 0.018 0.306 0.058 0.016 0.005 0.003 0.018 0.015 0.536 
189      910    (0)   14 :  0.003 0.294 0.006 0.229 0.049 0.080 0.310 0.003 0.003 0.007 0.005 0.012 
190      911    (0)   14 :  0.006 0.305 0.005 0.219 0.043 0.054 0.293 0.007 0.034 0.016 0.013 0.005 
191      912    (0)   14 :  0.007 0.313 0.005 0.241 0.003 0.058 0.328 0.006 0.011 0.016 0.005 0.009 
192      913    (0)   14 :  0.006 0.215 0.026 0.203 0.049 0.092 0.170 0.078 0.003 0.084 0.034 0.040 
193     2411    (0)   14 :  0.004 0.202 0.008 0.364 0.004 0.062 0.330 0.004 0.003 0.006 0.006 0.006 
194     2412    (0)   14 :  0.015 0.057 0.016 0.073 0.009 0.382 0.044 0.017 0.002 0.334 0.008 0.042 
195     2413    (0)   14 :  0.008 0.277 0.010 0.307 0.019 0.058 0.290 0.008 0.003 0.005 0.009 0.005 
196     2414    (0)   14 :  0.006 0.356 0.004 0.288 0.002 0.055 0.238 0.004 0.010 0.009 0.007 0.021 
197     2415    (2)   14 :  0.017 0.247 0.021 0.270 0.017 0.070 0.274 0.003 0.003 0.015 0.015 0.047 
198     2417    (4)   14 :  0.005 0.207 0.017 0.254 0.007 0.188 0.223 0.005 0.010 0.007 0.046 0.032 
199     2418    (4)   14 :  0.007 0.292 0.008 0.234 0.007 0.088 0.335 0.004 0.004 0.005 0.005 0.011 
200     2419    (2)   14 :  0.013 0.269 0.004 0.279 0.005 0.118 0.269 0.002 0.009 0.016 0.005 0.012 
201     2420    (0)   14 :  0.007 0.250 0.003 0.296 0.006 0.063 0.270 0.079 0.004 0.008 0.003 0.010 
202     2421    (0)   14 :  0.041 0.206 0.010 0.244 0.009 0.061 0.226 0.005 0.002 0.024 0.004 0.167 
203     2422    (2)   14 :  0.023 0.209 0.003 0.199 0.236 0.054 0.243 0.005 0.007 0.006 0.007 0.008 
204     2423    (0)   14 :  0.015 0.262 0.016 0.298 0.010 0.066 0.263 0.007 0.036 0.008 0.013 0.006 
205     2576    (0)   14 :  0.007 0.260 0.010 0.259 0.010 0.063 0.260 0.082 0.013 0.020 0.008 0.006 
206     1079    (0)   15 :  0.006 0.260 0.006 0.197 0.003 0.095 0.343 0.002 0.063 0.005 0.009 0.011 
207     1081    (0)   15 :  0.007 0.285 0.009 0.206 0.008 0.094 0.323 0.003 0.014 0.012 0.033 0.007 
208     1082    (2)   15 :  0.014 0.303 0.010 0.216 0.008 0.088 0.341 0.004 0.003 0.004 0.005 0.004 
209     1083    (0)   15 :  0.011 0.286 0.015 0.193 0.007 0.087 0.316 0.003 0.043 0.009 0.021 0.010 
210       34    (0)    2 :  0.025 0.008 0.016 0.009 0.002 0.006 0.008 0.003 0.013 0.008 0.898 0.004 
211       38    (0)    2 :  0.013 0.036 0.016 0.031 0.035 0.014 0.032 0.005 0.017 0.018 0.743 0.039 
212       41    (0)    2 :  0.003 0.003 0.004 0.003 0.002 0.003 0.003 0.001 0.003 0.004 0.967 0.003 
213       44    (0)    2 :  0.005 0.006 0.008 0.006 0.002 0.004 0.005 0.001 0.004 0.004 0.950 0.004 
214       45    (0)    2 :  0.002 0.003 0.014 0.003 0.002 0.005 0.003 0.003 0.014 0.006 0.941 0.005 
215       47    (0)    2 :  0.026 0.098 0.013 0.078 0.023 0.036 0.073 0.011 0.003 0.082 0.553 0.007 
216       50    (0)    2 :  0.014 0.031 0.051 0.029 0.003 0.011 0.032 0.010 0.008 0.014 0.796 0.002 
217      384    (0)    2 :  0.022 0.007 0.016 0.007 0.003 0.006 0.006 0.004 0.004 0.016 0.896 0.013 
218      385    (2)    2 :  0.006 0.016 0.014 0.014 0.008 0.008 0.015 0.009 0.006 0.010 0.889 0.006 
219      386    (0)    2 :  0.003 0.003 0.011 0.003 0.003 0.003 0.003 0.001 0.003 0.003 0.963 0.002 
220      387    (0)    2 :  0.004 0.007 0.008 0.006 0.007 0.006 0.007 0.002 0.008 0.010 0.932 0.003 
221      388    (0)    2 :  0.003 0.003 0.005 0.003 0.006 0.004 0.003 0.002 0.036 0.007 0.925 0.003 
222      389    (0)    2 :  0.003 0.003 0.003 0.003 0.004 0.007 0.003 0.002 0.006 0.006 0.955 0.005 
223      390    (4)    2 :  0.004 0.013 0.013 0.014 0.015 0.012 0.014 0.027 0.003 0.043 0.831 0.010 
224      391    (0)    2 :  0.008 0.007 0.008 0.007 0.007 0.007 0.006 0.003 0.012 0.020 0.882 0.032 
225      392    (0)    2 :  0.007 0.004 0.008 0.004 0.002 0.007 0.004 0.002 0.002 0.011 0.947 0.004 
226      393    (2)    2 :  0.004 0.003 0.005 0.003 0.010 0.004 0.003 0.002 0.004 0.007 0.951 0.004 
227      394    (0)    2 :  0.003 0.003 0.004 0.003 0.002 0.003 0.003 0.002 0.010 0.004 0.963 0.002 
228      395    (0)    2 :  0.014 0.014 0.007 0.016 0.009 0.008 0.016 0.012 0.004 0.008 0.883 0.009 
229      396    (0)    2 :  0.051 0.006 0.032 0.006 0.014 0.008 0.005 0.015 0.028 0.006 0.821 0.005 
230     2498    (2)    3 :  0.014 0.008 0.021 0.008 0.008 0.007 0.008 0.005 0.002 0.005 0.909 0.005 
231     2513    (2)    3 :  0.005 0.007 0.041 0.007 0.012 0.006 0.007 0.002 0.007 0.004 0.890 0.011 
232     2514    (2)    3 :  0.023 0.034 0.082 0.033 0.004 0.029 0.035 0.002 0.003 0.009 0.738 0.009 
233     2597    (4)    3 :  0.041 0.021 0.016 0.018 0.004 0.015 0.018 0.010 0.019 0.018 0.806 0.013 
234     2499    (4)    3 :  0.008 0.049 0.173 0.057 0.012 0.052 0.054 0.005 0.018 0.008 0.559 0.006 
235     2500    (0)    3 :  0.010 0.008 0.033 0.007 0.008 0.004 0.009 0.005 0.004 0.003 0.907 0.003 
236     2506    (2)    3 :  0.008 0.009 0.253 0.009 0.004 0.006 0.009 0.006 0.015 0.004 0.670 0.007 
237     2509    (6)    3 :  0.087 0.042 0.023 0.048 0.020 0.016 0.042 0.009 0.009 0.014 0.677 0.012 
238     2511    (2)    3 :  0.003 0.006 0.710 0.006 0.006 0.005 0.006 0.001 0.019 0.004 0.230 0.005 
239     2512    (2)    3 :  0.004 0.007 0.136 0.007 0.002 0.005 0.007 0.009 0.041 0.008 0.768 0.005 
240     2515    (2)    3 :  0.002 0.004 0.754 0.004 0.002 0.003 0.003 0.001 0.003 0.003 0.218 0.003 
241     2516    (2)    3 :  0.011 0.021 0.433 0.021 0.002 0.018 0.022 0.001 0.015 0.018 0.427 0.010 
242     2517    (2)    3 :  0.008 0.008 0.613 0.008 0.003 0.010 0.007 0.002 0.008 0.044 0.270 0.019 
243     2518    (2)    3 :  0.007 0.016 0.297 0.018 0.008 0.039 0.015 0.004 0.010 0.019 0.548 0.018 
244     2519    (0)    3 :  0.010 0.104 0.160 0.091 0.021 0.030 0.082 0.002 0.021 0.024 0.425 0.030 
245     2520    (2)    3 :  0.002 0.003 0.696 0.003 0.002 0.003 0.003 0.002 0.005 0.003 0.275 0.003 
246     2521    (2)    3 :  0.059 0.040 0.563 0.049 0.003 0.046 0.051 0.003 0.005 0.017 0.161 0.004 
247     2603    (4)    3 :  0.051 0.026 0.037 0.025 0.003 0.011 0.024 0.003 0.003 0.005 0.809 0.004 
248     2606    (2)    3 :  0.011 0.010 0.022 0.010 0.002 0.009 0.010 0.005 0.004 0.007 0.902 0.008 
249       87    (0)    4 :  0.005 0.009 0.913 0.008 0.006 0.005 0.008 0.005 0.009 0.015 0.006 0.009 
250       88    (0)    4 :  0.002 0.002 0.968 0.002 0.002 0.002 0.002 0.001 0.002 0.002 0.011 0.002 
251       90    (0)    4 :  0.003 0.003 0.646 0.003 0.002 0.003 0.003 0.001 0.009 0.004 0.320 0.003 
252       92    (0)    4 :  0.017 0.009 0.845 0.010 0.003 0.008 0.010 0.002 0.006 0.020 0.062 0.009 
253       96    (0)    4 :  0.059 0.010 0.337 0.011 0.018 0.011 0.011 0.002 0.011 0.006 0.513 0.010 
254       97    (0)    4 :  0.009 0.005 0.918 0.005 0.003 0.007 0.005 0.001 0.007 0.004 0.031 0.004 
255      105    (0)    4 :  0.004 0.005 0.944 0.004 0.006 0.004 0.005 0.002 0.007 0.005 0.010 0.003 
256      120    (0)    4 :  0.005 0.003 0.968 0.003 0.002 0.002 0.003 0.004 0.002 0.004 0.003 0.002 
257      123    (0)    4 :  0.003 0.004 0.567 0.004 0.004 0.006 0.004 0.001 0.003 0.004 0.396 0.005 
258      128    (0)    4 :  0.005 0.006 0.015 0.005 0.003 0.004 0.006 0.002 0.002 0.003 0.946 0.002 
259      129    (0)    4 :  0.005 0.007 0.172 0.008 0.004 0.012 0.007 0.002 0.003 0.016 0.755 0.010 
260      132    (0)    4 :  0.010 0.007 0.934 0.007 0.002 0.004 0.007 0.003 0.004 0.003 0.016 0.003 
261      504    (0)    4 :  0.006 0.005 0.771 0.006 0.003 0.007 0.005 0.001 0.003 0.008 0.174 0.011 
262      505    (0)    4 :  0.005 0.005 0.898 0.005 0.003 0.004 0.005 0.001 0.006 0.008 0.053 0.006 
263      506    (0)    4 :  0.036 0.016 0.259 0.016 0.003 0.010 0.016 0.003 0.009 0.005 0.621 0.005 
264      507    (0)    4 :  0.006 0.006 0.894 0.006 0.003 0.004 0.006 0.003 0.006 0.033 0.020 0.013 
265      508    (0)    4 :  0.014 0.012 0.877 0.012 0.003 0.011 0.012 0.032 0.004 0.007 0.008 0.007 
266      509    (0)    4 :  0.003 0.016 0.832 0.018 0.003 0.009 0.018 0.003 0.018 0.006 0.067 0.007 
267      510    (0)    4 :  0.004 0.008 0.932 0.007 0.003 0.007 0.007 0.003 0.002 0.017 0.005 0.005 
268      511    (0)    4 :  0.003 0.006 0.806 0.006 0.015 0.005 0.006 0.002 0.098 0.006 0.041 0.006 
269      512    (0)    4 :  0.003 0.004 0.874 0.004 0.004 0.005 0.004 0.002 0.004 0.005 0.087 0.005 
270      513    (0)    4 :  0.003 0.004 0.922 0.004 0.002 0.003 0.004 0.002 0.003 0.004 0.047 0.002 
271      514    (0)    4 :  0.013 0.008 0.672 0.009 0.013 0.006 0.009 0.002 0.008 0.004 0.252 0.004 
272      515    (0)    4 :  0.017 0.011 0.862 0.014 0.004 0.012 0.013 0.008 0.003 0.010 0.040 0.006 
273      558    (0)    4 :  0.005 0.006 0.883 0.006 0.003 0.012 0.005 0.004 0.028 0.006 0.032 0.010 
274      559    (0)    4 :  0.004 0.003 0.693 0.003 0.002 0.003 0.003 0.003 0.002 0.003 0.281 0.002 
275      560    (0)    4 :  0.004 0.004 0.702 0.004 0.009 0.003 0.004 0.009 0.012 0.003 0.242 0.004 
276      561    (0)    4 :  0.003 0.005 0.824 0.005 0.005 0.003 0.005 0.003 0.047 0.004 0.092 0.004 
277      562    (0)    4 :  0.025 0.009 0.894 0.008 0.002 0.008 0.009 0.002 0.006 0.009 0.025 0.004 
278      563    (0)    4 :  0.003 0.004 0.965 0.004 0.003 0.004 0.004 0.004 0.002 0.002 0.003 0.002 
279      564    (0)    4 :  0.009 0.006 0.836 0.006 0.003 0.006 0.006 0.009 0.004 0.007 0.100 0.007 
280      136    (0)    5 :  0.004 0.008 0.010 0.008 0.004 0.004 0.008 0.002 0.048 0.005 0.894 0.006 
281      138    (0)    5 :  0.003 0.006 0.022 0.007 0.004 0.008 0.006 0.003 0.006 0.007 0.921 0.006 
282      140    (0)    5 :  0.009 0.009 0.024 0.008 0.007 0.009 0.008 0.003 0.004 0.006 0.895 0.018 
283      141    (0)    5 :  0.005 0.030 0.016 0.029 0.004 0.017 0.031 0.005 0.007 0.006 0.840 0.010 
284      144    (0)    5 :  0.005 0.005 0.017 0.005 0.013 0.004 0.006 0.002 0.004 0.006 0.930 0.003 
285      146    (0)    5 :  0.027 0.005 0.421 0.005 0.005 0.003 0.005 0.003 0.003 0.003 0.518 0.003 
286      148    (0)    5 :  0.017 0.009 0.112 0.010 0.001 0.006 0.009 0.002 0.013 0.005 0.813 0.003 
287      150    (0)    5 :  0.004 0.005 0.006 0.005 0.002 0.004 0.005 0.008 0.006 0.004 0.942 0.011 
288      152    (0)    5 :  0.002 0.004 0.015 0.004 0.002 0.004 0.004 0.002 0.003 0.004 0.953 0.004 
289      666    (0)    5 :  0.003 0.004 0.007 0.004 0.002 0.005 0.004 0.002 0.002 0.005 0.955 0.007 
290      667    (0)    5 :  0.006 0.011 0.011 0.010 0.002 0.007 0.010 0.001 0.002 0.008 0.928 0.004 
291      668    (0)    5 :  0.006 0.012 0.086 0.011 0.003 0.010 0.011 0.012 0.012 0.008 0.754 0.076 
292      669    (0)    5 :  0.002 0.004 0.100 0.005 0.002 0.006 0.005 0.004 0.095 0.008 0.760 0.010 
293      670    (0)    5 :  0.023 0.020 0.071 0.025 0.003 0.163 0.017 0.015 0.009 0.008 0.582 0.064 
294      684    (0)    5 :  0.004 0.004 0.017 0.004 0.002 0.004 0.004 0.003 0.018 0.005 0.931 0.006 
295      685    (0)    5 :  0.006 0.006 0.006 0.006 0.003 0.004 0.006 0.008 0.006 0.003 0.944 0.002 
296      686    (0)    5 :  0.004 0.006 0.200 0.006 0.004 0.009 0.006 0.003 0.006 0.006 0.743 0.006 
297      687    (0)    5 :  0.004 0.005 0.005 0.004 0.004 0.004 0.004 0.001 0.007 0.003 0.953 0.005 
298      688    (2)    5 :  0.003 0.003 0.009 0.003 0.004 0.003 0.003 0.002 0.006 0.004 0.955 0.004 
299      689    (0)    5 :  0.010 0.011 0.018 0.011 0.005 0.012 0.010 0.004 0.005 0.012 0.896 0.007 
300      165    (0)    6 :  0.020 0.019 0.075 0.019 0.004 0.026 0.019 0.003 0.013 0.009 0.779 0.014 
301      167    (0)    6 :  0.272 0.045 0.064 0.044 0.003 0.028 0.046 0.041 0.014 0.009 0.405 0.030 
302      170    (0)    6 :  0.015 0.010 0.026 0.010 0.010 0.013 0.008 0.004 0.007 0.022 0.861 0.012 
303      714    (0)    6 :  0.006 0.008 0.777 0.008 0.002 0.018 0.007 0.003 0.031 0.004 0.131 0.005 
304      715    (2)    6 :  0.027 0.136 0.351 0.114 0.004 0.042 0.123 0.016 0.010 0.018 0.144 0.016 
305      716    (0)    6 :  0.017 0.010 0.028 0.009 0.003 0.009 0.009 0.003 0.010 0.017 0.872 0.012 
306      717    (2)    6 :  0.072 0.168 0.243 0.142 0.007 0.117 0.145 0.011 0.010 0.014 0.065 0.004 
307     2346    (2)    6 :  0.008 0.311 0.003 0.277 0.083 0.042 0.240 0.009 0.003 0.016 0.002 0.006 
308      718    (0)    7 :  0.007 0.007 0.144 0.007 0.004 0.006 0.007 0.005 0.595 0.013 0.192 0.013 
309      719    (0)    7 :  0.007 0.017 0.015 0.018 0.010 0.024 0.016 0.005 0.287 0.019 0.578 0.006 
310      720    (0)    7 :  0.004 0.007 0.099 0.007 0.001 0.007 0.007 0.001 0.625 0.005 0.231 0.006 
311      721    (0)    7 :  0.004 0.027 0.358 0.025 0.014 0.021 0.025 0.014 0.034 0.031 0.418 0.028 
312      722    (0)    7 :  0.009 0.005 0.360 0.005 0.002 0.014 0.005 0.002 0.388 0.005 0.196 0.009 
313      723    (0)    7 :  0.021 0.007 0.121 0.007 0.004 0.021 0.006 0.001 0.009 0.010 0.781 0.012 
314      724    (0)    7 :  0.002 0.005 0.010 0.005 0.002 0.007 0.005 0.005 0.296 0.006 0.651 0.005 
315      725    (0)    7 :  0.003 0.004 0.330 0.004 0.006 0.003 0.004 0.003 0.357 0.004 0.277 0.006 
316      726    (0)    7 :  0.094 0.017 0.053 0.018 0.003 0.008 0.016 0.003 0.651 0.006 0.124 0.008 
317      727    (0)    7 :  0.003 0.003 0.009 0.003 0.003 0.003 0.003 0.002 0.010 0.003 0.955 0.004 
318      728    (2)    7 :  0.004 0.011 0.082 0.012 0.002 0.031 0.010 0.002 0.617 0.003 0.218 0.007 
319      729    (0)    7 :  0.014 0.016 0.199 0.017 0.004 0.012 0.015 0.008 0.048 0.340 0.251 0.076 
320      730    (0)    7 :  0.003 0.002 0.002 0.002 0.001 0.002 0.002 0.003 0.978 0.002 0.002 0.002 
321      731    (0)    7 :  0.005 0.016 0.623 0.016 0.007 0.013 0.014 0.005 0.037 0.018 0.231 0.015 
322      732    (0)    7 :  0.005 0.004 0.004 0.003 0.005 0.003 0.004 0.002 0.952 0.003 0.013 0.003 
323      733    (0)    7 :  0.019 0.006 0.592 0.006 0.003 0.006 0.005 0.018 0.013 0.033 0.280 0.019 
324      734    (0)    7 :  0.002 0.003 0.736 0.003 0.002 0.003 0.003 0.003 0.004 0.004 0.231 0.006 
325      189    (0)    8 :  0.041 0.007 0.007 0.007 0.893 0.006 0.007 0.006 0.003 0.008 0.009 0.005 
326      190    (0)    8 :  0.004 0.003 0.002 0.002 0.973 0.003 0.003 0.002 0.002 0.002 0.003 0.003 
327      193    (0)    8 :  0.003 0.009 0.005 0.008 0.947 0.006 0.009 0.001 0.002 0.005 0.004 0.003 
328      761    (0)    8 :  0.004 0.002 0.003 0.003 0.972 0.003 0.002 0.001 0.002 0.003 0.002 0.003 
329      762    (0)    8 :  0.003 0.004 0.003 0.004 0.952 0.006 0.004 0.002 0.008 0.005 0.003 0.006 
330      763    (0)    8 :  0.003 0.004 0.006 0.004 0.956 0.004 0.004 0.003 0.003 0.004 0.004 0.006 
331      764    (0)    8 :  0.003 0.003 0.002 0.003 0.963 0.004 0.003 0.002 0.004 0.004 0.005 0.004 
332      765    (0)    8 :  0.005 0.005 0.004 0.005 0.956 0.004 0.005 0.001 0.004 0.004 0.004 0.003 
333      778    (0)    8 :  0.010 0.015 0.016 0.014 0.872 0.008 0.015 0.013 0.004 0.007 0.015 0.010 
334      779    (0)    8 :  0.005 0.004 0.003 0.004 0.954 0.005 0.004 0.003 0.003 0.004 0.008 0.004 
335      780    (0)    8 :  0.002 0.003 0.002 0.003 0.967 0.003 0.003 0.002 0.002 0.005 0.002 0.006 
336      781    (0)    8 :  0.003 0.003 0.005 0.003 0.953 0.003 0.003 0.016 0.004 0.002 0.003 0.003 
337      782    (0)    8 :  0.004 0.005 0.009 0.005 0.950 0.004 0.005 0.002 0.002 0.003 0.010 0.003 
338      783    (0)    8 :  0.001 0.001 0.001 0.001 0.985 0.001 0.001 0.001 0.001 0.002 0.002 0.002 
339      784    (0)    8 :  0.006 0.005 0.004 0.005 0.957 0.004 0.005 0.002 0.002 0.003 0.003 0.004 
340      785    (0)    8 :  0.003 0.004 0.003 0.004 0.959 0.005 0.004 0.004 0.004 0.004 0.003 0.004 
341      786    (0)    8 :  0.006 0.004 0.002 0.004 0.960 0.005 0.004 0.001 0.001 0.003 0.003 0.007 
342      787    (0)    8 :  0.002 0.003 0.003 0.003 0.967 0.003 0.003 0.002 0.002 0.003 0.005 0.003 
343      788    (0)    8 :  0.002 0.009 0.010 0.009 0.923 0.007 0.010 0.004 0.004 0.007 0.007 0.009 
344      789    (0)    8 :  0.008 0.010 0.003 0.010 0.938 0.006 0.011 0.002 0.001 0.004 0.004 0.002 
345      790    (0)    8 :  0.009 0.005 0.003 0.005 0.946 0.006 0.005 0.006 0.002 0.006 0.004 0.004 
346      791    (0)    8 :  0.003 0.006 0.005 0.006 0.944 0.006 0.007 0.002 0.002 0.004 0.010 0.006 
347      792    (0)    8 :  0.002 0.002 0.002 0.002 0.974 0.002 0.002 0.004 0.003 0.002 0.002 0.002 
348      793    (0)    8 :  0.004 0.006 0.003 0.006 0.947 0.005 0.006 0.002 0.004 0.005 0.007 0.005 
349      794    (0)    8 :  0.004 0.005 0.003 0.006 0.952 0.006 0.006 0.003 0.003 0.005 0.002 0.006 
350      795    (0)    8 :  0.004 0.005 0.005 0.005 0.958 0.004 0.005 0.003 0.003 0.003 0.003 0.003 
351      796    (0)    8 :  0.002 0.002 0.002 0.002 0.978 0.002 0.002 0.003 0.002 0.002 0.002 0.002 
352      797    (0)    8 :  0.002 0.002 0.002 0.002 0.971 0.002 0.003 0.002 0.002 0.003 0.002 0.005 
353      798    (0)    8 :  0.003 0.003 0.005 0.003 0.950 0.005 0.003 0.002 0.003 0.014 0.006 0.004 
354      282    (0)    9 :  0.003 0.008 0.005 0.008 0.002 0.005 0.008 0.949 0.001 0.003 0.003 0.004 
355      284    (0)    9 :  0.002 0.003 0.002 0.003 0.010 0.003 0.003 0.956 0.008 0.003 0.003 0.003 
356      287    (0)    9 :  0.003 0.006 0.002 0.006 0.003 0.003 0.006 0.953 0.004 0.008 0.003 0.004 
357      295    (0)    9 :  0.001 0.001 0.001 0.001 0.002 0.001 0.001 0.987 0.001 0.001 0.001 0.001 
358      302    (0)    9 :  0.001 0.001 0.001 0.001 0.002 0.002 0.001 0.985 0.001 0.002 0.001 0.002 
359      306    (2)    9 :  0.002 0.014 0.003 0.012 0.005 0.009 0.013 0.906 0.006 0.010 0.011 0.009 
360      308    (0)    9 :  0.001 0.002 0.002 0.002 0.001 0.002 0.002 0.980 0.003 0.001 0.002 0.002 
361      867    (0)    9 :  0.001 0.002 0.002 0.002 0.001 0.001 0.002 0.983 0.002 0.002 0.001 0.002 


Estimated Allele Frequencies in each cluster
First column gives estimated ancestral frequencies


Locus 1 : 1 
4 alleles
0.0% missing data
  89   (0.537) 0.494 0.544 0.388 0.546 0.639 0.487 0.545 0.076 0.712 0.499 0.640 0.589 
  91   (0.372) 0.477 0.366 0.522 0.368 0.312 0.471 0.367 0.728 0.278 0.356 0.295 0.388 
  93   (0.069) 0.021 0.065 0.089 0.065 0.048 0.031 0.066 0.044 0.008 0.118 0.065 0.014 
  99   (0.023) 0.007 0.025 0.002 0.021 0.001 0.011 0.022 0.151 0.002 0.027 0.001 0.009 

Locus 2 : 2 
6 alleles
1.4% missing data
 136   (0.316) 0.213 0.332 0.674 0.337 0.460 0.229 0.346 0.199 0.108 0.090 0.539 0.078 
 134   (0.245) 0.408 0.236 0.153 0.236 0.375 0.228 0.231 0.032 0.191 0.212 0.159 0.296 
 138   (0.306) 0.245 0.293 0.153 0.295 0.156 0.414 0.283 0.752 0.246 0.584 0.255 0.462 
 140   (0.077) 0.110 0.079 0.017 0.074 0.005 0.062 0.079 0.010 0.449 0.045 0.045 0.035 
 132   (0.025) 0.006 0.032 0.002 0.030 0.002 0.015 0.034 0.003 0.002 0.008 0.001 0.004 
 142   (0.031) 0.018 0.028 0.002 0.028 0.002 0.053 0.027 0.004 0.003 0.061 0.001 0.125 

Locus 3 : 3 
6 alleles
0.0% missing data
 181   (0.241) 0.313 0.225 0.159 0.231 0.069 0.131 0.220 0.194 0.082 0.432 0.228 0.410 
 187   (0.350) 0.308 0.353 0.485 0.345 0.259 0.335 0.357 0.752 0.720 0.168 0.520 0.180 
 179   (0.241) 0.274 0.253 0.343 0.254 0.015 0.319 0.256 0.033 0.179 0.148 0.223 0.216 
 191   (0.035) 0.009 0.032 0.004 0.030 0.194 0.014 0.030 0.004 0.005 0.017 0.026 0.008 
 185   (0.072) 0.053 0.075 0.005 0.074 0.459 0.089 0.074 0.009 0.007 0.195 0.002 0.019 
 175   (0.060) 0.042 0.061 0.004 0.066 0.004 0.111 0.063 0.007 0.006 0.040 0.002 0.166 

Locus 4 : 4 
10 alleles
0.0% missing data
 253   (0.522) 0.441 0.540 0.646 0.525 0.464 0.540 0.537 0.535 0.643 0.387 0.727 0.756 
 249   (0.030) 0.008 0.025 0.033 0.024 0.002 0.010 0.023 0.004 0.304 0.006 0.060 0.005 
 271   (0.040) 0.151 0.034 0.057 0.034 0.003 0.032 0.031 0.005 0.005 0.013 0.021 0.007 
 241   (0.134) 0.058 0.126 0.222 0.137 0.150 0.168 0.128 0.212 0.019 0.220 0.028 0.082 
 257   (0.008) 0.002 0.006 0.002 0.006 0.000 0.004 0.005 0.001 0.001 0.003 0.000 0.002 
 269   (0.170) 0.234 0.160 0.033 0.167 0.101 0.192 0.160 0.231 0.019 0.343 0.160 0.108 
 247   (0.070) 0.100 0.086 0.005 0.082 0.279 0.045 0.092 0.009 0.007 0.024 0.002 0.035 
 239   (0.008) 0.002 0.007 0.001 0.007 0.001 0.003 0.006 0.001 0.001 0.001 0.000 0.001 
 245   (0.008) 0.002 0.006 0.001 0.007 0.000 0.003 0.007 0.001 0.001 0.002 0.000 0.001 
 273   (0.011) 0.003 0.010 0.001 0.011 0.001 0.004 0.011 0.001 0.001 0.002 0.000 0.002 

Locus 5 : 5 
7 alleles
0.8% missing data
 103   (0.846) 0.948 0.820 0.987 0.828 0.965 0.878 0.814 0.978 0.984 0.944 0.990 0.942 
 104   (0.061) 0.021 0.081 0.006 0.070 0.004 0.058 0.081 0.009 0.007 0.026 0.007 0.032 
 105   (0.048) 0.020 0.060 0.004 0.063 0.003 0.037 0.067 0.006 0.005 0.021 0.002 0.018 
 102   (0.018) 0.005 0.017 0.001 0.018 0.001 0.017 0.018 0.003 0.002 0.004 0.001 0.003 
 101   (0.012) 0.004 0.010 0.001 0.009 0.014 0.005 0.009 0.001 0.001 0.002 0.000 0.002 
 107   (0.008) 0.002 0.007 0.001 0.006 0.000 0.003 0.006 0.001 0.001 0.002 0.000 0.001 
  99   (0.008) 0.002 0.006 0.001 0.005 0.013 0.002 0.005 0.001 0.001 0.002 0.000 0.001 

Locus 6 : 6 
5 alleles
0.3% missing data
 141   (0.292) 0.620 0.283 0.409 0.283 0.136 0.323 0.273 0.039 0.844 0.142 0.578 0.228 
 145   (0.406) 0.218 0.423 0.119 0.428 0.261 0.462 0.439 0.385 0.076 0.489 0.210 0.666 
 135   (0.226) 0.136 0.223 0.343 0.220 0.286 0.173 0.221 0.565 0.067 0.349 0.165 0.091 
 147   (0.064) 0.024 0.060 0.128 0.058 0.317 0.038 0.057 0.010 0.013 0.018 0.048 0.013 
 137   (0.011) 0.003 0.012 0.001 0.011 0.001 0.004 0.011 0.001 0.001 0.002 0.000 0.002 

Locus 7 : 7 
8 alleles
1.1% missing data
  93   (0.238) 0.273 0.219 0.381 0.225 0.069 0.318 0.214 0.715 0.609 0.197 0.319 0.328 
 103   (0.289) 0.259 0.298 0.333 0.285 0.507 0.319 0.298 0.044 0.094 0.394 0.408 0.374 
  91   (0.062) 0.024 0.060 0.005 0.061 0.154 0.029 0.060 0.060 0.006 0.017 0.042 0.064 
  97   (0.200) 0.203 0.205 0.161 0.203 0.258 0.093 0.207 0.148 0.029 0.231 0.161 0.102 
  85   (0.042) 0.015 0.040 0.008 0.041 0.003 0.018 0.040 0.006 0.005 0.054 0.052 0.010 
  89   (0.106) 0.206 0.100 0.108 0.110 0.007 0.184 0.101 0.017 0.249 0.066 0.015 0.081 
  83   (0.053) 0.017 0.068 0.004 0.065 0.003 0.035 0.069 0.008 0.006 0.039 0.002 0.034 
 105   (0.011) 0.003 0.012 0.001 0.010 0.001 0.005 0.011 0.002 0.002 0.002 0.000 0.008 

Locus 8 : 8 
8 alleles
0.0% missing data
 129   (0.539) 0.448 0.533 0.530 0.543 0.640 0.704 0.535 0.153 0.696 0.618 0.710 0.729 
 141   (0.062) 0.017 0.060 0.118 0.057 0.208 0.038 0.060 0.009 0.010 0.027 0.100 0.015 
 149   (0.097) 0.129 0.098 0.114 0.096 0.017 0.078 0.095 0.012 0.015 0.060 0.129 0.038 
 143   (0.253) 0.393 0.265 0.234 0.258 0.132 0.156 0.264 0.738 0.274 0.266 0.060 0.208 
 145   (0.008) 0.002 0.007 0.001 0.007 0.001 0.003 0.006 0.001 0.001 0.001 0.000 0.001 
 133   (0.016) 0.004 0.016 0.001 0.019 0.001 0.012 0.018 0.002 0.001 0.006 0.001 0.003 
 131   (0.011) 0.003 0.008 0.001 0.007 0.001 0.003 0.007 0.042 0.001 0.019 0.000 0.003 
 127   (0.015) 0.004 0.014 0.001 0.012 0.001 0.006 0.014 0.043 0.001 0.003 0.000 0.002 

Locus 9 : 9 
4 alleles
0.0% missing data
 191   (0.371) 0.285 0.379 0.623 0.356 0.544 0.217 0.373 0.265 0.843 0.383 0.545 0.321 
 195   (0.154) 0.255 0.143 0.064 0.139 0.054 0.081 0.138 0.400 0.037 0.270 0.206 0.302 
 189   (0.468) 0.457 0.473 0.312 0.499 0.401 0.699 0.484 0.334 0.119 0.345 0.246 0.375 
 193   (0.008) 0.002 0.006 0.001 0.005 0.001 0.003 0.005 0.001 0.001 0.002 0.003 0.001 

Locus 10 : 10 
7 alleles
0.0% missing data
 232   (0.246) 0.095 0.249 0.434 0.246 0.275 0.131 0.252 0.190 0.550 0.204 0.238 0.206 
 238   (0.566) 0.844 0.567 0.408 0.571 0.348 0.767 0.563 0.416 0.138 0.682 0.631 0.732 
 252   (0.110) 0.040 0.110 0.152 0.108 0.034 0.070 0.110 0.019 0.300 0.098 0.105 0.049 
 254   (0.040) 0.011 0.036 0.003 0.038 0.256 0.016 0.038 0.371 0.009 0.009 0.026 0.006 
 250   (0.010) 0.002 0.012 0.001 0.010 0.001 0.005 0.013 0.001 0.001 0.002 0.000 0.002 
 248   (0.020) 0.005 0.018 0.001 0.020 0.085 0.008 0.019 0.003 0.002 0.004 0.001 0.003 
 236   (0.008) 0.002 0.007 0.001 0.007 0.001 0.003 0.006 0.001 0.001 0.002 0.000 0.002 

Locus 11 : 11 
3 alleles
0.0% missing data
  87   (0.734) 0.904 0.739 0.592 0.744 0.534 0.758 0.741 0.964 0.376 0.829 0.643 0.847 
  89   (0.207) 0.067 0.206 0.313 0.205 0.382 0.212 0.208 0.028 0.591 0.139 0.316 0.116 
  91   (0.059) 0.029 0.054 0.095 0.051 0.083 0.030 0.051 0.008 0.033 0.032 0.041 0.037 

Locus 12 : 12 
12 alleles
0.0% missing data
 160   (0.215) 0.202 0.198 0.162 0.202 0.714 0.238 0.192 0.586 0.035 0.272 0.115 0.333 
 162   (0.251) 0.371 0.268 0.146 0.257 0.233 0.292 0.272 0.079 0.736 0.127 0.214 0.289 
 147   (0.050) 0.017 0.042 0.312 0.045 0.003 0.072 0.040 0.006 0.101 0.039 0.087 0.020 
 158   (0.233) 0.147 0.235 0.345 0.238 0.023 0.142 0.240 0.031 0.095 0.296 0.549 0.229 
 161   (0.110) 0.041 0.115 0.023 0.117 0.019 0.127 0.117 0.131 0.016 0.155 0.024 0.042 
 170   (0.051) 0.020 0.057 0.007 0.055 0.003 0.058 0.057 0.007 0.007 0.049 0.008 0.012 
 149   (0.024) 0.184 0.021 0.002 0.020 0.001 0.011 0.020 0.003 0.002 0.012 0.001 0.051 
 154   (0.019) 0.006 0.021 0.001 0.024 0.001 0.009 0.023 0.002 0.002 0.004 0.001 0.003 
 143   (0.022) 0.006 0.024 0.002 0.022 0.001 0.009 0.023 0.152 0.003 0.004 0.001 0.016 
 150   (0.008) 0.002 0.006 0.001 0.005 0.000 0.002 0.005 0.001 0.001 0.022 0.000 0.002 
 159   (0.010) 0.002 0.007 0.001 0.008 0.001 0.037 0.006 0.001 0.001 0.017 0.000 0.002 
 164   (0.008) 0.002 0.007 0.001 0.007 0.000 0.003 0.006 0.001 0.001 0.002 0.000 0.001 

Locus 13 : 13 
4 alleles
0.0% missing data
 108   (0.188) 0.069 0.182 0.179 0.184 0.200 0.145 0.183 0.313 0.417 0.131 0.158 0.085 
 115   (0.441) 0.633 0.436 0.403 0.439 0.287 0.503 0.435 0.095 0.514 0.490 0.597 0.533 
 113   (0.364) 0.296 0.375 0.417 0.370 0.512 0.349 0.376 0.591 0.067 0.378 0.244 0.380 
 109   (0.008) 0.002 0.007 0.001 0.007 0.000 0.003 0.006 0.001 0.001 0.001 0.000 0.002 

Locus 14 : 14 
5 alleles
0.3% missing data
 227   (0.159) 0.082 0.142 0.294 0.145 0.019 0.264 0.134 0.229 0.056 0.376 0.259 0.310 
 231   (0.117) 0.034 0.121 0.153 0.128 0.353 0.054 0.127 0.297 0.021 0.037 0.078 0.021 
 229   (0.534) 0.774 0.551 0.420 0.545 0.415 0.486 0.559 0.118 0.878 0.453 0.466 0.578 
 225   (0.120) 0.088 0.112 0.032 0.116 0.208 0.160 0.109 0.244 0.016 0.104 0.101 0.034 
 233   (0.071) 0.022 0.074 0.101 0.066 0.005 0.036 0.071 0.112 0.030 0.029 0.096 0.057 

Locus 15 : 15 
5 alleles
0.3% missing data
 143   (0.839) 0.905 0.835 0.984 0.837 0.814 0.911 0.837 0.764 0.983 0.721 0.959 0.932 
 157   (0.009) 0.002 0.006 0.001 0.006 0.001 0.003 0.005 0.001 0.001 0.002 0.021 0.001 
 145   (0.089) 0.034 0.097 0.011 0.093 0.006 0.058 0.096 0.227 0.010 0.126 0.018 0.048 
 147   (0.045) 0.055 0.044 0.004 0.045 0.147 0.021 0.043 0.006 0.004 0.147 0.002 0.016 
 133   (0.018) 0.004 0.017 0.001 0.019 0.032 0.007 0.018 0.002 0.002 0.004 0.001 0.003 

Locus 16 : 16 
5 alleles
0.3% missing data
 156   (0.247) 0.125 0.249 0.172 0.244 0.502 0.189 0.252 0.578 0.214 0.301 0.308 0.193 
 158   (0.525) 0.448 0.528 0.612 0.534 0.201 0.607 0.526 0.219 0.306 0.522 0.505 0.723 
 160   (0.135) 0.395 0.126 0.180 0.124 0.112 0.145 0.121 0.018 0.467 0.154 0.147 0.042 
 154   (0.082) 0.029 0.090 0.035 0.089 0.185 0.042 0.094 0.184 0.012 0.021 0.040 0.020 
 152   (0.011) 0.003 0.008 0.001 0.008 0.001 0.016 0.007 0.001 0.001 0.002 0.000 0.022 

Locus 17 : 17 
5 alleles
0.0% missing data
 102   (0.222) 0.161 0.223 0.197 0.225 0.199 0.365 0.220 0.032 0.089 0.264 0.234 0.086 
  90   (0.668) 0.543 0.657 0.783 0.660 0.793 0.580 0.658 0.592 0.614 0.697 0.728 0.889 
  88   (0.069) 0.281 0.075 0.017 0.071 0.005 0.034 0.077 0.009 0.294 0.016 0.037 0.016 
 100   (0.033) 0.010 0.039 0.002 0.038 0.002 0.018 0.040 0.366 0.003 0.007 0.001 0.007 
 104   (0.008) 0.005 0.006 0.001 0.005 0.000 0.003 0.005 0.001 0.001 0.016 0.000 0.002 

Locus 18 : 18 
8 alleles
0.3% missing data
 142   (0.142) 0.124 0.146 0.383 0.140 0.009 0.092 0.148 0.019 0.784 0.161 0.410 0.034 
 146   (0.089) 0.161 0.085 0.047 0.084 0.223 0.196 0.078 0.012 0.045 0.041 0.208 0.045 
 140   (0.261) 0.393 0.268 0.309 0.268 0.180 0.235 0.272 0.320 0.042 0.276 0.083 0.168 
 127   (0.259) 0.132 0.263 0.119 0.269 0.062 0.263 0.265 0.469 0.069 0.180 0.182 0.478 
 148   (0.104) 0.142 0.096 0.075 0.102 0.214 0.130 0.095 0.014 0.038 0.059 0.044 0.064 
 128   (0.031) 0.009 0.033 0.047 0.027 0.002 0.014 0.033 0.104 0.005 0.006 0.047 0.005 
 150   (0.059) 0.018 0.059 0.004 0.058 0.307 0.038 0.057 0.008 0.006 0.178 0.002 0.193 
 138   (0.053) 0.021 0.051 0.015 0.052 0.004 0.032 0.052 0.054 0.011 0.098 0.023 0.013 

Locus 19 : 19 
6 alleles
0.0% missing data
 188   (0.201) 0.118 0.207 0.176 0.205 0.173 0.145 0.212 0.026 0.564 0.266 0.083 0.096 
 190   (0.143) 0.284 0.126 0.369 0.124 0.201 0.100 0.123 0.019 0.017 0.117 0.407 0.273 
 194   (0.570) 0.403 0.580 0.449 0.580 0.479 0.558 0.582 0.945 0.411 0.597 0.506 0.547 
 200   (0.063) 0.189 0.066 0.005 0.071 0.004 0.189 0.064 0.008 0.006 0.016 0.002 0.081 
 202   (0.015) 0.004 0.014 0.001 0.013 0.143 0.006 0.013 0.002 0.001 0.003 0.000 0.002 
 196   (0.008) 0.002 0.007 0.001 0.007 0.001 0.003 0.007 0.001 0.001 0.002 0.000 0.001 

Locus 20 : 20 
6 alleles
0.8% missing data
 252   (0.711) 0.674 0.727 0.749 0.737 0.727 0.819 0.735 0.370 0.814 0.772 0.849 0.722 
 250   (0.084) 0.072 0.075 0.105 0.073 0.139 0.042 0.070 0.332 0.012 0.177 0.085 0.026 
 244   (0.019) 0.007 0.015 0.002 0.014 0.001 0.007 0.013 0.003 0.153 0.004 0.010 0.015 
 254   (0.080) 0.128 0.076 0.008 0.074 0.083 0.075 0.072 0.114 0.010 0.019 0.038 0.125 
 246   (0.084) 0.114 0.084 0.134 0.083 0.048 0.044 0.086 0.178 0.009 0.019 0.005 0.109 
 248   (0.021) 0.005 0.024 0.002 0.020 0.001 0.013 0.024 0.003 0.002 0.008 0.013 0.004 

Locus 21 : 21 
7 alleles
0.0% missing data
 173   (0.289) 0.295 0.269 0.201 0.277 0.214 0.413 0.261 0.139 0.169 0.550 0.375 0.560 
 177   (0.302) 0.431 0.302 0.563 0.304 0.171 0.245 0.305 0.266 0.173 0.269 0.238 0.209 
 175   (0.126) 0.046 0.128 0.023 0.130 0.256 0.106 0.128 0.452 0.016 0.053 0.036 0.088 
 167   (0.178) 0.061 0.178 0.199 0.174 0.121 0.181 0.179 0.128 0.630 0.091 0.342 0.123 
 163   (0.041) 0.012 0.043 0.006 0.042 0.220 0.021 0.043 0.005 0.004 0.020 0.002 0.008 
 159   (0.022) 0.006 0.030 0.001 0.030 0.001 0.011 0.033 0.003 0.002 0.004 0.001 0.003 
 165   (0.043) 0.148 0.050 0.006 0.044 0.017 0.023 0.051 0.007 0.005 0.012 0.007 0.008 

Locus 22 : 22 
11 alleles
1.1% missing data
 146   (0.238) 0.233 0.235 0.232 0.234 0.138 0.320 0.226 0.085 0.830 0.304 0.227 0.237 
 154   (0.013) 0.003 0.009 0.067 0.008 0.001 0.004 0.008 0.002 0.001 0.003 0.049 0.002 
 166   (0.092) 0.164 0.097 0.168 0.098 0.006 0.051 0.101 0.117 0.010 0.031 0.023 0.022 
 152   (0.450) 0.531 0.434 0.489 0.444 0.371 0.520 0.434 0.461 0.135 0.559 0.653 0.642 
 150   (0.032) 0.011 0.036 0.005 0.031 0.002 0.024 0.035 0.114 0.004 0.012 0.009 0.009 
 164   (0.025) 0.006 0.022 0.028 0.023 0.002 0.010 0.022 0.004 0.003 0.006 0.015 0.004 
 158   (0.071) 0.025 0.087 0.005 0.083 0.104 0.035 0.092 0.010 0.009 0.052 0.022 0.014 
 162   (0.041) 0.018 0.049 0.003 0.050 0.070 0.023 0.054 0.005 0.004 0.012 0.001 0.009 
 142   (0.013) 0.003 0.013 0.001 0.012 0.001 0.005 0.012 0.002 0.001 0.003 0.000 0.050 
 156   (0.013) 0.003 0.009 0.001 0.008 0.305 0.004 0.007 0.002 0.001 0.017 0.000 0.008 
 148   (0.011) 0.003 0.008 0.001 0.009 0.001 0.004 0.008 0.200 0.001 0.002 0.000 0.002 

Locus 23 : 23 
7 alleles
0.6% missing data
 152   (0.017) 0.004 0.012 0.091 0.011 0.001 0.007 0.010 0.002 0.002 0.006 0.056 0.003 
 156   (0.121) 0.091 0.138 0.076 0.140 0.034 0.080 0.149 0.018 0.012 0.034 0.034 0.039 
 144   (0.160) 0.054 0.147 0.195 0.148 0.635 0.183 0.142 0.559 0.023 0.116 0.172 0.395 
 160   (0.110) 0.184 0.096 0.190 0.100 0.104 0.105 0.093 0.015 0.013 0.208 0.204 0.037 
 154   (0.560) 0.527 0.577 0.445 0.569 0.223 0.612 0.574 0.402 0.930 0.629 0.530 0.520 
 158   (0.022) 0.137 0.021 0.002 0.021 0.001 0.009 0.021 0.003 0.019 0.005 0.003 0.004 
 146   (0.010) 0.002 0.009 0.001 0.011 0.001 0.004 0.010 0.002 0.001 0.002 0.000 0.002 

Locus 24 : 24 
4 alleles
0.3% missing data
  77   (0.095) 0.044 0.082 0.128 0.089 0.050 0.143 0.080 0.013 0.052 0.068 0.329 0.060 
  83   (0.456) 0.458 0.450 0.546 0.446 0.920 0.352 0.449 0.711 0.243 0.465 0.500 0.418 
  81   (0.371) 0.473 0.392 0.267 0.389 0.025 0.421 0.395 0.265 0.694 0.322 0.162 0.419 
  85   (0.077) 0.025 0.076 0.060 0.077 0.005 0.084 0.077 0.011 0.011 0.144 0.009 0.102 

Locus 25 : 25 
6 alleles
0.3% missing data
 132   (0.345) 0.278 0.342 0.310 0.333 0.448 0.279 0.339 0.209 0.918 0.407 0.508 0.385 
 124   (0.518) 0.641 0.521 0.636 0.532 0.543 0.568 0.528 0.390 0.063 0.541 0.414 0.473 
 126   (0.026) 0.007 0.021 0.043 0.022 0.002 0.009 0.020 0.004 0.003 0.006 0.056 0.004 
 122   (0.080) 0.065 0.083 0.008 0.083 0.005 0.130 0.082 0.055 0.014 0.038 0.021 0.132 
 120   (0.018) 0.004 0.018 0.001 0.016 0.001 0.008 0.017 0.341 0.002 0.003 0.001 0.003 
 136   (0.014) 0.004 0.014 0.001 0.015 0.001 0.006 0.014 0.002 0.001 0.005 0.001 0.002 

Locus 26 : 26 
7 alleles
0.0% missing data
 165   (0.225) 0.201 0.222 0.166 0.224 0.054 0.219 0.221 0.303 0.681 0.119 0.112 0.421 
 183   (0.351) 0.354 0.350 0.515 0.347 0.422 0.286 0.353 0.315 0.193 0.324 0.582 0.364 
 179   (0.088) 0.035 0.084 0.080 0.086 0.005 0.158 0.079 0.336 0.016 0.084 0.061 0.033 
 175   (0.289) 0.399 0.298 0.236 0.293 0.449 0.313 0.299 0.040 0.105 0.464 0.243 0.174 
 181   (0.031) 0.007 0.032 0.002 0.037 0.068 0.018 0.035 0.004 0.003 0.007 0.001 0.005 
 157   (0.008) 0.002 0.006 0.001 0.006 0.000 0.003 0.006 0.001 0.001 0.001 0.000 0.001 
 185   (0.008) 0.002 0.007 0.001 0.007 0.001 0.003 0.006 0.001 0.001 0.002 0.000 0.001 

Locus 27 : 27 
4 alleles
0.0% missing data
 142   (0.656) 0.652 0.655 0.614 0.651 0.741 0.643 0.654 0.353 0.342 0.772 0.726 0.835 
 148   (0.185) 0.063 0.196 0.163 0.193 0.067 0.156 0.199 0.625 0.382 0.094 0.066 0.067 
 138   (0.049) 0.015 0.042 0.213 0.041 0.003 0.019 0.038 0.006 0.265 0.012 0.192 0.042 
 150   (0.110) 0.270 0.107 0.010 0.115 0.188 0.182 0.108 0.015 0.011 0.122 0.016 0.056 

Locus 28 : 28 
6 alleles
1.1% missing data
 260   (0.399) 0.470 0.399 0.372 0.397 0.377 0.496 0.396 0.088 0.275 0.535 0.374 0.505 
 262   (0.490) 0.460 0.490 0.620 0.491 0.549 0.416 0.490 0.897 0.710 0.347 0.616 0.412 
 256   (0.071) 0.058 0.074 0.005 0.073 0.072 0.069 0.075 0.011 0.011 0.043 0.009 0.059 
 258   (0.013) 0.004 0.015 0.001 0.015 0.001 0.006 0.016 0.002 0.001 0.003 0.000 0.002 
 264   (0.019) 0.006 0.017 0.001 0.019 0.001 0.010 0.018 0.002 0.002 0.071 0.001 0.003 
 266   (0.008) 0.002 0.006 0.001 0.005 0.000 0.002 0.005 0.001 0.001 0.002 0.000 0.019 

Locus 29 : 29 
7 alleles
0.6% missing data
 146   (0.260) 0.285 0.264 0.204 0.263 0.337 0.210 0.267 0.039 0.087 0.332 0.194 0.156 
 150   (0.447) 0.291 0.452 0.562 0.457 0.291 0.564 0.455 0.156 0.161 0.431 0.688 0.628 
 140   (0.181) 0.210 0.178 0.059 0.183 0.061 0.181 0.177 0.790 0.705 0.213 0.079 0.097 
 148   (0.068) 0.158 0.064 0.155 0.060 0.308 0.028 0.063 0.009 0.042 0.015 0.034 0.056 
 152   (0.028) 0.048 0.030 0.002 0.028 0.002 0.011 0.029 0.004 0.003 0.006 0.001 0.060 
 151   (0.008) 0.002 0.006 0.017 0.005 0.000 0.002 0.005 0.001 0.001 0.002 0.002 0.001 
 142   (0.008) 0.006 0.006 0.001 0.005 0.001 0.003 0.005 0.001 0.001 0.002 0.002 0.001 

Locus 30 : 30 
6 alleles
0.3% missing data
 125   (0.284) 0.123 0.307 0.389 0.309 0.031 0.171 0.321 0.155 0.634 0.139 0.462 0.082 
 129   (0.436) 0.580 0.415 0.541 0.412 0.782 0.528 0.405 0.227 0.312 0.613 0.486 0.577 
 123   (0.156) 0.154 0.151 0.062 0.151 0.103 0.159 0.146 0.022 0.040 0.205 0.048 0.271 
 131   (0.045) 0.020 0.054 0.003 0.053 0.003 0.066 0.057 0.007 0.005 0.023 0.001 0.012 
 127   (0.067) 0.120 0.063 0.005 0.066 0.080 0.070 0.062 0.543 0.008 0.017 0.002 0.056 
 121   (0.012) 0.003 0.010 0.001 0.009 0.001 0.004 0.009 0.045 0.001 0.002 0.000 0.002 

Locus 31 : 31 
6 alleles
0.3% missing data
 159   (0.146) 0.165 0.133 0.202 0.140 0.010 0.251 0.127 0.019 0.074 0.423 0.103 0.166 
 155   (0.559) 0.389 0.584 0.739 0.568 0.714 0.408 0.590 0.585 0.560 0.354 0.707 0.605 
 157   (0.181) 0.395 0.172 0.049 0.182 0.021 0.254 0.173 0.133 0.307 0.134 0.094 0.195 
 153   (0.075) 0.038 0.075 0.006 0.075 0.005 0.071 0.077 0.103 0.054 0.080 0.091 0.027 
 151   (0.032) 0.010 0.029 0.002 0.029 0.250 0.013 0.027 0.158 0.004 0.007 0.004 0.006 
 163   (0.008) 0.002 0.006 0.001 0.006 0.001 0.003 0.006 0.001 0.002 0.002 0.001 0.002 

Locus 32 : 32 
4 alleles
1.1% missing data
  91   (0.444) 0.356 0.436 0.661 0.435 0.149 0.407 0.430 0.552 0.554 0.471 0.552 0.649 
  94   (0.067) 0.021 0.077 0.076 0.073 0.005 0.035 0.080 0.009 0.031 0.017 0.050 0.013 
  95   (0.157) 0.430 0.170 0.033 0.160 0.409 0.145 0.177 0.301 0.019 0.069 0.135 0.043 
  92   (0.331) 0.192 0.316 0.230 0.331 0.438 0.413 0.312 0.139 0.396 0.444 0.263 0.295 

Locus 33 : 33 
5 alleles
0.0% missing data
 146   (0.299) 0.161 0.312 0.083 0.314 0.313 0.315 0.314 0.588 0.065 0.398 0.064 0.342 
 150   (0.594) 0.559 0.588 0.871 0.584 0.637 0.627 0.585 0.398 0.923 0.504 0.849 0.634 
 148   (0.059) 0.203 0.050 0.042 0.052 0.047 0.032 0.048 0.008 0.007 0.026 0.085 0.012 
 154   (0.033) 0.009 0.039 0.004 0.040 0.002 0.021 0.043 0.005 0.004 0.019 0.001 0.007 
 152   (0.015) 0.068 0.011 0.001 0.010 0.001 0.005 0.010 0.002 0.001 0.054 0.000 0.005 

Locus 34 : 34 
7 alleles
0.0% missing data
 180   (0.456) 0.375 0.460 0.456 0.460 0.667 0.394 0.467 0.718 0.440 0.218 0.613 0.460 
 196   (0.115) 0.038 0.106 0.215 0.112 0.007 0.129 0.106 0.015 0.122 0.179 0.164 0.101 
 184   (0.210) 0.219 0.200 0.136 0.199 0.072 0.119 0.196 0.239 0.411 0.508 0.152 0.277 
 194   (0.015) 0.005 0.011 0.031 0.010 0.001 0.005 0.009 0.002 0.002 0.003 0.043 0.003 
 192   (0.120) 0.336 0.129 0.009 0.132 0.184 0.231 0.128 0.015 0.014 0.054 0.007 0.133 
 198   (0.072) 0.023 0.085 0.152 0.074 0.068 0.046 0.086 0.009 0.010 0.016 0.020 0.017 
 190   (0.012) 0.003 0.009 0.001 0.012 0.001 0.075 0.008 0.001 0.001 0.021 0.000 0.011 

Locus 35 : 35 
6 alleles
0.0% missing data
 110   (0.172) 0.064 0.177 0.189 0.171 0.072 0.178 0.177 0.192 0.273 0.050 0.393 0.094 
 112   (0.362) 0.493 0.362 0.686 0.368 0.059 0.327 0.366 0.049 0.068 0.479 0.490 0.361 
 106   (0.300) 0.244 0.301 0.103 0.304 0.709 0.358 0.301 0.188 0.581 0.369 0.089 0.424 
  90   (0.038) 0.161 0.030 0.011 0.030 0.002 0.024 0.029 0.438 0.063 0.008 0.018 0.007 
 108   (0.120) 0.037 0.124 0.010 0.123 0.112 0.111 0.123 0.132 0.014 0.093 0.010 0.113 
  96   (0.008) 0.002 0.006 0.001 0.005 0.046 0.002 0.005 0.001 0.001 0.002 0.000 0.001 

Locus 36 : 36 
9 alleles
0.0% missing data
 166   (0.067) 0.084 0.058 0.232 0.053 0.004 0.041 0.051 0.009 0.012 0.102 0.279 0.114 
 176   (0.092) 0.117 0.091 0.321 0.095 0.016 0.042 0.093 0.013 0.020 0.023 0.108 0.017 
 172   (0.342) 0.419 0.344 0.278 0.331 0.582 0.369 0.337 0.049 0.439 0.373 0.460 0.422 
 170   (0.276) 0.140 0.282 0.146 0.287 0.325 0.242 0.292 0.586 0.491 0.222 0.142 0.227 
 174   (0.126) 0.162 0.131 0.011 0.141 0.067 0.242 0.133 0.018 0.013 0.070 0.007 0.182 
 178   (0.037) 0.029 0.035 0.008 0.037 0.002 0.025 0.035 0.005 0.020 0.101 0.003 0.009 
 168   (0.038) 0.042 0.041 0.003 0.037 0.002 0.019 0.042 0.318 0.004 0.010 0.001 0.025 
 186   (0.015) 0.004 0.012 0.001 0.012 0.001 0.017 0.011 0.002 0.001 0.096 0.000 0.002 
 158   (0.008) 0.002 0.007 0.001 0.007 0.000 0.003 0.007 0.001 0.001 0.002 0.000 0.001 

Locus 37 : 37 
6 alleles
0.0% missing data
  89   (0.556) 0.710 0.562 0.676 0.561 0.506 0.651 0.556 0.344 0.253 0.759 0.652 0.540 
  95   (0.058) 0.016 0.050 0.050 0.051 0.004 0.053 0.047 0.007 0.044 0.045 0.080 0.142 
  85   (0.177) 0.209 0.170 0.232 0.160 0.236 0.106 0.166 0.519 0.260 0.130 0.226 0.156 
  81   (0.059) 0.018 0.063 0.005 0.072 0.004 0.063 0.071 0.010 0.008 0.016 0.011 0.046 
  83   (0.135) 0.043 0.142 0.036 0.144 0.248 0.122 0.148 0.018 0.434 0.048 0.031 0.112 
  91   (0.015) 0.004 0.013 0.001 0.012 0.001 0.005 0.012 0.101 0.001 0.003 0.000 0.004 

Locus 38 : 38 
10 alleles
0.0% missing data
 161   (0.333) 0.479 0.329 0.590 0.336 0.375 0.343 0.333 0.418 0.088 0.216 0.546 0.226 
 165   (0.222) 0.075 0.228 0.216 0.229 0.101 0.186 0.231 0.148 0.065 0.150 0.171 0.375 
 159   (0.020) 0.005 0.019 0.018 0.016 0.001 0.007 0.016 0.002 0.002 0.004 0.036 0.005 
 173   (0.252) 0.387 0.252 0.107 0.253 0.512 0.319 0.246 0.189 0.187 0.384 0.130 0.174 
 169   (0.107) 0.035 0.108 0.064 0.099 0.007 0.117 0.108 0.234 0.652 0.195 0.104 0.144 
 167   (0.019) 0.006 0.021 0.002 0.018 0.002 0.009 0.021 0.002 0.002 0.004 0.012 0.004 
 168   (0.010) 0.002 0.010 0.001 0.011 0.001 0.004 0.010 0.001 0.001 0.002 0.000 0.002 
 155   (0.017) 0.006 0.019 0.001 0.023 0.001 0.008 0.022 0.002 0.002 0.004 0.001 0.004 
 177   (0.008) 0.003 0.006 0.001 0.006 0.000 0.004 0.006 0.001 0.001 0.001 0.000 0.001 
 175   (0.012) 0.003 0.008 0.001 0.007 0.001 0.004 0.007 0.001 0.001 0.039 0.000 0.066 

Locus 39 : 39 
6 alleles
0.6% missing data
  87   (0.100) 0.052 0.090 0.141 0.093 0.129 0.132 0.088 0.626 0.014 0.041 0.173 0.036 
  89   (0.429) 0.544 0.432 0.707 0.431 0.093 0.442 0.432 0.057 0.754 0.548 0.538 0.642 
  91   (0.153) 0.088 0.165 0.025 0.161 0.186 0.142 0.171 0.176 0.190 0.060 0.156 0.048 
  81   (0.123) 0.148 0.124 0.059 0.121 0.116 0.087 0.121 0.017 0.013 0.109 0.097 0.060 
  85   (0.186) 0.165 0.183 0.068 0.188 0.476 0.195 0.184 0.122 0.027 0.240 0.033 0.213 
  83   (0.008) 0.002 0.006 0.001 0.005 0.001 0.003 0.005 0.001 0.001 0.002 0.004 0.001 

Locus 40 : 40 
4 alleles
0.3% missing data
 167   (0.765) 0.833 0.761 0.892 0.762 0.859 0.820 0.760 0.638 0.922 0.928 0.923 0.626 
 161   (0.200) 0.157 0.205 0.105 0.206 0.138 0.148 0.206 0.357 0.072 0.063 0.076 0.260 
 165   (0.027) 0.008 0.028 0.002 0.025 0.002 0.027 0.027 0.003 0.005 0.007 0.001 0.113 
 177   (0.008) 0.002 0.006 0.001 0.007 0.001 0.005 0.006 0.001 0.001 0.002 0.000 0.001 

Locus 41 : 41 
6 alleles
0.3% missing data
 228   (0.444) 0.618 0.431 0.652 0.430 0.233 0.457 0.425 0.620 0.700 0.653 0.501 0.428 
 238   (0.338) 0.213 0.351 0.276 0.355 0.115 0.333 0.360 0.095 0.069 0.282 0.329 0.332 
 224   (0.027) 0.083 0.020 0.045 0.020 0.002 0.009 0.019 0.003 0.003 0.005 0.100 0.004 
 236   (0.098) 0.049 0.092 0.020 0.092 0.394 0.088 0.090 0.270 0.218 0.027 0.067 0.042 
 232   (0.012) 0.003 0.010 0.002 0.010 0.001 0.005 0.009 0.001 0.001 0.003 0.001 0.003 
 240   (0.081) 0.033 0.094 0.006 0.092 0.255 0.108 0.097 0.010 0.008 0.030 0.003 0.192 

Locus 42 : 42 
7 alleles
0.0% missing data
 128   (0.140) 0.150 0.129 0.178 0.129 0.035 0.167 0.122 0.019 0.242 0.169 0.102 0.275 
 130   (0.532) 0.567 0.554 0.473 0.552 0.777 0.516 0.562 0.073 0.687 0.413 0.664 0.388 
 114   (0.052) 0.101 0.045 0.065 0.044 0.003 0.020 0.043 0.418 0.035 0.011 0.110 0.009 
 132   (0.111) 0.039 0.105 0.271 0.101 0.048 0.111 0.103 0.015 0.016 0.289 0.106 0.167 
 118   (0.061) 0.023 0.059 0.004 0.060 0.130 0.098 0.056 0.232 0.009 0.032 0.003 0.127 
 134   (0.096) 0.118 0.101 0.008 0.107 0.006 0.085 0.107 0.243 0.011 0.086 0.014 0.033 
 136   (0.008) 0.002 0.006 0.001 0.006 0.000 0.003 0.006 0.001 0.001 0.001 0.000 0.001 

Locus 43 : 43 
6 alleles
0.8% missing data
 102   (0.289) 0.210 0.276 0.454 0.276 0.479 0.336 0.270 0.527 0.080 0.377 0.401 0.317 
 104   (0.407) 0.549 0.428 0.142 0.430 0.411 0.509 0.434 0.059 0.099 0.428 0.212 0.507 
  92   (0.125) 0.038 0.132 0.241 0.135 0.008 0.078 0.137 0.065 0.015 0.144 0.094 0.025 
  96   (0.063) 0.023 0.059 0.043 0.059 0.004 0.029 0.058 0.109 0.715 0.021 0.065 0.029 
  98   (0.108) 0.177 0.097 0.120 0.095 0.098 0.045 0.095 0.239 0.090 0.027 0.227 0.121 
 106   (0.008) 0.003 0.006 0.001 0.006 0.001 0.003 0.006 0.001 0.001 0.004 0.001 0.001 

Locus 44 : 44 
5 alleles
0.3% missing data
 101   (0.309) 0.431 0.307 0.331 0.316 0.186 0.266 0.314 0.042 0.086 0.356 0.468 0.170 
 103   (0.305) 0.152 0.295 0.318 0.300 0.348 0.351 0.287 0.255 0.446 0.474 0.166 0.470 
  99   (0.140) 0.307 0.153 0.150 0.141 0.009 0.103 0.155 0.417 0.078 0.052 0.033 0.105 
  95   (0.235) 0.107 0.237 0.200 0.235 0.456 0.277 0.238 0.126 0.390 0.116 0.333 0.253 
  97   (0.010) 0.002 0.008 0.001 0.007 0.001 0.004 0.007 0.160 0.001 0.002 0.000 0.002 

Locus 45 : 45 
7 alleles
0.3% missing data
 177   (0.063) 0.018 0.058 0.149 0.059 0.004 0.055 0.056 0.009 0.008 0.052 0.054 0.061 
 191   (0.268) 0.382 0.282 0.130 0.288 0.101 0.321 0.295 0.254 0.045 0.192 0.190 0.142 
 181   (0.603) 0.582 0.591 0.717 0.588 0.860 0.596 0.581 0.528 0.942 0.736 0.754 0.697 
 183   (0.012) 0.003 0.011 0.001 0.011 0.001 0.004 0.011 0.002 0.001 0.002 0.000 0.004 
 179   (0.036) 0.010 0.045 0.003 0.043 0.002 0.018 0.046 0.205 0.003 0.007 0.001 0.006 
 193   (0.011) 0.003 0.008 0.001 0.007 0.001 0.003 0.007 0.001 0.001 0.009 0.000 0.089 
 189   (0.008) 0.002 0.005 0.001 0.005 0.031 0.002 0.005 0.001 0.001 0.001 0.000 0.001 

Locus 46 : 46 
6 alleles
0.8% missing data
 205   (0.469) 0.398 0.486 0.569 0.473 0.406 0.453 0.489 0.274 0.878 0.696 0.486 0.512 
 211   (0.225) 0.401 0.229 0.149 0.230 0.271 0.156 0.232 0.318 0.043 0.112 0.267 0.125 
 207   (0.149) 0.102 0.134 0.203 0.146 0.203 0.179 0.134 0.020 0.058 0.152 0.109 0.234 
 201   (0.066) 0.030 0.060 0.039 0.065 0.004 0.128 0.059 0.376 0.011 0.018 0.084 0.026 
 215   (0.081) 0.066 0.079 0.039 0.075 0.114 0.079 0.074 0.011 0.009 0.020 0.054 0.099 
 202   (0.011) 0.003 0.011 0.001 0.011 0.001 0.005 0.012 0.001 0.001 0.002 0.000 0.004 

Locus 47 : 47 
9 alleles
1.1% missing data
 144   (0.082) 0.031 0.076 0.254 0.075 0.131 0.092 0.071 0.012 0.066 0.022 0.204 0.023 
 158   (0.164) 0.121 0.176 0.261 0.177 0.084 0.194 0.182 0.025 0.035 0.084 0.121 0.039 
 168   (0.140) 0.087 0.131 0.079 0.139 0.110 0.098 0.132 0.187 0.065 0.038 0.252 0.058 
 166   (0.152) 0.053 0.135 0.209 0.133 0.384 0.085 0.129 0.062 0.470 0.164 0.307 0.344 
 142   (0.360) 0.678 0.378 0.178 0.369 0.285 0.464 0.380 0.052 0.352 0.638 0.110 0.451 
 170   (0.012) 0.004 0.011 0.001 0.010 0.001 0.005 0.011 0.002 0.002 0.003 0.003 0.002 
 162   (0.027) 0.007 0.029 0.002 0.025 0.002 0.011 0.027 0.118 0.003 0.005 0.001 0.071 
 164   (0.040) 0.012 0.043 0.010 0.050 0.003 0.037 0.049 0.005 0.005 0.036 0.001 0.008 
 156   (0.023) 0.007 0.021 0.006 0.020 0.001 0.014 0.019 0.537 0.002 0.009 0.001 0.004 

Locus 48 : 48 
7 alleles
6.1% missing data
 149   (0.355) 0.333 0.365 0.182 0.361 0.333 0.321 0.364 0.336 0.434 0.350 0.221 0.439 
 151   (0.181) 0.353 0.172 0.519 0.176 0.012 0.174 0.171 0.071 0.111 0.214 0.159 0.135 
 153   (0.227) 0.232 0.238 0.167 0.232 0.028 0.296 0.241 0.030 0.124 0.322 0.380 0.342 
 147   (0.030) 0.011 0.026 0.018 0.025 0.002 0.015 0.024 0.053 0.004 0.007 0.039 0.006 
 145   (0.185) 0.065 0.180 0.111 0.185 0.624 0.185 0.180 0.507 0.324 0.103 0.197 0.075 
 152   (0.008) 0.003 0.006 0.001 0.006 0.001 0.003 0.005 0.001 0.001 0.002 0.003 0.001 
 143   (0.014) 0.004 0.015 0.001 0.016 0.001 0.006 0.015 0.002 0.001 0.003 0.000 0.002 

Values of parameters used in structure:
DATAFILE=temp2_np.str,	OUTFILE=k12/temp2_np_k12_run1,	NUMINDS=361,	NUMLOCI=48,	MISSING=-9,	LABEL=1,	POPDATA=1,	POPFLAG=0,	PHENOTYPE=0,	EXTRACOLS=0,	MAXPOPS=12,	BURNIN=500000,	NUMREPS=750000,	USEPOPINFO=0,	INFERALPHA=1,	INFERLAMBDA=0,	POPSPECIFICLAMBDA=0,	POPALPHAS=0,	COMPUTEPROB=1,	NOADMIX=0,	ADMBURNIN=500,	UPDATEFREQ=100,	PRINTLIKES=0,	INTERMEDSAVE=0,	PRINTKLD=0,	PRINTNET=1,	PRINTLAMBDA=1,	ANCESTDIST=0,	NUMBOXES=1000,	ANCESTPINT=0.90000,	GENSBACK=2,	MIGRPRIOR=0.01000,	PRINTQHAT=0,	PRINTQSUM=1,	ALPHA=1.0000,	FREQSCORR=1,	FPRIORMEAN=0.0100,	FPRIORSD=0.0500,	ONEFST=0,	LAMBDA=1.0000,	UNIFPRIORALPHA=1,	ALPHAMAX=10.0000,	ALPHAPRIORA=1.0000,	ALPHAPRIORB=2.0000,	ALPHAPROPSD=0.0250,	STARTATPOPINFO=0,	RANDOMIZE=0,	LINKAGE=0,	METROFREQ=10,	REPORTHITRATE=0,	MARKOVPHASE=0,	PHASED=1,	PLOIDY=2,	PHASEINFO=0	LOCPRIOR=0, 	LOCPRIORINIT=1.000000, 	LOCDATA=0, 	LOCISPOP=1, 	LOCPRIORSTEP=0.100000, 	MAXLOCPRIOR=20.000000, 	SEED=938428,	
[STRAT parameters]:    NUMSIMSTATS=1000,	PHENOTYPECOL=-9,	POOLFREQ=10,	LOCUSxONLY=0,	EMERROR=0.00100,	MISSINGPHENO=-9,	