

----------------------------------------------------
STRUCTURE by Pritchard, Stephens and Donnelly (2000)
     and Falush, Stephens and Pritchard (2003)
       Code by Pritchard, Falush and Hubisz
             Version 2.3.4 (Jul 2012)
----------------------------------------------------



Command line arguments:   structure -D 307685 -K 15 -m mainparams -o k15/temp2_np_k15_run9 
Input File:    temp2_np.str

Run parameters:
   361 individuals
   48 loci
   15 populations assumed
   500000 Burn-in period
   750000 Reps
RANDOMIZE turned off


--------------------------------------------
Proportion of membership of each pre-defined
 population in each of the 15 clusters

Given    Inferred Clusters                                                                                           Number of
 Pop       1      2      3      4      5      6      7      8      9     10     11     12     13     14     15      Individuals

  1:     0.011  0.023  0.004  0.009  0.034  0.009  0.035  0.011  0.009  0.014  0.798  0.010  0.011  0.011  0.010       63
  2:     0.007  0.009  0.006  0.008  0.015  0.008  0.836  0.005  0.005  0.008  0.065  0.008  0.007  0.007  0.007       20
  3:     0.023  0.043  0.004  0.008  0.061  0.017  0.061  0.014  0.006  0.029  0.664  0.011  0.022  0.022  0.014       19
  4:     0.008  0.013  0.004  0.006  0.573  0.010  0.041  0.006  0.004  0.008  0.288  0.014  0.008  0.008  0.008       31
  5:     0.009  0.013  0.004  0.015  0.028  0.007  0.024  0.018  0.004  0.010  0.828  0.015  0.009  0.009  0.007       20
  6:     0.051  0.086  0.011  0.010  0.115  0.049  0.020  0.021  0.016  0.062  0.423  0.012  0.057  0.053  0.013        8
  7:     0.009  0.029  0.005  0.011  0.020  0.010  0.041  0.013  0.005  0.011  0.459  0.344  0.009  0.009  0.025       17
  8:     0.005  0.005  0.003  0.004  0.004  0.005  0.007  0.004  0.936  0.005  0.004  0.003  0.005  0.005  0.004       29
  9:     0.004  0.004  0.952  0.003  0.002  0.002  0.002  0.003  0.003  0.005  0.003  0.003  0.004  0.004  0.003        8
 10:     0.153  0.150  0.008  0.015  0.013  0.023  0.008  0.078  0.020  0.144  0.009  0.008  0.162  0.182  0.025       21
 11:     0.107  0.112  0.008  0.106  0.010  0.054  0.008  0.176  0.011  0.114  0.009  0.012  0.120  0.122  0.031       30
 12:     0.042  0.039  0.004  0.265  0.013  0.134  0.013  0.133  0.013  0.042  0.015  0.008  0.040  0.037  0.203       25
 13:     0.047  0.040  0.006  0.205  0.011  0.080  0.014  0.197  0.008  0.049  0.018  0.009  0.041  0.037  0.237       32
 14:     0.146  0.160  0.014  0.028  0.011  0.014  0.007  0.038  0.028  0.169  0.015  0.006  0.169  0.177  0.019       34
 15:     0.246  0.162  0.003  0.007  0.009  0.009  0.021  0.009  0.007  0.072  0.012  0.026  0.188  0.224  0.007        4
--------------------------------------------

Allele-freq. divergence among pops (Net nucleotide distance),
computed using point estimates of P.

      1       2       3       4       5       6       7       8       9      10      11      12      13      14      15      
 1      -    0.0005  0.1006  0.0258  0.0396  0.0215  0.0535  0.0167  0.0566  0.0006  0.0292  0.0968  0.0003  0.0003  0.0239  
 2   0.0005     -    0.0997  0.0250  0.0374  0.0244  0.0512  0.0177  0.0564  0.0003  0.0253  0.0938  0.0002  0.0003  0.0245  
 3   0.1006  0.0997     -    0.1310  0.1386  0.1353  0.1731  0.1276  0.1344  0.0964  0.1390  0.1969  0.0984  0.0991  0.1322  
 4   0.0258  0.0250  0.1310     -    0.0701  0.0497  0.0746  0.0310  0.0819  0.0237  0.0503  0.1271  0.0251  0.0260  0.0322  
 5   0.0396  0.0374  0.1386  0.0701     -    0.0598  0.0697  0.0639  0.0978  0.0373  0.0390  0.1285  0.0390  0.0393  0.0630  
 6   0.0215  0.0244  0.1353  0.0497  0.0598     -    0.0742  0.0330  0.0892  0.0236  0.0549  0.1254  0.0243  0.0248  0.0420  
 7   0.0535  0.0512  0.1731  0.0746  0.0697  0.0742     -    0.0692  0.0973  0.0506  0.0391  0.1251  0.0534  0.0546  0.0688  
 8   0.0167  0.0177  0.1276  0.0310  0.0639  0.0330  0.0692     -    0.0768  0.0164  0.0500  0.1239  0.0173  0.0179  0.0286  
 9   0.0566  0.0564  0.1344  0.0819  0.0978  0.0892  0.0973  0.0768     -    0.0539  0.0838  0.1588  0.0557  0.0562  0.0810  
10   0.0006  0.0003  0.0964  0.0237  0.0373  0.0236  0.0506  0.0164  0.0539     -    0.0267  0.0950  0.0003  0.0005  0.0227  
11   0.0292  0.0253  0.1390  0.0503  0.0390  0.0549  0.0391  0.0500  0.0838  0.0267     -    0.1016  0.0284  0.0291  0.0581  
12   0.0968  0.0938  0.1969  0.1271  0.1285  0.1254  0.1251  0.1239  0.1588  0.0950  0.1016     -    0.0952  0.0964  0.1295  
13   0.0003  0.0002  0.0984  0.0251  0.0390  0.0243  0.0534  0.0173  0.0557  0.0003  0.0284  0.0952     -    0.0001  0.0242  
14   0.0003  0.0003  0.0991  0.0260  0.0393  0.0248  0.0546  0.0179  0.0562  0.0005  0.0291  0.0964  0.0001     -    0.0254  
15   0.0239  0.0245  0.1322  0.0322  0.0630  0.0420  0.0688  0.0286  0.0810  0.0227  0.0581  0.1295  0.0242  0.0254     -    

Average distances (expected heterozygosity) between individuals in same cluster:
cluster  1  : 0.6377 
cluster  2  : 0.6370 
cluster  3  : 0.5356 
cluster  4  : 0.5450 
cluster  5  : 0.5378 
cluster  6  : 0.5818 
cluster  7  : 0.4792 
cluster  8  : 0.5812 
cluster  9  : 0.5460 
cluster 10  : 0.6433 
cluster 11  : 0.5425 
cluster 12  : 0.4387 
cluster 13  : 0.6403 
cluster 14  : 0.6391 
cluster 15  : 0.5690 

--------------------------------------------
Estimated Ln Prob of Data   = -41281.7
Mean value of ln likelihood = -37074.1
Variance of ln likelihood   = 8415.3
Mean value of alpha         = 0.0351

Mean value of Fst_1         = 0.0389
Mean value of Fst_2         = 0.0331
Mean value of Fst_3         = 0.3030
Mean value of Fst_4         = 0.1385
Mean value of Fst_5         = 0.1728
Mean value of Fst_6         = 0.1515
Mean value of Fst_7         = 0.2227
Mean value of Fst_8         = 0.1027
Mean value of Fst_9         = 0.2138
Mean value of Fst_10         = 0.0001
Mean value of Fst_11         = 0.1302
Mean value of Fst_12         = 0.3950
Mean value of Fst_13         = 0.0235
Mean value of Fst_14         = 0.0302
Mean value of Fst_15         = 0.1300


Inferred ancestry of individuals:
        Label (%Miss) Pop:  Inferred clusters
  1     2055    (0)    1 :  0.005 0.056 0.003 0.008 0.008 0.003 0.005 0.007 0.002 0.006 0.874 0.004 0.005 0.005 0.011 
  2     2056    (0)    1 :  0.008 0.011 0.004 0.009 0.644 0.007 0.026 0.008 0.008 0.011 0.236 0.007 0.008 0.008 0.005 
  3     2057    (0)    1 :  0.020 0.047 0.003 0.008 0.008 0.023 0.006 0.009 0.002 0.012 0.825 0.007 0.012 0.012 0.006 
  4     2058    (0)    1 :  0.003 0.005 0.001 0.003 0.006 0.004 0.032 0.002 0.006 0.004 0.919 0.005 0.003 0.003 0.003 
  5     2059    (0)    1 :  0.005 0.018 0.002 0.005 0.007 0.006 0.004 0.003 0.003 0.005 0.927 0.003 0.004 0.004 0.003 
  6     2060    (0)    1 :  0.005 0.015 0.007 0.004 0.003 0.006 0.009 0.004 0.002 0.006 0.922 0.004 0.005 0.005 0.002 
  7     2061    (0)    1 :  0.013 0.025 0.027 0.005 0.003 0.007 0.019 0.010 0.007 0.015 0.827 0.005 0.015 0.016 0.007 
  8     2062    (0)    1 :  0.014 0.044 0.003 0.050 0.010 0.021 0.162 0.014 0.005 0.014 0.610 0.020 0.013 0.013 0.005 
  9     2063    (0)    1 :  0.005 0.020 0.003 0.005 0.006 0.006 0.010 0.004 0.002 0.005 0.918 0.004 0.005 0.004 0.005 
 10     2064    (0)    1 :  0.004 0.004 0.003 0.003 0.008 0.004 0.008 0.003 0.002 0.004 0.942 0.004 0.004 0.004 0.002 
 11     2065    (0)    1 :  0.003 0.006 0.002 0.003 0.004 0.002 0.031 0.001 0.002 0.003 0.915 0.021 0.003 0.003 0.002 
 12     2066    (0)    1 :  0.005 0.014 0.001 0.004 0.014 0.005 0.008 0.006 0.002 0.005 0.921 0.003 0.004 0.004 0.004 
 13     2067    (0)    1 :  0.009 0.010 0.004 0.005 0.037 0.005 0.010 0.014 0.011 0.012 0.854 0.003 0.010 0.010 0.007 
 14     2068    (0)    1 :  0.052 0.067 0.004 0.021 0.016 0.039 0.347 0.011 0.015 0.053 0.235 0.017 0.053 0.060 0.007 
 15     2069    (0)    1 :  0.004 0.004 0.002 0.003 0.006 0.003 0.007 0.003 0.002 0.004 0.944 0.006 0.004 0.004 0.003 
 16     2070    (0)    1 :  0.053 0.059 0.001 0.017 0.190 0.006 0.009 0.031 0.002 0.147 0.345 0.004 0.060 0.042 0.031 
 17     2071    (0)    1 :  0.015 0.014 0.014 0.005 0.016 0.009 0.034 0.007 0.014 0.015 0.817 0.006 0.014 0.013 0.006 
 18     2072    (0)    1 :  0.006 0.007 0.009 0.003 0.010 0.002 0.007 0.003 0.003 0.006 0.924 0.003 0.006 0.007 0.003 
 19     2073    (0)    1 :  0.020 0.018 0.008 0.010 0.004 0.011 0.012 0.018 0.007 0.022 0.774 0.052 0.020 0.019 0.006 
 20     2074    (0)    1 :  0.004 0.010 0.004 0.003 0.010 0.002 0.010 0.003 0.003 0.004 0.933 0.003 0.004 0.004 0.002 
 21     2075    (0)    1 :  0.006 0.016 0.003 0.004 0.035 0.002 0.004 0.005 0.015 0.006 0.878 0.008 0.006 0.006 0.006 
 22     2076    (0)    1 :  0.003 0.021 0.001 0.003 0.003 0.003 0.010 0.003 0.002 0.003 0.940 0.002 0.003 0.003 0.002 
 23     2077    (0)    1 :  0.018 0.054 0.007 0.010 0.006 0.018 0.331 0.024 0.008 0.020 0.441 0.017 0.016 0.016 0.015 
 24     2078    (0)    1 :  0.005 0.008 0.004 0.009 0.012 0.004 0.017 0.008 0.003 0.007 0.901 0.005 0.006 0.005 0.006 
 25     2079    (0)    1 :  0.010 0.026 0.001 0.010 0.004 0.011 0.019 0.024 0.035 0.010 0.819 0.005 0.010 0.010 0.006 
 26     2080    (0)    1 :  0.024 0.030 0.003 0.003 0.003 0.005 0.107 0.006 0.032 0.027 0.693 0.007 0.027 0.028 0.004 
 27     2081    (0)    1 :  0.005 0.008 0.002 0.004 0.005 0.004 0.011 0.005 0.003 0.005 0.932 0.004 0.005 0.005 0.003 
 28     2082    (0)    1 :  0.021 0.041 0.003 0.008 0.191 0.008 0.009 0.006 0.008 0.025 0.609 0.017 0.023 0.023 0.009 
 29     2083    (0)    1 :  0.011 0.014 0.003 0.004 0.040 0.010 0.006 0.005 0.002 0.012 0.862 0.003 0.012 0.011 0.005 
 30     2084    (0)    1 :  0.007 0.013 0.002 0.009 0.005 0.004 0.002 0.005 0.007 0.007 0.913 0.003 0.007 0.007 0.008 
 31     2085    (0)    1 :  0.010 0.017 0.002 0.008 0.023 0.005 0.017 0.013 0.003 0.013 0.828 0.009 0.011 0.011 0.029 
 32     2086    (0)    1 :  0.016 0.016 0.003 0.006 0.006 0.013 0.074 0.008 0.004 0.016 0.791 0.002 0.016 0.016 0.014 
 33     2087    (0)    1 :  0.008 0.008 0.006 0.006 0.005 0.004 0.027 0.008 0.072 0.009 0.794 0.032 0.009 0.008 0.005 
 34     2088    (0)    1 :  0.033 0.054 0.003 0.012 0.007 0.015 0.026 0.056 0.012 0.027 0.656 0.003 0.020 0.019 0.058 
 35     2089    (0)    1 :  0.002 0.004 0.001 0.003 0.007 0.002 0.022 0.002 0.003 0.003 0.941 0.002 0.002 0.002 0.002 
 36     2090    (0)    1 :  0.008 0.008 0.006 0.003 0.012 0.007 0.009 0.008 0.040 0.008 0.864 0.005 0.008 0.008 0.007 
 37     2091    (0)    1 :  0.006 0.005 0.001 0.005 0.008 0.008 0.036 0.005 0.004 0.006 0.893 0.003 0.005 0.005 0.010 
 38     2092    (0)    1 :  0.006 0.008 0.002 0.006 0.036 0.003 0.015 0.004 0.041 0.007 0.846 0.008 0.007 0.006 0.005 
 39     2093    (0)    1 :  0.004 0.022 0.001 0.003 0.013 0.003 0.063 0.004 0.003 0.005 0.861 0.007 0.004 0.004 0.003 
 40     2094    (0)    1 :  0.003 0.055 0.002 0.004 0.030 0.004 0.005 0.002 0.001 0.003 0.880 0.002 0.003 0.003 0.003 
 41     2095    (0)    1 :  0.009 0.009 0.005 0.004 0.004 0.007 0.042 0.012 0.058 0.008 0.816 0.003 0.008 0.007 0.007 
 42     2096    (0)    1 :  0.003 0.060 0.001 0.003 0.009 0.004 0.016 0.003 0.003 0.003 0.855 0.024 0.003 0.003 0.009 
 43     2097    (0)    1 :  0.004 0.004 0.002 0.004 0.004 0.009 0.006 0.003 0.002 0.004 0.945 0.004 0.004 0.003 0.002 
 44     2098    (0)    1 :  0.024 0.026 0.003 0.006 0.008 0.008 0.010 0.033 0.012 0.030 0.664 0.088 0.028 0.024 0.036 
 45     2099    (0)    1 :  0.045 0.045 0.008 0.008 0.375 0.025 0.017 0.008 0.004 0.067 0.260 0.012 0.043 0.039 0.045 
 46     2100    (0)    1 :  0.024 0.050 0.002 0.013 0.012 0.126 0.110 0.007 0.004 0.020 0.572 0.009 0.021 0.023 0.008 
 47     2101    (0)    1 :  0.005 0.008 0.003 0.007 0.004 0.005 0.008 0.007 0.006 0.006 0.916 0.007 0.005 0.005 0.010 
 48     2102    (2)    1 :  0.003 0.011 0.001 0.005 0.006 0.002 0.003 0.003 0.002 0.004 0.946 0.003 0.004 0.004 0.003 
 49     2103    (0)    1 :  0.005 0.059 0.002 0.005 0.005 0.006 0.007 0.012 0.004 0.006 0.862 0.005 0.006 0.006 0.010 
 50     2104    (0)    1 :  0.016 0.016 0.001 0.034 0.003 0.007 0.025 0.081 0.002 0.014 0.718 0.017 0.016 0.015 0.035 
 51     2105    (0)    1 :  0.007 0.007 0.006 0.020 0.014 0.003 0.007 0.041 0.004 0.008 0.849 0.005 0.006 0.007 0.015 
 52     2106    (0)    1 :  0.015 0.057 0.002 0.007 0.017 0.007 0.045 0.008 0.002 0.014 0.785 0.003 0.016 0.016 0.006 
 53     2107    (0)    1 :  0.013 0.065 0.003 0.029 0.011 0.004 0.037 0.017 0.005 0.013 0.682 0.077 0.013 0.014 0.018 
 54     2108    (0)    1 :  0.016 0.020 0.006 0.012 0.004 0.004 0.024 0.007 0.006 0.019 0.836 0.003 0.018 0.017 0.009 
 55     2109    (0)    1 :  0.010 0.022 0.005 0.006 0.073 0.009 0.006 0.009 0.002 0.012 0.799 0.005 0.011 0.010 0.020 
 56     2110    (0)    1 :  0.012 0.050 0.004 0.044 0.004 0.004 0.031 0.017 0.006 0.015 0.750 0.017 0.013 0.013 0.019 
 57     2111    (0)    1 :  0.008 0.009 0.001 0.025 0.007 0.010 0.184 0.008 0.004 0.007 0.710 0.003 0.006 0.007 0.011 
 58     2112    (0)    1 :  0.004 0.007 0.004 0.002 0.009 0.008 0.006 0.004 0.004 0.005 0.929 0.005 0.005 0.004 0.003 
 59     2583    (2)    1 :  0.006 0.009 0.007 0.004 0.076 0.005 0.034 0.006 0.010 0.007 0.816 0.004 0.006 0.005 0.005 
 60     2584    (4)    1 :  0.013 0.013 0.004 0.002 0.014 0.017 0.012 0.007 0.004 0.019 0.856 0.010 0.014 0.012 0.003 
 61     2587    (2)    1 :  0.006 0.006 0.002 0.006 0.009 0.005 0.017 0.020 0.003 0.005 0.894 0.002 0.005 0.005 0.015 
 62     2590    (2)    1 :  0.005 0.006 0.014 0.005 0.013 0.005 0.008 0.003 0.002 0.006 0.910 0.007 0.005 0.005 0.005 
 63     2591    (6)    1 :  0.007 0.030 0.001 0.013 0.004 0.008 0.005 0.011 0.010 0.007 0.882 0.005 0.007 0.006 0.005 
 64      315    (0)   10 :  0.111 0.133 0.010 0.127 0.004 0.021 0.018 0.006 0.042 0.268 0.007 0.002 0.138 0.104 0.011 
 65      565    (0)   10 :  0.142 0.151 0.003 0.003 0.007 0.005 0.004 0.007 0.028 0.330 0.009 0.003 0.177 0.125 0.008 
 66      566    (2)   10 :  0.057 0.064 0.003 0.008 0.008 0.022 0.004 0.394 0.014 0.045 0.009 0.012 0.057 0.057 0.245 
 67      567    (2)   10 :  0.234 0.167 0.002 0.005 0.006 0.021 0.010 0.007 0.004 0.095 0.020 0.005 0.191 0.230 0.003 
 68      877    (0)   10 :  0.161 0.184 0.002 0.006 0.021 0.008 0.003 0.012 0.003 0.105 0.007 0.050 0.179 0.249 0.009 
 69      878    (0)   10 :  0.210 0.159 0.013 0.003 0.004 0.048 0.005 0.009 0.008 0.108 0.004 0.005 0.174 0.243 0.007 
 70      879    (0)   10 :  0.162 0.155 0.009 0.013 0.010 0.116 0.003 0.008 0.005 0.145 0.006 0.005 0.199 0.156 0.009 
 71      880    (0)   10 :  0.237 0.166 0.002 0.007 0.008 0.011 0.004 0.008 0.005 0.064 0.005 0.008 0.212 0.257 0.005 
 72      881    (0)   10 :  0.140 0.176 0.007 0.005 0.004 0.005 0.005 0.010 0.009 0.275 0.004 0.004 0.169 0.165 0.022 
 73      882    (0)   10 :  0.173 0.172 0.031 0.004 0.007 0.026 0.006 0.007 0.011 0.099 0.005 0.004 0.175 0.275 0.006 
 74      883    (0)   10 :  0.165 0.171 0.009 0.012 0.012 0.019 0.004 0.011 0.004 0.174 0.007 0.003 0.185 0.217 0.009 
 75      884    (0)   10 :  0.115 0.131 0.002 0.029 0.018 0.015 0.016 0.208 0.003 0.116 0.020 0.005 0.127 0.159 0.036 
 76      885    (0)   10 :  0.160 0.175 0.007 0.013 0.027 0.010 0.005 0.021 0.005 0.108 0.004 0.003 0.181 0.224 0.057 
 77      886    (0)   10 :  0.136 0.152 0.012 0.011 0.004 0.004 0.004 0.020 0.134 0.138 0.010 0.003 0.163 0.204 0.008 
 78      887    (0)   10 :  0.028 0.026 0.021 0.013 0.008 0.044 0.005 0.727 0.004 0.027 0.018 0.002 0.023 0.024 0.030 
 79      888    (0)   10 :  0.128 0.176 0.005 0.005 0.104 0.004 0.015 0.005 0.008 0.133 0.019 0.005 0.157 0.234 0.004 
 80      889    (0)   10 :  0.144 0.169 0.010 0.016 0.004 0.063 0.007 0.049 0.005 0.153 0.005 0.004 0.191 0.166 0.014 
 81      890    (0)   10 :  0.187 0.161 0.006 0.008 0.003 0.011 0.011 0.013 0.018 0.155 0.004 0.025 0.212 0.177 0.009 
 82      891    (0)   10 :  0.237 0.172 0.003 0.004 0.010 0.009 0.004 0.011 0.005 0.074 0.009 0.017 0.170 0.271 0.004 
 83      892    (0)   10 :  0.177 0.160 0.007 0.006 0.009 0.027 0.007 0.032 0.005 0.173 0.007 0.003 0.194 0.186 0.006 
 84      893    (0)   10 :  0.105 0.132 0.003 0.013 0.005 0.004 0.029 0.076 0.098 0.247 0.020 0.003 0.138 0.110 0.018 
 85      341    (0)   11 :  0.174 0.157 0.004 0.003 0.004 0.031 0.003 0.010 0.012 0.222 0.004 0.020 0.190 0.160 0.007 
 86      343    (0)   11 :  0.110 0.146 0.005 0.069 0.002 0.006 0.014 0.029 0.010 0.330 0.006 0.013 0.159 0.096 0.004 
 87      914    (0)   11 :  0.006 0.006 0.002 0.851 0.004 0.006 0.006 0.007 0.005 0.006 0.008 0.067 0.006 0.006 0.013 
 88      916    (0)   11 :  0.142 0.171 0.003 0.004 0.044 0.006 0.015 0.007 0.004 0.145 0.014 0.005 0.184 0.235 0.022 
 89      924    (0)   11 :  0.112 0.131 0.002 0.132 0.005 0.007 0.004 0.231 0.016 0.069 0.004 0.003 0.125 0.127 0.033 
 90      938    (0)   11 :  0.008 0.008 0.004 0.015 0.007 0.888 0.005 0.014 0.002 0.008 0.009 0.011 0.008 0.008 0.007 
 91      939    (0)   11 :  0.004 0.004 0.001 0.004 0.003 0.018 0.005 0.936 0.005 0.003 0.005 0.002 0.003 0.003 0.004 
 92      940    (0)   11 :  0.080 0.083 0.004 0.376 0.006 0.088 0.003 0.073 0.003 0.071 0.004 0.003 0.088 0.089 0.029 
 93      941    (2)   11 :  0.008 0.005 0.006 0.003 0.005 0.058 0.003 0.871 0.011 0.006 0.003 0.002 0.006 0.005 0.009 
 94      942    (0)   11 :  0.181 0.198 0.005 0.010 0.005 0.013 0.002 0.011 0.017 0.138 0.005 0.003 0.219 0.185 0.008 
 95      943    (0)   11 :  0.132 0.141 0.002 0.023 0.036 0.004 0.035 0.009 0.003 0.182 0.007 0.003 0.134 0.144 0.146 
 96      944    (0)   11 :  0.016 0.019 0.004 0.036 0.006 0.004 0.008 0.806 0.003 0.017 0.015 0.022 0.017 0.021 0.005 
 97      945    (0)   11 :  0.006 0.006 0.002 0.903 0.005 0.031 0.002 0.009 0.002 0.006 0.002 0.001 0.006 0.006 0.011 
 98      946    (0)   11 :  0.133 0.130 0.088 0.055 0.009 0.013 0.008 0.133 0.004 0.153 0.006 0.004 0.137 0.121 0.006 
 99      947    (0)   11 :  0.142 0.138 0.002 0.013 0.005 0.005 0.004 0.011 0.042 0.147 0.004 0.060 0.163 0.196 0.069 
100      951    (0)   11 :  0.161 0.185 0.004 0.010 0.005 0.013 0.003 0.010 0.013 0.156 0.004 0.006 0.205 0.212 0.014 
101      952    (0)   11 :  0.113 0.119 0.010 0.036 0.005 0.012 0.003 0.036 0.084 0.307 0.006 0.009 0.150 0.095 0.014 
102      953    (0)   11 :  0.017 0.015 0.003 0.005 0.043 0.054 0.012 0.767 0.009 0.015 0.012 0.003 0.014 0.015 0.015 
103      954    (0)   11 :  0.075 0.077 0.009 0.041 0.003 0.010 0.019 0.532 0.007 0.048 0.005 0.004 0.078 0.086 0.005 
104      955    (0)   11 :  0.185 0.161 0.014 0.078 0.003 0.021 0.003 0.019 0.017 0.099 0.004 0.008 0.158 0.223 0.007 
105      961    (4)   11 :  0.180 0.172 0.003 0.017 0.014 0.024 0.006 0.010 0.004 0.081 0.021 0.004 0.169 0.287 0.007 
106      974    (0)   11 :  0.113 0.079 0.014 0.010 0.003 0.021 0.007 0.437 0.022 0.076 0.005 0.007 0.088 0.111 0.009 
107      975    (4)   11 :  0.145 0.191 0.003 0.020 0.010 0.011 0.004 0.042 0.002 0.158 0.018 0.009 0.185 0.183 0.020 
108      980    (0)   11 :  0.151 0.170 0.002 0.058 0.009 0.017 0.003 0.024 0.017 0.133 0.010 0.006 0.167 0.179 0.054 
109      981    (0)   11 :  0.140 0.157 0.004 0.005 0.005 0.148 0.004 0.011 0.004 0.182 0.010 0.018 0.168 0.135 0.011 
110      982    (0)   11 :  0.077 0.104 0.002 0.025 0.006 0.004 0.006 0.082 0.002 0.077 0.031 0.035 0.096 0.087 0.367 
111      984    (0)   11 :  0.102 0.134 0.013 0.009 0.010 0.062 0.009 0.104 0.004 0.292 0.027 0.003 0.138 0.087 0.004 
112      985    (0)   11 :  0.183 0.170 0.004 0.007 0.004 0.008 0.011 0.014 0.009 0.142 0.007 0.003 0.204 0.218 0.017 
113     2578    (4)   11 :  0.088 0.140 0.011 0.349 0.004 0.012 0.005 0.018 0.003 0.052 0.007 0.012 0.152 0.141 0.007 
114     2580    (2)   11 :  0.236 0.150 0.007 0.015 0.025 0.014 0.035 0.008 0.004 0.094 0.012 0.015 0.175 0.209 0.003 
115      328    (0)   12 :  0.089 0.122 0.009 0.051 0.153 0.009 0.015 0.006 0.011 0.163 0.093 0.004 0.113 0.129 0.034 
116      333    (0)   12 :  0.022 0.024 0.002 0.604 0.005 0.020 0.011 0.190 0.006 0.021 0.005 0.002 0.022 0.021 0.047 
117      918    (0)   12 :  0.014 0.014 0.008 0.726 0.003 0.006 0.005 0.019 0.097 0.017 0.006 0.035 0.015 0.015 0.021 
118      919    (0)   12 :  0.019 0.023 0.003 0.709 0.005 0.012 0.048 0.068 0.005 0.019 0.006 0.016 0.023 0.020 0.026 
119      920    (0)   12 :  0.006 0.007 0.002 0.052 0.006 0.005 0.004 0.005 0.002 0.009 0.004 0.006 0.006 0.006 0.880 
120      921    (0)   12 :  0.119 0.005 0.002 0.004 0.007 0.822 0.005 0.005 0.003 0.005 0.005 0.002 0.005 0.005 0.006 
121      922    (0)   12 :  0.012 0.016 0.001 0.019 0.015 0.008 0.059 0.304 0.004 0.016 0.019 0.007 0.015 0.012 0.492 
122      926    (0)   12 :  0.009 0.009 0.002 0.083 0.003 0.013 0.003 0.039 0.002 0.007 0.003 0.003 0.008 0.008 0.807 
123      927    (0)   12 :  0.005 0.006 0.001 0.062 0.003 0.006 0.004 0.850 0.003 0.006 0.005 0.008 0.006 0.006 0.028 
124      928    (0)   12 :  0.026 0.032 0.002 0.070 0.006 0.009 0.040 0.643 0.004 0.035 0.028 0.028 0.031 0.030 0.016 
125      929    (0)   12 :  0.088 0.106 0.008 0.080 0.017 0.110 0.013 0.165 0.002 0.066 0.041 0.012 0.101 0.093 0.099 
126      930    (0)   12 :  0.098 0.101 0.008 0.129 0.018 0.107 0.005 0.059 0.004 0.160 0.014 0.004 0.101 0.090 0.101 
127      932    (0)   12 :  0.005 0.005 0.002 0.007 0.008 0.926 0.006 0.008 0.005 0.005 0.003 0.001 0.005 0.005 0.007 
128      933    (0)   12 :  0.019 0.019 0.004 0.054 0.004 0.013 0.016 0.008 0.121 0.023 0.012 0.003 0.023 0.015 0.665 
129      949    (0)   12 :  0.003 0.003 0.002 0.003 0.004 0.959 0.003 0.005 0.003 0.003 0.003 0.002 0.003 0.003 0.003 
130      950    (0)   12 :  0.144 0.064 0.003 0.131 0.004 0.151 0.007 0.137 0.017 0.070 0.005 0.005 0.071 0.079 0.109 
131      964    (4)   12 :  0.042 0.057 0.014 0.155 0.007 0.065 0.006 0.446 0.002 0.037 0.012 0.005 0.055 0.049 0.048 
132      986    (0)   12 :  0.057 0.061 0.002 0.475 0.007 0.058 0.010 0.031 0.006 0.054 0.021 0.008 0.068 0.055 0.085 
133      987    (0)   12 :  0.084 0.090 0.002 0.154 0.017 0.009 0.009 0.224 0.006 0.136 0.027 0.008 0.110 0.086 0.036 
134     1001    (4)   12 :  0.006 0.007 0.002 0.908 0.004 0.008 0.007 0.015 0.002 0.007 0.009 0.003 0.007 0.007 0.007 
135     1002    (4)   12 :  0.004 0.004 0.004 0.939 0.002 0.002 0.003 0.004 0.004 0.005 0.006 0.008 0.004 0.004 0.004 
136     1003    (2)   12 :  0.146 0.167 0.005 0.087 0.005 0.020 0.008 0.015 0.003 0.149 0.018 0.008 0.186 0.160 0.023 
137     1004    (0)   12 :  0.007 0.007 0.004 0.008 0.003 0.003 0.003 0.011 0.005 0.007 0.004 0.002 0.008 0.008 0.921 
138     1005    (0)   12 :  0.019 0.020 0.004 0.184 0.003 0.008 0.030 0.050 0.008 0.022 0.017 0.008 0.020 0.019 0.590 
139     1010    (0)   12 :  0.004 0.005 0.001 0.920 0.005 0.003 0.003 0.017 0.006 0.005 0.007 0.003 0.004 0.004 0.011 
140      321    (0)   13 :  0.006 0.006 0.002 0.012 0.003 0.003 0.005 0.928 0.003 0.006 0.008 0.002 0.007 0.006 0.004 
141      338    (0)   13 :  0.003 0.003 0.001 0.962 0.002 0.004 0.002 0.003 0.001 0.003 0.003 0.005 0.003 0.003 0.003 
142      339    (0)   13 :  0.017 0.019 0.005 0.546 0.010 0.014 0.019 0.159 0.009 0.029 0.009 0.061 0.021 0.016 0.065 
143      363    (0)   13 :  0.118 0.022 0.015 0.009 0.003 0.698 0.005 0.024 0.009 0.022 0.004 0.006 0.023 0.028 0.016 
144      915    (0)   13 :  0.019 0.021 0.004 0.264 0.008 0.007 0.013 0.063 0.003 0.022 0.019 0.004 0.021 0.019 0.513 
145      917    (0)   13 :  0.081 0.023 0.001 0.021 0.002 0.057 0.014 0.074 0.003 0.032 0.003 0.004 0.024 0.023 0.638 
146      923    (0)   13 :  0.120 0.128 0.007 0.120 0.006 0.029 0.010 0.018 0.009 0.235 0.007 0.008 0.143 0.125 0.036 
147      925    (0)   13 :  0.003 0.003 0.002 0.004 0.004 0.003 0.005 0.003 0.003 0.003 0.003 0.003 0.003 0.003 0.959 
148      931    (0)   13 :  0.175 0.128 0.002 0.044 0.006 0.024 0.004 0.067 0.006 0.105 0.005 0.002 0.137 0.137 0.158 
149      935    (0)   13 :  0.010 0.012 0.003 0.893 0.005 0.012 0.007 0.010 0.004 0.010 0.005 0.002 0.011 0.010 0.006 
150      936    (0)   13 :  0.023 0.026 0.005 0.180 0.004 0.014 0.007 0.303 0.013 0.020 0.003 0.003 0.024 0.022 0.353 
151      937    (0)   13 :  0.009 0.009 0.001 0.007 0.005 0.005 0.005 0.581 0.002 0.008 0.003 0.002 0.009 0.010 0.344 
152      948    (0)   13 :  0.097 0.105 0.004 0.111 0.006 0.049 0.005 0.020 0.016 0.117 0.009 0.002 0.112 0.125 0.221 
153      956    (0)   13 :  0.016 0.013 0.001 0.013 0.017 0.004 0.006 0.047 0.002 0.014 0.014 0.003 0.013 0.013 0.823 
154      957    (0)   13 :  0.009 0.009 0.002 0.011 0.004 0.007 0.002 0.896 0.003 0.009 0.003 0.004 0.008 0.009 0.025 
155      967    (0)   13 :  0.015 0.016 0.003 0.084 0.005 0.007 0.004 0.795 0.004 0.015 0.003 0.004 0.015 0.014 0.016 
156      968    (2)   13 :  0.023 0.022 0.003 0.005 0.039 0.009 0.008 0.006 0.006 0.019 0.007 0.007 0.025 0.022 0.799 
157      969    (2)   13 :  0.060 0.073 0.003 0.115 0.005 0.022 0.009 0.014 0.010 0.058 0.009 0.010 0.081 0.068 0.463 
158      970    (2)   13 :  0.087 0.074 0.047 0.012 0.005 0.036 0.003 0.479 0.006 0.045 0.004 0.011 0.077 0.083 0.031 
159      971    (4)   13 :  0.022 0.013 0.002 0.152 0.004 0.542 0.027 0.042 0.003 0.015 0.009 0.020 0.014 0.013 0.121 
160      972    (0)   13 :  0.007 0.007 0.007 0.916 0.005 0.004 0.003 0.011 0.003 0.012 0.003 0.001 0.008 0.007 0.006 
161      973    (0)   13 :  0.141 0.161 0.004 0.048 0.011 0.012 0.004 0.010 0.013 0.281 0.005 0.009 0.172 0.117 0.012 
162      978    (0)   13 :  0.004 0.004 0.002 0.005 0.007 0.003 0.003 0.004 0.035 0.005 0.003 0.002 0.004 0.004 0.917 
163      979    (0)   13 :  0.075 0.106 0.004 0.024 0.023 0.087 0.016 0.044 0.003 0.076 0.338 0.015 0.086 0.089 0.015 
164      988    (6)   13 :  0.119 0.006 0.002 0.005 0.004 0.782 0.005 0.006 0.003 0.006 0.006 0.002 0.007 0.006 0.040 
165      989    (0)   13 :  0.082 0.087 0.004 0.081 0.012 0.053 0.018 0.277 0.005 0.114 0.008 0.011 0.094 0.083 0.072 
166      990    (0)   13 :  0.048 0.051 0.007 0.017 0.003 0.007 0.057 0.579 0.015 0.086 0.006 0.006 0.060 0.044 0.014 
167      991    (0)   13 :  0.009 0.009 0.002 0.314 0.005 0.042 0.003 0.558 0.007 0.009 0.003 0.003 0.009 0.010 0.018 
168      992    (0)   13 :  0.025 0.024 0.038 0.085 0.024 0.010 0.012 0.021 0.003 0.033 0.007 0.016 0.027 0.024 0.650 
169     1006    (2)   13 :  0.008 0.009 0.002 0.793 0.034 0.007 0.004 0.008 0.008 0.009 0.012 0.047 0.008 0.008 0.042 
170     1017    (0)   13 :  0.052 0.064 0.003 0.011 0.072 0.005 0.051 0.226 0.012 0.146 0.046 0.004 0.062 0.044 0.201 
171     2582    (4)   13 :  0.016 0.014 0.013 0.708 0.011 0.004 0.106 0.016 0.023 0.017 0.014 0.009 0.016 0.017 0.016 
172      319    (2)   14 :  0.148 0.170 0.003 0.003 0.006 0.026 0.008 0.090 0.005 0.206 0.006 0.004 0.147 0.174 0.005 
173      335    (0)   14 :  0.158 0.186 0.010 0.007 0.003 0.022 0.010 0.032 0.013 0.189 0.006 0.010 0.205 0.143 0.006 
174      895    (0)   14 :  0.166 0.172 0.008 0.005 0.003 0.019 0.003 0.031 0.006 0.209 0.004 0.005 0.171 0.191 0.008 
175      896    (0)   14 :  0.122 0.160 0.008 0.013 0.040 0.020 0.006 0.007 0.003 0.323 0.006 0.002 0.153 0.130 0.007 
176      897    (0)   14 :  0.178 0.190 0.002 0.005 0.016 0.004 0.002 0.006 0.006 0.093 0.004 0.001 0.205 0.281 0.007 
177      898    (0)   14 :  0.149 0.165 0.002 0.010 0.007 0.009 0.006 0.076 0.005 0.094 0.005 0.004 0.165 0.265 0.039 
178      899    (0)   14 :  0.124 0.138 0.004 0.014 0.009 0.009 0.021 0.015 0.004 0.190 0.125 0.002 0.147 0.161 0.036 
179      900    (0)   14 :  0.134 0.152 0.015 0.018 0.020 0.023 0.004 0.016 0.045 0.204 0.009 0.007 0.172 0.172 0.011 
180      901    (0)   14 :  0.112 0.140 0.004 0.007 0.007 0.033 0.026 0.064 0.035 0.194 0.106 0.003 0.142 0.125 0.004 
181      902    (0)   14 :  0.153 0.165 0.013 0.008 0.004 0.021 0.003 0.043 0.003 0.291 0.009 0.002 0.147 0.132 0.007 
182      903    (0)   14 :  0.146 0.160 0.029 0.003 0.010 0.005 0.003 0.010 0.003 0.238 0.004 0.002 0.160 0.222 0.006 
183      904    (0)   14 :  0.201 0.186 0.008 0.005 0.015 0.018 0.007 0.005 0.002 0.101 0.008 0.005 0.196 0.241 0.004 
184      905    (0)   14 :  0.131 0.190 0.022 0.005 0.017 0.029 0.006 0.005 0.003 0.198 0.026 0.007 0.186 0.168 0.006 
185      906    (0)   14 :  0.180 0.195 0.006 0.004 0.005 0.008 0.003 0.007 0.007 0.128 0.003 0.003 0.213 0.227 0.012 
186      907    (0)   14 :  0.176 0.169 0.015 0.006 0.037 0.012 0.004 0.013 0.008 0.165 0.005 0.008 0.179 0.187 0.016 
187      908    (0)   14 :  0.134 0.184 0.003 0.009 0.007 0.006 0.004 0.006 0.007 0.230 0.015 0.005 0.183 0.190 0.017 
188      909    (0)   14 :  0.018 0.017 0.005 0.507 0.004 0.005 0.009 0.051 0.298 0.018 0.013 0.004 0.017 0.017 0.016 
189      910    (0)   14 :  0.179 0.174 0.003 0.012 0.008 0.003 0.004 0.008 0.057 0.117 0.004 0.003 0.206 0.215 0.007 
190      911    (0)   14 :  0.161 0.194 0.006 0.004 0.003 0.014 0.011 0.009 0.046 0.066 0.009 0.023 0.242 0.201 0.011 
191      912    (0)   14 :  0.171 0.216 0.005 0.006 0.005 0.018 0.003 0.007 0.002 0.051 0.004 0.008 0.269 0.224 0.011 
192      913    (0)   14 :  0.109 0.134 0.070 0.025 0.008 0.004 0.023 0.036 0.048 0.195 0.027 0.003 0.136 0.133 0.050 
193     2411    (0)   14 :  0.180 0.188 0.004 0.006 0.007 0.005 0.002 0.006 0.004 0.085 0.008 0.003 0.203 0.293 0.006 
194     2412    (0)   14 :  0.037 0.041 0.016 0.027 0.020 0.010 0.009 0.449 0.007 0.063 0.007 0.002 0.040 0.030 0.243 
195     2413    (0)   14 :  0.163 0.182 0.009 0.005 0.010 0.007 0.013 0.005 0.019 0.171 0.006 0.003 0.173 0.230 0.004 
196     2414    (0)   14 :  0.101 0.130 0.004 0.017 0.003 0.006 0.005 0.014 0.002 0.455 0.005 0.010 0.146 0.093 0.008 
197     2415    (2)   14 :  0.152 0.184 0.003 0.042 0.024 0.013 0.009 0.015 0.017 0.152 0.013 0.003 0.175 0.185 0.011 
198     2417    (4)   14 :  0.128 0.144 0.005 0.019 0.009 0.004 0.010 0.120 0.007 0.190 0.041 0.009 0.140 0.167 0.007 
199     2418    (4)   14 :  0.228 0.171 0.004 0.011 0.013 0.008 0.007 0.006 0.007 0.098 0.004 0.004 0.193 0.241 0.004 
200     2419    (2)   14 :  0.154 0.167 0.002 0.009 0.004 0.015 0.005 0.078 0.005 0.222 0.004 0.009 0.177 0.136 0.013 
201     2420    (0)   14 :  0.157 0.178 0.078 0.009 0.006 0.009 0.002 0.009 0.006 0.159 0.002 0.004 0.177 0.196 0.007 
202     2421    (0)   14 :  0.153 0.144 0.005 0.121 0.010 0.039 0.002 0.020 0.009 0.126 0.006 0.002 0.167 0.172 0.023 
203     2422    (2)   14 :  0.161 0.121 0.005 0.007 0.003 0.021 0.004 0.011 0.239 0.106 0.006 0.007 0.156 0.148 0.005 
204     2423    (0)   14 :  0.149 0.161 0.007 0.005 0.010 0.011 0.012 0.025 0.011 0.231 0.011 0.033 0.163 0.163 0.007 
205     2576    (0)   14 :  0.151 0.153 0.089 0.005 0.010 0.006 0.005 0.013 0.009 0.174 0.009 0.012 0.187 0.160 0.018 
206     1079    (0)   15 :  0.252 0.149 0.002 0.010 0.005 0.006 0.008 0.010 0.003 0.039 0.007 0.050 0.197 0.256 0.005 
207     1081    (0)   15 :  0.227 0.163 0.003 0.006 0.007 0.007 0.062 0.010 0.008 0.081 0.014 0.011 0.185 0.206 0.009 
208     1082    (2)   15 :  0.251 0.171 0.004 0.004 0.009 0.013 0.004 0.007 0.009 0.087 0.006 0.003 0.193 0.234 0.004 
209     1083    (0)   15 :  0.252 0.164 0.003 0.009 0.013 0.009 0.008 0.006 0.007 0.083 0.019 0.039 0.178 0.201 0.009 
210       34    (0)    2 :  0.009 0.008 0.002 0.004 0.012 0.019 0.888 0.004 0.002 0.007 0.015 0.011 0.006 0.007 0.005 
211       38    (0)    2 :  0.009 0.009 0.006 0.020 0.008 0.005 0.874 0.004 0.015 0.011 0.008 0.008 0.009 0.009 0.006 
212       41    (0)    2 :  0.003 0.003 0.001 0.002 0.003 0.003 0.959 0.002 0.001 0.003 0.008 0.002 0.003 0.003 0.003 
213       44    (0)    2 :  0.005 0.010 0.001 0.004 0.004 0.004 0.846 0.003 0.002 0.007 0.100 0.003 0.005 0.004 0.003 
214       45    (0)    2 :  0.006 0.007 0.006 0.007 0.015 0.002 0.817 0.011 0.002 0.006 0.075 0.026 0.006 0.006 0.008 
215       47    (0)    2 :  0.017 0.017 0.008 0.005 0.005 0.010 0.839 0.009 0.010 0.025 0.006 0.003 0.018 0.016 0.015 
216       50    (0)    2 :  0.013 0.016 0.006 0.003 0.101 0.006 0.737 0.003 0.002 0.012 0.045 0.014 0.016 0.016 0.010 
217      384    (0)    2 :  0.011 0.018 0.004 0.021 0.049 0.040 0.515 0.008 0.003 0.010 0.275 0.004 0.010 0.010 0.021 
218      385    (2)    2 :  0.004 0.005 0.005 0.003 0.005 0.003 0.944 0.002 0.004 0.005 0.004 0.004 0.005 0.005 0.003 
219      386    (0)    2 :  0.005 0.030 0.001 0.003 0.007 0.004 0.374 0.003 0.003 0.004 0.551 0.004 0.004 0.004 0.004 
220      387    (0)    2 :  0.002 0.002 0.001 0.002 0.003 0.002 0.964 0.002 0.003 0.002 0.003 0.004 0.002 0.003 0.002 
221      388    (0)    2 :  0.002 0.002 0.001 0.002 0.002 0.002 0.959 0.002 0.003 0.002 0.006 0.007 0.002 0.002 0.004 
222      389    (0)    2 :  0.002 0.002 0.001 0.003 0.002 0.002 0.966 0.004 0.002 0.002 0.004 0.002 0.002 0.002 0.003 
223      390    (4)    2 :  0.012 0.013 0.038 0.008 0.023 0.004 0.754 0.007 0.014 0.015 0.068 0.003 0.012 0.012 0.017 
224      391    (0)    2 :  0.010 0.010 0.005 0.062 0.008 0.009 0.783 0.009 0.008 0.011 0.036 0.016 0.009 0.009 0.015 
225      392    (0)    2 :  0.005 0.006 0.002 0.005 0.017 0.009 0.890 0.007 0.002 0.006 0.033 0.002 0.006 0.005 0.006 
226      393    (2)    2 :  0.004 0.004 0.005 0.004 0.005 0.004 0.928 0.006 0.005 0.004 0.016 0.003 0.004 0.004 0.005 
227      394    (0)    2 :  0.004 0.004 0.002 0.002 0.008 0.003 0.913 0.003 0.002 0.004 0.019 0.023 0.004 0.004 0.003 
228      395    (0)    2 :  0.012 0.012 0.018 0.006 0.005 0.012 0.855 0.004 0.007 0.014 0.024 0.003 0.012 0.013 0.004 
229      396    (0)    2 :  0.003 0.004 0.012 0.003 0.009 0.022 0.908 0.004 0.005 0.004 0.005 0.012 0.003 0.003 0.003 
230     2498    (2)    3 :  0.016 0.017 0.007 0.007 0.027 0.018 0.248 0.011 0.009 0.018 0.579 0.002 0.018 0.016 0.007 
231     2513    (2)    3 :  0.006 0.009 0.002 0.009 0.006 0.004 0.003 0.005 0.008 0.005 0.920 0.008 0.005 0.005 0.004 
232     2514    (2)    3 :  0.051 0.042 0.002 0.007 0.075 0.016 0.050 0.023 0.004 0.045 0.592 0.003 0.037 0.043 0.009 
233     2597    (4)    3 :  0.047 0.049 0.013 0.017 0.016 0.047 0.242 0.015 0.004 0.069 0.372 0.016 0.040 0.032 0.019 
234     2499    (4)    3 :  0.059 0.071 0.004 0.004 0.072 0.007 0.129 0.043 0.012 0.066 0.368 0.022 0.065 0.071 0.007 
235     2500    (0)    3 :  0.007 0.006 0.004 0.003 0.008 0.011 0.006 0.003 0.006 0.006 0.921 0.004 0.006 0.007 0.002 
236     2506    (2)    3 :  0.011 0.051 0.007 0.006 0.019 0.008 0.028 0.005 0.008 0.013 0.805 0.015 0.010 0.010 0.004 
237     2509    (6)    3 :  0.052 0.049 0.009 0.011 0.013 0.072 0.039 0.008 0.022 0.063 0.538 0.011 0.053 0.047 0.013 
238     2511    (2)    3 :  0.009 0.055 0.002 0.005 0.087 0.004 0.009 0.005 0.006 0.009 0.768 0.019 0.009 0.009 0.005 
239     2512    (2)    3 :  0.008 0.011 0.009 0.004 0.011 0.005 0.018 0.004 0.002 0.009 0.855 0.040 0.008 0.008 0.008 
240     2515    (2)    3 :  0.005 0.059 0.002 0.003 0.082 0.003 0.003 0.004 0.002 0.005 0.819 0.003 0.004 0.004 0.002 
241     2516    (2)    3 :  0.016 0.070 0.001 0.007 0.017 0.007 0.014 0.011 0.002 0.015 0.777 0.014 0.016 0.017 0.015 
242     2517    (2)    3 :  0.011 0.053 0.002 0.019 0.078 0.009 0.015 0.012 0.003 0.013 0.662 0.010 0.011 0.010 0.091 
243     2518    (2)    3 :  0.015 0.020 0.004 0.014 0.031 0.006 0.008 0.054 0.008 0.016 0.760 0.011 0.014 0.015 0.022 
244     2519    (0)    3 :  0.050 0.080 0.002 0.021 0.029 0.008 0.008 0.010 0.014 0.115 0.530 0.017 0.054 0.043 0.019 
245     2520    (2)    3 :  0.003 0.049 0.002 0.003 0.017 0.002 0.005 0.003 0.002 0.004 0.895 0.005 0.004 0.003 0.004 
246     2521    (2)    3 :  0.041 0.038 0.002 0.003 0.522 0.033 0.030 0.034 0.003 0.041 0.154 0.006 0.037 0.042 0.013 
247     2603    (4)    3 :  0.018 0.044 0.003 0.004 0.014 0.058 0.008 0.005 0.003 0.029 0.769 0.003 0.019 0.018 0.004 
248     2606    (2)    3 :  0.015 0.035 0.005 0.011 0.029 0.015 0.292 0.010 0.002 0.019 0.524 0.005 0.016 0.015 0.008 
249       87    (0)    4 :  0.009 0.010 0.008 0.013 0.865 0.005 0.007 0.005 0.007 0.010 0.011 0.013 0.009 0.009 0.019 
250       88    (0)    4 :  0.003 0.003 0.001 0.003 0.938 0.003 0.006 0.002 0.002 0.003 0.028 0.002 0.003 0.003 0.002 
251       90    (0)    4 :  0.003 0.014 0.001 0.003 0.022 0.002 0.004 0.002 0.001 0.003 0.927 0.007 0.003 0.003 0.004 
252       92    (0)    4 :  0.013 0.023 0.002 0.009 0.625 0.021 0.026 0.010 0.003 0.017 0.196 0.006 0.013 0.013 0.022 
253       96    (0)    4 :  0.016 0.016 0.002 0.011 0.026 0.052 0.014 0.010 0.020 0.011 0.785 0.009 0.010 0.010 0.007 
254       97    (0)    4 :  0.006 0.008 0.001 0.005 0.830 0.011 0.022 0.009 0.003 0.006 0.067 0.013 0.006 0.006 0.004 
255      105    (0)    4 :  0.006 0.006 0.002 0.004 0.881 0.005 0.007 0.005 0.009 0.007 0.038 0.011 0.006 0.006 0.006 
256      120    (0)    4 :  0.003 0.003 0.003 0.002 0.956 0.005 0.005 0.002 0.002 0.003 0.004 0.002 0.003 0.003 0.004 
257      123    (0)    4 :  0.004 0.051 0.002 0.005 0.035 0.003 0.021 0.006 0.003 0.004 0.850 0.003 0.004 0.004 0.005 
258      128    (0)    4 :  0.005 0.005 0.002 0.002 0.005 0.005 0.009 0.003 0.003 0.004 0.941 0.002 0.005 0.005 0.003 
259      129    (0)    4 :  0.006 0.013 0.002 0.008 0.158 0.004 0.308 0.010 0.004 0.010 0.443 0.003 0.007 0.007 0.015 
260      132    (0)    4 :  0.006 0.006 0.003 0.003 0.915 0.008 0.003 0.003 0.002 0.007 0.024 0.006 0.006 0.006 0.003 
261      504    (0)    4 :  0.005 0.010 0.002 0.012 0.518 0.005 0.083 0.008 0.003 0.007 0.325 0.003 0.006 0.005 0.008 
262      505    (0)    4 :  0.009 0.033 0.002 0.011 0.669 0.008 0.024 0.004 0.004 0.009 0.186 0.011 0.009 0.009 0.014 
263      506    (0)    4 :  0.020 0.020 0.002 0.005 0.507 0.050 0.130 0.007 0.003 0.019 0.183 0.010 0.020 0.020 0.004 
264      507    (0)    4 :  0.006 0.010 0.003 0.016 0.781 0.005 0.095 0.004 0.004 0.007 0.019 0.007 0.006 0.006 0.030 
265      508    (0)    4 :  0.013 0.013 0.021 0.008 0.842 0.021 0.004 0.008 0.003 0.013 0.019 0.004 0.011 0.012 0.006 
266      509    (0)    4 :  0.015 0.019 0.003 0.007 0.738 0.003 0.012 0.006 0.003 0.014 0.122 0.021 0.015 0.017 0.005 
267      510    (0)    4 :  0.005 0.005 0.002 0.004 0.933 0.003 0.009 0.005 0.002 0.005 0.004 0.002 0.005 0.005 0.009 
268      511    (0)    4 :  0.006 0.006 0.002 0.006 0.751 0.003 0.019 0.005 0.011 0.007 0.033 0.132 0.006 0.006 0.006 
269      512    (0)    4 :  0.004 0.006 0.002 0.005 0.576 0.004 0.304 0.006 0.004 0.005 0.067 0.004 0.004 0.004 0.004 
270      513    (0)    4 :  0.004 0.007 0.002 0.002 0.850 0.003 0.062 0.003 0.002 0.005 0.043 0.004 0.004 0.004 0.004 
271      514    (0)    4 :  0.011 0.013 0.003 0.006 0.128 0.018 0.013 0.005 0.011 0.012 0.748 0.007 0.011 0.010 0.005 
272      515    (0)    4 :  0.019 0.034 0.008 0.007 0.660 0.019 0.014 0.016 0.004 0.020 0.137 0.005 0.020 0.027 0.010 
273      558    (0)    4 :  0.008 0.020 0.005 0.012 0.645 0.007 0.007 0.024 0.004 0.010 0.178 0.056 0.009 0.008 0.008 
274      559    (0)    4 :  0.003 0.021 0.002 0.002 0.035 0.004 0.004 0.004 0.002 0.003 0.908 0.003 0.003 0.003 0.003 
275      560    (0)    4 :  0.004 0.007 0.009 0.004 0.084 0.004 0.007 0.003 0.007 0.005 0.840 0.012 0.005 0.004 0.004 
276      561    (0)    4 :  0.006 0.010 0.003 0.004 0.584 0.004 0.031 0.002 0.005 0.007 0.248 0.079 0.006 0.006 0.004 
277      562    (0)    4 :  0.011 0.010 0.003 0.005 0.831 0.018 0.010 0.008 0.002 0.011 0.055 0.005 0.010 0.009 0.012 
278      563    (0)    4 :  0.003 0.003 0.003 0.002 0.963 0.003 0.003 0.003 0.003 0.003 0.003 0.002 0.003 0.003 0.002 
279      564    (0)    4 :  0.008 0.009 0.010 0.007 0.413 0.012 0.006 0.008 0.003 0.008 0.488 0.004 0.008 0.007 0.009 
280      136    (0)    5 :  0.008 0.007 0.002 0.006 0.005 0.004 0.011 0.003 0.004 0.009 0.881 0.042 0.007 0.007 0.004 
281      138    (0)    5 :  0.006 0.006 0.003 0.006 0.009 0.003 0.010 0.008 0.004 0.007 0.913 0.007 0.006 0.006 0.007 
282      140    (0)    5 :  0.008 0.008 0.003 0.022 0.015 0.008 0.008 0.010 0.009 0.010 0.873 0.004 0.008 0.007 0.007 
283      141    (0)    5 :  0.022 0.023 0.005 0.008 0.007 0.004 0.015 0.010 0.004 0.026 0.818 0.005 0.025 0.022 0.006 
284      144    (0)    5 :  0.005 0.005 0.002 0.003 0.005 0.005 0.008 0.003 0.011 0.005 0.929 0.003 0.005 0.005 0.006 
285      146    (0)    5 :  0.005 0.058 0.003 0.003 0.016 0.018 0.008 0.002 0.004 0.004 0.864 0.003 0.004 0.004 0.002 
286      148    (0)    5 :  0.015 0.015 0.002 0.004 0.092 0.022 0.077 0.005 0.002 0.017 0.700 0.016 0.013 0.013 0.007 
287      150    (0)    5 :  0.007 0.007 0.011 0.017 0.007 0.005 0.018 0.005 0.002 0.007 0.890 0.007 0.006 0.007 0.005 
288      152    (0)    5 :  0.005 0.005 0.002 0.004 0.021 0.002 0.030 0.005 0.002 0.005 0.899 0.004 0.005 0.005 0.007 
289      666    (0)    5 :  0.005 0.005 0.002 0.007 0.006 0.003 0.006 0.005 0.002 0.005 0.940 0.002 0.005 0.005 0.005 
290      667    (0)    5 :  0.011 0.011 0.001 0.005 0.007 0.006 0.008 0.007 0.002 0.014 0.894 0.003 0.010 0.010 0.010 
291      668    (0)    5 :  0.014 0.016 0.012 0.112 0.135 0.007 0.061 0.010 0.004 0.021 0.555 0.016 0.016 0.014 0.009 
292      669    (0)    5 :  0.005 0.024 0.004 0.014 0.020 0.002 0.041 0.007 0.002 0.007 0.736 0.117 0.006 0.005 0.011 
293      670    (0)    5 :  0.020 0.023 0.013 0.059 0.061 0.023 0.040 0.240 0.003 0.026 0.429 0.011 0.021 0.023 0.008 
294      684    (0)    5 :  0.005 0.005 0.003 0.008 0.013 0.005 0.019 0.005 0.003 0.005 0.887 0.025 0.005 0.005 0.007 
295      685    (0)    5 :  0.008 0.007 0.010 0.003 0.005 0.007 0.008 0.003 0.004 0.007 0.912 0.007 0.007 0.008 0.004 
296      686    (0)    5 :  0.006 0.007 0.003 0.006 0.109 0.003 0.017 0.010 0.003 0.008 0.801 0.006 0.007 0.006 0.007 
297      687    (0)    5 :  0.006 0.006 0.002 0.006 0.006 0.004 0.016 0.004 0.004 0.007 0.917 0.007 0.006 0.006 0.004 
298      688    (2)    5 :  0.004 0.005 0.002 0.005 0.007 0.004 0.058 0.004 0.004 0.004 0.883 0.008 0.004 0.004 0.005 
299      689    (0)    5 :  0.011 0.012 0.005 0.006 0.009 0.009 0.027 0.012 0.005 0.014 0.846 0.005 0.013 0.011 0.016 
300      165    (0)    6 :  0.013 0.073 0.003 0.010 0.005 0.012 0.008 0.016 0.004 0.012 0.802 0.009 0.012 0.014 0.007 
301      167    (0)    6 :  0.050 0.087 0.044 0.026 0.013 0.224 0.014 0.016 0.003 0.039 0.385 0.013 0.036 0.041 0.009 
302      170    (0)    6 :  0.011 0.021 0.004 0.011 0.016 0.021 0.009 0.013 0.011 0.012 0.822 0.006 0.010 0.009 0.023 
303      714    (0)    6 :  0.010 0.054 0.003 0.005 0.408 0.007 0.035 0.029 0.002 0.015 0.372 0.036 0.011 0.011 0.005 
304      715    (2)    6 :  0.090 0.122 0.014 0.012 0.200 0.029 0.069 0.014 0.004 0.082 0.131 0.011 0.109 0.099 0.015 
305      716    (0)    6 :  0.009 0.067 0.003 0.011 0.005 0.014 0.010 0.009 0.004 0.010 0.818 0.008 0.009 0.009 0.014 
306      717    (2)    6 :  0.086 0.096 0.010 0.003 0.268 0.076 0.014 0.071 0.007 0.124 0.050 0.010 0.098 0.076 0.012 
307     2346    (2)    6 :  0.138 0.168 0.010 0.007 0.004 0.008 0.002 0.003 0.097 0.199 0.002 0.002 0.171 0.168 0.020 
308      718    (0)    7 :  0.007 0.024 0.005 0.011 0.021 0.006 0.017 0.006 0.005 0.008 0.270 0.597 0.007 0.006 0.012 
309      719    (0)    7 :  0.025 0.023 0.006 0.006 0.012 0.006 0.023 0.033 0.017 0.031 0.481 0.273 0.024 0.022 0.017 
310      720    (0)    7 :  0.007 0.026 0.001 0.005 0.017 0.005 0.148 0.006 0.001 0.007 0.130 0.627 0.007 0.007 0.005 
311      721    (0)    7 :  0.021 0.025 0.015 0.022 0.028 0.004 0.026 0.014 0.012 0.027 0.699 0.036 0.022 0.022 0.027 
312      722    (0)    7 :  0.006 0.033 0.002 0.011 0.037 0.012 0.149 0.026 0.002 0.007 0.249 0.448 0.007 0.006 0.005 
313      723    (0)    7 :  0.010 0.039 0.001 0.014 0.092 0.025 0.166 0.043 0.005 0.009 0.553 0.015 0.008 0.008 0.012 
314      724    (0)    7 :  0.004 0.006 0.005 0.005 0.003 0.002 0.028 0.007 0.002 0.005 0.660 0.257 0.005 0.005 0.006 
315      725    (0)    7 :  0.004 0.036 0.003 0.005 0.010 0.003 0.007 0.003 0.006 0.004 0.594 0.314 0.004 0.004 0.004 
316      726    (0)    7 :  0.023 0.023 0.003 0.007 0.008 0.064 0.004 0.005 0.003 0.017 0.186 0.629 0.012 0.013 0.005 
317      727    (0)    7 :  0.003 0.011 0.002 0.005 0.003 0.002 0.010 0.003 0.002 0.003 0.933 0.012 0.003 0.003 0.003 
318      728    (2)    7 :  0.011 0.016 0.002 0.006 0.025 0.004 0.064 0.031 0.002 0.012 0.146 0.654 0.011 0.012 0.003 
319      729    (0)    7 :  0.014 0.055 0.008 0.059 0.011 0.012 0.011 0.012 0.004 0.021 0.434 0.045 0.018 0.014 0.281 
320      730    (0)    7 :  0.002 0.002 0.003 0.002 0.002 0.003 0.002 0.002 0.001 0.002 0.002 0.973 0.002 0.002 0.002 
321      731    (0)    7 :  0.014 0.068 0.005 0.012 0.022 0.004 0.006 0.009 0.006 0.018 0.754 0.032 0.016 0.016 0.018 
322      732    (0)    7 :  0.004 0.003 0.002 0.003 0.003 0.005 0.030 0.003 0.004 0.004 0.008 0.923 0.003 0.003 0.002 
323      733    (0)    7 :  0.005 0.054 0.014 0.012 0.013 0.012 0.004 0.006 0.003 0.006 0.830 0.008 0.005 0.005 0.022 
324      734    (0)    7 :  0.003 0.055 0.002 0.005 0.039 0.002 0.005 0.003 0.002 0.003 0.867 0.004 0.003 0.003 0.004 
325      189    (0)    8 :  0.009 0.006 0.006 0.005 0.007 0.039 0.010 0.007 0.872 0.007 0.007 0.003 0.007 0.007 0.008 
326      190    (0)    8 :  0.003 0.003 0.002 0.003 0.002 0.004 0.004 0.003 0.962 0.003 0.003 0.002 0.003 0.003 0.002 
327      193    (0)    8 :  0.008 0.008 0.001 0.003 0.006 0.003 0.002 0.005 0.927 0.010 0.004 0.002 0.008 0.008 0.005 
328      761    (0)    8 :  0.003 0.002 0.001 0.003 0.003 0.004 0.003 0.004 0.963 0.002 0.002 0.002 0.003 0.003 0.003 
329      762    (0)    8 :  0.004 0.004 0.002 0.005 0.002 0.003 0.002 0.008 0.939 0.004 0.005 0.009 0.004 0.004 0.005 
330      763    (0)    8 :  0.004 0.004 0.003 0.007 0.004 0.003 0.005 0.005 0.942 0.004 0.005 0.003 0.004 0.004 0.004 
331      764    (0)    8 :  0.003 0.003 0.002 0.004 0.002 0.003 0.008 0.004 0.949 0.003 0.004 0.004 0.003 0.003 0.004 
332      765    (0)    8 :  0.005 0.005 0.002 0.003 0.005 0.005 0.006 0.004 0.938 0.005 0.004 0.004 0.005 0.005 0.004 
333      778    (0)    8 :  0.013 0.014 0.013 0.009 0.016 0.009 0.012 0.005 0.843 0.015 0.012 0.004 0.014 0.014 0.007 
334      779    (0)    8 :  0.004 0.004 0.003 0.004 0.002 0.005 0.028 0.005 0.921 0.004 0.005 0.003 0.004 0.004 0.004 
335      780    (0)    8 :  0.003 0.003 0.002 0.006 0.002 0.003 0.003 0.003 0.956 0.003 0.002 0.002 0.003 0.003 0.006 
336      781    (0)    8 :  0.003 0.003 0.017 0.003 0.006 0.003 0.003 0.003 0.941 0.003 0.003 0.004 0.003 0.003 0.003 
337      782    (0)    8 :  0.005 0.005 0.002 0.003 0.009 0.004 0.018 0.003 0.925 0.005 0.007 0.002 0.005 0.005 0.002 
338      783    (0)    8 :  0.001 0.001 0.001 0.002 0.001 0.001 0.002 0.001 0.980 0.001 0.002 0.001 0.001 0.001 0.002 
339      784    (0)    8 :  0.005 0.005 0.001 0.004 0.005 0.006 0.004 0.004 0.941 0.006 0.003 0.002 0.005 0.005 0.003 
340      785    (0)    8 :  0.004 0.004 0.004 0.004 0.002 0.003 0.003 0.005 0.949 0.004 0.003 0.004 0.004 0.004 0.004 
341      786    (0)    8 :  0.004 0.004 0.001 0.008 0.002 0.006 0.003 0.005 0.947 0.004 0.003 0.001 0.004 0.004 0.003 
342      787    (0)    8 :  0.003 0.003 0.003 0.003 0.002 0.002 0.010 0.003 0.951 0.003 0.004 0.002 0.003 0.003 0.003 
343      788    (0)    8 :  0.008 0.009 0.004 0.008 0.009 0.003 0.004 0.005 0.906 0.009 0.007 0.004 0.009 0.009 0.006 
344      789    (0)    8 :  0.008 0.009 0.002 0.002 0.002 0.009 0.010 0.005 0.919 0.008 0.004 0.001 0.009 0.009 0.004 
345      790    (0)    8 :  0.005 0.005 0.006 0.005 0.002 0.009 0.010 0.006 0.926 0.005 0.004 0.003 0.005 0.005 0.006 
346      791    (0)    8 :  0.006 0.006 0.002 0.006 0.004 0.003 0.012 0.006 0.921 0.006 0.008 0.002 0.006 0.007 0.004 
347      792    (0)    8 :  0.002 0.002 0.004 0.002 0.003 0.002 0.002 0.002 0.966 0.002 0.002 0.004 0.002 0.002 0.002 
348      793    (0)    8 :  0.006 0.006 0.002 0.005 0.003 0.004 0.014 0.005 0.921 0.007 0.005 0.004 0.007 0.006 0.005 
349      794    (0)    8 :  0.006 0.006 0.003 0.007 0.003 0.004 0.003 0.006 0.936 0.006 0.002 0.003 0.006 0.006 0.005 
350      795    (0)    8 :  0.005 0.005 0.003 0.003 0.006 0.004 0.002 0.003 0.945 0.005 0.003 0.003 0.005 0.005 0.003 
351      796    (0)    8 :  0.002 0.002 0.003 0.002 0.002 0.002 0.002 0.002 0.971 0.002 0.002 0.002 0.002 0.002 0.002 
352      797    (0)    8 :  0.003 0.003 0.002 0.007 0.002 0.002 0.002 0.002 0.961 0.003 0.002 0.002 0.003 0.003 0.003 
353      798    (0)    8 :  0.003 0.004 0.002 0.003 0.005 0.003 0.004 0.006 0.934 0.004 0.007 0.003 0.003 0.003 0.017 
354      282    (0)    9 :  0.007 0.007 0.932 0.004 0.005 0.003 0.002 0.004 0.002 0.009 0.004 0.002 0.007 0.007 0.003 
355      284    (0)    9 :  0.004 0.003 0.947 0.003 0.002 0.002 0.002 0.003 0.010 0.003 0.003 0.007 0.003 0.003 0.003 
356      287    (0)    9 :  0.006 0.006 0.939 0.004 0.002 0.003 0.003 0.003 0.003 0.006 0.002 0.004 0.006 0.005 0.008 
357      295    (0)    9 :  0.001 0.001 0.982 0.001 0.002 0.001 0.001 0.001 0.002 0.001 0.001 0.001 0.001 0.001 0.001 
358      302    (0)    9 :  0.001 0.001 0.980 0.002 0.001 0.001 0.002 0.002 0.002 0.001 0.001 0.001 0.001 0.001 0.002 
359      306    (2)    9 :  0.011 0.012 0.889 0.009 0.003 0.002 0.006 0.007 0.004 0.014 0.006 0.005 0.012 0.011 0.007 
360      308    (0)    9 :  0.002 0.002 0.973 0.002 0.002 0.002 0.002 0.001 0.001 0.002 0.002 0.003 0.002 0.002 0.002 
361      867    (0)    9 :  0.002 0.002 0.977 0.002 0.002 0.001 0.001 0.001 0.001 0.002 0.002 0.002 0.002 0.002 0.002 


Estimated Allele Frequencies in each cluster
First column gives estimated ancestral frequencies


Locus 1 : 1 
4 alleles
0.0% missing data
  89   (0.540) 0.527 0.555 0.076 0.599 0.274 0.530 0.621 0.463 0.642 0.540 0.629 0.693 0.544 0.543 0.497 
  91   (0.369) 0.390 0.359 0.732 0.382 0.570 0.438 0.211 0.511 0.312 0.369 0.344 0.296 0.364 0.368 0.353 
  93   (0.071) 0.063 0.062 0.041 0.014 0.154 0.023 0.167 0.019 0.045 0.071 0.027 0.009 0.064 0.066 0.125 
  99   (0.020) 0.021 0.024 0.151 0.006 0.002 0.009 0.001 0.007 0.001 0.020 0.001 0.002 0.027 0.023 0.025 

Locus 2 : 2 
6 alleles
1.4% missing data
 136   (0.320) 0.335 0.359 0.197 0.070 0.695 0.206 0.435 0.180 0.461 0.320 0.580 0.112 0.334 0.352 0.085 
 134   (0.243) 0.223 0.221 0.032 0.306 0.186 0.443 0.131 0.232 0.379 0.243 0.153 0.198 0.233 0.224 0.218 
 138   (0.305) 0.284 0.296 0.755 0.450 0.103 0.225 0.356 0.467 0.152 0.305 0.227 0.252 0.301 0.291 0.593 
 140   (0.076) 0.095 0.069 0.010 0.036 0.011 0.104 0.075 0.047 0.005 0.076 0.038 0.432 0.075 0.075 0.041 
 132   (0.025) 0.031 0.030 0.003 0.004 0.003 0.007 0.002 0.007 0.002 0.025 0.001 0.002 0.031 0.032 0.007 
 142   (0.031) 0.032 0.025 0.004 0.134 0.003 0.015 0.002 0.067 0.002 0.031 0.001 0.003 0.026 0.025 0.056 

Locus 3 : 3 
6 alleles
0.0% missing data
 181   (0.246) 0.227 0.236 0.192 0.442 0.083 0.347 0.150 0.098 0.066 0.246 0.257 0.069 0.234 0.220 0.446 
 187   (0.348) 0.362 0.347 0.755 0.164 0.544 0.266 0.679 0.333 0.254 0.348 0.465 0.689 0.340 0.346 0.152 
 179   (0.246) 0.256 0.261 0.033 0.204 0.357 0.280 0.159 0.342 0.015 0.246 0.246 0.225 0.261 0.268 0.146 
 191   (0.033) 0.026 0.029 0.004 0.007 0.004 0.010 0.003 0.008 0.195 0.033 0.028 0.004 0.031 0.027 0.016 
 185   (0.068) 0.068 0.070 0.009 0.017 0.007 0.054 0.005 0.088 0.466 0.068 0.002 0.007 0.075 0.074 0.201 
 175   (0.059) 0.060 0.058 0.007 0.167 0.005 0.043 0.004 0.131 0.004 0.059 0.002 0.006 0.059 0.066 0.039 

Locus 4 : 4 
10 alleles
0.0% missing data
 253   (0.525) 0.522 0.569 0.535 0.772 0.502 0.481 0.512 0.532 0.463 0.525 0.800 0.646 0.553 0.545 0.378 
 249   (0.028) 0.020 0.021 0.003 0.005 0.032 0.008 0.003 0.006 0.002 0.028 0.071 0.300 0.022 0.020 0.006 
 271   (0.038) 0.051 0.031 0.005 0.006 0.048 0.144 0.003 0.030 0.002 0.038 0.035 0.005 0.031 0.029 0.012 
 241   (0.131) 0.115 0.119 0.213 0.076 0.357 0.044 0.063 0.191 0.149 0.131 0.016 0.019 0.125 0.127 0.229 
 257   (0.008) 0.005 0.005 0.001 0.001 0.002 0.002 0.001 0.002 0.000 0.008 0.001 0.001 0.006 0.005 0.002 
 269   (0.177) 0.168 0.156 0.231 0.105 0.051 0.221 0.412 0.206 0.097 0.177 0.074 0.021 0.162 0.163 0.347 
 247   (0.069) 0.099 0.079 0.008 0.031 0.007 0.094 0.005 0.028 0.284 0.069 0.002 0.007 0.080 0.092 0.022 
 239   (0.007) 0.005 0.005 0.001 0.001 0.001 0.002 0.001 0.001 0.000 0.007 0.000 0.001 0.006 0.005 0.001 
 245   (0.007) 0.005 0.006 0.001 0.001 0.001 0.002 0.001 0.001 0.000 0.007 0.000 0.001 0.006 0.006 0.001 
 273   (0.010) 0.009 0.010 0.001 0.001 0.001 0.003 0.001 0.002 0.001 0.010 0.000 0.001 0.010 0.011 0.002 

Locus 5 : 5 
7 alleles
0.8% missing data
 103   (0.854) 0.832 0.835 0.980 0.954 0.983 0.945 0.987 0.916 0.967 0.854 0.991 0.985 0.821 0.814 0.951 
 104   (0.057) 0.075 0.075 0.008 0.025 0.008 0.023 0.006 0.042 0.004 0.057 0.006 0.006 0.084 0.081 0.023 
 105   (0.046) 0.060 0.057 0.006 0.014 0.005 0.020 0.003 0.023 0.003 0.046 0.002 0.005 0.061 0.070 0.017 
 102   (0.017) 0.016 0.016 0.003 0.003 0.002 0.004 0.001 0.013 0.001 0.017 0.001 0.002 0.016 0.017 0.003 
 101   (0.011) 0.008 0.008 0.001 0.002 0.001 0.004 0.001 0.003 0.013 0.011 0.000 0.001 0.008 0.008 0.002 
 107   (0.007) 0.005 0.005 0.001 0.001 0.001 0.002 0.001 0.001 0.000 0.007 0.000 0.001 0.005 0.005 0.001 
  99   (0.007) 0.005 0.005 0.001 0.001 0.001 0.002 0.001 0.002 0.012 0.007 0.000 0.001 0.005 0.004 0.002 

Locus 6 : 6 
5 alleles
0.3% missing data
 141   (0.297) 0.293 0.308 0.040 0.193 0.283 0.648 0.490 0.355 0.132 0.297 0.603 0.843 0.298 0.281 0.130 
 145   (0.407) 0.432 0.401 0.383 0.718 0.135 0.217 0.211 0.457 0.259 0.407 0.182 0.074 0.417 0.440 0.494 
 135   (0.224) 0.215 0.228 0.567 0.076 0.366 0.114 0.136 0.155 0.288 0.224 0.200 0.066 0.219 0.219 0.358 
 147   (0.063) 0.050 0.053 0.009 0.012 0.215 0.018 0.162 0.030 0.321 0.063 0.014 0.016 0.056 0.050 0.015 
 137   (0.010) 0.009 0.010 0.001 0.002 0.001 0.002 0.001 0.002 0.001 0.010 0.000 0.001 0.010 0.010 0.002 

Locus 7 : 7 
8 alleles
1.1% missing data
  93   (0.243) 0.210 0.229 0.720 0.336 0.408 0.287 0.310 0.353 0.066 0.243 0.322 0.625 0.218 0.218 0.187 
 103   (0.286) 0.327 0.302 0.043 0.382 0.299 0.233 0.566 0.313 0.506 0.286 0.376 0.084 0.290 0.296 0.391 
  91   (0.064) 0.056 0.059 0.060 0.068 0.007 0.035 0.045 0.018 0.158 0.064 0.031 0.007 0.064 0.060 0.016 
  97   (0.202) 0.210 0.199 0.147 0.096 0.142 0.209 0.059 0.053 0.257 0.202 0.188 0.030 0.207 0.206 0.254 
  85   (0.041) 0.035 0.038 0.006 0.009 0.008 0.014 0.004 0.010 0.003 0.041 0.057 0.005 0.038 0.039 0.054 
  89   (0.104) 0.090 0.096 0.016 0.071 0.131 0.201 0.011 0.228 0.007 0.104 0.024 0.244 0.098 0.099 0.062 
  83   (0.049) 0.062 0.066 0.007 0.031 0.005 0.017 0.004 0.022 0.003 0.049 0.002 0.005 0.073 0.071 0.034 
 105   (0.010) 0.010 0.010 0.001 0.006 0.001 0.003 0.001 0.002 0.001 0.010 0.000 0.001 0.012 0.011 0.002 

Locus 8 : 8 
8 alleles
0.0% missing data
 129   (0.543) 0.532 0.537 0.150 0.734 0.438 0.429 0.702 0.773 0.640 0.543 0.712 0.672 0.529 0.532 0.616 
 141   (0.064) 0.061 0.061 0.009 0.015 0.155 0.018 0.039 0.027 0.212 0.064 0.107 0.012 0.058 0.061 0.024 
 149   (0.097) 0.090 0.105 0.012 0.031 0.048 0.148 0.169 0.078 0.016 0.097 0.133 0.016 0.104 0.097 0.058 
 143   (0.250) 0.276 0.258 0.746 0.211 0.354 0.393 0.085 0.108 0.129 0.250 0.047 0.295 0.268 0.268 0.273 
 145   (0.007) 0.005 0.005 0.001 0.001 0.001 0.002 0.001 0.001 0.000 0.007 0.000 0.001 0.006 0.005 0.001 
 133   (0.015) 0.015 0.016 0.002 0.003 0.002 0.004 0.001 0.007 0.001 0.015 0.001 0.001 0.016 0.019 0.005 
 131   (0.011) 0.007 0.007 0.040 0.003 0.001 0.003 0.001 0.002 0.001 0.011 0.000 0.001 0.007 0.006 0.019 
 127   (0.014) 0.013 0.012 0.041 0.002 0.001 0.004 0.001 0.003 0.001 0.014 0.000 0.001 0.012 0.012 0.003 

Locus 9 : 9 
4 alleles
0.0% missing data
 191   (0.376) 0.363 0.394 0.260 0.316 0.611 0.323 0.601 0.144 0.546 0.376 0.555 0.834 0.388 0.377 0.385 
 195   (0.152) 0.166 0.143 0.405 0.336 0.039 0.241 0.239 0.062 0.053 0.152 0.181 0.036 0.139 0.136 0.273 
 189   (0.464) 0.466 0.459 0.334 0.346 0.350 0.434 0.158 0.792 0.401 0.464 0.261 0.130 0.467 0.483 0.339 
 193   (0.008) 0.005 0.005 0.001 0.001 0.001 0.002 0.001 0.002 0.000 0.008 0.003 0.001 0.005 0.005 0.002 

Locus 10 : 10 
7 alleles
0.0% missing data
 232   (0.246) 0.234 0.257 0.186 0.210 0.404 0.099 0.150 0.084 0.273 0.246 0.308 0.573 0.247 0.251 0.202 
 238   (0.564) 0.593 0.555 0.409 0.734 0.405 0.837 0.753 0.846 0.342 0.564 0.565 0.135 0.558 0.557 0.681 
 252   (0.112) 0.103 0.119 0.018 0.043 0.183 0.042 0.079 0.052 0.032 0.112 0.109 0.278 0.118 0.116 0.101 
 254   (0.041) 0.036 0.037 0.382 0.006 0.005 0.012 0.015 0.009 0.266 0.041 0.016 0.011 0.041 0.041 0.009 
 250   (0.010) 0.012 0.010 0.001 0.002 0.001 0.002 0.001 0.002 0.001 0.010 0.000 0.001 0.012 0.012 0.002 
 248   (0.020) 0.017 0.017 0.003 0.003 0.002 0.005 0.001 0.005 0.086 0.020 0.001 0.002 0.018 0.018 0.004 
 236   (0.007) 0.005 0.005 0.001 0.001 0.001 0.002 0.001 0.002 0.001 0.007 0.000 0.001 0.006 0.005 0.001 

Locus 11 : 11 
3 alleles
0.0% missing data
  87   (0.731) 0.752 0.740 0.964 0.855 0.552 0.899 0.587 0.791 0.533 0.731 0.657 0.357 0.742 0.741 0.839 
  89   (0.211) 0.198 0.208 0.028 0.110 0.336 0.074 0.408 0.190 0.383 0.211 0.289 0.612 0.206 0.210 0.129 
  91   (0.058) 0.050 0.052 0.007 0.036 0.112 0.026 0.005 0.020 0.083 0.058 0.054 0.031 0.053 0.049 0.032 

Locus 12 : 12 
12 alleles
0.0% missing data
 160   (0.218) 0.188 0.194 0.589 0.354 0.187 0.175 0.230 0.259 0.717 0.218 0.091 0.035 0.195 0.187 0.264 
 162   (0.248) 0.302 0.266 0.076 0.283 0.104 0.374 0.242 0.293 0.232 0.248 0.204 0.695 0.265 0.280 0.117 
 147   (0.056) 0.042 0.055 0.007 0.014 0.352 0.018 0.103 0.089 0.003 0.056 0.105 0.152 0.045 0.043 0.038 
 158   (0.238) 0.240 0.243 0.032 0.239 0.319 0.144 0.405 0.110 0.021 0.238 0.563 0.086 0.239 0.238 0.317 
 161   (0.106) 0.105 0.108 0.130 0.032 0.025 0.044 0.009 0.129 0.018 0.106 0.025 0.016 0.115 0.115 0.158 
 170   (0.048) 0.051 0.055 0.006 0.010 0.005 0.018 0.005 0.056 0.003 0.048 0.009 0.006 0.058 0.056 0.046 
 149   (0.024) 0.020 0.019 0.003 0.048 0.002 0.209 0.002 0.008 0.001 0.024 0.001 0.002 0.021 0.019 0.012 
 154   (0.018) 0.019 0.020 0.002 0.003 0.002 0.006 0.001 0.004 0.001 0.018 0.001 0.002 0.020 0.023 0.003 
 143   (0.020) 0.020 0.024 0.152 0.013 0.002 0.006 0.001 0.004 0.001 0.020 0.001 0.002 0.026 0.024 0.004 
 150   (0.008) 0.004 0.004 0.001 0.002 0.001 0.002 0.001 0.002 0.000 0.008 0.000 0.001 0.005 0.004 0.023 
 159   (0.009) 0.006 0.006 0.001 0.001 0.001 0.002 0.001 0.043 0.001 0.009 0.000 0.001 0.006 0.005 0.015 
 164   (0.008) 0.005 0.006 0.001 0.001 0.001 0.002 0.001 0.001 0.000 0.008 0.000 0.001 0.006 0.005 0.001 

Locus 13 : 13 
4 alleles
0.0% missing data
 108   (0.190) 0.173 0.176 0.315 0.077 0.169 0.071 0.148 0.134 0.199 0.190 0.170 0.418 0.178 0.175 0.131 
 115   (0.451) 0.447 0.456 0.093 0.540 0.350 0.662 0.774 0.513 0.284 0.451 0.528 0.508 0.441 0.445 0.486 
 113   (0.352) 0.374 0.362 0.591 0.382 0.480 0.265 0.078 0.351 0.516 0.352 0.301 0.073 0.374 0.375 0.382 
 109   (0.008) 0.005 0.006 0.001 0.002 0.001 0.002 0.001 0.002 0.000 0.008 0.000 0.001 0.006 0.005 0.001 

Locus 14 : 14 
5 alleles
0.3% missing data
 227   (0.166) 0.138 0.148 0.230 0.308 0.321 0.100 0.253 0.308 0.018 0.166 0.262 0.064 0.144 0.136 0.383 
 231   (0.118) 0.116 0.125 0.300 0.020 0.118 0.036 0.057 0.031 0.356 0.118 0.106 0.021 0.125 0.133 0.035 
 229   (0.530) 0.564 0.553 0.114 0.591 0.401 0.774 0.338 0.458 0.413 0.530 0.488 0.863 0.550 0.557 0.456 
 225   (0.114) 0.111 0.103 0.244 0.025 0.022 0.066 0.301 0.180 0.208 0.114 0.048 0.015 0.105 0.100 0.098 
 233   (0.072) 0.071 0.072 0.112 0.056 0.138 0.024 0.050 0.024 0.005 0.072 0.096 0.037 0.076 0.074 0.028 

Locus 15 : 15 
5 alleles
0.3% missing data
 143   (0.842) 0.843 0.846 0.764 0.941 0.977 0.900 0.951 0.941 0.812 0.842 0.969 0.983 0.835 0.841 0.703 
 157   (0.010) 0.007 0.008 0.001 0.002 0.001 0.003 0.002 0.002 0.001 0.010 0.020 0.001 0.007 0.006 0.002 
 145   (0.088) 0.089 0.091 0.226 0.042 0.016 0.042 0.043 0.040 0.006 0.088 0.009 0.011 0.099 0.095 0.131 
 147   (0.042) 0.046 0.040 0.006 0.013 0.004 0.051 0.003 0.014 0.150 0.042 0.001 0.004 0.043 0.041 0.160 
 133   (0.017) 0.015 0.015 0.002 0.003 0.002 0.004 0.001 0.004 0.032 0.017 0.001 0.002 0.017 0.018 0.004 

Locus 16 : 16 
5 alleles
0.3% missing data
 156   (0.242) 0.235 0.244 0.582 0.189 0.092 0.118 0.254 0.165 0.505 0.242 0.324 0.206 0.247 0.254 0.320 
 158   (0.531) 0.522 0.535 0.213 0.737 0.696 0.468 0.506 0.622 0.196 0.531 0.500 0.316 0.535 0.530 0.498 
 160   (0.139) 0.150 0.131 0.018 0.036 0.202 0.386 0.213 0.169 0.111 0.139 0.127 0.466 0.125 0.117 0.161 
 154   (0.077) 0.086 0.083 0.186 0.018 0.009 0.026 0.026 0.022 0.187 0.077 0.049 0.010 0.085 0.093 0.018 
 152   (0.011) 0.006 0.007 0.001 0.021 0.001 0.003 0.001 0.021 0.001 0.011 0.000 0.001 0.007 0.006 0.002 

Locus 17 : 17 
5 alleles
0.0% missing data
 102   (0.220) 0.214 0.226 0.031 0.064 0.100 0.140 0.252 0.424 0.198 0.220 0.248 0.094 0.222 0.217 0.265 
  90   (0.674) 0.651 0.663 0.589 0.914 0.863 0.542 0.737 0.544 0.794 0.674 0.719 0.612 0.657 0.660 0.699 
  88   (0.068) 0.092 0.071 0.009 0.015 0.033 0.306 0.008 0.018 0.005 0.067 0.032 0.290 0.079 0.076 0.015 
 100   (0.031) 0.036 0.035 0.371 0.006 0.003 0.009 0.002 0.010 0.002 0.031 0.001 0.003 0.037 0.041 0.007 
 104   (0.008) 0.007 0.005 0.001 0.001 0.001 0.004 0.001 0.003 0.000 0.008 0.000 0.001 0.005 0.004 0.015 

Locus 18 : 18 
8 alleles
0.3% missing data
 142   (0.146) 0.145 0.161 0.019 0.031 0.368 0.125 0.410 0.065 0.009 0.146 0.418 0.783 0.145 0.151 0.166 
 146   (0.090) 0.089 0.089 0.012 0.028 0.028 0.153 0.325 0.232 0.225 0.090 0.157 0.044 0.090 0.080 0.033 
 140   (0.262) 0.273 0.254 0.320 0.153 0.427 0.431 0.044 0.216 0.177 0.262 0.097 0.042 0.264 0.269 0.281 
 127   (0.262) 0.258 0.268 0.471 0.498 0.081 0.147 0.139 0.267 0.059 0.262 0.182 0.069 0.268 0.270 0.177 
 148   (0.100) 0.096 0.095 0.014 0.063 0.050 0.096 0.009 0.160 0.214 0.100 0.065 0.033 0.094 0.091 0.055 
 128   (0.027) 0.034 0.026 0.104 0.004 0.017 0.008 0.002 0.006 0.002 0.027 0.068 0.006 0.028 0.030 0.006 
 150   (0.058) 0.055 0.057 0.007 0.209 0.006 0.017 0.004 0.030 0.310 0.058 0.002 0.006 0.059 0.058 0.191 
 138   (0.056) 0.051 0.049 0.052 0.014 0.023 0.023 0.066 0.024 0.004 0.056 0.011 0.016 0.052 0.052 0.092 

Locus 19 : 19 
6 alleles
0.0% missing data
 188   (0.199) 0.201 0.201 0.025 0.096 0.169 0.115 0.029 0.113 0.173 0.199 0.113 0.565 0.203 0.211 0.272 
 190   (0.150) 0.143 0.140 0.019 0.300 0.346 0.306 0.597 0.080 0.198 0.150 0.365 0.019 0.126 0.123 0.114 
 194   (0.568) 0.580 0.579 0.946 0.546 0.477 0.379 0.367 0.554 0.480 0.568 0.519 0.408 0.586 0.586 0.596 
 200   (0.061) 0.059 0.063 0.007 0.054 0.006 0.195 0.005 0.249 0.004 0.061 0.002 0.005 0.066 0.061 0.014 
 202   (0.014) 0.011 0.011 0.002 0.002 0.001 0.003 0.001 0.003 0.145 0.014 0.000 0.001 0.012 0.011 0.003 
 196   (0.008) 0.006 0.006 0.001 0.001 0.001 0.002 0.001 0.002 0.000 0.008 0.000 0.001 0.007 0.007 0.001 

Locus 20 : 20 
6 alleles
0.8% missing data
 252   (0.721) 0.741 0.746 0.366 0.711 0.718 0.648 0.925 0.851 0.727 0.721 0.826 0.819 0.741 0.748 0.750 
 250   (0.078) 0.063 0.075 0.337 0.021 0.059 0.083 0.011 0.029 0.140 0.078 0.117 0.011 0.071 0.064 0.202 
 244   (0.019) 0.012 0.012 0.002 0.012 0.002 0.005 0.043 0.006 0.001 0.019 0.003 0.148 0.013 0.011 0.004 
 254   (0.079) 0.080 0.070 0.114 0.137 0.010 0.128 0.013 0.078 0.084 0.079 0.036 0.011 0.072 0.070 0.019 
 246   (0.083) 0.079 0.076 0.178 0.115 0.208 0.130 0.006 0.028 0.047 0.083 0.006 0.009 0.081 0.083 0.018 
 248   (0.020) 0.025 0.020 0.003 0.004 0.003 0.005 0.002 0.008 0.001 0.020 0.013 0.002 0.022 0.024 0.007 

Locus 21 : 21 
7 alleles
0.0% missing data
 173   (0.293) 0.278 0.281 0.137 0.569 0.123 0.279 0.405 0.481 0.213 0.293 0.355 0.172 0.273 0.270 0.576 
 177   (0.300) 0.315 0.311 0.265 0.205 0.642 0.419 0.135 0.235 0.170 0.300 0.296 0.172 0.303 0.306 0.257 
 175   (0.123) 0.115 0.125 0.458 0.083 0.032 0.058 0.088 0.088 0.258 0.123 0.016 0.017 0.129 0.130 0.051 
 167   (0.183) 0.179 0.179 0.126 0.126 0.190 0.068 0.308 0.171 0.120 0.183 0.327 0.630 0.181 0.181 0.084 
 163   (0.040) 0.039 0.038 0.005 0.007 0.004 0.013 0.003 0.011 0.225 0.040 0.004 0.004 0.041 0.038 0.019 
 159   (0.022) 0.030 0.026 0.003 0.003 0.002 0.007 0.002 0.004 0.001 0.022 0.001 0.002 0.030 0.032 0.004 
 165   (0.039) 0.044 0.040 0.005 0.006 0.007 0.157 0.059 0.010 0.013 0.039 0.001 0.004 0.043 0.043 0.008 

Locus 22 : 22 
11 alleles
1.1% missing data
 146   (0.234) 0.226 0.243 0.083 0.197 0.241 0.245 0.046 0.363 0.137 0.234 0.265 0.820 0.239 0.231 0.308 
 154   (0.012) 0.007 0.015 0.001 0.002 0.004 0.003 0.017 0.003 0.001 0.012 0.080 0.001 0.008 0.007 0.002 
 166   (0.091) 0.112 0.094 0.115 0.020 0.246 0.152 0.008 0.031 0.006 0.091 0.030 0.010 0.096 0.100 0.026 
 152   (0.462) 0.437 0.441 0.462 0.686 0.447 0.529 0.913 0.547 0.366 0.463 0.576 0.146 0.433 0.431 0.566 
 150   (0.031) 0.037 0.034 0.116 0.007 0.007 0.010 0.003 0.016 0.002 0.031 0.008 0.004 0.035 0.035 0.010 
 164   (0.024) 0.020 0.020 0.003 0.004 0.041 0.006 0.002 0.006 0.002 0.024 0.016 0.003 0.022 0.022 0.006 
 158   (0.070) 0.087 0.081 0.010 0.014 0.007 0.027 0.005 0.016 0.105 0.070 0.022 0.009 0.090 0.093 0.048 
 162   (0.041) 0.050 0.045 0.005 0.009 0.004 0.019 0.003 0.012 0.071 0.041 0.001 0.004 0.048 0.055 0.011 
 142   (0.013) 0.010 0.013 0.002 0.052 0.001 0.003 0.001 0.003 0.001 0.013 0.000 0.001 0.014 0.012 0.002 
 156   (0.012) 0.007 0.007 0.001 0.008 0.001 0.003 0.001 0.002 0.310 0.012 0.000 0.001 0.008 0.006 0.018 
 148   (0.010) 0.007 0.007 0.202 0.002 0.001 0.002 0.001 0.002 0.001 0.010 0.000 0.001 0.007 0.007 0.002 

Locus 23 : 23 
7 alleles
0.6% missing data
 152   (0.016) 0.010 0.011 0.002 0.003 0.091 0.004 0.002 0.005 0.001 0.016 0.078 0.002 0.011 0.009 0.005 
 156   (0.118) 0.142 0.132 0.017 0.038 0.080 0.090 0.013 0.051 0.032 0.118 0.044 0.012 0.137 0.152 0.031 
 144   (0.159) 0.138 0.143 0.566 0.431 0.157 0.058 0.055 0.205 0.645 0.159 0.210 0.025 0.143 0.138 0.119 
 160   (0.112) 0.087 0.092 0.015 0.033 0.297 0.185 0.121 0.121 0.104 0.112 0.195 0.014 0.094 0.091 0.223 
 154   (0.564) 0.577 0.595 0.395 0.490 0.371 0.529 0.796 0.611 0.216 0.564 0.472 0.928 0.588 0.579 0.616 
 158   (0.022) 0.038 0.019 0.003 0.003 0.002 0.131 0.012 0.004 0.001 0.022 0.001 0.019 0.020 0.021 0.004 
 146   (0.010) 0.008 0.008 0.002 0.001 0.001 0.002 0.001 0.002 0.001 0.010 0.000 0.001 0.009 0.010 0.002 

Locus 24 : 24 
4 alleles
0.3% missing data
  77   (0.094) 0.077 0.106 0.013 0.052 0.023 0.038 0.121 0.174 0.049 0.094 0.371 0.050 0.082 0.078 0.064 
  83   (0.457) 0.431 0.441 0.712 0.436 0.612 0.462 0.727 0.320 0.922 0.457 0.447 0.228 0.447 0.445 0.451 
  81   (0.370) 0.419 0.375 0.264 0.411 0.331 0.472 0.144 0.430 0.025 0.370 0.159 0.710 0.393 0.397 0.323 
  85   (0.080) 0.073 0.078 0.011 0.101 0.034 0.028 0.009 0.076 0.005 0.080 0.023 0.012 0.078 0.080 0.162 

Locus 25 : 25 
6 alleles
0.3% missing data
 132   (0.344) 0.349 0.364 0.209 0.400 0.156 0.287 0.574 0.240 0.448 0.344 0.502 0.912 0.347 0.341 0.387 
 124   (0.520) 0.529 0.509 0.388 0.456 0.799 0.651 0.323 0.591 0.543 0.520 0.428 0.067 0.523 0.530 0.563 
 126   (0.029) 0.020 0.022 0.004 0.005 0.032 0.008 0.094 0.006 0.002 0.029 0.049 0.004 0.022 0.021 0.006 
 122   (0.076) 0.075 0.077 0.051 0.135 0.009 0.046 0.007 0.155 0.005 0.076 0.021 0.013 0.079 0.080 0.037 
 120   (0.017) 0.015 0.015 0.346 0.003 0.002 0.004 0.001 0.004 0.001 0.017 0.001 0.002 0.016 0.015 0.003 
 136   (0.014) 0.011 0.013 0.002 0.002 0.002 0.004 0.001 0.004 0.001 0.014 0.001 0.001 0.013 0.012 0.004 

Locus 26 : 26 
7 alleles
0.0% missing data
 165   (0.219) 0.206 0.218 0.303 0.453 0.158 0.205 0.025 0.218 0.052 0.219 0.141 0.669 0.221 0.217 0.111 
 183   (0.355) 0.339 0.360 0.315 0.362 0.472 0.375 0.798 0.263 0.419 0.355 0.536 0.214 0.348 0.354 0.333 
 179   (0.088) 0.078 0.082 0.336 0.022 0.114 0.045 0.009 0.177 0.005 0.088 0.066 0.016 0.083 0.076 0.072 
 175   (0.292) 0.338 0.297 0.040 0.156 0.251 0.364 0.165 0.329 0.453 0.292 0.256 0.097 0.304 0.304 0.474 
 181   (0.031) 0.029 0.031 0.004 0.005 0.003 0.008 0.002 0.009 0.069 0.031 0.001 0.003 0.033 0.037 0.006 
 157   (0.007) 0.005 0.005 0.001 0.001 0.001 0.002 0.001 0.001 0.000 0.007 0.000 0.001 0.005 0.005 0.001 
 185   (0.007) 0.006 0.006 0.001 0.001 0.001 0.002 0.001 0.001 0.001 0.007 0.000 0.001 0.006 0.006 0.002 

Locus 27 : 27 
4 alleles
0.0% missing data
 142   (0.656) 0.653 0.661 0.350 0.864 0.621 0.662 0.618 0.634 0.742 0.656 0.729 0.343 0.656 0.655 0.775 
 148   (0.184) 0.190 0.186 0.629 0.062 0.163 0.063 0.085 0.132 0.066 0.184 0.078 0.398 0.195 0.197 0.089 
 138   (0.053) 0.039 0.052 0.007 0.036 0.205 0.016 0.285 0.015 0.004 0.053 0.180 0.248 0.043 0.041 0.013 
 150   (0.107) 0.117 0.101 0.014 0.038 0.011 0.259 0.011 0.219 0.189 0.107 0.014 0.011 0.106 0.107 0.124 

Locus 28 : 28 
6 alleles
1.1% missing data
 260   (0.401) 0.395 0.390 0.084 0.504 0.459 0.468 0.674 0.553 0.375 0.401 0.279 0.266 0.399 0.391 0.549 
 262   (0.492) 0.479 0.509 0.901 0.417 0.530 0.478 0.317 0.366 0.550 0.492 0.713 0.720 0.492 0.500 0.331 
 256   (0.069) 0.090 0.067 0.010 0.054 0.008 0.043 0.006 0.071 0.072 0.069 0.007 0.011 0.073 0.072 0.040 
 258   (0.013) 0.014 0.013 0.002 0.002 0.001 0.004 0.001 0.002 0.001 0.013 0.000 0.001 0.014 0.016 0.002 
 264   (0.018) 0.018 0.016 0.002 0.003 0.002 0.005 0.001 0.006 0.001 0.018 0.001 0.002 0.017 0.018 0.077 
 266   (0.008) 0.005 0.005 0.001 0.020 0.001 0.002 0.001 0.002 0.000 0.008 0.000 0.001 0.005 0.004 0.001 

Locus 29 : 29 
7 alleles
0.6% missing data
 146   (0.264) 0.265 0.256 0.038 0.149 0.269 0.308 0.327 0.181 0.338 0.264 0.143 0.079 0.261 0.265 0.335 
 150   (0.448) 0.450 0.467 0.151 0.644 0.468 0.260 0.564 0.600 0.287 0.448 0.730 0.175 0.456 0.463 0.422 
 140   (0.180) 0.182 0.182 0.796 0.082 0.035 0.202 0.100 0.194 0.060 0.180 0.072 0.691 0.187 0.177 0.220 
 148   (0.065) 0.065 0.056 0.008 0.059 0.219 0.167 0.006 0.015 0.312 0.065 0.045 0.051 0.057 0.058 0.014 
 152   (0.028) 0.028 0.027 0.003 0.064 0.003 0.053 0.002 0.006 0.002 0.028 0.001 0.003 0.029 0.028 0.006 
 151   (0.008) 0.005 0.006 0.001 0.001 0.006 0.003 0.001 0.002 0.000 0.008 0.007 0.001 0.005 0.004 0.002 
 142   (0.007) 0.005 0.005 0.001 0.001 0.001 0.007 0.001 0.002 0.000 0.007 0.002 0.001 0.005 0.005 0.001 

Locus 30 : 30 
6 alleles
0.3% missing data
 125   (0.289) 0.303 0.333 0.155 0.076 0.286 0.130 0.297 0.114 0.030 0.289 0.515 0.629 0.316 0.327 0.125 
 129   (0.440) 0.437 0.403 0.226 0.591 0.644 0.561 0.666 0.570 0.783 0.440 0.430 0.310 0.411 0.400 0.628 
 123   (0.151) 0.144 0.149 0.021 0.281 0.058 0.167 0.028 0.170 0.103 0.151 0.051 0.047 0.151 0.146 0.210 
 131   (0.043) 0.051 0.050 0.006 0.009 0.004 0.014 0.003 0.064 0.003 0.043 0.001 0.004 0.052 0.059 0.019 
 127   (0.066) 0.057 0.058 0.550 0.041 0.006 0.125 0.005 0.079 0.080 0.066 0.002 0.008 0.061 0.060 0.016 
 121   (0.011) 0.007 0.008 0.043 0.002 0.001 0.003 0.001 0.003 0.001 0.011 0.000 0.001 0.008 0.007 0.002 

Locus 31 : 31 
6 alleles
0.3% missing data
 159   (0.144) 0.139 0.149 0.019 0.162 0.121 0.137 0.018 0.311 0.010 0.144 0.160 0.073 0.133 0.128 0.446 
 155   (0.568) 0.570 0.581 0.585 0.619 0.835 0.425 0.932 0.314 0.711 0.568 0.643 0.574 0.592 0.600 0.336 
 157   (0.173) 0.187 0.166 0.132 0.190 0.030 0.393 0.018 0.290 0.019 0.173 0.105 0.295 0.165 0.165 0.130 
 153   (0.077) 0.075 0.072 0.104 0.022 0.009 0.032 0.027 0.076 0.005 0.077 0.089 0.054 0.077 0.077 0.081 
 151   (0.030) 0.024 0.026 0.159 0.005 0.003 0.011 0.005 0.007 0.255 0.030 0.002 0.003 0.028 0.025 0.006 
 163   (0.008) 0.005 0.006 0.001 0.002 0.001 0.002 0.001 0.002 0.001 0.008 0.001 0.001 0.006 0.005 0.002 

Locus 32 : 32 
4 alleles
1.1% missing data
  91   (0.444) 0.438 0.455 0.557 0.686 0.676 0.337 0.220 0.410 0.146 0.444 0.643 0.540 0.445 0.436 0.469 
  94   (0.067) 0.075 0.073 0.008 0.012 0.082 0.021 0.007 0.018 0.005 0.067 0.062 0.042 0.073 0.079 0.015 
  95   (0.158) 0.196 0.163 0.298 0.036 0.033 0.460 0.147 0.119 0.411 0.158 0.112 0.018 0.162 0.177 0.060 
  92   (0.331) 0.290 0.308 0.136 0.266 0.209 0.182 0.625 0.453 0.439 0.331 0.182 0.400 0.320 0.308 0.455 

Locus 33 : 33 
5 alleles
0.0% missing data
 146   (0.294) 0.291 0.301 0.591 0.348 0.056 0.172 0.050 0.295 0.314 0.294 0.078 0.056 0.314 0.314 0.399 
 150   (0.597) 0.605 0.599 0.394 0.630 0.895 0.528 0.884 0.664 0.637 0.597 0.841 0.932 0.586 0.585 0.503 
 148   (0.063) 0.050 0.053 0.009 0.012 0.044 0.226 0.063 0.026 0.046 0.063 0.080 0.007 0.053 0.049 0.023 
 154   (0.032) 0.040 0.037 0.004 0.006 0.004 0.009 0.002 0.011 0.002 0.032 0.001 0.004 0.038 0.043 0.014 
 152   (0.015) 0.014 0.009 0.002 0.005 0.001 0.066 0.001 0.004 0.001 0.015 0.000 0.001 0.010 0.009 0.060 

Locus 34 : 34 
7 alleles
0.0% missing data
 180   (0.455) 0.452 0.470 0.719 0.469 0.371 0.372 0.345 0.366 0.670 0.455 0.675 0.417 0.464 0.471 0.196 
 196   (0.121) 0.103 0.119 0.016 0.104 0.176 0.041 0.284 0.123 0.007 0.121 0.157 0.148 0.109 0.108 0.167 
 184   (0.211) 0.205 0.196 0.239 0.288 0.137 0.225 0.215 0.091 0.070 0.211 0.132 0.410 0.199 0.196 0.558 
 194   (0.020) 0.013 0.014 0.002 0.003 0.046 0.007 0.086 0.005 0.001 0.020 0.024 0.002 0.013 0.011 0.004 
 192   (0.114) 0.135 0.117 0.014 0.120 0.011 0.329 0.009 0.286 0.185 0.114 0.007 0.013 0.125 0.121 0.046 
 198   (0.068) 0.084 0.077 0.009 0.014 0.256 0.024 0.061 0.025 0.066 0.068 0.005 0.009 0.083 0.086 0.014 
 190   (0.012) 0.007 0.007 0.001 0.002 0.001 0.003 0.001 0.105 0.001 0.012 0.000 0.001 0.008 0.006 0.014 

Locus 35 : 35 
6 alleles
0.0% missing data
 110   (0.173) 0.169 0.176 0.191 0.079 0.132 0.061 0.607 0.184 0.066 0.173 0.331 0.250 0.176 0.171 0.047 
 112   (0.372) 0.378 0.385 0.050 0.355 0.766 0.525 0.282 0.319 0.057 0.372 0.545 0.079 0.381 0.381 0.481 
 106   (0.289) 0.304 0.291 0.184 0.443 0.084 0.211 0.029 0.381 0.718 0.289 0.103 0.600 0.291 0.302 0.375 
  90   (0.039) 0.032 0.030 0.443 0.007 0.006 0.165 0.035 0.021 0.002 0.039 0.015 0.056 0.029 0.028 0.008 
 108   (0.119) 0.114 0.113 0.132 0.114 0.012 0.036 0.046 0.093 0.110 0.119 0.006 0.014 0.118 0.114 0.087 
  96   (0.008) 0.005 0.005 0.001 0.001 0.001 0.002 0.001 0.001 0.047 0.008 0.000 0.001 0.005 0.004 0.001 

Locus 36 : 36 
9 alleles
0.0% missing data
 166   (0.071) 0.056 0.075 0.009 0.106 0.194 0.102 0.371 0.036 0.005 0.071 0.264 0.014 0.064 0.058 0.092 
 176   (0.093) 0.097 0.103 0.013 0.017 0.399 0.119 0.095 0.025 0.015 0.093 0.128 0.023 0.092 0.093 0.022 
 172   (0.342) 0.360 0.340 0.048 0.441 0.196 0.399 0.458 0.386 0.583 0.342 0.449 0.427 0.344 0.338 0.382 
 170   (0.275) 0.270 0.276 0.586 0.228 0.177 0.152 0.042 0.213 0.327 0.275 0.150 0.502 0.281 0.294 0.222 
 174   (0.124) 0.120 0.123 0.017 0.172 0.016 0.163 0.027 0.292 0.065 0.124 0.005 0.013 0.129 0.128 0.058 
 178   (0.037) 0.039 0.033 0.005 0.008 0.012 0.022 0.003 0.019 0.002 0.037 0.003 0.015 0.035 0.034 0.107 
 168   (0.035) 0.043 0.035 0.319 0.025 0.003 0.038 0.003 0.009 0.002 0.035 0.001 0.004 0.037 0.038 0.009 
 186   (0.014) 0.009 0.010 0.002 0.002 0.001 0.003 0.001 0.018 0.001 0.014 0.000 0.001 0.010 0.009 0.107 
 158   (0.007) 0.005 0.006 0.001 0.001 0.001 0.002 0.001 0.001 0.000 0.007 0.000 0.001 0.006 0.006 0.001 

Locus 37 : 37 
6 alleles
0.0% missing data
  89   (0.555) 0.578 0.572 0.342 0.535 0.673 0.689 0.631 0.696 0.506 0.555 0.667 0.245 0.567 0.556 0.770 
  95   (0.059) 0.046 0.054 0.007 0.162 0.019 0.019 0.036 0.046 0.004 0.059 0.091 0.052 0.050 0.048 0.039 
  85   (0.178) 0.166 0.164 0.520 0.163 0.255 0.222 0.247 0.075 0.236 0.177 0.217 0.271 0.167 0.163 0.130 
  81   (0.059) 0.063 0.062 0.011 0.041 0.006 0.019 0.005 0.058 0.004 0.059 0.009 0.008 0.065 0.076 0.014 
  83   (0.136) 0.138 0.136 0.018 0.096 0.045 0.047 0.081 0.123 0.250 0.136 0.016 0.422 0.141 0.147 0.045 
  91   (0.014) 0.010 0.011 0.101 0.003 0.001 0.004 0.001 0.003 0.001 0.014 0.000 0.001 0.011 0.010 0.003 

Locus 38 : 38 
10 alleles
0.0% missing data
 161   (0.341) 0.341 0.356 0.420 0.208 0.550 0.492 0.541 0.348 0.373 0.341 0.566 0.098 0.332 0.342 0.207 
 165   (0.223) 0.217 0.234 0.148 0.394 0.253 0.078 0.039 0.158 0.098 0.223 0.195 0.063 0.231 0.238 0.147 
 159   (0.021) 0.018 0.019 0.003 0.004 0.012 0.006 0.044 0.004 0.001 0.021 0.033 0.002 0.020 0.018 0.004 
 173   (0.246) 0.254 0.237 0.188 0.162 0.079 0.372 0.135 0.355 0.517 0.246 0.136 0.169 0.250 0.238 0.392 
 169   (0.106) 0.111 0.096 0.234 0.146 0.099 0.034 0.236 0.120 0.007 0.106 0.058 0.661 0.103 0.103 0.197 
 167   (0.018) 0.021 0.019 0.002 0.003 0.002 0.006 0.002 0.005 0.001 0.018 0.011 0.002 0.021 0.020 0.004 
 168   (0.010) 0.008 0.009 0.001 0.002 0.001 0.002 0.001 0.002 0.001 0.010 0.000 0.001 0.009 0.009 0.002 
 155   (0.017) 0.019 0.018 0.002 0.003 0.002 0.005 0.001 0.004 0.001 0.017 0.001 0.002 0.021 0.022 0.003 
 177   (0.007) 0.005 0.005 0.001 0.001 0.001 0.003 0.001 0.002 0.000 0.007 0.000 0.001 0.006 0.005 0.001 
 175   (0.011) 0.006 0.007 0.001 0.076 0.001 0.003 0.001 0.002 0.001 0.011 0.000 0.001 0.007 0.006 0.043 

Locus 39 : 39 
6 alleles
0.6% missing data
  87   (0.099) 0.080 0.089 0.632 0.029 0.129 0.036 0.217 0.150 0.128 0.099 0.165 0.014 0.085 0.084 0.034 
  89   (0.436) 0.445 0.468 0.057 0.664 0.685 0.568 0.440 0.461 0.090 0.436 0.583 0.772 0.444 0.444 0.553 
  91   (0.155) 0.171 0.154 0.175 0.040 0.026 0.080 0.252 0.124 0.185 0.155 0.116 0.172 0.163 0.171 0.053 
  81   (0.118) 0.117 0.117 0.016 0.054 0.078 0.170 0.012 0.065 0.116 0.118 0.105 0.013 0.125 0.118 0.103 
  85   (0.184) 0.182 0.168 0.119 0.211 0.081 0.144 0.063 0.198 0.481 0.184 0.031 0.028 0.178 0.179 0.255 
  83   (0.008) 0.005 0.005 0.001 0.001 0.001 0.002 0.016 0.002 0.000 0.008 0.000 0.001 0.005 0.004 0.001 

Locus 40 : 40 
4 alleles
0.3% missing data
 167   (0.765) 0.779 0.769 0.637 0.609 0.912 0.809 0.847 0.856 0.860 0.765 0.932 0.923 0.763 0.763 0.930 
 161   (0.201) 0.191 0.201 0.359 0.266 0.085 0.179 0.150 0.117 0.137 0.201 0.066 0.071 0.205 0.207 0.062 
 165   (0.026) 0.026 0.024 0.003 0.124 0.003 0.010 0.002 0.024 0.002 0.026 0.001 0.005 0.027 0.025 0.007 
 177   (0.008) 0.005 0.006 0.001 0.001 0.001 0.002 0.001 0.003 0.001 0.008 0.000 0.001 0.006 0.005 0.002 

Locus 41 : 41 
6 alleles
0.3% missing data
 228   (0.448) 0.446 0.440 0.623 0.423 0.665 0.635 0.708 0.459 0.226 0.448 0.477 0.713 0.440 0.429 0.676 
 238   (0.341) 0.358 0.362 0.093 0.332 0.255 0.208 0.273 0.324 0.112 0.341 0.333 0.075 0.350 0.366 0.266 
 224   (0.026) 0.017 0.018 0.003 0.004 0.054 0.093 0.002 0.006 0.002 0.026 0.113 0.003 0.019 0.017 0.005 
 236   (0.093) 0.079 0.085 0.269 0.039 0.015 0.034 0.010 0.093 0.401 0.093 0.074 0.199 0.089 0.084 0.023 
 232   (0.011) 0.008 0.009 0.001 0.002 0.002 0.003 0.001 0.003 0.001 0.011 0.001 0.001 0.009 0.008 0.003 
 240   (0.081) 0.091 0.086 0.010 0.199 0.008 0.027 0.006 0.116 0.258 0.081 0.003 0.009 0.092 0.097 0.027 

Locus 42 : 42 
7 alleles
0.0% missing data
 128   (0.131) 0.114 0.130 0.017 0.288 0.079 0.155 0.011 0.191 0.033 0.131 0.164 0.260 0.124 0.120 0.165 
 130   (0.546) 0.574 0.567 0.073 0.375 0.559 0.567 0.853 0.495 0.781 0.546 0.554 0.671 0.570 0.573 0.399 
 114   (0.055) 0.059 0.044 0.428 0.009 0.035 0.100 0.053 0.012 0.003 0.055 0.123 0.033 0.044 0.042 0.012 
 132   (0.106) 0.098 0.103 0.014 0.168 0.309 0.038 0.010 0.112 0.046 0.106 0.152 0.015 0.097 0.097 0.321 
 118   (0.060) 0.051 0.054 0.231 0.133 0.006 0.020 0.005 0.117 0.131 0.059 0.003 0.009 0.058 0.054 0.027 
 134   (0.095) 0.098 0.096 0.236 0.025 0.011 0.119 0.068 0.071 0.006 0.095 0.004 0.010 0.101 0.108 0.075 
 136   (0.008) 0.005 0.005 0.001 0.001 0.001 0.002 0.001 0.002 0.000 0.008 0.000 0.001 0.005 0.005 0.001 

Locus 43 : 43 
6 alleles
0.8% missing data
 102   (0.291) 0.261 0.286 0.527 0.315 0.463 0.214 0.537 0.351 0.477 0.291 0.378 0.083 0.274 0.269 0.386 
 104   (0.404) 0.443 0.418 0.057 0.502 0.130 0.548 0.227 0.547 0.413 0.404 0.194 0.098 0.432 0.436 0.413 
  92   (0.122) 0.121 0.129 0.062 0.022 0.305 0.040 0.040 0.055 0.008 0.122 0.117 0.016 0.133 0.138 0.153 
  96   (0.062) 0.054 0.056 0.110 0.030 0.036 0.022 0.018 0.018 0.004 0.062 0.073 0.727 0.058 0.057 0.019 
  98   (0.114) 0.116 0.105 0.242 0.130 0.064 0.173 0.166 0.027 0.098 0.114 0.238 0.076 0.099 0.095 0.027 
 106   (0.008) 0.005 0.005 0.001 0.001 0.001 0.002 0.012 0.002 0.001 0.008 0.000 0.001 0.005 0.004 0.002 

Locus 44 : 44 
5 alleles
0.3% missing data
 101   (0.315) 0.342 0.331 0.043 0.161 0.259 0.429 0.615 0.245 0.181 0.315 0.427 0.082 0.310 0.325 0.355 
 103   (0.306) 0.275 0.287 0.255 0.480 0.349 0.133 0.210 0.386 0.348 0.306 0.177 0.441 0.301 0.281 0.488 
  99   (0.136) 0.147 0.136 0.420 0.107 0.221 0.336 0.057 0.074 0.009 0.136 0.030 0.076 0.145 0.148 0.046 
  95   (0.233) 0.229 0.239 0.122 0.250 0.170 0.100 0.116 0.293 0.462 0.233 0.365 0.399 0.238 0.240 0.109 
  97   (0.010) 0.006 0.007 0.160 0.002 0.001 0.002 0.001 0.002 0.001 0.010 0.000 0.001 0.007 0.006 0.002 

Locus 45 : 45 
7 alleles
0.3% missing data
 177   (0.063) 0.052 0.060 0.009 0.059 0.188 0.019 0.009 0.056 0.004 0.063 0.071 0.008 0.059 0.055 0.045 
 191   (0.259) 0.308 0.266 0.255 0.124 0.106 0.360 0.035 0.338 0.100 0.259 0.219 0.046 0.274 0.295 0.180 
 181   (0.614) 0.581 0.610 0.526 0.705 0.700 0.600 0.951 0.592 0.861 0.614 0.708 0.940 0.596 0.582 0.758 
 183   (0.011) 0.009 0.009 0.001 0.003 0.001 0.003 0.001 0.002 0.001 0.011 0.000 0.001 0.010 0.010 0.002 
 179   (0.035) 0.039 0.044 0.207 0.005 0.003 0.013 0.003 0.008 0.002 0.035 0.001 0.003 0.049 0.047 0.007 
 193   (0.010) 0.007 0.007 0.001 0.102 0.001 0.003 0.001 0.002 0.001 0.010 0.000 0.001 0.007 0.006 0.007 
 189   (0.008) 0.004 0.004 0.001 0.001 0.001 0.002 0.001 0.001 0.031 0.008 0.000 0.001 0.005 0.004 0.001 

Locus 46 : 46 
6 alleles
0.8% missing data
 205   (0.468) 0.484 0.491 0.270 0.519 0.554 0.395 0.739 0.437 0.403 0.468 0.448 0.862 0.491 0.492 0.704 
 211   (0.225) 0.251 0.230 0.324 0.117 0.132 0.390 0.161 0.141 0.274 0.225 0.273 0.047 0.229 0.233 0.110 
 207   (0.151) 0.128 0.137 0.020 0.251 0.192 0.102 0.064 0.199 0.204 0.151 0.138 0.070 0.136 0.134 0.150 
 201   (0.066) 0.055 0.056 0.374 0.016 0.061 0.028 0.026 0.155 0.004 0.066 0.085 0.011 0.058 0.056 0.016 
 215   (0.080) 0.071 0.076 0.011 0.094 0.060 0.083 0.009 0.065 0.114 0.080 0.056 0.009 0.075 0.074 0.019 
 202   (0.010) 0.011 0.010 0.001 0.003 0.001 0.003 0.001 0.002 0.001 0.010 0.000 0.001 0.011 0.011 0.002 

Locus 47 : 47 
9 alleles
1.1% missing data
 144   (0.085) 0.071 0.102 0.012 0.017 0.090 0.031 0.146 0.098 0.131 0.085 0.271 0.065 0.077 0.073 0.021 
 158   (0.156) 0.169 0.159 0.023 0.030 0.386 0.110 0.016 0.198 0.083 0.156 0.141 0.039 0.168 0.178 0.078 
 168   (0.146) 0.130 0.143 0.188 0.057 0.076 0.088 0.350 0.075 0.107 0.147 0.194 0.067 0.134 0.130 0.036 
 166   (0.159) 0.128 0.143 0.063 0.376 0.150 0.058 0.222 0.069 0.388 0.159 0.331 0.474 0.140 0.130 0.158 
 142   (0.357) 0.411 0.357 0.051 0.431 0.267 0.683 0.258 0.509 0.284 0.357 0.058 0.343 0.377 0.384 0.662 
 170   (0.011) 0.010 0.010 0.002 0.002 0.001 0.003 0.002 0.002 0.001 0.011 0.002 0.001 0.010 0.011 0.002 
 162   (0.025) 0.024 0.027 0.118 0.077 0.002 0.008 0.002 0.006 0.002 0.025 0.001 0.002 0.031 0.026 0.005 
 164   (0.039) 0.040 0.042 0.005 0.007 0.015 0.012 0.003 0.032 0.002 0.039 0.001 0.005 0.045 0.050 0.032 
 156   (0.022) 0.017 0.018 0.539 0.004 0.011 0.007 0.002 0.012 0.001 0.022 0.001 0.002 0.018 0.017 0.007 

Locus 48 : 48 
7 alleles
6.1% missing data
 149   (0.355) 0.363 0.360 0.338 0.445 0.181 0.328 0.267 0.311 0.330 0.355 0.200 0.438 0.366 0.367 0.356 
 151   (0.180) 0.173 0.189 0.067 0.138 0.572 0.351 0.048 0.186 0.012 0.180 0.227 0.135 0.170 0.168 0.217 
 153   (0.232) 0.257 0.238 0.030 0.341 0.152 0.236 0.509 0.309 0.027 0.232 0.322 0.112 0.243 0.247 0.328 
 147   (0.029) 0.022 0.023 0.050 0.005 0.026 0.011 0.003 0.009 0.002 0.029 0.043 0.003 0.024 0.022 0.006 
 145   (0.183) 0.167 0.172 0.513 0.068 0.067 0.066 0.172 0.180 0.628 0.183 0.205 0.309 0.177 0.178 0.089 
 152   (0.007) 0.005 0.005 0.001 0.001 0.001 0.004 0.001 0.002 0.000 0.007 0.003 0.001 0.005 0.005 0.002 
 143   (0.014) 0.013 0.014 0.002 0.002 0.001 0.004 0.001 0.003 0.001 0.014 0.001 0.001 0.015 0.013 0.003 

Values of parameters used in structure:
DATAFILE=temp2_np.str,	OUTFILE=k15/temp2_np_k15_run9,	NUMINDS=361,	NUMLOCI=48,	MISSING=-9,	LABEL=1,	POPDATA=1,	POPFLAG=0,	PHENOTYPE=0,	EXTRACOLS=0,	MAXPOPS=15,	BURNIN=500000,	NUMREPS=750000,	USEPOPINFO=0,	INFERALPHA=1,	INFERLAMBDA=0,	POPSPECIFICLAMBDA=0,	POPALPHAS=0,	COMPUTEPROB=1,	NOADMIX=0,	ADMBURNIN=500,	UPDATEFREQ=100,	PRINTLIKES=0,	INTERMEDSAVE=0,	PRINTKLD=0,	PRINTNET=1,	PRINTLAMBDA=1,	ANCESTDIST=0,	NUMBOXES=1000,	ANCESTPINT=0.90000,	GENSBACK=2,	MIGRPRIOR=0.01000,	PRINTQHAT=0,	PRINTQSUM=1,	ALPHA=1.0000,	FREQSCORR=1,	FPRIORMEAN=0.0100,	FPRIORSD=0.0500,	ONEFST=0,	LAMBDA=1.0000,	UNIFPRIORALPHA=1,	ALPHAMAX=10.0000,	ALPHAPRIORA=1.0000,	ALPHAPRIORB=2.0000,	ALPHAPROPSD=0.0250,	STARTATPOPINFO=0,	RANDOMIZE=0,	LINKAGE=0,	METROFREQ=10,	REPORTHITRATE=0,	MARKOVPHASE=0,	PHASED=1,	PLOIDY=2,	PHASEINFO=0	LOCPRIOR=0, 	LOCPRIORINIT=1.000000, 	LOCDATA=0, 	LOCISPOP=1, 	LOCPRIORSTEP=0.100000, 	MAXLOCPRIOR=20.000000, 	SEED=307685,	
[STRAT parameters]:    NUMSIMSTATS=1000,	PHENOTYPECOL=-9,	POOLFREQ=10,	LOCUSxONLY=0,	EMERROR=0.00100,	MISSINGPHENO=-9,	