

----------------------------------------------------
STRUCTURE by Pritchard, Stephens and Donnelly (2000)
     and Falush, Stephens and Pritchard (2003)
       Code by Pritchard, Falush and Hubisz
             Version 2.3.4 (Jul 2012)
----------------------------------------------------



Command line arguments:   structure -D 594776 -K 11 -m mainparams -o k11/temp2_np_k11_run5 
Input File:    temp2_np.str

Run parameters:
   361 individuals
   48 loci
   11 populations assumed
   500000 Burn-in period
   750000 Reps
RANDOMIZE turned off


--------------------------------------------
Proportion of membership of each pre-defined
 population in each of the 11 clusters

Given    Inferred Clusters                                                               Number of
 Pop       1      2      3      4      5      6      7      8      9     10     11      Individuals

  1:     0.011  0.766  0.108  0.009  0.015  0.012  0.046  0.011  0.004  0.010  0.008       63
  2:     0.008  0.068  0.861  0.005  0.009  0.007  0.015  0.007  0.006  0.008  0.007       20
  3:     0.014  0.662  0.111  0.006  0.034  0.023  0.094  0.024  0.004  0.011  0.018       19
  4:     0.007  0.272  0.051  0.004  0.008  0.007  0.617  0.007  0.004  0.014  0.009       31
  5:     0.011  0.771  0.129  0.004  0.010  0.009  0.032  0.008  0.005  0.014  0.007       20
  6:     0.014  0.460  0.053  0.016  0.114  0.067  0.130  0.069  0.013  0.011  0.053        8
  7:     0.024  0.477  0.060  0.005  0.011  0.009  0.048  0.009  0.005  0.341  0.012       17
  8:     0.004  0.004  0.006  0.954  0.005  0.005  0.004  0.005  0.003  0.003  0.006       29
  9:     0.004  0.003  0.003  0.003  0.005  0.004  0.002  0.004  0.966  0.003  0.002        8
 10:     0.073  0.033  0.009  0.020  0.234  0.260  0.015  0.310  0.007  0.008  0.031       21
 11:     0.172  0.027  0.010  0.012  0.186  0.213  0.010  0.217  0.007  0.012  0.134       30
 12:     0.667  0.019  0.012  0.014  0.041  0.054  0.016  0.035  0.004  0.007  0.133       25
 13:     0.613  0.025  0.015  0.009  0.071  0.082  0.017  0.057  0.005  0.009  0.097       32
 14:     0.062  0.041  0.010  0.028  0.290  0.246  0.011  0.275  0.014  0.007  0.016       34
 15:     0.008  0.036  0.024  0.007  0.142  0.333  0.010  0.397  0.003  0.030  0.010        4
--------------------------------------------

Allele-freq. divergence among pops (Net nucleotide distance),
computed using point estimates of P.

      1       2       3       4       5       6       7       8       9      10      11      
 1      -    0.0384  0.0572  0.0722  0.0148  0.0143  0.0546  0.0167  0.1212  0.1203  0.0322  
 2   0.0384     -    0.0304  0.0760  0.0206  0.0233  0.0310  0.0234  0.1287  0.0995  0.0472  
 3   0.0572  0.0304     -    0.0892  0.0438  0.0468  0.0580  0.0481  0.1611  0.1213  0.0682  
 4   0.0722  0.0760  0.0892     -    0.0518  0.0548  0.0921  0.0544  0.1309  0.1589  0.0815  
 5   0.0148  0.0206  0.0438  0.0518     -    0.0006  0.0334  0.0007  0.0927  0.0967  0.0225  
 6   0.0143  0.0233  0.0468  0.0548  0.0006     -    0.0365  0.0003  0.0976  0.0990  0.0223  
 7   0.0546  0.0310  0.0580  0.0921  0.0334  0.0365     -    0.0361  0.1327  0.1254  0.0559  
 8   0.0167  0.0234  0.0481  0.0544  0.0007  0.0003  0.0361     -    0.0964  0.0989  0.0239  
 9   0.1212  0.1287  0.1611  0.1309  0.0927  0.0976  0.1327  0.0964     -    0.1960  0.1299  
10   0.1203  0.0995  0.1213  0.1589  0.0967  0.0990  0.1254  0.0989  0.1960     -    0.1310  
11   0.0322  0.0472  0.0682  0.0815  0.0225  0.0223  0.0559  0.0239  0.1299  0.1310     -    

Average distances (expected heterozygosity) between individuals in same cluster:
cluster  1  : 0.5778 
cluster  2  : 0.5596 
cluster  3  : 0.4963 
cluster  4  : 0.5485 
cluster  5  : 0.6474 
cluster  6  : 0.6389 
cluster  7  : 0.5463 
cluster  8  : 0.6406 
cluster  9  : 0.5391 
cluster 10  : 0.4360 
cluster 11  : 0.5805 

--------------------------------------------
Estimated Ln Prob of Data   = -39911.9
Mean value of ln likelihood = -37378.9
Variance of ln likelihood   = 5066.1
Mean value of alpha         = 0.0345

Mean value of Fst_1         = 0.0751
Mean value of Fst_2         = 0.1137
Mean value of Fst_3         = 0.2025
Mean value of Fst_4         = 0.2083
Mean value of Fst_5         = 0.0002
Mean value of Fst_6         = 0.0255
Mean value of Fst_7         = 0.1606
Mean value of Fst_8         = 0.0213
Mean value of Fst_9         = 0.2948
Mean value of Fst_10         = 0.4019
Mean value of Fst_11         = 0.1290


Inferred ancestry of individuals:
        Label (%Miss) Pop:  Inferred clusters
  1     2055    (0)    1 :  0.008 0.858 0.011 0.002 0.005 0.005 0.095 0.005 0.003 0.004 0.003 
  2     2056    (0)    1 :  0.008 0.219 0.037 0.008 0.011 0.009 0.682 0.009 0.004 0.006 0.007 
  3     2057    (0)    1 :  0.007 0.828 0.083 0.002 0.011 0.011 0.016 0.012 0.003 0.007 0.021 
  4     2058    (0)    1 :  0.003 0.843 0.124 0.006 0.003 0.003 0.006 0.003 0.001 0.005 0.003 
  5     2059    (0)    1 :  0.003 0.871 0.091 0.003 0.005 0.004 0.010 0.004 0.002 0.003 0.005 
  6     2060    (0)    1 :  0.003 0.859 0.101 0.002 0.005 0.005 0.006 0.005 0.006 0.004 0.004 
  7     2061    (0)    1 :  0.007 0.796 0.109 0.006 0.015 0.014 0.004 0.015 0.024 0.005 0.006 
  8     2062    (0)    1 :  0.018 0.701 0.194 0.005 0.015 0.013 0.011 0.011 0.003 0.018 0.011 
  9     2063    (0)    1 :  0.004 0.857 0.102 0.002 0.005 0.004 0.010 0.004 0.003 0.004 0.005 
 10     2064    (0)    1 :  0.003 0.854 0.112 0.002 0.004 0.004 0.008 0.004 0.003 0.004 0.003 
 11     2065    (0)    1 :  0.002 0.829 0.126 0.002 0.003 0.003 0.007 0.003 0.002 0.022 0.001 
 12     2066    (0)    1 :  0.004 0.857 0.100 0.002 0.004 0.004 0.016 0.004 0.002 0.002 0.005 
 13     2067    (0)    1 :  0.007 0.804 0.099 0.010 0.011 0.009 0.037 0.009 0.004 0.003 0.006 
 14     2068    (0)    1 :  0.015 0.333 0.339 0.020 0.079 0.074 0.026 0.077 0.005 0.018 0.014 
 15     2069    (0)    1 :  0.003 0.858 0.109 0.002 0.004 0.004 0.007 0.004 0.002 0.006 0.003 
 16     2070    (0)    1 :  0.051 0.322 0.029 0.002 0.212 0.071 0.241 0.058 0.001 0.004 0.008 
 17     2071    (0)    1 :  0.005 0.778 0.124 0.013 0.013 0.013 0.015 0.012 0.014 0.006 0.008 
 18     2072    (0)    1 :  0.003 0.844 0.101 0.003 0.007 0.006 0.014 0.007 0.010 0.002 0.002 
 19     2073    (0)    1 :  0.012 0.730 0.101 0.008 0.023 0.024 0.005 0.023 0.009 0.050 0.016 
 20     2074    (0)    1 :  0.002 0.854 0.097 0.003 0.004 0.004 0.022 0.004 0.004 0.003 0.002 
 21     2075    (0)    1 :  0.005 0.815 0.028 0.017 0.007 0.007 0.102 0.006 0.003 0.008 0.003 
 22     2076    (0)    1 :  0.002 0.871 0.108 0.002 0.002 0.002 0.003 0.002 0.001 0.002 0.003 
 23     2077    (0)    1 :  0.018 0.528 0.342 0.009 0.019 0.016 0.008 0.015 0.007 0.016 0.022 
 24     2078    (0)    1 :  0.009 0.832 0.111 0.003 0.006 0.006 0.016 0.005 0.005 0.005 0.003 
 25     2079    (0)    1 :  0.012 0.780 0.110 0.039 0.010 0.011 0.004 0.010 0.001 0.005 0.018 
 26     2080    (0)    1 :  0.004 0.680 0.178 0.028 0.032 0.028 0.003 0.032 0.003 0.007 0.005 
 27     2081    (0)    1 :  0.004 0.854 0.109 0.003 0.005 0.005 0.005 0.005 0.002 0.004 0.004 
 28     2082    (0)    1 :  0.008 0.661 0.033 0.009 0.022 0.017 0.204 0.020 0.003 0.016 0.007 
 29     2083    (0)    1 :  0.005 0.806 0.086 0.002 0.012 0.010 0.055 0.010 0.003 0.003 0.006 
 30     2084    (0)    1 :  0.007 0.859 0.088 0.007 0.007 0.006 0.008 0.007 0.002 0.003 0.005 
 31     2085    (0)    1 :  0.017 0.796 0.050 0.003 0.012 0.011 0.082 0.010 0.002 0.009 0.007 
 32     2086    (0)    1 :  0.009 0.747 0.169 0.004 0.015 0.018 0.007 0.018 0.003 0.002 0.009 
 33     2087    (0)    1 :  0.005 0.745 0.119 0.065 0.009 0.007 0.005 0.006 0.006 0.028 0.004 
 34     2088    (0)    1 :  0.046 0.709 0.097 0.014 0.031 0.025 0.013 0.021 0.003 0.003 0.039 
 35     2089    (0)    1 :  0.002 0.855 0.119 0.003 0.003 0.002 0.008 0.002 0.001 0.002 0.002 
 36     2090    (0)    1 :  0.005 0.805 0.103 0.039 0.008 0.007 0.011 0.007 0.005 0.005 0.006 
 37     2091    (0)    1 :  0.006 0.820 0.131 0.003 0.005 0.005 0.013 0.005 0.001 0.003 0.007 
 38     2092    (0)    1 :  0.005 0.785 0.098 0.038 0.006 0.006 0.043 0.006 0.002 0.007 0.004 
 39     2093    (0)    1 :  0.003 0.810 0.149 0.003 0.004 0.004 0.013 0.004 0.001 0.007 0.003 
 40     2094    (0)    1 :  0.003 0.852 0.013 0.001 0.003 0.003 0.115 0.003 0.002 0.002 0.003 
 41     2095    (0)    1 :  0.006 0.764 0.135 0.052 0.008 0.007 0.004 0.007 0.005 0.003 0.007 
 42     2096    (0)    1 :  0.004 0.848 0.066 0.002 0.003 0.003 0.043 0.003 0.001 0.022 0.004 
 43     2097    (0)    1 :  0.003 0.858 0.109 0.002 0.004 0.003 0.005 0.004 0.002 0.004 0.006 
 44     2098    (0)    1 :  0.021 0.654 0.089 0.014 0.040 0.030 0.011 0.028 0.003 0.088 0.021 
 45     2099    (0)    1 :  0.020 0.296 0.065 0.004 0.081 0.042 0.401 0.040 0.009 0.011 0.031 
 46     2100    (0)    1 :  0.012 0.700 0.147 0.004 0.020 0.024 0.015 0.024 0.002 0.009 0.044 
 47     2101    (0)    1 :  0.007 0.849 0.102 0.005 0.005 0.005 0.007 0.004 0.003 0.006 0.006 
 48     2102    (2)    1 :  0.003 0.870 0.082 0.002 0.004 0.003 0.026 0.004 0.002 0.003 0.002 
 49     2103    (0)    1 :  0.008 0.852 0.035 0.004 0.006 0.007 0.067 0.006 0.002 0.005 0.008 
 50     2104    (0)    1 :  0.080 0.718 0.115 0.003 0.015 0.022 0.003 0.014 0.001 0.018 0.010 
 51     2105    (0)    1 :  0.026 0.817 0.100 0.004 0.007 0.009 0.015 0.007 0.006 0.004 0.005 
 52     2106    (0)    1 :  0.006 0.789 0.116 0.003 0.014 0.016 0.027 0.017 0.002 0.003 0.007 
 53     2107    (0)    1 :  0.026 0.731 0.107 0.005 0.012 0.012 0.013 0.012 0.003 0.073 0.006 
 54     2108    (0)    1 :  0.009 0.799 0.119 0.005 0.019 0.015 0.006 0.015 0.006 0.003 0.004 
 55     2109    (0)    1 :  0.011 0.772 0.014 0.002 0.010 0.011 0.154 0.010 0.005 0.005 0.006 
 56     2110    (0)    1 :  0.036 0.780 0.109 0.006 0.013 0.012 0.005 0.011 0.004 0.017 0.005 
 57     2111    (0)    1 :  0.018 0.716 0.228 0.004 0.006 0.006 0.006 0.006 0.001 0.003 0.007 
 58     2112    (0)    1 :  0.003 0.857 0.086 0.003 0.004 0.004 0.025 0.004 0.004 0.004 0.006 
 59     2583    (2)    1 :  0.005 0.761 0.122 0.009 0.007 0.005 0.070 0.005 0.007 0.004 0.006 
 60     2584    (4)    1 :  0.003 0.797 0.108 0.004 0.020 0.013 0.015 0.012 0.004 0.009 0.016 
 61     2587    (2)    1 :  0.010 0.832 0.114 0.003 0.005 0.006 0.010 0.005 0.002 0.002 0.011 
 62     2590    (2)    1 :  0.004 0.835 0.106 0.002 0.006 0.005 0.013 0.005 0.013 0.006 0.004 
 63     2591    (6)    1 :  0.009 0.842 0.078 0.010 0.007 0.008 0.020 0.007 0.001 0.005 0.012 
 64      315    (0)   10 :  0.099 0.033 0.021 0.037 0.483 0.158 0.005 0.143 0.009 0.002 0.010 
 65      565    (0)   10 :  0.005 0.038 0.004 0.029 0.550 0.165 0.007 0.190 0.003 0.003 0.006 
 66      566    (2)   10 :  0.402 0.013 0.005 0.016 0.120 0.227 0.013 0.138 0.004 0.012 0.050 
 67      567    (2)   10 :  0.005 0.047 0.013 0.004 0.139 0.344 0.006 0.418 0.002 0.005 0.016 
 68      877    (0)   10 :  0.010 0.031 0.004 0.003 0.167 0.303 0.020 0.403 0.002 0.048 0.008 
 69      878    (0)   10 :  0.005 0.030 0.006 0.008 0.177 0.288 0.004 0.417 0.012 0.005 0.048 
 70      879    (0)   10 :  0.013 0.034 0.003 0.006 0.307 0.306 0.010 0.250 0.008 0.005 0.059 
 71      880    (0)   10 :  0.006 0.026 0.004 0.005 0.074 0.360 0.009 0.493 0.002 0.008 0.013 
 72      881    (0)   10 :  0.013 0.036 0.005 0.009 0.423 0.220 0.004 0.273 0.006 0.004 0.006 
 73      882    (0)   10 :  0.005 0.029 0.006 0.011 0.138 0.298 0.007 0.444 0.027 0.004 0.032 
 74      883    (0)   10 :  0.012 0.034 0.005 0.004 0.300 0.270 0.011 0.331 0.008 0.003 0.023 
 75      884    (0)   10 :  0.185 0.030 0.020 0.003 0.155 0.286 0.019 0.278 0.002 0.005 0.018 
 76      885    (0)   10 :  0.041 0.025 0.006 0.005 0.148 0.298 0.028 0.424 0.007 0.003 0.015 
 77      886    (0)   10 :  0.016 0.029 0.004 0.125 0.169 0.256 0.004 0.378 0.012 0.003 0.004 
 78      887    (0)   10 :  0.586 0.036 0.008 0.005 0.057 0.121 0.012 0.038 0.014 0.002 0.121 
 79      888    (0)   10 :  0.005 0.042 0.016 0.007 0.210 0.255 0.114 0.339 0.005 0.004 0.003 
 80      889    (0)   10 :  0.064 0.028 0.008 0.005 0.272 0.248 0.005 0.240 0.011 0.004 0.114 
 81      890    (0)   10 :  0.011 0.027 0.010 0.016 0.182 0.350 0.003 0.359 0.005 0.027 0.010 
 82      891    (0)   10 :  0.006 0.034 0.005 0.006 0.147 0.302 0.011 0.461 0.002 0.018 0.009 
 83      892    (0)   10 :  0.008 0.037 0.008 0.005 0.276 0.229 0.010 0.341 0.007 0.003 0.076 
 84      893    (0)   10 :  0.033 0.044 0.038 0.105 0.420 0.181 0.005 0.162 0.003 0.003 0.005 
 85      341    (0)   11 :  0.005 0.030 0.003 0.011 0.364 0.227 0.004 0.270 0.004 0.021 0.060 
 86      343    (0)   11 :  0.018 0.035 0.013 0.009 0.492 0.216 0.002 0.190 0.004 0.014 0.007 
 87      914    (0)   11 :  0.884 0.008 0.006 0.004 0.006 0.007 0.004 0.006 0.002 0.068 0.005 
 88      916    (0)   11 :  0.009 0.036 0.014 0.003 0.243 0.301 0.048 0.335 0.003 0.005 0.004 
 89      924    (0)   11 :  0.431 0.014 0.004 0.016 0.076 0.247 0.006 0.192 0.002 0.003 0.010 
 90      938    (0)   11 :  0.019 0.013 0.008 0.002 0.009 0.010 0.009 0.008 0.004 0.013 0.904 
 91      939    (0)   11 :  0.134 0.015 0.010 0.017 0.009 0.103 0.004 0.012 0.002 0.003 0.690 
 92      940    (0)   11 :  0.643 0.018 0.003 0.003 0.072 0.082 0.006 0.094 0.005 0.003 0.071 
 93      941    (2)   11 :  0.016 0.004 0.004 0.011 0.007 0.070 0.004 0.006 0.009 0.002 0.865 
 94      942    (0)   11 :  0.013 0.035 0.003 0.017 0.255 0.350 0.005 0.305 0.004 0.003 0.010 
 95      943    (0)   11 :  0.058 0.033 0.050 0.003 0.313 0.248 0.046 0.240 0.002 0.003 0.004 
 96      944    (0)   11 :  0.670 0.036 0.017 0.004 0.047 0.144 0.008 0.045 0.004 0.018 0.007 
 97      945    (0)   11 :  0.948 0.004 0.003 0.002 0.006 0.007 0.004 0.006 0.002 0.001 0.018 
 98      946    (0)   11 :  0.076 0.020 0.007 0.003 0.263 0.293 0.009 0.249 0.068 0.003 0.009 
 99      947    (0)   11 :  0.043 0.029 0.004 0.046 0.198 0.248 0.005 0.353 0.002 0.066 0.005 
100      951    (0)   11 :  0.022 0.031 0.003 0.013 0.265 0.281 0.006 0.355 0.004 0.005 0.015 
101      952    (0)   11 :  0.041 0.032 0.004 0.086 0.459 0.163 0.005 0.168 0.011 0.009 0.023 
102      953    (0)   11 :  0.025 0.012 0.013 0.010 0.020 0.078 0.020 0.019 0.004 0.003 0.796 
103      954    (0)   11 :  0.111 0.011 0.026 0.008 0.131 0.369 0.004 0.291 0.010 0.004 0.034 
104      955    (0)   11 :  0.067 0.030 0.003 0.018 0.162 0.265 0.003 0.414 0.011 0.008 0.017 
105      961    (4)   11 :  0.012 0.043 0.008 0.004 0.128 0.301 0.013 0.472 0.003 0.004 0.013 
106      974    (0)   11 :  0.044 0.019 0.007 0.023 0.171 0.350 0.003 0.305 0.011 0.006 0.063 
107      975    (4)   11 :  0.058 0.044 0.005 0.002 0.241 0.302 0.014 0.312 0.003 0.009 0.010 
108      980    (0)   11 :  0.147 0.034 0.003 0.018 0.181 0.254 0.011 0.313 0.002 0.006 0.030 
109      981    (0)   11 :  0.008 0.037 0.005 0.003 0.256 0.213 0.005 0.203 0.004 0.022 0.242 
110      982    (0)   11 :  0.523 0.048 0.010 0.002 0.089 0.152 0.010 0.122 0.002 0.038 0.004 
111      984    (0)   11 :  0.016 0.046 0.013 0.004 0.519 0.186 0.011 0.135 0.011 0.003 0.058 
112      985    (0)   11 :  0.011 0.034 0.011 0.009 0.266 0.268 0.004 0.379 0.004 0.003 0.013 
113     2578    (4)   11 :  0.108 0.025 0.004 0.002 0.144 0.349 0.004 0.333 0.009 0.010 0.011 
114     2580    (2)   11 :  0.007 0.038 0.041 0.004 0.177 0.313 0.025 0.362 0.008 0.015 0.010 
115      328    (0)   12 :  0.073 0.117 0.018 0.013 0.243 0.154 0.208 0.153 0.010 0.004 0.007 
116      333    (0)   12 :  0.916 0.005 0.006 0.005 0.007 0.036 0.004 0.008 0.001 0.002 0.009 
117      918    (0)   12 :  0.841 0.007 0.004 0.074 0.013 0.012 0.003 0.011 0.007 0.023 0.004 
118      919    (0)   12 :  0.895 0.007 0.027 0.004 0.010 0.021 0.005 0.010 0.002 0.015 0.005 
119      920    (0)   12 :  0.940 0.005 0.005 0.002 0.012 0.007 0.009 0.006 0.003 0.005 0.005 
120      921    (0)   12 :  0.004 0.005 0.005 0.002 0.005 0.005 0.006 0.005 0.002 0.002 0.959 
121      922    (0)   12 :  0.803 0.015 0.040 0.004 0.011 0.084 0.015 0.011 0.002 0.008 0.008 
122      926    (0)   12 :  0.954 0.003 0.003 0.002 0.005 0.007 0.004 0.005 0.002 0.002 0.012 
123      927    (0)   12 :  0.854 0.007 0.005 0.004 0.006 0.081 0.003 0.006 0.001 0.007 0.025 
124      928    (0)   12 :  0.645 0.034 0.058 0.004 0.047 0.124 0.006 0.036 0.002 0.019 0.026 
125      929    (0)   12 :  0.615 0.048 0.015 0.002 0.056 0.119 0.020 0.076 0.007 0.012 0.029 
126      930    (0)   12 :  0.633 0.026 0.008 0.004 0.092 0.071 0.022 0.071 0.009 0.005 0.059 
127      932    (0)   12 :  0.014 0.005 0.008 0.005 0.007 0.006 0.012 0.006 0.002 0.002 0.935 
128      933    (0)   12 :  0.754 0.010 0.012 0.153 0.024 0.014 0.004 0.013 0.006 0.003 0.008 
129      949    (0)   12 :  0.003 0.003 0.003 0.003 0.003 0.003 0.004 0.003 0.002 0.002 0.973 
130      950    (0)   12 :  0.550 0.011 0.007 0.019 0.053 0.090 0.005 0.094 0.003 0.005 0.163 
131      964    (4)   12 :  0.780 0.014 0.006 0.002 0.025 0.093 0.007 0.028 0.013 0.006 0.026 
132      986    (0)   12 :  0.857 0.018 0.010 0.005 0.020 0.029 0.006 0.023 0.002 0.007 0.021 
133      987    (0)   12 :  0.625 0.040 0.013 0.008 0.087 0.122 0.022 0.065 0.002 0.009 0.006 
134     1001    (4)   12 :  0.943 0.012 0.008 0.002 0.006 0.008 0.004 0.006 0.003 0.004 0.005 
135     1002    (4)   12 :  0.941 0.007 0.004 0.010 0.006 0.006 0.003 0.006 0.006 0.009 0.003 
136     1003    (2)   12 :  0.208 0.050 0.012 0.003 0.267 0.220 0.006 0.205 0.006 0.010 0.013 
137     1004    (0)   12 :  0.955 0.003 0.003 0.005 0.007 0.008 0.003 0.007 0.003 0.002 0.004 
138     1005    (0)   12 :  0.904 0.011 0.028 0.005 0.011 0.013 0.003 0.011 0.003 0.005 0.006 
139     1010    (0)   12 :  0.960 0.006 0.003 0.006 0.004 0.005 0.004 0.003 0.001 0.003 0.003 
140      321    (0)   13 :  0.524 0.030 0.010 0.005 0.059 0.187 0.004 0.083 0.003 0.003 0.092 
141      338    (0)   13 :  0.965 0.004 0.003 0.002 0.004 0.004 0.002 0.004 0.002 0.004 0.005 
142      339    (0)   13 :  0.815 0.010 0.022 0.008 0.016 0.016 0.007 0.011 0.004 0.074 0.018 
143      363    (0)   13 :  0.024 0.005 0.005 0.005 0.023 0.022 0.003 0.025 0.012 0.006 0.869 
144      915    (0)   13 :  0.932 0.012 0.010 0.003 0.007 0.011 0.006 0.007 0.003 0.003 0.005 
145      917    (0)   13 :  0.658 0.008 0.019 0.004 0.047 0.037 0.003 0.031 0.001 0.004 0.188 
146      923    (0)   13 :  0.381 0.031 0.011 0.012 0.264 0.128 0.010 0.129 0.010 0.008 0.018 
147      925    (0)   13 :  0.943 0.004 0.009 0.005 0.006 0.005 0.011 0.005 0.003 0.004 0.006 
148      931    (0)   13 :  0.313 0.020 0.004 0.007 0.134 0.246 0.007 0.234 0.002 0.002 0.030 
149      935    (0)   13 :  0.908 0.008 0.009 0.004 0.016 0.020 0.005 0.017 0.003 0.002 0.009 
150      936    (0)   13 :  0.868 0.004 0.006 0.009 0.009 0.070 0.003 0.013 0.004 0.002 0.011 
151      937    (0)   13 :  0.825 0.004 0.004 0.002 0.013 0.116 0.006 0.016 0.001 0.002 0.012 
152      948    (0)   13 :  0.597 0.020 0.005 0.015 0.103 0.091 0.007 0.119 0.004 0.002 0.037 
153      956    (0)   13 :  0.906 0.010 0.006 0.003 0.013 0.025 0.015 0.012 0.001 0.002 0.007 
154      957    (0)   13 :  0.779 0.004 0.003 0.003 0.014 0.116 0.004 0.014 0.003 0.005 0.055 
155      967    (0)   13 :  0.810 0.004 0.005 0.004 0.015 0.119 0.004 0.017 0.003 0.005 0.014 
156      968    (2)   13 :  0.365 0.019 0.011 0.011 0.132 0.147 0.125 0.166 0.002 0.007 0.016 
157      969    (2)   13 :  0.692 0.015 0.008 0.015 0.061 0.076 0.006 0.086 0.003 0.010 0.027 
158      970    (2)   13 :  0.122 0.015 0.004 0.007 0.084 0.243 0.005 0.196 0.035 0.014 0.275 
159      971    (4)   13 :  0.677 0.009 0.027 0.003 0.010 0.010 0.005 0.009 0.002 0.018 0.230 
160      972    (0)   13 :  0.911 0.005 0.003 0.006 0.022 0.015 0.008 0.013 0.012 0.002 0.005 
161      973    (0)   13 :  0.039 0.032 0.005 0.015 0.460 0.217 0.012 0.200 0.004 0.009 0.006 
162      978    (0)   13 :  0.856 0.007 0.005 0.039 0.019 0.010 0.043 0.009 0.002 0.004 0.007 
163      979    (0)   13 :  0.089 0.379 0.026 0.003 0.103 0.108 0.059 0.105 0.004 0.014 0.110 
164      988    (6)   13 :  0.011 0.006 0.005 0.003 0.006 0.006 0.004 0.007 0.002 0.002 0.948 
165      989    (0)   13 :  0.615 0.018 0.019 0.005 0.087 0.107 0.016 0.069 0.004 0.011 0.047 
166      990    (0)   13 :  0.216 0.009 0.064 0.020 0.288 0.246 0.004 0.129 0.007 0.005 0.013 
167      991    (0)   13 :  0.880 0.003 0.003 0.005 0.005 0.073 0.004 0.005 0.002 0.003 0.017 
168      992    (0)   13 :  0.885 0.007 0.010 0.003 0.015 0.012 0.021 0.012 0.013 0.012 0.010 
169     1006    (2)   13 :  0.889 0.011 0.004 0.013 0.007 0.007 0.022 0.007 0.002 0.033 0.005 
170     1017    (0)   13 :  0.389 0.054 0.057 0.014 0.201 0.119 0.097 0.055 0.003 0.004 0.006 
171     2582    (4)   13 :  0.737 0.022 0.102 0.032 0.023 0.023 0.012 0.023 0.011 0.011 0.004 
172      319    (2)   14 :  0.008 0.033 0.008 0.005 0.342 0.290 0.006 0.262 0.002 0.004 0.040 
173      335    (0)   14 :  0.011 0.032 0.010 0.012 0.480 0.237 0.004 0.182 0.010 0.010 0.011 
174      895    (0)   14 :  0.008 0.031 0.003 0.006 0.309 0.262 0.003 0.325 0.008 0.005 0.040 
175      896    (0)   14 :  0.009 0.038 0.006 0.003 0.580 0.152 0.038 0.148 0.007 0.002 0.016 
176      897    (0)   14 :  0.008 0.027 0.002 0.006 0.147 0.333 0.015 0.452 0.002 0.001 0.005 
177      898    (0)   14 :  0.088 0.025 0.006 0.005 0.120 0.306 0.007 0.431 0.002 0.004 0.008 
178      899    (0)   14 :  0.051 0.180 0.049 0.005 0.291 0.178 0.011 0.219 0.005 0.002 0.009 
179      900    (0)   14 :  0.023 0.039 0.005 0.041 0.383 0.218 0.017 0.238 0.014 0.007 0.016 
180      901    (0)   14 :  0.011 0.123 0.042 0.037 0.363 0.183 0.008 0.165 0.004 0.003 0.060 
181      902    (0)   14 :  0.015 0.040 0.003 0.003 0.535 0.183 0.004 0.177 0.012 0.002 0.026 
182      903    (0)   14 :  0.005 0.034 0.003 0.003 0.412 0.245 0.010 0.255 0.026 0.002 0.006 
183      904    (0)   14 :  0.006 0.030 0.007 0.002 0.162 0.329 0.015 0.427 0.007 0.005 0.011 
184      905    (0)   14 :  0.005 0.053 0.009 0.003 0.421 0.217 0.019 0.210 0.022 0.008 0.034 
185      906    (0)   14 :  0.008 0.028 0.003 0.006 0.173 0.316 0.005 0.444 0.005 0.003 0.009 
186      907    (0)   14 :  0.014 0.039 0.004 0.009 0.294 0.264 0.035 0.311 0.013 0.008 0.010 
187      908    (0)   14 :  0.013 0.047 0.005 0.007 0.350 0.241 0.008 0.318 0.003 0.005 0.005 
188      909    (0)   14 :  0.604 0.017 0.010 0.291 0.016 0.026 0.005 0.020 0.005 0.003 0.004 
189      910    (0)   14 :  0.009 0.033 0.004 0.056 0.164 0.328 0.008 0.388 0.003 0.003 0.004 
190      911    (0)   14 :  0.009 0.032 0.014 0.042 0.174 0.362 0.004 0.320 0.007 0.028 0.007 
191      912    (0)   14 :  0.015 0.028 0.003 0.003 0.140 0.415 0.005 0.367 0.007 0.010 0.007 
192      913    (0)   14 :  0.120 0.049 0.027 0.049 0.285 0.182 0.012 0.194 0.073 0.003 0.007 
193     2411    (0)   14 :  0.007 0.033 0.003 0.004 0.138 0.328 0.007 0.467 0.004 0.003 0.005 
194     2412    (0)   14 :  0.655 0.013 0.012 0.008 0.089 0.099 0.024 0.045 0.021 0.002 0.032 
195     2413    (0)   14 :  0.005 0.040 0.013 0.021 0.365 0.241 0.010 0.287 0.008 0.003 0.007 
196     2414    (0)   14 :  0.020 0.034 0.005 0.002 0.675 0.130 0.004 0.111 0.004 0.009 0.006 
197     2415    (2)   14 :  0.030 0.037 0.009 0.017 0.228 0.281 0.023 0.349 0.003 0.003 0.019 
198     2417    (4)   14 :  0.048 0.069 0.015 0.007 0.313 0.265 0.010 0.252 0.005 0.009 0.006 
199     2418    (4)   14 :  0.006 0.030 0.007 0.008 0.167 0.331 0.013 0.421 0.004 0.004 0.009 
200     2419    (2)   14 :  0.044 0.030 0.006 0.005 0.411 0.240 0.004 0.230 0.002 0.009 0.019 
201     2420    (0)   14 :  0.012 0.030 0.002 0.006 0.296 0.270 0.006 0.290 0.075 0.004 0.008 
202     2421    (0)   14 :  0.220 0.027 0.003 0.009 0.207 0.201 0.012 0.285 0.006 0.002 0.028 
203     2422    (2)   14 :  0.007 0.021 0.004 0.254 0.153 0.241 0.003 0.263 0.005 0.007 0.043 
204     2423    (0)   14 :  0.009 0.047 0.013 0.010 0.388 0.219 0.011 0.241 0.007 0.037 0.019 
205     2576    (0)   14 :  0.014 0.035 0.006 0.010 0.307 0.243 0.010 0.272 0.078 0.013 0.011 
206     1079    (0)   15 :  0.008 0.028 0.010 0.003 0.059 0.366 0.005 0.452 0.002 0.061 0.007 
207     1081    (0)   15 :  0.009 0.033 0.074 0.007 0.144 0.325 0.008 0.375 0.003 0.013 0.007 
208     1082    (2)   15 :  0.005 0.035 0.004 0.009 0.195 0.314 0.010 0.403 0.004 0.003 0.018 
209     1083    (0)   15 :  0.011 0.047 0.010 0.008 0.172 0.325 0.016 0.357 0.003 0.043 0.009 
210       34    (0)    2 :  0.004 0.016 0.909 0.002 0.007 0.006 0.014 0.007 0.002 0.011 0.021 
211       38    (0)    2 :  0.010 0.010 0.903 0.017 0.013 0.009 0.009 0.010 0.006 0.008 0.005 
212       41    (0)    2 :  0.003 0.006 0.972 0.002 0.003 0.003 0.003 0.003 0.001 0.002 0.002 
213       44    (0)    2 :  0.003 0.081 0.887 0.002 0.007 0.004 0.005 0.004 0.001 0.003 0.003 
214       45    (0)    2 :  0.010 0.073 0.851 0.002 0.005 0.006 0.015 0.005 0.005 0.024 0.002 
215       47    (0)    2 :  0.010 0.016 0.853 0.012 0.041 0.018 0.005 0.020 0.009 0.003 0.013 
216       50    (0)    2 :  0.004 0.048 0.776 0.002 0.016 0.015 0.097 0.017 0.006 0.013 0.006 
217      384    (0)    2 :  0.020 0.353 0.521 0.004 0.010 0.009 0.044 0.009 0.004 0.004 0.023 
218      385    (2)    2 :  0.003 0.005 0.957 0.004 0.005 0.004 0.005 0.005 0.005 0.004 0.003 
219      386    (0)    2 :  0.003 0.545 0.422 0.003 0.004 0.004 0.007 0.004 0.001 0.003 0.004 
220      387    (0)    2 :  0.002 0.003 0.972 0.003 0.003 0.003 0.004 0.003 0.001 0.004 0.002 
221      388    (0)    2 :  0.003 0.006 0.965 0.003 0.002 0.002 0.003 0.002 0.001 0.011 0.002 
222      389    (0)    2 :  0.003 0.004 0.975 0.003 0.002 0.003 0.002 0.002 0.001 0.003 0.002 
223      390    (4)    2 :  0.010 0.056 0.815 0.014 0.015 0.012 0.023 0.012 0.037 0.003 0.004 
224      391    (0)    2 :  0.043 0.042 0.834 0.011 0.012 0.010 0.010 0.010 0.006 0.016 0.008 
225      392    (0)    2 :  0.007 0.034 0.915 0.002 0.006 0.005 0.016 0.005 0.002 0.002 0.007 
226      393    (2)    2 :  0.005 0.015 0.946 0.006 0.004 0.003 0.005 0.003 0.004 0.003 0.005 
227      394    (0)    2 :  0.002 0.017 0.933 0.002 0.004 0.004 0.007 0.004 0.002 0.021 0.003 
228      395    (0)    2 :  0.005 0.023 0.895 0.008 0.014 0.011 0.005 0.012 0.016 0.003 0.008 
229      396    (0)    2 :  0.003 0.009 0.912 0.005 0.004 0.003 0.012 0.003 0.013 0.014 0.022 
230     2498    (2)    3 :  0.007 0.521 0.339 0.009 0.017 0.014 0.026 0.014 0.007 0.002 0.044 
231     2513    (2)    3 :  0.006 0.854 0.092 0.008 0.005 0.005 0.011 0.005 0.002 0.008 0.004 
232     2514    (2)    3 :  0.014 0.595 0.132 0.004 0.054 0.043 0.077 0.045 0.002 0.003 0.030 
233     2597    (4)    3 :  0.028 0.428 0.314 0.004 0.075 0.035 0.019 0.032 0.013 0.019 0.032 
234     2499    (4)    3 :  0.009 0.423 0.163 0.013 0.084 0.088 0.092 0.092 0.004 0.023 0.009 
235     2500    (0)    3 :  0.003 0.845 0.101 0.006 0.006 0.006 0.012 0.007 0.004 0.004 0.007 
236     2506    (2)    3 :  0.005 0.797 0.080 0.007 0.011 0.009 0.056 0.008 0.006 0.014 0.007 
237     2509    (6)    3 :  0.016 0.572 0.112 0.024 0.076 0.040 0.017 0.048 0.010 0.010 0.074 
238     2511    (2)    3 :  0.005 0.763 0.010 0.006 0.008 0.008 0.171 0.007 0.001 0.017 0.004 
239     2512    (2)    3 :  0.007 0.794 0.097 0.002 0.009 0.007 0.027 0.007 0.009 0.038 0.004 
240     2515    (2)    3 :  0.003 0.808 0.005 0.002 0.004 0.004 0.164 0.003 0.002 0.003 0.003 
241     2516    (2)    3 :  0.010 0.811 0.034 0.002 0.013 0.016 0.076 0.017 0.001 0.011 0.009 
242     2517    (2)    3 :  0.048 0.697 0.021 0.004 0.013 0.011 0.173 0.010 0.002 0.011 0.008 
243     2518    (2)    3 :  0.034 0.761 0.051 0.008 0.017 0.018 0.073 0.014 0.004 0.011 0.009 
244     2519    (0)    3 :  0.042 0.590 0.042 0.014 0.141 0.056 0.040 0.048 0.002 0.016 0.009 
245     2520    (2)    3 :  0.003 0.858 0.008 0.002 0.003 0.003 0.112 0.003 0.002 0.005 0.002 
246     2521    (2)    3 :  0.011 0.155 0.047 0.003 0.050 0.045 0.582 0.052 0.002 0.006 0.047 
247     2603    (4)    3 :  0.004 0.780 0.091 0.003 0.034 0.018 0.020 0.020 0.003 0.003 0.023 
248     2606    (2)    3 :  0.013 0.517 0.371 0.002 0.017 0.015 0.032 0.015 0.005 0.005 0.009 
249       87    (0)    4 :  0.014 0.012 0.007 0.007 0.010 0.009 0.905 0.008 0.008 0.013 0.007 
250       88    (0)    4 :  0.002 0.022 0.006 0.002 0.003 0.002 0.954 0.003 0.001 0.002 0.003 
251       90    (0)    4 :  0.003 0.853 0.014 0.001 0.003 0.002 0.110 0.003 0.001 0.007 0.002 
252       92    (0)    4 :  0.018 0.200 0.026 0.003 0.015 0.012 0.690 0.012 0.002 0.006 0.015 
253       96    (0)    4 :  0.007 0.744 0.060 0.020 0.010 0.010 0.063 0.010 0.002 0.009 0.066 
254       97    (0)    4 :  0.005 0.061 0.021 0.003 0.006 0.006 0.867 0.006 0.001 0.011 0.012 
255      105    (0)    4 :  0.005 0.030 0.007 0.008 0.006 0.006 0.917 0.006 0.002 0.010 0.004 
256      120    (0)    4 :  0.003 0.004 0.004 0.002 0.003 0.003 0.970 0.003 0.003 0.002 0.004 
257      123    (0)    4 :  0.005 0.831 0.034 0.003 0.004 0.004 0.108 0.004 0.002 0.003 0.003 
258      128    (0)    4 :  0.002 0.855 0.109 0.003 0.004 0.005 0.007 0.005 0.002 0.002 0.005 
259      129    (0)    4 :  0.015 0.404 0.369 0.004 0.009 0.007 0.176 0.006 0.002 0.003 0.004 
260      132    (0)    4 :  0.003 0.020 0.004 0.002 0.006 0.005 0.938 0.006 0.003 0.005 0.008 
261      504    (0)    4 :  0.010 0.287 0.095 0.003 0.006 0.006 0.579 0.005 0.001 0.003 0.004 
262      505    (0)    4 :  0.009 0.200 0.020 0.004 0.008 0.007 0.727 0.007 0.001 0.010 0.005 
263      506    (0)    4 :  0.006 0.216 0.183 0.003 0.019 0.018 0.500 0.017 0.002 0.011 0.024 
264      507    (0)    4 :  0.017 0.023 0.090 0.003 0.006 0.006 0.835 0.006 0.003 0.007 0.004 
265      508    (0)    4 :  0.009 0.017 0.005 0.003 0.014 0.011 0.885 0.011 0.024 0.004 0.017 
266      509    (0)    4 :  0.007 0.124 0.018 0.003 0.015 0.016 0.770 0.019 0.004 0.021 0.003 
267      510    (0)    4 :  0.007 0.005 0.009 0.002 0.005 0.005 0.954 0.005 0.002 0.002 0.003 
268      511    (0)    4 :  0.005 0.028 0.023 0.011 0.007 0.006 0.786 0.006 0.002 0.124 0.003 
269      512    (0)    4 :  0.005 0.065 0.281 0.004 0.004 0.004 0.623 0.004 0.002 0.004 0.004 
270      513    (0)    4 :  0.003 0.035 0.059 0.002 0.005 0.004 0.879 0.004 0.002 0.004 0.003 
271      514    (0)    4 :  0.005 0.685 0.029 0.012 0.012 0.009 0.208 0.010 0.003 0.007 0.019 
272      515    (0)    4 :  0.012 0.147 0.014 0.004 0.020 0.023 0.723 0.024 0.008 0.004 0.021 
273      558    (0)    4 :  0.016 0.201 0.007 0.003 0.009 0.008 0.684 0.007 0.005 0.052 0.007 
274      559    (0)    4 :  0.003 0.847 0.008 0.002 0.003 0.003 0.123 0.003 0.002 0.003 0.005 
275      560    (0)    4 :  0.003 0.773 0.015 0.006 0.005 0.004 0.165 0.004 0.008 0.012 0.004 
276      561    (0)    4 :  0.004 0.238 0.028 0.005 0.006 0.005 0.634 0.005 0.004 0.069 0.003 
277      562    (0)    4 :  0.006 0.048 0.012 0.002 0.011 0.009 0.876 0.009 0.003 0.005 0.018 
278      563    (0)    4 :  0.002 0.003 0.003 0.003 0.003 0.003 0.973 0.003 0.003 0.002 0.004 
279      564    (0)    4 :  0.008 0.444 0.009 0.003 0.008 0.007 0.489 0.007 0.010 0.004 0.010 
280      136    (0)    5 :  0.005 0.792 0.127 0.004 0.008 0.006 0.006 0.006 0.002 0.043 0.003 
281      138    (0)    5 :  0.006 0.829 0.118 0.004 0.006 0.006 0.011 0.006 0.003 0.006 0.004 
282      140    (0)    5 :  0.011 0.803 0.123 0.008 0.010 0.007 0.016 0.007 0.003 0.004 0.009 
283      141    (0)    5 :  0.008 0.751 0.128 0.004 0.032 0.027 0.009 0.027 0.005 0.005 0.004 
284      144    (0)    5 :  0.003 0.834 0.118 0.012 0.006 0.005 0.007 0.005 0.002 0.003 0.006 
285      146    (0)    5 :  0.002 0.847 0.044 0.004 0.005 0.004 0.072 0.005 0.003 0.003 0.011 
286      148    (0)    5 :  0.004 0.642 0.176 0.002 0.016 0.012 0.106 0.012 0.002 0.015 0.013 
287      150    (0)    5 :  0.008 0.807 0.139 0.002 0.006 0.005 0.007 0.005 0.010 0.006 0.004 
288      152    (0)    5 :  0.005 0.802 0.148 0.002 0.005 0.004 0.022 0.005 0.002 0.004 0.002 
289      666    (0)    5 :  0.007 0.857 0.110 0.002 0.004 0.005 0.006 0.004 0.002 0.002 0.003 
290      667    (0)    5 :  0.006 0.809 0.127 0.002 0.016 0.010 0.009 0.010 0.001 0.003 0.007 
291      668    (0)    5 :  0.040 0.587 0.166 0.004 0.019 0.014 0.123 0.013 0.015 0.015 0.005 
292      669    (0)    5 :  0.011 0.707 0.120 0.002 0.006 0.005 0.033 0.005 0.004 0.105 0.003 
293      670    (0)    5 :  0.067 0.618 0.113 0.003 0.031 0.038 0.053 0.021 0.017 0.010 0.029 
294      684    (0)    5 :  0.006 0.800 0.132 0.003 0.005 0.004 0.014 0.004 0.003 0.024 0.005 
295      685    (0)    5 :  0.003 0.821 0.126 0.004 0.007 0.006 0.006 0.007 0.009 0.007 0.005 
296      686    (0)    5 :  0.008 0.723 0.111 0.003 0.007 0.006 0.123 0.006 0.003 0.006 0.004 
297      687    (0)    5 :  0.005 0.820 0.138 0.004 0.006 0.005 0.006 0.005 0.001 0.007 0.004 
298      688    (2)    5 :  0.005 0.787 0.173 0.004 0.004 0.004 0.007 0.004 0.002 0.007 0.003 
299      689    (0)    5 :  0.013 0.778 0.141 0.005 0.013 0.010 0.010 0.009 0.005 0.005 0.011 
300      165    (0)    6 :  0.012 0.835 0.073 0.004 0.012 0.013 0.014 0.013 0.003 0.009 0.012 
301      167    (0)    6 :  0.020 0.474 0.048 0.003 0.048 0.043 0.019 0.046 0.053 0.014 0.233 
302      170    (0)    6 :  0.015 0.811 0.088 0.012 0.011 0.010 0.019 0.008 0.004 0.006 0.016 
303      714    (0)    6 :  0.007 0.423 0.024 0.002 0.013 0.010 0.465 0.010 0.003 0.032 0.011 
304      715    (2)    6 :  0.022 0.188 0.077 0.004 0.125 0.145 0.244 0.131 0.018 0.011 0.035 
305      716    (0)    6 :  0.012 0.838 0.087 0.004 0.009 0.008 0.007 0.008 0.003 0.008 0.016 
306      717    (2)    6 :  0.010 0.078 0.020 0.008 0.216 0.156 0.268 0.134 0.010 0.010 0.089 
307     2346    (2)    6 :  0.012 0.034 0.002 0.094 0.477 0.151 0.004 0.204 0.010 0.003 0.009 
308      718    (0)    7 :  0.011 0.309 0.025 0.004 0.006 0.006 0.039 0.006 0.005 0.583 0.006 
309      719    (0)    7 :  0.017 0.495 0.084 0.016 0.035 0.028 0.016 0.026 0.006 0.270 0.007 
310      720    (0)    7 :  0.006 0.152 0.158 0.001 0.007 0.006 0.033 0.007 0.001 0.624 0.004 
311      721    (0)    7 :  0.027 0.688 0.063 0.014 0.031 0.025 0.072 0.027 0.016 0.033 0.005 
312      722    (0)    7 :  0.012 0.328 0.121 0.002 0.006 0.007 0.086 0.005 0.002 0.422 0.008 
313      723    (0)    7 :  0.017 0.657 0.181 0.005 0.008 0.008 0.082 0.006 0.001 0.012 0.024 
314      724    (0)    7 :  0.006 0.618 0.090 0.002 0.005 0.005 0.004 0.004 0.005 0.258 0.003 
315      725    (0)    7 :  0.004 0.582 0.021 0.006 0.004 0.003 0.053 0.004 0.003 0.317 0.003 
316      726    (0)    7 :  0.006 0.201 0.013 0.003 0.018 0.012 0.016 0.013 0.003 0.630 0.087 
317      727    (0)    7 :  0.004 0.860 0.106 0.002 0.003 0.003 0.004 0.003 0.002 0.011 0.003 
318      728    (2)    7 :  0.007 0.192 0.083 0.002 0.012 0.016 0.034 0.012 0.002 0.634 0.005 
319      729    (0)    7 :  0.261 0.540 0.024 0.004 0.019 0.015 0.040 0.013 0.010 0.054 0.018 
320      730    (0)    7 :  0.002 0.002 0.002 0.001 0.002 0.002 0.002 0.002 0.003 0.980 0.002 
321      731    (0)    7 :  0.013 0.796 0.008 0.006 0.016 0.013 0.103 0.011 0.005 0.026 0.005 
322      732    (0)    7 :  0.003 0.008 0.031 0.005 0.004 0.003 0.003 0.004 0.002 0.934 0.004 
323      733    (0)    7 :  0.013 0.836 0.009 0.003 0.006 0.004 0.093 0.004 0.013 0.007 0.012 
324      734    (0)    7 :  0.005 0.840 0.006 0.002 0.003 0.003 0.131 0.003 0.002 0.004 0.002 
325      189    (0)    8 :  0.007 0.008 0.010 0.897 0.008 0.007 0.008 0.007 0.007 0.003 0.038 
326      190    (0)    8 :  0.003 0.003 0.004 0.974 0.003 0.003 0.002 0.003 0.002 0.002 0.004 
327      193    (0)    8 :  0.004 0.004 0.002 0.952 0.010 0.008 0.006 0.008 0.001 0.002 0.003 
328      761    (0)    8 :  0.003 0.002 0.002 0.975 0.002 0.002 0.003 0.003 0.001 0.002 0.004 
329      762    (0)    8 :  0.007 0.005 0.002 0.959 0.004 0.004 0.002 0.004 0.002 0.009 0.003 
330      763    (0)    8 :  0.005 0.004 0.005 0.961 0.004 0.004 0.005 0.004 0.003 0.003 0.003 
331      764    (0)    8 :  0.004 0.004 0.007 0.965 0.003 0.003 0.002 0.003 0.002 0.004 0.004 
332      765    (0)    8 :  0.004 0.004 0.005 0.958 0.005 0.005 0.005 0.005 0.002 0.003 0.004 
333      778    (0)    8 :  0.007 0.013 0.014 0.873 0.018 0.014 0.018 0.015 0.014 0.004 0.011 
334      779    (0)    8 :  0.004 0.005 0.024 0.941 0.004 0.004 0.002 0.004 0.003 0.003 0.006 
335      780    (0)    8 :  0.005 0.002 0.003 0.973 0.003 0.003 0.002 0.003 0.002 0.002 0.002 
336      781    (0)    8 :  0.003 0.003 0.003 0.954 0.003 0.003 0.005 0.003 0.016 0.004 0.003 
337      782    (0)    8 :  0.003 0.007 0.017 0.943 0.005 0.005 0.009 0.005 0.002 0.002 0.004 
338      783    (0)    8 :  0.002 0.002 0.002 0.986 0.001 0.001 0.001 0.001 0.001 0.001 0.001 
339      784    (0)    8 :  0.003 0.003 0.004 0.958 0.006 0.005 0.004 0.005 0.002 0.002 0.008 
340      785    (0)    8 :  0.005 0.003 0.003 0.962 0.004 0.004 0.002 0.004 0.004 0.004 0.003 
341      786    (0)    8 :  0.005 0.003 0.003 0.966 0.004 0.004 0.002 0.004 0.001 0.001 0.007 
342      787    (0)    8 :  0.003 0.004 0.010 0.965 0.003 0.003 0.002 0.003 0.002 0.002 0.002 
343      788    (0)    8 :  0.007 0.008 0.005 0.927 0.010 0.011 0.011 0.011 0.004 0.004 0.003 
344      789    (0)    8 :  0.003 0.005 0.010 0.938 0.010 0.010 0.002 0.010 0.002 0.001 0.009 
345      790    (0)    8 :  0.005 0.004 0.008 0.947 0.005 0.005 0.002 0.005 0.005 0.002 0.011 
346      791    (0)    8 :  0.005 0.007 0.011 0.946 0.006 0.007 0.004 0.007 0.002 0.002 0.003 
347      792    (0)    8 :  0.002 0.002 0.002 0.976 0.002 0.002 0.003 0.002 0.004 0.003 0.002 
348      793    (0)    8 :  0.005 0.005 0.013 0.945 0.007 0.006 0.003 0.006 0.002 0.004 0.004 
349      794    (0)    8 :  0.006 0.003 0.002 0.957 0.005 0.006 0.004 0.006 0.003 0.003 0.005 
350      795    (0)    8 :  0.003 0.003 0.002 0.961 0.005 0.005 0.006 0.005 0.003 0.003 0.004 
351      796    (0)    8 :  0.002 0.002 0.002 0.979 0.002 0.002 0.002 0.002 0.003 0.002 0.002 
352      797    (0)    8 :  0.004 0.002 0.002 0.975 0.003 0.003 0.002 0.003 0.002 0.002 0.002 
353      798    (0)    8 :  0.007 0.007 0.004 0.961 0.003 0.003 0.005 0.003 0.002 0.003 0.003 
354      282    (0)    9 :  0.004 0.004 0.002 0.002 0.009 0.007 0.005 0.007 0.955 0.002 0.004 
355      284    (0)    9 :  0.003 0.003 0.002 0.010 0.003 0.004 0.002 0.003 0.960 0.007 0.003 
356      287    (0)    9 :  0.005 0.003 0.003 0.003 0.007 0.005 0.002 0.006 0.959 0.004 0.003 
357      295    (0)    9 :  0.001 0.001 0.001 0.001 0.001 0.001 0.001 0.001 0.988 0.001 0.001 
358      302    (0)    9 :  0.002 0.001 0.002 0.002 0.001 0.001 0.001 0.001 0.986 0.001 0.001 
359      306    (2)    9 :  0.011 0.008 0.008 0.005 0.017 0.013 0.004 0.013 0.913 0.006 0.002 
360      308    (0)    9 :  0.002 0.002 0.002 0.001 0.002 0.002 0.002 0.002 0.981 0.003 0.001 
361      867    (0)    9 :  0.002 0.002 0.001 0.001 0.002 0.002 0.002 0.002 0.984 0.003 0.001 


Estimated Allele Frequencies in each cluster
First column gives estimated ancestral frequencies


Locus 1 : 1 
4 alleles
0.0% missing data
  89   (0.541) 0.535 0.622 0.618 0.640 0.542 0.538 0.297 0.546 0.078 0.696 0.448 
  91   (0.362) 0.403 0.344 0.224 0.311 0.361 0.380 0.553 0.367 0.725 0.292 0.526 
  93   (0.075) 0.044 0.031 0.157 0.047 0.074 0.060 0.148 0.067 0.046 0.009 0.020 
  99   (0.022) 0.019 0.003 0.002 0.001 0.022 0.022 0.002 0.021 0.151 0.002 0.006 

Locus 2 : 2 
6 alleles
1.4% missing data
 136   (0.333) 0.082 0.553 0.435 0.458 0.333 0.335 0.681 0.360 0.201 0.110 0.201 
 134   (0.242) 0.256 0.162 0.134 0.378 0.242 0.220 0.184 0.220 0.032 0.198 0.401 
 138   (0.300) 0.517 0.238 0.352 0.156 0.299 0.308 0.118 0.285 0.751 0.249 0.276 
 140   (0.077) 0.032 0.041 0.076 0.005 0.077 0.079 0.012 0.080 0.010 0.438 0.100 
 132   (0.026) 0.004 0.003 0.002 0.002 0.026 0.033 0.003 0.035 0.003 0.002 0.006 
 142   (0.022) 0.110 0.003 0.002 0.001 0.022 0.024 0.002 0.021 0.003 0.002 0.016 

Locus 3 : 3 
6 alleles
0.0% missing data
 181   (0.241) 0.364 0.259 0.159 0.070 0.241 0.206 0.097 0.213 0.195 0.072 0.275 
 187   (0.357) 0.170 0.449 0.654 0.257 0.357 0.349 0.532 0.356 0.751 0.701 0.373 
 179   (0.242) 0.220 0.249 0.172 0.015 0.241 0.273 0.355 0.265 0.033 0.209 0.269 
 191   (0.035) 0.008 0.027 0.007 0.194 0.035 0.026 0.004 0.025 0.004 0.005 0.008 
 185   (0.074) 0.097 0.009 0.006 0.459 0.074 0.083 0.008 0.080 0.010 0.008 0.055 
 175   (0.051) 0.142 0.007 0.004 0.003 0.051 0.063 0.005 0.062 0.006 0.005 0.020 

Locus 4 : 4 
10 alleles
0.0% missing data
 253   (0.519) 0.575 0.773 0.530 0.466 0.518 0.552 0.518 0.546 0.537 0.646 0.424 
 249   (0.030) 0.004 0.061 0.011 0.002 0.030 0.019 0.033 0.020 0.004 0.299 0.007 
 271   (0.039) 0.010 0.034 0.005 0.002 0.039 0.030 0.049 0.028 0.005 0.005 0.142 
 241   (0.134) 0.153 0.031 0.064 0.150 0.134 0.132 0.332 0.130 0.209 0.020 0.096 
 257   (0.008) 0.001 0.001 0.001 0.000 0.008 0.005 0.003 0.005 0.001 0.001 0.002 
 269   (0.171) 0.220 0.086 0.382 0.100 0.171 0.160 0.055 0.154 0.232 0.021 0.238 
 247   (0.073) 0.033 0.010 0.005 0.278 0.073 0.083 0.007 0.096 0.009 0.007 0.085 
 239   (0.008) 0.001 0.001 0.001 0.000 0.008 0.005 0.001 0.005 0.001 0.001 0.002 
 245   (0.008) 0.001 0.001 0.001 0.000 0.008 0.005 0.001 0.006 0.001 0.001 0.002 
 273   (0.011) 0.001 0.001 0.001 0.001 0.011 0.009 0.001 0.010 0.001 0.001 0.003 

Locus 5 : 5 
7 alleles
0.8% missing data
 103   (0.846) 0.948 0.974 0.986 0.964 0.845 0.811 0.982 0.803 0.978 0.984 0.949 
 104   (0.061) 0.028 0.014 0.007 0.004 0.062 0.086 0.009 0.085 0.009 0.007 0.019 
 105   (0.046) 0.018 0.007 0.003 0.003 0.046 0.066 0.005 0.078 0.006 0.005 0.019 
 102   (0.018) 0.003 0.002 0.001 0.001 0.018 0.019 0.002 0.018 0.003 0.002 0.005 
 101   (0.012) 0.002 0.001 0.001 0.014 0.012 0.008 0.001 0.008 0.002 0.001 0.004 
 107   (0.008) 0.001 0.001 0.001 0.000 0.008 0.005 0.001 0.005 0.001 0.001 0.002 
  99   (0.008) 0.001 0.001 0.001 0.013 0.008 0.004 0.001 0.004 0.001 0.001 0.002 

Locus 6 : 6 
5 alleles
0.3% missing data
 141   (0.295) 0.219 0.561 0.488 0.135 0.295 0.283 0.297 0.267 0.040 0.844 0.596 
 145   (0.397) 0.587 0.211 0.221 0.263 0.397 0.442 0.142 0.453 0.384 0.073 0.201 
 135   (0.229) 0.182 0.207 0.142 0.287 0.229 0.214 0.363 0.220 0.564 0.065 0.165 
 147   (0.068) 0.010 0.019 0.148 0.314 0.068 0.051 0.196 0.051 0.010 0.017 0.036 
 137   (0.011) 0.001 0.001 0.001 0.001 0.011 0.009 0.001 0.010 0.001 0.001 0.002 

Locus 7 : 7 
8 alleles
1.1% missing data
  93   (0.240) 0.286 0.315 0.306 0.069 0.240 0.232 0.396 0.219 0.712 0.624 0.255 
 103   (0.283) 0.356 0.372 0.544 0.505 0.283 0.302 0.305 0.300 0.044 0.085 0.265 
  91   (0.069) 0.037 0.035 0.047 0.157 0.069 0.058 0.007 0.059 0.064 0.007 0.023 
  97   (0.204) 0.142 0.184 0.076 0.256 0.205 0.188 0.150 0.207 0.149 0.029 0.178 
  85   (0.041) 0.029 0.052 0.010 0.003 0.041 0.034 0.009 0.037 0.006 0.005 0.012 
  89   (0.103) 0.108 0.034 0.013 0.007 0.103 0.104 0.126 0.094 0.016 0.244 0.252 
  83   (0.050) 0.041 0.007 0.004 0.003 0.050 0.068 0.005 0.072 0.007 0.005 0.014 
 105   (0.010) 0.002 0.001 0.001 0.001 0.010 0.012 0.001 0.012 0.001 0.001 0.002 

Locus 8 : 8 
8 alleles
0.0% missing data
 129   (0.533) 0.711 0.689 0.699 0.639 0.533 0.548 0.450 0.530 0.156 0.671 0.533 
 141   (0.066) 0.020 0.100 0.047 0.207 0.065 0.057 0.147 0.060 0.009 0.012 0.017 
 149   (0.097) 0.055 0.129 0.160 0.017 0.097 0.095 0.060 0.092 0.013 0.015 0.118 
 143   (0.255) 0.199 0.076 0.091 0.133 0.255 0.259 0.339 0.275 0.730 0.298 0.320 
 145   (0.008) 0.001 0.001 0.001 0.000 0.008 0.005 0.001 0.005 0.001 0.001 0.002 
 133   (0.016) 0.003 0.002 0.001 0.001 0.016 0.019 0.002 0.020 0.002 0.001 0.004 
 131   (0.011) 0.008 0.001 0.001 0.002 0.011 0.006 0.001 0.006 0.045 0.001 0.003 
 127   (0.015) 0.002 0.002 0.001 0.001 0.015 0.012 0.001 0.013 0.044 0.001 0.004 

Locus 9 : 9 
4 alleles
0.0% missing data
 191   (0.373) 0.309 0.531 0.578 0.542 0.373 0.363 0.606 0.371 0.260 0.835 0.220 
 195   (0.146) 0.259 0.178 0.242 0.055 0.146 0.120 0.046 0.126 0.401 0.034 0.203 
 189   (0.473) 0.431 0.288 0.179 0.402 0.473 0.513 0.347 0.499 0.339 0.130 0.574 
 193   (0.008) 0.001 0.003 0.001 0.001 0.008 0.004 0.001 0.004 0.001 0.001 0.002 

Locus 10 : 10 
7 alleles
0.0% missing data
 232   (0.247) 0.173 0.298 0.165 0.273 0.247 0.230 0.402 0.252 0.188 0.573 0.075 
 238   (0.559) 0.751 0.565 0.732 0.346 0.559 0.594 0.414 0.559 0.412 0.133 0.868 
 252   (0.113) 0.066 0.113 0.083 0.034 0.113 0.106 0.176 0.111 0.019 0.280 0.036 
 254   (0.042) 0.005 0.019 0.018 0.260 0.042 0.036 0.005 0.041 0.377 0.011 0.011 
 250   (0.010) 0.001 0.001 0.001 0.001 0.010 0.012 0.001 0.014 0.001 0.001 0.002 
 248   (0.021) 0.003 0.002 0.001 0.085 0.021 0.017 0.002 0.018 0.003 0.002 0.005 
 236   (0.008) 0.001 0.001 0.001 0.001 0.008 0.005 0.001 0.005 0.001 0.001 0.002 

Locus 11 : 11 
3 alleles
0.0% missing data
  87   (0.729) 0.833 0.669 0.601 0.537 0.729 0.739 0.565 0.743 0.964 0.365 0.913 
  89   (0.214) 0.135 0.278 0.388 0.380 0.214 0.215 0.329 0.210 0.029 0.603 0.063 
  91   (0.057) 0.031 0.053 0.011 0.083 0.057 0.047 0.106 0.047 0.007 0.031 0.025 

Locus 12 : 12 
12 alleles
0.0% missing data
 160   (0.211) 0.282 0.110 0.220 0.713 0.211 0.193 0.186 0.187 0.584 0.034 0.264 
 162   (0.254) 0.227 0.215 0.240 0.233 0.254 0.279 0.117 0.283 0.081 0.716 0.357 
 147   (0.054) 0.045 0.104 0.096 0.003 0.054 0.044 0.333 0.041 0.007 0.132 0.018 
 158   (0.235) 0.223 0.509 0.420 0.023 0.235 0.221 0.322 0.236 0.032 0.086 0.156 
 161   (0.105) 0.116 0.037 0.011 0.020 0.105 0.115 0.026 0.110 0.131 0.016 0.036 
 170   (0.050) 0.026 0.015 0.006 0.003 0.050 0.062 0.006 0.062 0.007 0.007 0.027 
 149   (0.023) 0.047 0.003 0.002 0.001 0.022 0.016 0.002 0.017 0.003 0.002 0.124 
 154   (0.019) 0.002 0.002 0.001 0.001 0.019 0.021 0.002 0.024 0.003 0.002 0.006 
 143   (0.022) 0.004 0.003 0.002 0.001 0.022 0.026 0.002 0.025 0.149 0.002 0.005 
 150   (0.008) 0.009 0.001 0.001 0.000 0.008 0.004 0.001 0.004 0.001 0.001 0.002 
 159   (0.011) 0.019 0.001 0.001 0.001 0.011 0.012 0.001 0.007 0.001 0.001 0.003 
 164   (0.008) 0.001 0.001 0.001 0.000 0.008 0.005 0.001 0.005 0.001 0.001 0.002 

Locus 13 : 13 
4 alleles
0.0% missing data
 108   (0.195) 0.106 0.170 0.152 0.199 0.195 0.175 0.167 0.180 0.311 0.417 0.071 
 115   (0.442) 0.531 0.527 0.744 0.287 0.442 0.450 0.366 0.440 0.097 0.511 0.549 
 113   (0.356) 0.362 0.303 0.104 0.513 0.355 0.369 0.466 0.375 0.590 0.071 0.378 
 109   (0.008) 0.001 0.001 0.001 0.000 0.008 0.006 0.001 0.005 0.001 0.001 0.002 

Locus 14 : 14 
5 alleles
0.3% missing data
 227   (0.160) 0.347 0.248 0.252 0.020 0.159 0.160 0.319 0.134 0.231 0.058 0.076 
 231   (0.123) 0.019 0.107 0.062 0.352 0.123 0.119 0.121 0.135 0.296 0.022 0.034 
 229   (0.523) 0.515 0.496 0.351 0.416 0.523 0.543 0.407 0.556 0.118 0.872 0.756 
 225   (0.122) 0.073 0.059 0.277 0.208 0.122 0.113 0.026 0.106 0.244 0.016 0.116 
 233   (0.072) 0.045 0.090 0.058 0.005 0.072 0.065 0.127 0.068 0.111 0.032 0.019 

Locus 15 : 15 
5 alleles
0.3% missing data
 143   (0.834) 0.860 0.953 0.948 0.813 0.834 0.844 0.975 0.835 0.763 0.982 0.905 
 157   (0.010) 0.001 0.020 0.004 0.001 0.010 0.005 0.001 0.005 0.001 0.001 0.003 
 145   (0.092) 0.073 0.019 0.044 0.006 0.092 0.095 0.018 0.096 0.227 0.011 0.033 
 147   (0.047) 0.064 0.006 0.003 0.148 0.047 0.040 0.005 0.045 0.006 0.004 0.055 
 133   (0.018) 0.002 0.002 0.001 0.032 0.018 0.016 0.002 0.019 0.002 0.002 0.004 

Locus 16 : 16 
5 alleles
0.3% missing data
 156   (0.246) 0.224 0.308 0.262 0.500 0.245 0.243 0.109 0.258 0.577 0.211 0.110 
 158   (0.529) 0.651 0.506 0.510 0.202 0.530 0.545 0.678 0.521 0.221 0.313 0.445 
 160   (0.134) 0.099 0.132 0.198 0.112 0.134 0.119 0.198 0.115 0.018 0.465 0.411 
 154   (0.082) 0.011 0.053 0.030 0.185 0.082 0.085 0.013 0.100 0.183 0.011 0.030 
 152   (0.010) 0.015 0.001 0.001 0.001 0.010 0.007 0.001 0.006 0.001 0.001 0.004 

Locus 17 : 17 
5 alleles
0.0% missing data
 102   (0.230) 0.197 0.246 0.251 0.201 0.230 0.252 0.118 0.225 0.034 0.092 0.254 
  90   (0.660) 0.782 0.710 0.734 0.792 0.660 0.632 0.843 0.646 0.593 0.611 0.486 
  88   (0.070) 0.010 0.039 0.011 0.005 0.070 0.074 0.035 0.079 0.009 0.293 0.241 
 100   (0.033) 0.005 0.004 0.002 0.002 0.033 0.038 0.003 0.045 0.363 0.003 0.012 
 104   (0.008) 0.006 0.001 0.001 0.000 0.008 0.004 0.001 0.004 0.001 0.001 0.008 

Locus 18 : 18 
8 alleles
0.3% missing data
 142   (0.151) 0.068 0.377 0.406 0.010 0.150 0.145 0.369 0.156 0.020 0.789 0.114 
 146   (0.097) 0.078 0.146 0.311 0.222 0.097 0.107 0.034 0.082 0.014 0.044 0.170 
 140   (0.257) 0.238 0.119 0.049 0.179 0.257 0.261 0.406 0.272 0.314 0.042 0.316 
 127   (0.255) 0.343 0.204 0.145 0.062 0.256 0.263 0.088 0.263 0.472 0.066 0.112 
 148   (0.098) 0.060 0.071 0.012 0.212 0.098 0.089 0.053 0.088 0.014 0.031 0.243 
 128   (0.029) 0.004 0.060 0.009 0.002 0.029 0.029 0.022 0.031 0.104 0.006 0.007 
 150   (0.057) 0.165 0.007 0.004 0.309 0.057 0.057 0.006 0.057 0.007 0.006 0.017 
 138   (0.057) 0.044 0.016 0.064 0.004 0.057 0.049 0.024 0.051 0.057 0.015 0.021 

Locus 19 : 19 
6 alleles
0.0% missing data
 188   (0.200) 0.163 0.126 0.038 0.173 0.200 0.203 0.177 0.217 0.026 0.566 0.091 
 190   (0.147) 0.181 0.335 0.563 0.199 0.146 0.118 0.343 0.117 0.019 0.018 0.232 
 194   (0.565) 0.562 0.528 0.393 0.481 0.565 0.581 0.472 0.586 0.944 0.408 0.422 
 200   (0.065) 0.092 0.008 0.005 0.004 0.066 0.081 0.006 0.062 0.008 0.006 0.251 
 202   (0.015) 0.002 0.002 0.001 0.143 0.015 0.011 0.001 0.012 0.002 0.001 0.003 
 196   (0.008) 0.001 0.001 0.001 0.001 0.008 0.006 0.001 0.006 0.001 0.001 0.002 

Locus 20 : 20 
6 alleles
0.8% missing data
 252   (0.708) 0.758 0.814 0.908 0.723 0.708 0.755 0.718 0.752 0.368 0.810 0.733 
 250   (0.083) 0.082 0.113 0.021 0.142 0.083 0.062 0.072 0.060 0.333 0.011 0.062 
 244   (0.019) 0.006 0.004 0.041 0.001 0.019 0.011 0.002 0.011 0.003 0.156 0.005 
 254   (0.081) 0.085 0.041 0.019 0.084 0.081 0.068 0.011 0.067 0.117 0.010 0.100 
 246   (0.088) 0.064 0.014 0.007 0.048 0.088 0.080 0.194 0.085 0.176 0.010 0.094 
 248   (0.021) 0.005 0.013 0.005 0.001 0.021 0.023 0.003 0.025 0.003 0.002 0.005 

Locus 21 : 21 
7 alleles
0.0% missing data
 173   (0.280) 0.587 0.350 0.401 0.214 0.279 0.281 0.141 0.256 0.140 0.163 0.269 
 177   (0.299) 0.207 0.300 0.149 0.171 0.299 0.292 0.619 0.304 0.267 0.179 0.476 
 175   (0.129) 0.071 0.033 0.080 0.255 0.129 0.130 0.034 0.129 0.452 0.017 0.042 
 167   (0.186) 0.116 0.301 0.310 0.121 0.186 0.184 0.192 0.185 0.127 0.631 0.065 
 163   (0.042) 0.010 0.007 0.003 0.222 0.042 0.040 0.005 0.042 0.005 0.004 0.012 
 159   (0.022) 0.003 0.003 0.002 0.001 0.022 0.031 0.002 0.038 0.003 0.002 0.007 
 165   (0.042) 0.006 0.006 0.056 0.015 0.042 0.043 0.007 0.046 0.006 0.004 0.130 

Locus 22 : 22 
11 alleles
1.1% missing data
 146   (0.224) 0.313 0.263 0.068 0.140 0.224 0.236 0.242 0.221 0.084 0.829 0.222 
 154   (0.013) 0.002 0.071 0.022 0.001 0.013 0.006 0.013 0.006 0.002 0.001 0.003 
 166   (0.095) 0.026 0.037 0.011 0.006 0.095 0.094 0.231 0.102 0.117 0.011 0.137 
 152   (0.455) 0.593 0.564 0.877 0.370 0.455 0.437 0.451 0.426 0.462 0.134 0.567 
 150   (0.033) 0.008 0.011 0.004 0.002 0.033 0.037 0.008 0.036 0.114 0.004 0.013 
 164   (0.025) 0.003 0.016 0.004 0.002 0.025 0.020 0.039 0.022 0.004 0.003 0.006 
 158   (0.074) 0.019 0.027 0.009 0.105 0.074 0.088 0.008 0.100 0.010 0.009 0.026 
 162   (0.043) 0.009 0.006 0.003 0.071 0.043 0.051 0.004 0.058 0.006 0.004 0.017 
 142   (0.016) 0.012 0.002 0.001 0.001 0.016 0.018 0.002 0.017 0.002 0.002 0.004 
 156   (0.012) 0.013 0.001 0.001 0.301 0.012 0.006 0.001 0.006 0.001 0.001 0.003 
 148   (0.011) 0.001 0.001 0.001 0.001 0.011 0.007 0.001 0.007 0.199 0.001 0.002 

Locus 23 : 23 
7 alleles
0.6% missing data
 152   (0.017) 0.003 0.066 0.008 0.001 0.017 0.009 0.090 0.009 0.002 0.002 0.004 
 156   (0.123) 0.032 0.056 0.016 0.035 0.124 0.138 0.082 0.160 0.018 0.012 0.081 
 144   (0.154) 0.285 0.200 0.075 0.635 0.154 0.140 0.163 0.133 0.558 0.023 0.049 
 160   (0.114) 0.100 0.179 0.128 0.105 0.114 0.089 0.276 0.089 0.016 0.013 0.227 
 154   (0.558) 0.576 0.495 0.760 0.222 0.558 0.596 0.386 0.577 0.401 0.927 0.519 
 158   (0.023) 0.003 0.003 0.013 0.001 0.023 0.019 0.002 0.023 0.003 0.021 0.118 
 146   (0.011) 0.001 0.001 0.001 0.001 0.011 0.009 0.001 0.010 0.002 0.001 0.002 

Locus 24 : 24 
4 alleles
0.3% missing data
  77   (0.092) 0.088 0.342 0.133 0.051 0.092 0.083 0.038 0.074 0.013 0.040 0.059 
  83   (0.466) 0.383 0.439 0.705 0.919 0.466 0.436 0.599 0.448 0.712 0.232 0.493 
  81   (0.367) 0.411 0.187 0.155 0.025 0.367 0.401 0.323 0.400 0.265 0.717 0.424 
  85   (0.075) 0.117 0.032 0.008 0.005 0.075 0.079 0.040 0.077 0.010 0.011 0.024 

Locus 25 : 25 
6 alleles
0.3% missing data
 132   (0.343) 0.361 0.488 0.560 0.449 0.342 0.338 0.185 0.336 0.212 0.916 0.234 
 124   (0.515) 0.528 0.434 0.342 0.542 0.516 0.525 0.768 0.530 0.394 0.065 0.655 
 126   (0.030) 0.004 0.044 0.087 0.002 0.030 0.019 0.034 0.019 0.004 0.004 0.007 
 122   (0.079) 0.103 0.030 0.009 0.005 0.079 0.088 0.010 0.085 0.054 0.013 0.095 
 120   (0.019) 0.002 0.002 0.001 0.001 0.019 0.017 0.002 0.018 0.335 0.002 0.004 
 136   (0.015) 0.002 0.002 0.001 0.001 0.015 0.012 0.002 0.012 0.002 0.001 0.005 

Locus 26 : 26 
7 alleles
0.0% missing data
 165   (0.220) 0.292 0.153 0.039 0.055 0.220 0.212 0.160 0.212 0.302 0.686 0.201 
 183   (0.357) 0.310 0.509 0.768 0.420 0.357 0.345 0.474 0.359 0.320 0.198 0.334 
 179   (0.091) 0.085 0.068 0.016 0.006 0.091 0.100 0.109 0.081 0.333 0.017 0.033 
 175   (0.284) 0.306 0.264 0.174 0.451 0.283 0.299 0.252 0.299 0.040 0.095 0.421 
 181   (0.032) 0.004 0.004 0.002 0.067 0.032 0.035 0.003 0.039 0.004 0.003 0.007 
 157   (0.008) 0.001 0.001 0.001 0.000 0.008 0.005 0.001 0.005 0.001 0.001 0.002 
 185   (0.008) 0.001 0.001 0.001 0.001 0.008 0.005 0.001 0.006 0.001 0.001 0.002 

Locus 27 : 27 
4 alleles
0.0% missing data
 142   (0.649) 0.773 0.724 0.631 0.741 0.649 0.656 0.624 0.657 0.355 0.337 0.637 
 148   (0.192) 0.084 0.090 0.086 0.068 0.192 0.198 0.163 0.204 0.624 0.393 0.061 
 138   (0.055) 0.019 0.161 0.270 0.004 0.055 0.035 0.201 0.037 0.007 0.259 0.015 
 150   (0.103) 0.125 0.025 0.013 0.188 0.103 0.111 0.011 0.102 0.014 0.011 0.287 

Locus 28 : 28 
6 alleles
1.1% missing data
 260   (0.397) 0.538 0.297 0.643 0.378 0.397 0.411 0.450 0.391 0.091 0.273 0.448 
 262   (0.491) 0.370 0.684 0.347 0.547 0.491 0.482 0.539 0.496 0.893 0.712 0.457 
 256   (0.070) 0.052 0.014 0.007 0.072 0.070 0.072 0.008 0.072 0.011 0.011 0.082 
 258   (0.013) 0.002 0.002 0.001 0.001 0.013 0.014 0.001 0.017 0.002 0.001 0.004 
 264   (0.020) 0.030 0.002 0.001 0.001 0.020 0.017 0.002 0.020 0.002 0.002 0.008 
 266   (0.008) 0.009 0.001 0.001 0.001 0.008 0.004 0.001 0.004 0.001 0.001 0.002 

Locus 29 : 29 
7 alleles
0.6% missing data
 146   (0.262) 0.227 0.162 0.311 0.336 0.262 0.260 0.268 0.268 0.038 0.081 0.229 
 150   (0.447) 0.551 0.684 0.580 0.291 0.447 0.479 0.481 0.463 0.158 0.164 0.360 
 140   (0.177) 0.162 0.092 0.097 0.060 0.177 0.173 0.038 0.172 0.789 0.700 0.227 
 148   (0.068) 0.028 0.048 0.009 0.310 0.067 0.055 0.203 0.060 0.009 0.049 0.134 
 152   (0.030) 0.031 0.004 0.002 0.002 0.030 0.024 0.003 0.028 0.004 0.003 0.044 
 151   (0.008) 0.001 0.007 0.001 0.000 0.008 0.004 0.006 0.004 0.001 0.001 0.002 
 142   (0.008) 0.001 0.003 0.001 0.001 0.008 0.004 0.001 0.004 0.001 0.001 0.004 

Locus 30 : 30 
6 alleles
0.3% missing data
 125   (0.296) 0.095 0.491 0.311 0.032 0.296 0.306 0.300 0.331 0.156 0.632 0.109 
 129   (0.431) 0.598 0.426 0.647 0.780 0.430 0.419 0.625 0.394 0.227 0.308 0.585 
 123   (0.148) 0.241 0.068 0.032 0.104 0.148 0.147 0.064 0.141 0.021 0.046 0.127 
 131   (0.047) 0.020 0.006 0.004 0.003 0.047 0.062 0.004 0.066 0.007 0.005 0.039 
 127   (0.067) 0.044 0.008 0.005 0.080 0.067 0.059 0.006 0.060 0.542 0.008 0.137 
 121   (0.012) 0.002 0.001 0.001 0.001 0.012 0.007 0.001 0.007 0.046 0.001 0.003 

Locus 31 : 31 
6 alleles
0.3% missing data
 159   (0.139) 0.293 0.164 0.026 0.009 0.139 0.147 0.138 0.124 0.018 0.073 0.224 
 155   (0.571) 0.446 0.625 0.902 0.713 0.571 0.575 0.813 0.602 0.580 0.567 0.332 
 157   (0.173) 0.195 0.120 0.028 0.021 0.173 0.175 0.036 0.167 0.135 0.300 0.376 
 153   (0.077) 0.060 0.083 0.038 0.005 0.077 0.073 0.009 0.077 0.107 0.054 0.056 
 151   (0.033) 0.004 0.005 0.005 0.251 0.033 0.025 0.003 0.026 0.158 0.004 0.010 
 163   (0.008) 0.002 0.002 0.001 0.001 0.008 0.005 0.001 0.005 0.001 0.001 0.002 

Locus 32 : 32 
4 alleles
1.1% missing data
  91   (0.436) 0.542 0.617 0.268 0.151 0.436 0.421 0.664 0.416 0.555 0.541 0.395 
  94   (0.068) 0.011 0.062 0.013 0.005 0.069 0.073 0.079 0.083 0.009 0.037 0.022 
  95   (0.165) 0.067 0.125 0.142 0.407 0.164 0.174 0.037 0.187 0.297 0.019 0.353 
  92   (0.331) 0.380 0.196 0.577 0.437 0.331 0.332 0.220 0.314 0.140 0.403 0.231 

Locus 33 : 33 
5 alleles
0.0% missing data
 146   (0.288) 0.383 0.104 0.055 0.314 0.289 0.315 0.063 0.314 0.583 0.057 0.168 
 150   (0.600) 0.555 0.814 0.871 0.636 0.600 0.590 0.885 0.586 0.402 0.930 0.613 
 148   (0.064) 0.018 0.076 0.070 0.047 0.064 0.045 0.046 0.047 0.009 0.007 0.173 
 154   (0.034) 0.010 0.005 0.003 0.002 0.034 0.042 0.004 0.046 0.005 0.005 0.009 
 152   (0.014) 0.034 0.001 0.001 0.001 0.014 0.007 0.001 0.007 0.002 0.001 0.037 

Locus 34 : 34 
7 alleles
0.0% missing data
 180   (0.461) 0.337 0.645 0.377 0.666 0.461 0.455 0.386 0.472 0.715 0.422 0.357 
 196   (0.112) 0.142 0.155 0.266 0.007 0.112 0.109 0.180 0.103 0.015 0.130 0.037 
 184   (0.206) 0.339 0.143 0.209 0.074 0.206 0.179 0.142 0.189 0.241 0.420 0.189 
 194   (0.019) 0.003 0.024 0.079 0.001 0.019 0.010 0.044 0.010 0.002 0.002 0.005 
 192   (0.118) 0.118 0.019 0.009 0.185 0.118 0.148 0.012 0.134 0.015 0.014 0.386 
 198   (0.073) 0.016 0.013 0.059 0.067 0.073 0.082 0.235 0.087 0.009 0.010 0.022 
 190   (0.011) 0.045 0.001 0.001 0.001 0.011 0.016 0.001 0.006 0.001 0.001 0.003 

Locus 35 : 35 
6 alleles
0.0% missing data
 110   (0.181) 0.085 0.302 0.577 0.070 0.181 0.179 0.141 0.176 0.189 0.253 0.104 
 112   (0.358) 0.413 0.523 0.305 0.061 0.358 0.360 0.747 0.369 0.050 0.073 0.442 
 106   (0.289) 0.400 0.136 0.035 0.711 0.289 0.305 0.091 0.301 0.191 0.604 0.281 
  90   (0.039) 0.005 0.020 0.034 0.002 0.039 0.028 0.006 0.028 0.437 0.054 0.135 
 108   (0.124) 0.095 0.017 0.049 0.111 0.124 0.125 0.013 0.122 0.132 0.015 0.037 
  96   (0.008) 0.001 0.001 0.001 0.046 0.008 0.004 0.001 0.004 0.001 0.001 0.002 

Locus 36 : 36 
9 alleles
0.0% missing data
 166   (0.064) 0.106 0.237 0.348 0.004 0.064 0.048 0.194 0.044 0.009 0.012 0.052 
 176   (0.099) 0.014 0.127 0.096 0.016 0.100 0.087 0.374 0.094 0.014 0.022 0.102 
 172   (0.338) 0.374 0.434 0.464 0.581 0.338 0.345 0.212 0.334 0.049 0.431 0.478 
 170   (0.270) 0.235 0.171 0.055 0.325 0.270 0.276 0.177 0.294 0.586 0.497 0.121 
 174   (0.128) 0.173 0.017 0.029 0.067 0.129 0.150 0.017 0.137 0.018 0.013 0.181 
 178   (0.040) 0.037 0.006 0.004 0.003 0.040 0.037 0.020 0.039 0.005 0.019 0.020 
 168   (0.038) 0.014 0.005 0.003 0.002 0.038 0.040 0.004 0.042 0.315 0.004 0.040 
 186   (0.014) 0.045 0.002 0.001 0.001 0.014 0.011 0.001 0.009 0.002 0.001 0.003 
 158   (0.008) 0.001 0.001 0.001 0.000 0.008 0.006 0.001 0.006 0.001 0.001 0.002 

Locus 37 : 37 
6 alleles
0.0% missing data
  89   (0.547) 0.652 0.654 0.635 0.508 0.547 0.568 0.675 0.553 0.346 0.242 0.759 
  95   (0.058) 0.088 0.087 0.040 0.004 0.058 0.050 0.024 0.047 0.008 0.046 0.015 
  85   (0.181) 0.124 0.210 0.243 0.236 0.180 0.162 0.247 0.165 0.517 0.261 0.166 
  81   (0.060) 0.039 0.016 0.006 0.004 0.060 0.069 0.006 0.078 0.011 0.008 0.016 
  83   (0.139) 0.095 0.032 0.075 0.247 0.139 0.141 0.046 0.147 0.019 0.442 0.040 
  91   (0.015) 0.002 0.002 0.001 0.001 0.015 0.010 0.001 0.010 0.100 0.001 0.003 

Locus 38 : 38 
10 alleles
0.0% missing data
 161   (0.341) 0.254 0.540 0.535 0.373 0.341 0.329 0.548 0.334 0.420 0.089 0.437 
 165   (0.225) 0.244 0.202 0.054 0.103 0.225 0.235 0.247 0.242 0.147 0.062 0.067 
 159   (0.023) 0.004 0.030 0.044 0.001 0.023 0.017 0.014 0.016 0.003 0.002 0.005 
 173   (0.245) 0.286 0.147 0.137 0.512 0.245 0.256 0.086 0.241 0.191 0.170 0.436 
 169   (0.103) 0.156 0.064 0.224 0.007 0.103 0.105 0.099 0.102 0.232 0.671 0.037 
 167   (0.018) 0.003 0.012 0.003 0.002 0.018 0.020 0.002 0.020 0.002 0.002 0.005 
 168   (0.011) 0.001 0.001 0.001 0.001 0.011 0.009 0.001 0.010 0.001 0.001 0.002 
 155   (0.018) 0.003 0.002 0.001 0.001 0.019 0.020 0.002 0.025 0.002 0.002 0.006 
 177   (0.008) 0.001 0.001 0.001 0.000 0.008 0.005 0.001 0.005 0.001 0.001 0.002 
 175   (0.009) 0.048 0.001 0.001 0.001 0.009 0.004 0.001 0.004 0.001 0.001 0.002 

Locus 39 : 39 
6 alleles
0.6% missing data
  87   (0.109) 0.042 0.153 0.210 0.128 0.109 0.096 0.129 0.091 0.628 0.015 0.098 
  89   (0.421) 0.595 0.584 0.439 0.095 0.421 0.431 0.680 0.432 0.057 0.766 0.488 
  91   (0.159) 0.063 0.113 0.244 0.183 0.159 0.171 0.028 0.178 0.175 0.178 0.087 
  81   (0.121) 0.078 0.102 0.023 0.116 0.122 0.122 0.081 0.116 0.017 0.013 0.127 
  85   (0.182) 0.222 0.047 0.068 0.478 0.182 0.177 0.082 0.179 0.122 0.027 0.199 
  83   (0.008) 0.001 0.001 0.016 0.000 0.008 0.004 0.001 0.004 0.001 0.001 0.002 

Locus 40 : 40 
4 alleles
0.3% missing data
 167   (0.757) 0.772 0.913 0.855 0.859 0.757 0.764 0.904 0.758 0.642 0.919 0.851 
 161   (0.210) 0.162 0.082 0.143 0.139 0.210 0.203 0.093 0.212 0.354 0.075 0.141 
 165   (0.025) 0.065 0.004 0.002 0.002 0.025 0.027 0.003 0.024 0.003 0.004 0.007 
 177   (0.008) 0.001 0.001 0.001 0.001 0.008 0.006 0.001 0.005 0.001 0.001 0.002 

Locus 41 : 41 
6 alleles
0.3% missing data
 228   (0.447) 0.513 0.475 0.685 0.232 0.446 0.435 0.662 0.422 0.617 0.712 0.587 
 238   (0.337) 0.323 0.342 0.276 0.115 0.338 0.354 0.259 0.363 0.097 0.072 0.196 
 224   (0.027) 0.003 0.096 0.015 0.002 0.027 0.016 0.052 0.016 0.003 0.003 0.074 
 236   (0.096) 0.040 0.075 0.017 0.393 0.096 0.083 0.016 0.083 0.271 0.203 0.092 
 232   (0.012) 0.002 0.002 0.001 0.001 0.012 0.009 0.003 0.008 0.001 0.001 0.003 
 240   (0.081) 0.118 0.011 0.006 0.258 0.081 0.104 0.008 0.108 0.010 0.009 0.048 

Locus 42 : 42 
7 alleles
0.0% missing data
 128   (0.130) 0.222 0.160 0.021 0.035 0.130 0.129 0.096 0.116 0.018 0.261 0.170 
 130   (0.550) 0.399 0.561 0.823 0.774 0.550 0.563 0.544 0.574 0.076 0.673 0.567 
 114   (0.057) 0.007 0.109 0.064 0.003 0.057 0.039 0.042 0.042 0.427 0.032 0.089 
 132   (0.099) 0.215 0.146 0.020 0.050 0.099 0.095 0.301 0.094 0.013 0.014 0.030 
 118   (0.062) 0.086 0.008 0.005 0.131 0.062 0.068 0.006 0.061 0.233 0.010 0.045 
 134   (0.094) 0.070 0.013 0.067 0.006 0.094 0.102 0.011 0.108 0.233 0.010 0.097 
 136   (0.008) 0.001 0.001 0.001 0.000 0.008 0.005 0.001 0.005 0.001 0.001 0.002 

Locus 43 : 43 
6 alleles
0.8% missing data
 102   (0.283) 0.346 0.373 0.509 0.476 0.283 0.278 0.451 0.262 0.523 0.077 0.238 
 104   (0.397) 0.504 0.223 0.230 0.413 0.398 0.446 0.142 0.444 0.057 0.098 0.544 
  92   (0.130) 0.063 0.115 0.050 0.008 0.131 0.131 0.291 0.143 0.065 0.017 0.041 
  96   (0.063) 0.023 0.069 0.025 0.004 0.063 0.052 0.040 0.055 0.111 0.728 0.022 
  98   (0.118) 0.064 0.218 0.174 0.098 0.118 0.089 0.075 0.093 0.242 0.080 0.153 
 106   (0.008) 0.001 0.001 0.013 0.001 0.008 0.004 0.001 0.004 0.001 0.001 0.002 

Locus 44 : 44 
5 alleles
0.3% missing data
 101   (0.312) 0.245 0.416 0.584 0.185 0.313 0.302 0.271 0.315 0.043 0.080 0.437 
 103   (0.300) 0.466 0.190 0.209 0.348 0.300 0.300 0.346 0.282 0.257 0.452 0.186 
  99   (0.144) 0.085 0.044 0.060 0.009 0.144 0.145 0.207 0.153 0.414 0.079 0.259 
  95   (0.233) 0.203 0.348 0.146 0.457 0.233 0.247 0.175 0.244 0.128 0.389 0.116 
  97   (0.011) 0.001 0.001 0.001 0.001 0.011 0.006 0.001 0.006 0.158 0.001 0.002 

Locus 45 : 45 
7 alleles
0.3% missing data
 177   (0.061) 0.059 0.068 0.015 0.004 0.061 0.056 0.178 0.055 0.009 0.007 0.015 
 191   (0.270) 0.171 0.225 0.054 0.101 0.270 0.301 0.117 0.313 0.256 0.047 0.429 
 181   (0.602) 0.716 0.700 0.926 0.860 0.602 0.579 0.699 0.566 0.527 0.940 0.540 
 183   (0.012) 0.002 0.001 0.001 0.001 0.012 0.009 0.001 0.010 0.002 0.001 0.003 
 179   (0.039) 0.005 0.005 0.003 0.003 0.039 0.047 0.004 0.048 0.205 0.003 0.010 
 193   (0.010) 0.047 0.001 0.001 0.001 0.010 0.005 0.001 0.005 0.001 0.001 0.002 
 189   (0.008) 0.001 0.001 0.001 0.031 0.008 0.004 0.001 0.004 0.001 0.001 0.002 

Locus 46 : 46 
6 alleles
0.8% missing data
 205   (0.466) 0.552 0.461 0.694 0.405 0.466 0.495 0.554 0.502 0.272 0.867 0.429 
 211   (0.228) 0.110 0.263 0.180 0.273 0.228 0.212 0.135 0.227 0.323 0.046 0.399 
 207   (0.138) 0.224 0.139 0.075 0.203 0.138 0.132 0.192 0.124 0.019 0.065 0.060 
 201   (0.074) 0.049 0.078 0.035 0.005 0.074 0.071 0.060 0.061 0.374 0.012 0.053 
 215   (0.083) 0.063 0.057 0.016 0.114 0.083 0.079 0.058 0.074 0.011 0.009 0.057 
 202   (0.011) 0.002 0.001 0.001 0.001 0.011 0.011 0.001 0.012 0.001 0.001 0.003 

Locus 47 : 47 
9 alleles
1.1% missing data
 144   (0.086) 0.037 0.253 0.150 0.130 0.086 0.074 0.112 0.069 0.013 0.060 0.033 
 158   (0.163) 0.065 0.141 0.031 0.084 0.163 0.182 0.356 0.187 0.025 0.039 0.183 
 168   (0.150) 0.044 0.189 0.332 0.108 0.150 0.129 0.078 0.133 0.188 0.063 0.080 
 166   (0.148) 0.239 0.303 0.230 0.385 0.148 0.115 0.156 0.116 0.065 0.465 0.044 
 142   (0.349) 0.548 0.099 0.249 0.286 0.349 0.398 0.266 0.386 0.051 0.361 0.631 
 170   (0.011) 0.001 0.003 0.002 0.001 0.011 0.009 0.001 0.011 0.002 0.002 0.003 
 162   (0.029) 0.034 0.003 0.002 0.002 0.029 0.028 0.003 0.027 0.116 0.003 0.008 
 164   (0.040) 0.025 0.006 0.003 0.002 0.040 0.046 0.016 0.053 0.006 0.005 0.012 
 156   (0.024) 0.006 0.003 0.002 0.001 0.024 0.017 0.012 0.017 0.535 0.002 0.007 

Locus 48 : 48 
7 alleles
6.1% missing data
 149   (0.355) 0.389 0.223 0.261 0.335 0.355 0.356 0.185 0.361 0.336 0.444 0.323 
 151   (0.183) 0.145 0.232 0.060 0.012 0.183 0.172 0.553 0.170 0.071 0.126 0.376 
 153   (0.217) 0.359 0.306 0.491 0.028 0.217 0.246 0.157 0.241 0.029 0.110 0.220 
 147   (0.030) 0.004 0.040 0.007 0.002 0.030 0.023 0.026 0.023 0.050 0.004 0.010 
 145   (0.192) 0.100 0.194 0.179 0.622 0.192 0.186 0.077 0.188 0.510 0.313 0.064 
 152   (0.008) 0.001 0.004 0.001 0.001 0.008 0.004 0.001 0.004 0.001 0.001 0.003 
 143   (0.015) 0.002 0.002 0.001 0.001 0.015 0.013 0.001 0.014 0.002 0.001 0.004 

Values of parameters used in structure:
DATAFILE=temp2_np.str,	OUTFILE=k11/temp2_np_k11_run5,	NUMINDS=361,	NUMLOCI=48,	MISSING=-9,	LABEL=1,	POPDATA=1,	POPFLAG=0,	PHENOTYPE=0,	EXTRACOLS=0,	MAXPOPS=11,	BURNIN=500000,	NUMREPS=750000,	USEPOPINFO=0,	INFERALPHA=1,	INFERLAMBDA=0,	POPSPECIFICLAMBDA=0,	POPALPHAS=0,	COMPUTEPROB=1,	NOADMIX=0,	ADMBURNIN=500,	UPDATEFREQ=100,	PRINTLIKES=0,	INTERMEDSAVE=0,	PRINTKLD=0,	PRINTNET=1,	PRINTLAMBDA=1,	ANCESTDIST=0,	NUMBOXES=1000,	ANCESTPINT=0.90000,	GENSBACK=2,	MIGRPRIOR=0.01000,	PRINTQHAT=0,	PRINTQSUM=1,	ALPHA=1.0000,	FREQSCORR=1,	FPRIORMEAN=0.0100,	FPRIORSD=0.0500,	ONEFST=0,	LAMBDA=1.0000,	UNIFPRIORALPHA=1,	ALPHAMAX=10.0000,	ALPHAPRIORA=1.0000,	ALPHAPRIORB=2.0000,	ALPHAPROPSD=0.0250,	STARTATPOPINFO=0,	RANDOMIZE=0,	LINKAGE=0,	METROFREQ=10,	REPORTHITRATE=0,	MARKOVPHASE=0,	PHASED=1,	PLOIDY=2,	PHASEINFO=0	LOCPRIOR=0, 	LOCPRIORINIT=1.000000, 	LOCDATA=0, 	LOCISPOP=1, 	LOCPRIORSTEP=0.100000, 	MAXLOCPRIOR=20.000000, 	SEED=594776,	
[STRAT parameters]:    NUMSIMSTATS=1000,	PHENOTYPECOL=-9,	POOLFREQ=10,	LOCUSxONLY=0,	EMERROR=0.00100,	MISSINGPHENO=-9,	