

----------------------------------------------------
STRUCTURE by Pritchard, Stephens and Donnelly (2000)
     and Falush, Stephens and Pritchard (2003)
       Code by Pritchard, Falush and Hubisz
             Version 2.3.4 (Jul 2012)
----------------------------------------------------



Command line arguments:   structure -D 181359 -K 6 -m mainparams -o k6/temp2_np_k6_run10 
Input File:    temp2_np.str

Run parameters:
   361 individuals
   48 loci
   6 populations assumed
   500000 Burn-in period
   750000 Reps
RANDOMIZE turned off


--------------------------------------------
Proportion of membership of each pre-defined
 population in each of the 6 clusters

Given    Inferred Clusters                            Number of
 Pop       1      2      3      4      5      6      Individuals

  1:     0.958  0.004  0.012  0.009  0.008  0.010       63
  2:     0.943  0.006  0.021  0.013  0.008  0.009       20
  3:     0.942  0.003  0.020  0.018  0.006  0.011       19
  4:     0.961  0.005  0.011  0.011  0.005  0.007       31
  5:     0.971  0.004  0.007  0.006  0.004  0.008       20
  6:     0.712  0.015  0.153  0.094  0.012  0.014        8
  7:     0.942  0.006  0.011  0.017  0.004  0.019       17
  8:     0.004  0.003  0.005  0.005  0.979  0.004       29
  9:     0.003  0.982  0.005  0.004  0.003  0.003        8
 10:     0.016  0.007  0.399  0.445  0.021  0.113       21
 11:     0.014  0.008  0.343  0.308  0.012  0.315       30
 12:     0.029  0.004  0.063  0.138  0.013  0.753       25
 13:     0.034  0.005  0.088  0.137  0.008  0.728       32
 14:     0.023  0.013  0.559  0.293  0.027  0.084       34
 15:     0.025  0.003  0.172  0.785  0.006  0.009        4
--------------------------------------------

Allele-freq. divergence among pops (Net nucleotide distance),
computed using point estimates of P.

      1       2       3       4       5       6      
 1      -    0.1273  0.0243  0.0264  0.0732  0.0353  
 2   0.1273     -    0.0901  0.0969  0.1272  0.1157  
 3   0.0243  0.0901     -    0.0014  0.0501  0.0125  
 4   0.0264  0.0969  0.0014     -    0.0546  0.0145  
 5   0.0732  0.1272  0.0501  0.0546     -    0.0670  
 6   0.0353  0.1157  0.0125  0.0145  0.0670     -    

Average distances (expected heterozygosity) between individuals in same cluster:
cluster  1  : 0.5566 
cluster  2  : 0.5431 
cluster  3  : 0.6517 
cluster  4  : 0.6395 
cluster  5  : 0.5514 
cluster  6  : 0.5851 

--------------------------------------------
Estimated Ln Prob of Data   = -38807.9
Mean value of ln likelihood = -38206.9
Variance of ln likelihood   = 1202.0
Mean value of alpha         = 0.0315

Mean value of Fst_1         = 0.1188
Mean value of Fst_2         = 0.2873
Mean value of Fst_3         = 0.0027
Mean value of Fst_4         = 0.0213
Mean value of Fst_5         = 0.2013
Mean value of Fst_6         = 0.0635


Inferred ancestry of individuals:
        Label (%Miss) Pop:  Inferred clusters
  1     2055    (0)    1 :  0.979 0.003 0.004 0.004 0.002 0.008 
  2     2056    (0)    1 :  0.973 0.005 0.005 0.005 0.006 0.005 
  3     2057    (0)    1 :  0.966 0.003 0.009 0.012 0.002 0.008 
  4     2058    (0)    1 :  0.986 0.001 0.003 0.002 0.005 0.002 
  5     2059    (0)    1 :  0.984 0.002 0.004 0.004 0.003 0.003 
  6     2060    (0)    1 :  0.983 0.004 0.004 0.004 0.002 0.003 
  7     2061    (0)    1 :  0.948 0.018 0.012 0.009 0.005 0.007 
  8     2062    (0)    1 :  0.965 0.002 0.008 0.007 0.005 0.013 
  9     2063    (0)    1 :  0.985 0.002 0.003 0.004 0.002 0.004 
 10     2064    (0)    1 :  0.986 0.003 0.003 0.004 0.002 0.003 
 11     2065    (0)    1 :  0.992 0.001 0.002 0.002 0.002 0.002 
 12     2066    (0)    1 :  0.986 0.001 0.003 0.003 0.002 0.004 
 13     2067    (0)    1 :  0.974 0.003 0.006 0.005 0.006 0.006 
 14     2068    (0)    1 :  0.858 0.008 0.048 0.039 0.035 0.012 
 15     2069    (0)    1 :  0.988 0.001 0.003 0.003 0.002 0.002 
 16     2070    (0)    1 :  0.638 0.001 0.238 0.060 0.002 0.061 
 17     2071    (0)    1 :  0.959 0.010 0.008 0.008 0.010 0.005 
 18     2072    (0)    1 :  0.978 0.008 0.005 0.004 0.003 0.002 
 19     2073    (0)    1 :  0.905 0.015 0.026 0.028 0.010 0.015 
 20     2074    (0)    1 :  0.986 0.003 0.003 0.003 0.002 0.002 
 21     2075    (0)    1 :  0.958 0.003 0.007 0.006 0.021 0.005 
 22     2076    (0)    1 :  0.990 0.001 0.002 0.002 0.002 0.002 
 23     2077    (0)    1 :  0.945 0.006 0.013 0.011 0.009 0.016 
 24     2078    (0)    1 :  0.981 0.004 0.004 0.003 0.003 0.006 
 25     2079    (0)    1 :  0.905 0.001 0.012 0.011 0.053 0.018 
 26     2080    (0)    1 :  0.878 0.003 0.039 0.034 0.041 0.004 
 27     2081    (0)    1 :  0.982 0.002 0.004 0.004 0.003 0.004 
 28     2082    (0)    1 :  0.969 0.002 0.010 0.008 0.005 0.005 
 29     2083    (0)    1 :  0.980 0.002 0.006 0.006 0.001 0.004 
 30     2084    (0)    1 :  0.965 0.003 0.008 0.007 0.008 0.009 
 31     2085    (0)    1 :  0.973 0.001 0.007 0.005 0.003 0.011 
 32     2086    (0)    1 :  0.958 0.003 0.013 0.014 0.004 0.008 
 33     2087    (0)    1 :  0.928 0.006 0.006 0.005 0.051 0.005 
 34     2088    (0)    1 :  0.892 0.003 0.020 0.022 0.015 0.048 
 35     2089    (0)    1 :  0.990 0.001 0.002 0.002 0.002 0.002 
 36     2090    (0)    1 :  0.949 0.005 0.005 0.006 0.031 0.004 
 37     2091    (0)    1 :  0.983 0.001 0.004 0.004 0.003 0.005 
 38     2092    (0)    1 :  0.970 0.001 0.004 0.004 0.017 0.004 
 39     2093    (0)    1 :  0.989 0.001 0.003 0.003 0.002 0.003 
 40     2094    (0)    1 :  0.990 0.002 0.002 0.002 0.001 0.003 
 41     2095    (0)    1 :  0.928 0.005 0.007 0.006 0.049 0.006 
 42     2096    (0)    1 :  0.989 0.001 0.002 0.002 0.002 0.003 
 43     2097    (0)    1 :  0.988 0.002 0.003 0.003 0.001 0.003 
 44     2098    (0)    1 :  0.925 0.003 0.021 0.021 0.012 0.019 
 45     2099    (0)    1 :  0.929 0.006 0.023 0.025 0.004 0.014 
 46     2100    (0)    1 :  0.954 0.002 0.014 0.018 0.004 0.009 
 47     2101    (0)    1 :  0.978 0.002 0.004 0.004 0.005 0.006 
 48     2102    (2)    1 :  0.986 0.002 0.004 0.003 0.002 0.004 
 49     2103    (0)    1 :  0.976 0.002 0.005 0.005 0.004 0.008 
 50     2104    (0)    1 :  0.915 0.001 0.010 0.012 0.002 0.060 
 51     2105    (0)    1 :  0.954 0.006 0.005 0.006 0.004 0.026 
 52     2106    (0)    1 :  0.970 0.002 0.009 0.011 0.002 0.006 
 53     2107    (0)    1 :  0.970 0.002 0.006 0.006 0.003 0.014 
 54     2108    (0)    1 :  0.961 0.004 0.013 0.010 0.005 0.007 
 55     2109    (0)    1 :  0.972 0.004 0.007 0.007 0.002 0.008 
 56     2110    (0)    1 :  0.946 0.004 0.009 0.007 0.005 0.029 
 57     2111    (0)    1 :  0.973 0.001 0.004 0.005 0.004 0.014 
 58     2112    (0)    1 :  0.984 0.003 0.004 0.004 0.003 0.003 
 59     2583    (2)    1 :  0.979 0.005 0.004 0.003 0.006 0.003 
 60     2584    (4)    1 :  0.959 0.004 0.018 0.012 0.004 0.003 
 61     2587    (2)    1 :  0.973 0.001 0.004 0.005 0.003 0.014 
 62     2590    (2)    1 :  0.976 0.011 0.004 0.004 0.002 0.003 
 63     2591    (6)    1 :  0.953 0.001 0.009 0.010 0.012 0.014 
 64      315    (0)   10 :  0.012 0.008 0.663 0.180 0.038 0.098 
 65      565    (0)   10 :  0.009 0.003 0.743 0.213 0.026 0.005 
 66      566    (2)   10 :  0.012 0.004 0.106 0.253 0.016 0.609 
 67      567    (2)   10 :  0.020 0.002 0.218 0.751 0.004 0.005 
 68      877    (0)   10 :  0.013 0.002 0.346 0.625 0.003 0.011 
 69      878    (0)   10 :  0.004 0.011 0.129 0.844 0.006 0.005 
 70      879    (0)   10 :  0.007 0.007 0.374 0.594 0.005 0.012 
 71      880    (0)   10 :  0.006 0.002 0.150 0.830 0.005 0.007 
 72      881    (0)   10 :  0.005 0.005 0.848 0.118 0.009 0.014 
 73      882    (0)   10 :  0.006 0.029 0.219 0.730 0.010 0.005 
 74      883    (0)   10 :  0.009 0.007 0.491 0.477 0.004 0.012 
 75      884    (0)   10 :  0.034 0.002 0.297 0.216 0.003 0.449 
 76      885    (0)   10 :  0.008 0.007 0.382 0.518 0.004 0.081 
 77      886    (0)   10 :  0.008 0.010 0.600 0.226 0.137 0.019 
 78      887    (0)   10 :  0.026 0.012 0.049 0.044 0.005 0.864 
 79      888    (0)   10 :  0.101 0.004 0.616 0.265 0.008 0.006 
 80      889    (0)   10 :  0.006 0.008 0.630 0.268 0.005 0.083 
 81      890    (0)   10 :  0.005 0.006 0.218 0.743 0.016 0.013 
 82      891    (0)   10 :  0.013 0.002 0.268 0.705 0.005 0.007 
 83      892    (0)   10 :  0.010 0.007 0.342 0.626 0.004 0.010 
 84      893    (0)   10 :  0.030 0.003 0.680 0.108 0.120 0.060 
 85      341    (0)   11 :  0.005 0.004 0.470 0.504 0.011 0.006 
 86      343    (0)   11 :  0.006 0.004 0.818 0.139 0.008 0.024 
 87      914    (0)   11 :  0.011 0.002 0.006 0.007 0.004 0.970 
 88      916    (0)   11 :  0.039 0.003 0.727 0.217 0.003 0.011 
 89      924    (0)   11 :  0.004 0.002 0.110 0.133 0.018 0.732 
 90      938    (0)   11 :  0.016 0.004 0.153 0.777 0.002 0.049 
 91      939    (0)   11 :  0.009 0.001 0.008 0.024 0.009 0.949 
 92      940    (0)   11 :  0.004 0.005 0.073 0.151 0.003 0.765 
 93      941    (2)   11 :  0.005 0.009 0.058 0.124 0.027 0.778 
 94      942    (0)   11 :  0.006 0.004 0.575 0.383 0.015 0.017 
 95      943    (0)   11 :  0.028 0.002 0.672 0.218 0.003 0.078 
 96      944    (0)   11 :  0.036 0.004 0.028 0.017 0.004 0.911 
 97      945    (0)   11 :  0.003 0.002 0.006 0.007 0.002 0.980 
 98      946    (0)   11 :  0.008 0.096 0.417 0.251 0.004 0.224 
 99      947    (0)   11 :  0.006 0.002 0.576 0.341 0.039 0.036 
100      951    (0)   11 :  0.004 0.004 0.548 0.413 0.010 0.020 
101      952    (0)   11 :  0.007 0.011 0.655 0.183 0.077 0.068 
102      953    (0)   11 :  0.030 0.004 0.117 0.200 0.014 0.636 
103      954    (0)   11 :  0.008 0.010 0.152 0.182 0.009 0.638 
104      955    (0)   11 :  0.004 0.009 0.277 0.634 0.017 0.059 
105      961    (4)   11 :  0.021 0.002 0.427 0.529 0.004 0.016 
106      974    (0)   11 :  0.005 0.009 0.298 0.588 0.024 0.076 
107      975    (4)   11 :  0.024 0.003 0.551 0.331 0.002 0.089 
108      980    (0)   11 :  0.011 0.002 0.391 0.329 0.018 0.249 
109      981    (0)   11 :  0.010 0.003 0.254 0.723 0.003 0.007 
110      982    (0)   11 :  0.048 0.002 0.101 0.059 0.002 0.789 
111      984    (0)   11 :  0.025 0.011 0.692 0.245 0.004 0.023 
112      985    (0)   11 :  0.008 0.004 0.531 0.437 0.008 0.013 
113     2578    (4)   11 :  0.007 0.012 0.405 0.339 0.002 0.235 
114     2580    (2)   11 :  0.034 0.006 0.185 0.764 0.003 0.007 
115      328    (0)   12 :  0.402 0.013 0.366 0.140 0.012 0.068 
116      333    (0)   12 :  0.004 0.001 0.006 0.006 0.004 0.979 
117      918    (0)   12 :  0.006 0.007 0.011 0.009 0.072 0.894 
118      919    (0)   12 :  0.007 0.002 0.006 0.006 0.003 0.975 
119      920    (0)   12 :  0.005 0.003 0.010 0.006 0.002 0.974 
120      921    (0)   12 :  0.015 0.002 0.089 0.880 0.003 0.011 
121      922    (0)   12 :  0.021 0.001 0.007 0.006 0.003 0.962 
122      926    (0)   12 :  0.003 0.002 0.004 0.004 0.002 0.986 
123      927    (0)   12 :  0.005 0.001 0.004 0.004 0.003 0.984 
124      928    (0)   12 :  0.033 0.002 0.016 0.016 0.004 0.929 
125      929    (0)   12 :  0.034 0.006 0.028 0.055 0.002 0.875 
126      930    (0)   12 :  0.017 0.007 0.081 0.101 0.004 0.789 
127      932    (0)   12 :  0.014 0.001 0.193 0.724 0.004 0.063 
128      933    (0)   12 :  0.008 0.006 0.025 0.013 0.155 0.793 
129      949    (0)   12 :  0.006 0.002 0.172 0.805 0.004 0.011 
130      950    (0)   12 :  0.006 0.003 0.054 0.328 0.014 0.595 
131      964    (4)   12 :  0.007 0.009 0.012 0.013 0.002 0.956 
132      986    (0)   12 :  0.013 0.002 0.015 0.018 0.005 0.947 
133      987    (0)   12 :  0.047 0.002 0.067 0.031 0.008 0.845 
134     1001    (4)   12 :  0.008 0.003 0.005 0.004 0.002 0.978 
135     1002    (4)   12 :  0.007 0.006 0.006 0.005 0.010 0.967 
136     1003    (2)   12 :  0.039 0.006 0.369 0.267 0.003 0.315 
137     1004    (0)   12 :  0.003 0.003 0.006 0.005 0.005 0.978 
138     1005    (0)   12 :  0.010 0.003 0.008 0.007 0.004 0.968 
139     1010    (0)   12 :  0.005 0.001 0.003 0.003 0.004 0.983 
140      321    (0)   13 :  0.015 0.003 0.020 0.028 0.005 0.930 
141      338    (0)   13 :  0.004 0.002 0.005 0.005 0.002 0.983 
142      339    (0)   13 :  0.031 0.003 0.018 0.011 0.006 0.932 
143      363    (0)   13 :  0.004 0.007 0.118 0.839 0.005 0.028 
144      915    (0)   13 :  0.011 0.003 0.005 0.005 0.003 0.974 
145      917    (0)   13 :  0.005 0.001 0.040 0.053 0.003 0.897 
146      923    (0)   13 :  0.014 0.009 0.293 0.326 0.011 0.346 
147      925    (0)   13 :  0.006 0.003 0.005 0.004 0.005 0.977 
148      931    (0)   13 :  0.005 0.002 0.188 0.441 0.007 0.357 
149      935    (0)   13 :  0.006 0.003 0.016 0.011 0.004 0.959 
150      936    (0)   13 :  0.003 0.003 0.008 0.010 0.007 0.969 
151      937    (0)   13 :  0.003 0.001 0.008 0.007 0.002 0.980 
152      948    (0)   13 :  0.009 0.004 0.175 0.125 0.014 0.672 
153      956    (0)   13 :  0.008 0.001 0.007 0.005 0.002 0.976 
154      957    (0)   13 :  0.003 0.003 0.009 0.011 0.003 0.971 
155      967    (0)   13 :  0.003 0.003 0.011 0.012 0.004 0.967 
156      968    (2)   13 :  0.014 0.002 0.147 0.348 0.009 0.480 
157      969    (2)   13 :  0.009 0.003 0.042 0.042 0.014 0.890 
158      970    (2)   13 :  0.005 0.023 0.114 0.629 0.005 0.224 
159      971    (4)   13 :  0.010 0.002 0.008 0.013 0.003 0.964 
160      972    (0)   13 :  0.004 0.014 0.019 0.009 0.006 0.948 
161      973    (0)   13 :  0.008 0.004 0.755 0.193 0.014 0.027 
162      978    (0)   13 :  0.008 0.002 0.015 0.007 0.036 0.932 
163      979    (0)   13 :  0.502 0.003 0.116 0.191 0.002 0.185 
164      988    (6)   13 :  0.012 0.002 0.104 0.854 0.003 0.025 
165      989    (0)   13 :  0.021 0.005 0.053 0.065 0.005 0.851 
166      990    (0)   13 :  0.011 0.009 0.332 0.079 0.022 0.546 
167      991    (0)   13 :  0.003 0.002 0.004 0.004 0.004 0.983 
168      992    (0)   13 :  0.008 0.013 0.011 0.011 0.003 0.955 
169     1006    (2)   13 :  0.018 0.002 0.007 0.006 0.016 0.951 
170     1017    (0)   13 :  0.267 0.003 0.158 0.032 0.014 0.526 
171     2582    (4)   13 :  0.046 0.010 0.018 0.013 0.026 0.887 
172      319    (2)   14 :  0.009 0.002 0.427 0.546 0.005 0.011 
173      335    (0)   14 :  0.008 0.009 0.802 0.157 0.010 0.013 
174      895    (0)   14 :  0.004 0.007 0.614 0.360 0.005 0.009 
175      896    (0)   14 :  0.013 0.006 0.780 0.188 0.003 0.010 
176      897    (0)   14 :  0.005 0.002 0.764 0.215 0.006 0.008 
177      898    (0)   14 :  0.006 0.002 0.446 0.280 0.006 0.259 
178      899    (0)   14 :  0.235 0.005 0.505 0.188 0.005 0.062 
179      900    (0)   14 :  0.013 0.014 0.697 0.196 0.042 0.038 
180      901    (0)   14 :  0.132 0.003 0.590 0.226 0.032 0.017 
181      902    (0)   14 :  0.008 0.009 0.698 0.259 0.003 0.023 
182      903    (0)   14 :  0.005 0.020 0.828 0.138 0.003 0.006 
183      904    (0)   14 :  0.013 0.007 0.215 0.758 0.002 0.005 
184      905    (0)   14 :  0.038 0.020 0.544 0.390 0.004 0.005 
185      906    (0)   14 :  0.004 0.005 0.458 0.518 0.006 0.009 
186      907    (0)   14 :  0.008 0.015 0.469 0.486 0.008 0.014 
187      908    (0)   14 :  0.020 0.002 0.775 0.182 0.007 0.013 
188      909    (0)   14 :  0.011 0.004 0.013 0.011 0.296 0.664 
189      910    (0)   14 :  0.005 0.003 0.656 0.284 0.041 0.011 
190      911    (0)   14 :  0.019 0.007 0.557 0.361 0.040 0.015 
191      912    (0)   14 :  0.006 0.007 0.496 0.464 0.003 0.024 
192      913    (0)   14 :  0.037 0.084 0.468 0.063 0.044 0.305 
193     2411    (0)   14 :  0.007 0.004 0.766 0.211 0.004 0.007 
194     2412    (0)   14 :  0.010 0.019 0.068 0.029 0.007 0.867 
195     2413    (0)   14 :  0.011 0.007 0.714 0.245 0.018 0.005 
196     2414    (0)   14 :  0.008 0.004 0.880 0.084 0.002 0.022 
197     2415    (2)   14 :  0.022 0.003 0.496 0.406 0.015 0.059 
198     2417    (4)   14 :  0.071 0.005 0.676 0.132 0.008 0.108 
199     2418    (4)   14 :  0.006 0.003 0.384 0.594 0.007 0.006 
200     2419    (2)   14 :  0.005 0.002 0.701 0.222 0.005 0.065 
201     2420    (0)   14 :  0.003 0.075 0.627 0.275 0.006 0.014 
202     2421    (0)   14 :  0.006 0.005 0.434 0.388 0.009 0.157 
203     2422    (2)   14 :  0.006 0.005 0.196 0.536 0.252 0.006 
204     2423    (0)   14 :  0.026 0.006 0.664 0.283 0.009 0.011 
205     2576    (0)   14 :  0.013 0.075 0.588 0.293 0.010 0.019 
206     1079    (0)   15 :  0.013 0.002 0.124 0.847 0.003 0.010 
207     1081    (0)   15 :  0.037 0.003 0.214 0.729 0.008 0.010 
208     1082    (2)   15 :  0.006 0.004 0.184 0.794 0.008 0.004 
209     1083    (0)   15 :  0.045 0.003 0.165 0.769 0.005 0.013 
210       34    (0)    2 :  0.973 0.002 0.007 0.012 0.002 0.004 
211       38    (0)    2 :  0.874 0.006 0.033 0.030 0.040 0.017 
212       41    (0)    2 :  0.987 0.001 0.003 0.003 0.002 0.004 
213       44    (0)    2 :  0.979 0.001 0.008 0.005 0.003 0.004 
214       45    (0)    2 :  0.987 0.002 0.002 0.003 0.002 0.005 
215       47    (0)    2 :  0.567 0.012 0.268 0.091 0.029 0.032 
216       50    (0)    2 :  0.923 0.010 0.028 0.032 0.003 0.004 
217      384    (0)    2 :  0.968 0.003 0.006 0.006 0.003 0.014 
218      385    (2)    2 :  0.957 0.009 0.010 0.010 0.006 0.008 
219      386    (0)    2 :  0.989 0.001 0.002 0.003 0.003 0.002 
220      387    (0)    2 :  0.978 0.002 0.004 0.005 0.006 0.006 
221      388    (0)    2 :  0.983 0.001 0.003 0.003 0.006 0.004 
222      389    (0)    2 :  0.980 0.002 0.003 0.003 0.004 0.008 
223      390    (4)    2 :  0.901 0.035 0.017 0.010 0.020 0.017 
224      391    (0)    2 :  0.962 0.003 0.006 0.006 0.006 0.019 
225      392    (0)    2 :  0.982 0.002 0.003 0.003 0.002 0.007 
226      393    (2)    2 :  0.974 0.002 0.003 0.003 0.011 0.006 
227      394    (0)    2 :  0.988 0.002 0.003 0.002 0.002 0.003 
228      395    (0)    2 :  0.939 0.012 0.016 0.015 0.009 0.009 
229      396    (0)    2 :  0.968 0.008 0.004 0.004 0.010 0.004 
230     2498    (2)    3 :  0.970 0.005 0.006 0.007 0.006 0.006 
231     2513    (2)    3 :  0.975 0.002 0.004 0.004 0.009 0.006 
232     2514    (2)    3 :  0.911 0.002 0.030 0.035 0.004 0.018 
233     2597    (4)    3 :  0.957 0.007 0.009 0.010 0.003 0.014 
234     2499    (4)    3 :  0.929 0.004 0.025 0.022 0.010 0.009 
235     2500    (0)    3 :  0.975 0.004 0.005 0.006 0.006 0.003 
236     2506    (2)    3 :  0.981 0.003 0.005 0.004 0.003 0.004 
237     2509    (6)    3 :  0.859 0.008 0.046 0.043 0.030 0.013 
238     2511    (2)    3 :  0.982 0.001 0.005 0.005 0.004 0.004 
239     2512    (2)    3 :  0.980 0.006 0.004 0.004 0.002 0.005 
240     2515    (2)    3 :  0.985 0.002 0.005 0.003 0.002 0.003 
241     2516    (2)    3 :  0.958 0.001 0.011 0.018 0.002 0.010 
242     2517    (2)    3 :  0.969 0.002 0.005 0.005 0.003 0.016 
243     2518    (2)    3 :  0.947 0.003 0.010 0.009 0.008 0.023 
244     2519    (0)    3 :  0.741 0.002 0.127 0.059 0.016 0.055 
245     2520    (2)    3 :  0.989 0.002 0.003 0.002 0.001 0.003 
246     2521    (2)    3 :  0.873 0.002 0.037 0.070 0.002 0.015 
247     2603    (4)    3 :  0.940 0.003 0.030 0.020 0.003 0.004 
248     2606    (2)    3 :  0.971 0.004 0.008 0.008 0.002 0.008 
249       87    (0)    4 :  0.911 0.007 0.032 0.021 0.014 0.016 
250       88    (0)    4 :  0.985 0.002 0.003 0.004 0.003 0.003 
251       90    (0)    4 :  0.991 0.001 0.002 0.002 0.001 0.002 
252       92    (0)    4 :  0.962 0.002 0.010 0.010 0.003 0.012 
253       96    (0)    4 :  0.958 0.002 0.007 0.011 0.016 0.007 
254       97    (0)    4 :  0.982 0.001 0.004 0.006 0.002 0.004 
255      105    (0)    4 :  0.973 0.003 0.007 0.009 0.005 0.004 
256      120    (0)    4 :  0.917 0.030 0.022 0.020 0.004 0.007 
257      123    (0)    4 :  0.987 0.001 0.003 0.003 0.002 0.004 
258      128    (0)    4 :  0.983 0.002 0.004 0.005 0.003 0.002 
259      129    (0)    4 :  0.964 0.002 0.007 0.005 0.004 0.017 
260      132    (0)    4 :  0.969 0.003 0.011 0.012 0.002 0.003 
261      504    (0)    4 :  0.978 0.001 0.005 0.004 0.003 0.010 
262      505    (0)    4 :  0.980 0.001 0.005 0.006 0.003 0.005 
263      506    (0)    4 :  0.971 0.002 0.008 0.011 0.002 0.004 
264      507    (0)    4 :  0.964 0.003 0.007 0.007 0.003 0.016 
265      508    (0)    4 :  0.884 0.035 0.032 0.034 0.003 0.013 
266      509    (0)    4 :  0.952 0.003 0.019 0.016 0.002 0.008 
267      510    (0)    4 :  0.913 0.004 0.025 0.041 0.005 0.013 
268      511    (0)    4 :  0.960 0.002 0.006 0.006 0.021 0.005 
269      512    (0)    4 :  0.982 0.002 0.003 0.003 0.004 0.005 
270      513    (0)    4 :  0.985 0.003 0.004 0.004 0.002 0.003 
271      514    (0)    4 :  0.968 0.002 0.007 0.009 0.009 0.004 
272      515    (0)    4 :  0.902 0.015 0.028 0.040 0.004 0.012 
273      558    (0)    4 :  0.970 0.004 0.006 0.006 0.002 0.011 
274      559    (0)    4 :  0.990 0.002 0.002 0.002 0.001 0.002 
275      560    (0)    4 :  0.980 0.006 0.003 0.003 0.005 0.003 
276      561    (0)    4 :  0.984 0.003 0.004 0.004 0.003 0.003 
277      562    (0)    4 :  0.966 0.002 0.009 0.014 0.002 0.006 
278      563    (0)    4 :  0.899 0.010 0.044 0.035 0.007 0.005 
279      564    (0)    4 :  0.971 0.008 0.006 0.006 0.002 0.007 
280      136    (0)    5 :  0.978 0.002 0.007 0.006 0.004 0.004 
281      138    (0)    5 :  0.980 0.003 0.004 0.005 0.004 0.005 
282      140    (0)    5 :  0.967 0.003 0.007 0.006 0.007 0.010 
283      141    (0)    5 :  0.939 0.005 0.025 0.018 0.005 0.008 
284      144    (0)    5 :  0.970 0.002 0.005 0.005 0.015 0.003 
285      146    (0)    5 :  0.985 0.003 0.003 0.004 0.004 0.002 
286      148    (0)    5 :  0.982 0.002 0.005 0.006 0.001 0.003 
287      150    (0)    5 :  0.977 0.007 0.005 0.004 0.002 0.006 
288      152    (0)    5 :  0.987 0.001 0.003 0.003 0.002 0.003 
289      666    (0)    5 :  0.980 0.002 0.005 0.004 0.002 0.007 
290      667    (0)    5 :  0.961 0.001 0.017 0.013 0.002 0.006 
291      668    (0)    5 :  0.961 0.010 0.006 0.005 0.002 0.014 
292      669    (0)    5 :  0.983 0.003 0.003 0.003 0.002 0.006 
293      670    (0)    5 :  0.910 0.013 0.013 0.015 0.002 0.047 
294      684    (0)    5 :  0.986 0.002 0.003 0.003 0.002 0.004 
295      685    (0)    5 :  0.975 0.006 0.005 0.007 0.004 0.003 
296      686    (0)    5 :  0.984 0.002 0.004 0.003 0.003 0.005 
297      687    (0)    5 :  0.981 0.001 0.004 0.004 0.005 0.005 
298      688    (2)    5 :  0.985 0.002 0.003 0.003 0.003 0.004 
299      689    (0)    5 :  0.958 0.005 0.009 0.011 0.006 0.011 
300      165    (0)    6 :  0.957 0.003 0.011 0.012 0.004 0.014 
301      167    (0)    6 :  0.747 0.061 0.042 0.125 0.003 0.022 
302      170    (0)    6 :  0.962 0.003 0.006 0.006 0.010 0.012 
303      714    (0)    6 :  0.978 0.003 0.006 0.005 0.001 0.006 
304      715    (2)    6 :  0.662 0.029 0.141 0.139 0.004 0.026 
305      716    (0)    6 :  0.969 0.003 0.008 0.007 0.003 0.010 
306      717    (2)    6 :  0.415 0.012 0.248 0.304 0.008 0.014 
307     2346    (2)    6 :  0.002 0.008 0.763 0.156 0.063 0.007 
308      718    (0)    7 :  0.962 0.012 0.007 0.009 0.004 0.007 
309      719    (0)    7 :  0.928 0.006 0.019 0.019 0.010 0.017 
310      720    (0)    7 :  0.980 0.001 0.005 0.006 0.001 0.006 
311      721    (0)    7 :  0.917 0.017 0.018 0.016 0.014 0.018 
312      722    (0)    7 :  0.978 0.003 0.005 0.005 0.002 0.008 
313      723    (0)    7 :  0.978 0.001 0.004 0.004 0.003 0.010 
314      724    (0)    7 :  0.979 0.004 0.004 0.004 0.002 0.006 
315      725    (0)    7 :  0.981 0.003 0.004 0.004 0.005 0.004 
316      726    (0)    7 :  0.891 0.003 0.021 0.075 0.002 0.007 
317      727    (0)    7 :  0.987 0.003 0.002 0.002 0.002 0.003 
318      728    (2)    7 :  0.966 0.004 0.008 0.011 0.002 0.009 
319      729    (0)    7 :  0.774 0.008 0.014 0.011 0.004 0.188 
320      730    (0)    7 :  0.809 0.019 0.047 0.103 0.003 0.018 
321      731    (0)    7 :  0.962 0.004 0.010 0.007 0.006 0.010 
322      732    (0)    7 :  0.970 0.002 0.008 0.013 0.003 0.004 
323      733    (0)    7 :  0.970 0.008 0.004 0.004 0.003 0.011 
324      734    (0)    7 :  0.988 0.002 0.002 0.002 0.002 0.004 
325      189    (0)    8 :  0.011 0.007 0.008 0.009 0.955 0.009 
326      190    (0)    8 :  0.002 0.002 0.002 0.002 0.989 0.002 
327      193    (0)    8 :  0.003 0.001 0.008 0.006 0.979 0.003 
328      761    (0)    8 :  0.002 0.001 0.002 0.002 0.989 0.003 
329      762    (0)    8 :  0.004 0.002 0.004 0.003 0.982 0.006 
330      763    (0)    8 :  0.004 0.003 0.003 0.003 0.982 0.004 
331      764    (0)    8 :  0.003 0.002 0.003 0.003 0.986 0.004 
332      765    (0)    8 :  0.004 0.001 0.004 0.004 0.983 0.004 
333      778    (0)    8 :  0.019 0.013 0.019 0.016 0.927 0.007 
334      779    (0)    8 :  0.005 0.003 0.004 0.004 0.981 0.004 
335      780    (0)    8 :  0.002 0.002 0.003 0.003 0.987 0.004 
336      781    (0)    8 :  0.003 0.015 0.002 0.003 0.974 0.002 
337      782    (0)    8 :  0.009 0.002 0.005 0.005 0.977 0.002 
338      783    (0)    8 :  0.001 0.001 0.001 0.001 0.994 0.001 
339      784    (0)    8 :  0.003 0.001 0.005 0.005 0.982 0.003 
340      785    (0)    8 :  0.003 0.004 0.004 0.003 0.981 0.005 
341      786    (0)    8 :  0.002 0.001 0.003 0.004 0.985 0.005 
342      787    (0)    8 :  0.004 0.002 0.003 0.002 0.987 0.003 
343      788    (0)    8 :  0.009 0.005 0.012 0.009 0.956 0.009 
344      789    (0)    8 :  0.004 0.002 0.011 0.014 0.966 0.003 
345      790    (0)    8 :  0.003 0.005 0.004 0.005 0.978 0.005 
346      791    (0)    8 :  0.007 0.002 0.005 0.005 0.976 0.005 
347      792    (0)    8 :  0.002 0.003 0.002 0.002 0.989 0.002 
348      793    (0)    8 :  0.005 0.002 0.005 0.005 0.978 0.005 
349      794    (0)    8 :  0.002 0.003 0.005 0.006 0.979 0.005 
350      795    (0)    8 :  0.003 0.002 0.004 0.005 0.983 0.003 
351      796    (0)    8 :  0.002 0.002 0.002 0.002 0.990 0.002 
352      797    (0)    8 :  0.002 0.002 0.002 0.002 0.989 0.003 
353      798    (0)    8 :  0.005 0.001 0.003 0.003 0.982 0.005 
354      282    (0)    9 :  0.003 0.978 0.008 0.005 0.002 0.003 
355      284    (0)    9 :  0.002 0.980 0.003 0.003 0.008 0.003 
356      287    (0)    9 :  0.002 0.979 0.006 0.005 0.003 0.004 
357      295    (0)    9 :  0.001 0.994 0.001 0.001 0.001 0.001 
358      302    (0)    9 :  0.001 0.993 0.001 0.001 0.001 0.002 
359      306    (2)    9 :  0.009 0.946 0.017 0.010 0.006 0.012 
360      308    (0)    9 :  0.002 0.992 0.002 0.002 0.001 0.001 
361      867    (0)    9 :  0.001 0.993 0.002 0.001 0.001 0.001 


Estimated Allele Frequencies in each cluster
First column gives estimated ancestral frequencies


Locus 1 : 1 
4 alleles
0.0% missing data
  89   (0.541) 0.578 0.079 0.547 0.539 0.636 0.514 
  91   (0.360) 0.356 0.720 0.357 0.382 0.312 0.425 
  93   (0.073) 0.066 0.052 0.071 0.060 0.050 0.042 
  99   (0.026) 0.001 0.149 0.024 0.018 0.002 0.019 

Locus 2 : 2 
6 alleles
1.4% missing data
 136   (0.330) 0.550 0.204 0.334 0.344 0.456 0.096 
 134   (0.249) 0.160 0.034 0.249 0.241 0.374 0.258 
 138   (0.291) 0.233 0.745 0.286 0.255 0.161 0.509 
 140   (0.074) 0.056 0.010 0.074 0.098 0.005 0.040 
 132   (0.031) 0.001 0.004 0.033 0.034 0.002 0.006 
 142   (0.025) 0.001 0.003 0.024 0.028 0.002 0.092 

Locus 3 : 3 
6 alleles
0.0% missing data
 181   (0.252) 0.210 0.196 0.251 0.209 0.076 0.322 
 187   (0.339) 0.512 0.748 0.338 0.379 0.264 0.207 
 179   (0.223) 0.257 0.032 0.226 0.259 0.015 0.239 
 191   (0.040) 0.018 0.005 0.039 0.022 0.193 0.008 
 185   (0.084) 0.002 0.011 0.085 0.080 0.448 0.095 
 175   (0.061) 0.001 0.008 0.062 0.051 0.004 0.130 

Locus 4 : 4 
10 alleles
0.0% missing data
 253   (0.503) 0.705 0.534 0.505 0.532 0.468 0.560 
 249   (0.025) 0.066 0.003 0.024 0.015 0.002 0.003 
 271   (0.040) 0.031 0.006 0.040 0.054 0.003 0.014 
 241   (0.141) 0.074 0.214 0.139 0.106 0.150 0.161 
 257   (0.009) 0.001 0.001 0.008 0.004 0.001 0.002 
 269   (0.171) 0.121 0.229 0.170 0.156 0.104 0.222 
 247   (0.080) 0.002 0.010 0.084 0.115 0.271 0.034 
 239   (0.009) 0.000 0.001 0.009 0.005 0.001 0.001 
 245   (0.009) 0.000 0.001 0.009 0.004 0.001 0.001 
 273   (0.012) 0.000 0.001 0.012 0.009 0.001 0.001 

Locus 5 : 5 
7 alleles
0.8% missing data
 103   (0.819) 0.990 0.973 0.816 0.817 0.960 0.934 
 104   (0.075) 0.008 0.013 0.077 0.076 0.005 0.033 
 105   (0.053) 0.001 0.007 0.056 0.073 0.004 0.027 
 102   (0.021) 0.000 0.004 0.022 0.016 0.002 0.003 
 101   (0.014) 0.000 0.002 0.012 0.009 0.015 0.002 
 107   (0.009) 0.000 0.001 0.009 0.004 0.001 0.001 
  99   (0.009) 0.000 0.001 0.008 0.004 0.014 0.001 

Locus 6 : 6 
5 alleles
0.3% missing data
 141   (0.286) 0.546 0.040 0.287 0.310 0.142 0.261 
 145   (0.419) 0.180 0.389 0.420 0.426 0.265 0.534 
 135   (0.215) 0.209 0.559 0.213 0.214 0.284 0.189 
 147   (0.067) 0.065 0.011 0.067 0.040 0.308 0.014 
 137   (0.013) 0.000 0.002 0.013 0.010 0.001 0.002 

Locus 7 : 7 
8 alleles
1.1% missing data
  93   (0.220) 0.350 0.704 0.217 0.203 0.073 0.302 
 103   (0.267) 0.375 0.042 0.266 0.312 0.503 0.344 
  91   (0.074) 0.028 0.067 0.073 0.052 0.155 0.034 
  97   (0.212) 0.155 0.151 0.214 0.210 0.255 0.124 
  85   (0.044) 0.038 0.006 0.044 0.032 0.003 0.027 
  89   (0.108) 0.052 0.019 0.110 0.117 0.007 0.125 
  83   (0.062) 0.001 0.009 0.065 0.061 0.004 0.042 
 105   (0.012) 0.000 0.002 0.012 0.013 0.001 0.002 

Locus 8 : 8 
8 alleles
0.0% missing data
 129   (0.525) 0.663 0.161 0.526 0.512 0.637 0.702 
 141   (0.060) 0.099 0.009 0.059 0.050 0.202 0.023 
 149   (0.092) 0.122 0.012 0.092 0.103 0.019 0.054 
 143   (0.264) 0.116 0.724 0.267 0.297 0.137 0.205 
 145   (0.009) 0.000 0.001 0.009 0.005 0.001 0.001 
 133   (0.020) 0.000 0.002 0.021 0.013 0.001 0.005 
 131   (0.013) 0.000 0.046 0.011 0.005 0.002 0.007 
 127   (0.017) 0.000 0.045 0.016 0.014 0.001 0.002 

Locus 9 : 9 
4 alleles
0.0% missing data
 191   (0.355) 0.573 0.268 0.354 0.359 0.539 0.303 
 195   (0.156) 0.162 0.394 0.152 0.144 0.058 0.220 
 189   (0.479) 0.262 0.336 0.485 0.494 0.402 0.476 
 193   (0.009) 0.002 0.001 0.008 0.004 0.001 0.001 

Locus 10 : 10 
7 alleles
0.0% missing data
 232   (0.247) 0.305 0.194 0.248 0.234 0.274 0.165 
 238   (0.556) 0.550 0.413 0.558 0.622 0.350 0.756 
 252   (0.105) 0.126 0.019 0.105 0.082 0.037 0.068 
 254   (0.046) 0.017 0.368 0.044 0.027 0.254 0.005 
 250   (0.012) 0.000 0.001 0.012 0.013 0.001 0.001 
 248   (0.024) 0.001 0.003 0.024 0.017 0.083 0.003 
 236   (0.009) 0.000 0.001 0.009 0.005 0.001 0.001 

Locus 11 : 11 
3 alleles
0.0% missing data
  87   (0.748) 0.623 0.965 0.752 0.762 0.539 0.825 
  89   (0.199) 0.322 0.028 0.198 0.197 0.379 0.143 
  91   (0.053) 0.055 0.007 0.051 0.041 0.082 0.032 

Locus 12 : 12 
12 alleles
0.0% missing data
 160   (0.213) 0.127 0.581 0.211 0.177 0.705 0.280 
 162   (0.242) 0.221 0.085 0.243 0.320 0.235 0.240 
 147   (0.040) 0.150 0.005 0.038 0.028 0.002 0.046 
 158   (0.231) 0.469 0.032 0.236 0.209 0.026 0.206 
 161   (0.117) 0.023 0.130 0.118 0.099 0.022 0.112 
 170   (0.055) 0.008 0.007 0.055 0.065 0.004 0.031 
 149   (0.027) 0.001 0.003 0.027 0.038 0.002 0.047 
 154   (0.020) 0.000 0.003 0.021 0.029 0.001 0.002 
 143   (0.027) 0.001 0.149 0.027 0.023 0.002 0.005 
 150   (0.009) 0.000 0.001 0.008 0.003 0.001 0.008 
 159   (0.011) 0.000 0.001 0.010 0.005 0.001 0.021 
 164   (0.009) 0.000 0.001 0.009 0.004 0.001 0.001 

Locus 13 : 13 
4 alleles
0.0% missing data
 108   (0.194) 0.176 0.315 0.194 0.157 0.199 0.105 
 115   (0.426) 0.545 0.100 0.426 0.468 0.292 0.524 
 113   (0.371) 0.279 0.584 0.371 0.371 0.508 0.370 
 109   (0.009) 0.000 0.001 0.009 0.004 0.001 0.001 

Locus 14 : 14 
5 alleles
0.3% missing data
 227   (0.143) 0.258 0.227 0.139 0.118 0.021 0.322 
 231   (0.129) 0.096 0.295 0.130 0.121 0.345 0.020 
 229   (0.532) 0.477 0.125 0.537 0.593 0.421 0.528 
 225   (0.131) 0.076 0.243 0.129 0.105 0.209 0.090 
 233   (0.066) 0.092 0.110 0.064 0.062 0.005 0.040 

Locus 15 : 15 
5 alleles
0.3% missing data
 143   (0.818) 0.968 0.762 0.820 0.834 0.818 0.871 
 157   (0.010) 0.014 0.001 0.009 0.004 0.001 0.001 
 145   (0.098) 0.016 0.227 0.099 0.100 0.007 0.065 
 147   (0.053) 0.001 0.007 0.052 0.048 0.144 0.060 
 133   (0.022) 0.000 0.003 0.021 0.014 0.032 0.003 

Locus 16 : 16 
5 alleles
0.3% missing data
 156   (0.253) 0.264 0.567 0.251 0.231 0.495 0.217 
 158   (0.519) 0.526 0.231 0.525 0.491 0.208 0.635 
 160   (0.127) 0.172 0.017 0.126 0.175 0.115 0.120 
 154   (0.090) 0.038 0.183 0.091 0.099 0.182 0.013 
 152   (0.010) 0.000 0.001 0.008 0.004 0.001 0.016 

Locus 17 : 17 
5 alleles
0.0% missing data
 102   (0.219) 0.223 0.033 0.219 0.201 0.202 0.240 
  90   (0.659) 0.732 0.599 0.656 0.621 0.790 0.734 
  88   (0.075) 0.044 0.011 0.078 0.125 0.005 0.012 
 100   (0.038) 0.001 0.356 0.038 0.049 0.002 0.007 
 104   (0.009) 0.000 0.001 0.008 0.004 0.001 0.007 

Locus 18 : 18 
8 alleles
0.3% missing data
 142   (0.132) 0.415 0.018 0.134 0.152 0.009 0.089 
 146   (0.092) 0.154 0.013 0.089 0.083 0.222 0.107 
 140   (0.262) 0.142 0.319 0.265 0.297 0.182 0.228 
 127   (0.262) 0.167 0.467 0.264 0.235 0.066 0.306 
 148   (0.102) 0.055 0.014 0.101 0.103 0.212 0.082 
 128   (0.028) 0.046 0.101 0.026 0.037 0.002 0.003 
 150   (0.064) 0.001 0.008 0.064 0.048 0.303 0.145 
 138   (0.058) 0.021 0.060 0.057 0.046 0.004 0.040 

Locus 19 : 19 
6 alleles
0.0% missing data
 188   (0.204) 0.135 0.027 0.206 0.207 0.173 0.153 
 190   (0.138) 0.376 0.019 0.134 0.131 0.203 0.168 
 194   (0.555) 0.487 0.941 0.555 0.556 0.480 0.561 
 200   (0.077) 0.002 0.009 0.079 0.092 0.005 0.114 
 202   (0.018) 0.000 0.002 0.017 0.010 0.138 0.002 
 196   (0.009) 0.000 0.001 0.009 0.005 0.001 0.001 

Locus 20 : 20 
6 alleles
0.8% missing data
 252   (0.690) 0.822 0.368 0.697 0.729 0.724 0.780 
 250   (0.082) 0.091 0.323 0.079 0.062 0.140 0.069 
 244   (0.019) 0.014 0.003 0.018 0.009 0.001 0.009 
 254   (0.088) 0.030 0.115 0.086 0.075 0.083 0.078 
 246   (0.099) 0.033 0.188 0.099 0.099 0.050 0.059 
 248   (0.023) 0.010 0.003 0.022 0.026 0.001 0.005 

Locus 21 : 21 
7 alleles
0.0% missing data
 173   (0.265) 0.324 0.141 0.261 0.226 0.214 0.550 
 177   (0.302) 0.322 0.268 0.304 0.330 0.175 0.228 
 175   (0.140) 0.032 0.445 0.141 0.104 0.252 0.079 
 167   (0.175) 0.312 0.129 0.173 0.171 0.122 0.123 
 163   (0.047) 0.003 0.006 0.048 0.044 0.216 0.010 
 159   (0.022) 0.000 0.003 0.023 0.046 0.001 0.003 
 165   (0.049) 0.007 0.009 0.051 0.078 0.019 0.008 

Locus 22 : 22 
11 alleles
1.1% missing data
 146   (0.215) 0.259 0.085 0.214 0.214 0.143 0.316 
 154   (0.010) 0.054 0.001 0.009 0.004 0.001 0.001 
 166   (0.099) 0.058 0.122 0.102 0.121 0.006 0.031 
 152   (0.445) 0.587 0.464 0.446 0.412 0.376 0.580 
 150   (0.035) 0.008 0.109 0.034 0.038 0.002 0.010 
 164   (0.024) 0.017 0.003 0.023 0.014 0.002 0.003 
 158   (0.080) 0.015 0.011 0.081 0.110 0.104 0.021 
 162   (0.046) 0.001 0.006 0.048 0.063 0.069 0.011 
 142   (0.019) 0.000 0.003 0.018 0.013 0.001 0.014 
 156   (0.014) 0.000 0.002 0.012 0.005 0.295 0.012 
 148   (0.013) 0.000 0.194 0.012 0.005 0.001 0.002 

Locus 23 : 23 
7 alleles
0.6% missing data
 152   (0.012) 0.062 0.002 0.011 0.005 0.001 0.002 
 156   (0.135) 0.045 0.019 0.141 0.150 0.039 0.036 
 144   (0.154) 0.171 0.546 0.148 0.123 0.621 0.248 
 160   (0.110) 0.185 0.016 0.108 0.099 0.106 0.109 
 154   (0.551) 0.532 0.412 0.555 0.567 0.231 0.600 
 158   (0.024) 0.005 0.003 0.024 0.050 0.001 0.003 
 146   (0.013) 0.000 0.002 0.013 0.006 0.001 0.001 

Locus 24 : 24 
4 alleles
0.3% missing data
  77   (0.086) 0.263 0.012 0.083 0.056 0.053 0.093 
  83   (0.469) 0.495 0.705 0.467 0.446 0.916 0.390 
  81   (0.366) 0.216 0.272 0.371 0.437 0.025 0.408 
  85   (0.079) 0.026 0.011 0.079 0.061 0.006 0.109 

Locus 25 : 25 
6 alleles
0.3% missing data
 132   (0.329) 0.482 0.209 0.327 0.336 0.448 0.348 
 124   (0.524) 0.450 0.396 0.527 0.548 0.543 0.536 
 126   (0.024) 0.049 0.003 0.024 0.012 0.001 0.003 
 122   (0.085) 0.018 0.061 0.084 0.077 0.006 0.109 
 120   (0.021) 0.000 0.329 0.020 0.017 0.001 0.003 
 136   (0.017) 0.000 0.002 0.017 0.011 0.001 0.002 

Locus 26 : 26 
7 alleles
0.0% missing data
 165   (0.230) 0.152 0.302 0.231 0.209 0.059 0.273 
 183   (0.342) 0.542 0.318 0.341 0.370 0.423 0.306 
 179   (0.085) 0.063 0.333 0.084 0.072 0.005 0.097 
 175   (0.285) 0.241 0.040 0.286 0.313 0.444 0.315 
 181   (0.040) 0.001 0.005 0.041 0.028 0.067 0.007 
 157   (0.009) 0.000 0.001 0.009 0.004 0.001 0.001 
 185   (0.009) 0.000 0.001 0.009 0.004 0.001 0.001 

Locus 27 : 27 
4 alleles
0.0% missing data
 142   (0.646) 0.680 0.355 0.645 0.641 0.740 0.749 
 148   (0.190) 0.107 0.623 0.192 0.200 0.071 0.086 
 138   (0.042) 0.199 0.006 0.041 0.022 0.003 0.024 
 150   (0.122) 0.014 0.017 0.122 0.136 0.186 0.141 

Locus 28 : 28 
6 alleles
1.1% missing data
 260   (0.383) 0.368 0.095 0.383 0.404 0.378 0.524 
 262   (0.495) 0.622 0.888 0.497 0.480 0.546 0.384 
 256   (0.075) 0.009 0.012 0.075 0.079 0.072 0.055 
 258   (0.015) 0.000 0.002 0.015 0.020 0.001 0.002 
 264   (0.022) 0.000 0.003 0.022 0.013 0.001 0.027 
 266   (0.009) 0.000 0.002 0.008 0.004 0.001 0.008 

Locus 29 : 29 
7 alleles
0.6% missing data
 146   (0.262) 0.191 0.040 0.266 0.274 0.335 0.216 
 150   (0.438) 0.627 0.164 0.440 0.417 0.297 0.558 
 140   (0.184) 0.109 0.779 0.183 0.177 0.063 0.171 
 148   (0.065) 0.066 0.010 0.064 0.089 0.302 0.025 
 152   (0.032) 0.001 0.004 0.032 0.035 0.002 0.027 
 151   (0.010) 0.006 0.002 0.008 0.004 0.001 0.001 
 142   (0.009) 0.002 0.001 0.008 0.004 0.001 0.001 

Locus 30 : 30 
6 alleles
0.3% missing data
 125   (0.288) 0.451 0.160 0.294 0.310 0.034 0.103 
 129   (0.410) 0.491 0.228 0.403 0.427 0.778 0.586 
 123   (0.159) 0.054 0.023 0.159 0.126 0.104 0.219 
 131   (0.053) 0.001 0.008 0.054 0.054 0.004 0.038 
 127   (0.077) 0.002 0.533 0.077 0.077 0.080 0.052 
 121   (0.014) 0.000 0.048 0.013 0.006 0.001 0.002 

Locus 31 : 31 
6 alleles
0.3% missing data
 159   (0.131) 0.137 0.017 0.130 0.126 0.009 0.286 
 155   (0.558) 0.698 0.580 0.561 0.580 0.712 0.438 
 157   (0.186) 0.097 0.138 0.187 0.198 0.026 0.208 
 153   (0.078) 0.064 0.107 0.077 0.072 0.005 0.061 
 151   (0.037) 0.003 0.156 0.036 0.020 0.247 0.005 
 163   (0.009) 0.001 0.001 0.008 0.005 0.001 0.002 

Locus 32 : 32 
4 alleles
1.1% missing data
  91   (0.428) 0.581 0.552 0.427 0.400 0.156 0.515 
  94   (0.064) 0.056 0.008 0.066 0.086 0.004 0.010 
  95   (0.175) 0.104 0.296 0.175 0.247 0.405 0.079 
  92   (0.333) 0.260 0.144 0.332 0.266 0.435 0.396 

Locus 33 : 33 
5 alleles
0.0% missing data
 146   (0.309) 0.071 0.580 0.311 0.298 0.310 0.361 
 150   (0.573) 0.857 0.403 0.573 0.578 0.637 0.573 
 148   (0.064) 0.071 0.009 0.062 0.067 0.049 0.021 
 154   (0.039) 0.001 0.006 0.040 0.044 0.002 0.015 
 152   (0.015) 0.000 0.002 0.014 0.013 0.001 0.031 

Locus 34 : 34 
7 alleles
0.0% missing data
 180   (0.455) 0.565 0.712 0.456 0.437 0.662 0.353 
 196   (0.103) 0.179 0.014 0.103 0.082 0.007 0.136 
 184   (0.205) 0.161 0.243 0.203 0.199 0.076 0.291 
 194   (0.011) 0.037 0.001 0.010 0.004 0.001 0.001 
 192   (0.135) 0.006 0.017 0.139 0.193 0.185 0.153 
 198   (0.079) 0.052 0.011 0.080 0.080 0.069 0.020 
 190   (0.012) 0.000 0.001 0.010 0.005 0.001 0.045 

Locus 35 : 35 
6 alleles
0.0% missing data
 110   (0.160) 0.325 0.191 0.158 0.169 0.076 0.104 
 112   (0.355) 0.519 0.050 0.358 0.371 0.067 0.400 
 106   (0.300) 0.122 0.201 0.299 0.294 0.697 0.396 
  90   (0.041) 0.024 0.420 0.040 0.045 0.003 0.005 
 108   (0.135) 0.010 0.137 0.138 0.117 0.113 0.095 
  96   (0.009) 0.000 0.001 0.008 0.004 0.045 0.001 

Locus 36 : 36 
9 alleles
0.0% missing data
 166   (0.051) 0.252 0.007 0.048 0.034 0.003 0.100 
 176   (0.096) 0.159 0.014 0.100 0.097 0.019 0.013 
 172   (0.324) 0.416 0.048 0.323 0.355 0.577 0.379 
 170   (0.281) 0.161 0.588 0.281 0.269 0.322 0.226 
 174   (0.141) 0.006 0.021 0.144 0.135 0.071 0.193 
 178   (0.041) 0.005 0.006 0.041 0.045 0.003 0.036 
 168   (0.040) 0.001 0.314 0.040 0.054 0.002 0.013 
 186   (0.016) 0.000 0.002 0.014 0.007 0.001 0.039 
 158   (0.009) 0.000 0.001 0.009 0.005 0.001 0.001 

Locus 37 : 37 
6 alleles
0.0% missing data
  89   (0.544) 0.641 0.350 0.546 0.583 0.509 0.661 
  95   (0.051) 0.072 0.007 0.050 0.030 0.004 0.081 
  85   (0.169) 0.228 0.512 0.166 0.170 0.236 0.117 
  81   (0.070) 0.009 0.012 0.072 0.064 0.005 0.044 
  83   (0.148) 0.050 0.021 0.150 0.144 0.245 0.094 
  91   (0.017) 0.000 0.098 0.017 0.009 0.001 0.002 

Locus 38 : 38 
10 alleles
0.0% missing data
 161   (0.329) 0.535 0.419 0.330 0.338 0.377 0.276 
 165   (0.231) 0.177 0.149 0.234 0.194 0.107 0.235 
 159   (0.018) 0.029 0.002 0.017 0.012 0.001 0.004 
 173   (0.256) 0.130 0.191 0.256 0.276 0.504 0.298 
 169   (0.093) 0.119 0.230 0.091 0.118 0.006 0.141 
 167   (0.020) 0.008 0.003 0.020 0.023 0.002 0.003 
 168   (0.013) 0.000 0.001 0.013 0.006 0.001 0.001 
 155   (0.021) 0.000 0.003 0.022 0.024 0.001 0.003 
 177   (0.009) 0.000 0.001 0.009 0.005 0.001 0.001 
 175   (0.010) 0.000 0.001 0.009 0.004 0.001 0.039 

Locus 39 : 39 
6 alleles
0.6% missing data
  87   (0.103) 0.155 0.620 0.100 0.069 0.129 0.066 
  89   (0.408) 0.601 0.056 0.411 0.439 0.101 0.566 
  91   (0.162) 0.119 0.179 0.162 0.172 0.183 0.076 
  81   (0.123) 0.081 0.017 0.123 0.132 0.115 0.077 
  85   (0.196) 0.042 0.126 0.196 0.184 0.471 0.213 
  83   (0.009) 0.003 0.001 0.008 0.004 0.001 0.001 

Locus 40 : 40 
4 alleles
0.3% missing data
 167   (0.749) 0.915 0.646 0.750 0.761 0.859 0.785 
 161   (0.215) 0.083 0.350 0.217 0.206 0.138 0.157 
 165   (0.026) 0.001 0.003 0.025 0.029 0.002 0.057 
 177   (0.009) 0.000 0.001 0.009 0.004 0.001 0.001 

Locus 41 : 41 
6 alleles
0.3% missing data
 228   (0.428) 0.556 0.610 0.426 0.445 0.242 0.515 
 238   (0.339) 0.303 0.100 0.344 0.341 0.119 0.309 
 224   (0.026) 0.078 0.003 0.025 0.027 0.002 0.003 
 236   (0.101) 0.060 0.274 0.099 0.077 0.385 0.051 
 232   (0.013) 0.001 0.002 0.013 0.007 0.001 0.002 
 240   (0.092) 0.002 0.011 0.093 0.103 0.251 0.119 

Locus 42 : 42 
7 alleles
0.0% missing data
 128   (0.125) 0.134 0.017 0.123 0.130 0.037 0.208 
 130   (0.538) 0.610 0.078 0.544 0.565 0.771 0.430 
 114   (0.049) 0.096 0.414 0.048 0.049 0.003 0.006 
 132   (0.102) 0.145 0.015 0.099 0.090 0.053 0.187 
 118   (0.069) 0.003 0.235 0.066 0.052 0.128 0.091 
 134   (0.109) 0.012 0.239 0.111 0.110 0.007 0.077 
 136   (0.009) 0.000 0.001 0.009 0.004 0.001 0.001 

Locus 43 : 43 
6 alleles
0.8% missing data
 102   (0.267) 0.400 0.517 0.263 0.245 0.475 0.342 
 104   (0.417) 0.192 0.061 0.423 0.469 0.413 0.509 
  92   (0.138) 0.125 0.068 0.142 0.121 0.009 0.067 
  96   (0.060) 0.092 0.118 0.058 0.054 0.004 0.025 
  98   (0.108) 0.191 0.234 0.106 0.107 0.099 0.055 
 106   (0.009) 0.001 0.002 0.009 0.005 0.001 0.001 

Locus 44 : 44 
5 alleles
0.3% missing data
 101   (0.316) 0.412 0.044 0.319 0.315 0.192 0.270 
 103   (0.301) 0.221 0.254 0.299 0.268 0.346 0.434 
  99   (0.143) 0.066 0.413 0.146 0.198 0.009 0.085 
  95   (0.228) 0.301 0.131 0.226 0.214 0.451 0.209 
  97   (0.012) 0.000 0.157 0.011 0.005 0.001 0.002 

Locus 45 : 45 
7 alleles
0.3% missing data
 177   (0.060) 0.076 0.009 0.059 0.040 0.004 0.057 
 191   (0.279) 0.168 0.255 0.283 0.356 0.104 0.199 
 181   (0.584) 0.755 0.531 0.582 0.539 0.857 0.697 
 183   (0.013) 0.000 0.002 0.013 0.010 0.001 0.002 
 179   (0.044) 0.001 0.201 0.046 0.047 0.003 0.005 
 193   (0.011) 0.000 0.001 0.009 0.004 0.001 0.039 
 189   (0.009) 0.000 0.001 0.008 0.003 0.030 0.001 

Locus 46 : 46 
6 alleles
0.8% missing data
 205   (0.463) 0.526 0.281 0.465 0.509 0.410 0.535 
 211   (0.236) 0.223 0.319 0.238 0.271 0.271 0.124 
 207   (0.138) 0.136 0.019 0.137 0.095 0.201 0.207 
 201   (0.069) 0.067 0.368 0.067 0.047 0.004 0.063 
 215   (0.082) 0.047 0.012 0.081 0.065 0.113 0.069 
 202   (0.012) 0.000 0.001 0.012 0.012 0.001 0.002 

Locus 47 : 47 
9 alleles
1.1% missing data
 144   (0.076) 0.217 0.012 0.073 0.052 0.129 0.047 
 158   (0.162) 0.150 0.025 0.163 0.192 0.086 0.099 
 168   (0.144) 0.195 0.188 0.145 0.114 0.110 0.047 
 166   (0.132) 0.290 0.068 0.128 0.093 0.380 0.210 
 142   (0.361) 0.141 0.054 0.366 0.460 0.286 0.531 
 170   (0.013) 0.002 0.002 0.012 0.010 0.002 0.002 
 162   (0.034) 0.001 0.117 0.033 0.023 0.002 0.029 
 164   (0.051) 0.003 0.007 0.053 0.038 0.003 0.028 
 156   (0.027) 0.001 0.527 0.026 0.017 0.002 0.008 

Locus 48 : 48 
7 alleles
6.1% missing data
 149   (0.365) 0.221 0.331 0.368 0.363 0.337 0.373 
 151   (0.185) 0.257 0.078 0.187 0.202 0.012 0.156 
 153   (0.204) 0.310 0.027 0.203 0.240 0.029 0.351 
 147   (0.029) 0.031 0.058 0.027 0.017 0.002 0.004 
 145   (0.191) 0.178 0.502 0.190 0.162 0.617 0.113 
 152   (0.009) 0.003 0.002 0.008 0.004 0.001 0.001 
 143   (0.017) 0.000 0.002 0.018 0.012 0.001 0.002 

Values of parameters used in structure:
DATAFILE=temp2_np.str,	OUTFILE=k6/temp2_np_k6_run10,	NUMINDS=361,	NUMLOCI=48,	MISSING=-9,	LABEL=1,	POPDATA=1,	POPFLAG=0,	PHENOTYPE=0,	EXTRACOLS=0,	MAXPOPS=6,	BURNIN=500000,	NUMREPS=750000,	USEPOPINFO=0,	INFERALPHA=1,	INFERLAMBDA=0,	POPSPECIFICLAMBDA=0,	POPALPHAS=0,	COMPUTEPROB=1,	NOADMIX=0,	ADMBURNIN=500,	UPDATEFREQ=100,	PRINTLIKES=0,	INTERMEDSAVE=0,	PRINTKLD=0,	PRINTNET=1,	PRINTLAMBDA=1,	ANCESTDIST=0,	NUMBOXES=1000,	ANCESTPINT=0.90000,	GENSBACK=2,	MIGRPRIOR=0.01000,	PRINTQHAT=0,	PRINTQSUM=1,	ALPHA=1.0000,	FREQSCORR=1,	FPRIORMEAN=0.0100,	FPRIORSD=0.0500,	ONEFST=0,	LAMBDA=1.0000,	UNIFPRIORALPHA=1,	ALPHAMAX=10.0000,	ALPHAPRIORA=1.0000,	ALPHAPRIORB=2.0000,	ALPHAPROPSD=0.0250,	STARTATPOPINFO=0,	RANDOMIZE=0,	LINKAGE=0,	METROFREQ=10,	REPORTHITRATE=0,	MARKOVPHASE=0,	PHASED=1,	PLOIDY=2,	PHASEINFO=0	LOCPRIOR=0, 	LOCPRIORINIT=1.000000, 	LOCDATA=0, 	LOCISPOP=1, 	LOCPRIORSTEP=0.100000, 	MAXLOCPRIOR=20.000000, 	SEED=181359,	
[STRAT parameters]:    NUMSIMSTATS=1000,	PHENOTYPECOL=-9,	POOLFREQ=10,	LOCUSxONLY=0,	EMERROR=0.00100,	MISSINGPHENO=-9,	