

----------------------------------------------------
STRUCTURE by Pritchard, Stephens and Donnelly (2000)
     and Falush, Stephens and Pritchard (2003)
       Code by Pritchard, Falush and Hubisz
             Version 2.3.4 (Jul 2012)
----------------------------------------------------



Command line arguments:   structure -D 284247 -K 11 -m mainparams -o k11/temp2_np_k11_run8 
Input File:    temp2_np.str

Run parameters:
   361 individuals
   48 loci
   11 populations assumed
   500000 Burn-in period
   750000 Reps
RANDOMIZE turned off


--------------------------------------------
Proportion of membership of each pre-defined
 population in each of the 11 clusters

Given    Inferred Clusters                                                               Number of
 Pop       1      2      3      4      5      6      7      8      9     10     11      Individuals

  1:     0.009  0.004  0.031  0.008  0.036  0.013  0.853  0.012  0.013  0.010  0.011       63
  2:     0.005  0.006  0.859  0.007  0.015  0.007  0.072  0.007  0.007  0.008  0.008       20
  3:     0.006  0.004  0.062  0.018  0.066  0.025  0.740  0.025  0.027  0.012  0.014       19
  4:     0.005  0.004  0.041  0.010  0.595  0.007  0.303  0.008  0.008  0.014  0.007       31
  5:     0.004  0.005  0.024  0.007  0.028  0.009  0.879  0.009  0.009  0.014  0.011       20
  6:     0.016  0.013  0.019  0.053  0.123  0.091  0.493  0.080  0.085  0.012  0.014        8
  7:     0.005  0.005  0.038  0.012  0.020  0.010  0.521  0.009  0.010  0.347  0.024       17
  8:     0.954  0.003  0.007  0.006  0.004  0.005  0.004  0.005  0.005  0.003  0.004       29
  9:     0.003  0.966  0.003  0.002  0.002  0.005  0.003  0.004  0.005  0.003  0.004        8
 10:     0.020  0.007  0.009  0.031  0.015  0.272  0.011  0.279  0.272  0.009  0.076       21
 11:     0.012  0.007  0.010  0.136  0.010  0.214  0.011  0.205  0.207  0.013  0.174       30
 12:     0.014  0.004  0.012  0.133  0.015  0.038  0.017  0.045  0.038  0.007  0.677       25
 13:     0.009  0.005  0.015  0.098  0.017  0.065  0.022  0.072  0.065  0.009  0.623       32
 14:     0.028  0.014  0.008  0.016  0.011  0.284  0.018  0.262  0.288  0.007  0.063       34
 15:     0.007  0.003  0.025  0.010  0.010  0.268  0.013  0.326  0.298  0.031  0.009        4
--------------------------------------------

Allele-freq. divergence among pops (Net nucleotide distance),
computed using point estimates of P.

      1       2       3       4       5       6       7       8       9      10      11      
 1      -    0.1307  0.0935  0.0811  0.0933  0.0534  0.0807  0.0540  0.0534  0.1557  0.0721  
 2   0.1307     -    0.1668  0.1295  0.1336  0.0949  0.1343  0.0961  0.0949  0.1928  0.1210  
 3   0.0935  0.1668     -    0.0728  0.0657  0.0515  0.0375  0.0521  0.0513  0.1229  0.0617  
 4   0.0811  0.1295  0.0728     -    0.0569  0.0230  0.0519  0.0226  0.0231  0.1277  0.0319  
 5   0.0933  0.1336  0.0657  0.0569     -    0.0367  0.0360  0.0372  0.0363  0.1246  0.0560  
 6   0.0534  0.0949  0.0515  0.0230  0.0367     -    0.0272  0.0001  0.0000  0.0945  0.0156  
 7   0.0807  0.1343  0.0375  0.0519  0.0360  0.0272     -    0.0276  0.0269  0.0990  0.0431  
 8   0.0540  0.0961  0.0521  0.0226  0.0372  0.0001  0.0276     -    0.0001  0.0962  0.0149  
 9   0.0534  0.0949  0.0513  0.0231  0.0363  0.0000  0.0269  0.0001     -    0.0949  0.0155  
10   0.1557  0.1928  0.1229  0.1277  0.1246  0.0945  0.0990  0.0962  0.0949     -    0.1168  
11   0.0721  0.1210  0.0617  0.0319  0.0560  0.0156  0.0431  0.0149  0.0155  0.1168     -    

Average distances (expected heterozygosity) between individuals in same cluster:
cluster  1  : 0.5485 
cluster  2  : 0.5393 
cluster  3  : 0.4848 
cluster  4  : 0.5806 
cluster  5  : 0.5441 
cluster  6  : 0.6436 
cluster  7  : 0.5462 
cluster  8  : 0.6411 
cluster  9  : 0.6439 
cluster 10  : 0.4419 
cluster 11  : 0.5782 

--------------------------------------------
Estimated Ln Prob of Data   = -38738.2
Mean value of ln likelihood = -37322.6
Variance of ln likelihood   = 2831.3
Mean value of alpha         = 0.0346

Mean value of Fst_1         = 0.2076
Mean value of Fst_2         = 0.2941
Mean value of Fst_3         = 0.2126
Mean value of Fst_4         = 0.1271
Mean value of Fst_5         = 0.1606
Mean value of Fst_6         = 0.0162
Mean value of Fst_7         = 0.1218
Mean value of Fst_8         = 0.0225
Mean value of Fst_9         = 0.0151
Mean value of Fst_10         = 0.3896
Mean value of Fst_11         = 0.0741


Inferred ancestry of individuals:
        Label (%Miss) Pop:  Inferred clusters
  1     2055    (0)    1 :  0.002 0.003 0.005 0.003 0.008 0.005 0.953 0.005 0.005 0.004 0.008 
  2     2056    (0)    1 :  0.008 0.004 0.026 0.007 0.667 0.009 0.246 0.009 0.009 0.006 0.008 
  3     2057    (0)    1 :  0.002 0.003 0.005 0.020 0.008 0.010 0.917 0.011 0.010 0.007 0.007 
  4     2058    (0)    1 :  0.006 0.001 0.026 0.003 0.005 0.003 0.942 0.003 0.003 0.005 0.002 
  5     2059    (0)    1 :  0.003 0.002 0.004 0.005 0.006 0.004 0.962 0.004 0.004 0.003 0.003 
  6     2060    (0)    1 :  0.002 0.006 0.008 0.004 0.003 0.004 0.956 0.005 0.005 0.004 0.003 
  7     2061    (0)    1 :  0.006 0.024 0.017 0.006 0.003 0.013 0.887 0.015 0.015 0.005 0.007 
  8     2062    (0)    1 :  0.006 0.003 0.120 0.011 0.010 0.014 0.770 0.014 0.015 0.020 0.019 
  9     2063    (0)    1 :  0.002 0.003 0.010 0.005 0.006 0.004 0.953 0.004 0.004 0.004 0.005 
 10     2064    (0)    1 :  0.002 0.003 0.008 0.003 0.007 0.004 0.959 0.004 0.004 0.004 0.003 
 11     2065    (0)    1 :  0.002 0.002 0.034 0.001 0.004 0.003 0.924 0.003 0.003 0.023 0.002 
 12     2066    (0)    1 :  0.002 0.001 0.008 0.005 0.014 0.004 0.952 0.004 0.004 0.002 0.004 
 13     2067    (0)    1 :  0.010 0.004 0.009 0.006 0.035 0.009 0.897 0.010 0.009 0.003 0.007 
 14     2068    (0)    1 :  0.021 0.005 0.294 0.014 0.019 0.076 0.382 0.076 0.080 0.018 0.015 
 15     2069    (0)    1 :  0.002 0.002 0.007 0.003 0.006 0.004 0.960 0.004 0.004 0.006 0.003 
 16     2070    (0)    1 :  0.002 0.001 0.009 0.009 0.252 0.118 0.345 0.088 0.112 0.004 0.060 
 17     2071    (0)    1 :  0.014 0.013 0.029 0.009 0.015 0.012 0.873 0.011 0.013 0.006 0.005 
 18     2072    (0)    1 :  0.003 0.010 0.007 0.002 0.010 0.007 0.942 0.006 0.007 0.003 0.003 
 19     2073    (0)    1 :  0.008 0.010 0.013 0.016 0.004 0.025 0.811 0.023 0.024 0.054 0.012 
 20     2074    (0)    1 :  0.003 0.003 0.009 0.002 0.010 0.004 0.954 0.004 0.004 0.003 0.003 
 21     2075    (0)    1 :  0.017 0.003 0.004 0.003 0.032 0.007 0.909 0.006 0.007 0.008 0.004 
 22     2076    (0)    1 :  0.002 0.001 0.010 0.003 0.003 0.002 0.969 0.002 0.002 0.003 0.002 
 23     2077    (0)    1 :  0.009 0.007 0.299 0.022 0.007 0.017 0.565 0.018 0.020 0.017 0.019 
 24     2078    (0)    1 :  0.003 0.004 0.019 0.003 0.012 0.005 0.929 0.005 0.005 0.005 0.009 
 25     2079    (0)    1 :  0.037 0.001 0.018 0.018 0.004 0.010 0.874 0.010 0.011 0.005 0.012 
 26     2080    (0)    1 :  0.029 0.003 0.092 0.005 0.003 0.028 0.770 0.028 0.029 0.007 0.004 
 27     2081    (0)    1 :  0.003 0.002 0.011 0.004 0.004 0.005 0.953 0.005 0.005 0.004 0.004 
 28     2082    (0)    1 :  0.008 0.003 0.008 0.007 0.172 0.021 0.720 0.017 0.020 0.017 0.008 
 29     2083    (0)    1 :  0.002 0.003 0.005 0.006 0.044 0.011 0.900 0.010 0.011 0.003 0.006 
 30     2084    (0)    1 :  0.007 0.002 0.002 0.005 0.005 0.006 0.949 0.007 0.007 0.003 0.007 
 31     2085    (0)    1 :  0.003 0.002 0.019 0.006 0.024 0.010 0.889 0.010 0.010 0.009 0.017 
 32     2086    (0)    1 :  0.004 0.003 0.080 0.009 0.006 0.018 0.833 0.017 0.018 0.003 0.010 
 33     2087    (0)    1 :  0.066 0.006 0.025 0.004 0.005 0.008 0.835 0.007 0.007 0.032 0.005 
 34     2088    (0)    1 :  0.014 0.003 0.026 0.042 0.007 0.023 0.787 0.022 0.024 0.003 0.048 
 35     2089    (0)    1 :  0.002 0.001 0.019 0.002 0.007 0.002 0.956 0.002 0.002 0.002 0.002 
 36     2090    (0)    1 :  0.039 0.005 0.008 0.006 0.012 0.007 0.899 0.007 0.007 0.005 0.004 
 37     2091    (0)    1 :  0.003 0.001 0.038 0.007 0.010 0.005 0.915 0.005 0.005 0.004 0.006 
 38     2092    (0)    1 :  0.037 0.002 0.014 0.004 0.034 0.006 0.880 0.006 0.006 0.007 0.005 
 39     2093    (0)    1 :  0.003 0.001 0.056 0.003 0.011 0.004 0.904 0.004 0.004 0.007 0.003 
 40     2094    (0)    1 :  0.001 0.002 0.005 0.003 0.028 0.003 0.948 0.003 0.003 0.002 0.003 
 41     2095    (0)    1 :  0.056 0.005 0.040 0.007 0.004 0.008 0.856 0.007 0.007 0.003 0.006 
 42     2096    (0)    1 :  0.002 0.001 0.015 0.004 0.010 0.003 0.932 0.003 0.003 0.022 0.004 
 43     2097    (0)    1 :  0.002 0.002 0.007 0.006 0.004 0.003 0.962 0.003 0.003 0.004 0.003 
 44     2098    (0)    1 :  0.014 0.003 0.011 0.021 0.010 0.034 0.729 0.031 0.034 0.092 0.022 
 45     2099    (0)    1 :  0.004 0.009 0.018 0.030 0.420 0.046 0.339 0.047 0.052 0.012 0.022 
 46     2100    (0)    1 :  0.004 0.002 0.069 0.044 0.014 0.023 0.774 0.026 0.024 0.009 0.012 
 47     2101    (0)    1 :  0.006 0.003 0.008 0.006 0.004 0.005 0.945 0.004 0.005 0.006 0.008 
 48     2102    (2)    1 :  0.002 0.002 0.003 0.002 0.006 0.003 0.969 0.003 0.003 0.003 0.003 
 49     2103    (0)    1 :  0.004 0.002 0.006 0.008 0.006 0.005 0.945 0.005 0.005 0.005 0.007 
 50     2104    (0)    1 :  0.003 0.001 0.026 0.010 0.003 0.016 0.796 0.022 0.016 0.019 0.088 
 51     2105    (0)    1 :  0.004 0.006 0.007 0.005 0.014 0.006 0.913 0.008 0.007 0.004 0.025 
 52     2106    (0)    1 :  0.002 0.002 0.035 0.007 0.016 0.016 0.883 0.014 0.015 0.003 0.006 
 53     2107    (0)    1 :  0.005 0.003 0.031 0.006 0.011 0.012 0.806 0.013 0.012 0.072 0.028 
 54     2108    (0)    1 :  0.006 0.006 0.023 0.004 0.005 0.018 0.893 0.015 0.017 0.003 0.009 
 55     2109    (0)    1 :  0.002 0.005 0.006 0.006 0.076 0.010 0.856 0.010 0.012 0.005 0.011 
 56     2110    (0)    1 :  0.006 0.004 0.025 0.005 0.004 0.011 0.866 0.013 0.011 0.017 0.039 
 57     2111    (0)    1 :  0.004 0.001 0.145 0.007 0.006 0.006 0.795 0.006 0.006 0.003 0.020 
 58     2112    (0)    1 :  0.003 0.004 0.006 0.006 0.009 0.004 0.954 0.004 0.004 0.004 0.003 
 59     2583    (2)    1 :  0.009 0.007 0.029 0.006 0.064 0.005 0.861 0.006 0.006 0.004 0.005 
 60     2584    (4)    1 :  0.004 0.004 0.011 0.016 0.017 0.014 0.895 0.012 0.014 0.010 0.003 
 61     2587    (2)    1 :  0.003 0.002 0.017 0.011 0.009 0.005 0.929 0.006 0.005 0.002 0.010 
 62     2590    (2)    1 :  0.002 0.013 0.007 0.004 0.012 0.005 0.936 0.005 0.005 0.006 0.004 
 63     2591    (6)    1 :  0.010 0.001 0.005 0.012 0.005 0.007 0.932 0.007 0.007 0.005 0.010 
 64      315    (0)   10 :  0.046 0.010 0.022 0.011 0.005 0.269 0.009 0.206 0.291 0.002 0.128 
 65      565    (0)   10 :  0.029 0.003 0.004 0.006 0.008 0.385 0.009 0.240 0.309 0.003 0.005 
 66      566    (2)   10 :  0.015 0.004 0.004 0.048 0.013 0.167 0.010 0.172 0.137 0.012 0.419 
 67      567    (2)   10 :  0.004 0.002 0.011 0.013 0.006 0.296 0.020 0.345 0.291 0.005 0.005 
 68      877    (0)   10 :  0.003 0.002 0.003 0.009 0.022 0.270 0.007 0.316 0.304 0.053 0.010 
 69      878    (0)   10 :  0.008 0.012 0.006 0.049 0.004 0.292 0.004 0.344 0.270 0.006 0.005 
 70      879    (0)   10 :  0.005 0.007 0.003 0.052 0.011 0.395 0.007 0.189 0.311 0.006 0.013 
 71      880    (0)   10 :  0.005 0.002 0.004 0.012 0.010 0.336 0.006 0.321 0.290 0.008 0.007 
 72      881    (0)   10 :  0.009 0.007 0.005 0.007 0.004 0.266 0.004 0.327 0.354 0.004 0.014 
 73      882    (0)   10 :  0.011 0.025 0.006 0.034 0.006 0.257 0.005 0.370 0.278 0.004 0.004 
 74      883    (0)   10 :  0.004 0.008 0.004 0.023 0.011 0.275 0.007 0.347 0.306 0.003 0.012 
 75      884    (0)   10 :  0.003 0.002 0.019 0.017 0.019 0.203 0.022 0.282 0.254 0.005 0.174 
 76      885    (0)   10 :  0.004 0.007 0.006 0.016 0.029 0.289 0.005 0.319 0.278 0.004 0.044 
 77      886    (0)   10 :  0.127 0.012 0.004 0.004 0.004 0.254 0.010 0.291 0.274 0.003 0.018 
 78      887    (0)   10 :  0.005 0.014 0.007 0.128 0.011 0.040 0.032 0.105 0.050 0.002 0.606 
 79      888    (0)   10 :  0.007 0.005 0.014 0.003 0.115 0.248 0.021 0.298 0.278 0.005 0.005 
 80      889    (0)   10 :  0.005 0.011 0.008 0.111 0.005 0.341 0.005 0.191 0.265 0.004 0.054 
 81      890    (0)   10 :  0.016 0.005 0.010 0.009 0.003 0.363 0.004 0.263 0.287 0.027 0.012 
 82      891    (0)   10 :  0.006 0.002 0.004 0.009 0.011 0.242 0.009 0.392 0.301 0.018 0.006 
 83      892    (0)   10 :  0.005 0.007 0.008 0.076 0.011 0.301 0.007 0.290 0.283 0.003 0.008 
 84      893    (0)   10 :  0.107 0.003 0.036 0.005 0.005 0.233 0.026 0.241 0.303 0.003 0.038 
 85      341    (0)   11 :  0.012 0.004 0.003 0.064 0.004 0.341 0.004 0.235 0.308 0.020 0.005 
 86      343    (0)   11 :  0.009 0.005 0.015 0.007 0.002 0.391 0.006 0.222 0.309 0.014 0.020 
 87      914    (0)   11 :  0.004 0.002 0.006 0.005 0.004 0.006 0.009 0.006 0.006 0.066 0.886 
 88      916    (0)   11 :  0.004 0.003 0.015 0.004 0.048 0.301 0.015 0.283 0.313 0.005 0.009 
 89      924    (0)   11 :  0.017 0.002 0.004 0.010 0.006 0.157 0.004 0.181 0.157 0.003 0.460 
 90      938    (0)   11 :  0.002 0.004 0.007 0.904 0.008 0.009 0.014 0.009 0.009 0.013 0.020 
 91      939    (0)   11 :  0.017 0.002 0.010 0.722 0.004 0.014 0.015 0.068 0.013 0.003 0.133 
 92      940    (0)   11 :  0.003 0.005 0.003 0.067 0.006 0.086 0.004 0.096 0.081 0.003 0.647 
 93      941    (2)   11 :  0.011 0.009 0.004 0.887 0.005 0.007 0.003 0.051 0.006 0.002 0.015 
 94      942    (0)   11 :  0.017 0.004 0.003 0.009 0.005 0.348 0.007 0.260 0.330 0.003 0.015 
 95      943    (0)   11 :  0.003 0.002 0.057 0.004 0.047 0.267 0.009 0.242 0.314 0.003 0.052 
 96      944    (0)   11 :  0.004 0.004 0.017 0.007 0.007 0.044 0.038 0.122 0.055 0.018 0.685 
 97      945    (0)   11 :  0.002 0.002 0.003 0.017 0.005 0.006 0.003 0.006 0.006 0.001 0.950 
 98      946    (0)   11 :  0.003 0.069 0.007 0.009 0.009 0.302 0.006 0.223 0.279 0.003 0.088 
 99      947    (0)   11 :  0.049 0.002 0.004 0.005 0.005 0.237 0.004 0.307 0.270 0.071 0.044 
100      951    (0)   11 :  0.013 0.004 0.003 0.014 0.006 0.330 0.004 0.302 0.295 0.006 0.024 
101      952    (0)   11 :  0.096 0.011 0.003 0.025 0.005 0.297 0.007 0.224 0.275 0.010 0.046 
102      953    (0)   11 :  0.010 0.004 0.012 0.816 0.021 0.019 0.010 0.062 0.020 0.003 0.022 
103      954    (0)   11 :  0.008 0.010 0.026 0.031 0.004 0.246 0.007 0.299 0.251 0.004 0.115 
104      955    (0)   11 :  0.018 0.011 0.003 0.017 0.003 0.246 0.004 0.342 0.282 0.008 0.065 
105      961    (4)   11 :  0.004 0.003 0.006 0.014 0.014 0.265 0.022 0.388 0.266 0.005 0.013 
106      974    (0)   11 :  0.023 0.010 0.007 0.061 0.003 0.254 0.005 0.306 0.279 0.006 0.045 
107      975    (4)   11 :  0.002 0.003 0.004 0.010 0.010 0.305 0.022 0.270 0.308 0.010 0.056 
108      980    (0)   11 :  0.018 0.002 0.003 0.028 0.010 0.248 0.012 0.277 0.253 0.007 0.142 
109      981    (0)   11 :  0.004 0.004 0.005 0.236 0.005 0.262 0.012 0.201 0.242 0.022 0.008 
110      982    (0)   11 :  0.002 0.002 0.008 0.004 0.008 0.116 0.039 0.136 0.118 0.040 0.526 
111      984    (0)   11 :  0.004 0.012 0.010 0.062 0.012 0.343 0.027 0.202 0.308 0.003 0.017 
112      985    (0)   11 :  0.009 0.004 0.012 0.014 0.004 0.329 0.008 0.305 0.302 0.003 0.011 
113     2578    (4)   11 :  0.003 0.008 0.004 0.011 0.004 0.355 0.007 0.240 0.256 0.010 0.102 
114     2580    (2)   11 :  0.004 0.007 0.042 0.011 0.027 0.292 0.013 0.288 0.294 0.016 0.006 
115      328    (0)   12 :  0.014 0.010 0.018 0.007 0.184 0.173 0.128 0.176 0.215 0.004 0.072 
116      333    (0)   12 :  0.005 0.001 0.006 0.008 0.004 0.008 0.004 0.027 0.008 0.002 0.926 
117      918    (0)   12 :  0.071 0.007 0.004 0.004 0.003 0.012 0.006 0.012 0.011 0.024 0.845 
118      919    (0)   12 :  0.004 0.002 0.028 0.005 0.005 0.010 0.006 0.015 0.011 0.016 0.898 
119      920    (0)   12 :  0.002 0.003 0.006 0.006 0.010 0.008 0.005 0.007 0.008 0.004 0.942 
120      921    (0)   12 :  0.002 0.002 0.005 0.959 0.007 0.005 0.005 0.005 0.005 0.002 0.004 
121      922    (0)   12 :  0.004 0.002 0.045 0.008 0.013 0.010 0.016 0.056 0.010 0.008 0.829 
122      926    (0)   12 :  0.002 0.002 0.003 0.012 0.004 0.005 0.003 0.006 0.005 0.002 0.956 
123      927    (0)   12 :  0.004 0.002 0.005 0.031 0.003 0.006 0.007 0.055 0.006 0.007 0.876 
124      928    (0)   12 :  0.004 0.002 0.057 0.029 0.005 0.039 0.033 0.099 0.042 0.021 0.670 
125      929    (0)   12 :  0.002 0.007 0.011 0.027 0.019 0.064 0.043 0.074 0.068 0.012 0.673 
126      930    (0)   12 :  0.005 0.009 0.007 0.066 0.024 0.074 0.017 0.066 0.078 0.004 0.650 
127      932    (0)   12 :  0.005 0.002 0.008 0.934 0.012 0.007 0.005 0.006 0.006 0.002 0.014 
128      933    (0)   12 :  0.157 0.006 0.012 0.009 0.004 0.019 0.010 0.013 0.016 0.003 0.753 
129      949    (0)   12 :  0.002 0.002 0.003 0.973 0.004 0.003 0.003 0.003 0.003 0.002 0.003 
130      950    (0)   12 :  0.020 0.004 0.007 0.168 0.005 0.084 0.005 0.076 0.073 0.005 0.554 
131      964    (4)   12 :  0.002 0.013 0.005 0.027 0.007 0.035 0.011 0.062 0.028 0.006 0.804 
132      986    (0)   12 :  0.005 0.002 0.009 0.022 0.006 0.029 0.016 0.023 0.027 0.007 0.853 
133      987    (0)   12 :  0.008 0.002 0.011 0.006 0.023 0.079 0.033 0.096 0.077 0.009 0.656 
134     1001    (4)   12 :  0.002 0.003 0.008 0.005 0.004 0.006 0.011 0.007 0.006 0.003 0.945 
135     1002    (4)   12 :  0.009 0.006 0.004 0.003 0.003 0.007 0.007 0.006 0.006 0.009 0.941 
136     1003    (2)   12 :  0.003 0.006 0.010 0.013 0.006 0.247 0.030 0.201 0.220 0.010 0.253 
137     1004    (0)   12 :  0.006 0.003 0.003 0.004 0.003 0.007 0.003 0.012 0.006 0.002 0.951 
138     1005    (0)   12 :  0.005 0.003 0.026 0.006 0.003 0.010 0.010 0.014 0.009 0.005 0.908 
139     1010    (0)   12 :  0.006 0.002 0.003 0.003 0.004 0.004 0.007 0.004 0.004 0.003 0.962 
140      321    (0)   13 :  0.005 0.003 0.009 0.101 0.004 0.110 0.031 0.131 0.088 0.003 0.515 
141      338    (0)   13 :  0.002 0.002 0.003 0.005 0.002 0.004 0.004 0.004 0.004 0.004 0.965 
142      339    (0)   13 :  0.008 0.004 0.023 0.019 0.007 0.013 0.008 0.017 0.013 0.071 0.817 
143      363    (0)   13 :  0.005 0.013 0.005 0.873 0.003 0.022 0.004 0.023 0.023 0.006 0.025 
144      915    (0)   13 :  0.003 0.003 0.010 0.004 0.006 0.007 0.013 0.012 0.007 0.003 0.930 
145      917    (0)   13 :  0.004 0.001 0.018 0.205 0.003 0.032 0.004 0.036 0.036 0.004 0.657 
146      923    (0)   13 :  0.013 0.011 0.011 0.019 0.011 0.157 0.010 0.139 0.193 0.009 0.427 
147      925    (0)   13 :  0.006 0.003 0.009 0.005 0.012 0.005 0.005 0.009 0.005 0.004 0.938 
148      931    (0)   13 :  0.007 0.002 0.004 0.029 0.007 0.233 0.005 0.177 0.223 0.002 0.310 
149      935    (0)   13 :  0.004 0.003 0.008 0.009 0.005 0.016 0.007 0.018 0.017 0.002 0.911 
150      936    (0)   13 :  0.009 0.004 0.006 0.012 0.003 0.011 0.003 0.048 0.012 0.002 0.889 
151      937    (0)   13 :  0.002 0.001 0.004 0.013 0.006 0.019 0.003 0.084 0.020 0.002 0.846 
152      948    (0)   13 :  0.015 0.004 0.005 0.039 0.007 0.098 0.011 0.114 0.109 0.002 0.596 
153      956    (0)   13 :  0.003 0.001 0.006 0.007 0.014 0.012 0.009 0.022 0.012 0.002 0.911 
154      957    (0)   13 :  0.003 0.003 0.003 0.058 0.004 0.016 0.003 0.083 0.015 0.005 0.806 
155      967    (0)   13 :  0.004 0.003 0.005 0.014 0.004 0.018 0.004 0.085 0.017 0.005 0.841 
156      968    (2)   13 :  0.012 0.003 0.011 0.017 0.133 0.163 0.006 0.142 0.143 0.007 0.365 
157      969    (2)   13 :  0.015 0.003 0.009 0.027 0.006 0.070 0.009 0.070 0.069 0.010 0.713 
158      970    (2)   13 :  0.007 0.033 0.004 0.278 0.005 0.166 0.005 0.202 0.156 0.014 0.130 
159      971    (4)   13 :  0.003 0.002 0.027 0.228 0.005 0.009 0.009 0.010 0.009 0.019 0.679 
160      972    (0)   13 :  0.005 0.012 0.003 0.005 0.008 0.015 0.004 0.013 0.015 0.002 0.918 
161      973    (0)   13 :  0.015 0.004 0.005 0.006 0.013 0.343 0.005 0.223 0.340 0.010 0.036 
162      978    (0)   13 :  0.040 0.002 0.005 0.007 0.047 0.010 0.006 0.014 0.011 0.003 0.856 
163      979    (0)   13 :  0.003 0.004 0.015 0.107 0.023 0.113 0.416 0.122 0.096 0.014 0.086 
164      988    (6)   13 :  0.003 0.002 0.005 0.950 0.004 0.006 0.006 0.006 0.006 0.002 0.010 
165      989    (0)   13 :  0.005 0.004 0.019 0.049 0.016 0.071 0.012 0.089 0.078 0.011 0.645 
166      990    (0)   13 :  0.020 0.007 0.074 0.013 0.003 0.217 0.007 0.212 0.205 0.005 0.236 
167      991    (0)   13 :  0.004 0.002 0.003 0.017 0.004 0.006 0.003 0.041 0.005 0.003 0.913 
168      992    (0)   13 :  0.003 0.013 0.010 0.010 0.021 0.012 0.005 0.014 0.012 0.012 0.887 
169     1006    (2)   13 :  0.013 0.002 0.004 0.005 0.022 0.006 0.012 0.007 0.006 0.032 0.890 
170     1017    (0)   13 :  0.014 0.003 0.058 0.006 0.109 0.087 0.049 0.120 0.116 0.004 0.432 
171     2582    (4)   13 :  0.032 0.011 0.100 0.004 0.013 0.019 0.022 0.025 0.021 0.011 0.741 
172      319    (2)   14 :  0.005 0.002 0.008 0.044 0.005 0.318 0.007 0.272 0.327 0.004 0.008 
173      335    (0)   14 :  0.012 0.010 0.010 0.011 0.004 0.422 0.006 0.190 0.316 0.010 0.010 
174      895    (0)   14 :  0.006 0.007 0.003 0.041 0.003 0.354 0.004 0.289 0.280 0.005 0.008 
175      896    (0)   14 :  0.004 0.008 0.007 0.018 0.047 0.282 0.007 0.244 0.372 0.002 0.010 
176      897    (0)   14 :  0.006 0.002 0.002 0.005 0.015 0.264 0.004 0.348 0.344 0.001 0.008 
177      898    (0)   14 :  0.005 0.002 0.006 0.008 0.007 0.242 0.006 0.352 0.281 0.004 0.086 
178      899    (0)   14 :  0.005 0.005 0.024 0.010 0.010 0.216 0.183 0.238 0.256 0.002 0.051 
179      900    (0)   14 :  0.044 0.015 0.004 0.017 0.020 0.286 0.010 0.249 0.321 0.007 0.028 
180      901    (0)   14 :  0.039 0.004 0.029 0.059 0.007 0.264 0.115 0.196 0.272 0.003 0.011 
181      902    (0)   14 :  0.003 0.013 0.003 0.027 0.004 0.271 0.010 0.309 0.341 0.002 0.018 
182      903    (0)   14 :  0.003 0.028 0.003 0.006 0.010 0.232 0.004 0.345 0.363 0.002 0.006 
183      904    (0)   14 :  0.002 0.007 0.008 0.011 0.015 0.293 0.008 0.316 0.329 0.005 0.006 
184      905    (0)   14 :  0.004 0.022 0.007 0.034 0.020 0.297 0.027 0.236 0.340 0.008 0.006 
185      906    (0)   14 :  0.006 0.005 0.003 0.008 0.005 0.325 0.004 0.306 0.326 0.003 0.008 
186      907    (0)   14 :  0.009 0.014 0.004 0.010 0.034 0.315 0.005 0.301 0.286 0.008 0.014 
187      908    (0)   14 :  0.006 0.003 0.005 0.004 0.007 0.287 0.017 0.305 0.347 0.005 0.012 
188      909    (0)   14 :  0.292 0.005 0.009 0.004 0.004 0.016 0.015 0.024 0.020 0.003 0.608 
189      910    (0)   14 :  0.050 0.003 0.004 0.004 0.007 0.321 0.005 0.316 0.277 0.002 0.010 
190      911    (0)   14 :  0.040 0.007 0.014 0.007 0.003 0.409 0.011 0.200 0.270 0.027 0.009 
191      912    (0)   14 :  0.002 0.006 0.003 0.006 0.005 0.435 0.005 0.225 0.286 0.010 0.016 
192      913    (0)   14 :  0.049 0.080 0.028 0.007 0.010 0.212 0.033 0.227 0.220 0.003 0.131 
193     2411    (0)   14 :  0.005 0.004 0.002 0.005 0.007 0.279 0.009 0.381 0.298 0.003 0.007 
194     2412    (0)   14 :  0.008 0.021 0.012 0.037 0.026 0.062 0.007 0.088 0.072 0.002 0.665 
195     2413    (0)   14 :  0.018 0.008 0.013 0.006 0.010 0.310 0.007 0.352 0.268 0.003 0.005 
196     2414    (0)   14 :  0.002 0.004 0.006 0.006 0.004 0.302 0.006 0.248 0.388 0.011 0.023 
197     2415    (2)   14 :  0.017 0.003 0.009 0.020 0.025 0.318 0.014 0.267 0.294 0.003 0.029 
198     2417    (4)   14 :  0.007 0.005 0.011 0.006 0.009 0.257 0.051 0.303 0.290 0.010 0.051 
199     2418    (4)   14 :  0.007 0.004 0.008 0.008 0.013 0.317 0.005 0.330 0.298 0.004 0.007 
200     2419    (2)   14 :  0.005 0.002 0.006 0.019 0.004 0.351 0.005 0.238 0.317 0.010 0.043 
201     2420    (0)   14 :  0.006 0.074 0.002 0.007 0.006 0.274 0.003 0.290 0.322 0.004 0.012 
202     2421    (0)   14 :  0.010 0.006 0.003 0.028 0.012 0.229 0.006 0.226 0.261 0.002 0.217 
203     2422    (2)   14 :  0.249 0.005 0.004 0.042 0.003 0.250 0.007 0.183 0.243 0.007 0.007 
204     2423    (0)   14 :  0.011 0.007 0.014 0.020 0.011 0.294 0.013 0.281 0.303 0.037 0.010 
205     2576    (0)   14 :  0.010 0.078 0.005 0.011 0.009 0.344 0.010 0.232 0.276 0.012 0.012 
206     1079    (0)   15 :  0.003 0.002 0.010 0.007 0.005 0.256 0.008 0.356 0.279 0.064 0.009 
207     1081    (0)   15 :  0.007 0.003 0.079 0.007 0.008 0.272 0.015 0.292 0.294 0.012 0.010 
208     1082    (2)   15 :  0.008 0.004 0.004 0.018 0.009 0.279 0.006 0.342 0.321 0.003 0.005 
209     1083    (0)   15 :  0.007 0.003 0.008 0.009 0.017 0.264 0.022 0.314 0.298 0.044 0.013 
210       34    (0)    2 :  0.002 0.002 0.911 0.020 0.012 0.006 0.016 0.007 0.007 0.012 0.004 
211       38    (0)    2 :  0.014 0.006 0.918 0.004 0.008 0.009 0.008 0.009 0.009 0.008 0.008 
212       41    (0)    2 :  0.001 0.001 0.972 0.002 0.003 0.003 0.007 0.003 0.003 0.002 0.003 
213       44    (0)    2 :  0.002 0.001 0.882 0.003 0.004 0.004 0.089 0.004 0.004 0.003 0.003 
214       45    (0)    2 :  0.002 0.006 0.839 0.002 0.016 0.005 0.078 0.006 0.005 0.029 0.011 
215       47    (0)    2 :  0.010 0.008 0.891 0.012 0.005 0.020 0.006 0.017 0.019 0.003 0.009 
216       50    (0)    2 :  0.002 0.006 0.771 0.005 0.105 0.016 0.047 0.014 0.015 0.015 0.004 
217      384    (0)    2 :  0.004 0.004 0.488 0.024 0.049 0.010 0.375 0.009 0.010 0.004 0.023 
218      385    (2)    2 :  0.004 0.004 0.963 0.002 0.004 0.004 0.004 0.004 0.004 0.004 0.003 
219      386    (0)    2 :  0.003 0.001 0.388 0.004 0.007 0.004 0.577 0.004 0.004 0.003 0.003 
220      387    (0)    2 :  0.003 0.001 0.975 0.002 0.003 0.002 0.003 0.002 0.002 0.004 0.002 
221      388    (0)    2 :  0.003 0.001 0.969 0.002 0.002 0.002 0.006 0.002 0.002 0.008 0.002 
222      389    (0)    2 :  0.002 0.001 0.977 0.002 0.002 0.002 0.004 0.002 0.002 0.002 0.003 
223      390    (4)    2 :  0.014 0.038 0.802 0.004 0.025 0.012 0.069 0.012 0.013 0.003 0.009 
224      391    (0)    2 :  0.011 0.006 0.827 0.008 0.011 0.011 0.045 0.010 0.011 0.017 0.043 
225      392    (0)    2 :  0.002 0.002 0.910 0.007 0.018 0.005 0.037 0.005 0.005 0.002 0.007 
226      393    (2)    2 :  0.005 0.004 0.946 0.005 0.005 0.004 0.015 0.004 0.004 0.003 0.005 
227      394    (0)    2 :  0.002 0.002 0.930 0.003 0.008 0.004 0.018 0.004 0.004 0.022 0.002 
228      395    (0)    2 :  0.008 0.016 0.895 0.008 0.005 0.012 0.024 0.012 0.012 0.003 0.004 
229      396    (0)    2 :  0.004 0.012 0.930 0.018 0.008 0.003 0.005 0.003 0.003 0.011 0.003 
230     2498    (2)    3 :  0.009 0.008 0.260 0.047 0.029 0.018 0.589 0.017 0.016 0.002 0.006 
231     2513    (2)    3 :  0.008 0.002 0.003 0.004 0.005 0.005 0.951 0.005 0.005 0.007 0.006 
232     2514    (2)    3 :  0.004 0.002 0.053 0.029 0.075 0.048 0.672 0.050 0.051 0.003 0.013 
233     2597    (4)    3 :  0.004 0.013 0.250 0.036 0.021 0.042 0.503 0.039 0.045 0.019 0.027 
234     2499    (4)    3 :  0.012 0.004 0.118 0.009 0.076 0.082 0.473 0.098 0.090 0.026 0.010 
235     2500    (0)    3 :  0.006 0.004 0.005 0.007 0.009 0.006 0.945 0.006 0.006 0.004 0.003 
236     2506    (2)    3 :  0.007 0.006 0.027 0.007 0.019 0.009 0.886 0.009 0.010 0.015 0.005 
237     2509    (6)    3 :  0.024 0.011 0.036 0.079 0.014 0.052 0.651 0.045 0.062 0.010 0.015 
238     2511    (2)    3 :  0.006 0.002 0.008 0.004 0.086 0.008 0.849 0.008 0.008 0.017 0.005 
239     2512    (2)    3 :  0.002 0.009 0.018 0.004 0.012 0.007 0.887 0.007 0.007 0.040 0.006 
240     2515    (2)    3 :  0.002 0.002 0.004 0.003 0.076 0.004 0.897 0.004 0.004 0.003 0.003 
241     2516    (2)    3 :  0.002 0.001 0.012 0.008 0.015 0.015 0.895 0.016 0.015 0.012 0.010 
242     2517    (2)    3 :  0.004 0.002 0.017 0.009 0.097 0.012 0.771 0.013 0.013 0.012 0.051 
243     2518    (2)    3 :  0.008 0.004 0.008 0.009 0.029 0.013 0.851 0.017 0.015 0.011 0.035 
244     2519    (0)    3 :  0.015 0.002 0.007 0.009 0.030 0.068 0.663 0.060 0.081 0.018 0.047 
245     2520    (2)    3 :  0.002 0.002 0.005 0.002 0.017 0.003 0.956 0.003 0.003 0.004 0.003 
246     2521    (2)    3 :  0.003 0.002 0.034 0.046 0.588 0.043 0.169 0.047 0.050 0.007 0.011 
247     2603    (4)    3 :  0.003 0.003 0.008 0.021 0.016 0.021 0.874 0.022 0.023 0.004 0.004 
248     2606    (2)    3 :  0.002 0.005 0.298 0.010 0.031 0.016 0.587 0.016 0.017 0.005 0.012 
249       87    (0)    4 :  0.008 0.008 0.007 0.007 0.904 0.009 0.012 0.009 0.010 0.013 0.014 
250       88    (0)    4 :  0.002 0.001 0.005 0.002 0.951 0.003 0.026 0.003 0.003 0.002 0.002 
251       90    (0)    4 :  0.002 0.001 0.004 0.002 0.022 0.003 0.951 0.003 0.003 0.007 0.003 
252       92    (0)    4 :  0.003 0.002 0.026 0.017 0.660 0.013 0.230 0.013 0.014 0.006 0.017 
253       96    (0)    4 :  0.019 0.002 0.014 0.070 0.023 0.009 0.826 0.009 0.010 0.009 0.008 
254       97    (0)    4 :  0.003 0.001 0.020 0.012 0.860 0.006 0.067 0.006 0.006 0.013 0.005 
255      105    (0)    4 :  0.009 0.002 0.007 0.004 0.910 0.006 0.036 0.006 0.006 0.010 0.005 
256      120    (0)    4 :  0.002 0.003 0.005 0.004 0.970 0.003 0.004 0.003 0.003 0.002 0.003 
257      123    (0)    4 :  0.003 0.002 0.019 0.003 0.032 0.004 0.922 0.004 0.004 0.003 0.005 
258      128    (0)    4 :  0.003 0.002 0.009 0.005 0.005 0.005 0.956 0.005 0.005 0.002 0.002 
259      129    (0)    4 :  0.004 0.002 0.328 0.004 0.191 0.007 0.430 0.007 0.007 0.003 0.015 
260      132    (0)    4 :  0.002 0.002 0.003 0.007 0.939 0.006 0.021 0.005 0.006 0.005 0.003 
261      504    (0)    4 :  0.003 0.001 0.100 0.004 0.545 0.005 0.316 0.006 0.006 0.003 0.010 
262      505    (0)    4 :  0.004 0.002 0.022 0.005 0.708 0.008 0.215 0.007 0.008 0.010 0.011 
263      506    (0)    4 :  0.003 0.002 0.107 0.023 0.546 0.018 0.246 0.018 0.019 0.011 0.006 
264      507    (0)    4 :  0.004 0.003 0.098 0.004 0.826 0.006 0.022 0.006 0.006 0.007 0.018 
265      508    (0)    4 :  0.003 0.021 0.004 0.017 0.887 0.011 0.019 0.012 0.012 0.004 0.008 
266      509    (0)    4 :  0.003 0.003 0.010 0.003 0.763 0.015 0.139 0.018 0.016 0.022 0.006 
267      510    (0)    4 :  0.002 0.002 0.009 0.003 0.957 0.005 0.004 0.005 0.005 0.002 0.006 
268      511    (0)    4 :  0.012 0.002 0.021 0.003 0.783 0.006 0.032 0.007 0.006 0.123 0.006 
269      512    (0)    4 :  0.004 0.002 0.299 0.004 0.599 0.004 0.070 0.005 0.004 0.004 0.005 
270      513    (0)    4 :  0.002 0.002 0.060 0.003 0.871 0.004 0.042 0.004 0.004 0.004 0.003 
271      514    (0)    4 :  0.012 0.003 0.015 0.019 0.143 0.011 0.763 0.011 0.011 0.007 0.005 
272      515    (0)    4 :  0.004 0.008 0.015 0.021 0.703 0.019 0.169 0.025 0.020 0.005 0.012 
273      558    (0)    4 :  0.004 0.005 0.006 0.007 0.645 0.009 0.233 0.008 0.008 0.058 0.017 
274      559    (0)    4 :  0.002 0.002 0.003 0.005 0.032 0.003 0.942 0.003 0.003 0.003 0.003 
275      560    (0)    4 :  0.006 0.008 0.008 0.004 0.085 0.004 0.860 0.004 0.004 0.012 0.003 
276      561    (0)    4 :  0.005 0.003 0.026 0.003 0.601 0.006 0.266 0.005 0.006 0.076 0.004 
277      562    (0)    4 :  0.002 0.003 0.011 0.017 0.871 0.009 0.056 0.009 0.010 0.005 0.006 
278      563    (0)    4 :  0.002 0.002 0.002 0.004 0.974 0.003 0.003 0.003 0.003 0.002 0.002 
279      564    (0)    4 :  0.003 0.010 0.006 0.010 0.433 0.008 0.502 0.008 0.008 0.004 0.009 
280      136    (0)    5 :  0.004 0.002 0.010 0.003 0.005 0.007 0.911 0.006 0.007 0.041 0.005 
281      138    (0)    5 :  0.004 0.003 0.011 0.004 0.009 0.006 0.940 0.006 0.005 0.007 0.006 
282      140    (0)    5 :  0.009 0.003 0.009 0.009 0.014 0.007 0.919 0.007 0.007 0.004 0.011 
283      141    (0)    5 :  0.004 0.005 0.017 0.004 0.008 0.034 0.858 0.026 0.029 0.006 0.009 
284      144    (0)    5 :  0.011 0.002 0.008 0.006 0.005 0.005 0.947 0.005 0.005 0.003 0.003 
285      146    (0)    5 :  0.004 0.003 0.008 0.009 0.018 0.004 0.940 0.004 0.004 0.003 0.002 
286      148    (0)    5 :  0.002 0.002 0.079 0.014 0.111 0.012 0.731 0.013 0.015 0.016 0.005 
287      150    (0)    5 :  0.002 0.010 0.018 0.004 0.007 0.006 0.927 0.006 0.006 0.006 0.008 
288      152    (0)    5 :  0.002 0.002 0.031 0.002 0.022 0.004 0.919 0.005 0.005 0.004 0.004 
289      666    (0)    5 :  0.002 0.002 0.006 0.003 0.006 0.004 0.961 0.004 0.004 0.002 0.006 
290      667    (0)    5 :  0.002 0.001 0.009 0.007 0.009 0.011 0.930 0.010 0.012 0.003 0.006 
291      668    (0)    5 :  0.004 0.015 0.064 0.005 0.119 0.016 0.686 0.014 0.017 0.017 0.045 
292      669    (0)    5 :  0.002 0.004 0.041 0.003 0.019 0.005 0.799 0.005 0.005 0.106 0.011 
293      670    (0)    5 :  0.003 0.017 0.031 0.028 0.049 0.025 0.710 0.034 0.025 0.011 0.067 
294      684    (0)    5 :  0.003 0.003 0.018 0.005 0.013 0.004 0.915 0.005 0.004 0.024 0.006 
295      685    (0)    5 :  0.004 0.009 0.007 0.005 0.005 0.006 0.940 0.007 0.007 0.007 0.003 
296      686    (0)    5 :  0.003 0.003 0.017 0.004 0.119 0.006 0.822 0.006 0.006 0.006 0.007 
297      687    (0)    5 :  0.004 0.002 0.016 0.004 0.006 0.005 0.941 0.005 0.005 0.007 0.005 
298      688    (2)    5 :  0.004 0.002 0.062 0.004 0.007 0.004 0.897 0.004 0.004 0.008 0.005 
299      689    (0)    5 :  0.005 0.005 0.027 0.011 0.009 0.011 0.892 0.011 0.012 0.005 0.013 
300      165    (0)    6 :  0.004 0.003 0.007 0.012 0.005 0.011 0.913 0.012 0.012 0.009 0.012 
301      167    (0)    6 :  0.003 0.053 0.014 0.234 0.014 0.044 0.504 0.051 0.048 0.014 0.021 
302      170    (0)    6 :  0.012 0.004 0.008 0.016 0.018 0.009 0.895 0.008 0.009 0.006 0.016 
303      714    (0)    6 :  0.002 0.003 0.027 0.011 0.426 0.011 0.453 0.012 0.013 0.034 0.008 
304      715    (2)    6 :  0.004 0.018 0.070 0.034 0.227 0.158 0.190 0.123 0.141 0.011 0.023 
305      716    (0)    6 :  0.004 0.003 0.009 0.016 0.005 0.008 0.920 0.008 0.008 0.008 0.011 
306      717    (2)    6 :  0.008 0.011 0.016 0.096 0.287 0.187 0.065 0.125 0.184 0.011 0.010 
307     2346    (2)    6 :  0.090 0.009 0.002 0.008 0.004 0.303 0.002 0.301 0.266 0.002 0.012 
308      718    (0)    7 :  0.004 0.005 0.016 0.006 0.021 0.006 0.324 0.005 0.006 0.594 0.012 
309      719    (0)    7 :  0.016 0.006 0.025 0.007 0.018 0.031 0.534 0.029 0.030 0.285 0.019 
310      720    (0)    7 :  0.001 0.001 0.150 0.004 0.019 0.007 0.162 0.007 0.007 0.634 0.006 
311      721    (0)    7 :  0.014 0.017 0.028 0.005 0.025 0.028 0.767 0.026 0.030 0.036 0.024 
312      722    (0)    7 :  0.002 0.002 0.136 0.008 0.037 0.006 0.339 0.007 0.006 0.444 0.013 
313      723    (0)    7 :  0.005 0.001 0.122 0.025 0.073 0.007 0.718 0.008 0.007 0.014 0.019 
314      724    (0)    7 :  0.002 0.005 0.029 0.003 0.003 0.005 0.672 0.005 0.005 0.266 0.006 
315      725    (0)    7 :  0.006 0.003 0.006 0.003 0.009 0.004 0.643 0.004 0.004 0.314 0.004 
316      726    (0)    7 :  0.003 0.003 0.005 0.084 0.009 0.014 0.214 0.012 0.014 0.638 0.005 
317      727    (0)    7 :  0.002 0.002 0.009 0.003 0.004 0.003 0.957 0.003 0.003 0.011 0.003 
318      728    (2)    7 :  0.002 0.002 0.069 0.005 0.027 0.012 0.191 0.015 0.012 0.658 0.007 
319      729    (0)    7 :  0.004 0.010 0.010 0.019 0.013 0.016 0.591 0.015 0.017 0.054 0.250 
320      730    (0)    7 :  0.001 0.003 0.002 0.002 0.002 0.002 0.002 0.002 0.002 0.981 0.002 
321      731    (0)    7 :  0.006 0.005 0.006 0.005 0.020 0.013 0.879 0.013 0.012 0.028 0.013 
322      732    (0)    7 :  0.005 0.002 0.030 0.004 0.003 0.004 0.008 0.003 0.003 0.936 0.002 
323      733    (0)    7 :  0.002 0.012 0.004 0.012 0.012 0.004 0.925 0.004 0.004 0.008 0.012 
324      734    (0)    7 :  0.002 0.002 0.005 0.002 0.043 0.003 0.931 0.003 0.003 0.004 0.004 
325      189    (0)    8 :  0.898 0.007 0.010 0.037 0.008 0.008 0.008 0.007 0.008 0.003 0.007 
326      190    (0)    8 :  0.974 0.002 0.004 0.004 0.002 0.003 0.003 0.003 0.003 0.002 0.003 
327      193    (0)    8 :  0.954 0.001 0.002 0.003 0.006 0.008 0.004 0.008 0.008 0.002 0.003 
328      761    (0)    8 :  0.975 0.001 0.003 0.004 0.003 0.002 0.002 0.002 0.002 0.002 0.003 
329      762    (0)    8 :  0.959 0.002 0.002 0.003 0.002 0.004 0.005 0.004 0.004 0.009 0.007 
330      763    (0)    8 :  0.960 0.003 0.005 0.003 0.004 0.004 0.005 0.004 0.004 0.003 0.005 
331      764    (0)    8 :  0.964 0.002 0.008 0.003 0.002 0.003 0.004 0.003 0.003 0.003 0.004 
332      765    (0)    8 :  0.958 0.002 0.005 0.005 0.004 0.005 0.004 0.005 0.005 0.003 0.004 
333      778    (0)    8 :  0.872 0.013 0.014 0.012 0.017 0.015 0.014 0.015 0.016 0.004 0.007 
334      779    (0)    8 :  0.938 0.003 0.028 0.006 0.002 0.004 0.005 0.004 0.004 0.003 0.005 
335      780    (0)    8 :  0.972 0.002 0.003 0.002 0.002 0.003 0.002 0.003 0.003 0.002 0.005 
336      781    (0)    8 :  0.954 0.016 0.003 0.004 0.006 0.003 0.003 0.003 0.003 0.004 0.002 
337      782    (0)    8 :  0.941 0.002 0.019 0.004 0.009 0.005 0.007 0.005 0.005 0.002 0.003 
338      783    (0)    8 :  0.986 0.001 0.002 0.001 0.001 0.001 0.002 0.001 0.001 0.001 0.002 
339      784    (0)    8 :  0.958 0.002 0.004 0.008 0.004 0.005 0.003 0.005 0.005 0.002 0.003 
340      785    (0)    8 :  0.964 0.004 0.003 0.003 0.002 0.004 0.003 0.004 0.004 0.004 0.005 
341      786    (0)    8 :  0.965 0.001 0.003 0.007 0.002 0.004 0.003 0.004 0.004 0.001 0.005 
342      787    (0)    8 :  0.965 0.002 0.010 0.002 0.002 0.003 0.004 0.003 0.003 0.002 0.003 
343      788    (0)    8 :  0.927 0.004 0.005 0.003 0.010 0.011 0.008 0.011 0.011 0.004 0.007 
344      789    (0)    8 :  0.936 0.002 0.011 0.009 0.002 0.011 0.004 0.010 0.010 0.001 0.003 
345      790    (0)    8 :  0.946 0.005 0.010 0.011 0.002 0.005 0.004 0.005 0.005 0.003 0.005 
346      791    (0)    8 :  0.944 0.002 0.012 0.003 0.004 0.006 0.008 0.006 0.006 0.002 0.005 
347      792    (0)    8 :  0.976 0.004 0.002 0.002 0.002 0.002 0.002 0.002 0.002 0.003 0.002 
348      793    (0)    8 :  0.945 0.002 0.014 0.004 0.003 0.006 0.005 0.006 0.006 0.004 0.005 
349      794    (0)    8 :  0.957 0.003 0.003 0.005 0.003 0.006 0.003 0.006 0.006 0.003 0.006 
350      795    (0)    8 :  0.962 0.003 0.002 0.004 0.006 0.005 0.003 0.005 0.005 0.003 0.003 
351      796    (0)    8 :  0.979 0.003 0.002 0.002 0.002 0.002 0.002 0.002 0.002 0.002 0.002 
352      797    (0)    8 :  0.975 0.002 0.002 0.002 0.002 0.003 0.002 0.003 0.003 0.002 0.004 
353      798    (0)    8 :  0.962 0.002 0.004 0.004 0.004 0.003 0.007 0.003 0.003 0.003 0.006 
354      282    (0)    9 :  0.002 0.955 0.002 0.004 0.005 0.007 0.004 0.008 0.008 0.002 0.004 
355      284    (0)    9 :  0.009 0.961 0.002 0.003 0.002 0.003 0.003 0.003 0.003 0.007 0.003 
356      287    (0)    9 :  0.003 0.960 0.004 0.003 0.002 0.006 0.003 0.005 0.006 0.004 0.005 
357      295    (0)    9 :  0.002 0.987 0.001 0.001 0.002 0.001 0.001 0.001 0.001 0.001 0.001 
358      302    (0)    9 :  0.002 0.986 0.002 0.001 0.001 0.001 0.001 0.001 0.001 0.001 0.002 
359      306    (2)    9 :  0.005 0.915 0.007 0.002 0.004 0.015 0.007 0.013 0.015 0.006 0.011 
360      308    (0)    9 :  0.001 0.981 0.002 0.001 0.002 0.002 0.002 0.002 0.002 0.003 0.002 
361      867    (0)    9 :  0.001 0.984 0.001 0.001 0.002 0.002 0.002 0.002 0.002 0.002 0.002 


Estimated Allele Frequencies in each cluster
First column gives estimated ancestral frequencies


Locus 1 : 1 
4 alleles
0.0% missing data
  89   (0.532) 0.639 0.077 0.613 0.445 0.283 0.549 0.629 0.542 0.547 0.689 0.533 
  91   (0.369) 0.312 0.726 0.218 0.528 0.557 0.362 0.343 0.372 0.364 0.299 0.403 
  93   (0.076) 0.047 0.046 0.167 0.021 0.158 0.066 0.028 0.067 0.068 0.010 0.043 
  99   (0.022) 0.001 0.151 0.002 0.005 0.002 0.023 0.001 0.018 0.021 0.002 0.020 

Locus 2 : 2 
6 alleles
1.4% missing data
 136   (0.334) 0.458 0.200 0.424 0.200 0.682 0.344 0.571 0.345 0.349 0.116 0.083 
 134   (0.241) 0.379 0.032 0.131 0.398 0.189 0.233 0.154 0.226 0.230 0.199 0.255 
 138   (0.300) 0.156 0.752 0.363 0.278 0.113 0.291 0.235 0.297 0.288 0.249 0.517 
 140   (0.078) 0.005 0.010 0.078 0.101 0.011 0.080 0.038 0.077 0.078 0.430 0.032 
 132   (0.025) 0.001 0.003 0.002 0.006 0.003 0.032 0.001 0.032 0.034 0.002 0.004 
 142   (0.023) 0.001 0.003 0.002 0.017 0.002 0.020 0.001 0.023 0.021 0.002 0.109 

Locus 3 : 3 
6 alleles
0.0% missing data
 181   (0.234) 0.070 0.195 0.152 0.271 0.087 0.224 0.261 0.207 0.221 0.072 0.360 
 187   (0.363) 0.257 0.751 0.670 0.376 0.540 0.355 0.459 0.357 0.356 0.687 0.171 
 179   (0.246) 0.016 0.034 0.165 0.270 0.355 0.257 0.249 0.263 0.258 0.224 0.222 
 191   (0.034) 0.195 0.004 0.003 0.008 0.004 0.032 0.027 0.026 0.030 0.004 0.008 
 185   (0.073) 0.458 0.010 0.006 0.054 0.008 0.079 0.002 0.082 0.077 0.008 0.098 
 175   (0.050) 0.003 0.006 0.004 0.020 0.005 0.053 0.002 0.065 0.057 0.005 0.142 

Locus 4 : 4 
10 alleles
0.0% missing data
 253   (0.520) 0.466 0.538 0.507 0.422 0.498 0.546 0.796 0.531 0.535 0.653 0.575 
 249   (0.030) 0.002 0.004 0.003 0.007 0.033 0.023 0.067 0.022 0.024 0.290 0.004 
 271   (0.039) 0.003 0.005 0.003 0.141 0.049 0.033 0.034 0.032 0.033 0.005 0.010 
 241   (0.136) 0.149 0.209 0.069 0.098 0.347 0.129 0.021 0.134 0.131 0.021 0.153 
 257   (0.008) 0.000 0.001 0.001 0.002 0.003 0.006 0.001 0.005 0.006 0.001 0.002 
 269   (0.168) 0.099 0.232 0.409 0.239 0.059 0.157 0.079 0.163 0.161 0.021 0.219 
 247   (0.071) 0.278 0.009 0.005 0.084 0.007 0.082 0.002 0.090 0.085 0.007 0.033 
 239   (0.008) 0.001 0.001 0.001 0.002 0.001 0.007 0.000 0.006 0.007 0.001 0.001 
 245   (0.008) 0.001 0.001 0.001 0.002 0.001 0.006 0.000 0.007 0.007 0.001 0.001 
 273   (0.011) 0.001 0.001 0.001 0.003 0.001 0.011 0.000 0.011 0.011 0.001 0.001 

Locus 5 : 5 
7 alleles
0.8% missing data
 103   (0.849) 0.964 0.979 0.986 0.951 0.981 0.812 0.989 0.818 0.819 0.984 0.948 
 104   (0.058) 0.004 0.009 0.007 0.019 0.009 0.087 0.007 0.073 0.076 0.006 0.028 
 105   (0.046) 0.003 0.006 0.004 0.018 0.005 0.063 0.002 0.070 0.062 0.005 0.017 
 102   (0.017) 0.001 0.003 0.001 0.005 0.002 0.018 0.001 0.020 0.020 0.002 0.002 
 101   (0.013) 0.014 0.002 0.001 0.004 0.001 0.010 0.000 0.009 0.010 0.001 0.002 
 107   (0.009) 0.001 0.001 0.001 0.002 0.001 0.007 0.000 0.006 0.007 0.001 0.001 
  99   (0.009) 0.013 0.001 0.001 0.002 0.001 0.005 0.000 0.005 0.005 0.001 0.001 

Locus 6 : 6 
5 alleles
0.3% missing data
 141   (0.296) 0.135 0.041 0.478 0.593 0.281 0.288 0.590 0.274 0.282 0.838 0.222 
 145   (0.396) 0.263 0.384 0.217 0.202 0.145 0.423 0.193 0.443 0.428 0.075 0.584 
 135   (0.230) 0.287 0.563 0.143 0.166 0.366 0.218 0.202 0.218 0.222 0.068 0.183 
 147   (0.067) 0.314 0.010 0.161 0.036 0.207 0.060 0.015 0.053 0.058 0.018 0.010 
 137   (0.011) 0.001 0.001 0.001 0.002 0.001 0.011 0.000 0.011 0.010 0.001 0.001 

Locus 7 : 7 
8 alleles
1.1% missing data
  93   (0.244) 0.070 0.711 0.302 0.256 0.399 0.222 0.325 0.233 0.226 0.617 0.288 
 103   (0.287) 0.505 0.044 0.566 0.267 0.303 0.291 0.375 0.299 0.291 0.089 0.356 
  91   (0.068) 0.156 0.064 0.047 0.022 0.008 0.066 0.032 0.056 0.065 0.007 0.037 
  97   (0.200) 0.256 0.149 0.064 0.175 0.147 0.204 0.185 0.197 0.205 0.029 0.140 
  85   (0.040) 0.002 0.006 0.004 0.012 0.009 0.036 0.055 0.038 0.040 0.005 0.029 
  89   (0.102) 0.006 0.016 0.012 0.251 0.129 0.099 0.027 0.105 0.097 0.246 0.108 
  83   (0.049) 0.003 0.007 0.004 0.013 0.005 0.069 0.002 0.062 0.064 0.005 0.041 
 105   (0.011) 0.001 0.001 0.001 0.002 0.001 0.013 0.000 0.010 0.011 0.001 0.002 

Locus 8 : 8 
8 alleles
0.0% missing data
 129   (0.532) 0.639 0.156 0.698 0.538 0.439 0.528 0.705 0.544 0.532 0.668 0.711 
 141   (0.066) 0.207 0.009 0.040 0.017 0.151 0.057 0.104 0.062 0.062 0.012 0.021 
 149   (0.097) 0.017 0.013 0.164 0.118 0.053 0.100 0.133 0.088 0.095 0.016 0.056 
 143   (0.255) 0.133 0.729 0.094 0.316 0.352 0.271 0.056 0.262 0.265 0.299 0.198 
 145   (0.008) 0.001 0.001 0.001 0.002 0.001 0.007 0.000 0.006 0.007 0.001 0.001 
 133   (0.016) 0.001 0.002 0.001 0.003 0.002 0.017 0.001 0.020 0.019 0.001 0.003 
 131   (0.012) 0.002 0.046 0.001 0.003 0.001 0.007 0.000 0.006 0.007 0.001 0.008 
 127   (0.015) 0.001 0.044 0.001 0.004 0.001 0.013 0.000 0.013 0.014 0.001 0.002 

Locus 9 : 9 
4 alleles
0.0% missing data
 191   (0.376) 0.542 0.260 0.586 0.219 0.604 0.378 0.546 0.353 0.373 0.828 0.310 
 195   (0.149) 0.055 0.401 0.245 0.203 0.043 0.133 0.182 0.127 0.133 0.036 0.256 
 189   (0.467) 0.402 0.338 0.168 0.575 0.353 0.483 0.268 0.516 0.489 0.136 0.433 
 193   (0.008) 0.001 0.001 0.001 0.002 0.001 0.005 0.003 0.005 0.005 0.001 0.001 

Locus 10 : 10 
7 alleles
0.0% missing data
 232   (0.247) 0.274 0.188 0.156 0.075 0.397 0.243 0.303 0.244 0.248 0.569 0.172 
 238   (0.558) 0.346 0.411 0.743 0.867 0.414 0.566 0.567 0.579 0.564 0.137 0.752 
 252   (0.113) 0.034 0.019 0.082 0.037 0.181 0.113 0.111 0.104 0.110 0.277 0.066 
 254   (0.043) 0.260 0.377 0.016 0.012 0.005 0.039 0.018 0.038 0.040 0.012 0.005 
 250   (0.010) 0.001 0.001 0.001 0.002 0.001 0.012 0.000 0.012 0.011 0.001 0.001 
 248   (0.021) 0.085 0.003 0.002 0.005 0.002 0.020 0.001 0.018 0.020 0.002 0.003 
 236   (0.008) 0.001 0.001 0.001 0.002 0.001 0.007 0.000 0.006 0.007 0.001 0.001 

Locus 11 : 11 
3 alleles
0.0% missing data
  87   (0.728) 0.537 0.964 0.595 0.912 0.561 0.738 0.661 0.742 0.736 0.371 0.831 
  89   (0.214) 0.379 0.029 0.400 0.063 0.332 0.210 0.285 0.211 0.213 0.597 0.137 
  91   (0.058) 0.083 0.008 0.005 0.025 0.107 0.052 0.054 0.047 0.050 0.032 0.031 

Locus 12 : 12 
12 alleles
0.0% missing data
 160   (0.212) 0.713 0.585 0.235 0.267 0.190 0.196 0.097 0.196 0.197 0.034 0.280 
 162   (0.256) 0.233 0.082 0.242 0.358 0.113 0.266 0.210 0.275 0.267 0.701 0.228 
 147   (0.058) 0.003 0.007 0.100 0.019 0.337 0.043 0.109 0.046 0.045 0.147 0.046 
 158   (0.233) 0.023 0.032 0.402 0.156 0.318 0.237 0.541 0.230 0.239 0.086 0.219 
 161   (0.101) 0.019 0.131 0.009 0.034 0.026 0.111 0.028 0.113 0.108 0.016 0.118 
 170   (0.049) 0.003 0.007 0.006 0.026 0.006 0.061 0.011 0.058 0.057 0.007 0.027 
 149   (0.023) 0.001 0.003 0.002 0.122 0.002 0.018 0.001 0.017 0.019 0.002 0.046 
 154   (0.019) 0.001 0.003 0.001 0.006 0.002 0.022 0.001 0.022 0.023 0.002 0.002 
 143   (0.022) 0.001 0.149 0.002 0.005 0.002 0.027 0.001 0.022 0.025 0.002 0.004 
 150   (0.008) 0.000 0.001 0.001 0.002 0.001 0.005 0.000 0.004 0.005 0.001 0.009 
 159   (0.011) 0.001 0.001 0.001 0.003 0.001 0.009 0.000 0.011 0.008 0.001 0.019 
 164   (0.008) 0.000 0.001 0.001 0.002 0.001 0.006 0.000 0.006 0.007 0.001 0.001 

Locus 13 : 13 
4 alleles
0.0% missing data
 108   (0.192) 0.199 0.311 0.151 0.071 0.165 0.190 0.168 0.181 0.187 0.412 0.105 
 115   (0.443) 0.288 0.098 0.765 0.546 0.361 0.433 0.533 0.450 0.442 0.512 0.532 
 113   (0.357) 0.513 0.590 0.084 0.381 0.473 0.369 0.299 0.363 0.364 0.075 0.361 
 109   (0.008) 0.000 0.001 0.001 0.002 0.001 0.008 0.000 0.006 0.007 0.001 0.001 

Locus 14 : 14 
5 alleles
0.3% missing data
 227   (0.161) 0.020 0.230 0.250 0.077 0.322 0.144 0.259 0.152 0.148 0.062 0.347 
 231   (0.123) 0.351 0.295 0.060 0.034 0.117 0.129 0.105 0.127 0.128 0.023 0.019 
 229   (0.521) 0.416 0.119 0.338 0.753 0.406 0.545 0.489 0.541 0.543 0.864 0.513 
 225   (0.121) 0.208 0.244 0.301 0.117 0.025 0.114 0.053 0.114 0.113 0.016 0.075 
 233   (0.074) 0.005 0.112 0.050 0.019 0.131 0.069 0.094 0.066 0.069 0.036 0.045 

Locus 15 : 15 
5 alleles
0.3% missing data
 143   (0.835) 0.813 0.763 0.947 0.905 0.974 0.829 0.967 0.842 0.835 0.981 0.860 
 157   (0.010) 0.001 0.001 0.002 0.003 0.001 0.006 0.021 0.006 0.006 0.001 0.001 
 145   (0.089) 0.006 0.227 0.046 0.032 0.019 0.101 0.011 0.090 0.098 0.011 0.073 
 147   (0.047) 0.148 0.006 0.004 0.055 0.005 0.046 0.002 0.044 0.043 0.004 0.063 
 133   (0.018) 0.032 0.002 0.001 0.004 0.002 0.017 0.001 0.018 0.018 0.002 0.002 

Locus 16 : 16 
5 alleles
0.3% missing data
 156   (0.248) 0.501 0.577 0.256 0.112 0.100 0.250 0.314 0.250 0.247 0.213 0.221 
 158   (0.522) 0.202 0.220 0.507 0.442 0.687 0.529 0.505 0.535 0.534 0.319 0.653 
 160   (0.139) 0.112 0.018 0.206 0.412 0.202 0.124 0.132 0.117 0.123 0.457 0.100 
 154   (0.082) 0.184 0.183 0.030 0.031 0.010 0.090 0.049 0.092 0.089 0.011 0.011 
 152   (0.010) 0.001 0.001 0.001 0.004 0.001 0.007 0.000 0.007 0.007 0.001 0.015 

Locus 17 : 17 
5 alleles
0.0% missing data
 102   (0.229) 0.200 0.034 0.254 0.258 0.105 0.230 0.250 0.238 0.234 0.098 0.198 
  90   (0.658) 0.792 0.594 0.734 0.484 0.852 0.646 0.714 0.646 0.646 0.610 0.780 
  88   (0.071) 0.005 0.009 0.008 0.237 0.038 0.080 0.035 0.070 0.076 0.288 0.010 
 100   (0.033) 0.002 0.362 0.002 0.012 0.003 0.039 0.001 0.042 0.038 0.003 0.006 
 104   (0.008) 0.001 0.001 0.001 0.008 0.001 0.005 0.000 0.005 0.005 0.001 0.006 

Locus 18 : 18 
8 alleles
0.3% missing data
 142   (0.154) 0.010 0.020 0.406 0.114 0.366 0.151 0.401 0.151 0.151 0.779 0.068 
 146   (0.099) 0.222 0.014 0.324 0.170 0.032 0.094 0.154 0.092 0.089 0.048 0.081 
 140   (0.255) 0.180 0.313 0.045 0.312 0.420 0.264 0.105 0.265 0.265 0.043 0.238 
 127   (0.251) 0.062 0.471 0.140 0.112 0.084 0.263 0.194 0.262 0.265 0.068 0.342 
 148   (0.097) 0.212 0.013 0.009 0.246 0.049 0.090 0.068 0.090 0.090 0.031 0.060 
 128   (0.030) 0.002 0.104 0.003 0.008 0.018 0.028 0.064 0.029 0.029 0.007 0.004 
 150   (0.055) 0.309 0.007 0.004 0.017 0.006 0.057 0.002 0.060 0.056 0.006 0.163 
 138   (0.058) 0.004 0.057 0.068 0.022 0.025 0.054 0.012 0.051 0.054 0.016 0.043 

Locus 19 : 19 
6 alleles
0.0% missing data
 188   (0.197) 0.173 0.026 0.032 0.090 0.178 0.201 0.115 0.209 0.208 0.564 0.164 
 190   (0.151) 0.199 0.020 0.584 0.232 0.340 0.124 0.359 0.122 0.129 0.020 0.179 
 194   (0.566) 0.481 0.944 0.378 0.424 0.473 0.584 0.523 0.578 0.578 0.409 0.560 
 200   (0.062) 0.004 0.008 0.005 0.249 0.006 0.070 0.002 0.072 0.066 0.006 0.094 
 202   (0.016) 0.142 0.002 0.001 0.004 0.002 0.013 0.000 0.012 0.013 0.002 0.002 
 196   (0.009) 0.001 0.001 0.001 0.002 0.001 0.007 0.000 0.007 0.007 0.001 0.001 

Locus 20 : 20 
6 alleles
0.8% missing data
 252   (0.708) 0.724 0.369 0.919 0.736 0.712 0.737 0.823 0.744 0.734 0.814 0.758 
 250   (0.083) 0.142 0.333 0.013 0.062 0.068 0.071 0.116 0.063 0.072 0.012 0.081 
 244   (0.020) 0.001 0.003 0.045 0.005 0.002 0.014 0.003 0.012 0.014 0.152 0.006 
 254   (0.079) 0.083 0.117 0.013 0.100 0.011 0.072 0.038 0.074 0.071 0.010 0.086 
 246   (0.087) 0.048 0.175 0.007 0.093 0.203 0.083 0.007 0.083 0.087 0.010 0.064 
 248   (0.022) 0.001 0.003 0.003 0.005 0.004 0.023 0.013 0.023 0.023 0.002 0.005 

Locus 21 : 21 
7 alleles
0.0% missing data
 173   (0.280) 0.214 0.140 0.405 0.271 0.131 0.260 0.357 0.276 0.265 0.171 0.586 
 177   (0.301) 0.171 0.267 0.140 0.475 0.628 0.297 0.298 0.298 0.301 0.179 0.208 
 175   (0.127) 0.255 0.451 0.085 0.041 0.035 0.133 0.022 0.130 0.133 0.018 0.071 
 167   (0.188) 0.121 0.128 0.303 0.067 0.192 0.188 0.317 0.184 0.183 0.622 0.117 
 163   (0.040) 0.223 0.005 0.003 0.011 0.005 0.046 0.004 0.039 0.043 0.004 0.009 
 159   (0.022) 0.001 0.003 0.002 0.007 0.002 0.032 0.001 0.031 0.030 0.002 0.003 
 165   (0.042) 0.014 0.006 0.062 0.127 0.007 0.044 0.001 0.043 0.044 0.004 0.006 

Locus 22 : 22 
11 alleles
1.1% missing data
 146   (0.226) 0.140 0.084 0.048 0.223 0.244 0.224 0.265 0.229 0.222 0.820 0.317 
 154   (0.013) 0.001 0.002 0.021 0.003 0.005 0.008 0.076 0.007 0.008 0.001 0.002 
 166   (0.094) 0.006 0.117 0.009 0.136 0.241 0.096 0.032 0.096 0.101 0.011 0.027 
 152   (0.453) 0.370 0.461 0.905 0.568 0.444 0.439 0.576 0.444 0.437 0.143 0.589 
 150   (0.033) 0.002 0.114 0.003 0.014 0.009 0.035 0.009 0.035 0.036 0.004 0.008 
 164   (0.026) 0.002 0.004 0.002 0.006 0.040 0.022 0.016 0.021 0.023 0.004 0.004 
 158   (0.072) 0.105 0.010 0.006 0.025 0.008 0.092 0.022 0.087 0.089 0.009 0.019 
 162   (0.042) 0.071 0.005 0.003 0.017 0.005 0.051 0.001 0.052 0.052 0.004 0.009 
 142   (0.016) 0.001 0.002 0.001 0.004 0.002 0.019 0.001 0.015 0.017 0.002 0.012 
 156   (0.013) 0.301 0.002 0.001 0.003 0.001 0.007 0.000 0.006 0.008 0.001 0.013 
 148   (0.012) 0.001 0.200 0.001 0.002 0.001 0.008 0.000 0.008 0.009 0.001 0.001 

Locus 23 : 23 
7 alleles
0.6% missing data
 152   (0.017) 0.001 0.002 0.002 0.004 0.090 0.011 0.072 0.010 0.011 0.002 0.003 
 156   (0.121) 0.035 0.017 0.013 0.080 0.081 0.142 0.047 0.147 0.141 0.012 0.032 
 144   (0.159) 0.635 0.558 0.064 0.051 0.156 0.142 0.207 0.143 0.143 0.025 0.283 
 160   (0.116) 0.106 0.016 0.116 0.228 0.290 0.096 0.188 0.094 0.099 0.014 0.099 
 154   (0.553) 0.221 0.401 0.790 0.518 0.379 0.580 0.484 0.575 0.574 0.923 0.579 
 158   (0.024) 0.001 0.003 0.014 0.117 0.003 0.021 0.001 0.021 0.021 0.023 0.003 
 146   (0.010) 0.001 0.002 0.001 0.002 0.001 0.009 0.000 0.011 0.011 0.001 0.001 

Locus 24 : 24 
4 alleles
0.3% missing data
  77   (0.094) 0.052 0.013 0.112 0.062 0.024 0.081 0.364 0.083 0.082 0.044 0.089 
  83   (0.467) 0.918 0.711 0.730 0.493 0.608 0.453 0.439 0.445 0.451 0.235 0.380 
  81   (0.365) 0.025 0.265 0.150 0.421 0.331 0.391 0.169 0.392 0.389 0.710 0.414 
  85   (0.074) 0.005 0.010 0.008 0.024 0.037 0.075 0.028 0.081 0.078 0.012 0.116 

Locus 25 : 25 
6 alleles
0.3% missing data
 132   (0.344) 0.448 0.211 0.570 0.233 0.166 0.341 0.501 0.333 0.339 0.911 0.362 
 124   (0.515) 0.543 0.394 0.329 0.654 0.788 0.520 0.428 0.529 0.521 0.068 0.528 
 126   (0.030) 0.002 0.004 0.091 0.007 0.032 0.022 0.047 0.022 0.025 0.004 0.004 
 122   (0.078) 0.005 0.054 0.007 0.097 0.010 0.083 0.023 0.086 0.082 0.013 0.102 
 120   (0.019) 0.001 0.334 0.001 0.004 0.002 0.019 0.001 0.016 0.018 0.002 0.002 
 136   (0.014) 0.001 0.002 0.001 0.004 0.002 0.014 0.001 0.013 0.015 0.001 0.002 

Locus 26 : 26 
7 alleles
0.0% missing data
 165   (0.215) 0.055 0.300 0.026 0.200 0.160 0.216 0.146 0.210 0.214 0.669 0.292 
 183   (0.362) 0.420 0.320 0.794 0.334 0.468 0.354 0.526 0.353 0.355 0.211 0.309 
 179   (0.089) 0.005 0.333 0.009 0.033 0.113 0.091 0.067 0.089 0.088 0.017 0.088 
 175   (0.286) 0.451 0.040 0.166 0.422 0.255 0.292 0.260 0.299 0.293 0.099 0.304 
 181   (0.031) 0.067 0.004 0.002 0.007 0.003 0.034 0.001 0.036 0.037 0.003 0.004 
 157   (0.008) 0.000 0.001 0.001 0.002 0.001 0.006 0.000 0.006 0.007 0.001 0.001 
 185   (0.008) 0.001 0.001 0.001 0.002 0.001 0.007 0.000 0.007 0.006 0.001 0.001 

Locus 27 : 27 
4 alleles
0.0% missing data
 142   (0.650) 0.741 0.355 0.618 0.637 0.626 0.652 0.732 0.651 0.650 0.340 0.772 
 148   (0.191) 0.068 0.623 0.090 0.061 0.162 0.204 0.080 0.198 0.200 0.394 0.084 
 138   (0.056) 0.004 0.008 0.280 0.015 0.200 0.043 0.172 0.042 0.044 0.255 0.019 
 150   (0.103) 0.188 0.014 0.012 0.287 0.012 0.101 0.017 0.109 0.106 0.011 0.126 

Locus 28 : 28 
6 alleles
1.1% missing data
 260   (0.397) 0.378 0.091 0.675 0.448 0.463 0.394 0.288 0.397 0.397 0.274 0.537 
 262   (0.492) 0.547 0.893 0.315 0.455 0.525 0.492 0.701 0.496 0.491 0.711 0.372 
 256   (0.069) 0.073 0.010 0.007 0.084 0.008 0.075 0.009 0.069 0.073 0.011 0.052 
 258   (0.014) 0.001 0.002 0.001 0.004 0.001 0.015 0.000 0.015 0.015 0.001 0.002 
 264   (0.020) 0.001 0.002 0.002 0.008 0.002 0.018 0.001 0.019 0.019 0.002 0.029 
 266   (0.008) 0.001 0.001 0.001 0.002 0.001 0.005 0.000 0.004 0.005 0.001 0.009 

Locus 29 : 29 
7 alleles
0.6% missing data
 146   (0.260) 0.336 0.038 0.324 0.226 0.277 0.269 0.150 0.264 0.268 0.081 0.225 
 150   (0.448) 0.292 0.159 0.565 0.363 0.468 0.454 0.711 0.473 0.458 0.173 0.553 
 140   (0.177) 0.060 0.787 0.101 0.228 0.036 0.179 0.082 0.167 0.176 0.688 0.161 
 148   (0.070) 0.309 0.010 0.006 0.134 0.211 0.059 0.046 0.058 0.061 0.053 0.029 
 152   (0.029) 0.002 0.004 0.002 0.043 0.003 0.028 0.001 0.029 0.027 0.003 0.031 
 151   (0.009) 0.001 0.001 0.001 0.002 0.005 0.005 0.008 0.004 0.005 0.001 0.001 
 142   (0.008) 0.001 0.001 0.001 0.004 0.001 0.005 0.003 0.005 0.005 0.001 0.001 

Locus 30 : 30 
6 alleles
0.3% missing data
 125   (0.291) 0.031 0.155 0.295 0.108 0.286 0.317 0.506 0.310 0.315 0.629 0.096 
 129   (0.437) 0.781 0.229 0.664 0.587 0.637 0.408 0.432 0.410 0.410 0.307 0.598 
 123   (0.147) 0.104 0.021 0.031 0.126 0.064 0.148 0.057 0.144 0.146 0.049 0.241 
 131   (0.046) 0.003 0.007 0.004 0.039 0.005 0.056 0.002 0.065 0.057 0.005 0.020 
 127   (0.067) 0.080 0.541 0.005 0.137 0.007 0.062 0.002 0.063 0.063 0.008 0.044 
 121   (0.012) 0.001 0.047 0.001 0.003 0.001 0.009 0.000 0.008 0.009 0.001 0.002 

Locus 31 : 31 
6 alleles
0.3% missing data
 159   (0.137) 0.009 0.018 0.018 0.226 0.128 0.131 0.165 0.140 0.132 0.074 0.293 
 155   (0.574) 0.712 0.581 0.928 0.330 0.824 0.588 0.633 0.579 0.587 0.569 0.446 
 157   (0.170) 0.021 0.135 0.019 0.375 0.033 0.169 0.113 0.176 0.170 0.294 0.195 
 153   (0.079) 0.005 0.108 0.030 0.057 0.010 0.076 0.085 0.076 0.076 0.058 0.060 
 151   (0.032) 0.252 0.157 0.005 0.010 0.003 0.030 0.003 0.025 0.029 0.004 0.004 
 163   (0.008) 0.001 0.001 0.001 0.002 0.001 0.006 0.001 0.005 0.006 0.002 0.002 

Locus 32 : 32 
4 alleles
1.1% missing data
  91   (0.435) 0.152 0.555 0.228 0.397 0.663 0.427 0.636 0.419 0.426 0.535 0.539 
  94   (0.068) 0.005 0.009 0.008 0.022 0.080 0.075 0.061 0.077 0.078 0.041 0.011 
  95   (0.167) 0.407 0.296 0.144 0.349 0.038 0.171 0.118 0.181 0.173 0.020 0.069 
  92   (0.330) 0.437 0.140 0.619 0.232 0.219 0.327 0.184 0.324 0.324 0.404 0.381 

Locus 33 : 33 
5 alleles
0.0% missing data
 146   (0.283) 0.314 0.582 0.055 0.166 0.061 0.309 0.083 0.305 0.305 0.057 0.384 
 150   (0.605) 0.636 0.402 0.874 0.616 0.887 0.591 0.836 0.594 0.590 0.930 0.554 
 148   (0.065) 0.047 0.010 0.067 0.172 0.047 0.052 0.079 0.050 0.054 0.007 0.018 
 154   (0.033) 0.002 0.005 0.003 0.008 0.005 0.040 0.001 0.043 0.043 0.004 0.010 
 152   (0.014) 0.001 0.002 0.001 0.037 0.002 0.009 0.000 0.008 0.009 0.001 0.034 

Locus 34 : 34 
7 alleles
0.0% missing data
 180   (0.457) 0.666 0.715 0.345 0.356 0.377 0.462 0.663 0.460 0.465 0.423 0.339 
 196   (0.114) 0.007 0.015 0.281 0.038 0.174 0.104 0.160 0.111 0.107 0.137 0.142 
 184   (0.208) 0.074 0.241 0.216 0.188 0.142 0.193 0.138 0.189 0.195 0.412 0.335 
 194   (0.020) 0.001 0.003 0.083 0.006 0.047 0.013 0.024 0.011 0.013 0.002 0.003 
 192   (0.117) 0.184 0.015 0.009 0.386 0.012 0.138 0.008 0.134 0.132 0.014 0.117 
 198   (0.073) 0.067 0.010 0.064 0.022 0.247 0.084 0.007 0.082 0.080 0.010 0.016 
 190   (0.011) 0.001 0.001 0.001 0.003 0.001 0.007 0.000 0.013 0.008 0.001 0.047 

Locus 35 : 35 
6 alleles
0.0% missing data
 110   (0.185) 0.069 0.189 0.600 0.108 0.135 0.183 0.318 0.172 0.180 0.252 0.086 
 112   (0.363) 0.061 0.050 0.280 0.440 0.756 0.366 0.541 0.362 0.362 0.078 0.413 
 106   (0.285) 0.711 0.191 0.029 0.283 0.089 0.289 0.116 0.308 0.291 0.600 0.400 
  90   (0.041) 0.003 0.437 0.037 0.133 0.006 0.031 0.018 0.030 0.033 0.055 0.005 
 108   (0.117) 0.110 0.132 0.053 0.035 0.013 0.127 0.006 0.123 0.129 0.014 0.095 
  96   (0.009) 0.046 0.001 0.001 0.002 0.001 0.005 0.000 0.004 0.005 0.001 0.001 

Locus 36 : 36 
9 alleles
0.0% missing data
 166   (0.067) 0.004 0.009 0.359 0.052 0.189 0.052 0.257 0.048 0.051 0.013 0.107 
 176   (0.099) 0.016 0.014 0.096 0.101 0.380 0.096 0.130 0.093 0.099 0.024 0.014 
 172   (0.343) 0.581 0.050 0.461 0.481 0.204 0.342 0.445 0.336 0.340 0.430 0.372 
 170   (0.268) 0.325 0.586 0.044 0.120 0.182 0.272 0.158 0.286 0.278 0.495 0.237 
 174   (0.123) 0.067 0.018 0.032 0.181 0.017 0.139 0.005 0.142 0.134 0.013 0.173 
 178   (0.039) 0.003 0.005 0.004 0.020 0.022 0.041 0.003 0.037 0.038 0.019 0.037 
 168   (0.038) 0.002 0.315 0.003 0.040 0.004 0.042 0.001 0.039 0.041 0.004 0.014 
 186   (0.015) 0.001 0.002 0.001 0.004 0.002 0.011 0.000 0.012 0.011 0.001 0.045 
 158   (0.008) 0.001 0.001 0.001 0.002 0.001 0.007 0.000 0.007 0.007 0.001 0.001 

Locus 37 : 37 
6 alleles
0.0% missing data
  89   (0.550) 0.508 0.347 0.632 0.761 0.674 0.560 0.663 0.551 0.550 0.248 0.652 
  95   (0.058) 0.004 0.008 0.035 0.015 0.021 0.051 0.090 0.051 0.053 0.050 0.087 
  85   (0.184) 0.236 0.516 0.245 0.165 0.249 0.172 0.216 0.161 0.171 0.264 0.124 
  81   (0.057) 0.004 0.010 0.005 0.016 0.006 0.064 0.011 0.077 0.069 0.008 0.038 
  83   (0.136) 0.247 0.019 0.080 0.039 0.048 0.142 0.020 0.148 0.144 0.429 0.096 
  91   (0.015) 0.001 0.101 0.001 0.004 0.001 0.012 0.000 0.012 0.013 0.001 0.002 

Locus 38 : 38 
10 alleles
0.0% missing data
 161   (0.343) 0.373 0.421 0.535 0.435 0.541 0.331 0.559 0.341 0.335 0.095 0.256 
 165   (0.218) 0.103 0.146 0.039 0.065 0.251 0.232 0.199 0.234 0.237 0.063 0.242 
 159   (0.024) 0.001 0.003 0.045 0.006 0.014 0.019 0.031 0.017 0.019 0.003 0.004 
 173   (0.245) 0.512 0.190 0.140 0.438 0.083 0.254 0.137 0.243 0.243 0.172 0.286 
 169   (0.106) 0.007 0.231 0.236 0.038 0.104 0.100 0.062 0.105 0.101 0.661 0.157 
 167   (0.019) 0.002 0.002 0.002 0.005 0.002 0.020 0.012 0.019 0.020 0.002 0.003 
 168   (0.010) 0.001 0.001 0.001 0.002 0.001 0.010 0.000 0.010 0.011 0.001 0.001 
 155   (0.018) 0.001 0.002 0.001 0.006 0.002 0.022 0.001 0.021 0.022 0.002 0.003 
 177   (0.008) 0.000 0.001 0.001 0.003 0.001 0.007 0.000 0.006 0.007 0.001 0.001 
 175   (0.009) 0.001 0.001 0.001 0.002 0.001 0.005 0.000 0.005 0.005 0.001 0.047 

Locus 39 : 39 
6 alleles
0.6% missing data
  87   (0.111) 0.128 0.629 0.214 0.100 0.128 0.095 0.159 0.099 0.097 0.016 0.042 
  89   (0.422) 0.095 0.057 0.430 0.487 0.674 0.426 0.596 0.431 0.424 0.765 0.594 
  91   (0.161) 0.183 0.175 0.255 0.088 0.029 0.170 0.109 0.171 0.170 0.178 0.064 
  81   (0.118) 0.116 0.017 0.012 0.123 0.085 0.126 0.101 0.112 0.123 0.013 0.079 
  85   (0.180) 0.477 0.121 0.072 0.199 0.084 0.178 0.033 0.183 0.181 0.027 0.220 
  83   (0.008) 0.001 0.001 0.017 0.002 0.001 0.005 0.000 0.004 0.005 0.001 0.001 

Locus 40 : 40 
4 alleles
0.3% missing data
 167   (0.759) 0.859 0.643 0.846 0.854 0.905 0.756 0.929 0.760 0.756 0.918 0.771 
 161   (0.207) 0.138 0.353 0.151 0.138 0.091 0.211 0.069 0.209 0.212 0.076 0.162 
 165   (0.025) 0.002 0.003 0.002 0.007 0.003 0.026 0.002 0.024 0.025 0.005 0.065 
 177   (0.008) 0.001 0.001 0.001 0.002 0.001 0.006 0.000 0.006 0.007 0.001 0.001 

Locus 41 : 41 
6 alleles
0.3% missing data
 228   (0.449) 0.232 0.616 0.710 0.585 0.663 0.434 0.481 0.425 0.433 0.711 0.512 
 238   (0.334) 0.115 0.097 0.270 0.196 0.256 0.346 0.338 0.364 0.354 0.075 0.324 
 224   (0.028) 0.002 0.004 0.003 0.074 0.052 0.020 0.105 0.017 0.020 0.004 0.003 
 236   (0.097) 0.393 0.272 0.011 0.093 0.017 0.089 0.072 0.086 0.087 0.200 0.041 
 232   (0.012) 0.001 0.001 0.001 0.003 0.003 0.011 0.001 0.009 0.011 0.001 0.002 
 240   (0.081) 0.258 0.010 0.006 0.050 0.008 0.100 0.003 0.099 0.094 0.009 0.117 

Locus 42 : 42 
7 alleles
0.0% missing data
 128   (0.130) 0.035 0.018 0.012 0.169 0.083 0.123 0.164 0.125 0.122 0.262 0.221 
 130   (0.548) 0.774 0.076 0.842 0.567 0.554 0.570 0.562 0.561 0.563 0.668 0.400 
 114   (0.058) 0.004 0.427 0.058 0.089 0.039 0.046 0.116 0.044 0.048 0.034 0.007 
 132   (0.101) 0.050 0.014 0.010 0.031 0.305 0.093 0.150 0.097 0.095 0.015 0.213 
 118   (0.063) 0.131 0.233 0.005 0.047 0.006 0.066 0.003 0.062 0.062 0.010 0.085 
 134   (0.092) 0.006 0.232 0.074 0.095 0.011 0.096 0.004 0.105 0.103 0.010 0.072 
 136   (0.008) 0.000 0.001 0.001 0.002 0.001 0.006 0.000 0.006 0.007 0.001 0.001 

Locus 43 : 43 
6 alleles
0.8% missing data
 102   (0.287) 0.475 0.523 0.522 0.241 0.451 0.265 0.382 0.277 0.273 0.083 0.346 
 104   (0.392) 0.413 0.057 0.232 0.541 0.141 0.429 0.204 0.435 0.424 0.101 0.505 
  92   (0.129) 0.008 0.065 0.044 0.041 0.299 0.140 0.113 0.136 0.137 0.017 0.062 
  96   (0.065) 0.004 0.111 0.020 0.022 0.040 0.058 0.071 0.054 0.058 0.716 0.023 
  98   (0.119) 0.098 0.243 0.167 0.152 0.069 0.101 0.230 0.094 0.102 0.081 0.063 
 106   (0.008) 0.001 0.001 0.015 0.002 0.001 0.005 0.000 0.005 0.005 0.001 0.001 

Locus 44 : 44 
5 alleles
0.3% missing data
 101   (0.309) 0.185 0.043 0.600 0.436 0.262 0.303 0.425 0.318 0.313 0.082 0.245 
 103   (0.300) 0.349 0.256 0.215 0.188 0.352 0.302 0.181 0.285 0.292 0.443 0.465 
  99   (0.144) 0.009 0.413 0.064 0.255 0.215 0.151 0.033 0.147 0.148 0.079 0.085 
  95   (0.236) 0.457 0.128 0.120 0.118 0.170 0.237 0.361 0.244 0.240 0.395 0.203 
  97   (0.011) 0.001 0.160 0.001 0.002 0.001 0.007 0.000 0.007 0.007 0.001 0.001 

Locus 45 : 45 
7 alleles
0.3% missing data
 177   (0.061) 0.004 0.009 0.009 0.015 0.183 0.057 0.070 0.057 0.056 0.007 0.059 
 191   (0.268) 0.101 0.256 0.037 0.429 0.114 0.288 0.217 0.307 0.291 0.048 0.172 
 181   (0.605) 0.860 0.527 0.948 0.540 0.696 0.584 0.711 0.577 0.585 0.938 0.714 
 183   (0.012) 0.001 0.002 0.001 0.003 0.001 0.011 0.000 0.011 0.011 0.001 0.002 
 179   (0.036) 0.002 0.204 0.003 0.009 0.004 0.050 0.001 0.040 0.046 0.003 0.004 
 193   (0.010) 0.001 0.001 0.001 0.002 0.001 0.006 0.000 0.005 0.006 0.001 0.046 
 189   (0.009) 0.031 0.001 0.001 0.002 0.001 0.005 0.000 0.004 0.005 0.001 0.001 

Locus 46 : 46 
6 alleles
0.8% missing data
 205   (0.469) 0.405 0.273 0.727 0.430 0.551 0.489 0.456 0.485 0.483 0.861 0.551 
 211   (0.226) 0.272 0.322 0.164 0.397 0.134 0.227 0.266 0.224 0.227 0.047 0.109 
 207   (0.140) 0.203 0.019 0.069 0.060 0.189 0.127 0.142 0.134 0.134 0.068 0.224 
 201   (0.075) 0.005 0.374 0.029 0.055 0.064 0.069 0.081 0.069 0.067 0.013 0.050 
 215   (0.080) 0.115 0.011 0.010 0.056 0.062 0.077 0.055 0.077 0.079 0.009 0.064 
 202   (0.011) 0.001 0.001 0.001 0.003 0.001 0.011 0.000 0.011 0.011 0.001 0.002 

Locus 47 : 47 
9 alleles
1.1% missing data
 144   (0.088) 0.130 0.014 0.145 0.034 0.090 0.077 0.268 0.076 0.077 0.064 0.039 
 158   (0.163) 0.084 0.024 0.017 0.185 0.370 0.175 0.139 0.180 0.176 0.042 0.066 
 168   (0.147) 0.108 0.189 0.343 0.078 0.078 0.141 0.194 0.134 0.141 0.065 0.044 
 166   (0.149) 0.384 0.066 0.218 0.044 0.149 0.127 0.322 0.119 0.130 0.458 0.236 
 142   (0.349) 0.286 0.051 0.267 0.629 0.279 0.373 0.071 0.386 0.369 0.358 0.548 
 170   (0.012) 0.001 0.002 0.002 0.003 0.001 0.010 0.002 0.011 0.010 0.002 0.002 
 162   (0.028) 0.002 0.116 0.002 0.007 0.003 0.032 0.001 0.024 0.028 0.003 0.034 
 164   (0.040) 0.002 0.006 0.003 0.012 0.017 0.046 0.002 0.050 0.047 0.006 0.025 
 156   (0.024) 0.001 0.533 0.002 0.007 0.013 0.019 0.001 0.020 0.021 0.002 0.006 

Locus 48 : 48 
7 alleles
6.1% missing data
 149   (0.352) 0.334 0.336 0.268 0.322 0.185 0.359 0.208 0.360 0.361 0.435 0.388 
 151   (0.182) 0.012 0.071 0.050 0.374 0.556 0.175 0.233 0.175 0.177 0.135 0.144 
 153   (0.221) 0.028 0.029 0.504 0.221 0.157 0.225 0.317 0.237 0.226 0.116 0.361 
 147   (0.031) 0.002 0.051 0.003 0.010 0.027 0.027 0.041 0.023 0.026 0.004 0.004 
 145   (0.192) 0.622 0.510 0.173 0.065 0.073 0.190 0.198 0.187 0.189 0.307 0.101 
 152   (0.009) 0.001 0.001 0.001 0.003 0.001 0.005 0.004 0.005 0.006 0.002 0.001 
 143   (0.014) 0.001 0.002 0.001 0.004 0.001 0.017 0.001 0.013 0.015 0.001 0.002 

Values of parameters used in structure:
DATAFILE=temp2_np.str,	OUTFILE=k11/temp2_np_k11_run8,	NUMINDS=361,	NUMLOCI=48,	MISSING=-9,	LABEL=1,	POPDATA=1,	POPFLAG=0,	PHENOTYPE=0,	EXTRACOLS=0,	MAXPOPS=11,	BURNIN=500000,	NUMREPS=750000,	USEPOPINFO=0,	INFERALPHA=1,	INFERLAMBDA=0,	POPSPECIFICLAMBDA=0,	POPALPHAS=0,	COMPUTEPROB=1,	NOADMIX=0,	ADMBURNIN=500,	UPDATEFREQ=100,	PRINTLIKES=0,	INTERMEDSAVE=0,	PRINTKLD=0,	PRINTNET=1,	PRINTLAMBDA=1,	ANCESTDIST=0,	NUMBOXES=1000,	ANCESTPINT=0.90000,	GENSBACK=2,	MIGRPRIOR=0.01000,	PRINTQHAT=0,	PRINTQSUM=1,	ALPHA=1.0000,	FREQSCORR=1,	FPRIORMEAN=0.0100,	FPRIORSD=0.0500,	ONEFST=0,	LAMBDA=1.0000,	UNIFPRIORALPHA=1,	ALPHAMAX=10.0000,	ALPHAPRIORA=1.0000,	ALPHAPRIORB=2.0000,	ALPHAPROPSD=0.0250,	STARTATPOPINFO=0,	RANDOMIZE=0,	LINKAGE=0,	METROFREQ=10,	REPORTHITRATE=0,	MARKOVPHASE=0,	PHASED=1,	PLOIDY=2,	PHASEINFO=0	LOCPRIOR=0, 	LOCPRIORINIT=1.000000, 	LOCDATA=0, 	LOCISPOP=1, 	LOCPRIORSTEP=0.100000, 	MAXLOCPRIOR=20.000000, 	SEED=284247,	
[STRAT parameters]:    NUMSIMSTATS=1000,	PHENOTYPECOL=-9,	POOLFREQ=10,	LOCUSxONLY=0,	EMERROR=0.00100,	MISSINGPHENO=-9,	