

----------------------------------------------------
STRUCTURE by Pritchard, Stephens and Donnelly (2000)
     and Falush, Stephens and Pritchard (2003)
       Code by Pritchard, Falush and Hubisz
             Version 2.3.4 (Jul 2012)
----------------------------------------------------



Command line arguments:   structure -D 667720 -K 2 -m mainparams -o k2/w1_k2_run2 
Input File:    w1.str

Run parameters:
   87 individuals
   48 loci
   2 populations assumed
   500000 Burn-in period
   750000 Reps
RANDOMIZE turned off


--------------------------------------------
Proportion of membership of each pre-defined
 population in each of the 2 clusters

Given    Inferred Clusters       Number of
 Pop       1      2             Individuals

  1:     0.504  0.496              10
  2:     0.503  0.497              23
  3:     0.529  0.471              11
  4:     0.549  0.451              13
  5:     0.457  0.543              25
  6:     0.580  0.420               5
--------------------------------------------

Allele-freq. divergence among pops (Net nucleotide distance),
computed using point estimates of P.

      1       2      
 1      -    0.0351  
 2   0.0351     -    

Average distances (expected heterozygosity) between individuals in same cluster:
cluster  1  : 0.5340 
cluster  2  : 0.7020 

--------------------------------------------
Estimated Ln Prob of Data   = -10532.1
Mean value of ln likelihood = -10388.6
Variance of ln likelihood   = 287.0
Mean value of alpha         = 6.9841

Mean value of Fst_1         = 0.2511
Mean value of Fst_2         = 0.0000


Inferred ancestry of individuals:
        Label (%Miss) Pop:  Inferred clusters
  1     2355    (0)    1 :  0.477 0.523 
  2     2356    (0)    1 :  0.380 0.620 
  3     2357    (0)    1 :  0.600 0.400 
  4     2358    (0)    1 :  0.490 0.510 
  5     2359    (0)    1 :  0.634 0.366 
  6     2360    (0)    1 :  0.569 0.431 
  7     2361    (2)    1 :  0.519 0.481 
  8     2362    (0)    1 :  0.546 0.454 
  9     2363    (0)    1 :  0.369 0.631 
 10     2364    (0)    1 :  0.455 0.545 
 11     2369    (0)    2 :  0.647 0.353 
 12     2370    (0)    2 :  0.580 0.420 
 13     2372    (0)    2 :  0.544 0.456 
 14     2373    (0)    2 :  0.446 0.554 
 15     2374    (0)    2 :  0.522 0.478 
 16     2375    (0)    2 :  0.442 0.558 
 17     2376    (0)    2 :  0.508 0.492 
 18     2377    (0)    2 :  0.481 0.519 
 19     2378    (0)    2 :  0.624 0.376 
 20     2379    (0)    2 :  0.442 0.558 
 21     2380    (0)    2 :  0.534 0.466 
 22     2381    (0)    2 :  0.555 0.445 
 23     2382    (0)    2 :  0.437 0.563 
 24     2383    (0)    2 :  0.623 0.377 
 25     2384    (0)    2 :  0.561 0.439 
 26     2385    (0)    2 :  0.448 0.552 
 27     2386    (0)    2 :  0.440 0.560 
 28     2387    (0)    2 :  0.496 0.504 
 29     2388    (0)    2 :  0.422 0.578 
 30     2389    (2)    2 :  0.339 0.661 
 31     2390    (0)    2 :  0.409 0.591 
 32     2391    (0)    2 :  0.509 0.491 
 33     2392    (0)    2 :  0.555 0.445 
 34     2459    (0)    3 :  0.461 0.539 
 35     2460    (0)    3 :  0.547 0.453 
 36     2461    (0)    3 :  0.561 0.439 
 37     2462    (4)    3 :  0.493 0.507 
 38     2463    (0)    3 :  0.605 0.395 
 39     2464    (2)    3 :  0.437 0.563 
 40     2465    (0)    3 :  0.622 0.378 
 41     2466    (2)    3 :  0.554 0.446 
 42     2467    (0)    3 :  0.479 0.521 
 43     2468    (0)    3 :  0.577 0.423 
 44     2469    (0)    3 :  0.486 0.514 
 45     2398    (0)    4 :  0.596 0.404 
 46     2399    (0)    4 :  0.545 0.455 
 47     2400    (0)    4 :  0.494 0.506 
 48     2401    (0)    4 :  0.580 0.420 
 49     2402    (0)    4 :  0.494 0.506 
 50     2403    (0)    4 :  0.557 0.443 
 51     2404    (0)    4 :  0.612 0.388 
 52     2405    (0)    4 :  0.529 0.471 
 53     2406    (0)    4 :  0.536 0.464 
 54     2407    (0)    4 :  0.547 0.453 
 55     2408    (0)    4 :  0.511 0.489 
 56     2409    (0)    4 :  0.513 0.487 
 57     2410    (0)    4 :  0.627 0.373 
 58      934    (0)    5 :  0.469 0.531 
 59     2434    (0)    5 :  0.433 0.567 
 60     2435    (0)    5 :  0.286 0.714 
 61     2436    (0)    5 :  0.362 0.638 
 62     2437    (0)    5 :  0.372 0.628 
 63     2438    (0)    5 :  0.484 0.516 
 64     2439    (0)    5 :  0.577 0.423 
 65     2440    (0)    5 :  0.476 0.524 
 66     2441    (0)    5 :  0.428 0.572 
 67     2442    (0)    5 :  0.444 0.556 
 68     2443    (0)    5 :  0.485 0.515 
 69     2444    (0)    5 :  0.470 0.530 
 70     2446    (0)    5 :  0.497 0.503 
 71     2447    (0)    5 :  0.456 0.544 
 72     2448    (0)    5 :  0.606 0.394 
 73     2449    (0)    5 :  0.402 0.598 
 74     2450    (0)    5 :  0.424 0.576 
 75     2451    (0)    5 :  0.340 0.660 
 76     2452    (0)    5 :  0.636 0.364 
 77     2453    (0)    5 :  0.406 0.594 
 78     2454    (0)    5 :  0.571 0.429 
 79     2455    (0)    5 :  0.551 0.449 
 80     2456    (0)    5 :  0.418 0.582 
 81     2457    (0)    5 :  0.428 0.572 
 82     2458    (0)    5 :  0.407 0.593 
 83     1074    (0)    6 :  0.660 0.340 
 84     1075    (0)    6 :  0.532 0.468 
 85     1076    (0)    6 :  0.543 0.457 
 86     1077    (0)    6 :  0.570 0.430 
 87     1078    (0)    6 :  0.594 0.406 


Estimated Allele Frequencies in each cluster
First column gives estimated ancestral frequencies


Locus 1 : 1 
4 alleles
0.0% missing data
  91   (0.373) 0.287 0.373 
  89   (0.468) 0.580 0.468 
  93   (0.121) 0.128 0.121 
  99   (0.038) 0.004 0.038 

Locus 2 : 2 
6 alleles
0.0% missing data
 134   (0.291) 0.277 0.291 
 136   (0.262) 0.431 0.262 
 140   (0.132) 0.056 0.132 
 138   (0.240) 0.228 0.240 
 132   (0.056) 0.007 0.056 
 142   (0.019) 0.001 0.019 

Locus 3 : 3 
6 alleles
0.0% missing data
 179   (0.287) 0.355 0.286 
 187   (0.208) 0.414 0.208 
 185   (0.162) 0.031 0.162 
 191   (0.061) 0.013 0.061 
 181   (0.188) 0.164 0.188 
 175   (0.095) 0.023 0.095 

Locus 4 : 4 
10 alleles
0.0% missing data
 241   (0.184) 0.167 0.184 
 247   (0.119) 0.031 0.119 
 253   (0.267) 0.581 0.267 
 273   (0.030) 0.002 0.030 
 269   (0.206) 0.197 0.206 
 271   (0.099) 0.015 0.099 
 249   (0.038) 0.004 0.038 
 239   (0.019) 0.001 0.019 
 265   (0.018) 0.001 0.018 
 245   (0.019) 0.001 0.019 

Locus 5 : 5 
4 alleles
0.0% missing data
 103   (0.854) 0.981 0.854 
 105   (0.086) 0.015 0.086 
 102   (0.030) 0.002 0.030 
 104   (0.030) 0.002 0.030 

Locus 6 : 6 
5 alleles
0.0% missing data
 135   (0.399) 0.162 0.399 
 145   (0.255) 0.528 0.255 
 141   (0.273) 0.305 0.273 
 147   (0.040) 0.003 0.040 
 137   (0.032) 0.002 0.032 

Locus 7 : 7 
10 alleles
1.1% missing data
  97   (0.199) 0.189 0.199 
 103   (0.184) 0.554 0.184 
  89   (0.109) 0.031 0.109 
  93   (0.262) 0.166 0.263 
  83   (0.082) 0.043 0.082 
  99   (0.028) 0.002 0.028 
  91   (0.036) 0.003 0.036 
  85   (0.062) 0.009 0.062 
 101   (0.019) 0.001 0.019 
 105   (0.018) 0.001 0.018 

Locus 8 : 8 
7 alleles
0.0% missing data
 129   (0.475) 0.769 0.475 
 143   (0.292) 0.194 0.293 
 141   (0.081) 0.019 0.081 
 149   (0.075) 0.012 0.075 
 133   (0.039) 0.004 0.039 
 127   (0.019) 0.001 0.019 
 145   (0.018) 0.001 0.018 

Locus 9 : 9 
4 alleles
0.0% missing data
 189   (0.469) 0.495 0.469 
 191   (0.296) 0.356 0.296 
 195   (0.214) 0.148 0.214 
 193   (0.020) 0.001 0.020 

Locus 10 : 10 
6 alleles
0.0% missing data
 250   (0.076) 0.012 0.076 
 254   (0.078) 0.008 0.078 
 252   (0.155) 0.042 0.155 
 238   (0.497) 0.673 0.497 
 232   (0.159) 0.259 0.159 
 248   (0.036) 0.007 0.036 

Locus 11 : 11 
4 alleles
0.0% missing data
  87   (0.679) 0.842 0.679 
  89   (0.234) 0.145 0.234 
  91   (0.067) 0.012 0.066 
  85   (0.020) 0.001 0.020 

Locus 12 : 12 
11 alleles
0.0% missing data
 160   (0.241) 0.343 0.241 
 158   (0.186) 0.220 0.186 
 162   (0.192) 0.339 0.192 
 170   (0.077) 0.042 0.077 
 161   (0.109) 0.037 0.109 
 154   (0.036) 0.004 0.036 
 143   (0.037) 0.002 0.037 
 134   (0.018) 0.001 0.018 
 147   (0.043) 0.007 0.043 
 149   (0.044) 0.005 0.044 
 159   (0.018) 0.001 0.018 

Locus 13 : 13 
4 alleles
0.0% missing data
 113   (0.365) 0.231 0.365 
 115   (0.425) 0.655 0.425 
 108   (0.190) 0.113 0.190 
 110   (0.020) 0.001 0.020 

Locus 14 : 14 
8 alleles
0.0% missing data
 225   (0.192) 0.077 0.193 
 229   (0.314) 0.610 0.314 
 227   (0.149) 0.231 0.149 
 231   (0.241) 0.073 0.241 
 203   (0.019) 0.001 0.019 
 233   (0.047) 0.006 0.047 
 213   (0.019) 0.001 0.019 
 221   (0.019) 0.001 0.019 

Locus 15 : 15 
4 alleles
1.1% missing data
 143   (0.873) 0.984 0.873 
 145   (0.067) 0.011 0.067 
 147   (0.040) 0.003 0.040 
 157   (0.020) 0.001 0.020 

Locus 16 : 16 
5 alleles
0.0% missing data
 158   (0.399) 0.687 0.399 
 156   (0.336) 0.186 0.336 
 154   (0.093) 0.017 0.093 
 160   (0.152) 0.110 0.152 
 152   (0.020) 0.001 0.020 

Locus 17 : 17 
5 alleles
0.0% missing data
  90   (0.590) 0.738 0.590 
 100   (0.143) 0.080 0.143 
 102   (0.158) 0.158 0.158 
 104   (0.020) 0.001 0.020 
  88   (0.090) 0.022 0.090 

Locus 18 : 18 
7 alleles
0.0% missing data
 127   (0.190) 0.336 0.190 
 140   (0.263) 0.324 0.263 
 142   (0.137) 0.152 0.137 
 148   (0.102) 0.051 0.102 
 146   (0.121) 0.052 0.121 
 138   (0.085) 0.062 0.085 
 150   (0.103) 0.024 0.103 

Locus 19 : 19 
6 alleles
0.0% missing data
 190   (0.122) 0.068 0.122 
 194   (0.403) 0.747 0.403 
 202   (0.058) 0.006 0.058 
 188   (0.213) 0.112 0.213 
 200   (0.184) 0.066 0.184 
 198   (0.020) 0.001 0.020 

Locus 20 : 20 
6 alleles
0.0% missing data
 252   (0.532) 0.877 0.532 
 246   (0.149) 0.076 0.149 
 248   (0.028) 0.003 0.028 
 244   (0.038) 0.005 0.038 
 250   (0.133) 0.018 0.133 
 254   (0.120) 0.022 0.120 

Locus 21 : 21 
6 alleles
0.0% missing data
 167   (0.231) 0.363 0.231 
 173   (0.232) 0.363 0.232 
 163   (0.065) 0.008 0.065 
 177   (0.224) 0.174 0.224 
 175   (0.152) 0.067 0.152 
 165   (0.095) 0.024 0.095 

Locus 22 : 22 
10 alleles
0.0% missing data
 152   (0.329) 0.580 0.329 
 158   (0.163) 0.086 0.163 
 146   (0.159) 0.263 0.159 
 150   (0.052) 0.010 0.052 
 162   (0.052) 0.008 0.052 
 166   (0.095) 0.032 0.095 
 164   (0.060) 0.014 0.060 
 148   (0.036) 0.003 0.036 
 142   (0.028) 0.003 0.028 
 156   (0.027) 0.002 0.027 

Locus 23 : 23 
6 alleles
1.1% missing data
 144   (0.163) 0.202 0.163 
 156   (0.203) 0.084 0.203 
 154   (0.438) 0.646 0.439 
 160   (0.147) 0.065 0.147 
 152   (0.019) 0.001 0.019 
 158   (0.029) 0.002 0.029 

Locus 24 : 24 
4 alleles
1.1% missing data
  81   (0.392) 0.391 0.392 
  83   (0.431) 0.524 0.431 
  77   (0.128) 0.079 0.128 
  85   (0.049) 0.006 0.049 

Locus 25 : 25 
6 alleles
1.1% missing data
 124   (0.484) 0.584 0.484 
 132   (0.225) 0.365 0.225 
 122   (0.173) 0.040 0.173 
 126   (0.068) 0.008 0.068 
 136   (0.030) 0.002 0.030 
 120   (0.020) 0.001 0.020 

Locus 26 : 26 
6 alleles
0.0% missing data
 165   (0.246) 0.278 0.246 
 183   (0.294) 0.390 0.294 
 179   (0.140) 0.042 0.140 
 175   (0.213) 0.268 0.213 
 181   (0.086) 0.022 0.086 
 185   (0.019) 0.001 0.019 

Locus 27 : 27 
4 alleles
0.0% missing data
 142   (0.428) 0.666 0.428 
 150   (0.181) 0.134 0.181 
 148   (0.277) 0.169 0.277 
 138   (0.114) 0.031 0.114 

Locus 28 : 28 
5 alleles
0.0% missing data
 260   (0.415) 0.573 0.415 
 262   (0.447) 0.411 0.447 
 258   (0.040) 0.003 0.040 
 256   (0.068) 0.011 0.068 
 264   (0.030) 0.002 0.030 

Locus 29 : 29 
5 alleles
0.0% missing data
 140   (0.178) 0.110 0.178 
 150   (0.386) 0.683 0.386 
 148   (0.103) 0.017 0.103 
 146   (0.284) 0.185 0.284 
 152   (0.048) 0.005 0.048 

Locus 30 : 30 
6 alleles
0.0% missing data
 125   (0.253) 0.261 0.253 
 129   (0.420) 0.649 0.420 
 123   (0.139) 0.059 0.139 
 131   (0.055) 0.013 0.055 
 127   (0.104) 0.015 0.104 
 121   (0.030) 0.002 0.030 

Locus 31 : 31 
5 alleles
0.0% missing data
 155   (0.519) 0.588 0.519 
 159   (0.173) 0.117 0.173 
 157   (0.171) 0.234 0.171 
 151   (0.039) 0.003 0.039 
 153   (0.098) 0.058 0.098 

Locus 32 : 32 
4 alleles
0.0% missing data
  92   (0.299) 0.204 0.299 
  94   (0.082) 0.030 0.082 
  95   (0.191) 0.205 0.191 
  91   (0.428) 0.561 0.428 

Locus 33 : 33 
4 alleles
0.0% missing data
 146   (0.358) 0.303 0.358 
 148   (0.096) 0.024 0.096 
 150   (0.464) 0.656 0.464 
 154   (0.082) 0.017 0.082 

Locus 34 : 34 
6 alleles
0.0% missing data
 180   (0.340) 0.507 0.340 
 192   (0.160) 0.232 0.160 
 184   (0.233) 0.132 0.233 
 196   (0.180) 0.120 0.180 
 198   (0.058) 0.006 0.058 
 190   (0.029) 0.002 0.029 

Locus 35 : 35 
6 alleles
0.0% missing data
 106   (0.247) 0.393 0.247 
 112   (0.275) 0.331 0.275 
  94   (0.048) 0.005 0.048 
 110   (0.187) 0.181 0.187 
 108   (0.187) 0.085 0.187 
  90   (0.056) 0.005 0.056 

Locus 36 : 36 
8 alleles
0.0% missing data
 168   (0.151) 0.067 0.151 
 178   (0.072) 0.025 0.072 
 170   (0.291) 0.219 0.291 
 174   (0.100) 0.158 0.100 
 172   (0.178) 0.418 0.178 
 176   (0.123) 0.095 0.123 
 166   (0.067) 0.018 0.067 
 186   (0.019) 0.001 0.019 

Locus 37 : 37 
6 alleles
0.0% missing data
  85   (0.225) 0.198 0.225 
  95   (0.086) 0.023 0.086 
  89   (0.408) 0.666 0.409 
  83   (0.186) 0.103 0.186 
  81   (0.074) 0.010 0.074 
  91   (0.020) 0.001 0.020 

Locus 38 : 38 
6 alleles
0.0% missing data
 161   (0.329) 0.382 0.329 
 165   (0.227) 0.159 0.227 
 167   (0.061) 0.014 0.061 
 169   (0.110) 0.094 0.110 
 173   (0.244) 0.346 0.244 
 175   (0.029) 0.003 0.029 

Locus 39 : 39 
5 alleles
0.0% missing data
  85   (0.293) 0.153 0.293 
  87   (0.161) 0.036 0.161 
  91   (0.199) 0.116 0.199 
  81   (0.103) 0.029 0.103 
  89   (0.245) 0.666 0.245 

Locus 40 : 40 
3 alleles
0.0% missing data
 167   (0.675) 0.900 0.675 
 161   (0.265) 0.094 0.265 
 165   (0.061) 0.006 0.061 

Locus 41 : 41 
6 alleles
0.0% missing data
 224   (0.031) 0.002 0.031 
 228   (0.354) 0.416 0.354 
 238   (0.317) 0.488 0.317 
 240   (0.203) 0.084 0.203 
 242   (0.019) 0.001 0.019 
 236   (0.076) 0.008 0.076 

Locus 42 : 42 
7 alleles
1.1% missing data
 130   (0.402) 0.672 0.402 
 118   (0.073) 0.012 0.073 
 128   (0.097) 0.073 0.097 
 132   (0.110) 0.056 0.110 
 114   (0.133) 0.052 0.133 
 134   (0.167) 0.134 0.167 
 122   (0.019) 0.001 0.019 

Locus 43 : 43 
6 alleles
0.0% missing data
 104   (0.416) 0.464 0.416 
  98   (0.174) 0.066 0.174 
 102   (0.135) 0.396 0.135 
  92   (0.179) 0.064 0.179 
  96   (0.076) 0.009 0.076 
 106   (0.019) 0.001 0.019 

Locus 44 : 44 
5 alleles
0.0% missing data
  95   (0.202) 0.247 0.202 
 101   (0.284) 0.455 0.284 
 103   (0.314) 0.271 0.314 
  99   (0.141) 0.022 0.142 
  97   (0.058) 0.005 0.058 

Locus 45 : 45 
7 alleles
0.0% missing data
 181   (0.470) 0.733 0.470 
 191   (0.307) 0.236 0.307 
 179   (0.058) 0.007 0.058 
 177   (0.080) 0.018 0.080 
 183   (0.029) 0.002 0.029 
 189   (0.028) 0.002 0.028 
 193   (0.028) 0.002 0.028 

Locus 46 : 46 
6 alleles
0.0% missing data
 211   (0.238) 0.149 0.238 
 215   (0.088) 0.021 0.088 
 205   (0.353) 0.646 0.353 
 207   (0.239) 0.171 0.239 
 201   (0.064) 0.011 0.064 
 202   (0.019) 0.001 0.019 

Locus 47 : 47 
9 alleles
0.0% missing data
 142   (0.232) 0.411 0.232 
 162   (0.089) 0.018 0.089 
 164   (0.053) 0.006 0.053 
 168   (0.140) 0.155 0.140 
 158   (0.162) 0.179 0.162 
 170   (0.047) 0.004 0.047 
 166   (0.142) 0.195 0.142 
 144   (0.081) 0.026 0.081 
 156   (0.054) 0.007 0.054 

Locus 48 : 48 
6 alleles
0.0% missing data
 149   (0.292) 0.443 0.292 
 151   (0.236) 0.140 0.236 
 145   (0.220) 0.166 0.220 
 153   (0.203) 0.247 0.203 
 143   (0.029) 0.002 0.029 
 147   (0.020) 0.001 0.020 

Values of parameters used in structure:
DATAFILE=w1.str,	OUTFILE=k2/w1_k2_run2,	NUMINDS=87,	NUMLOCI=48,	MISSING=-9,	LABEL=1,	POPDATA=1,	POPFLAG=0,	PHENOTYPE=0,	EXTRACOLS=0,	MAXPOPS=2,	BURNIN=500000,	NUMREPS=750000,	USEPOPINFO=0,	INFERALPHA=1,	INFERLAMBDA=0,	POPSPECIFICLAMBDA=0,	POPALPHAS=0,	COMPUTEPROB=1,	NOADMIX=0,	ADMBURNIN=500,	UPDATEFREQ=100,	PRINTLIKES=0,	INTERMEDSAVE=0,	PRINTKLD=0,	PRINTNET=1,	PRINTLAMBDA=1,	ANCESTDIST=0,	NUMBOXES=1000,	ANCESTPINT=0.90000,	GENSBACK=2,	MIGRPRIOR=0.01000,	PRINTQHAT=0,	PRINTQSUM=1,	ALPHA=1.0000,	FREQSCORR=1,	FPRIORMEAN=0.0100,	FPRIORSD=0.0500,	ONEFST=0,	LAMBDA=1.0000,	UNIFPRIORALPHA=1,	ALPHAMAX=10.0000,	ALPHAPRIORA=1.0000,	ALPHAPRIORB=2.0000,	ALPHAPROPSD=0.0250,	STARTATPOPINFO=0,	RANDOMIZE=0,	LINKAGE=0,	METROFREQ=10,	REPORTHITRATE=0,	MARKOVPHASE=0,	PHASED=1,	PLOIDY=2,	PHASEINFO=0	LOCPRIOR=0, 	LOCPRIORINIT=1.000000, 	LOCDATA=0, 	LOCISPOP=1, 	LOCPRIORSTEP=0.100000, 	MAXLOCPRIOR=20.000000, 	SEED=667720,	
[STRAT parameters]:    NUMSIMSTATS=1000,	PHENOTYPECOL=-9,	POOLFREQ=10,	LOCUSxONLY=0,	EMERROR=0.00100,	MISSINGPHENO=-9,	