

----------------------------------------------------
STRUCTURE by Pritchard, Stephens and Donnelly (2000)
     and Falush, Stephens and Pritchard (2003)
       Code by Pritchard, Falush and Hubisz
             Version 2.3.4 (Jul 2012)
----------------------------------------------------



Command line arguments:   structure -D 424394 -K 5 -m mainparams -o k5/w1_k5_run3 
Input File:    w1.str

Run parameters:
   92 individuals
   48 loci
   5 populations assumed
   500000 Burn-in period
   750000 Reps
RANDOMIZE turned off


--------------------------------------------
Proportion of membership of each pre-defined
 population in each of the 5 clusters

Given    Inferred Clusters                     Number of
 Pop       1      2      3      4      5      Individuals

  1:     0.213  0.234  0.109  0.212  0.231       10
  2:     0.227  0.257  0.053  0.211  0.253       23
  3:     0.241  0.199  0.086  0.263  0.211       11
  4:     0.121  0.136  0.450  0.174  0.118       18
  5:     0.238  0.253  0.032  0.217  0.261       25
  6:     0.150  0.194  0.307  0.178  0.171        5
--------------------------------------------

Allele-freq. divergence among pops (Net nucleotide distance),
computed using point estimates of P.

      1       2       3       4       5      
 1      -    0.0003  0.0170  0.0002  0.0002  
 2   0.0003     -    0.0170  0.0002  0.0000  
 3   0.0170  0.0170     -    0.0170  0.0168  
 4   0.0002  0.0002  0.0170     -    0.0002  
 5   0.0002  0.0000  0.0168  0.0002     -    

Average distances (expected heterozygosity) between individuals in same cluster:
cluster  1  : 0.6408 
cluster  2  : 0.6391 
cluster  3  : 0.5901 
cluster  4  : 0.6361 
cluster  5  : 0.6415 

--------------------------------------------
Estimated Ln Prob of Data   = -12438.8
Mean value of ln likelihood = -10652.2
Variance of ln likelihood   = 3573.2
Mean value of alpha         = 0.0752

Mean value of Fst_1         = 0.0313
Mean value of Fst_2         = 0.0293
Mean value of Fst_3         = 0.1055
Mean value of Fst_4         = 0.0358
Mean value of Fst_5         = 0.0255


Inferred ancestry of individuals:
        Label (%Miss) Pop:  Inferred clusters
  1     2355    (0)    1 :  0.254 0.238 0.034 0.203 0.271 
  2     2356    (0)    1 :  0.268 0.255 0.029 0.185 0.263 
  3     2357    (0)    1 :  0.106 0.099 0.589 0.109 0.097 
  4     2358    (0)    1 :  0.232 0.269 0.016 0.206 0.277 
  5     2359    (0)    1 :  0.187 0.286 0.026 0.293 0.207 
  6     2360    (0)    1 :  0.203 0.205 0.168 0.217 0.207 
  7     2361    (2)    1 :  0.226 0.272 0.017 0.235 0.249 
  8     2362    (0)    1 :  0.189 0.202 0.184 0.236 0.189 
  9     2363    (0)    1 :  0.255 0.238 0.011 0.231 0.265 
 10     2364    (0)    1 :  0.214 0.280 0.014 0.208 0.286 
 11     2369    (0)    2 :  0.184 0.288 0.053 0.244 0.230 
 12     2370    (0)    2 :  0.175 0.214 0.208 0.231 0.172 
 13     2372    (0)    2 :  0.217 0.225 0.132 0.201 0.225 
 14     2373    (0)    2 :  0.243 0.268 0.047 0.151 0.292 
 15     2374    (0)    2 :  0.319 0.174 0.014 0.271 0.222 
 16     2375    (0)    2 :  0.262 0.247 0.048 0.151 0.292 
 17     2376    (0)    2 :  0.225 0.264 0.041 0.209 0.261 
 18     2377    (0)    2 :  0.193 0.241 0.016 0.361 0.189 
 19     2378    (0)    2 :  0.189 0.299 0.020 0.244 0.249 
 20     2379    (0)    2 :  0.222 0.282 0.010 0.198 0.287 
 21     2380    (0)    2 :  0.270 0.206 0.060 0.225 0.238 
 22     2381    (0)    2 :  0.198 0.257 0.100 0.207 0.238 
 23     2382    (0)    2 :  0.240 0.262 0.076 0.146 0.276 
 24     2383    (0)    2 :  0.196 0.252 0.090 0.248 0.214 
 25     2384    (0)    2 :  0.210 0.251 0.052 0.244 0.243 
 26     2385    (0)    2 :  0.240 0.266 0.031 0.188 0.275 
 27     2386    (0)    2 :  0.267 0.260 0.022 0.152 0.300 
 28     2387    (0)    2 :  0.223 0.253 0.084 0.191 0.249 
 29     2388    (0)    2 :  0.232 0.266 0.024 0.198 0.280 
 30     2389    (2)    2 :  0.272 0.278 0.013 0.134 0.302 
 31     2390    (0)    2 :  0.226 0.284 0.008 0.204 0.278 
 32     2391    (0)    2 :  0.215 0.291 0.029 0.199 0.266 
 33     2392    (0)    2 :  0.197 0.272 0.037 0.251 0.243 
 34     2459    (0)    3 :  0.303 0.177 0.016 0.267 0.237 
 35     2460    (0)    3 :  0.243 0.248 0.020 0.251 0.239 
 36     2461    (0)    3 :  0.193 0.206 0.086 0.340 0.175 
 37     2462    (4)    3 :  0.310 0.178 0.016 0.263 0.234 
 38     2463    (0)    3 :  0.270 0.172 0.103 0.238 0.217 
 39     2464    (2)    3 :  0.306 0.177 0.033 0.266 0.217 
 40     2465    (0)    3 :  0.114 0.128 0.518 0.118 0.122 
 41     2466    (2)    3 :  0.251 0.207 0.015 0.314 0.214 
 42     2467    (0)    3 :  0.234 0.268 0.023 0.218 0.257 
 43     2468    (0)    3 :  0.235 0.205 0.097 0.239 0.224 
 44     2469    (0)    3 :  0.195 0.224 0.023 0.375 0.183 
 45     1011    (0)    4 :  0.206 0.271 0.010 0.268 0.245 
 46     1012    (4)    4 :  0.015 0.017 0.938 0.016 0.015 
 47     1013    (4)    4 :  0.027 0.020 0.905 0.026 0.022 
 48     1015    (2)    4 :  0.211 0.201 0.072 0.344 0.172 
 49     1016    (4)    4 :  0.208 0.196 0.093 0.330 0.174 
 50     2398    (0)    4 :  0.016 0.015 0.937 0.017 0.016 
 51     2399    (0)    4 :  0.218 0.245 0.039 0.276 0.223 
 52     2400    (0)    4 :  0.028 0.030 0.883 0.030 0.031 
 53     2401    (0)    4 :  0.166 0.180 0.227 0.269 0.158 
 54     2402    (0)    4 :  0.206 0.230 0.030 0.352 0.181 
 55     2403    (0)    4 :  0.010 0.009 0.961 0.010 0.010 
 56     2404    (0)    4 :  0.015 0.015 0.938 0.018 0.014 
 57     2405    (0)    4 :  0.215 0.266 0.059 0.202 0.258 
 58     2406    (0)    4 :  0.199 0.233 0.030 0.367 0.171 
 59     2407    (0)    4 :  0.200 0.251 0.083 0.244 0.222 
 60     2408    (0)    4 :  0.203 0.242 0.030 0.336 0.188 
 61     2409    (0)    4 :  0.016 0.016 0.937 0.015 0.016 
 62     2410    (0)    4 :  0.016 0.016 0.934 0.019 0.015 
 63      934    (0)    5 :  0.264 0.221 0.028 0.217 0.270 
 64     2434    (0)    5 :  0.229 0.263 0.053 0.193 0.261 
 65     2435    (0)    5 :  0.275 0.274 0.006 0.146 0.299 
 66     2436    (0)    5 :  0.240 0.283 0.008 0.176 0.293 
 67     2437    (0)    5 :  0.265 0.289 0.015 0.133 0.298 
 68     2438    (0)    5 :  0.207 0.293 0.020 0.217 0.262 
 69     2439    (0)    5 :  0.205 0.243 0.019 0.325 0.208 
 70     2440    (0)    5 :  0.222 0.262 0.069 0.174 0.272 
 71     2441    (0)    5 :  0.203 0.299 0.012 0.186 0.300 
 72     2442    (0)    5 :  0.221 0.285 0.011 0.183 0.300 
 73     2443    (0)    5 :  0.245 0.249 0.037 0.209 0.260 
 74     2444    (0)    5 :  0.254 0.215 0.096 0.190 0.244 
 75     2446    (0)    5 :  0.272 0.195 0.033 0.268 0.231 
 76     2447    (0)    5 :  0.221 0.288 0.013 0.208 0.270 
 77     2448    (0)    5 :  0.203 0.246 0.073 0.266 0.212 
 78     2449    (0)    5 :  0.227 0.204 0.050 0.312 0.207 
 79     2450    (0)    5 :  0.240 0.229 0.039 0.260 0.231 
 80     2451    (0)    5 :  0.269 0.268 0.022 0.155 0.286 
 81     2452    (0)    5 :  0.216 0.218 0.054 0.315 0.198 
 82     2453    (0)    5 :  0.251 0.264 0.015 0.159 0.311 
 83     2454    (0)    5 :  0.215 0.244 0.020 0.301 0.220 
 84     2455    (0)    5 :  0.224 0.257 0.062 0.184 0.273 
 85     2456    (0)    5 :  0.217 0.289 0.015 0.188 0.291 
 86     2457    (0)    5 :  0.317 0.178 0.013 0.266 0.226 
 87     2458    (0)    5 :  0.245 0.265 0.008 0.189 0.292 
 88     1074    (0)    6 :  0.142 0.173 0.356 0.186 0.143 
 89     1075    (0)    6 :  0.191 0.289 0.012 0.250 0.258 
 90     1076    (0)    6 :  0.013 0.012 0.951 0.011 0.013 
 91     1077    (0)    6 :  0.222 0.239 0.086 0.230 0.224 
 92     1078    (0)    6 :  0.184 0.255 0.132 0.212 0.217 


Estimated Allele Frequencies in each cluster
First column gives estimated ancestral frequencies


Locus 1 : 1 
4 alleles
0.0% missing data
  91   (0.341) 0.374 0.363 0.175 0.368 0.365 
  89   (0.512) 0.492 0.498 0.644 0.496 0.498 
  93   (0.123) 0.112 0.116 0.174 0.117 0.115 
  99   (0.025) 0.021 0.023 0.007 0.019 0.023 

Locus 2 : 2 
6 alleles
0.0% missing data
 134   (0.262) 0.253 0.245 0.439 0.236 0.253 
 136   (0.334) 0.348 0.348 0.284 0.357 0.345 
 140   (0.095) 0.090 0.098 0.031 0.099 0.093 
 138   (0.250) 0.262 0.258 0.229 0.262 0.259 
 132   (0.038) 0.031 0.035 0.010 0.029 0.035 
 142   (0.021) 0.016 0.016 0.007 0.017 0.016 

Locus 3 : 3 
6 alleles
0.0% missing data
 179   (0.286) 0.307 0.295 0.331 0.314 0.294 
 187   (0.325) 0.309 0.339 0.256 0.327 0.326 
 185   (0.117) 0.114 0.114 0.036 0.114 0.116 
 191   (0.034) 0.038 0.028 0.095 0.031 0.032 
 181   (0.173) 0.177 0.169 0.170 0.163 0.175 
 175   (0.065) 0.054 0.056 0.111 0.051 0.057 

Locus 4 : 4 
10 alleles
0.0% missing data
 241   (0.179) 0.178 0.191 0.065 0.185 0.186 
 247   (0.095) 0.089 0.090 0.034 0.089 0.091 
 253   (0.400) 0.398 0.403 0.561 0.412 0.398 
 273   (0.021) 0.016 0.016 0.005 0.013 0.016 
 269   (0.182) 0.191 0.187 0.300 0.191 0.187 
 271   (0.054) 0.078 0.061 0.015 0.065 0.066 
 249   (0.026) 0.021 0.022 0.007 0.019 0.023 
 239   (0.015) 0.010 0.010 0.004 0.009 0.011 
 265   (0.014) 0.010 0.010 0.004 0.010 0.011 
 245   (0.015) 0.010 0.010 0.004 0.009 0.011 

Locus 5 : 5 
4 alleles
3.3% missing data
 103   (0.902) 0.904 0.913 0.967 0.916 0.907 
 105   (0.055) 0.061 0.053 0.019 0.054 0.057 
 102   (0.020) 0.017 0.017 0.008 0.015 0.017 
 104   (0.022) 0.019 0.017 0.007 0.016 0.019 

Locus 6 : 6 
5 alleles
0.0% missing data
 135   (0.295) 0.292 0.289 0.160 0.271 0.298 
 145   (0.375) 0.375 0.370 0.589 0.399 0.367 
 141   (0.279) 0.295 0.302 0.234 0.297 0.294 
 147   (0.028) 0.022 0.023 0.011 0.020 0.023 
 137   (0.022) 0.016 0.017 0.006 0.014 0.018 

Locus 7 : 7 
10 alleles
1.1% missing data
  97   (0.190) 0.183 0.184 0.229 0.180 0.185 
 103   (0.334) 0.356 0.360 0.368 0.371 0.352 
  89   (0.093) 0.090 0.091 0.032 0.091 0.092 
  93   (0.218) 0.203 0.220 0.189 0.212 0.216 
  83   (0.056) 0.045 0.047 0.149 0.044 0.047 
  99   (0.021) 0.016 0.016 0.009 0.015 0.016 
  91   (0.026) 0.020 0.021 0.007 0.017 0.022 
  85   (0.032) 0.056 0.037 0.009 0.045 0.043 
 101   (0.015) 0.016 0.011 0.004 0.012 0.013 
 105   (0.015) 0.016 0.012 0.004 0.012 0.013 

Locus 8 : 8 
7 alleles
0.0% missing data
 129   (0.589) 0.615 0.615 0.658 0.619 0.612 
 143   (0.247) 0.254 0.253 0.163 0.257 0.253 
 141   (0.055) 0.044 0.044 0.067 0.041 0.046 
 149   (0.054) 0.045 0.046 0.071 0.046 0.047 
 133   (0.026) 0.021 0.023 0.008 0.020 0.023 
 127   (0.015) 0.011 0.011 0.004 0.009 0.011 
 145   (0.015) 0.009 0.008 0.029 0.007 0.009 

Locus 9 : 9 
4 alleles
0.0% missing data
 189   (0.473) 0.504 0.493 0.457 0.496 0.493 
 191   (0.332) 0.328 0.335 0.243 0.324 0.337 
 195   (0.180) 0.157 0.162 0.296 0.172 0.159 
 193   (0.016) 0.011 0.010 0.004 0.009 0.011 

Locus 10 : 10 
6 alleles
0.0% missing data
 250   (0.051) 0.044 0.046 0.017 0.042 0.047 
 254   (0.050) 0.045 0.044 0.014 0.040 0.048 
 252   (0.101) 0.120 0.103 0.055 0.110 0.109 
 238   (0.590) 0.598 0.586 0.677 0.600 0.591 
 232   (0.184) 0.173 0.197 0.227 0.187 0.185 
 248   (0.024) 0.020 0.023 0.010 0.021 0.022 

Locus 11 : 11 
4 alleles
0.0% missing data
  87   (0.755) 0.724 0.755 0.717 0.744 0.747 
  89   (0.188) 0.215 0.193 0.259 0.203 0.198 
  91   (0.042) 0.049 0.041 0.021 0.044 0.044 
  85   (0.015) 0.011 0.011 0.004 0.009 0.012 

Locus 12 : 12 
11 alleles
0.0% missing data
 160   (0.282) 0.285 0.282 0.365 0.286 0.285 
 158   (0.181) 0.179 0.179 0.308 0.166 0.182 
 162   (0.252) 0.289 0.281 0.167 0.285 0.280 
 170   (0.058) 0.053 0.059 0.032 0.060 0.055 
 161   (0.081) 0.074 0.077 0.054 0.072 0.077 
 154   (0.026) 0.020 0.022 0.007 0.020 0.022 
 143   (0.025) 0.022 0.021 0.007 0.019 0.023 
 134   (0.014) 0.010 0.010 0.004 0.008 0.011 
 147   (0.029) 0.028 0.030 0.010 0.039 0.026 
 159   (0.021) 0.014 0.014 0.034 0.014 0.014 
 149   (0.031) 0.025 0.026 0.013 0.030 0.026 

Locus 13 : 13 
4 alleles
0.0% missing data
 113   (0.321) 0.288 0.304 0.374 0.296 0.302 
 115   (0.526) 0.551 0.550 0.352 0.559 0.546 
 108   (0.138) 0.151 0.135 0.270 0.136 0.141 
 110   (0.015) 0.010 0.010 0.004 0.008 0.011 

Locus 14 : 14 
8 alleles
0.0% missing data
 225   (0.146) 0.154 0.148 0.073 0.143 0.153 
 229   (0.452) 0.451 0.475 0.462 0.476 0.460 
 227   (0.152) 0.154 0.142 0.364 0.151 0.146 
 231   (0.163) 0.173 0.165 0.050 0.161 0.171 
 203   (0.015) 0.013 0.010 0.005 0.010 0.012 
 233   (0.042) 0.037 0.040 0.014 0.041 0.038 
 213   (0.015) 0.010 0.011 0.004 0.009 0.011 
 221   (0.015) 0.009 0.008 0.029 0.007 0.009 

Locus 15 : 15 
4 alleles
1.1% missing data
 143   (0.911) 0.922 0.926 0.973 0.927 0.923 
 145   (0.046) 0.038 0.040 0.015 0.039 0.040 
 147   (0.027) 0.030 0.023 0.008 0.026 0.026 
 157   (0.016) 0.011 0.011 0.004 0.009 0.012 

Locus 16 : 16 
5 alleles
0.0% missing data
 158   (0.521) 0.520 0.529 0.592 0.529 0.524 
 156   (0.271) 0.292 0.268 0.252 0.267 0.280 
 154   (0.057) 0.051 0.057 0.019 0.047 0.057 
 160   (0.136) 0.126 0.135 0.132 0.144 0.129 
 152   (0.015) 0.011 0.011 0.004 0.012 0.011 

Locus 17 : 17 
5 alleles
0.0% missing data
  90   (0.652) 0.668 0.673 0.636 0.665 0.670 
 100   (0.114) 0.121 0.114 0.052 0.119 0.117 
 102   (0.157) 0.147 0.149 0.254 0.154 0.147 
 104   (0.015) 0.011 0.011 0.004 0.010 0.011 
  88   (0.062) 0.053 0.053 0.054 0.052 0.055 

Locus 18 : 18 
7 alleles
0.0% missing data
 127   (0.268) 0.248 0.261 0.350 0.249 0.256 
 140   (0.276) 0.304 0.285 0.264 0.299 0.291 
 142   (0.141) 0.142 0.151 0.041 0.145 0.148 
 148   (0.097) 0.088 0.092 0.069 0.096 0.091 
 146   (0.094) 0.084 0.090 0.060 0.087 0.089 
 138   (0.060) 0.049 0.052 0.197 0.047 0.051 
 150   (0.064) 0.085 0.068 0.018 0.077 0.073 

Locus 19 : 19 
6 alleles
0.0% missing data
 190   (0.103) 0.091 0.092 0.149 0.096 0.092 
 194   (0.557) 0.542 0.578 0.451 0.568 0.562 
 202   (0.037) 0.032 0.034 0.011 0.028 0.034 
 188   (0.163) 0.180 0.164 0.129 0.171 0.170 
 200   (0.124) 0.146 0.121 0.257 0.129 0.130 
 198   (0.015) 0.010 0.010 0.004 0.008 0.011 

Locus 20 : 20 
6 alleles
0.0% missing data
 252   (0.696) 0.731 0.713 0.741 0.727 0.714 
 246   (0.100) 0.089 0.090 0.202 0.089 0.091 
 248   (0.020) 0.016 0.017 0.005 0.015 0.017 
 244   (0.027) 0.023 0.023 0.008 0.025 0.022 
 250   (0.085) 0.073 0.081 0.023 0.069 0.082 
 254   (0.073) 0.068 0.076 0.020 0.075 0.073 

Locus 21 : 21 
6 alleles
0.0% missing data
 167   (0.265) 0.292 0.275 0.302 0.297 0.276 
 173   (0.307) 0.322 0.315 0.367 0.327 0.314 
 163   (0.038) 0.035 0.039 0.012 0.032 0.039 
 177   (0.199) 0.182 0.200 0.176 0.180 0.196 
 175   (0.123) 0.112 0.109 0.114 0.111 0.113 
 165   (0.068) 0.057 0.062 0.029 0.054 0.063 

Locus 22 : 22 
10 alleles
1.1% missing data
 152   (0.431) 0.426 0.441 0.585 0.436 0.436 
 158   (0.128) 0.123 0.120 0.135 0.124 0.121 
 146   (0.195) 0.239 0.217 0.095 0.238 0.220 
 150   (0.037) 0.031 0.033 0.016 0.031 0.033 
 162   (0.037) 0.030 0.031 0.021 0.026 0.032 
 166   (0.071) 0.069 0.070 0.033 0.069 0.070 
 164   (0.039) 0.035 0.040 0.012 0.034 0.039 
 148   (0.023) 0.020 0.022 0.007 0.018 0.022 
 142   (0.016) 0.010 0.009 0.089 0.008 0.010 
 156   (0.021) 0.017 0.017 0.006 0.016 0.017 

Locus 23 : 23 
6 alleles
1.1% missing data
 144   (0.171) 0.172 0.168 0.303 0.168 0.169 
 156   (0.151) 0.147 0.148 0.135 0.136 0.152 
 154   (0.538) 0.563 0.564 0.381 0.583 0.558 
 160   (0.103) 0.090 0.091 0.170 0.087 0.092 
 152   (0.015) 0.011 0.011 0.004 0.012 0.011 
 158   (0.022) 0.016 0.017 0.007 0.014 0.017 

Locus 24 : 24 
4 alleles
1.1% missing data
  81   (0.391) 0.409 0.402 0.351 0.411 0.403 
  83   (0.471) 0.455 0.464 0.468 0.455 0.465 
  77   (0.096) 0.096 0.098 0.112 0.097 0.095 
  85   (0.043) 0.040 0.036 0.069 0.037 0.037 

Locus 25 : 25 
6 alleles
1.1% missing data
 124   (0.505) 0.536 0.522 0.547 0.542 0.523 
 132   (0.294) 0.286 0.298 0.363 0.296 0.292 
 122   (0.118) 0.113 0.117 0.038 0.104 0.118 
 126   (0.045) 0.039 0.038 0.014 0.034 0.041 
 136   (0.022) 0.015 0.014 0.033 0.012 0.015 
 120   (0.015) 0.011 0.011 0.004 0.012 0.011 

Locus 26 : 26 
6 alleles
0.0% missing data
 165   (0.246) 0.245 0.237 0.390 0.239 0.241 
 183   (0.352) 0.344 0.363 0.186 0.354 0.355 
 179   (0.094) 0.109 0.101 0.029 0.115 0.102 
 175   (0.233) 0.224 0.231 0.358 0.224 0.230 
 181   (0.060) 0.068 0.057 0.032 0.057 0.061 
 185   (0.015) 0.011 0.011 0.004 0.011 0.011 

Locus 27 : 27 
4 alleles
0.0% missing data
 142   (0.521) 0.556 0.527 0.701 0.551 0.533 
 150   (0.168) 0.154 0.165 0.095 0.160 0.161 
 148   (0.234) 0.227 0.246 0.090 0.228 0.242 
 138   (0.076) 0.063 0.063 0.114 0.060 0.064 

Locus 28 : 28 
5 alleles
0.0% missing data
 260   (0.466) 0.450 0.474 0.517 0.459 0.466 
 262   (0.439) 0.474 0.448 0.371 0.470 0.455 
 258   (0.028) 0.022 0.022 0.009 0.019 0.023 
 256   (0.050) 0.043 0.046 0.016 0.044 0.045 
 264   (0.017) 0.010 0.009 0.088 0.008 0.010 

Locus 29 : 29 
5 alleles
1.1% missing data
 140   (0.153) 0.139 0.140 0.149 0.148 0.140 
 150   (0.520) 0.561 0.545 0.484 0.565 0.544 
 148   (0.069) 0.064 0.065 0.021 0.066 0.065 
 146   (0.225) 0.209 0.221 0.336 0.195 0.222 
 152   (0.034) 0.028 0.029 0.011 0.026 0.029 

Locus 30 : 30 
6 alleles
0.0% missing data
 125   (0.255) 0.270 0.269 0.131 0.257 0.272 
 129   (0.508) 0.490 0.505 0.658 0.512 0.496 
 123   (0.104) 0.129 0.110 0.062 0.128 0.114 
 131   (0.038) 0.030 0.029 0.123 0.027 0.030 
 127   (0.075) 0.066 0.070 0.022 0.061 0.070 
 121   (0.019) 0.016 0.017 0.005 0.014 0.017 

Locus 31 : 31 
5 alleles
0.0% missing data
 155   (0.557) 0.543 0.562 0.488 0.533 0.562 
 159   (0.137) 0.161 0.139 0.153 0.156 0.145 
 157   (0.203) 0.198 0.206 0.257 0.210 0.199 
 151   (0.028) 0.020 0.021 0.008 0.019 0.022 
 153   (0.075) 0.078 0.071 0.094 0.082 0.072 

Locus 32 : 32 
4 alleles
0.0% missing data
  92   (0.271) 0.281 0.271 0.203 0.274 0.277 
  94   (0.060) 0.056 0.058 0.028 0.057 0.057 
  95   (0.182) 0.165 0.180 0.296 0.170 0.174 
  91   (0.487) 0.498 0.491 0.473 0.499 0.492 

Locus 33 : 33 
4 alleles
0.0% missing data
 146   (0.345) 0.309 0.333 0.316 0.319 0.327 
 148   (0.064) 0.075 0.065 0.021 0.069 0.068 
 150   (0.542) 0.550 0.551 0.646 0.553 0.549 
 154   (0.049) 0.066 0.051 0.018 0.059 0.055 

Locus 34 : 34 
6 alleles
0.0% missing data
 180   (0.412) 0.426 0.424 0.473 0.430 0.424 
 192   (0.191) 0.177 0.185 0.252 0.186 0.181 
 184   (0.191) 0.183 0.187 0.124 0.184 0.187 
 196   (0.150) 0.158 0.151 0.135 0.150 0.154 
 198   (0.037) 0.041 0.034 0.011 0.035 0.037 
 190   (0.019) 0.016 0.017 0.005 0.014 0.017 

Locus 35 : 35 
6 alleles
0.0% missing data
 106   (0.304) 0.318 0.310 0.349 0.330 0.308 
 112   (0.290) 0.306 0.291 0.396 0.294 0.296 
  94   (0.028) 0.025 0.027 0.008 0.023 0.028 
 110   (0.191) 0.189 0.200 0.155 0.191 0.196 
 108   (0.146) 0.132 0.141 0.054 0.136 0.139 
  90   (0.041) 0.030 0.031 0.038 0.026 0.032 

Locus 36 : 36 
8 alleles
0.0% missing data
 168   (0.106) 0.124 0.112 0.032 0.124 0.117 
 178   (0.059) 0.049 0.048 0.085 0.049 0.049 
 170   (0.259) 0.264 0.261 0.169 0.246 0.266 
 174   (0.128) 0.142 0.140 0.080 0.154 0.135 
 172   (0.274) 0.256 0.260 0.517 0.256 0.260 
 176   (0.097) 0.096 0.113 0.028 0.100 0.106 
 166   (0.053) 0.043 0.043 0.079 0.044 0.044 
 186   (0.025) 0.026 0.022 0.009 0.027 0.023 

Locus 37 : 37 
6 alleles
0.0% missing data
  85   (0.202) 0.254 0.223 0.106 0.241 0.231 
  95   (0.054) 0.043 0.045 0.107 0.040 0.046 
  89   (0.530) 0.522 0.531 0.606 0.536 0.525 
  83   (0.147) 0.127 0.144 0.157 0.133 0.140 
  81   (0.052) 0.043 0.045 0.021 0.041 0.046 
  91   (0.015) 0.011 0.011 0.004 0.009 0.012 

Locus 38 : 38 
6 alleles
0.0% missing data
 161   (0.352) 0.359 0.361 0.231 0.375 0.357 
 165   (0.203) 0.221 0.213 0.178 0.213 0.216 
 167   (0.042) 0.042 0.038 0.031 0.042 0.039 
 169   (0.104) 0.104 0.109 0.055 0.109 0.104 
 173   (0.284) 0.265 0.270 0.446 0.253 0.274 
 175   (0.016) 0.010 0.009 0.060 0.008 0.010 

Locus 39 : 39 
5 alleles
0.0% missing data
  85   (0.226) 0.215 0.215 0.280 0.205 0.220 
  87   (0.111) 0.131 0.116 0.033 0.119 0.122 
  91   (0.157) 0.133 0.144 0.247 0.131 0.143 
  81   (0.076) 0.069 0.074 0.041 0.075 0.072 
  89   (0.430) 0.452 0.451 0.400 0.470 0.443 

Locus 40 : 40 
3 alleles
0.0% missing data
 167   (0.773) 0.794 0.785 0.862 0.797 0.785 
 161   (0.190) 0.174 0.180 0.128 0.174 0.180 
 165   (0.037) 0.032 0.035 0.009 0.029 0.035 

Locus 41 : 41 
6 alleles
0.0% missing data
 224   (0.021) 0.019 0.016 0.006 0.016 0.018 
 228   (0.361) 0.353 0.354 0.575 0.346 0.356 
 238   (0.397) 0.433 0.417 0.288 0.421 0.420 
 240   (0.156) 0.144 0.155 0.113 0.169 0.147 
 242   (0.015) 0.011 0.011 0.004 0.009 0.012 
 236   (0.050) 0.041 0.046 0.014 0.038 0.047 

Locus 42 : 42 
7 alleles
1.1% missing data
 130   (0.514) 0.527 0.541 0.427 0.522 0.536 
 118   (0.059) 0.051 0.052 0.047 0.058 0.051 
 128   (0.069) 0.061 0.059 0.263 0.056 0.060 
 132   (0.098) 0.086 0.092 0.065 0.098 0.088 
 114   (0.098) 0.096 0.099 0.032 0.101 0.098 
 134   (0.146) 0.168 0.146 0.160 0.154 0.156 
 122   (0.015) 0.011 0.011 0.005 0.010 0.011 

Locus 43 : 43 
6 alleles
0.0% missing data
 104   (0.444) 0.440 0.432 0.550 0.430 0.439 
  98   (0.127) 0.128 0.129 0.036 0.128 0.129 
 102   (0.237) 0.259 0.250 0.340 0.270 0.246 
  92   (0.119) 0.114 0.127 0.048 0.115 0.124 
  96   (0.058) 0.048 0.050 0.022 0.047 0.051 
 106   (0.015) 0.011 0.011 0.004 0.010 0.012 

Locus 44 : 44 
5 alleles
0.0% missing data
  95   (0.224) 0.228 0.230 0.178 0.238 0.227 
 101   (0.348) 0.338 0.334 0.548 0.329 0.337 
 103   (0.301) 0.312 0.315 0.237 0.323 0.309 
  99   (0.090) 0.087 0.088 0.025 0.079 0.091 
  97   (0.038) 0.035 0.033 0.012 0.032 0.036 

Locus 45 : 45 
7 alleles
0.0% missing data
 181   (0.574) 0.553 0.591 0.640 0.571 0.577 
 191   (0.276) 0.304 0.279 0.223 0.296 0.287 
 179   (0.025) 0.049 0.032 0.007 0.040 0.036 
 177   (0.060) 0.047 0.050 0.110 0.051 0.049 
 183   (0.022) 0.016 0.016 0.008 0.014 0.017 
 189   (0.021) 0.015 0.016 0.006 0.013 0.017 
 193   (0.022) 0.016 0.017 0.006 0.014 0.018 

Locus 46 : 46 
6 alleles
2.2% missing data
 211   (0.200) 0.217 0.201 0.145 0.211 0.208 
 215   (0.062) 0.054 0.058 0.019 0.052 0.059 
 205   (0.466) 0.483 0.482 0.578 0.485 0.479 
 207   (0.208) 0.185 0.201 0.234 0.187 0.197 
 201   (0.049) 0.048 0.047 0.017 0.054 0.045 
 202   (0.015) 0.014 0.011 0.006 0.012 0.013 

Locus 47 : 47 
9 alleles
0.0% missing data
 142   (0.293) 0.314 0.293 0.456 0.302 0.301 
 162   (0.063) 0.054 0.056 0.023 0.051 0.058 
 164   (0.049) 0.041 0.043 0.019 0.044 0.043 
 168   (0.141) 0.134 0.151 0.070 0.143 0.143 
 158   (0.173) 0.171 0.179 0.114 0.175 0.176 
 170   (0.032) 0.025 0.027 0.009 0.022 0.028 
 166   (0.143) 0.171 0.153 0.219 0.153 0.159 
 144   (0.065) 0.057 0.060 0.078 0.067 0.057 
 156   (0.041) 0.035 0.037 0.013 0.042 0.035 

Locus 48 : 48 
6 alleles
0.0% missing data
 149   (0.356) 0.325 0.346 0.448 0.332 0.342 
 151   (0.192) 0.203 0.194 0.142 0.187 0.199 
 145   (0.197) 0.215 0.196 0.320 0.211 0.200 
 153   (0.220) 0.231 0.236 0.081 0.246 0.230 
 143   (0.020) 0.016 0.017 0.006 0.014 0.017 
 147   (0.015) 0.011 0.011 0.004 0.009 0.012 

Values of parameters used in structure:
DATAFILE=w1.str,	OUTFILE=k5/w1_k5_run3,	NUMINDS=92,	NUMLOCI=48,	MISSING=-9,	LABEL=1,	POPDATA=1,	POPFLAG=0,	PHENOTYPE=0,	EXTRACOLS=0,	MAXPOPS=5,	BURNIN=500000,	NUMREPS=750000,	USEPOPINFO=0,	INFERALPHA=1,	INFERLAMBDA=0,	POPSPECIFICLAMBDA=0,	POPALPHAS=0,	COMPUTEPROB=1,	NOADMIX=0,	ADMBURNIN=500,	UPDATEFREQ=100,	PRINTLIKES=0,	INTERMEDSAVE=0,	PRINTKLD=0,	PRINTNET=1,	PRINTLAMBDA=1,	ANCESTDIST=0,	NUMBOXES=1000,	ANCESTPINT=0.90000,	GENSBACK=2,	MIGRPRIOR=0.01000,	PRINTQHAT=0,	PRINTQSUM=1,	ALPHA=1.0000,	FREQSCORR=1,	FPRIORMEAN=0.0100,	FPRIORSD=0.0500,	ONEFST=0,	LAMBDA=1.0000,	UNIFPRIORALPHA=1,	ALPHAMAX=10.0000,	ALPHAPRIORA=1.0000,	ALPHAPRIORB=2.0000,	ALPHAPROPSD=0.0250,	STARTATPOPINFO=0,	RANDOMIZE=0,	LINKAGE=0,	METROFREQ=10,	REPORTHITRATE=0,	MARKOVPHASE=0,	PHASED=1,	PLOIDY=2,	PHASEINFO=0	LOCPRIOR=0, 	LOCPRIORINIT=1.000000, 	LOCDATA=0, 	LOCISPOP=1, 	LOCPRIORSTEP=0.100000, 	MAXLOCPRIOR=20.000000, 	SEED=424394,	
[STRAT parameters]:    NUMSIMSTATS=1000,	PHENOTYPECOL=-9,	POOLFREQ=10,	LOCUSxONLY=0,	EMERROR=0.00100,	MISSINGPHENO=-9,	