

----------------------------------------------------
STRUCTURE by Pritchard, Stephens and Donnelly (2000)
     and Falush, Stephens and Pritchard (2003)
       Code by Pritchard, Falush and Hubisz
             Version 2.3.4 (Jul 2012)
----------------------------------------------------



Command line arguments:   structure -D 561681 -K 3 -m mainparams -o k3/w1_k3_run8 
Input File:    w1.str

Run parameters:
   92 individuals
   48 loci
   3 populations assumed
   500000 Burn-in period
   750000 Reps
RANDOMIZE turned off


--------------------------------------------
Proportion of membership of each pre-defined
 population in each of the 3 clusters

Given    Inferred Clusters       Number of
 Pop       1      2      3      Individuals

  1:     0.329  0.329  0.341       10
  2:     0.330  0.325  0.346       23
  3:     0.343  0.346  0.311       11
  4:     0.351  0.360  0.289       18
  5:     0.310  0.307  0.382       25
  6:     0.370  0.370  0.260        5
--------------------------------------------

Allele-freq. divergence among pops (Net nucleotide distance),
computed using point estimates of P.

      1       2       3      
 1      -    0.0002  0.0232  
 2   0.0002     -    0.0230  
 3   0.0232  0.0230     -    

Average distances (expected heterozygosity) between individuals in same cluster:
cluster  1  : 0.5784 
cluster  2  : 0.5795 
cluster  3  : 0.7105 

--------------------------------------------
Estimated Ln Prob of Data   = -11269.9
Mean value of ln likelihood = -10876.1
Variance of ln likelihood   = 787.5
Mean value of alpha         = 3.8374

Mean value of Fst_1         = 0.3026
Mean value of Fst_2         = 0.3004
Mean value of Fst_3         = 0.0001


Inferred ancestry of individuals:
        Label (%Miss) Pop:  Inferred clusters
  1     2355    (0)    1 :  0.313 0.311 0.376 
  2     2356    (0)    1 :  0.259 0.270 0.471 
  3     2357    (0)    1 :  0.386 0.405 0.209 
  4     2358    (0)    1 :  0.333 0.322 0.345 
  5     2359    (0)    1 :  0.392 0.381 0.226 
  6     2360    (0)    1 :  0.346 0.366 0.288 
  7     2361    (2)    1 :  0.343 0.325 0.331 
  8     2362    (0)    1 :  0.353 0.348 0.299 
  9     2363    (0)    1 :  0.250 0.256 0.493 
 10     2364    (0)    1 :  0.317 0.307 0.376 
 11     2369    (0)    2 :  0.409 0.394 0.197 
 12     2370    (0)    2 :  0.357 0.358 0.284 
 13     2372    (0)    2 :  0.356 0.366 0.279 
 14     2373    (0)    2 :  0.302 0.295 0.403 
 15     2374    (0)    2 :  0.351 0.350 0.299 
 16     2375    (0)    2 :  0.278 0.281 0.440 
 17     2376    (0)    2 :  0.337 0.343 0.320 
 18     2377    (0)    2 :  0.328 0.314 0.358 
 19     2378    (0)    2 :  0.397 0.369 0.234 
 20     2379    (0)    2 :  0.316 0.292 0.391 
 21     2380    (0)    2 :  0.360 0.359 0.282 
 22     2381    (0)    2 :  0.352 0.351 0.298 
 23     2382    (0)    2 :  0.268 0.280 0.452 
 24     2383    (0)    2 :  0.393 0.385 0.222 
 25     2384    (0)    2 :  0.364 0.352 0.284 
 26     2385    (0)    2 :  0.304 0.306 0.390 
 27     2386    (0)    2 :  0.294 0.293 0.413 
 28     2387    (0)    2 :  0.334 0.342 0.324 
 29     2388    (0)    2 :  0.258 0.262 0.480 
 30     2389    (2)    2 :  0.217 0.223 0.560 
 31     2390    (0)    2 :  0.281 0.269 0.450 
 32     2391    (0)    2 :  0.341 0.327 0.332 
 33     2392    (0)    2 :  0.384 0.360 0.256 
 34     2459    (0)    3 :  0.316 0.326 0.358 
 35     2460    (0)    3 :  0.337 0.327 0.336 
 36     2461    (0)    3 :  0.358 0.370 0.273 
 37     2462    (4)    3 :  0.313 0.321 0.365 
 38     2463    (0)    3 :  0.369 0.376 0.255 
 39     2464    (2)    3 :  0.307 0.303 0.390 
 40     2465    (0)    3 :  0.389 0.400 0.211 
 41     2466    (2)    3 :  0.372 0.360 0.268 
 42     2467    (0)    3 :  0.332 0.325 0.343 
 43     2468    (0)    3 :  0.367 0.373 0.260 
 44     2469    (0)    3 :  0.318 0.325 0.357 
 45     1011    (0)    4 :  0.395 0.361 0.244 
 46     1012    (4)    4 :  0.379 0.392 0.229 
 47     1013    (4)    4 :  0.357 0.374 0.269 
 48     1015    (2)    4 :  0.291 0.295 0.414 
 49     1016    (4)    4 :  0.295 0.299 0.407 
 50     2398    (0)    4 :  0.361 0.399 0.240 
 51     2399    (0)    4 :  0.356 0.342 0.302 
 52     2400    (0)    4 :  0.350 0.369 0.281 
 53     2401    (0)    4 :  0.354 0.366 0.280 
 54     2402    (0)    4 :  0.320 0.325 0.355 
 55     2403    (0)    4 :  0.375 0.412 0.213 
 56     2404    (0)    4 :  0.370 0.398 0.232 
 57     2405    (0)    4 :  0.344 0.349 0.306 
 58     2406    (0)    4 :  0.333 0.319 0.348 
 59     2407    (0)    4 :  0.365 0.354 0.282 
 60     2408    (0)    4 :  0.345 0.337 0.319 
 61     2409    (0)    4 :  0.350 0.375 0.275 
 62     2410    (0)    4 :  0.383 0.410 0.206 
 63      934    (0)    5 :  0.316 0.305 0.379 
 64     2434    (0)    5 :  0.309 0.311 0.381 
 65     2435    (0)    5 :  0.197 0.188 0.615 
 66     2436    (0)    5 :  0.233 0.234 0.533 
 67     2437    (0)    5 :  0.237 0.242 0.521 
 68     2438    (0)    5 :  0.322 0.320 0.358 
 69     2439    (0)    5 :  0.368 0.372 0.261 
 70     2440    (0)    5 :  0.334 0.346 0.319 
 71     2441    (0)    5 :  0.307 0.291 0.402 
 72     2442    (0)    5 :  0.318 0.303 0.379 
 73     2443    (0)    5 :  0.329 0.333 0.338 
 74     2444    (0)    5 :  0.309 0.316 0.375 
 75     2446    (0)    5 :  0.340 0.340 0.320 
 76     2447    (0)    5 :  0.316 0.303 0.381 
 77     2448    (0)    5 :  0.391 0.383 0.226 
 78     2449    (0)    5 :  0.280 0.294 0.426 
 79     2450    (0)    5 :  0.284 0.308 0.408 
 80     2451    (0)    5 :  0.248 0.255 0.496 
 81     2452    (0)    5 :  0.385 0.381 0.233 
 82     2453    (0)    5 :  0.298 0.282 0.421 
 83     2454    (0)    5 :  0.387 0.369 0.244 
 84     2455    (0)    5 :  0.359 0.355 0.286 
 85     2456    (0)    5 :  0.288 0.278 0.434 
 86     2457    (0)    5 :  0.308 0.300 0.392 
 87     2458    (0)    5 :  0.292 0.278 0.430 
 88     1074    (0)    6 :  0.399 0.395 0.207 
 89     1075    (0)    6 :  0.352 0.328 0.319 
 90     1076    (0)    6 :  0.355 0.390 0.255 
 91     1077    (0)    6 :  0.361 0.357 0.283 
 92     1078    (0)    6 :  0.383 0.381 0.236 


Estimated Allele Frequencies in each cluster
First column gives estimated ancestral frequencies


Locus 1 : 1 
4 alleles
0.0% missing data
  91   (0.319) 0.352 0.338 0.319 
  89   (0.499) 0.527 0.539 0.499 
  93   (0.136) 0.115 0.118 0.136 
  99   (0.046) 0.006 0.006 0.046 

Locus 2 : 2 
6 alleles
0.0% missing data
 134   (0.251) 0.278 0.294 0.251 
 136   (0.308) 0.345 0.362 0.308 
 140   (0.136) 0.066 0.064 0.136 
 138   (0.201) 0.298 0.266 0.201 
 132   (0.068) 0.010 0.010 0.068 
 142   (0.037) 0.003 0.003 0.037 

Locus 3 : 3 
6 alleles
0.0% missing data
 179   (0.270) 0.321 0.329 0.270 
 187   (0.182) 0.404 0.388 0.182 
 185   (0.182) 0.062 0.059 0.182 
 191   (0.064) 0.023 0.025 0.064 
 181   (0.207) 0.147 0.150 0.207 
 175   (0.095) 0.043 0.049 0.095 

Locus 4 : 4 
10 alleles
0.0% missing data
 241   (0.124) 0.216 0.190 0.124 
 247   (0.142) 0.048 0.049 0.142 
 253   (0.284) 0.497 0.512 0.284 
 273   (0.035) 0.002 0.002 0.035 
 269   (0.196) 0.202 0.213 0.196 
 271   (0.107) 0.025 0.024 0.107 
 249   (0.044) 0.006 0.006 0.044 
 239   (0.022) 0.001 0.001 0.022 
 265   (0.023) 0.002 0.002 0.023 
 245   (0.023) 0.001 0.001 0.023 

Locus 5 : 5 
4 alleles
3.3% missing data
 103   (0.827) 0.971 0.971 0.827 
 105   (0.098) 0.023 0.022 0.098 
 102   (0.038) 0.003 0.003 0.038 
 104   (0.036) 0.003 0.003 0.036 

Locus 6 : 6 
5 alleles
0.0% missing data
 135   (0.398) 0.204 0.200 0.398 
 145   (0.327) 0.444 0.459 0.327 
 141   (0.194) 0.345 0.334 0.194 
 147   (0.044) 0.005 0.005 0.044 
 137   (0.036) 0.002 0.003 0.036 

Locus 7 : 7 
10 alleles
1.1% missing data
  97   (0.158) 0.207 0.208 0.158 
 103   (0.232) 0.431 0.437 0.232 
  89   (0.127) 0.060 0.057 0.127 
  93   (0.211) 0.223 0.213 0.211 
  83   (0.078) 0.055 0.060 0.078 
  99   (0.033) 0.003 0.003 0.033 
  91   (0.044) 0.004 0.004 0.044 
  85   (0.072) 0.014 0.014 0.072 
 101   (0.023) 0.002 0.002 0.023 
 105   (0.023) 0.001 0.001 0.023 

Locus 8 : 8 
7 alleles
0.0% missing data
 129   (0.457) 0.715 0.718 0.457 
 143   (0.281) 0.222 0.215 0.281 
 141   (0.080) 0.029 0.033 0.080 
 149   (0.091) 0.025 0.024 0.091 
 133   (0.046) 0.006 0.006 0.046 
 127   (0.024) 0.002 0.002 0.024 
 145   (0.023) 0.002 0.002 0.023 

Locus 9 : 9 
4 alleles
0.0% missing data
 189   (0.511) 0.475 0.465 0.511 
 191   (0.254) 0.360 0.349 0.254 
 195   (0.212) 0.164 0.185 0.212 
 193   (0.024) 0.001 0.001 0.024 

Locus 10 : 10 
6 alleles
0.0% missing data
 250   (0.084) 0.018 0.018 0.084 
 254   (0.090) 0.011 0.011 0.090 
 252   (0.158) 0.059 0.058 0.158 
 238   (0.483) 0.665 0.667 0.483 
 232   (0.144) 0.237 0.236 0.144 
 248   (0.040) 0.011 0.010 0.040 

Locus 11 : 11 
4 alleles
0.0% missing data
  87   (0.680) 0.789 0.785 0.680 
  89   (0.219) 0.192 0.197 0.219 
  91   (0.077) 0.017 0.017 0.077 
  85   (0.024) 0.002 0.002 0.024 

Locus 12 : 12 
11 alleles
0.0% missing data
 160   (0.239) 0.325 0.328 0.239 
 158   (0.175) 0.203 0.221 0.175 
 162   (0.152) 0.340 0.315 0.152 
 170   (0.076) 0.046 0.047 0.076 
 161   (0.106) 0.052 0.054 0.106 
 154   (0.044) 0.006 0.006 0.044 
 143   (0.044) 0.003 0.003 0.044 
 134   (0.022) 0.001 0.001 0.022 
 147   (0.059) 0.013 0.013 0.059 
 159   (0.031) 0.004 0.004 0.031 
 149   (0.054) 0.007 0.007 0.054 

Locus 13 : 13 
4 alleles
0.0% missing data
 113   (0.377) 0.282 0.282 0.377 
 115   (0.441) 0.570 0.557 0.441 
 108   (0.158) 0.147 0.160 0.158 
 110   (0.023) 0.001 0.001 0.023 

Locus 14 : 14 
8 alleles
0.0% missing data
 225   (0.210) 0.095 0.097 0.210 
 229   (0.316) 0.555 0.545 0.316 
 227   (0.104) 0.219 0.231 0.104 
 231   (0.228) 0.111 0.106 0.228 
 203   (0.024) 0.002 0.002 0.024 
 233   (0.071) 0.015 0.015 0.071 
 213   (0.024) 0.002 0.002 0.024 
 221   (0.023) 0.002 0.002 0.023 

Locus 15 : 15 
4 alleles
1.1% missing data
 143   (0.849) 0.978 0.977 0.850 
 145   (0.079) 0.015 0.016 0.079 
 147   (0.048) 0.005 0.005 0.048 
 157   (0.024) 0.001 0.001 0.024 

Locus 16 : 16 
5 alleles
0.0% missing data
 158   (0.407) 0.608 0.603 0.407 
 156   (0.309) 0.239 0.240 0.309 
 154   (0.100) 0.027 0.025 0.100 
 160   (0.161) 0.124 0.131 0.161 
 152   (0.024) 0.002 0.002 0.024 

Locus 17 : 17 
5 alleles
0.0% missing data
  90   (0.568) 0.726 0.713 0.568 
 100   (0.146) 0.085 0.086 0.146 
 102   (0.171) 0.157 0.168 0.171 
 104   (0.024) 0.002 0.002 0.024 
  88   (0.092) 0.030 0.032 0.092 

Locus 18 : 18 
7 alleles
0.0% missing data
 127   (0.226) 0.291 0.308 0.226 
 140   (0.239) 0.304 0.303 0.239 
 142   (0.100) 0.172 0.149 0.100 
 148   (0.123) 0.070 0.071 0.123 
 146   (0.123) 0.061 0.059 0.123 
 138   (0.078) 0.069 0.078 0.078 
 150   (0.111) 0.032 0.031 0.111 

Locus 19 : 19 
6 alleles
0.0% missing data
 190   (0.124) 0.086 0.090 0.124 
 194   (0.393) 0.647 0.646 0.393 
 202   (0.068) 0.009 0.009 0.068 
 188   (0.208) 0.134 0.133 0.208 
 200   (0.184) 0.121 0.121 0.184 
 198   (0.024) 0.001 0.001 0.024 

Locus 20 : 20 
6 alleles
0.0% missing data
 252   (0.524) 0.828 0.826 0.524 
 246   (0.122) 0.096 0.102 0.122 
 248   (0.035) 0.004 0.004 0.035 
 244   (0.043) 0.007 0.007 0.043 
 250   (0.152) 0.028 0.027 0.152 
 254   (0.125) 0.036 0.034 0.125 

Locus 21 : 21 
6 alleles
0.0% missing data
 167   (0.225) 0.304 0.316 0.225 
 173   (0.236) 0.375 0.362 0.236 
 163   (0.078) 0.011 0.011 0.078 
 177   (0.207) 0.191 0.188 0.207 
 175   (0.149) 0.088 0.092 0.149 
 165   (0.104) 0.031 0.032 0.104 

Locus 22 : 22 
10 alleles
1.1% missing data
 152   (0.292) 0.559 0.558 0.292 
 158   (0.147) 0.100 0.111 0.147 
 146   (0.162) 0.233 0.227 0.162 
 150   (0.058) 0.015 0.015 0.058 
 162   (0.061) 0.009 0.010 0.061 
 166   (0.099) 0.043 0.040 0.099 
 164   (0.064) 0.023 0.020 0.064 
 148   (0.045) 0.005 0.005 0.045 
 142   (0.039) 0.009 0.011 0.039 
 156   (0.034) 0.003 0.003 0.034 

Locus 23 : 23 
6 alleles
1.1% missing data
 144   (0.158) 0.203 0.206 0.158 
 156   (0.203) 0.111 0.113 0.204 
 154   (0.456) 0.593 0.586 0.456 
 160   (0.122) 0.088 0.091 0.122 
 152   (0.024) 0.002 0.002 0.024 
 158   (0.036) 0.003 0.003 0.036 

Locus 24 : 24 
4 alleles
1.1% missing data
  81   (0.367) 0.423 0.410 0.367 
  83   (0.442) 0.471 0.484 0.442 
  77   (0.124) 0.085 0.084 0.124 
  85   (0.066) 0.021 0.022 0.066 

Locus 25 : 25 
6 alleles
1.1% missing data
 124   (0.468) 0.557 0.565 0.468 
 132   (0.204) 0.361 0.360 0.204 
 122   (0.184) 0.065 0.058 0.184 
 126   (0.081) 0.012 0.012 0.081 
 136   (0.038) 0.004 0.004 0.038 
 120   (0.026) 0.002 0.002 0.026 

Locus 26 : 26 
6 alleles
0.0% missing data
 165   (0.242) 0.269 0.268 0.242 
 183   (0.277) 0.374 0.364 0.277 
 179   (0.152) 0.062 0.065 0.152 
 175   (0.215) 0.263 0.270 0.215 
 181   (0.090) 0.030 0.032 0.090 
 185   (0.024) 0.002 0.002 0.024 

Locus 27 : 27 
4 alleles
0.0% missing data
 142   (0.477) 0.584 0.601 0.477 
 150   (0.205) 0.130 0.128 0.205 
 148   (0.213) 0.239 0.220 0.213 
 138   (0.105) 0.047 0.051 0.105 

Locus 28 : 28 
5 alleles
0.0% missing data
 260   (0.370) 0.537 0.534 0.370 
 262   (0.466) 0.425 0.428 0.466 
 258   (0.045) 0.004 0.004 0.045 
 256   (0.075) 0.024 0.022 0.075 
 264   (0.044) 0.009 0.011 0.044 

Locus 29 : 29 
5 alleles
1.1% missing data
 140   (0.165) 0.127 0.144 0.165 
 150   (0.409) 0.618 0.593 0.408 
 148   (0.117) 0.026 0.024 0.117 
 146   (0.251) 0.222 0.233 0.251 
 152   (0.059) 0.007 0.007 0.059 

Locus 30 : 30 
6 alleles
0.0% missing data
 125   (0.205) 0.274 0.275 0.205 
 129   (0.429) 0.579 0.578 0.430 
 123   (0.144) 0.086 0.083 0.144 
 131   (0.061) 0.031 0.035 0.061 
 127   (0.124) 0.028 0.026 0.124 
 121   (0.037) 0.003 0.003 0.037 

Locus 31 : 31 
5 alleles
0.0% missing data
 155   (0.501) 0.591 0.562 0.501 
 159   (0.155) 0.128 0.146 0.155 
 157   (0.199) 0.216 0.223 0.199 
 151   (0.047) 0.004 0.004 0.047 
 153   (0.099) 0.061 0.065 0.099 

Locus 32 : 32 
4 alleles
0.0% missing data
  92   (0.305) 0.240 0.228 0.305 
  94   (0.082) 0.040 0.039 0.082 
  95   (0.185) 0.198 0.208 0.185 
  91   (0.428) 0.522 0.525 0.428 

Locus 33 : 33 
4 alleles
0.0% missing data
 146   (0.377) 0.310 0.305 0.378 
 148   (0.106) 0.032 0.034 0.106 
 150   (0.431) 0.631 0.633 0.431 
 154   (0.085) 0.027 0.028 0.085 

Locus 34 : 34 
6 alleles
0.0% missing data
 180   (0.342) 0.483 0.483 0.342 
 192   (0.191) 0.199 0.200 0.191 
 184   (0.208) 0.163 0.161 0.208 
 196   (0.157) 0.142 0.143 0.157 
 198   (0.066) 0.010 0.010 0.066 
 190   (0.035) 0.003 0.003 0.035 

Locus 35 : 35 
6 alleles
0.0% missing data
 106   (0.269) 0.339 0.349 0.269 
 112   (0.249) 0.336 0.338 0.249 
  94   (0.057) 0.006 0.007 0.057 
 110   (0.167) 0.208 0.197 0.167 
 108   (0.191) 0.100 0.099 0.191 
  90   (0.067) 0.010 0.010 0.067 

Locus 36 : 36 
8 alleles
0.0% missing data
 168   (0.132) 0.088 0.086 0.132 
 178   (0.084) 0.033 0.037 0.084 
 170   (0.275) 0.229 0.219 0.275 
 174   (0.098) 0.159 0.148 0.098 
 172   (0.192) 0.339 0.372 0.192 
 176   (0.099) 0.117 0.103 0.099 
 166   (0.076) 0.030 0.030 0.076 
 186   (0.044) 0.005 0.005 0.044 

Locus 37 : 37 
6 alleles
0.0% missing data
  85   (0.201) 0.227 0.211 0.201 
  95   (0.092) 0.031 0.035 0.092 
  89   (0.436) 0.590 0.606 0.436 
  83   (0.157) 0.137 0.134 0.157 
  81   (0.091) 0.013 0.014 0.091 
  91   (0.024) 0.001 0.001 0.024 

Locus 38 : 38 
6 alleles
0.0% missing data
 161   (0.348) 0.354 0.336 0.348 
 165   (0.213) 0.201 0.201 0.213 
 167   (0.064) 0.021 0.023 0.064 
 169   (0.106) 0.105 0.097 0.106 
 173   (0.236) 0.314 0.337 0.236 
 175   (0.033) 0.006 0.007 0.033 

Locus 39 : 39 
5 alleles
0.0% missing data
  85   (0.250) 0.211 0.209 0.250 
  87   (0.174) 0.067 0.063 0.174 
  91   (0.183) 0.139 0.154 0.183 
  81   (0.116) 0.044 0.042 0.116 
  89   (0.277) 0.539 0.532 0.277 

Locus 40 : 40 
3 alleles
0.0% missing data
 167   (0.664) 0.870 0.871 0.663 
 161   (0.265) 0.120 0.120 0.265 
 165   (0.071) 0.010 0.009 0.071 

Locus 41 : 41 
6 alleles
0.0% missing data
 224   (0.037) 0.004 0.004 0.037 
 228   (0.333) 0.416 0.414 0.333 
 238   (0.290) 0.459 0.451 0.290 
 240   (0.224) 0.108 0.119 0.224 
 242   (0.025) 0.001 0.001 0.025 
 236   (0.093) 0.012 0.012 0.093 

Locus 42 : 42 
7 alleles
1.1% missing data
 130   (0.367) 0.604 0.598 0.367 
 118   (0.096) 0.027 0.030 0.096 
 128   (0.074) 0.096 0.107 0.074 
 132   (0.127) 0.071 0.068 0.127 
 114   (0.138) 0.060 0.060 0.138 
 134   (0.174) 0.140 0.135 0.174 
 122   (0.023) 0.002 0.002 0.023 

Locus 43 : 43 
6 alleles
0.0% missing data
 104   (0.395) 0.471 0.477 0.395 
  98   (0.177) 0.084 0.082 0.177 
 102   (0.144) 0.335 0.333 0.144 
  92   (0.166) 0.091 0.088 0.166 
  96   (0.093) 0.018 0.019 0.093 
 106   (0.024) 0.002 0.002 0.024 

Locus 44 : 44 
5 alleles
0.0% missing data
  95   (0.222) 0.236 0.219 0.222 
 101   (0.291) 0.398 0.413 0.291 
 103   (0.262) 0.320 0.326 0.262 
  99   (0.152) 0.039 0.034 0.152 
  97   (0.073) 0.007 0.007 0.073 

Locus 45 : 45 
7 alleles
0.0% missing data
 181   (0.449) 0.676 0.671 0.449 
 191   (0.278) 0.268 0.273 0.278 
 179   (0.064) 0.012 0.012 0.064 
 177   (0.102) 0.035 0.036 0.102 
 183   (0.035) 0.003 0.004 0.035 
 189   (0.036) 0.003 0.003 0.036 
 193   (0.036) 0.002 0.002 0.036 

Locus 46 : 46 
6 alleles
2.2% missing data
 211   (0.210) 0.187 0.179 0.210 
 215   (0.098) 0.032 0.030 0.098 
 205   (0.347) 0.571 0.585 0.347 
 207   (0.238) 0.189 0.184 0.238 
 201   (0.084) 0.019 0.019 0.084 
 202   (0.023) 0.002 0.002 0.023 

Locus 47 : 47 
9 alleles
0.0% missing data
 142   (0.206) 0.375 0.378 0.206 
 162   (0.095) 0.025 0.026 0.095 
 164   (0.083) 0.014 0.015 0.083 
 168   (0.140) 0.142 0.143 0.140 
 158   (0.116) 0.208 0.189 0.116 
 170   (0.055) 0.006 0.006 0.055 
 166   (0.149) 0.166 0.180 0.149 
 144   (0.083) 0.052 0.051 0.083 
 156   (0.073) 0.012 0.013 0.073 

Locus 48 : 48 
6 alleles
0.0% missing data
 149   (0.320) 0.373 0.383 0.320 
 151   (0.251) 0.151 0.146 0.251 
 145   (0.213) 0.212 0.220 0.213 
 153   (0.157) 0.258 0.246 0.157 
 143   (0.034) 0.003 0.003 0.034 
 147   (0.024) 0.001 0.001 0.024 

Values of parameters used in structure:
DATAFILE=w1.str,	OUTFILE=k3/w1_k3_run8,	NUMINDS=92,	NUMLOCI=48,	MISSING=-9,	LABEL=1,	POPDATA=1,	POPFLAG=0,	PHENOTYPE=0,	EXTRACOLS=0,	MAXPOPS=3,	BURNIN=500000,	NUMREPS=750000,	USEPOPINFO=0,	INFERALPHA=1,	INFERLAMBDA=0,	POPSPECIFICLAMBDA=0,	POPALPHAS=0,	COMPUTEPROB=1,	NOADMIX=0,	ADMBURNIN=500,	UPDATEFREQ=100,	PRINTLIKES=0,	INTERMEDSAVE=0,	PRINTKLD=0,	PRINTNET=1,	PRINTLAMBDA=1,	ANCESTDIST=0,	NUMBOXES=1000,	ANCESTPINT=0.90000,	GENSBACK=2,	MIGRPRIOR=0.01000,	PRINTQHAT=0,	PRINTQSUM=1,	ALPHA=1.0000,	FREQSCORR=1,	FPRIORMEAN=0.0100,	FPRIORSD=0.0500,	ONEFST=0,	LAMBDA=1.0000,	UNIFPRIORALPHA=1,	ALPHAMAX=10.0000,	ALPHAPRIORA=1.0000,	ALPHAPRIORB=2.0000,	ALPHAPROPSD=0.0250,	STARTATPOPINFO=0,	RANDOMIZE=0,	LINKAGE=0,	METROFREQ=10,	REPORTHITRATE=0,	MARKOVPHASE=0,	PHASED=1,	PLOIDY=2,	PHASEINFO=0	LOCPRIOR=0, 	LOCPRIORINIT=1.000000, 	LOCDATA=0, 	LOCISPOP=1, 	LOCPRIORSTEP=0.100000, 	MAXLOCPRIOR=20.000000, 	SEED=561681,	
[STRAT parameters]:    NUMSIMSTATS=1000,	PHENOTYPECOL=-9,	POOLFREQ=10,	LOCUSxONLY=0,	EMERROR=0.00100,	MISSINGPHENO=-9,	