

----------------------------------------------------
STRUCTURE by Pritchard, Stephens and Donnelly (2000)
     and Falush, Stephens and Pritchard (2003)
       Code by Pritchard, Falush and Hubisz
             Version 2.3.4 (Jul 2012)
----------------------------------------------------



Command line arguments:   structure -D 554400 -K 2 -m mainparams -o k2/W2_k2_run5 
Input File:    W2.str

Run parameters:
   142 individuals
   49 loci
   2 populations assumed
   500000 Burn-in period
   750000 Reps
RANDOMIZE turned off


--------------------------------------------
Proportion of membership of each pre-defined
 population in each of the 2 clusters

Given    Inferred Clusters       Number of
 Pop       1      2             Individuals

  1:     0.221  0.779              21
  2:     0.204  0.796              34
  3:     0.765  0.235              32
  4:     0.787  0.213              25
  5:     0.420  0.580              30
--------------------------------------------

Allele-freq. divergence among pops (Net nucleotide distance),
computed using point estimates of P.

      1       2      
 1      -    0.0167  
 2   0.0167     -    

Average distances (expected heterozygosity) between individuals in same cluster:
cluster  1  : 0.5815 
cluster  2  : 0.6559 

--------------------------------------------
Estimated Ln Prob of Data   = -16942.8
Mean value of ln likelihood = -16763.8
Variance of ln likelihood   = 358.0
Mean value of alpha         = 0.3657

Mean value of Fst_1         = 0.0812
Mean value of Fst_2         = 0.0012


Inferred ancestry of individuals:
        Label (%Miss) Pop:  Inferred clusters
  1      315    (0)    1 :  0.301 0.699 
  2      565    (0)    1 :  0.058 0.942 
  3      566    (2)    1 :  0.709 0.291 
  4      567    (2)    1 :  0.060 0.940 
  5      877    (0)    1 :  0.103 0.897 
  6      878    (0)    1 :  0.074 0.926 
  7      879    (0)    1 :  0.118 0.882 
  8      880    (0)    1 :  0.091 0.909 
  9      881    (0)    1 :  0.133 0.867 
 10      882    (0)    1 :  0.058 0.942 
 11      883    (0)    1 :  0.141 0.859 
 12      884    (0)    1 :  0.571 0.429 
 13      885    (0)    1 :  0.339 0.661 
 14      886    (0)    1 :  0.125 0.875 
 15      887    (0)    1 :  0.770 0.230 
 16      888    (0)    1 :  0.073 0.927 
 17      889    (0)    1 :  0.280 0.720 
 18      890    (0)    1 :  0.124 0.876 
 19      891    (0)    1 :  0.075 0.925 
 20      892    (0)    1 :  0.116 0.884 
 21      893    (0)    1 :  0.326 0.674 
 22      319    (2)    2 :  0.079 0.921 
 23      335    (0)    2 :  0.116 0.884 
 24      895    (0)    2 :  0.086 0.914 
 25      896    (0)    2 :  0.106 0.894 
 26      897    (0)    2 :  0.073 0.927 
 27      898    (0)    2 :  0.400 0.600 
 28      899    (0)    2 :  0.325 0.675 
 29      900    (0)    2 :  0.187 0.813 
 30      901    (0)    2 :  0.182 0.818 
 31      902    (0)    2 :  0.131 0.869 
 32      903    (0)    2 :  0.057 0.943 
 33      904    (0)    2 :  0.061 0.939 
 34      905    (0)    2 :  0.066 0.934 
 35      906    (0)    2 :  0.078 0.922 
 36      907    (0)    2 :  0.168 0.832 
 37      908    (0)    2 :  0.147 0.853 
 38      909    (0)    2 :  0.849 0.151 
 39      910    (0)    2 :  0.085 0.915 
 40      911    (0)    2 :  0.153 0.847 
 41      912    (0)    2 :  0.217 0.783 
 42      913    (0)    2 :  0.477 0.523 
 43     2411    (0)    2 :  0.081 0.919 
 44     2412    (0)    2 :  0.802 0.198 
 45     2413    (0)    2 :  0.063 0.937 
 46     2414    (0)    2 :  0.172 0.828 
 47     2415    (2)    2 :  0.201 0.799 
 48     2417    (4)    2 :  0.398 0.602 
 49     2418    (4)    2 :  0.073 0.927 
 50     2419    (2)    2 :  0.246 0.754 
 51     2420    (0)    2 :  0.101 0.899 
 52     2421    (0)    2 :  0.406 0.594 
 53     2422    (2)    2 :  0.098 0.902 
 54     2423    (0)    2 :  0.098 0.902 
 55     2576    (0)    2 :  0.160 0.840 
 56      321    (0)    3 :  0.867 0.133 
 57      338    (0)    3 :  0.960 0.040 
 58      339    (0)    3 :  0.900 0.100 
 59      363    (0)    3 :  0.168 0.832 
 60      915    (0)    3 :  0.952 0.048 
 61      917    (0)    3 :  0.800 0.200 
 62      923    (0)    3 :  0.474 0.526 
 63      925    (0)    3 :  0.959 0.041 
 64      931    (0)    3 :  0.669 0.331 
 65      935    (0)    3 :  0.899 0.101 
 66      936    (0)    3 :  0.930 0.070 
 67      937    (0)    3 :  0.906 0.094 
 68      948    (0)    3 :  0.703 0.297 
 69      956    (0)    3 :  0.921 0.079 
 70      957    (0)    3 :  0.903 0.097 
 71      967    (0)    3 :  0.913 0.087 
 72      968    (2)    3 :  0.746 0.254 
 73      969    (4)    3 :  0.834 0.166 
 74      970    (2)    3 :  0.559 0.441 
 75      971    (6)    3 :  0.930 0.070 
 76      972    (0)    3 :  0.897 0.103 
 77      973    (2)    3 :  0.230 0.770 
 78      978    (0)    3 :  0.922 0.078 
 79      979    (0)    3 :  0.584 0.416 
 80      988    (6)    3 :  0.211 0.789 
 81      989    (0)    3 :  0.815 0.185 
 82      990    (0)    3 :  0.500 0.500 
 83      991    (0)    3 :  0.959 0.041 
 84      992    (0)    3 :  0.923 0.077 
 85     1006    (2)    3 :  0.950 0.050 
 86     1017    (0)    3 :  0.593 0.407 
 87     2582    (4)    3 :  0.902 0.098 
 88      328    (0)    4 :  0.336 0.664 
 89      333    (0)    4 :  0.933 0.067 
 90      918    (0)    4 :  0.908 0.092 
 91      919    (0)    4 :  0.951 0.049 
 92      920    (0)    4 :  0.926 0.074 
 93      921    (0)    4 :  0.146 0.854 
 94      922    (0)    4 :  0.929 0.071 
 95      926    (0)    4 :  0.960 0.040 
 96      927    (0)    4 :  0.963 0.037 
 97      928    (0)    4 :  0.870 0.130 
 98      929    (0)    4 :  0.874 0.126 
 99      930    (0)    4 :  0.759 0.241 
100      932    (0)    4 :  0.414 0.586 
101      933    (0)    4 :  0.858 0.142 
102      949    (0)    4 :  0.194 0.806 
103      950    (0)    4 :  0.755 0.245 
104      964    (4)    4 :  0.922 0.078 
105      986    (0)    4 :  0.919 0.081 
106      987    (0)    4 :  0.705 0.295 
107     1001    (4)    4 :  0.954 0.046 
108     1002    (4)    4 :  0.943 0.057 
109     1003    (2)    4 :  0.625 0.375 
110     1004    (0)    4 :  0.947 0.053 
111     1005    (0)    4 :  0.920 0.080 
112     1010    (0)    4 :  0.972 0.028 
113      341    (0)    5 :  0.053 0.947 
114      343    (0)    5 :  0.161 0.839 
115      914    (0)    5 :  0.949 0.051 
116      916    (0)    5 :  0.099 0.901 
117      924    (0)    5 :  0.696 0.304 
118      938    (0)    5 :  0.350 0.650 
119      939    (0)    5 :  0.935 0.065 
120      940    (0)    5 :  0.805 0.195 
121      941    (2)    5 :  0.797 0.203 
122      942    (0)    5 :  0.195 0.805 
123      943    (0)    5 :  0.392 0.608 
124      944    (0)    5 :  0.849 0.151 
125      945    (0)    5 :  0.939 0.061 
126      946    (0)    5 :  0.319 0.681 
127      947    (0)    5 :  0.288 0.712 
128      951    (0)    5 :  0.150 0.850 
129      952    (0)    5 :  0.259 0.741 
130      953    (0)    5 :  0.607 0.393 
131      954    (0)    5 :  0.650 0.350 
132      955    (0)    5 :  0.231 0.769 
133      961    (6)    5 :  0.129 0.871 
134      974    (0)    5 :  0.397 0.603 
135      975    (4)    5 :  0.220 0.780 
136      980    (0)    5 :  0.520 0.480 
137      981    (0)    5 :  0.081 0.919 
138      982    (0)    5 :  0.736 0.264 
139      984    (0)    5 :  0.211 0.789 
140      985    (0)    5 :  0.129 0.871 
141     2578    (6)    5 :  0.362 0.638 
142     2580    (2)    5 :  0.099 0.901 


Estimated Allele Frequencies in each cluster
First column gives estimated ancestral frequencies


Locus 1 : 1 
4 alleles
0.0% missing data
  89   (0.570) 0.510 0.573 
  91   (0.342) 0.432 0.342 
  93   (0.061) 0.039 0.060 
  99   (0.027) 0.020 0.025 

Locus 2 : 2 
6 alleles
3.5% missing data
 138   (0.248) 0.515 0.245 
 134   (0.240) 0.261 0.239 
 140   (0.082) 0.034 0.081 
 136   (0.362) 0.091 0.368 
 132   (0.040) 0.006 0.040 
 142   (0.028) 0.093 0.026 

Locus 3 : 3 
6 alleles
0.0% missing data
 187   (0.357) 0.200 0.361 
 191   (0.036) 0.010 0.036 
 179   (0.234) 0.242 0.234 
 181   (0.227) 0.316 0.227 
 185   (0.072) 0.106 0.070 
 175   (0.074) 0.126 0.072 

Locus 4 : 4 
9 alleles
0.0% missing data
 247   (0.097) 0.034 0.098 
 253   (0.495) 0.582 0.498 
 239   (0.012) 0.001 0.011 
 241   (0.135) 0.150 0.134 
 271   (0.052) 0.012 0.052 
 269   (0.159) 0.216 0.158 
 245   (0.012) 0.001 0.011 
 249   (0.022) 0.002 0.021 
 273   (0.017) 0.001 0.016 

Locus 5 : 5 
6 alleles
0.7% missing data
 103   (0.777) 0.939 0.778 
 105   (0.081) 0.026 0.081 
 102   (0.028) 0.004 0.027 
 101   (0.012) 0.001 0.011 
 104   (0.091) 0.029 0.092 
 107   (0.012) 0.001 0.011 

Locus 6 : 6 
5 alleles
0.0% missing data
 145   (0.449) 0.518 0.449 
 147   (0.058) 0.011 0.059 
 135   (0.197) 0.178 0.197 
 141   (0.284) 0.292 0.284 
 137   (0.012) 0.001 0.011 

Locus 7 : 7 
8 alleles
1.4% missing data
  97   (0.212) 0.127 0.214 
  91   (0.073) 0.028 0.073 
  93   (0.208) 0.299 0.208 
 103   (0.235) 0.362 0.235 
  85   (0.048) 0.022 0.048 
  89   (0.123) 0.121 0.123 
  83   (0.083) 0.039 0.084 
 105   (0.017) 0.002 0.016 

Locus 8 : 8 
8 alleles
0.0% missing data
 129   (0.494) 0.694 0.495 
 145   (0.012) 0.001 0.011 
 143   (0.292) 0.215 0.294 
 149   (0.107) 0.055 0.107 
 141   (0.047) 0.023 0.046 
 133   (0.027) 0.006 0.026 
 127   (0.012) 0.001 0.011 
 131   (0.011) 0.004 0.010 

Locus 9 : 9 
3 alleles
0.0% missing data
 191   (0.346) 0.314 0.346 
 189   (0.523) 0.468 0.525 
 195   (0.130) 0.218 0.128 

Locus 10 : 10 
7 alleles
0.0% missing data
 232   (0.236) 0.168 0.238 
 238   (0.569) 0.757 0.569 
 250   (0.017) 0.001 0.017 
 254   (0.038) 0.004 0.039 
 252   (0.100) 0.066 0.100 
 248   (0.028) 0.003 0.027 
 236   (0.012) 0.001 0.011 

Locus 11 : 11 
3 alleles
0.0% missing data
  87   (0.754) 0.835 0.754 
  91   (0.052) 0.026 0.052 
  89   (0.194) 0.139 0.194 

Locus 12 : 12 
12 alleles
0.0% missing data
 149   (0.037) 0.049 0.036 
 162   (0.235) 0.249 0.238 
 160   (0.184) 0.295 0.184 
 161   (0.119) 0.103 0.119 
 154   (0.031) 0.003 0.032 
 158   (0.220) 0.202 0.222 
 170   (0.069) 0.029 0.069 
 147   (0.036) 0.044 0.034 
 164   (0.011) 0.001 0.010 
 143   (0.031) 0.005 0.031 
 159   (0.016) 0.015 0.015 
 150   (0.011) 0.005 0.010 

Locus 13 : 13 
4 alleles
0.0% missing data
 115   (0.440) 0.522 0.440 
 113   (0.359) 0.372 0.359 
 108   (0.189) 0.105 0.190 
 109   (0.012) 0.001 0.011 

Locus 14 : 14 
6 alleles
3.5% missing data
 172   (0.416) 0.490 0.418 
 174   (0.314) 0.303 0.315 
 182   (0.068) 0.102 0.067 
 176   (0.119) 0.043 0.121 
 178   (0.038) 0.031 0.037 
 180   (0.044) 0.031 0.043 

Locus 15 : 15 
5 alleles
0.0% missing data
 225   (0.121) 0.090 0.120 
 229   (0.584) 0.527 0.585 
 231   (0.141) 0.018 0.144 
 227   (0.099) 0.326 0.096 
 233   (0.056) 0.038 0.054 

Locus 16 : 16 
4 alleles
0.7% missing data
 143   (0.818) 0.872 0.820 
 145   (0.109) 0.066 0.108 
 133   (0.023) 0.002 0.022 
 147   (0.051) 0.060 0.049 

Locus 17 : 17 
5 alleles
0.0% missing data
 156   (0.240) 0.225 0.240 
 158   (0.510) 0.631 0.511 
 154   (0.091) 0.013 0.093 
 160   (0.144) 0.120 0.144 
 152   (0.014) 0.011 0.013 

Locus 18 : 18 
5 alleles
0.0% missing data
  90   (0.630) 0.731 0.630 
  88   (0.112) 0.016 0.115 
 102   (0.198) 0.239 0.196 
 100   (0.048) 0.010 0.048 
 104   (0.012) 0.004 0.011 

Locus 19 : 19 
8 alleles
0.7% missing data
 127   (0.255) 0.306 0.255 
 140   (0.278) 0.233 0.280 
 142   (0.147) 0.090 0.148 
 148   (0.109) 0.076 0.109 
 150   (0.059) 0.148 0.057 
 138   (0.055) 0.036 0.054 
 146   (0.086) 0.111 0.085 
 128   (0.011) 0.001 0.011 

Locus 20 : 20 
6 alleles
0.0% missing data
 188   (0.210) 0.152 0.211 
 190   (0.126) 0.169 0.124 
 194   (0.548) 0.552 0.551 
 200   (0.088) 0.124 0.086 
 202   (0.017) 0.001 0.016 
 196   (0.012) 0.001 0.011 

Locus 21 : 21 
6 alleles
1.4% missing data
 252   (0.722) 0.796 0.726 
 246   (0.096) 0.057 0.096 
 248   (0.023) 0.003 0.022 
 254   (0.078) 0.072 0.077 
 250   (0.064) 0.066 0.063 
 244   (0.017) 0.006 0.016 

Locus 22 : 22 
7 alleles
0.0% missing data
 173   (0.229) 0.544 0.226 
 175   (0.145) 0.073 0.145 
 163   (0.058) 0.014 0.059 
 167   (0.170) 0.120 0.170 
 177   (0.306) 0.237 0.307 
 159   (0.044) 0.004 0.044 
 165   (0.049) 0.008 0.049 

Locus 23 : 23 
10 alleles
2.8% missing data
 146   (0.195) 0.316 0.193 
 152   (0.416) 0.582 0.416 
 158   (0.099) 0.022 0.101 
 166   (0.123) 0.031 0.125 
 162   (0.069) 0.012 0.070 
 164   (0.022) 0.002 0.022 
 148   (0.012) 0.001 0.011 
 142   (0.026) 0.011 0.025 
 150   (0.025) 0.010 0.025 
 156   (0.014) 0.013 0.012 

Locus 24 : 24 
7 alleles
0.7% missing data
 154   (0.559) 0.597 0.560 
 144   (0.113) 0.251 0.111 
 156   (0.156) 0.035 0.159 
 160   (0.104) 0.109 0.103 
 158   (0.039) 0.004 0.039 
 146   (0.017) 0.001 0.017 
 152   (0.012) 0.002 0.011 

Locus 25 : 25 
4 alleles
0.7% missing data
  83   (0.433) 0.408 0.434 
  77   (0.073) 0.085 0.072 
  81   (0.423) 0.404 0.425 
  85   (0.071) 0.103 0.069 

Locus 26 : 26 
6 alleles
0.0% missing data
 124   (0.539) 0.543 0.542 
 132   (0.311) 0.349 0.311 
 122   (0.078) 0.100 0.076 
 120   (0.028) 0.003 0.027 
 136   (0.022) 0.003 0.022 
 126   (0.022) 0.002 0.022 

Locus 27 : 27 
6 alleles
0.0% missing data
 183   (0.333) 0.321 0.334 
 175   (0.300) 0.315 0.301 
 179   (0.085) 0.091 0.084 
 165   (0.221) 0.266 0.220 
 181   (0.049) 0.007 0.049 
 157   (0.012) 0.001 0.011 

Locus 28 : 28 
4 alleles
0.0% missing data
 142   (0.617) 0.756 0.617 
 148   (0.204) 0.082 0.206 
 150   (0.148) 0.139 0.147 
 138   (0.031) 0.022 0.029 

Locus 29 : 29 
6 alleles
0.7% missing data
 256   (0.082) 0.051 0.082 
 262   (0.495) 0.396 0.499 
 260   (0.360) 0.522 0.360 
 258   (0.022) 0.002 0.022 
 264   (0.029) 0.024 0.027 
 266   (0.012) 0.005 0.010 

Locus 30 : 30 
5 alleles
0.7% missing data
 150   (0.429) 0.550 0.429 
 146   (0.284) 0.226 0.285 
 140   (0.190) 0.165 0.190 
 148   (0.072) 0.030 0.072 
 152   (0.026) 0.029 0.024 

Locus 31 : 31 
6 alleles
0.0% missing data
 129   (0.370) 0.599 0.368 
 125   (0.309) 0.092 0.315 
 131   (0.072) 0.030 0.072 
 123   (0.150) 0.218 0.148 
 127   (0.087) 0.060 0.086 
 121   (0.012) 0.001 0.011 

Locus 32 : 32 
5 alleles
0.7% missing data
 155   (0.568) 0.444 0.572 
 159   (0.136) 0.278 0.134 
 157   (0.192) 0.209 0.191 
 153   (0.071) 0.066 0.069 
 151   (0.033) 0.004 0.033 

Locus 33 : 33 
4 alleles
1.4% missing data
  91   (0.382) 0.519 0.381 
  92   (0.330) 0.390 0.329 
  95   (0.205) 0.080 0.207 
  94   (0.082) 0.012 0.084 

Locus 34 : 34 
5 alleles
0.0% missing data
 146   (0.317) 0.358 0.317 
 150   (0.545) 0.582 0.546 
 148   (0.065) 0.021 0.065 
 154   (0.052) 0.012 0.053 
 152   (0.021) 0.027 0.019 

Locus 35 : 35 
6 alleles
0.0% missing data
 180   (0.427) 0.372 0.430 
 184   (0.182) 0.288 0.180 
 198   (0.074) 0.014 0.075 
 192   (0.193) 0.156 0.193 
 196   (0.107) 0.132 0.106 
 190   (0.017) 0.037 0.016 

Locus 36 : 36 
5 alleles
0.0% missing data
 108   (0.139) 0.095 0.139 
 112   (0.381) 0.410 0.381 
 106   (0.281) 0.398 0.280 
 110   (0.161) 0.092 0.161 
  90   (0.038) 0.005 0.038 

Locus 37 : 37 
9 alleles
0.0% missing data
 166   (0.039) 0.105 0.037 
 170   (0.275) 0.226 0.277 
 174   (0.153) 0.186 0.153 
 178   (0.045) 0.034 0.044 
 172   (0.302) 0.386 0.303 
 168   (0.051) 0.014 0.051 
 176   (0.109) 0.015 0.112 
 158   (0.011) 0.001 0.011 
 186   (0.015) 0.033 0.013 

Locus 38 : 38 
6 alleles
0.0% missing data
  85   (0.177) 0.115 0.178 
  91   (0.017) 0.002 0.016 
  89   (0.517) 0.683 0.517 
  83   (0.151) 0.087 0.151 
  81   (0.088) 0.040 0.088 
  95   (0.050) 0.073 0.049 

Locus 39 : 39 
10 alleles
0.0% missing data
 165   (0.230) 0.234 0.231 
 173   (0.262) 0.291 0.263 
 161   (0.335) 0.291 0.338 
 167   (0.022) 0.002 0.021 
 169   (0.061) 0.137 0.060 
 168   (0.016) 0.002 0.016 
 155   (0.032) 0.004 0.032 
 175   (0.014) 0.034 0.012 
 159   (0.016) 0.004 0.016 
 177   (0.011) 0.001 0.011 

Locus 40 : 40 
5 alleles
0.0% missing data
  81   (0.130) 0.083 0.130 
  89   (0.416) 0.568 0.415 
  85   (0.192) 0.220 0.192 
  91   (0.169) 0.069 0.171 
  87   (0.093) 0.059 0.093 

Locus 41 : 41 
4 alleles
0.7% missing data
 161   (0.224) 0.157 0.224 
 167   (0.736) 0.793 0.738 
 165   (0.028) 0.048 0.026 
 177   (0.012) 0.001 0.011 

Locus 42 : 42 
6 alleles
0.7% missing data
 238   (0.350) 0.298 0.352 
 228   (0.399) 0.523 0.399 
 236   (0.090) 0.048 0.090 
 240   (0.121) 0.125 0.121 
 224   (0.028) 0.004 0.027 
 232   (0.012) 0.001 0.011 

Locus 43 : 43 
7 alleles
0.0% missing data
 130   (0.548) 0.438 0.553 
 134   (0.130) 0.073 0.131 
 114   (0.048) 0.005 0.049 
 128   (0.123) 0.209 0.121 
 118   (0.064) 0.093 0.063 
 132   (0.074) 0.182 0.072 
 136   (0.012) 0.001 0.011 

Locus 44 : 44 
5 alleles
0.0% missing data
  98   (0.112) 0.058 0.113 
 104   (0.458) 0.513 0.459 
  92   (0.140) 0.062 0.141 
 102   (0.227) 0.348 0.226 
  96   (0.062) 0.020 0.061 

Locus 45 : 45 
5 alleles
0.0% missing data
  99   (0.163) 0.088 0.164 
 103   (0.278) 0.436 0.277 
 101   (0.351) 0.251 0.353 
  95   (0.195) 0.223 0.195 
  97   (0.012) 0.002 0.011 

Locus 46 : 46 
6 alleles
0.0% missing data
 181   (0.524) 0.707 0.524 
 183   (0.017) 0.002 0.016 
 177   (0.057) 0.051 0.056 
 191   (0.328) 0.200 0.331 
 179   (0.059) 0.006 0.060 
 193   (0.014) 0.033 0.013 

Locus 47 : 47 
6 alleles
2.1% missing data
 205   (0.462) 0.557 0.463 
 215   (0.079) 0.064 0.078 
 211   (0.261) 0.115 0.264 
 207   (0.123) 0.203 0.121 
 201   (0.059) 0.058 0.058 
 202   (0.017) 0.002 0.016 

Locus 48 : 48 
9 alleles
1.4% missing data
 142   (0.351) 0.548 0.351 
 162   (0.037) 0.030 0.036 
 144   (0.069) 0.042 0.068 
 158   (0.182) 0.085 0.184 
 168   (0.150) 0.052 0.153 
 164   (0.064) 0.024 0.064 
 156   (0.027) 0.006 0.027 
 166   (0.109) 0.212 0.107 
 170   (0.012) 0.001 0.011 

Locus 49 : 49 
6 alleles
4.2% missing data
 145   (0.188) 0.118 0.189 
 153   (0.202) 0.346 0.201 
 143   (0.023) 0.002 0.023 
 151   (0.208) 0.165 0.208 
 149   (0.356) 0.366 0.356 
 147   (0.023) 0.003 0.023 

Values of parameters used in structure:
DATAFILE=W2.str,	OUTFILE=k2/W2_k2_run5,	NUMINDS=142,	NUMLOCI=49,	MISSING=-9,	LABEL=1,	POPDATA=1,	POPFLAG=0,	PHENOTYPE=0,	EXTRACOLS=0,	MAXPOPS=2,	BURNIN=500000,	NUMREPS=750000,	USEPOPINFO=0,	INFERALPHA=1,	INFERLAMBDA=0,	POPSPECIFICLAMBDA=0,	POPALPHAS=0,	COMPUTEPROB=1,	NOADMIX=0,	ADMBURNIN=500,	UPDATEFREQ=100,	PRINTLIKES=0,	INTERMEDSAVE=0,	PRINTKLD=0,	PRINTNET=1,	PRINTLAMBDA=1,	ANCESTDIST=0,	NUMBOXES=1000,	ANCESTPINT=0.90000,	GENSBACK=2,	MIGRPRIOR=0.01000,	PRINTQHAT=0,	PRINTQSUM=1,	ALPHA=1.0000,	FREQSCORR=1,	FPRIORMEAN=0.0100,	FPRIORSD=0.0500,	ONEFST=0,	LAMBDA=1.0000,	UNIFPRIORALPHA=1,	ALPHAMAX=10.0000,	ALPHAPRIORA=1.0000,	ALPHAPRIORB=2.0000,	ALPHAPROPSD=0.0250,	STARTATPOPINFO=0,	RANDOMIZE=0,	LINKAGE=0,	METROFREQ=10,	REPORTHITRATE=0,	MARKOVPHASE=0,	PHASED=1,	PLOIDY=2,	PHASEINFO=0	LOCPRIOR=0, 	LOCPRIORINIT=1.000000, 	LOCDATA=0, 	LOCISPOP=1, 	LOCPRIORSTEP=0.100000, 	MAXLOCPRIOR=20.000000, 	SEED=554400,	
[STRAT parameters]:    NUMSIMSTATS=1000,	PHENOTYPECOL=-9,	POOLFREQ=10,	LOCUSxONLY=0,	EMERROR=0.00100,	MISSINGPHENO=-9,	