

----------------------------------------------------
STRUCTURE by Pritchard, Stephens and Donnelly (2000)
     and Falush, Stephens and Pritchard (2003)
       Code by Pritchard, Falush and Hubisz
             Version 2.3.4 (Jul 2012)
----------------------------------------------------



Command line arguments:   structure -D 101679 -K 2 -m mainparams -o k2/W2_k2_run6 
Input File:    W2.str

Run parameters:
   142 individuals
   49 loci
   2 populations assumed
   500000 Burn-in period
   750000 Reps
RANDOMIZE turned off


--------------------------------------------
Proportion of membership of each pre-defined
 population in each of the 2 clusters

Given    Inferred Clusters       Number of
 Pop       1      2             Individuals

  1:     0.778  0.222              21
  2:     0.795  0.205              34
  3:     0.235  0.765              32
  4:     0.214  0.786              25
  5:     0.580  0.420              30
--------------------------------------------

Allele-freq. divergence among pops (Net nucleotide distance),
computed using point estimates of P.

      1       2      
 1      -    0.0168  
 2   0.0168     -    

Average distances (expected heterozygosity) between individuals in same cluster:
cluster  1  : 0.6563 
cluster  2  : 0.5811 

--------------------------------------------
Estimated Ln Prob of Data   = -16945.4
Mean value of ln likelihood = -16765.1
Variance of ln likelihood   = 360.7
Mean value of alpha         = 0.3741

Mean value of Fst_1         = 0.0006
Mean value of Fst_2         = 0.0822


Inferred ancestry of individuals:
        Label (%Miss) Pop:  Inferred clusters
  1      315    (0)    1 :  0.697 0.303 
  2      565    (0)    1 :  0.942 0.058 
  3      566    (2)    1 :  0.289 0.711 
  4      567    (2)    1 :  0.938 0.062 
  5      877    (0)    1 :  0.897 0.103 
  6      878    (0)    1 :  0.923 0.077 
  7      879    (0)    1 :  0.882 0.118 
  8      880    (0)    1 :  0.909 0.091 
  9      881    (0)    1 :  0.865 0.135 
 10      882    (0)    1 :  0.939 0.061 
 11      883    (0)    1 :  0.855 0.145 
 12      884    (0)    1 :  0.425 0.575 
 13      885    (0)    1 :  0.658 0.342 
 14      886    (0)    1 :  0.873 0.127 
 15      887    (0)    1 :  0.232 0.768 
 16      888    (0)    1 :  0.928 0.072 
 17      889    (0)    1 :  0.720 0.280 
 18      890    (0)    1 :  0.877 0.123 
 19      891    (0)    1 :  0.923 0.077 
 20      892    (0)    1 :  0.885 0.115 
 21      893    (0)    1 :  0.671 0.329 
 22      319    (2)    2 :  0.921 0.079 
 23      335    (0)    2 :  0.882 0.118 
 24      895    (0)    2 :  0.915 0.085 
 25      896    (0)    2 :  0.892 0.108 
 26      897    (0)    2 :  0.926 0.074 
 27      898    (0)    2 :  0.595 0.405 
 28      899    (0)    2 :  0.671 0.329 
 29      900    (0)    2 :  0.809 0.191 
 30      901    (0)    2 :  0.815 0.185 
 31      902    (0)    2 :  0.869 0.131 
 32      903    (0)    2 :  0.941 0.059 
 33      904    (0)    2 :  0.938 0.062 
 34      905    (0)    2 :  0.935 0.065 
 35      906    (0)    2 :  0.920 0.080 
 36      907    (0)    2 :  0.833 0.167 
 37      908    (0)    2 :  0.850 0.150 
 38      909    (0)    2 :  0.151 0.849 
 39      910    (0)    2 :  0.918 0.082 
 40      911    (0)    2 :  0.843 0.157 
 41      912    (0)    2 :  0.772 0.228 
 42      913    (0)    2 :  0.523 0.477 
 43     2411    (0)    2 :  0.916 0.084 
 44     2412    (0)    2 :  0.207 0.793 
 45     2413    (0)    2 :  0.936 0.064 
 46     2414    (0)    2 :  0.830 0.170 
 47     2415    (2)    2 :  0.799 0.201 
 48     2417    (4)    2 :  0.605 0.395 
 49     2418    (4)    2 :  0.927 0.073 
 50     2419    (2)    2 :  0.751 0.249 
 51     2420    (0)    2 :  0.895 0.105 
 52     2421    (0)    2 :  0.590 0.410 
 53     2422    (2)    2 :  0.901 0.099 
 54     2423    (0)    2 :  0.899 0.101 
 55     2576    (0)    2 :  0.839 0.161 
 56      321    (0)    3 :  0.143 0.857 
 57      338    (0)    3 :  0.041 0.959 
 58      339    (0)    3 :  0.105 0.895 
 59      363    (0)    3 :  0.832 0.168 
 60      915    (0)    3 :  0.048 0.952 
 61      917    (0)    3 :  0.200 0.800 
 62      923    (0)    3 :  0.528 0.472 
 63      925    (0)    3 :  0.042 0.958 
 64      931    (0)    3 :  0.330 0.670 
 65      935    (0)    3 :  0.102 0.898 
 66      936    (0)    3 :  0.069 0.931 
 67      937    (0)    3 :  0.094 0.906 
 68      948    (0)    3 :  0.295 0.705 
 69      956    (0)    3 :  0.079 0.921 
 70      957    (0)    3 :  0.098 0.902 
 71      967    (0)    3 :  0.091 0.909 
 72      968    (2)    3 :  0.253 0.747 
 73      969    (4)    3 :  0.161 0.839 
 74      970    (2)    3 :  0.433 0.567 
 75      971    (6)    3 :  0.070 0.930 
 76      972    (0)    3 :  0.106 0.894 
 77      973    (2)    3 :  0.768 0.232 
 78      978    (0)    3 :  0.080 0.920 
 79      979    (0)    3 :  0.412 0.588 
 80      988    (6)    3 :  0.788 0.212 
 81      989    (0)    3 :  0.182 0.818 
 82      990    (0)    3 :  0.497 0.503 
 83      991    (0)    3 :  0.041 0.959 
 84      992    (0)    3 :  0.075 0.925 
 85     1006    (2)    3 :  0.050 0.950 
 86     1017    (0)    3 :  0.407 0.593 
 87     2582    (4)    3 :  0.101 0.899 
 88      328    (0)    4 :  0.665 0.335 
 89      333    (0)    4 :  0.066 0.934 
 90      918    (0)    4 :  0.097 0.903 
 91      919    (0)    4 :  0.050 0.950 
 92      920    (0)    4 :  0.076 0.924 
 93      921    (0)    4 :  0.851 0.149 
 94      922    (0)    4 :  0.073 0.927 
 95      926    (0)    4 :  0.041 0.959 
 96      927    (0)    4 :  0.038 0.962 
 97      928    (0)    4 :  0.130 0.870 
 98      929    (0)    4 :  0.125 0.875 
 99      930    (0)    4 :  0.239 0.761 
100      932    (0)    4 :  0.586 0.414 
101      933    (0)    4 :  0.146 0.854 
102      949    (0)    4 :  0.807 0.193 
103      950    (0)    4 :  0.242 0.758 
104      964    (4)    4 :  0.080 0.920 
105      986    (0)    4 :  0.081 0.919 
106      987    (0)    4 :  0.302 0.698 
107     1001    (4)    4 :  0.046 0.954 
108     1002    (4)    4 :  0.060 0.940 
109     1003    (2)    4 :  0.377 0.623 
110     1004    (0)    4 :  0.053 0.947 
111     1005    (0)    4 :  0.081 0.919 
112     1010    (0)    4 :  0.029 0.971 
113      341    (0)    5 :  0.945 0.055 
114      343    (0)    5 :  0.837 0.163 
115      914    (0)    5 :  0.051 0.949 
116      916    (0)    5 :  0.898 0.102 
117      924    (0)    5 :  0.308 0.692 
118      938    (0)    5 :  0.647 0.353 
119      939    (0)    5 :  0.067 0.933 
120      940    (0)    5 :  0.196 0.804 
121      941    (2)    5 :  0.201 0.799 
122      942    (0)    5 :  0.802 0.198 
123      943    (0)    5 :  0.608 0.392 
124      944    (0)    5 :  0.152 0.848 
125      945    (0)    5 :  0.061 0.939 
126      946    (0)    5 :  0.684 0.316 
127      947    (0)    5 :  0.705 0.295 
128      951    (0)    5 :  0.845 0.155 
129      952    (0)    5 :  0.742 0.258 
130      953    (0)    5 :  0.394 0.606 
131      954    (0)    5 :  0.346 0.654 
132      955    (0)    5 :  0.769 0.231 
133      961    (6)    5 :  0.871 0.129 
134      974    (0)    5 :  0.611 0.389 
135      975    (4)    5 :  0.779 0.221 
136      980    (0)    5 :  0.483 0.517 
137      981    (0)    5 :  0.919 0.081 
138      982    (0)    5 :  0.265 0.735 
139      984    (0)    5 :  0.789 0.211 
140      985    (0)    5 :  0.867 0.133 
141     2578    (6)    5 :  0.643 0.357 
142     2580    (2)    5 :  0.898 0.102 


Estimated Allele Frequencies in each cluster
First column gives estimated ancestral frequencies


Locus 1 : 1 
4 alleles
0.0% missing data
  89   (0.575) 0.576 0.509 
  91   (0.339) 0.339 0.433 
  93   (0.060) 0.060 0.038 
  99   (0.026) 0.025 0.020 

Locus 2 : 2 
6 alleles
3.5% missing data
 138   (0.245) 0.243 0.515 
 134   (0.242) 0.241 0.261 
 140   (0.082) 0.081 0.034 
 136   (0.365) 0.368 0.091 
 132   (0.041) 0.041 0.006 
 142   (0.027) 0.026 0.093 

Locus 3 : 3 
6 alleles
0.0% missing data
 187   (0.364) 0.366 0.199 
 191   (0.036) 0.036 0.010 
 179   (0.235) 0.235 0.242 
 181   (0.224) 0.223 0.316 
 185   (0.070) 0.069 0.107 
 175   (0.073) 0.072 0.126 

Locus 4 : 4 
9 alleles
0.0% missing data
 247   (0.099) 0.099 0.035 
 253   (0.495) 0.497 0.582 
 239   (0.011) 0.011 0.001 
 241   (0.134) 0.134 0.150 
 271   (0.053) 0.053 0.012 
 269   (0.159) 0.158 0.216 
 245   (0.011) 0.010 0.001 
 249   (0.022) 0.021 0.002 
 273   (0.017) 0.016 0.001 

Locus 5 : 5 
6 alleles
0.7% missing data
 103   (0.776) 0.777 0.939 
 105   (0.081) 0.081 0.026 
 102   (0.027) 0.027 0.004 
 101   (0.011) 0.011 0.001 
 104   (0.093) 0.093 0.029 
 107   (0.011) 0.011 0.001 

Locus 6 : 6 
5 alleles
0.0% missing data
 145   (0.449) 0.449 0.518 
 147   (0.059) 0.059 0.011 
 135   (0.199) 0.199 0.177 
 141   (0.281) 0.281 0.293 
 137   (0.012) 0.011 0.001 

Locus 7 : 7 
8 alleles
1.4% missing data
  97   (0.212) 0.213 0.127 
  91   (0.073) 0.073 0.028 
  93   (0.208) 0.208 0.299 
 103   (0.235) 0.235 0.362 
  85   (0.047) 0.047 0.021 
  89   (0.123) 0.123 0.121 
  83   (0.083) 0.083 0.039 
 105   (0.017) 0.017 0.002 

Locus 8 : 8 
8 alleles
0.0% missing data
 129   (0.494) 0.495 0.695 
 145   (0.011) 0.011 0.001 
 143   (0.292) 0.293 0.216 
 149   (0.107) 0.108 0.055 
 141   (0.047) 0.047 0.023 
 133   (0.026) 0.026 0.006 
 127   (0.011) 0.011 0.001 
 131   (0.011) 0.010 0.004 

Locus 9 : 9 
3 alleles
0.0% missing data
 191   (0.344) 0.344 0.315 
 189   (0.527) 0.527 0.467 
 195   (0.129) 0.128 0.218 

Locus 10 : 10 
7 alleles
0.0% missing data
 232   (0.238) 0.238 0.168 
 238   (0.567) 0.568 0.757 
 250   (0.017) 0.016 0.001 
 254   (0.039) 0.039 0.004 
 252   (0.100) 0.100 0.066 
 248   (0.028) 0.028 0.003 
 236   (0.012) 0.011 0.001 

Locus 11 : 11 
3 alleles
0.0% missing data
  87   (0.752) 0.753 0.837 
  91   (0.054) 0.053 0.025 
  89   (0.194) 0.194 0.138 

Locus 12 : 12 
12 alleles
0.0% missing data
 149   (0.037) 0.036 0.049 
 162   (0.237) 0.238 0.249 
 160   (0.184) 0.184 0.295 
 161   (0.118) 0.118 0.104 
 154   (0.031) 0.031 0.003 
 158   (0.221) 0.223 0.202 
 170   (0.068) 0.068 0.030 
 147   (0.036) 0.036 0.043 
 164   (0.011) 0.011 0.001 
 143   (0.030) 0.030 0.005 
 159   (0.016) 0.015 0.015 
 150   (0.011) 0.010 0.005 

Locus 13 : 13 
4 alleles
0.0% missing data
 115   (0.439) 0.439 0.523 
 113   (0.361) 0.361 0.371 
 108   (0.189) 0.189 0.104 
 109   (0.012) 0.011 0.001 

Locus 14 : 14 
6 alleles
3.5% missing data
 172   (0.415) 0.416 0.491 
 174   (0.314) 0.314 0.303 
 182   (0.068) 0.067 0.101 
 176   (0.122) 0.123 0.043 
 178   (0.038) 0.037 0.031 
 180   (0.043) 0.042 0.031 

Locus 15 : 15 
5 alleles
0.0% missing data
 225   (0.121) 0.120 0.090 
 229   (0.585) 0.586 0.527 
 231   (0.143) 0.145 0.018 
 227   (0.096) 0.095 0.326 
 233   (0.055) 0.054 0.038 

Locus 16 : 16 
4 alleles
0.7% missing data
 143   (0.818) 0.819 0.872 
 145   (0.110) 0.109 0.066 
 133   (0.023) 0.022 0.002 
 147   (0.050) 0.049 0.060 

Locus 17 : 17 
5 alleles
0.0% missing data
 156   (0.241) 0.241 0.225 
 158   (0.508) 0.508 0.632 
 154   (0.092) 0.093 0.013 
 160   (0.146) 0.146 0.119 
 152   (0.014) 0.013 0.011 

Locus 18 : 18 
5 alleles
0.0% missing data
  90   (0.628) 0.628 0.732 
  88   (0.114) 0.115 0.017 
 102   (0.198) 0.197 0.238 
 100   (0.049) 0.048 0.010 
 104   (0.012) 0.011 0.004 

Locus 19 : 19 
8 alleles
0.7% missing data
 127   (0.255) 0.256 0.305 
 140   (0.278) 0.279 0.233 
 142   (0.148) 0.149 0.090 
 148   (0.110) 0.110 0.076 
 150   (0.057) 0.057 0.148 
 138   (0.055) 0.054 0.036 
 146   (0.086) 0.085 0.111 
 128   (0.011) 0.011 0.001 

Locus 20 : 20 
6 alleles
0.0% missing data
 188   (0.212) 0.213 0.151 
 190   (0.126) 0.125 0.169 
 194   (0.548) 0.549 0.553 
 200   (0.086) 0.086 0.124 
 202   (0.017) 0.017 0.001 
 196   (0.011) 0.011 0.001 

Locus 21 : 21 
6 alleles
1.4% missing data
 252   (0.726) 0.728 0.796 
 246   (0.095) 0.095 0.057 
 248   (0.022) 0.022 0.003 
 254   (0.078) 0.077 0.072 
 250   (0.063) 0.063 0.066 
 244   (0.017) 0.016 0.006 

Locus 22 : 22 
7 alleles
0.0% missing data
 173   (0.228) 0.227 0.544 
 175   (0.144) 0.144 0.074 
 163   (0.059) 0.059 0.013 
 167   (0.171) 0.172 0.120 
 177   (0.306) 0.306 0.237 
 159   (0.043) 0.043 0.004 
 165   (0.048) 0.048 0.008 

Locus 23 : 23 
10 alleles
2.8% missing data
 146   (0.193) 0.192 0.316 
 152   (0.416) 0.417 0.582 
 158   (0.101) 0.102 0.022 
 166   (0.123) 0.124 0.031 
 162   (0.070) 0.070 0.012 
 164   (0.023) 0.022 0.002 
 148   (0.011) 0.011 0.001 
 142   (0.025) 0.025 0.011 
 150   (0.025) 0.024 0.010 
 156   (0.013) 0.012 0.013 

Locus 24 : 24 
7 alleles
0.7% missing data
 154   (0.561) 0.562 0.598 
 144   (0.113) 0.112 0.251 
 156   (0.157) 0.158 0.035 
 160   (0.103) 0.103 0.109 
 158   (0.039) 0.039 0.004 
 146   (0.017) 0.016 0.001 
 152   (0.011) 0.011 0.002 

Locus 25 : 25 
4 alleles
0.7% missing data
  83   (0.433) 0.434 0.408 
  77   (0.073) 0.072 0.085 
  81   (0.423) 0.424 0.404 
  85   (0.071) 0.070 0.102 

Locus 26 : 26 
6 alleles
0.0% missing data
 124   (0.539) 0.541 0.543 
 132   (0.309) 0.309 0.349 
 122   (0.079) 0.078 0.099 
 120   (0.028) 0.028 0.003 
 136   (0.022) 0.022 0.003 
 126   (0.023) 0.022 0.002 

Locus 27 : 27 
6 alleles
0.0% missing data
 183   (0.336) 0.337 0.320 
 175   (0.299) 0.299 0.315 
 179   (0.086) 0.085 0.090 
 165   (0.219) 0.219 0.266 
 181   (0.049) 0.049 0.007 
 157   (0.012) 0.011 0.001 

Locus 28 : 28 
4 alleles
0.0% missing data
 142   (0.618) 0.618 0.757 
 148   (0.205) 0.206 0.083 
 150   (0.147) 0.147 0.139 
 138   (0.031) 0.030 0.022 

Locus 29 : 29 
6 alleles
0.7% missing data
 256   (0.082) 0.081 0.051 
 262   (0.496) 0.498 0.396 
 260   (0.360) 0.360 0.522 
 258   (0.022) 0.022 0.002 
 264   (0.028) 0.028 0.024 
 266   (0.011) 0.011 0.005 

Locus 30 : 30 
5 alleles
0.7% missing data
 150   (0.426) 0.426 0.551 
 146   (0.288) 0.289 0.225 
 140   (0.188) 0.188 0.166 
 148   (0.073) 0.072 0.030 
 152   (0.026) 0.025 0.028 

Locus 31 : 31 
6 alleles
0.0% missing data
 129   (0.367) 0.365 0.599 
 125   (0.313) 0.316 0.093 
 131   (0.072) 0.072 0.030 
 123   (0.150) 0.149 0.217 
 127   (0.087) 0.087 0.060 
 121   (0.011) 0.011 0.001 

Locus 32 : 32 
5 alleles
0.7% missing data
 155   (0.572) 0.574 0.443 
 159   (0.136) 0.135 0.277 
 157   (0.190) 0.190 0.209 
 153   (0.069) 0.069 0.066 
 151   (0.033) 0.033 0.004 

Locus 33 : 33 
4 alleles
1.4% missing data
  91   (0.385) 0.384 0.517 
  92   (0.325) 0.324 0.392 
  95   (0.207) 0.207 0.080 
  94   (0.083) 0.084 0.012 

Locus 34 : 34 
5 alleles
0.0% missing data
 146   (0.317) 0.317 0.358 
 150   (0.545) 0.546 0.582 
 148   (0.065) 0.065 0.021 
 154   (0.053) 0.053 0.012 
 152   (0.020) 0.019 0.027 

Locus 35 : 35 
6 alleles
0.0% missing data
 180   (0.425) 0.427 0.373 
 184   (0.182) 0.181 0.288 
 198   (0.074) 0.075 0.014 
 192   (0.195) 0.195 0.156 
 196   (0.105) 0.105 0.132 
 190   (0.018) 0.017 0.037 

Locus 36 : 36 
5 alleles
0.0% missing data
 108   (0.139) 0.139 0.096 
 112   (0.380) 0.380 0.411 
 106   (0.281) 0.281 0.397 
 110   (0.161) 0.162 0.091 
  90   (0.038) 0.038 0.005 

Locus 37 : 37 
9 alleles
0.0% missing data
 166   (0.040) 0.039 0.105 
 170   (0.274) 0.275 0.227 
 174   (0.155) 0.155 0.185 
 178   (0.044) 0.044 0.034 
 172   (0.302) 0.302 0.387 
 168   (0.051) 0.051 0.014 
 176   (0.110) 0.111 0.015 
 158   (0.011) 0.011 0.001 
 186   (0.014) 0.013 0.033 

Locus 38 : 38 
6 alleles
0.0% missing data
  85   (0.178) 0.178 0.115 
  91   (0.017) 0.016 0.002 
  89   (0.515) 0.516 0.683 
  83   (0.153) 0.153 0.086 
  81   (0.088) 0.088 0.041 
  95   (0.050) 0.049 0.073 

Locus 39 : 39 
10 alleles
0.0% missing data
 165   (0.228) 0.229 0.235 
 173   (0.264) 0.264 0.291 
 161   (0.339) 0.341 0.291 
 167   (0.021) 0.021 0.002 
 169   (0.060) 0.059 0.137 
 168   (0.016) 0.016 0.002 
 155   (0.032) 0.032 0.004 
 175   (0.013) 0.013 0.034 
 159   (0.016) 0.016 0.004 
 177   (0.011) 0.011 0.001 

Locus 40 : 40 
5 alleles
0.0% missing data
  81   (0.129) 0.129 0.083 
  89   (0.418) 0.417 0.568 
  85   (0.191) 0.190 0.220 
  91   (0.170) 0.171 0.069 
  87   (0.093) 0.092 0.059 

Locus 41 : 41 
4 alleles
0.7% missing data
 161   (0.223) 0.224 0.157 
 167   (0.736) 0.737 0.793 
 165   (0.029) 0.028 0.048 
 177   (0.012) 0.011 0.001 

Locus 42 : 42 
6 alleles
0.7% missing data
 238   (0.352) 0.353 0.298 
 228   (0.396) 0.396 0.524 
 236   (0.091) 0.091 0.048 
 240   (0.122) 0.122 0.125 
 224   (0.027) 0.027 0.004 
 232   (0.011) 0.011 0.001 

Locus 43 : 43 
7 alleles
0.0% missing data
 130   (0.548) 0.550 0.439 
 134   (0.131) 0.131 0.073 
 114   (0.049) 0.049 0.005 
 128   (0.122) 0.121 0.209 
 118   (0.066) 0.065 0.092 
 132   (0.074) 0.073 0.182 
 136   (0.011) 0.011 0.001 

Locus 44 : 44 
5 alleles
0.0% missing data
  98   (0.112) 0.112 0.059 
 104   (0.460) 0.460 0.512 
  92   (0.141) 0.142 0.062 
 102   (0.226) 0.225 0.348 
  96   (0.061) 0.061 0.019 

Locus 45 : 45 
5 alleles
0.0% missing data
  99   (0.162) 0.163 0.088 
 103   (0.278) 0.277 0.436 
 101   (0.351) 0.353 0.251 
  95   (0.197) 0.196 0.223 
  97   (0.011) 0.011 0.002 

Locus 46 : 46 
6 alleles
0.0% missing data
 181   (0.523) 0.523 0.708 
 183   (0.017) 0.017 0.002 
 177   (0.057) 0.056 0.051 
 191   (0.329) 0.331 0.199 
 179   (0.059) 0.060 0.006 
 193   (0.014) 0.013 0.033 

Locus 47 : 47 
6 alleles
2.1% missing data
 205   (0.461) 0.461 0.558 
 215   (0.079) 0.078 0.064 
 211   (0.264) 0.266 0.115 
 207   (0.121) 0.120 0.203 
 201   (0.059) 0.058 0.057 
 202   (0.017) 0.017 0.002 

Locus 48 : 48 
9 alleles
1.4% missing data
 142   (0.350) 0.350 0.548 
 162   (0.036) 0.036 0.030 
 144   (0.069) 0.069 0.042 
 158   (0.183) 0.184 0.085 
 168   (0.151) 0.152 0.053 
 164   (0.064) 0.064 0.024 
 156   (0.027) 0.027 0.006 
 166   (0.109) 0.109 0.212 
 170   (0.011) 0.011 0.001 

Locus 49 : 49 
6 alleles
4.2% missing data
 145   (0.190) 0.191 0.117 
 153   (0.201) 0.201 0.346 
 143   (0.023) 0.023 0.002 
 151   (0.207) 0.207 0.165 
 149   (0.355) 0.356 0.367 
 147   (0.023) 0.023 0.003 

Values of parameters used in structure:
DATAFILE=W2.str,	OUTFILE=k2/W2_k2_run6,	NUMINDS=142,	NUMLOCI=49,	MISSING=-9,	LABEL=1,	POPDATA=1,	POPFLAG=0,	PHENOTYPE=0,	EXTRACOLS=0,	MAXPOPS=2,	BURNIN=500000,	NUMREPS=750000,	USEPOPINFO=0,	INFERALPHA=1,	INFERLAMBDA=0,	POPSPECIFICLAMBDA=0,	POPALPHAS=0,	COMPUTEPROB=1,	NOADMIX=0,	ADMBURNIN=500,	UPDATEFREQ=100,	PRINTLIKES=0,	INTERMEDSAVE=0,	PRINTKLD=0,	PRINTNET=1,	PRINTLAMBDA=1,	ANCESTDIST=0,	NUMBOXES=1000,	ANCESTPINT=0.90000,	GENSBACK=2,	MIGRPRIOR=0.01000,	PRINTQHAT=0,	PRINTQSUM=1,	ALPHA=1.0000,	FREQSCORR=1,	FPRIORMEAN=0.0100,	FPRIORSD=0.0500,	ONEFST=0,	LAMBDA=1.0000,	UNIFPRIORALPHA=1,	ALPHAMAX=10.0000,	ALPHAPRIORA=1.0000,	ALPHAPRIORB=2.0000,	ALPHAPROPSD=0.0250,	STARTATPOPINFO=0,	RANDOMIZE=0,	LINKAGE=0,	METROFREQ=10,	REPORTHITRATE=0,	MARKOVPHASE=0,	PHASED=1,	PLOIDY=2,	PHASEINFO=0	LOCPRIOR=0, 	LOCPRIORINIT=1.000000, 	LOCDATA=0, 	LOCISPOP=1, 	LOCPRIORSTEP=0.100000, 	MAXLOCPRIOR=20.000000, 	SEED=101679,	
[STRAT parameters]:    NUMSIMSTATS=1000,	PHENOTYPECOL=-9,	POOLFREQ=10,	LOCUSxONLY=0,	EMERROR=0.00100,	MISSINGPHENO=-9,	