

----------------------------------------------------
STRUCTURE by Pritchard, Stephens and Donnelly (2000)
     and Falush, Stephens and Pritchard (2003)
       Code by Pritchard, Falush and Hubisz
             Version 2.3.4 (Jul 2012)
----------------------------------------------------



Command line arguments:   structure -D 440263 -K 4 -m mainparams -o k4/W2_k4_run2 
Input File:    W2.str

Run parameters:
   142 individuals
   49 loci
   4 populations assumed
   500000 Burn-in period
   750000 Reps
RANDOMIZE turned off


--------------------------------------------
Proportion of membership of each pre-defined
 population in each of the 4 clusters

Given    Inferred Clusters              Number of
 Pop       1      2      3      4      Individuals

  1:     0.101  0.098  0.409  0.393       21
  2:     0.093  0.065  0.418  0.424       34
  3:     0.607  0.165  0.111  0.117       32
  4:     0.650  0.192  0.078  0.080       25
  5:     0.202  0.198  0.297  0.302       30
--------------------------------------------

Allele-freq. divergence among pops (Net nucleotide distance),
computed using point estimates of P.

      1       2       3       4      
 1      -    0.0299  0.0176  0.0171  
 2   0.0299     -    0.0189  0.0185  
 3   0.0176  0.0189     -    0.0000  
 4   0.0171  0.0185  0.0000     -    

Average distances (expected heterozygosity) between individuals in same cluster:
cluster  1  : 0.5745 
cluster  2  : 0.5924 
cluster  3  : 0.6488 
cluster  4  : 0.6502 

--------------------------------------------
Estimated Ln Prob of Data   = -17172.8
Mean value of ln likelihood = -16579.3
Variance of ln likelihood   = 1187.0
Mean value of alpha         = 0.1507

Mean value of Fst_1         = 0.0878
Mean value of Fst_2         = 0.1114
Mean value of Fst_3         = 0.0074
Mean value of Fst_4         = 0.0046


Inferred ancestry of individuals:
        Label (%Miss) Pop:  Inferred clusters
  1      315    (0)    1 :  0.154 0.030 0.377 0.439 
  2      565    (0)    1 :  0.020 0.035 0.449 0.496 
  3      566    (2)    1 :  0.376 0.254 0.186 0.184 
  4      567    (2)    1 :  0.019 0.056 0.478 0.447 
  5      877    (0)    1 :  0.035 0.045 0.491 0.429 
  6      878    (0)    1 :  0.019 0.186 0.427 0.368 
  7      879    (0)    1 :  0.039 0.209 0.380 0.373 
  8      880    (0)    1 :  0.026 0.083 0.476 0.415 
  9      881    (0)    1 :  0.049 0.028 0.411 0.512 
 10      882    (0)    1 :  0.018 0.080 0.489 0.413 
 11      883    (0)    1 :  0.049 0.057 0.442 0.453 
 12      884    (0)    1 :  0.301 0.070 0.314 0.315 
 13      885    (0)    1 :  0.112 0.068 0.444 0.376 
 14      886    (0)    1 :  0.041 0.021 0.503 0.435 
 15      887    (0)    1 :  0.529 0.224 0.118 0.129 
 16      888    (0)    1 :  0.022 0.019 0.528 0.431 
 17      889    (0)    1 :  0.067 0.256 0.333 0.344 
 18      890    (0)    1 :  0.043 0.069 0.440 0.447 
 19      891    (0)    1 :  0.023 0.044 0.497 0.436 
 20      892    (0)    1 :  0.029 0.192 0.397 0.381 
 21      893    (0)    1 :  0.143 0.028 0.406 0.423 
 22      319    (2)    2 :  0.020 0.150 0.411 0.419 
 23      335    (0)    2 :  0.029 0.077 0.420 0.473 
 24      895    (0)    2 :  0.022 0.124 0.408 0.446 
 25      896    (0)    2 :  0.045 0.047 0.404 0.504 
 26      897    (0)    2 :  0.024 0.021 0.502 0.453 
 27      898    (0)    2 :  0.116 0.049 0.442 0.392 
 28      899    (0)    2 :  0.147 0.044 0.413 0.396 
 29      900    (0)    2 :  0.055 0.093 0.443 0.408 
 30      901    (0)    2 :  0.037 0.207 0.385 0.372 
 31      902    (0)    2 :  0.041 0.052 0.390 0.516 
 32      903    (0)    2 :  0.019 0.023 0.450 0.508 
 33      904    (0)    2 :  0.019 0.036 0.490 0.455 
 34      905    (0)    2 :  0.026 0.111 0.442 0.421 
 35      906    (0)    2 :  0.028 0.028 0.486 0.458 
 36      907    (0)    2 :  0.049 0.060 0.443 0.449 
 37      908    (0)    2 :  0.060 0.020 0.448 0.473 
 38      909    (0)    2 :  0.750 0.027 0.114 0.108 
 39      910    (0)    2 :  0.031 0.019 0.445 0.505 
 40      911    (0)    2 :  0.040 0.041 0.451 0.469 
 41      912    (0)    2 :  0.068 0.041 0.434 0.457 
 42      913    (0)    2 :  0.148 0.035 0.395 0.421 
 43     2411    (0)    2 :  0.026 0.025 0.513 0.435 
 44     2412    (0)    2 :  0.594 0.162 0.118 0.126 
 45     2413    (0)    2 :  0.024 0.027 0.483 0.465 
 46     2414    (0)    2 :  0.057 0.027 0.391 0.525 
 47     2415    (2)    2 :  0.065 0.071 0.449 0.416 
 48     2417    (4)    2 :  0.136 0.054 0.412 0.399 
 49     2418    (4)    2 :  0.025 0.040 0.481 0.454 
 50     2419    (2)    2 :  0.061 0.116 0.390 0.433 
 51     2420    (0)    2 :  0.038 0.035 0.484 0.443 
 52     2421    (0)    2 :  0.246 0.107 0.331 0.316 
 53     2422    (2)    2 :  0.035 0.088 0.451 0.426 
 54     2423    (0)    2 :  0.026 0.098 0.447 0.429 
 55     2576    (0)    2 :  0.048 0.061 0.459 0.433 
 56      321    (0)    3 :  0.357 0.415 0.107 0.121 
 57      338    (0)    3 :  0.946 0.021 0.016 0.017 
 58      339    (0)    3 :  0.794 0.091 0.054 0.060 
 59      363    (0)    3 :  0.039 0.813 0.076 0.073 
 60      915    (0)    3 :  0.903 0.033 0.032 0.032 
 61      917    (0)    3 :  0.508 0.341 0.072 0.079 
 62      923    (0)    3 :  0.410 0.060 0.262 0.267 
 63      925    (0)    3 :  0.948 0.017 0.017 0.018 
 64      931    (0)    3 :  0.423 0.127 0.215 0.235 
 65      935    (0)    3 :  0.856 0.037 0.053 0.054 
 66      936    (0)    3 :  0.819 0.092 0.044 0.046 
 67      937    (0)    3 :  0.748 0.117 0.065 0.070 
 68      948    (0)    3 :  0.568 0.074 0.181 0.176 
 69      956    (0)    3 :  0.838 0.050 0.056 0.056 
 70      957    (0)    3 :  0.590 0.297 0.055 0.058 
 71      967    (0)    3 :  0.744 0.140 0.057 0.059 
 72      968    (2)    3 :  0.537 0.145 0.162 0.156 
 73      969    (4)    3 :  0.693 0.075 0.113 0.119 
 74      970    (2)    3 :  0.147 0.410 0.220 0.223 
 75      971    (6)    3 :  0.655 0.278 0.032 0.035 
 76      972    (0)    3 :  0.887 0.019 0.044 0.050 
 77      973    (2)    3 :  0.102 0.031 0.403 0.465 
 78      978    (0)    3 :  0.878 0.039 0.040 0.042 
 79      979    (0)    3 :  0.300 0.183 0.266 0.251 
 80      988    (6)    3 :  0.035 0.869 0.051 0.045 
 81      989    (0)    3 :  0.595 0.141 0.131 0.133 
 82      990    (0)    3 :  0.172 0.102 0.343 0.383 
 83      991    (0)    3 :  0.811 0.141 0.024 0.024 
 84      992    (0)    3 :  0.878 0.042 0.040 0.040 
 85     1006    (2)    3 :  0.932 0.021 0.024 0.024 
 86     1017    (0)    3 :  0.459 0.028 0.229 0.283 
 87     2582    (4)    3 :  0.856 0.021 0.062 0.060 
 88      328    (0)    4 :  0.220 0.028 0.389 0.364 
 89      333    (0)    4 :  0.858 0.064 0.039 0.039 
 90      918    (0)    4 :  0.865 0.033 0.051 0.050 
 91      919    (0)    4 :  0.900 0.040 0.030 0.030 
 92      920    (0)    4 :  0.916 0.026 0.028 0.030 
 93      921    (0)    4 :  0.019 0.885 0.052 0.044 
 94      922    (0)    4 :  0.848 0.060 0.046 0.046 
 95      926    (0)    4 :  0.858 0.101 0.020 0.021 
 96      927    (0)    4 :  0.808 0.141 0.026 0.026 
 97      928    (0)    4 :  0.643 0.136 0.106 0.115 
 98      929    (0)    4 :  0.623 0.177 0.099 0.102 
 99      930    (0)    4 :  0.476 0.226 0.146 0.151 
100      932    (0)    4 :  0.053 0.902 0.022 0.023 
101      933    (0)    4 :  0.815 0.046 0.066 0.073 
102      949    (0)    4 :  0.014 0.953 0.017 0.016 
103      950    (0)    4 :  0.422 0.381 0.100 0.098 
104      964    (4)    4 :  0.637 0.236 0.062 0.064 
105      986    (0)    4 :  0.775 0.113 0.056 0.057 
106      987    (0)    4 :  0.499 0.066 0.215 0.220 
107     1001    (4)    4 :  0.914 0.036 0.025 0.025 
108     1002    (4)    4 :  0.930 0.016 0.026 0.027 
109     1003    (2)    4 :  0.403 0.065 0.255 0.277 
110     1004    (0)    4 :  0.930 0.016 0.026 0.027 
111     1005    (0)    4 :  0.871 0.038 0.045 0.045 
112     1010    (0)    4 :  0.950 0.020 0.015 0.016 
113      341    (0)    5 :  0.015 0.176 0.397 0.413 
114      343    (0)    5 :  0.049 0.045 0.409 0.498 
115      914    (0)    5 :  0.925 0.029 0.023 0.024 
116      916    (0)    5 :  0.037 0.021 0.515 0.427 
117      924    (0)    5 :  0.411 0.060 0.255 0.274 
118      938    (0)    5 :  0.053 0.890 0.028 0.029 
119      939    (0)    5 :  0.136 0.818 0.023 0.023 
120      940    (0)    5 :  0.550 0.196 0.128 0.125 
121      941    (2)    5 :  0.035 0.919 0.024 0.022 
122      942    (0)    5 :  0.058 0.048 0.431 0.463 
123      943    (0)    5 :  0.236 0.021 0.361 0.382 
124      944    (0)    5 :  0.617 0.093 0.147 0.142 
125      945    (0)    5 :  0.876 0.065 0.029 0.029 
126      946    (0)    5 :  0.088 0.060 0.401 0.452 
127      947    (0)    5 :  0.145 0.023 0.430 0.401 
128      951    (0)    5 :  0.056 0.046 0.456 0.442 
129      952    (0)    5 :  0.079 0.077 0.386 0.458 
130      953    (0)    5 :  0.039 0.873 0.044 0.044 
131      954    (0)    5 :  0.191 0.171 0.316 0.322 
132      955    (0)    5 :  0.099 0.043 0.438 0.420 
133      961    (6)    5 :  0.039 0.060 0.478 0.423 
134      974    (0)    5 :  0.106 0.231 0.332 0.331 
135      975    (4)    5 :  0.075 0.056 0.439 0.430 
136      980    (0)    5 :  0.259 0.113 0.319 0.308 
137      981    (0)    5 :  0.025 0.370 0.305 0.301 
138      982    (0)    5 :  0.599 0.029 0.183 0.189 
139      984    (0)    5 :  0.043 0.205 0.347 0.405 
140      985    (0)    5 :  0.034 0.108 0.453 0.404 
141     2578    (6)    5 :  0.159 0.054 0.369 0.418 
142     2580    (2)    5 :  0.034 0.051 0.454 0.461 


Estimated Allele Frequencies in each cluster
First column gives estimated ancestral frequencies


Locus 1 : 1 
4 alleles
0.0% missing data
  89   (0.565) 0.552 0.438 0.569 0.568 
  91   (0.349) 0.381 0.534 0.347 0.347 
  93   (0.059) 0.047 0.017 0.060 0.059 
  99   (0.028) 0.020 0.011 0.024 0.026 

Locus 2 : 2 
6 alleles
3.5% missing data
 138   (0.302) 0.523 0.324 0.292 0.295 
 134   (0.231) 0.249 0.357 0.221 0.226 
 140   (0.073) 0.030 0.089 0.071 0.072 
 136   (0.320) 0.081 0.192 0.349 0.337 
 132   (0.038) 0.006 0.009 0.038 0.038 
 142   (0.036) 0.111 0.029 0.030 0.032 

Locus 3 : 3 
6 alleles
0.0% missing data
 187   (0.328) 0.161 0.378 0.337 0.334 
 191   (0.036) 0.011 0.009 0.033 0.035 
 179   (0.242) 0.209 0.274 0.247 0.244 
 181   (0.226) 0.364 0.239 0.220 0.223 
 185   (0.084) 0.112 0.060 0.080 0.081 
 175   (0.084) 0.143 0.040 0.082 0.083 

Locus 4 : 4 
9 alleles
0.0% missing data
 247   (0.087) 0.031 0.082 0.090 0.089 
 253   (0.515) 0.591 0.452 0.521 0.520 
 239   (0.011) 0.001 0.002 0.010 0.010 
 241   (0.142) 0.146 0.119 0.145 0.143 
 271   (0.035) 0.007 0.113 0.031 0.033 
 269   (0.162) 0.218 0.220 0.158 0.159 
 245   (0.011) 0.001 0.002 0.009 0.010 
 249   (0.021) 0.003 0.004 0.019 0.020 
 273   (0.016) 0.002 0.004 0.015 0.015 

Locus 5 : 5 
6 alleles
0.7% missing data
 103   (0.785) 0.945 0.931 0.784 0.784 
 105   (0.076) 0.021 0.029 0.082 0.079 
 102   (0.026) 0.004 0.007 0.026 0.026 
 101   (0.012) 0.001 0.003 0.010 0.011 
 104   (0.090) 0.028 0.027 0.088 0.090 
 107   (0.012) 0.001 0.002 0.009 0.010 

Locus 6 : 6 
5 alleles
0.0% missing data
 145   (0.464) 0.599 0.242 0.476 0.471 
 147   (0.056) 0.009 0.035 0.054 0.055 
 135   (0.202) 0.184 0.160 0.200 0.201 
 141   (0.267) 0.207 0.561 0.260 0.262 
 137   (0.011) 0.001 0.002 0.010 0.010 

Locus 7 : 7 
8 alleles
1.4% missing data
  97   (0.198) 0.146 0.140 0.204 0.201 
  91   (0.068) 0.033 0.028 0.070 0.069 
  93   (0.224) 0.302 0.240 0.222 0.223 
 103   (0.258) 0.362 0.285 0.257 0.257 
  85   (0.047) 0.028 0.011 0.046 0.046 
  89   (0.106) 0.089 0.265 0.104 0.104 
  83   (0.083) 0.039 0.027 0.083 0.084 
 105   (0.016) 0.002 0.004 0.015 0.015 

Locus 8 : 8 
8 alleles
0.0% missing data
 129   (0.520) 0.707 0.573 0.522 0.521 
 145   (0.011) 0.001 0.002 0.009 0.010 
 143   (0.282) 0.207 0.274 0.289 0.286 
 149   (0.093) 0.047 0.128 0.092 0.092 
 141   (0.046) 0.024 0.012 0.045 0.045 
 133   (0.025) 0.005 0.006 0.026 0.025 
 127   (0.011) 0.001 0.002 0.009 0.010 
 131   (0.011) 0.006 0.003 0.008 0.010 

Locus 9 : 9 
3 alleles
0.0% missing data
 191   (0.355) 0.345 0.213 0.355 0.355 
 189   (0.518) 0.393 0.626 0.524 0.521 
 195   (0.127) 0.262 0.161 0.121 0.123 

Locus 10 : 10 
7 alleles
0.0% missing data
 232   (0.235) 0.190 0.083 0.245 0.241 
 238   (0.571) 0.731 0.866 0.560 0.565 
 250   (0.017) 0.002 0.004 0.015 0.016 
 254   (0.035) 0.004 0.007 0.038 0.037 
 252   (0.104) 0.069 0.030 0.107 0.106 
 248   (0.027) 0.003 0.008 0.026 0.026 
 236   (0.012) 0.001 0.002 0.010 0.010 

Locus 11 : 11 
3 alleles
0.0% missing data
  87   (0.753) 0.823 0.906 0.750 0.751 
  91   (0.052) 0.029 0.019 0.050 0.051 
  89   (0.195) 0.149 0.075 0.201 0.198 

Locus 12 : 12 
12 alleles
0.0% missing data
 149   (0.033) 0.040 0.108 0.028 0.030 
 162   (0.227) 0.215 0.350 0.234 0.231 
 160   (0.201) 0.309 0.227 0.199 0.200 
 161   (0.120) 0.111 0.056 0.124 0.123 
 154   (0.028) 0.003 0.010 0.030 0.029 
 158   (0.219) 0.222 0.161 0.221 0.221 
 170   (0.066) 0.024 0.043 0.066 0.066 
 147   (0.038) 0.046 0.022 0.037 0.037 
 164   (0.011) 0.001 0.002 0.009 0.010 
 143   (0.029) 0.005 0.008 0.029 0.029 
 159   (0.017) 0.015 0.009 0.014 0.015 
 150   (0.011) 0.008 0.003 0.008 0.009 

Locus 13 : 13 
4 alleles
0.0% missing data
 115   (0.440) 0.542 0.495 0.438 0.439 
 113   (0.363) 0.356 0.398 0.364 0.364 
 108   (0.186) 0.101 0.104 0.188 0.187 
 109   (0.012) 0.001 0.002 0.009 0.010 

Locus 14 : 14 
6 alleles
3.5% missing data
 172   (0.435) 0.487 0.411 0.442 0.439 
 174   (0.309) 0.318 0.301 0.310 0.310 
 182   (0.074) 0.079 0.120 0.072 0.072 
 176   (0.100) 0.038 0.145 0.100 0.100 
 178   (0.037) 0.040 0.012 0.035 0.035 
 180   (0.045) 0.038 0.010 0.042 0.043 

Locus 15 : 15 
5 alleles
0.0% missing data
 225   (0.126) 0.066 0.133 0.123 0.124 
 229   (0.561) 0.497 0.706 0.559 0.560 
 231   (0.122) 0.017 0.043 0.139 0.131 
 227   (0.136) 0.374 0.103 0.125 0.130 
 233   (0.056) 0.045 0.015 0.054 0.055 

Locus 16 : 16 
4 alleles
0.7% missing data
 143   (0.821) 0.859 0.895 0.823 0.823 
 145   (0.105) 0.073 0.048 0.106 0.106 
 133   (0.021) 0.003 0.005 0.021 0.021 
 147   (0.053) 0.065 0.052 0.049 0.051 

Locus 17 : 17 
5 alleles
0.0% missing data
 156   (0.250) 0.237 0.134 0.258 0.255 
 158   (0.547) 0.664 0.451 0.541 0.543 
 154   (0.081) 0.011 0.032 0.089 0.086 
 160   (0.107) 0.076 0.374 0.102 0.103 
 152   (0.015) 0.012 0.008 0.011 0.013 

Locus 18 : 18 
5 alleles
0.0% missing data
  90   (0.642) 0.792 0.511 0.650 0.647 
  88   (0.080) 0.011 0.184 0.080 0.080 
 102   (0.222) 0.185 0.279 0.214 0.218 
 100   (0.044) 0.008 0.018 0.047 0.045 
 104   (0.012) 0.004 0.009 0.009 0.010 

Locus 19 : 19 
8 alleles
0.7% missing data
 127   (0.267) 0.341 0.138 0.274 0.270 
 140   (0.266) 0.228 0.295 0.270 0.268 
 142   (0.144) 0.082 0.115 0.147 0.146 
 148   (0.093) 0.047 0.223 0.091 0.092 
 150   (0.071) 0.184 0.027 0.065 0.068 
 138   (0.054) 0.041 0.023 0.053 0.054 
 146   (0.095) 0.075 0.177 0.088 0.091 
 128   (0.011) 0.001 0.002 0.010 0.010 

Locus 20 : 20 
6 alleles
0.0% missing data
 188   (0.208) 0.176 0.084 0.214 0.212 
 190   (0.123) 0.186 0.181 0.117 0.119 
 194   (0.563) 0.562 0.452 0.574 0.570 
 200   (0.078) 0.073 0.277 0.070 0.073 
 202   (0.017) 0.002 0.004 0.015 0.016 
 196   (0.012) 0.001 0.002 0.010 0.011 

Locus 21 : 21 
6 alleles
1.4% missing data
 252   (0.734) 0.765 0.768 0.749 0.744 
 246   (0.090) 0.059 0.089 0.088 0.088 
 248   (0.021) 0.004 0.005 0.020 0.021 
 254   (0.076) 0.083 0.079 0.070 0.073 
 250   (0.063) 0.081 0.053 0.058 0.060 
 244   (0.017) 0.008 0.005 0.014 0.015 

Locus 22 : 22 
7 alleles
0.0% missing data
 173   (0.278) 0.592 0.279 0.269 0.273 
 175   (0.141) 0.075 0.049 0.146 0.144 
 163   (0.056) 0.014 0.020 0.054 0.055 
 167   (0.170) 0.112 0.110 0.172 0.172 
 177   (0.281) 0.197 0.430 0.285 0.282 
 159   (0.039) 0.004 0.015 0.042 0.041 
 165   (0.035) 0.005 0.097 0.031 0.033 

Locus 23 : 23 
10 alleles
2.8% missing data
 146   (0.218) 0.303 0.260 0.214 0.216 
 152   (0.427) 0.598 0.530 0.424 0.426 
 158   (0.089) 0.020 0.042 0.096 0.093 
 166   (0.108) 0.026 0.111 0.112 0.110 
 162   (0.062) 0.011 0.029 0.067 0.065 
 164   (0.021) 0.003 0.005 0.021 0.021 
 148   (0.011) 0.001 0.002 0.010 0.010 
 142   (0.026) 0.012 0.007 0.022 0.024 
 150   (0.026) 0.007 0.012 0.024 0.025 
 156   (0.013) 0.018 0.003 0.010 0.011 

Locus 24 : 24 
7 alleles
0.7% missing data
 154   (0.581) 0.566 0.569 0.582 0.583 
 144   (0.129) 0.299 0.072 0.125 0.127 
 156   (0.139) 0.032 0.076 0.152 0.147 
 160   (0.096) 0.095 0.198 0.092 0.093 
 158   (0.027) 0.003 0.078 0.026 0.026 
 146   (0.016) 0.002 0.003 0.015 0.015 
 152   (0.012) 0.003 0.002 0.009 0.010 

Locus 25 : 25 
4 alleles
0.7% missing data
  83   (0.426) 0.410 0.442 0.429 0.428 
  77   (0.082) 0.075 0.073 0.080 0.080 
  81   (0.412) 0.395 0.457 0.414 0.413 
  85   (0.080) 0.119 0.028 0.078 0.079 

Locus 26 : 26 
6 alleles
0.0% missing data
 124   (0.527) 0.516 0.638 0.535 0.532 
 132   (0.317) 0.374 0.255 0.319 0.318 
 122   (0.086) 0.101 0.090 0.080 0.083 
 120   (0.026) 0.003 0.006 0.026 0.026 
 136   (0.022) 0.003 0.006 0.020 0.021 
 126   (0.022) 0.003 0.004 0.020 0.021 

Locus 27 : 27 
6 alleles
0.0% missing data
 183   (0.328) 0.324 0.329 0.333 0.330 
 175   (0.296) 0.298 0.385 0.297 0.296 
 179   (0.095) 0.076 0.075 0.090 0.093 
 165   (0.226) 0.294 0.200 0.223 0.224 
 181   (0.044) 0.006 0.009 0.048 0.046 
 157   (0.012) 0.001 0.002 0.009 0.010 

Locus 28 : 28 
4 alleles
0.0% missing data
 142   (0.641) 0.787 0.621 0.640 0.641 
 148   (0.195) 0.078 0.084 0.205 0.202 
 150   (0.133) 0.105 0.287 0.128 0.129 
 138   (0.030) 0.029 0.008 0.027 0.028 

Locus 29 : 29 
6 alleles
0.7% missing data
 256   (0.079) 0.040 0.093 0.076 0.077 
 262   (0.484) 0.374 0.450 0.500 0.494 
 260   (0.374) 0.551 0.433 0.367 0.370 
 258   (0.021) 0.002 0.006 0.021 0.021 
 264   (0.031) 0.025 0.016 0.028 0.029 
 266   (0.011) 0.007 0.003 0.009 0.010 

Locus 30 : 30 
5 alleles
0.7% missing data
 150   (0.458) 0.571 0.366 0.462 0.461 
 146   (0.274) 0.219 0.256 0.279 0.277 
 140   (0.180) 0.145 0.247 0.179 0.180 
 148   (0.061) 0.034 0.095 0.058 0.059 
 152   (0.027) 0.031 0.036 0.022 0.024 

Locus 31 : 31 
6 alleles
0.0% missing data
 129   (0.384) 0.611 0.565 0.374 0.378 
 125   (0.285) 0.092 0.107 0.308 0.299 
 131   (0.073) 0.020 0.046 0.072 0.073 
 123   (0.165) 0.240 0.134 0.158 0.161 
 127   (0.082) 0.036 0.146 0.078 0.079 
 121   (0.012) 0.001 0.003 0.010 0.010 

Locus 32 : 32 
5 alleles
0.7% missing data
 155   (0.561) 0.471 0.355 0.578 0.571 
 159   (0.153) 0.294 0.223 0.142 0.146 
 157   (0.179) 0.169 0.358 0.175 0.176 
 153   (0.077) 0.062 0.054 0.075 0.076 
 151   (0.030) 0.004 0.011 0.030 0.031 

Locus 33 : 33 
4 alleles
1.4% missing data
  91   (0.402) 0.548 0.391 0.398 0.399 
  92   (0.363) 0.386 0.277 0.358 0.361 
  95   (0.160) 0.054 0.309 0.164 0.162 
  94   (0.075) 0.012 0.023 0.080 0.078 

Locus 34 : 34 
5 alleles
0.0% missing data
 146   (0.333) 0.385 0.216 0.335 0.334 
 150   (0.551) 0.562 0.603 0.555 0.554 
 148   (0.047) 0.011 0.133 0.043 0.045 
 154   (0.049) 0.012 0.014 0.051 0.050 
 152   (0.021) 0.030 0.034 0.016 0.017 

Locus 35 : 35 
6 alleles
0.0% missing data
 180   (0.438) 0.350 0.365 0.449 0.445 
 184   (0.188) 0.347 0.157 0.185 0.185 
 198   (0.069) 0.013 0.016 0.072 0.071 
 192   (0.167) 0.095 0.405 0.162 0.164 
 196   (0.117) 0.152 0.044 0.116 0.117 
 190   (0.020) 0.043 0.013 0.016 0.018 

Locus 36 : 36 
5 alleles
0.0% missing data
 108   (0.144) 0.100 0.056 0.140 0.142 
 112   (0.373) 0.404 0.450 0.377 0.375 
 106   (0.301) 0.420 0.277 0.301 0.301 
 110   (0.154) 0.073 0.138 0.157 0.156 
  90   (0.027) 0.003 0.079 0.024 0.025 

Locus 37 : 37 
9 alleles
0.0% missing data
 166   (0.051) 0.120 0.045 0.045 0.047 
 170   (0.273) 0.243 0.122 0.291 0.284 
 174   (0.163) 0.154 0.223 0.160 0.161 
 178   (0.042) 0.031 0.043 0.041 0.041 
 172   (0.305) 0.377 0.433 0.299 0.301 
 168   (0.048) 0.015 0.042 0.045 0.046 
 176   (0.093) 0.013 0.087 0.099 0.096 
 158   (0.011) 0.001 0.002 0.010 0.010 
 186   (0.015) 0.046 0.004 0.011 0.012 

Locus 38 : 38 
6 alleles
0.0% missing data
  85   (0.170) 0.128 0.136 0.169 0.170 
  91   (0.017) 0.002 0.003 0.014 0.015 
  89   (0.523) 0.653 0.749 0.522 0.522 
  83   (0.147) 0.090 0.070 0.151 0.149 
  81   (0.087) 0.037 0.027 0.092 0.089 
  95   (0.057) 0.089 0.015 0.053 0.055 

Locus 39 : 39 
10 alleles
0.0% missing data
 165   (0.249) 0.253 0.082 0.256 0.253 
 173   (0.249) 0.272 0.414 0.246 0.248 
 161   (0.323) 0.247 0.430 0.333 0.329 
 167   (0.021) 0.002 0.005 0.020 0.020 
 169   (0.071) 0.165 0.044 0.068 0.069 
 168   (0.016) 0.002 0.003 0.015 0.015 
 155   (0.029) 0.004 0.012 0.030 0.030 
 175   (0.013) 0.049 0.003 0.009 0.011 
 159   (0.016) 0.004 0.004 0.014 0.015 
 177   (0.011) 0.001 0.004 0.009 0.010 

Locus 40 : 40 
5 alleles
0.0% missing data
  81   (0.121) 0.069 0.147 0.119 0.120 
  89   (0.425) 0.602 0.465 0.424 0.424 
  85   (0.198) 0.233 0.184 0.196 0.197 
  91   (0.160) 0.058 0.105 0.168 0.164 
  87   (0.096) 0.038 0.099 0.093 0.095 

Locus 41 : 41 
4 alleles
0.7% missing data
 161   (0.218) 0.161 0.155 0.223 0.221 
 167   (0.740) 0.774 0.833 0.741 0.742 
 165   (0.030) 0.063 0.010 0.026 0.027 
 177   (0.012) 0.002 0.002 0.010 0.011 

Locus 42 : 42 
6 alleles
0.7% missing data
 238   (0.355) 0.315 0.201 0.365 0.361 
 228   (0.395) 0.519 0.560 0.392 0.394 
 236   (0.089) 0.038 0.088 0.087 0.088 
 240   (0.129) 0.123 0.090 0.129 0.129 
 224   (0.020) 0.002 0.059 0.017 0.018 
 232   (0.012) 0.001 0.002 0.010 0.010 

Locus 43 : 43 
7 alleles
0.0% missing data
 130   (0.532) 0.393 0.558 0.548 0.542 
 134   (0.124) 0.069 0.098 0.127 0.126 
 114   (0.041) 0.005 0.060 0.039 0.040 
 128   (0.129) 0.222 0.172 0.122 0.125 
 118   (0.076) 0.083 0.079 0.071 0.073 
 132   (0.086) 0.227 0.032 0.083 0.084 
 136   (0.011) 0.001 0.002 0.009 0.010 

Locus 44 : 44 
5 alleles
0.0% missing data
  98   (0.100) 0.063 0.118 0.098 0.098 
 104   (0.461) 0.481 0.570 0.461 0.462 
  92   (0.133) 0.058 0.061 0.141 0.138 
 102   (0.249) 0.375 0.229 0.243 0.245 
  96   (0.057) 0.023 0.023 0.058 0.057 

Locus 45 : 45 
5 alleles
0.0% missing data
  99   (0.142) 0.077 0.208 0.142 0.142 
 103   (0.306) 0.478 0.245 0.300 0.303 
 101   (0.324) 0.228 0.401 0.331 0.328 
  95   (0.216) 0.215 0.144 0.218 0.217 
  97   (0.011) 0.002 0.002 0.010 0.010 

Locus 46 : 46 
6 alleles
0.0% missing data
 181   (0.563) 0.731 0.535 0.561 0.562 
 183   (0.017) 0.002 0.004 0.015 0.016 
 177   (0.059) 0.063 0.016 0.055 0.057 
 191   (0.293) 0.150 0.426 0.301 0.297 
 179   (0.054) 0.006 0.016 0.057 0.056 
 193   (0.014) 0.047 0.003 0.011 0.012 

Locus 47 : 47 
6 alleles
2.1% missing data
 205   (0.480) 0.584 0.435 0.485 0.483 
 215   (0.087) 0.058 0.057 0.082 0.085 
 211   (0.214) 0.092 0.345 0.222 0.218 
 207   (0.139) 0.231 0.073 0.136 0.137 
 201   (0.063) 0.033 0.086 0.059 0.061 
 202   (0.016) 0.003 0.004 0.015 0.016 

Locus 48 : 48 
9 alleles
1.4% missing data
 142   (0.357) 0.538 0.602 0.348 0.351 
 162   (0.039) 0.036 0.011 0.035 0.037 
 144   (0.072) 0.038 0.030 0.072 0.072 
 158   (0.165) 0.050 0.201 0.175 0.171 
 168   (0.144) 0.046 0.080 0.150 0.148 
 164   (0.061) 0.023 0.023 0.064 0.063 
 156   (0.027) 0.007 0.009 0.024 0.025 
 166   (0.124) 0.262 0.040 0.121 0.122 
 170   (0.011) 0.001 0.002 0.010 0.011 

Locus 49 : 49 
6 alleles
4.2% missing data
 145   (0.189) 0.102 0.103 0.196 0.194 
 153   (0.221) 0.358 0.248 0.221 0.220 
 143   (0.022) 0.003 0.006 0.021 0.022 
 151   (0.185) 0.149 0.317 0.184 0.183 
 149   (0.361) 0.385 0.318 0.358 0.359 
 147   (0.022) 0.003 0.008 0.020 0.021 

Values of parameters used in structure:
DATAFILE=W2.str,	OUTFILE=k4/W2_k4_run2,	NUMINDS=142,	NUMLOCI=49,	MISSING=-9,	LABEL=1,	POPDATA=1,	POPFLAG=0,	PHENOTYPE=0,	EXTRACOLS=0,	MAXPOPS=4,	BURNIN=500000,	NUMREPS=750000,	USEPOPINFO=0,	INFERALPHA=1,	INFERLAMBDA=0,	POPSPECIFICLAMBDA=0,	POPALPHAS=0,	COMPUTEPROB=1,	NOADMIX=0,	ADMBURNIN=500,	UPDATEFREQ=100,	PRINTLIKES=0,	INTERMEDSAVE=0,	PRINTKLD=0,	PRINTNET=1,	PRINTLAMBDA=1,	ANCESTDIST=0,	NUMBOXES=1000,	ANCESTPINT=0.90000,	GENSBACK=2,	MIGRPRIOR=0.01000,	PRINTQHAT=0,	PRINTQSUM=1,	ALPHA=1.0000,	FREQSCORR=1,	FPRIORMEAN=0.0100,	FPRIORSD=0.0500,	ONEFST=0,	LAMBDA=1.0000,	UNIFPRIORALPHA=1,	ALPHAMAX=10.0000,	ALPHAPRIORA=1.0000,	ALPHAPRIORB=2.0000,	ALPHAPROPSD=0.0250,	STARTATPOPINFO=0,	RANDOMIZE=0,	LINKAGE=0,	METROFREQ=10,	REPORTHITRATE=0,	MARKOVPHASE=0,	PHASED=1,	PLOIDY=2,	PHASEINFO=0	LOCPRIOR=0, 	LOCPRIORINIT=1.000000, 	LOCDATA=0, 	LOCISPOP=1, 	LOCPRIORSTEP=0.100000, 	MAXLOCPRIOR=20.000000, 	SEED=440263,	
[STRAT parameters]:    NUMSIMSTATS=1000,	PHENOTYPECOL=-9,	POOLFREQ=10,	LOCUSxONLY=0,	EMERROR=0.00100,	MISSINGPHENO=-9,	