

----------------------------------------------------
STRUCTURE by Pritchard, Stephens and Donnelly (2000)
     and Falush, Stephens and Pritchard (2003)
       Code by Pritchard, Falush and Hubisz
             Version 2.3.4 (Jul 2012)
----------------------------------------------------



Command line arguments:   structure -D 957935 -K 7 -m mainparams -o k7/temp2_k7_run10 
Input File:    temp2.str

Run parameters:
   396 individuals
   48 loci
   7 populations assumed
   500000 Burn-in period
   750000 Reps
RANDOMIZE turned off


--------------------------------------------
Proportion of membership of each pre-defined
 population in each of the 7 clusters

Given    Inferred Clusters                                   Number of
 Pop       1      2      3      4      5      6      7      Individuals

  1:     0.044  0.007  0.003  0.010  0.011  0.921  0.003       63
  2:     0.012  0.010  0.006  0.010  0.020  0.939  0.003       20
  3:     0.004  0.004  0.006  0.004  0.005  0.003  0.973       35
  4:     0.075  0.006  0.004  0.013  0.022  0.877  0.003       19
  5:     0.630  0.004  0.003  0.007  0.006  0.346  0.003       31
  6:     0.018  0.004  0.003  0.008  0.007  0.957  0.003       20
  7:     0.152  0.011  0.019  0.026  0.087  0.600  0.106        8
  8:     0.018  0.004  0.006  0.020  0.012  0.937  0.002       17
  9:     0.004  0.976  0.003  0.004  0.005  0.004  0.003       29
 10:     0.002  0.003  0.958  0.003  0.004  0.003  0.027        8
 11:     0.022  0.024  0.006  0.149  0.775  0.014  0.010       21
 12:     0.015  0.013  0.008  0.388  0.547  0.015  0.015       30
 13:     0.026  0.014  0.004  0.806  0.129  0.018  0.003       25
 14:     0.019  0.008  0.005  0.779  0.149  0.032  0.008       32
 15:     0.015  0.025  0.014  0.118  0.772  0.036  0.020       34
 16:     0.015  0.007  0.003  0.018  0.919  0.033  0.007        4
--------------------------------------------

Allele-freq. divergence among pops (Net nucleotide distance),
computed using point estimates of P.

      1       2       3       4       5       6       7      
 1      -    0.0861  0.1291  0.0482  0.0336  0.0313  0.1249  
 2   0.0861     -    0.1291  0.0668  0.0521  0.0748  0.1134  
 3   0.1291  0.1291     -    0.1180  0.0946  0.1330  0.1087  
 4   0.0482  0.0668  0.1180     -    0.0140  0.0359  0.1076  
 5   0.0336  0.0521  0.0946  0.0140     -    0.0275  0.0724  
 6   0.0313  0.0748  0.1330  0.0359  0.0275     -    0.1321  
 7   0.1249  0.1134  0.1087  0.1076  0.0724  0.1321     -    

Average distances (expected heterozygosity) between individuals in same cluster:
cluster  1  : 0.5529 
cluster  2  : 0.5511 
cluster  3  : 0.5373 
cluster  4  : 0.5867 
cluster  5  : 0.6508 
cluster  6  : 0.5509 
cluster  7  : 0.6390 

--------------------------------------------
Estimated Ln Prob of Data   = -42606.6
Mean value of ln likelihood = -42080.2
Variance of ln likelihood   = 1052.7
Mean value of alpha         = 0.0312

Mean value of Fst_1         = 0.1528
Mean value of Fst_2         = 0.2063
Mean value of Fst_3         = 0.2967
Mean value of Fst_4         = 0.0677
Mean value of Fst_5         = 0.0074
Mean value of Fst_6         = 0.1248
Mean value of Fst_7         = 0.1688


Inferred ancestry of individuals:
        Label (%Miss) Pop:  Inferred clusters
  1     2055    (0)    1 :  0.011 0.002 0.003 0.007 0.004 0.970 0.003 
  2     2056    (0)    1 :  0.765 0.007 0.004 0.008 0.007 0.205 0.003 
  3     2057    (0)    1 :  0.009 0.002 0.003 0.007 0.011 0.965 0.004 
  4     2058    (0)    1 :  0.006 0.004 0.001 0.002 0.003 0.983 0.001 
  5     2059    (0)    1 :  0.008 0.003 0.002 0.003 0.004 0.978 0.002 
  6     2060    (0)    1 :  0.004 0.002 0.003 0.003 0.003 0.984 0.001 
  7     2061    (0)    1 :  0.003 0.005 0.016 0.006 0.010 0.953 0.007 
  8     2062    (0)    1 :  0.006 0.004 0.002 0.011 0.007 0.967 0.003 
  9     2063    (0)    1 :  0.006 0.002 0.002 0.004 0.003 0.981 0.001 
 10     2064    (0)    1 :  0.008 0.002 0.003 0.003 0.004 0.979 0.001 
 11     2065    (0)    1 :  0.004 0.002 0.001 0.002 0.002 0.989 0.001 
 12     2066    (0)    1 :  0.016 0.002 0.001 0.004 0.003 0.972 0.002 
 13     2067    (0)    1 :  0.041 0.008 0.004 0.007 0.009 0.927 0.005 
 14     2068    (0)    1 :  0.016 0.032 0.008 0.012 0.054 0.877 0.003 
 15     2069    (0)    1 :  0.006 0.002 0.001 0.003 0.003 0.984 0.001 
 16     2070    (0)    1 :  0.410 0.002 0.001 0.146 0.164 0.275 0.001 
 17     2071    (0)    1 :  0.013 0.009 0.009 0.005 0.008 0.953 0.002 
 18     2072    (0)    1 :  0.013 0.003 0.009 0.002 0.007 0.963 0.003 
 19     2073    (0)    1 :  0.004 0.009 0.009 0.012 0.023 0.910 0.033 
 20     2074    (0)    1 :  0.012 0.002 0.003 0.002 0.003 0.974 0.002 
 21     2075    (0)    1 :  0.075 0.018 0.003 0.005 0.007 0.890 0.003 
 22     2076    (0)    1 :  0.003 0.001 0.001 0.002 0.002 0.989 0.001 
 23     2077    (0)    1 :  0.005 0.008 0.006 0.014 0.010 0.950 0.006 
 24     2078    (0)    1 :  0.011 0.003 0.004 0.007 0.004 0.971 0.001 
 25     2079    (0)    1 :  0.003 0.042 0.001 0.017 0.010 0.924 0.002 
 26     2080    (0)    1 :  0.003 0.021 0.003 0.003 0.021 0.930 0.019 
 27     2081    (0)    1 :  0.005 0.003 0.002 0.004 0.004 0.981 0.001 
 28     2082    (0)    1 :  0.218 0.007 0.002 0.008 0.016 0.748 0.002 
 29     2083    (0)    1 :  0.081 0.002 0.003 0.006 0.011 0.892 0.004 
 30     2084    (0)    1 :  0.008 0.007 0.002 0.009 0.007 0.965 0.002 
 31     2085    (0)    1 :  0.020 0.003 0.001 0.012 0.007 0.953 0.004 
 32     2086    (0)    1 :  0.006 0.003 0.003 0.008 0.013 0.964 0.002 
 33     2087    (0)    1 :  0.004 0.046 0.004 0.005 0.005 0.934 0.002 
 34     2088    (0)    1 :  0.007 0.012 0.003 0.045 0.016 0.916 0.002 
 35     2089    (0)    1 :  0.006 0.002 0.001 0.002 0.002 0.985 0.001 
 36     2090    (0)    1 :  0.014 0.035 0.004 0.004 0.006 0.934 0.003 
 37     2091    (0)    1 :  0.009 0.003 0.001 0.005 0.004 0.976 0.001 
 38     2092    (0)    1 :  0.022 0.021 0.001 0.004 0.004 0.946 0.001 
 39     2093    (0)    1 :  0.007 0.002 0.001 0.003 0.003 0.984 0.001 
 40     2094    (0)    1 :  0.034 0.001 0.002 0.003 0.003 0.957 0.001 
 41     2095    (0)    1 :  0.003 0.037 0.005 0.005 0.005 0.944 0.001 
 42     2096    (0)    1 :  0.008 0.002 0.001 0.003 0.002 0.983 0.001 
 43     2097    (0)    1 :  0.005 0.002 0.002 0.003 0.003 0.985 0.001 
 44     2098    (0)    1 :  0.009 0.011 0.003 0.019 0.024 0.928 0.007 
 45     2099    (0)    1 :  0.473 0.004 0.008 0.023 0.034 0.456 0.001 
 46     2100    (0)    1 :  0.010 0.003 0.002 0.008 0.017 0.957 0.003 
 47     2101    (0)    1 :  0.005 0.005 0.002 0.006 0.004 0.976 0.002 
 48     2102    (2)    1 :  0.009 0.002 0.002 0.004 0.003 0.979 0.001 
 49     2103    (0)    1 :  0.006 0.004 0.002 0.008 0.005 0.974 0.001 
 50     2104    (0)    1 :  0.003 0.002 0.001 0.035 0.007 0.952 0.001 
 51     2105    (0)    1 :  0.016 0.003 0.006 0.024 0.005 0.944 0.001 
 52     2106    (0)    1 :  0.015 0.002 0.002 0.006 0.011 0.962 0.001 
 53     2107    (0)    1 :  0.007 0.004 0.002 0.014 0.006 0.965 0.002 
 54     2108    (0)    1 :  0.005 0.005 0.004 0.006 0.010 0.968 0.002 
 55     2109    (0)    1 :  0.193 0.002 0.005 0.012 0.009 0.777 0.002 
 56     2110    (0)    1 :  0.004 0.004 0.003 0.017 0.005 0.965 0.001 
 57     2111    (0)    1 :  0.004 0.003 0.001 0.011 0.004 0.976 0.001 
 58     2112    (0)    1 :  0.011 0.003 0.003 0.003 0.003 0.975 0.001 
 59     2583    (2)    1 :  0.058 0.007 0.005 0.004 0.004 0.917 0.004 
 60     2584    (4)    1 :  0.023 0.004 0.004 0.003 0.015 0.948 0.003 
 61     2587    (2)    1 :  0.012 0.003 0.001 0.012 0.004 0.966 0.001 
 62     2590    (2)    1 :  0.010 0.002 0.010 0.004 0.004 0.967 0.003 
 63     2591    (6)    1 :  0.006 0.012 0.001 0.013 0.009 0.957 0.002 
 64      282    (0)   10 :  0.005 0.002 0.943 0.004 0.008 0.003 0.035 
 65      284    (0)   10 :  0.002 0.011 0.975 0.003 0.004 0.003 0.002 
 66      287    (0)   10 :  0.002 0.003 0.981 0.004 0.005 0.003 0.002 
 67      295    (0)   10 :  0.001 0.001 0.992 0.001 0.001 0.001 0.002 
 68      302    (0)   10 :  0.001 0.001 0.992 0.001 0.001 0.001 0.002 
 69      306    (2)   10 :  0.003 0.005 0.825 0.007 0.008 0.007 0.144 
 70      308    (0)   10 :  0.002 0.001 0.991 0.001 0.002 0.002 0.001 
 71      867    (0)   10 :  0.002 0.001 0.964 0.002 0.002 0.001 0.028 
 72      315    (0)   11 :  0.007 0.060 0.011 0.191 0.713 0.016 0.003 
 73      565    (0)   11 :  0.009 0.028 0.003 0.006 0.941 0.009 0.004 
 74      566    (2)   11 :  0.023 0.017 0.004 0.824 0.115 0.011 0.006 
 75      567    (2)   11 :  0.007 0.004 0.002 0.007 0.951 0.026 0.003 
 76      877    (0)   11 :  0.030 0.003 0.002 0.010 0.943 0.009 0.003 
 77      878    (0)   11 :  0.004 0.006 0.010 0.006 0.956 0.005 0.012 
 78      879    (0)   11 :  0.012 0.005 0.005 0.019 0.934 0.006 0.019 
 79      880    (0)   11 :  0.010 0.005 0.002 0.009 0.960 0.006 0.008 
 80      881    (0)   11 :  0.005 0.010 0.006 0.020 0.934 0.006 0.019 
 81      882    (0)   11 :  0.008 0.009 0.019 0.007 0.922 0.006 0.030 
 82      883    (0)   11 :  0.014 0.004 0.006 0.025 0.930 0.008 0.013 
 83      884    (0)   11 :  0.024 0.002 0.002 0.614 0.333 0.024 0.002 
 84      885    (0)   11 :  0.045 0.004 0.009 0.199 0.728 0.006 0.010 
 85      886    (0)   11 :  0.004 0.150 0.010 0.035 0.783 0.010 0.007 
 86      887    (0)   11 :  0.014 0.005 0.009 0.885 0.027 0.020 0.041 
 87      888    (0)   11 :  0.215 0.011 0.006 0.007 0.722 0.038 0.002 
 88      889    (0)   11 :  0.005 0.005 0.009 0.136 0.822 0.008 0.014 
 89      890    (0)   11 :  0.004 0.014 0.004 0.016 0.951 0.006 0.005 
 90      891    (0)   11 :  0.011 0.005 0.002 0.006 0.961 0.011 0.004 
 91      892    (0)   11 :  0.011 0.004 0.006 0.015 0.953 0.009 0.002 
 92      893    (0)   11 :  0.006 0.148 0.003 0.083 0.701 0.055 0.005 
 93      341    (0)   12 :  0.004 0.008 0.004 0.006 0.947 0.004 0.026 
 94      343    (0)   12 :  0.003 0.009 0.004 0.085 0.856 0.012 0.031 
 95      914    (0)   12 :  0.004 0.004 0.002 0.970 0.006 0.012 0.001 
 96      916    (0)   12 :  0.074 0.004 0.003 0.015 0.849 0.037 0.018 
 97      924    (0)   12 :  0.008 0.018 0.002 0.873 0.081 0.004 0.015 
 98      938    (0)   12 :  0.013 0.002 0.006 0.223 0.728 0.023 0.006 
 99      939    (0)   12 :  0.004 0.008 0.001 0.970 0.007 0.009 0.002 
100      940    (0)   12 :  0.005 0.003 0.005 0.912 0.059 0.004 0.012 
101      941    (2)   12 :  0.007 0.026 0.007 0.868 0.054 0.004 0.035 
102      942    (0)   12 :  0.006 0.017 0.004 0.037 0.920 0.007 0.008 
103      943    (0)   12 :  0.076 0.003 0.002 0.140 0.757 0.019 0.003 
104      944    (0)   12 :  0.008 0.004 0.004 0.934 0.014 0.035 0.002 
105      945    (0)   12 :  0.004 0.002 0.002 0.982 0.005 0.003 0.001 
106      946    (0)   12 :  0.010 0.004 0.103 0.376 0.489 0.008 0.010 
107      947    (0)   12 :  0.005 0.046 0.002 0.056 0.881 0.006 0.004 
108      951    (0)   12 :  0.005 0.009 0.003 0.029 0.923 0.004 0.026 
109      952    (0)   12 :  0.006 0.095 0.016 0.142 0.732 0.008 0.001 
110      953    (0)   12 :  0.073 0.013 0.004 0.767 0.112 0.018 0.014 
111      954    (0)   12 :  0.003 0.009 0.011 0.827 0.126 0.009 0.015 
112      955    (0)   12 :  0.004 0.017 0.009 0.100 0.856 0.005 0.010 
113      961    (4)   12 :  0.019 0.004 0.002 0.021 0.928 0.022 0.004 
114      974    (0)   12 :  0.003 0.029 0.011 0.166 0.781 0.007 0.002 
115      975    (4)   12 :  0.014 0.002 0.003 0.141 0.802 0.027 0.011 
116      980    (0)   12 :  0.012 0.020 0.002 0.401 0.547 0.010 0.008 
117      981    (0)   12 :  0.005 0.003 0.003 0.012 0.946 0.013 0.018 
118      982    (0)   12 :  0.012 0.002 0.002 0.854 0.075 0.053 0.003 
119      984    (0)   12 :  0.013 0.004 0.011 0.037 0.899 0.027 0.009 
120      985    (0)   12 :  0.004 0.008 0.004 0.013 0.958 0.008 0.005 
121     2578    (4)   12 :  0.006 0.002 0.006 0.665 0.150 0.011 0.160 
122     2580    (2)   12 :  0.030 0.003 0.007 0.008 0.921 0.027 0.004 
123      328    (0)   13 :  0.391 0.019 0.016 0.154 0.282 0.134 0.005 
124      333    (0)   13 :  0.003 0.004 0.001 0.980 0.006 0.004 0.002 
125      918    (0)   13 :  0.003 0.066 0.007 0.906 0.009 0.007 0.003 
126      919    (0)   13 :  0.004 0.003 0.002 0.975 0.005 0.008 0.002 
127      920    (0)   13 :  0.010 0.002 0.003 0.970 0.007 0.005 0.001 
128      921    (0)   13 :  0.022 0.003 0.002 0.026 0.926 0.017 0.003 
129      922    (0)   13 :  0.011 0.003 0.001 0.959 0.006 0.018 0.002 
130      926    (0)   13 :  0.003 0.002 0.001 0.987 0.003 0.003 0.001 
131      927    (0)   13 :  0.002 0.003 0.001 0.983 0.003 0.005 0.003 
132      928    (0)   13 :  0.005 0.004 0.001 0.940 0.011 0.037 0.002 
133      929    (0)   13 :  0.014 0.002 0.006 0.933 0.017 0.025 0.003 
134      930    (0)   13 :  0.025 0.004 0.008 0.892 0.056 0.012 0.002 
135      932    (0)   13 :  0.068 0.005 0.001 0.325 0.585 0.011 0.005 
136      933    (0)   13 :  0.004 0.157 0.007 0.808 0.014 0.010 0.002 
137      949    (0)   13 :  0.021 0.005 0.002 0.078 0.883 0.007 0.004 
138      950    (0)   13 :  0.005 0.017 0.004 0.858 0.108 0.005 0.003 
139      964    (4)   13 :  0.004 0.002 0.008 0.965 0.009 0.007 0.005 
140      986    (0)   13 :  0.006 0.005 0.002 0.962 0.010 0.012 0.004 
141      987    (0)   13 :  0.025 0.007 0.002 0.883 0.044 0.034 0.006 
142     1001    (4)   13 :  0.003 0.002 0.003 0.977 0.004 0.010 0.002 
143     1002    (4)   13 :  0.003 0.010 0.006 0.963 0.005 0.008 0.005 
144     1003    (2)   13 :  0.011 0.003 0.009 0.686 0.231 0.056 0.003 
145     1004    (0)   13 :  0.003 0.005 0.003 0.978 0.005 0.003 0.003 
146     1005    (0)   13 :  0.003 0.004 0.003 0.971 0.006 0.012 0.001 
147     1010    (0)   13 :  0.004 0.004 0.001 0.982 0.003 0.005 0.001 
148      321    (0)   14 :  0.004 0.004 0.003 0.958 0.012 0.018 0.002 
149      338    (0)   14 :  0.002 0.002 0.002 0.984 0.004 0.004 0.002 
150      339    (0)   14 :  0.013 0.006 0.003 0.914 0.012 0.033 0.020 
151      363    (0)   14 :  0.003 0.006 0.008 0.067 0.904 0.005 0.007 
152      915    (0)   14 :  0.005 0.003 0.003 0.973 0.005 0.011 0.001 
153      917    (0)   14 :  0.003 0.003 0.001 0.958 0.028 0.005 0.002 
154      923    (0)   14 :  0.013 0.012 0.009 0.442 0.506 0.014 0.005 
155      925    (0)   14 :  0.010 0.005 0.003 0.971 0.004 0.005 0.002 
156      931    (0)   14 :  0.009 0.009 0.003 0.649 0.321 0.005 0.004 
157      935    (0)   14 :  0.004 0.004 0.003 0.971 0.008 0.006 0.003 
158      936    (0)   14 :  0.003 0.006 0.003 0.973 0.007 0.003 0.005 
159      937    (0)   14 :  0.004 0.001 0.001 0.983 0.005 0.003 0.002 
160      948    (0)   14 :  0.010 0.015 0.004 0.759 0.188 0.010 0.015 
161      956    (0)   14 :  0.009 0.002 0.001 0.972 0.006 0.007 0.003 
162      957    (0)   14 :  0.003 0.003 0.003 0.976 0.010 0.002 0.004 
163      967    (0)   14 :  0.003 0.003 0.003 0.978 0.008 0.003 0.002 
164      968    (2)   14 :  0.165 0.013 0.002 0.652 0.154 0.007 0.007 
165      969    (2)   14 :  0.005 0.013 0.003 0.948 0.018 0.008 0.005 
166      970    (2)   14 :  0.006 0.007 0.046 0.621 0.301 0.006 0.013 
167      971    (4)   14 :  0.005 0.003 0.002 0.973 0.005 0.010 0.002 
168      972    (0)   14 :  0.007 0.006 0.011 0.960 0.009 0.003 0.004 
169      973    (0)   14 :  0.020 0.013 0.004 0.042 0.897 0.006 0.017 
170      978    (0)   14 :  0.033 0.032 0.002 0.917 0.006 0.005 0.005 
171      979    (0)   14 :  0.033 0.002 0.004 0.186 0.103 0.584 0.087 
172      988    (6)   14 :  0.010 0.003 0.002 0.060 0.902 0.018 0.005 
173      989    (0)   14 :  0.016 0.005 0.004 0.912 0.044 0.015 0.003 
174      990    (0)   14 :  0.004 0.023 0.011 0.760 0.182 0.015 0.005 
175      991    (0)   14 :  0.003 0.004 0.002 0.983 0.004 0.002 0.002 
176      992    (0)   14 :  0.020 0.003 0.012 0.947 0.009 0.006 0.003 
177     1006    (2)   14 :  0.020 0.014 0.002 0.943 0.006 0.013 0.002 
178     1017    (0)   14 :  0.141 0.015 0.003 0.633 0.072 0.131 0.004 
179     2582    (4)   14 :  0.020 0.026 0.010 0.874 0.014 0.053 0.003 
180      319    (2)   15 :  0.005 0.004 0.002 0.011 0.965 0.008 0.004 
181      335    (0)   15 :  0.004 0.014 0.010 0.022 0.934 0.010 0.006 
182      895    (0)   15 :  0.004 0.005 0.006 0.012 0.892 0.005 0.077 
183      896    (0)   15 :  0.052 0.003 0.006 0.013 0.912 0.010 0.004 
184      897    (0)   15 :  0.015 0.006 0.002 0.010 0.959 0.004 0.004 
185      898    (0)   15 :  0.009 0.007 0.002 0.501 0.465 0.006 0.009 
186      899    (0)   15 :  0.014 0.006 0.005 0.104 0.537 0.316 0.018 
187      900    (0)   15 :  0.028 0.052 0.017 0.069 0.815 0.013 0.006 
188      901    (0)   15 :  0.007 0.027 0.003 0.021 0.532 0.320 0.090 
189      902    (0)   15 :  0.005 0.003 0.007 0.048 0.858 0.029 0.049 
190      903    (0)   15 :  0.011 0.003 0.025 0.007 0.945 0.004 0.005 
191      904    (0)   15 :  0.014 0.002 0.005 0.006 0.962 0.009 0.002 
192      905    (0)   15 :  0.036 0.004 0.014 0.006 0.801 0.066 0.074 
193      906    (0)   15 :  0.005 0.005 0.004 0.009 0.940 0.004 0.032 
194      907    (0)   15 :  0.077 0.009 0.012 0.041 0.790 0.007 0.063 
195      908    (0)   15 :  0.009 0.007 0.003 0.019 0.934 0.026 0.002 
196      909    (0)   15 :  0.004 0.286 0.005 0.674 0.012 0.014 0.005 
197      910    (0)   15 :  0.010 0.032 0.002 0.041 0.825 0.007 0.082 
198      911    (0)   15 :  0.005 0.044 0.007 0.041 0.862 0.034 0.007 
199      912    (0)   15 :  0.008 0.003 0.007 0.082 0.887 0.007 0.006 
200      913    (0)   15 :  0.012 0.045 0.143 0.632 0.112 0.050 0.006 
201     2411    (0)   15 :  0.007 0.004 0.004 0.009 0.963 0.008 0.005 
202     2412    (0)   15 :  0.025 0.007 0.020 0.910 0.029 0.007 0.003 
203     2413    (0)   15 :  0.015 0.022 0.008 0.006 0.908 0.012 0.029 
204     2414    (0)   15 :  0.005 0.002 0.004 0.036 0.941 0.009 0.004 
205     2415    (2)   15 :  0.040 0.019 0.004 0.100 0.817 0.016 0.004 
206     2417    (4)   15 :  0.014 0.008 0.005 0.225 0.574 0.144 0.029 
207     2418    (4)   15 :  0.014 0.007 0.003 0.007 0.951 0.005 0.013 
208     2419    (2)   15 :  0.004 0.006 0.002 0.093 0.887 0.006 0.003 
209     2420    (0)   15 :  0.006 0.005 0.060 0.014 0.907 0.003 0.006 
210     2421    (0)   15 :  0.012 0.009 0.005 0.171 0.791 0.005 0.007 
211     2422    (2)   15 :  0.003 0.193 0.005 0.008 0.779 0.007 0.007 
212     2423    (0)   15 :  0.011 0.008 0.007 0.014 0.925 0.028 0.007 
213     2576    (0)   15 :  0.012 0.010 0.074 0.032 0.849 0.013 0.011 
214     1079    (0)   16 :  0.007 0.004 0.002 0.021 0.940 0.022 0.005 
215     1081    (0)   16 :  0.013 0.008 0.002 0.016 0.913 0.045 0.002 
216     1082    (2)   16 :  0.011 0.008 0.003 0.006 0.948 0.007 0.017 
217     1083    (0)   16 :  0.027 0.007 0.003 0.027 0.875 0.058 0.003 
218       34    (0)    2 :  0.006 0.002 0.002 0.005 0.007 0.973 0.005 
219       38    (0)    2 :  0.015 0.048 0.006 0.017 0.030 0.876 0.007 
220       41    (0)    2 :  0.004 0.002 0.001 0.003 0.003 0.985 0.001 
221       44    (0)    2 :  0.004 0.003 0.001 0.004 0.005 0.982 0.001 
222       45    (0)    2 :  0.006 0.002 0.002 0.004 0.002 0.983 0.001 
223       47    (0)    2 :  0.012 0.047 0.017 0.054 0.227 0.641 0.002 
224       50    (0)    2 :  0.082 0.004 0.010 0.004 0.033 0.860 0.006 
225      384    (0)    2 :  0.017 0.003 0.003 0.015 0.006 0.954 0.002 
226      385    (2)    2 :  0.016 0.008 0.009 0.008 0.013 0.941 0.005 
227      386    (0)    2 :  0.004 0.002 0.001 0.002 0.002 0.987 0.001 
228      387    (0)    2 :  0.009 0.007 0.002 0.006 0.005 0.970 0.001 
229      388    (0)    2 :  0.004 0.005 0.001 0.004 0.002 0.982 0.001 
230      389    (0)    2 :  0.003 0.004 0.002 0.006 0.003 0.983 0.001 
231      390    (4)    2 :  0.013 0.018 0.035 0.017 0.013 0.900 0.004 
232      391    (0)    2 :  0.006 0.006 0.003 0.018 0.006 0.960 0.001 
233      392    (0)    2 :  0.009 0.002 0.002 0.008 0.003 0.974 0.001 
234      393    (2)    2 :  0.005 0.011 0.002 0.005 0.003 0.971 0.001 
235      394    (0)    2 :  0.003 0.002 0.001 0.003 0.002 0.987 0.001 
236      395    (0)    2 :  0.008 0.009 0.013 0.008 0.018 0.938 0.007 
237      396    (0)    2 :  0.024 0.014 0.010 0.005 0.005 0.940 0.003 
238     2470    (4)    3 :  0.001 0.002 0.002 0.002 0.002 0.001 0.988 
239     2471    (0)    3 :  0.003 0.003 0.006 0.003 0.004 0.003 0.978 
240     2472    (0)    3 :  0.001 0.003 0.011 0.005 0.003 0.002 0.974 
241     2484    (0)    3 :  0.002 0.030 0.008 0.003 0.006 0.002 0.949 
242     2486    (2)    3 :  0.002 0.003 0.004 0.002 0.002 0.002 0.986 
243     2487    (2)    3 :  0.004 0.007 0.004 0.005 0.004 0.003 0.974 
244     2489    (0)    3 :  0.007 0.002 0.002 0.004 0.006 0.003 0.975 
245     2596    (2)    3 :  0.001 0.015 0.003 0.008 0.008 0.002 0.962 
246     1366    (0)    3 :  0.002 0.001 0.003 0.002 0.003 0.003 0.986 
247     1367    (0)    3 :  0.002 0.003 0.002 0.002 0.003 0.004 0.985 
248     1368    (0)    3 :  0.005 0.014 0.007 0.005 0.026 0.008 0.935 
249     1369    (0)    3 :  0.007 0.004 0.029 0.005 0.005 0.003 0.946 
250     1370    (0)    3 :  0.002 0.002 0.006 0.003 0.004 0.002 0.981 
251     1371    (0)    3 :  0.002 0.003 0.002 0.002 0.003 0.002 0.986 
252     1372    (0)    3 :  0.003 0.003 0.004 0.002 0.005 0.003 0.980 
253     1373    (0)    3 :  0.004 0.002 0.012 0.003 0.006 0.004 0.969 
254     1374    (0)    3 :  0.002 0.004 0.003 0.002 0.003 0.002 0.985 
255     1375    (0)    3 :  0.001 0.003 0.005 0.002 0.002 0.001 0.986 
256     2476    (0)    3 :  0.010 0.004 0.063 0.002 0.005 0.005 0.912 
257     2478    (2)    3 :  0.002 0.002 0.004 0.003 0.004 0.002 0.983 
258     2479    (4)    3 :  0.003 0.002 0.003 0.002 0.003 0.002 0.986 
259     2481    (0)    3 :  0.006 0.003 0.003 0.006 0.006 0.004 0.972 
260     2483    (4)    3 :  0.002 0.002 0.004 0.002 0.003 0.002 0.984 
261     2485    (0)    3 :  0.001 0.002 0.002 0.003 0.002 0.001 0.989 
262     2488    (0)    3 :  0.001 0.002 0.003 0.003 0.002 0.001 0.988 
263     2490    (0)    3 :  0.003 0.003 0.002 0.002 0.003 0.003 0.985 
264     2492    (2)    3 :  0.003 0.003 0.004 0.002 0.002 0.002 0.984 
265     2493    (0)    3 :  0.005 0.007 0.001 0.016 0.008 0.010 0.953 
266     2494    (2)    3 :  0.007 0.001 0.003 0.004 0.006 0.004 0.975 
267     2495    (0)    3 :  0.033 0.009 0.004 0.016 0.023 0.014 0.901 
268     2496    (0)    3 :  0.001 0.003 0.001 0.002 0.002 0.001 0.989 
269     2497    (2)    3 :  0.002 0.002 0.007 0.002 0.003 0.002 0.983 
270     2592    (2)    3 :  0.003 0.002 0.002 0.001 0.002 0.003 0.987 
271     2593    (4)    3 :  0.002 0.002 0.002 0.002 0.002 0.002 0.988 
272     2595    (2)    3 :  0.002 0.003 0.003 0.002 0.003 0.002 0.985 
273     2498    (2)    4 :  0.020 0.007 0.005 0.006 0.009 0.948 0.006 
274     2513    (2)    4 :  0.007 0.009 0.002 0.006 0.004 0.971 0.002 
275     2514    (2)    4 :  0.047 0.004 0.002 0.018 0.040 0.880 0.009 
276     2597    (4)    4 :  0.013 0.004 0.009 0.017 0.013 0.943 0.002 
277     2499    (4)    4 :  0.051 0.011 0.004 0.012 0.043 0.875 0.003 
278     2500    (0)    4 :  0.013 0.006 0.004 0.003 0.007 0.958 0.008 
279     2506    (2)    4 :  0.010 0.003 0.004 0.004 0.005 0.972 0.003 
280     2509    (6)    4 :  0.013 0.024 0.010 0.015 0.064 0.869 0.004 
281     2511    (2)    4 :  0.097 0.004 0.001 0.004 0.006 0.885 0.002 
282     2512    (2)    4 :  0.007 0.002 0.006 0.004 0.004 0.974 0.002 
283     2515    (2)    4 :  0.190 0.002 0.002 0.003 0.003 0.799 0.001 
284     2516    (2)    4 :  0.017 0.002 0.001 0.011 0.011 0.956 0.001 
285     2517    (2)    4 :  0.057 0.003 0.002 0.022 0.007 0.905 0.004 
286     2518    (2)    4 :  0.036 0.008 0.003 0.025 0.011 0.914 0.003 
287     2519    (0)    4 :  0.035 0.019 0.002 0.063 0.100 0.776 0.005 
288     2520    (2)    4 :  0.034 0.001 0.002 0.003 0.003 0.955 0.003 
289     2521    (2)    4 :  0.733 0.003 0.002 0.021 0.044 0.195 0.002 
290     2603    (4)    4 :  0.027 0.003 0.003 0.005 0.035 0.922 0.004 
291     2606    (2)    4 :  0.012 0.002 0.004 0.008 0.008 0.965 0.002 
292       87    (0)    5 :  0.954 0.007 0.006 0.010 0.007 0.012 0.005 
293       88    (0)    5 :  0.977 0.002 0.001 0.002 0.002 0.015 0.001 
294       90    (0)    5 :  0.033 0.001 0.001 0.003 0.002 0.958 0.001 
295       92    (0)    5 :  0.776 0.002 0.002 0.017 0.011 0.189 0.002 
296       96    (0)    5 :  0.041 0.020 0.002 0.009 0.010 0.916 0.002 
297       97    (0)    5 :  0.897 0.003 0.001 0.007 0.005 0.085 0.001 
298      105    (0)    5 :  0.963 0.007 0.002 0.004 0.004 0.019 0.001 
299      120    (0)    5 :  0.986 0.001 0.003 0.002 0.002 0.004 0.001 
300      123    (0)    5 :  0.030 0.003 0.001 0.004 0.003 0.958 0.001 
301      128    (0)    5 :  0.008 0.003 0.002 0.002 0.005 0.979 0.002 
302      129    (0)    5 :  0.079 0.005 0.002 0.017 0.007 0.889 0.002 
303      132    (0)    5 :  0.976 0.002 0.002 0.003 0.005 0.012 0.001 
304      504    (0)    5 :  0.451 0.003 0.001 0.009 0.005 0.531 0.001 
305      505    (0)    5 :  0.743 0.003 0.001 0.007 0.005 0.237 0.002 
306      506    (0)    5 :  0.474 0.003 0.002 0.006 0.013 0.483 0.019 
307      507    (0)    5 :  0.913 0.003 0.003 0.015 0.006 0.058 0.002 
308      508    (0)    5 :  0.950 0.003 0.016 0.007 0.011 0.010 0.002 
309      509    (0)    5 :  0.828 0.003 0.003 0.006 0.011 0.146 0.003 
310      510    (0)    5 :  0.980 0.002 0.002 0.006 0.004 0.005 0.001 
311      511    (0)    5 :  0.865 0.011 0.002 0.005 0.006 0.109 0.003 
312      512    (0)    5 :  0.670 0.004 0.002 0.005 0.004 0.313 0.002 
313      513    (0)    5 :  0.910 0.002 0.002 0.003 0.004 0.078 0.001 
314      514    (0)    5 :  0.319 0.013 0.003 0.005 0.012 0.644 0.003 
315      515    (0)    5 :  0.796 0.004 0.008 0.015 0.015 0.159 0.004 
316      558    (0)    5 :  0.704 0.004 0.005 0.027 0.006 0.253 0.001 
317      559    (0)    5 :  0.047 0.001 0.002 0.002 0.003 0.943 0.002 
318      560    (0)    5 :  0.134 0.006 0.007 0.003 0.004 0.845 0.001 
319      561    (0)    5 :  0.588 0.004 0.003 0.003 0.005 0.395 0.002 
320      562    (0)    5 :  0.908 0.002 0.003 0.006 0.011 0.067 0.003 
321      563    (0)    5 :  0.987 0.002 0.002 0.002 0.002 0.003 0.002 
322      564    (0)    5 :  0.542 0.003 0.011 0.009 0.007 0.426 0.003 
323      136    (0)    6 :  0.004 0.004 0.001 0.003 0.005 0.976 0.005 
324      138    (0)    6 :  0.010 0.004 0.003 0.005 0.005 0.973 0.002 
325      140    (0)    6 :  0.016 0.007 0.002 0.010 0.007 0.956 0.001 
326      141    (0)    6 :  0.009 0.004 0.005 0.008 0.025 0.946 0.002 
327      144    (0)    6 :  0.007 0.014 0.002 0.003 0.005 0.967 0.003 
328      146    (0)    6 :  0.020 0.004 0.003 0.002 0.004 0.965 0.001 
329      148    (0)    6 :  0.037 0.001 0.002 0.004 0.008 0.946 0.001 
330      150    (0)    6 :  0.005 0.001 0.006 0.006 0.004 0.977 0.002 
331      152    (0)    6 :  0.014 0.002 0.001 0.003 0.003 0.975 0.001 
332      666    (0)    6 :  0.007 0.002 0.001 0.006 0.004 0.978 0.001 
333      667    (0)    6 :  0.012 0.002 0.001 0.006 0.012 0.965 0.002 
334      668    (0)    6 :  0.053 0.003 0.011 0.016 0.007 0.907 0.003 
335      669    (0)    6 :  0.009 0.002 0.003 0.005 0.003 0.976 0.003 
336      670    (0)    6 :  0.036 0.002 0.011 0.055 0.013 0.881 0.002 
337      684    (0)    6 :  0.009 0.002 0.002 0.004 0.003 0.979 0.001 
338      685    (0)    6 :  0.005 0.003 0.006 0.002 0.005 0.971 0.007 
339      686    (0)    6 :  0.081 0.003 0.003 0.006 0.004 0.902 0.002 
340      687    (0)    6 :  0.004 0.004 0.001 0.004 0.004 0.982 0.001 
341      688    (2)    6 :  0.005 0.003 0.002 0.004 0.003 0.982 0.001 
342      689    (0)    6 :  0.007 0.005 0.003 0.008 0.007 0.947 0.022 
343      165    (0)    7 :  0.007 0.003 0.003 0.012 0.009 0.963 0.004 
344      167    (0)    7 :  0.017 0.003 0.094 0.034 0.060 0.790 0.002 
345      170    (0)    7 :  0.020 0.010 0.004 0.013 0.006 0.945 0.003 
346      714    (0)    7 :  0.379 0.002 0.003 0.008 0.007 0.597 0.003 
347      715    (2)    7 :  0.349 0.004 0.026 0.043 0.136 0.398 0.043 
348      716    (0)    7 :  0.005 0.003 0.002 0.008 0.006 0.973 0.003 
349      717    (2)    7 :  0.424 0.009 0.016 0.033 0.386 0.127 0.005 
350     2346    (2)    7 :  0.011 0.052 0.004 0.054 0.085 0.008 0.786 
351      718    (0)    8 :  0.014 0.005 0.012 0.007 0.008 0.952 0.002 
352      719    (0)    8 :  0.017 0.009 0.005 0.028 0.024 0.913 0.003 
353      720    (0)    8 :  0.006 0.001 0.001 0.006 0.005 0.978 0.002 
354      721    (0)    8 :  0.018 0.011 0.016 0.015 0.015 0.918 0.007 
355      722    (0)    8 :  0.017 0.002 0.003 0.010 0.005 0.962 0.001 
356      723    (0)    8 :  0.036 0.003 0.001 0.010 0.004 0.944 0.001 
357      724    (0)    8 :  0.003 0.002 0.004 0.005 0.003 0.982 0.001 
358      725    (0)    8 :  0.007 0.005 0.003 0.004 0.004 0.976 0.002 
359      726    (0)    8 :  0.005 0.002 0.003 0.008 0.029 0.945 0.007 
360      727    (0)    8 :  0.003 0.002 0.002 0.003 0.002 0.986 0.001 
361      728    (2)    8 :  0.015 0.002 0.005 0.011 0.009 0.956 0.002 
362      729    (0)    8 :  0.011 0.004 0.008 0.176 0.012 0.788 0.002 
363      730    (0)    8 :  0.009 0.003 0.024 0.022 0.064 0.874 0.004 
364      731    (0)    8 :  0.022 0.005 0.004 0.011 0.009 0.945 0.002 
365      732    (0)    8 :  0.003 0.003 0.002 0.004 0.008 0.978 0.002 
366      733    (0)    8 :  0.017 0.003 0.008 0.013 0.004 0.954 0.001 
367      734    (0)    8 :  0.104 0.002 0.002 0.004 0.002 0.884 0.001 
368      189    (0)    9 :  0.008 0.952 0.008 0.010 0.009 0.011 0.002 
369      190    (0)    9 :  0.002 0.987 0.002 0.002 0.002 0.003 0.002 
370      193    (0)    9 :  0.005 0.978 0.001 0.003 0.007 0.003 0.003 
371      761    (0)    9 :  0.003 0.988 0.001 0.003 0.002 0.002 0.001 
372      762    (0)    9 :  0.002 0.981 0.002 0.006 0.003 0.004 0.002 
373      763    (0)    9 :  0.004 0.980 0.003 0.004 0.003 0.004 0.002 
374      764    (0)    9 :  0.002 0.985 0.002 0.004 0.002 0.004 0.001 
375      765    (0)    9 :  0.004 0.981 0.001 0.004 0.004 0.004 0.002 
376      778    (0)    9 :  0.019 0.918 0.012 0.007 0.017 0.018 0.009 
377      779    (0)    9 :  0.002 0.980 0.003 0.004 0.003 0.006 0.002 
378      780    (0)    9 :  0.002 0.986 0.002 0.004 0.003 0.002 0.002 
379      781    (0)    9 :  0.005 0.971 0.014 0.003 0.002 0.003 0.002 
380      782    (0)    9 :  0.009 0.972 0.002 0.002 0.005 0.008 0.003 
381      783    (0)    9 :  0.001 0.992 0.001 0.001 0.001 0.001 0.001 
382      784    (0)    9 :  0.004 0.982 0.001 0.003 0.005 0.003 0.001 
383      785    (0)    9 :  0.002 0.979 0.004 0.005 0.004 0.003 0.002 
384      786    (0)    9 :  0.002 0.984 0.001 0.005 0.003 0.003 0.002 
385      787    (0)    9 :  0.002 0.985 0.002 0.003 0.003 0.004 0.001 
386      788    (0)    9 :  0.013 0.951 0.005 0.008 0.011 0.008 0.003 
387      789    (0)    9 :  0.002 0.953 0.002 0.003 0.010 0.004 0.026 
388      790    (0)    9 :  0.002 0.978 0.005 0.005 0.004 0.004 0.002 
389      791    (0)    9 :  0.004 0.976 0.002 0.005 0.005 0.007 0.002 
390      792    (0)    9 :  0.002 0.987 0.003 0.002 0.002 0.002 0.002 
391      793    (0)    9 :  0.003 0.977 0.002 0.004 0.005 0.006 0.002 
392      794    (0)    9 :  0.003 0.979 0.003 0.005 0.005 0.002 0.002 
393      795    (0)    9 :  0.005 0.978 0.002 0.003 0.005 0.003 0.004 
394      796    (0)    9 :  0.002 0.987 0.002 0.002 0.002 0.002 0.004 
395      797    (0)    9 :  0.002 0.988 0.002 0.003 0.002 0.002 0.001 
396      798    (0)    9 :  0.004 0.981 0.001 0.005 0.003 0.005 0.001 


Estimated Allele Frequencies in each cluster
First column gives estimated ancestral frequencies


Locus 1 : 1 
4 alleles
0.0% missing data
  89   (0.509) 0.315 0.636 0.074 0.512 0.547 0.627 0.291 
  91   (0.388) 0.550 0.312 0.734 0.428 0.370 0.318 0.663 
  99   (0.024) 0.002 0.001 0.151 0.021 0.019 0.001 0.002 
  93   (0.079) 0.133 0.050 0.041 0.039 0.064 0.054 0.044 

Locus 2 : 2 
6 alleles
1.3% missing data
 136   (0.348) 0.669 0.456 0.202 0.094 0.362 0.522 0.446 
 134   (0.245) 0.193 0.375 0.033 0.256 0.245 0.155 0.204 
 138   (0.271) 0.122 0.160 0.747 0.510 0.248 0.256 0.227 
 140   (0.083) 0.010 0.005 0.011 0.041 0.089 0.066 0.109 
 132   (0.026) 0.003 0.002 0.003 0.006 0.036 0.001 0.002 
 142   (0.027) 0.003 0.002 0.003 0.093 0.020 0.001 0.012 

Locus 3 : 3 
6 alleles
0.0% missing data
 181   (0.232) 0.100 0.075 0.194 0.313 0.231 0.231 0.081 
 187   (0.370) 0.530 0.263 0.752 0.210 0.364 0.505 0.360 
 179   (0.222) 0.352 0.014 0.031 0.245 0.238 0.239 0.062 
 191   (0.040) 0.005 0.198 0.005 0.008 0.034 0.022 0.012 
 185   (0.076) 0.008 0.446 0.010 0.102 0.072 0.002 0.259 
 175   (0.060) 0.006 0.004 0.007 0.123 0.062 0.001 0.225 

Locus 4 : 4 
10 alleles
0.0% missing data
 253   (0.486) 0.498 0.464 0.537 0.567 0.504 0.738 0.190 
 249   (0.035) 0.041 0.002 0.004 0.004 0.027 0.068 0.068 
 271   (0.056) 0.056 0.004 0.007 0.016 0.051 0.027 0.112 
 241   (0.147) 0.318 0.148 0.205 0.152 0.131 0.030 0.510 
 257   (0.009) 0.006 0.001 0.001 0.002 0.006 0.000 0.001 
 269   (0.154) 0.070 0.106 0.232 0.219 0.153 0.134 0.020 
 247   (0.078) 0.008 0.273 0.009 0.037 0.097 0.002 0.032 
 239   (0.009) 0.001 0.001 0.001 0.001 0.008 0.000 0.001 
 245   (0.014) 0.001 0.001 0.002 0.001 0.010 0.000 0.066 
 273   (0.012) 0.001 0.001 0.001 0.001 0.013 0.000 0.001 

Locus 5 : 5 
7 alleles
0.8% missing data
 103   (0.817) 0.973 0.960 0.974 0.925 0.806 0.989 0.743 
 104   (0.071) 0.015 0.005 0.012 0.038 0.080 0.008 0.063 
 105   (0.056) 0.006 0.004 0.007 0.030 0.066 0.001 0.166 
 102   (0.017) 0.002 0.002 0.003 0.003 0.022 0.000 0.001 
 101   (0.014) 0.001 0.015 0.002 0.001 0.010 0.000 0.001 
 107   (0.015) 0.001 0.001 0.002 0.002 0.011 0.000 0.026 
  99   (0.010) 0.001 0.015 0.001 0.001 0.005 0.000 0.001 

Locus 6 : 6 
5 alleles
0.3% missing data
 141   (0.290) 0.300 0.143 0.041 0.283 0.288 0.587 0.131 
 145   (0.376) 0.145 0.264 0.389 0.514 0.422 0.193 0.025 
 135   (0.244) 0.363 0.283 0.556 0.188 0.217 0.180 0.636 
 147   (0.076) 0.190 0.310 0.012 0.014 0.063 0.040 0.130 
 137   (0.014) 0.001 0.001 0.002 0.001 0.010 0.000 0.078 

Locus 7 : 7 
10 alleles
1.0% missing data
  93   (0.224) 0.387 0.073 0.712 0.298 0.207 0.339 0.124 
 103   (0.250) 0.298 0.503 0.038 0.353 0.262 0.388 0.016 
  91   (0.075) 0.009 0.153 0.066 0.032 0.069 0.034 0.057 
  97   (0.217) 0.160 0.257 0.149 0.122 0.225 0.155 0.272 
  85   (0.041) 0.011 0.003 0.006 0.026 0.040 0.043 0.003 
  89   (0.110) 0.127 0.007 0.017 0.123 0.109 0.039 0.302 
  83   (0.047) 0.005 0.003 0.007 0.042 0.067 0.001 0.003 
 105   (0.016) 0.001 0.001 0.002 0.002 0.012 0.000 0.085 
  99   (0.009) 0.001 0.001 0.002 0.001 0.005 0.000 0.012 
 101   (0.010) 0.001 0.001 0.001 0.001 0.005 0.000 0.126 

Locus 8 : 8 
8 alleles
0.0% missing data
 129   (0.507) 0.462 0.638 0.146 0.684 0.519 0.697 0.326 
 141   (0.065) 0.134 0.202 0.008 0.023 0.057 0.090 0.004 
 149   (0.106) 0.064 0.018 0.013 0.057 0.104 0.130 0.282 
 143   (0.261) 0.333 0.137 0.747 0.219 0.270 0.082 0.303 
 127   (0.021) 0.002 0.001 0.035 0.002 0.016 0.000 0.082 
 131   (0.013) 0.001 0.002 0.048 0.007 0.007 0.000 0.001 
 145   (0.009) 0.001 0.001 0.001 0.001 0.008 0.000 0.001 
 133   (0.017) 0.002 0.001 0.002 0.007 0.019 0.001 0.001 

Locus 9 : 9 
4 alleles
0.0% missing data
 191   (0.370) 0.606 0.542 0.266 0.308 0.359 0.560 0.322 
 195   (0.157) 0.046 0.058 0.391 0.212 0.139 0.185 0.334 
 189   (0.463) 0.347 0.400 0.342 0.479 0.497 0.252 0.343 
 193   (0.009) 0.001 0.001 0.001 0.001 0.005 0.003 0.001 

Locus 10 : 10 
7 alleles
0.3% missing data
 232   (0.246) 0.387 0.276 0.192 0.159 0.248 0.287 0.133 
 238   (0.557) 0.425 0.353 0.407 0.756 0.572 0.573 0.738 
 252   (0.098) 0.179 0.037 0.023 0.073 0.092 0.117 0.017 
 254   (0.051) 0.005 0.250 0.372 0.005 0.043 0.022 0.081 
 250   (0.017) 0.002 0.001 0.002 0.002 0.014 0.000 0.029 
 248   (0.022) 0.002 0.081 0.003 0.002 0.023 0.001 0.001 
 236   (0.009) 0.001 0.001 0.001 0.002 0.007 0.000 0.001 

Locus 11 : 11 
4 alleles
0.0% missing data
  87   (0.712) 0.565 0.537 0.962 0.826 0.740 0.638 0.526 
  89   (0.211) 0.336 0.380 0.029 0.142 0.205 0.316 0.156 
  91   (0.067) 0.098 0.082 0.008 0.031 0.050 0.045 0.166 
  85   (0.010) 0.001 0.001 0.001 0.001 0.005 0.000 0.153 

Locus 12 : 12 
12 alleles
0.3% missing data
 160   (0.224) 0.203 0.708 0.620 0.270 0.200 0.116 0.401 
 162   (0.237) 0.125 0.237 0.087 0.255 0.263 0.243 0.015 
 147   (0.044) 0.315 0.003 0.006 0.044 0.032 0.113 0.003 
 158   (0.224) 0.310 0.024 0.032 0.203 0.238 0.492 0.099 
 161   (0.112) 0.030 0.019 0.109 0.107 0.112 0.023 0.269 
 170   (0.057) 0.007 0.004 0.008 0.037 0.060 0.010 0.030 
 143   (0.027) 0.003 0.002 0.130 0.005 0.023 0.001 0.177 
 149   (0.027) 0.003 0.002 0.003 0.049 0.027 0.001 0.002 
 154   (0.019) 0.002 0.001 0.002 0.002 0.026 0.001 0.002 
 150   (0.009) 0.001 0.001 0.001 0.008 0.005 0.000 0.001 
 159   (0.011) 0.001 0.001 0.001 0.021 0.006 0.000 0.001 
 164   (0.009) 0.001 0.001 0.001 0.001 0.008 0.000 0.001 

Locus 13 : 13 
4 alleles
0.0% missing data
 108   (0.194) 0.154 0.200 0.307 0.102 0.189 0.179 0.288 
 115   (0.426) 0.378 0.293 0.088 0.522 0.436 0.572 0.378 
 113   (0.370) 0.467 0.507 0.603 0.375 0.367 0.249 0.333 
 109   (0.009) 0.001 0.001 0.001 0.001 0.008 0.000 0.001 

Locus 14 : 14 
5 alleles
0.8% missing data
 227   (0.133) 0.310 0.019 0.225 0.306 0.117 0.245 0.009 
 231   (0.140) 0.125 0.345 0.298 0.020 0.142 0.091 0.343 
 229   (0.527) 0.420 0.420 0.126 0.535 0.564 0.491 0.484 
 225   (0.123) 0.028 0.210 0.256 0.097 0.114 0.088 0.062 
 233   (0.078) 0.117 0.005 0.096 0.042 0.064 0.085 0.102 

Locus 15 : 15 
5 alleles
0.5% missing data
 143   (0.820) 0.966 0.820 0.764 0.871 0.830 0.965 0.623 
 157   (0.010) 0.001 0.001 0.001 0.001 0.005 0.017 0.001 
 145   (0.099) 0.026 0.007 0.226 0.067 0.102 0.017 0.184 
 147   (0.050) 0.005 0.141 0.007 0.058 0.043 0.001 0.190 
 133   (0.020) 0.002 0.032 0.002 0.002 0.020 0.000 0.001 

Locus 16 : 16 
5 alleles
0.3% missing data
 156   (0.250) 0.121 0.497 0.576 0.215 0.243 0.291 0.167 
 158   (0.492) 0.670 0.205 0.212 0.631 0.508 0.498 0.330 
 160   (0.156) 0.198 0.117 0.020 0.124 0.151 0.167 0.126 
 154   (0.092) 0.011 0.180 0.191 0.015 0.093 0.044 0.376 
 152   (0.010) 0.001 0.001 0.001 0.015 0.005 0.000 0.001 

Locus 17 : 17 
5 alleles
0.0% missing data
 102   (0.205) 0.112 0.202 0.031 0.245 0.205 0.244 0.049 
  90   (0.649) 0.844 0.789 0.597 0.720 0.642 0.709 0.346 
  88   (0.094) 0.038 0.006 0.013 0.017 0.107 0.045 0.433 
 100   (0.042) 0.004 0.003 0.358 0.011 0.041 0.001 0.171 
 104   (0.010) 0.001 0.001 0.001 0.007 0.005 0.000 0.001 

Locus 18 : 18 
8 alleles
0.3% missing data
 142   (0.136) 0.364 0.009 0.022 0.093 0.141 0.418 0.028 
 146   (0.081) 0.030 0.220 0.011 0.115 0.072 0.176 0.006 
 140   (0.276) 0.405 0.184 0.314 0.230 0.290 0.094 0.307 
 127   (0.241) 0.099 0.064 0.478 0.293 0.253 0.183 0.160 
 148   (0.110) 0.052 0.214 0.015 0.083 0.106 0.057 0.072 
 128   (0.042) 0.021 0.003 0.090 0.004 0.034 0.049 0.213 
 138   (0.056) 0.023 0.004 0.062 0.039 0.054 0.021 0.005 
 150   (0.058) 0.006 0.304 0.008 0.142 0.051 0.001 0.211 

Locus 19 : 19 
7 alleles
0.3% missing data
 188   (0.184) 0.197 0.173 0.023 0.151 0.204 0.127 0.013 
 190   (0.150) 0.322 0.203 0.020 0.170 0.129 0.377 0.047 
 194   (0.554) 0.470 0.480 0.943 0.559 0.559 0.493 0.557 
 200   (0.070) 0.007 0.004 0.008 0.116 0.078 0.002 0.303 
 202   (0.023) 0.002 0.139 0.003 0.002 0.017 0.001 0.041 
 196   (0.009) 0.001 0.001 0.001 0.001 0.008 0.000 0.001 
 198   (0.010) 0.001 0.001 0.001 0.001 0.005 0.000 0.039 

Locus 20 : 20 
6 alleles
0.8% missing data
 252   (0.656) 0.712 0.727 0.390 0.787 0.706 0.838 0.087 
 250   (0.098) 0.062 0.137 0.326 0.065 0.074 0.095 0.424 
 244   (0.025) 0.003 0.002 0.004 0.008 0.016 0.017 0.042 
 254   (0.091) 0.013 0.083 0.093 0.076 0.080 0.034 0.235 
 246   (0.105) 0.205 0.049 0.184 0.058 0.101 0.005 0.211 
 248   (0.025) 0.005 0.002 0.003 0.006 0.023 0.011 0.002 

Locus 21 : 21 
7 alleles
0.0% missing data
 173   (0.251) 0.141 0.212 0.137 0.537 0.228 0.358 0.207 
 177   (0.291) 0.610 0.175 0.271 0.237 0.305 0.268 0.050 
 175   (0.140) 0.035 0.253 0.437 0.077 0.136 0.033 0.482 
 167   (0.186) 0.188 0.123 0.135 0.124 0.181 0.330 0.074 
 163   (0.051) 0.006 0.217 0.007 0.012 0.050 0.003 0.109 
 159   (0.023) 0.002 0.001 0.003 0.002 0.035 0.001 0.002 
 165   (0.058) 0.018 0.019 0.010 0.012 0.064 0.008 0.076 

Locus 22 : 22 
11 alleles
1.0% missing data
 146   (0.198) 0.242 0.142 0.083 0.311 0.200 0.261 0.013 
 154   (0.011) 0.003 0.001 0.001 0.001 0.005 0.062 0.001 
 166   (0.096) 0.234 0.006 0.119 0.034 0.111 0.028 0.006 
 152   (0.419) 0.449 0.376 0.471 0.568 0.425 0.608 0.117 
 150   (0.045) 0.012 0.003 0.097 0.014 0.037 0.008 0.111 
 164   (0.035) 0.038 0.002 0.005 0.004 0.027 0.013 0.067 
 148   (0.013) 0.001 0.001 0.200 0.001 0.009 0.000 0.001 
 158   (0.089) 0.010 0.103 0.012 0.023 0.100 0.017 0.415 
 162   (0.054) 0.006 0.069 0.007 0.014 0.061 0.001 0.132 
 142   (0.020) 0.002 0.001 0.003 0.017 0.014 0.000 0.035 
 156   (0.021) 0.002 0.296 0.003 0.011 0.010 0.000 0.101 

Locus 23 : 23 
7 alleles
0.5% missing data
 152   (0.018) 0.086 0.001 0.002 0.003 0.009 0.055 0.001 
 156   (0.137) 0.089 0.038 0.019 0.034 0.157 0.038 0.408 
 144   (0.172) 0.156 0.621 0.542 0.234 0.139 0.172 0.242 
 160   (0.115) 0.283 0.107 0.015 0.104 0.103 0.165 0.018 
 154   (0.510) 0.381 0.230 0.415 0.620 0.541 0.563 0.195 
 158   (0.036) 0.004 0.002 0.005 0.004 0.038 0.006 0.134 
 146   (0.012) 0.001 0.001 0.002 0.001 0.013 0.000 0.001 

Locus 24 : 24 
4 alleles
0.3% missing data
  77   (0.076) 0.027 0.052 0.011 0.089 0.066 0.303 0.005 
  83   (0.478) 0.617 0.918 0.712 0.388 0.461 0.472 0.587 
  81   (0.369) 0.318 0.025 0.267 0.412 0.402 0.200 0.377 
  85   (0.076) 0.039 0.005 0.011 0.111 0.071 0.025 0.031 

Locus 25 : 25 
6 alleles
0.3% missing data
 132   (0.305) 0.178 0.449 0.213 0.345 0.316 0.537 0.024 
 124   (0.542) 0.778 0.542 0.403 0.543 0.547 0.390 0.484 
 126   (0.033) 0.029 0.002 0.005 0.003 0.025 0.052 0.014 
 122   (0.078) 0.011 0.005 0.034 0.103 0.073 0.020 0.451 
 120   (0.026) 0.002 0.002 0.344 0.003 0.023 0.001 0.025 
 136   (0.016) 0.002 0.001 0.002 0.002 0.017 0.001 0.002 

Locus 26 : 26 
7 alleles
0.0% missing data
 165   (0.223) 0.165 0.059 0.303 0.265 0.226 0.152 0.112 
 183   (0.357) 0.463 0.425 0.332 0.310 0.352 0.552 0.207 
 179   (0.099) 0.108 0.006 0.322 0.097 0.083 0.054 0.284 
 175   (0.260) 0.259 0.440 0.036 0.317 0.283 0.240 0.018 
 181   (0.042) 0.004 0.068 0.005 0.008 0.042 0.001 0.263 
 157   (0.009) 0.001 0.001 0.001 0.001 0.008 0.000 0.001 
 185   (0.010) 0.001 0.001 0.001 0.001 0.005 0.000 0.115 

Locus 27 : 27 
4 alleles
0.0% missing data
 142   (0.633) 0.614 0.740 0.344 0.747 0.636 0.692 0.524 
 148   (0.201) 0.166 0.071 0.634 0.092 0.207 0.099 0.256 
 138   (0.046) 0.207 0.003 0.006 0.020 0.030 0.192 0.051 
 150   (0.121) 0.014 0.186 0.016 0.141 0.127 0.017 0.169 

Locus 28 : 28 
6 alleles
1.0% missing data
 260   (0.387) 0.450 0.379 0.081 0.513 0.394 0.354 0.233 
 262   (0.490) 0.537 0.548 0.902 0.393 0.486 0.633 0.681 
 256   (0.079) 0.009 0.071 0.012 0.058 0.080 0.012 0.083 
 258   (0.015) 0.001 0.001 0.002 0.001 0.018 0.000 0.001 
 264   (0.020) 0.002 0.001 0.002 0.027 0.018 0.000 0.001 
 266   (0.010) 0.001 0.001 0.002 0.007 0.005 0.000 0.001 

Locus 29 : 29 
7 alleles
0.5% missing data
 146   (0.263) 0.278 0.337 0.039 0.217 0.276 0.178 0.307 
 150   (0.421) 0.466 0.296 0.154 0.553 0.426 0.650 0.239 
 140   (0.183) 0.039 0.061 0.789 0.169 0.184 0.124 0.395 
 148   (0.087) 0.201 0.302 0.012 0.027 0.080 0.040 0.041 
 152   (0.027) 0.003 0.002 0.004 0.033 0.025 0.001 0.017 
 151   (0.010) 0.010 0.001 0.001 0.001 0.005 0.005 0.001 
 142   (0.009) 0.002 0.001 0.001 0.001 0.005 0.003 0.001 

Locus 30 : 30 
6 alleles
0.3% missing data
 125   (0.288) 0.309 0.033 0.165 0.106 0.318 0.474 0.148 
 129   (0.414) 0.612 0.780 0.227 0.581 0.396 0.468 0.078 
 123   (0.156) 0.065 0.104 0.021 0.214 0.152 0.054 0.115 
 121   (0.014) 0.001 0.001 0.049 0.002 0.010 0.000 0.001 
 127   (0.081) 0.008 0.079 0.530 0.053 0.075 0.002 0.520 
 131   (0.048) 0.005 0.003 0.007 0.043 0.050 0.001 0.138 

Locus 31 : 31 
6 alleles
0.3% missing data
 159   (0.138) 0.130 0.009 0.018 0.279 0.128 0.137 0.194 
 155   (0.560) 0.819 0.708 0.597 0.447 0.571 0.671 0.410 
 157   (0.173) 0.037 0.025 0.143 0.209 0.186 0.112 0.072 
 153   (0.082) 0.009 0.006 0.078 0.059 0.077 0.074 0.314 
 151   (0.038) 0.004 0.252 0.163 0.005 0.032 0.004 0.010 
 163   (0.009) 0.002 0.001 0.001 0.002 0.006 0.002 0.001 

Locus 32 : 32 
5 alleles
1.0% missing data
  91   (0.403) 0.667 0.154 0.549 0.508 0.394 0.561 0.254 
  94   (0.075) 0.077 0.005 0.010 0.013 0.084 0.052 0.032 
  95   (0.198) 0.051 0.408 0.300 0.088 0.209 0.118 0.222 
  92   (0.315) 0.204 0.433 0.141 0.390 0.308 0.268 0.480 
  90   (0.009) 0.001 0.001 0.001 0.001 0.005 0.000 0.012 

Locus 33 : 33 
5 alleles
0.0% missing data
 146   (0.295) 0.077 0.308 0.576 0.359 0.303 0.074 0.640 
 150   (0.572) 0.862 0.639 0.405 0.569 0.572 0.848 0.251 
 148   (0.076) 0.051 0.050 0.011 0.026 0.067 0.076 0.042 
 154   (0.042) 0.008 0.003 0.006 0.017 0.047 0.001 0.066 
 152   (0.015) 0.002 0.001 0.002 0.029 0.011 0.000 0.001 

Locus 34 : 34 
7 alleles
0.0% missing data
 180   (0.440) 0.389 0.663 0.718 0.362 0.446 0.596 0.364 
 196   (0.104) 0.171 0.007 0.014 0.131 0.098 0.179 0.031 
 184   (0.209) 0.147 0.077 0.238 0.279 0.202 0.165 0.180 
 194   (0.016) 0.047 0.001 0.002 0.002 0.008 0.033 0.001 
 192   (0.135) 0.014 0.184 0.017 0.165 0.159 0.007 0.169 
 198   (0.085) 0.231 0.067 0.011 0.020 0.081 0.019 0.255 
 190   (0.011) 0.001 0.001 0.001 0.042 0.006 0.000 0.001 

Locus 35 : 35 
6 alleles
0.0% missing data
 110   (0.187) 0.155 0.075 0.190 0.099 0.179 0.353 0.116 
 112   (0.339) 0.721 0.065 0.046 0.405 0.354 0.476 0.059 
 106   (0.291) 0.101 0.699 0.199 0.394 0.285 0.131 0.250 
  90   (0.041) 0.007 0.003 0.428 0.006 0.041 0.028 0.003 
 108   (0.132) 0.015 0.113 0.137 0.095 0.137 0.011 0.572 
  96   (0.010) 0.001 0.045 0.001 0.001 0.005 0.000 0.001 

Locus 36 : 36 
9 alleles
0.0% missing data
 166   (0.050) 0.186 0.003 0.007 0.099 0.035 0.257 0.003 
 176   (0.104) 0.341 0.018 0.015 0.013 0.110 0.123 0.100 
 172   (0.329) 0.237 0.578 0.047 0.379 0.331 0.448 0.163 
 170   (0.284) 0.181 0.321 0.585 0.222 0.283 0.162 0.346 
 174   (0.120) 0.018 0.072 0.018 0.194 0.139 0.006 0.047 
 178   (0.038) 0.030 0.003 0.005 0.041 0.036 0.003 0.003 
 168   (0.048) 0.005 0.003 0.319 0.015 0.048 0.001 0.314 
 186   (0.017) 0.002 0.001 0.002 0.036 0.009 0.000 0.024 
 158   (0.009) 0.001 0.001 0.001 0.001 0.008 0.000 0.001 

Locus 37 : 37 
6 alleles
0.0% missing data
  89   (0.548) 0.677 0.510 0.353 0.662 0.550 0.634 0.608 
  95   (0.054) 0.020 0.004 0.007 0.080 0.044 0.080 0.029 
  85   (0.172) 0.240 0.236 0.509 0.119 0.168 0.224 0.020 
  81   (0.056) 0.006 0.004 0.010 0.048 0.068 0.011 0.004 
  83   (0.148) 0.055 0.245 0.020 0.089 0.155 0.051 0.312 
  91   (0.022) 0.002 0.002 0.101 0.003 0.016 0.001 0.027 

Locus 38 : 38 
10 alleles
0.0% missing data
 161   (0.344) 0.523 0.377 0.415 0.278 0.337 0.530 0.690 
 165   (0.211) 0.239 0.105 0.146 0.244 0.212 0.168 0.119 
 159   (0.022) 0.017 0.001 0.003 0.006 0.015 0.031 0.001 
 173   (0.254) 0.106 0.507 0.194 0.296 0.267 0.137 0.178 
 169   (0.099) 0.108 0.006 0.233 0.135 0.097 0.123 0.007 
 167   (0.020) 0.002 0.002 0.002 0.002 0.020 0.010 0.001 
 168   (0.012) 0.001 0.001 0.001 0.001 0.013 0.000 0.001 
 155   (0.019) 0.002 0.001 0.002 0.002 0.026 0.000 0.001 
 177   (0.009) 0.001 0.001 0.001 0.001 0.008 0.000 0.001 
 175   (0.010) 0.001 0.001 0.001 0.035 0.005 0.000 0.001 

Locus 39 : 39 
6 alleles
0.8% missing data
  87   (0.117) 0.128 0.129 0.631 0.065 0.092 0.156 0.411 
  89   (0.406) 0.649 0.099 0.054 0.557 0.421 0.588 0.239 
  91   (0.163) 0.035 0.185 0.175 0.082 0.171 0.136 0.107 
  81   (0.115) 0.096 0.116 0.015 0.087 0.121 0.080 0.008 
  85   (0.190) 0.090 0.471 0.123 0.208 0.190 0.037 0.235 
  83   (0.009) 0.001 0.001 0.001 0.001 0.005 0.003 0.001 

Locus 40 : 40 
4 alleles
0.5% missing data
 167   (0.744) 0.901 0.858 0.646 0.788 0.753 0.915 0.417 
 161   (0.212) 0.094 0.138 0.348 0.157 0.211 0.083 0.461 
 165   (0.035) 0.004 0.003 0.004 0.053 0.028 0.002 0.121 
 177   (0.010) 0.001 0.001 0.001 0.001 0.008 0.000 0.001 

Locus 41 : 41 
6 alleles
0.5% missing data
 228   (0.433) 0.648 0.244 0.622 0.512 0.430 0.535 0.124 
 238   (0.321) 0.266 0.118 0.101 0.312 0.347 0.311 0.074 
 224   (0.037) 0.053 0.002 0.005 0.005 0.028 0.082 0.015 
 236   (0.101) 0.017 0.383 0.260 0.052 0.084 0.069 0.292 
 232   (0.013) 0.007 0.001 0.002 0.003 0.011 0.001 0.001 
 240   (0.095) 0.009 0.252 0.012 0.115 0.100 0.002 0.494 

Locus 42 : 42 
7 alleles
0.0% missing data
 128   (0.117) 0.103 0.037 0.016 0.212 0.112 0.139 0.008 
 130   (0.544) 0.554 0.772 0.077 0.436 0.562 0.622 0.731 
 114   (0.053) 0.038 0.003 0.414 0.005 0.052 0.105 0.003 
 132   (0.103) 0.282 0.053 0.014 0.176 0.090 0.118 0.007 
 118   (0.068) 0.007 0.128 0.237 0.092 0.057 0.003 0.074 
 134   (0.107) 0.015 0.007 0.240 0.077 0.117 0.013 0.177 
 136   (0.009) 0.001 0.001 0.001 0.001 0.008 0.000 0.001 

Locus 43 : 43 
6 alleles
0.8% missing data
 102   (0.252) 0.436 0.472 0.526 0.333 0.240 0.388 0.017 
 104   (0.398) 0.145 0.413 0.057 0.521 0.439 0.207 0.232 
  92   (0.137) 0.284 0.009 0.061 0.065 0.137 0.095 0.320 
  96   (0.075) 0.050 0.005 0.107 0.025 0.064 0.099 0.177 
  98   (0.129) 0.084 0.100 0.247 0.055 0.114 0.210 0.253 
 106   (0.010) 0.001 0.001 0.002 0.001 0.007 0.001 0.001 

Locus 44 : 44 
5 alleles
0.3% missing data
 101   (0.312) 0.271 0.192 0.041 0.265 0.327 0.435 0.348 
 103   (0.286) 0.337 0.346 0.243 0.429 0.280 0.200 0.105 
  99   (0.156) 0.214 0.010 0.419 0.093 0.167 0.042 0.191 
  95   (0.233) 0.177 0.452 0.104 0.212 0.220 0.323 0.349 
  97   (0.013) 0.001 0.001 0.193 0.002 0.007 0.000 0.006 

Locus 45 : 45 
7 alleles
0.3% missing data
 177   (0.066) 0.164 0.004 0.010 0.055 0.053 0.057 0.095 
 191   (0.304) 0.126 0.104 0.252 0.205 0.328 0.179 0.629 
 181   (0.545) 0.702 0.857 0.537 0.695 0.539 0.762 0.154 
 179   (0.047) 0.005 0.003 0.196 0.005 0.056 0.001 0.107 
 183   (0.013) 0.001 0.001 0.002 0.002 0.012 0.000 0.001 
 193   (0.016) 0.001 0.001 0.002 0.036 0.008 0.000 0.013 
 189   (0.010) 0.001 0.030 0.001 0.001 0.005 0.000 0.001 

Locus 46 : 46 
6 alleles
0.8% missing data
 205   (0.448) 0.554 0.409 0.280 0.542 0.469 0.521 0.313 
 211   (0.240) 0.143 0.271 0.322 0.123 0.255 0.238 0.383 
 207   (0.135) 0.176 0.201 0.018 0.198 0.124 0.128 0.073 
 201   (0.074) 0.068 0.005 0.365 0.063 0.061 0.068 0.043 
 215   (0.087) 0.057 0.114 0.012 0.071 0.077 0.045 0.176 
 202   (0.016) 0.002 0.001 0.002 0.002 0.015 0.000 0.012 

Locus 47 : 47 
9 alleles
1.0% missing data
 144   (0.076) 0.111 0.131 0.013 0.050 0.063 0.230 0.012 
 158   (0.171) 0.351 0.086 0.027 0.099 0.180 0.112 0.127 
 168   (0.143) 0.078 0.111 0.201 0.049 0.141 0.215 0.223 
 166   (0.129) 0.140 0.376 0.067 0.194 0.111 0.312 0.019 
 142   (0.343) 0.279 0.288 0.052 0.543 0.381 0.125 0.160 
 170   (0.018) 0.002 0.001 0.002 0.002 0.013 0.002 0.042 
 156   (0.033) 0.016 0.002 0.534 0.007 0.025 0.001 0.079 
 162   (0.038) 0.004 0.002 0.096 0.029 0.032 0.001 0.162 
 164   (0.051) 0.019 0.003 0.007 0.027 0.054 0.001 0.175 

Locus 48 : 48 
7 alleles
7.6% missing data
 149   (0.369) 0.196 0.335 0.327 0.372 0.376 0.228 0.751 
 151   (0.184) 0.531 0.012 0.070 0.156 0.188 0.204 0.100 
 153   (0.206) 0.147 0.029 0.026 0.344 0.213 0.340 0.049 
 147   (0.033) 0.029 0.002 0.060 0.004 0.025 0.031 0.004 
 145   (0.178) 0.093 0.620 0.514 0.121 0.172 0.194 0.042 
 152   (0.010) 0.002 0.001 0.002 0.001 0.005 0.003 0.001 
 143   (0.021) 0.002 0.001 0.002 0.002 0.020 0.001 0.054 

Values of parameters used in structure:
DATAFILE=temp2.str,	OUTFILE=k7/temp2_k7_run10,	NUMINDS=396,	NUMLOCI=48,	MISSING=-9,	LABEL=1,	POPDATA=1,	POPFLAG=0,	PHENOTYPE=0,	EXTRACOLS=0,	MAXPOPS=7,	BURNIN=500000,	NUMREPS=750000,	USEPOPINFO=0,	INFERALPHA=1,	INFERLAMBDA=0,	POPSPECIFICLAMBDA=0,	POPALPHAS=0,	COMPUTEPROB=1,	NOADMIX=0,	ADMBURNIN=500,	UPDATEFREQ=100,	PRINTLIKES=0,	INTERMEDSAVE=0,	PRINTKLD=0,	PRINTNET=1,	PRINTLAMBDA=1,	ANCESTDIST=0,	NUMBOXES=1000,	ANCESTPINT=0.90000,	GENSBACK=2,	MIGRPRIOR=0.01000,	PRINTQHAT=0,	PRINTQSUM=1,	ALPHA=1.0000,	FREQSCORR=1,	FPRIORMEAN=0.0100,	FPRIORSD=0.0500,	ONEFST=0,	LAMBDA=1.0000,	UNIFPRIORALPHA=1,	ALPHAMAX=10.0000,	ALPHAPRIORA=1.0000,	ALPHAPRIORB=2.0000,	ALPHAPROPSD=0.0250,	STARTATPOPINFO=0,	RANDOMIZE=0,	LINKAGE=0,	METROFREQ=10,	REPORTHITRATE=0,	MARKOVPHASE=0,	PHASED=1,	PLOIDY=2,	PHASEINFO=0	LOCPRIOR=0, 	LOCPRIORINIT=1.000000, 	LOCDATA=0, 	LOCISPOP=1, 	LOCPRIORSTEP=0.100000, 	MAXLOCPRIOR=20.000000, 	SEED=957935,	
[STRAT parameters]:    NUMSIMSTATS=1000,	PHENOTYPECOL=-9,	POOLFREQ=10,	LOCUSxONLY=0,	EMERROR=0.00100,	MISSINGPHENO=-9,	