

----------------------------------------------------
STRUCTURE by Pritchard, Stephens and Donnelly (2000)
     and Falush, Stephens and Pritchard (2003)
       Code by Pritchard, Falush and Hubisz
             Version 2.3.4 (Jul 2012)
----------------------------------------------------



Command line arguments:   structure -D 730803 -K 8 -m mainparams -o k8/temp2_k8_run3 
Input File:    temp2.str

Run parameters:
   396 individuals
   48 loci
   8 populations assumed
   500000 Burn-in period
   750000 Reps
RANDOMIZE turned off


--------------------------------------------
Proportion of membership of each pre-defined
 population in each of the 8 clusters

Given    Inferred Clusters                                          Number of
 Pop       1      2      3      4      5      6      7      8      Individuals

  1:     0.003  0.012  0.011  0.010  0.009  0.042  0.910  0.003       63
  2:     0.002  0.006  0.007  0.006  0.004  0.902  0.066  0.006       20
  3:     0.970  0.005  0.004  0.005  0.004  0.003  0.003  0.006       35
  4:     0.003  0.020  0.011  0.019  0.006  0.038  0.899  0.003       19
  5:     0.004  0.008  0.007  0.010  0.005  0.019  0.943  0.005       31
  6:     0.003  0.007  0.008  0.007  0.004  0.017  0.951  0.004       20
  7:     0.101  0.061  0.018  0.090  0.009  0.018  0.690  0.013        8
  8:     0.003  0.011  0.019  0.027  0.004  0.022  0.909  0.006       17
  9:     0.003  0.005  0.004  0.004  0.970  0.006  0.004  0.003       29
 10:     0.030  0.005  0.003  0.003  0.003  0.003  0.003  0.950        8
 11:     0.011  0.368  0.121  0.447  0.019  0.010  0.017  0.006       21
 12:     0.015  0.312  0.345  0.281  0.013  0.012  0.015  0.007       30
 13:     0.003  0.042  0.749  0.148  0.013  0.011  0.029  0.004       25
 14:     0.007  0.075  0.713  0.143  0.008  0.016  0.034  0.004       32
 15:     0.018  0.578  0.098  0.231  0.027  0.010  0.026  0.013       34
 16:     0.008  0.052  0.008  0.876  0.006  0.029  0.019  0.002        4
--------------------------------------------

Allele-freq. divergence among pops (Net nucleotide distance),
computed using point estimates of P.

      1       2       3       4       5       6       7       8      
 1      -    0.0706  0.1102  0.0795  0.1144  0.1629  0.1282  0.1104  
 2   0.0706     -    0.0145  0.0032  0.0500  0.0510  0.0243  0.0915  
 3   0.1102  0.0145     -    0.0165  0.0689  0.0581  0.0367  0.1208  
 4   0.0795  0.0032  0.0165     -    0.0567  0.0543  0.0277  0.1034  
 5   0.1144  0.0500  0.0689  0.0567     -    0.0894  0.0760  0.1306  
 6   0.1629  0.0510  0.0581  0.0543  0.0894     -    0.0346  0.1662  
 7   0.1282  0.0243  0.0367  0.0277  0.0760  0.0346     -    0.1296  
 8   0.1104  0.0915  0.1208  0.1034  0.1306  0.1662  0.1296     -    

Average distances (expected heterozygosity) between individuals in same cluster:
cluster  1  : 0.6380 
cluster  2  : 0.6586 
cluster  3  : 0.5829 
cluster  4  : 0.6357 
cluster  5  : 0.5504 
cluster  6  : 0.4893 
cluster  7  : 0.5589 
cluster  8  : 0.5344 

--------------------------------------------
Estimated Ln Prob of Data   = -42668.0
Mean value of ln likelihood = -41994.4
Variance of ln likelihood   = 1347.1
Mean value of alpha         = 0.0312

Mean value of Fst_1         = 0.1717
Mean value of Fst_2         = 0.0000
Mean value of Fst_3         = 0.0720
Mean value of Fst_4         = 0.0294
Mean value of Fst_5         = 0.2069
Mean value of Fst_6         = 0.2172
Mean value of Fst_7         = 0.1266
Mean value of Fst_8         = 0.3018


Inferred ancestry of individuals:
        Label (%Miss) Pop:  Inferred clusters
  1     2055    (0)    1 :  0.002 0.004 0.007 0.003 0.002 0.005 0.973 0.003 
  2     2056    (0)    1 :  0.003 0.005 0.005 0.005 0.007 0.009 0.962 0.005 
  3     2057    (0)    1 :  0.003 0.006 0.007 0.011 0.002 0.005 0.963 0.003 
  4     2058    (0)    1 :  0.001 0.003 0.002 0.003 0.007 0.047 0.936 0.001 
  5     2059    (0)    1 :  0.001 0.003 0.003 0.003 0.003 0.004 0.981 0.002 
  6     2060    (0)    1 :  0.001 0.004 0.003 0.004 0.002 0.010 0.972 0.004 
  7     2061    (0)    1 :  0.006 0.014 0.007 0.010 0.006 0.023 0.913 0.020 
  8     2062    (0)    1 :  0.004 0.011 0.018 0.007 0.005 0.072 0.880 0.003 
  9     2063    (0)    1 :  0.001 0.003 0.004 0.004 0.002 0.014 0.971 0.002 
 10     2064    (0)    1 :  0.001 0.003 0.002 0.003 0.002 0.010 0.975 0.002 
 11     2065    (0)    1 :  0.001 0.003 0.002 0.002 0.002 0.056 0.933 0.001 
 12     2066    (0)    1 :  0.001 0.003 0.004 0.003 0.002 0.006 0.980 0.001 
 13     2067    (0)    1 :  0.003 0.006 0.005 0.005 0.007 0.010 0.961 0.003 
 14     2068    (0)    1 :  0.002 0.077 0.017 0.086 0.025 0.338 0.450 0.006 
 15     2069    (0)    1 :  0.001 0.003 0.002 0.003 0.002 0.007 0.980 0.001 
 16     2070    (0)    1 :  0.001 0.229 0.051 0.036 0.002 0.007 0.673 0.001 
 17     2071    (0)    1 :  0.002 0.010 0.005 0.010 0.014 0.041 0.908 0.009 
 18     2072    (0)    1 :  0.002 0.005 0.002 0.004 0.003 0.009 0.968 0.007 
 19     2073    (0)    1 :  0.031 0.020 0.012 0.021 0.009 0.015 0.884 0.008 
 20     2074    (0)    1 :  0.002 0.003 0.002 0.003 0.002 0.009 0.976 0.002 
 21     2075    (0)    1 :  0.002 0.006 0.004 0.005 0.017 0.004 0.959 0.002 
 22     2076    (0)    1 :  0.001 0.002 0.003 0.002 0.002 0.016 0.972 0.001 
 23     2077    (0)    1 :  0.006 0.021 0.030 0.018 0.008 0.372 0.541 0.005 
 24     2078    (0)    1 :  0.001 0.004 0.007 0.003 0.003 0.020 0.959 0.003 
 25     2079    (0)    1 :  0.002 0.011 0.019 0.011 0.056 0.036 0.864 0.001 
 26     2080    (0)    1 :  0.028 0.056 0.004 0.034 0.041 0.339 0.495 0.003 
 27     2081    (0)    1 :  0.001 0.004 0.004 0.005 0.003 0.013 0.967 0.002 
 28     2082    (0)    1 :  0.002 0.008 0.005 0.007 0.005 0.005 0.966 0.002 
 29     2083    (0)    1 :  0.002 0.006 0.003 0.005 0.002 0.005 0.975 0.002 
 30     2084    (0)    1 :  0.002 0.006 0.007 0.006 0.007 0.003 0.968 0.002 
 31     2085    (0)    1 :  0.003 0.007 0.012 0.005 0.003 0.017 0.952 0.001 
 32     2086    (0)    1 :  0.002 0.015 0.009 0.016 0.004 0.115 0.836 0.003 
 33     2087    (0)    1 :  0.002 0.007 0.005 0.005 0.067 0.039 0.869 0.006 
 34     2088    (0)    1 :  0.002 0.020 0.065 0.025 0.018 0.028 0.839 0.003 
 35     2089    (0)    1 :  0.001 0.002 0.002 0.002 0.003 0.030 0.959 0.001 
 36     2090    (0)    1 :  0.003 0.005 0.004 0.006 0.033 0.009 0.935 0.004 
 37     2091    (0)    1 :  0.001 0.004 0.005 0.005 0.003 0.030 0.950 0.001 
 38     2092    (0)    1 :  0.001 0.003 0.003 0.003 0.017 0.009 0.961 0.001 
 39     2093    (0)    1 :  0.001 0.003 0.003 0.003 0.002 0.034 0.954 0.001 
 40     2094    (0)    1 :  0.001 0.002 0.003 0.002 0.001 0.004 0.985 0.002 
 41     2095    (0)    1 :  0.001 0.007 0.006 0.006 0.059 0.070 0.846 0.005 
 42     2096    (0)    1 :  0.001 0.002 0.004 0.002 0.002 0.012 0.975 0.001 
 43     2097    (0)    1 :  0.001 0.003 0.003 0.003 0.001 0.006 0.981 0.002 
 44     2098    (0)    1 :  0.005 0.020 0.019 0.017 0.013 0.009 0.915 0.003 
 45     2099    (0)    1 :  0.001 0.014 0.015 0.023 0.004 0.009 0.929 0.005 
 46     2100    (0)    1 :  0.003 0.018 0.010 0.029 0.004 0.085 0.849 0.002 
 47     2101    (0)    1 :  0.002 0.004 0.006 0.004 0.005 0.008 0.968 0.003 
 48     2102    (2)    1 :  0.001 0.003 0.003 0.003 0.002 0.003 0.983 0.001 
 49     2103    (0)    1 :  0.001 0.004 0.008 0.004 0.004 0.006 0.970 0.002 
 50     2104    (0)    1 :  0.001 0.009 0.090 0.015 0.002 0.026 0.856 0.001 
 51     2105    (0)    1 :  0.001 0.004 0.023 0.005 0.004 0.007 0.950 0.005 
 52     2106    (0)    1 :  0.002 0.009 0.006 0.015 0.002 0.054 0.910 0.002 
 53     2107    (0)    1 :  0.001 0.006 0.017 0.007 0.004 0.025 0.938 0.002 
 54     2108    (0)    1 :  0.003 0.017 0.009 0.013 0.005 0.032 0.915 0.006 
 55     2109    (0)    1 :  0.002 0.005 0.007 0.006 0.002 0.004 0.971 0.004 
 56     2110    (0)    1 :  0.002 0.009 0.039 0.008 0.006 0.032 0.901 0.004 
 57     2111    (0)    1 :  0.001 0.006 0.034 0.008 0.005 0.328 0.618 0.001 
 58     2112    (0)    1 :  0.001 0.004 0.003 0.004 0.003 0.007 0.975 0.003 
 59     2583    (2)    1 :  0.003 0.004 0.004 0.003 0.007 0.024 0.951 0.004 
 60     2584    (4)    1 :  0.003 0.018 0.003 0.011 0.004 0.012 0.945 0.004 
 61     2587    (2)    1 :  0.001 0.004 0.016 0.005 0.003 0.023 0.946 0.001 
 62     2590    (2)    1 :  0.003 0.004 0.004 0.004 0.002 0.007 0.968 0.009 
 63     2591    (6)    1 :  0.002 0.007 0.012 0.010 0.011 0.006 0.951 0.001 
 64      282    (0)   10 :  0.040 0.011 0.004 0.007 0.002 0.002 0.004 0.930 
 65      284    (0)   10 :  0.002 0.004 0.003 0.004 0.012 0.003 0.003 0.970 
 66      287    (0)   10 :  0.002 0.007 0.004 0.004 0.003 0.003 0.002 0.975 
 67      295    (0)   10 :  0.002 0.001 0.001 0.001 0.001 0.001 0.001 0.991 
 68      302    (0)   10 :  0.002 0.001 0.002 0.001 0.001 0.001 0.001 0.990 
 69      306    (2)   10 :  0.159 0.011 0.007 0.005 0.004 0.007 0.006 0.800 
 70      308    (0)   10 :  0.001 0.002 0.001 0.002 0.001 0.002 0.002 0.989 
 71      867    (0)   10 :  0.035 0.002 0.002 0.002 0.001 0.001 0.002 0.956 
 72      315    (0)   11 :  0.002 0.643 0.115 0.146 0.044 0.033 0.010 0.007 
 73      565    (0)   11 :  0.005 0.885 0.005 0.067 0.022 0.004 0.010 0.002 
 74      566    (2)   11 :  0.006 0.072 0.633 0.250 0.017 0.004 0.015 0.004 
 75      567    (2)   11 :  0.003 0.127 0.006 0.827 0.004 0.012 0.019 0.002 
 76      877    (0)   11 :  0.003 0.190 0.012 0.768 0.003 0.003 0.018 0.002 
 77      878    (0)   11 :  0.012 0.057 0.006 0.898 0.006 0.006 0.004 0.011 
 78      879    (0)   11 :  0.021 0.464 0.014 0.477 0.005 0.003 0.009 0.006 
 79      880    (0)   11 :  0.009 0.080 0.008 0.886 0.005 0.004 0.006 0.002 
 80      881    (0)   11 :  0.012 0.895 0.016 0.054 0.009 0.005 0.005 0.005 
 81      882    (0)   11 :  0.040 0.120 0.006 0.786 0.009 0.007 0.006 0.027 
 82      883    (0)   11 :  0.016 0.358 0.018 0.583 0.004 0.004 0.010 0.007 
 83      884    (0)   11 :  0.002 0.172 0.528 0.248 0.003 0.016 0.030 0.002 
 84      885    (0)   11 :  0.007 0.289 0.127 0.549 0.004 0.006 0.009 0.009 
 85      886    (0)   11 :  0.007 0.649 0.023 0.170 0.130 0.004 0.009 0.009 
 86      887    (0)   11 :  0.050 0.033 0.836 0.030 0.005 0.006 0.031 0.010 
 87      888    (0)   11 :  0.002 0.600 0.006 0.247 0.008 0.020 0.111 0.005 
 88      889    (0)   11 :  0.012 0.735 0.098 0.129 0.004 0.008 0.006 0.007 
 89      890    (0)   11 :  0.008 0.216 0.013 0.724 0.016 0.013 0.004 0.005 
 90      891    (0)   11 :  0.004 0.110 0.007 0.852 0.005 0.004 0.016 0.002 
 91      892    (0)   11 :  0.003 0.298 0.011 0.659 0.005 0.008 0.009 0.007 
 92      893    (0)   11 :  0.004 0.740 0.049 0.039 0.097 0.045 0.024 0.002 
 93      341    (0)   12 :  0.031 0.602 0.005 0.339 0.011 0.003 0.005 0.004 
 94      343    (0)   12 :  0.013 0.904 0.025 0.027 0.007 0.014 0.005 0.003 
 95      914    (0)   12 :  0.001 0.005 0.964 0.006 0.004 0.008 0.011 0.002 
 96      916    (0)   12 :  0.016 0.791 0.014 0.104 0.003 0.016 0.054 0.003 
 97      924    (0)   12 :  0.018 0.063 0.795 0.096 0.018 0.003 0.004 0.002 
 98      938    (0)   12 :  0.003 0.065 0.061 0.840 0.002 0.008 0.016 0.004 
 99      939    (0)   12 :  0.002 0.006 0.948 0.018 0.008 0.007 0.009 0.001 
100      940    (0)   12 :  0.013 0.032 0.842 0.098 0.003 0.003 0.004 0.005 
101      941    (2)   12 :  0.037 0.049 0.766 0.103 0.028 0.004 0.005 0.007 
102      942    (0)   12 :  0.009 0.556 0.022 0.380 0.019 0.003 0.008 0.004 
103      943    (0)   12 :  0.002 0.627 0.080 0.186 0.003 0.084 0.017 0.002 
104      944    (0)   12 :  0.002 0.020 0.900 0.017 0.004 0.016 0.037 0.004 
105      945    (0)   12 :  0.001 0.005 0.978 0.006 0.002 0.002 0.003 0.002 
106      946    (0)   12 :  0.010 0.477 0.259 0.149 0.003 0.010 0.009 0.084 
107      947    (0)   12 :  0.005 0.424 0.059 0.445 0.053 0.005 0.007 0.002 
108      951    (0)   12 :  0.029 0.579 0.026 0.344 0.010 0.003 0.005 0.003 
109      952    (0)   12 :  0.001 0.635 0.103 0.148 0.088 0.004 0.008 0.013 
110      953    (0)   12 :  0.016 0.075 0.697 0.149 0.014 0.014 0.031 0.004 
111      954    (0)   12 :  0.016 0.114 0.653 0.163 0.009 0.026 0.007 0.012 
112      955    (0)   12 :  0.010 0.099 0.055 0.801 0.016 0.004 0.005 0.010 
113      961    (4)   12 :  0.005 0.272 0.020 0.665 0.004 0.007 0.025 0.002 
114      974    (0)   12 :  0.002 0.154 0.082 0.715 0.024 0.009 0.005 0.010 
115      975    (4)   12 :  0.010 0.585 0.124 0.231 0.002 0.005 0.040 0.003 
116      980    (0)   12 :  0.008 0.287 0.359 0.304 0.019 0.003 0.017 0.002 
117      981    (0)   12 :  0.021 0.244 0.009 0.702 0.003 0.005 0.014 0.003 
118      982    (0)   12 :  0.003 0.056 0.843 0.035 0.002 0.009 0.051 0.002 
119      984    (0)   12 :  0.009 0.832 0.025 0.084 0.004 0.011 0.026 0.009 
120      985    (0)   12 :  0.006 0.549 0.013 0.400 0.008 0.013 0.007 0.004 
121     2578    (4)   12 :  0.149 0.150 0.617 0.059 0.002 0.007 0.010 0.006 
122     2580    (2)   12 :  0.004 0.093 0.006 0.810 0.003 0.059 0.019 0.006 
123      328    (0)   13 :  0.006 0.352 0.072 0.099 0.013 0.016 0.426 0.015 
124      333    (0)   13 :  0.002 0.006 0.973 0.005 0.004 0.005 0.003 0.001 
125      918    (0)   13 :  0.003 0.010 0.898 0.009 0.064 0.004 0.006 0.007 
126      919    (0)   13 :  0.002 0.006 0.949 0.006 0.003 0.026 0.006 0.002 
127      920    (0)   13 :  0.001 0.011 0.966 0.005 0.002 0.005 0.005 0.003 
128      921    (0)   13 :  0.002 0.018 0.010 0.942 0.003 0.008 0.015 0.002 
129      922    (0)   13 :  0.002 0.007 0.934 0.006 0.003 0.032 0.015 0.001 
130      926    (0)   13 :  0.001 0.003 0.983 0.004 0.002 0.002 0.003 0.002 
131      927    (0)   13 :  0.003 0.004 0.978 0.003 0.003 0.003 0.005 0.001 
132      928    (0)   13 :  0.002 0.013 0.901 0.012 0.004 0.043 0.024 0.001 
133      929    (0)   13 :  0.003 0.015 0.876 0.055 0.002 0.011 0.032 0.006 
134      930    (0)   13 :  0.002 0.062 0.808 0.090 0.004 0.007 0.019 0.008 
135      932    (0)   13 :  0.003 0.110 0.076 0.774 0.004 0.018 0.013 0.001 
136      933    (0)   13 :  0.002 0.021 0.783 0.010 0.159 0.012 0.007 0.006 
137      949    (0)   13 :  0.003 0.089 0.012 0.880 0.003 0.004 0.007 0.002 
138      950    (0)   13 :  0.002 0.024 0.516 0.428 0.013 0.007 0.006 0.003 
139      964    (4)   13 :  0.006 0.011 0.952 0.010 0.002 0.004 0.007 0.008 
140      986    (0)   13 :  0.004 0.010 0.945 0.015 0.005 0.007 0.012 0.002 
141      987    (0)   13 :  0.006 0.052 0.843 0.025 0.007 0.010 0.054 0.002 
142     1001    (4)   13 :  0.002 0.005 0.969 0.004 0.002 0.007 0.009 0.003 
143     1002    (4)   13 :  0.005 0.006 0.958 0.004 0.009 0.004 0.007 0.005 
144     1003    (2)   13 :  0.003 0.213 0.417 0.302 0.003 0.014 0.041 0.007 
145     1004    (0)   13 :  0.003 0.005 0.974 0.005 0.005 0.002 0.003 0.003 
146     1005    (0)   13 :  0.001 0.007 0.940 0.007 0.005 0.030 0.008 0.003 
147     1010    (0)   13 :  0.001 0.003 0.979 0.003 0.004 0.003 0.006 0.001 
148      321    (0)   14 :  0.002 0.015 0.928 0.022 0.005 0.009 0.016 0.003 
149      338    (0)   14 :  0.002 0.004 0.979 0.005 0.002 0.003 0.004 0.002 
150      339    (0)   14 :  0.017 0.019 0.873 0.009 0.006 0.055 0.018 0.003 
151      363    (0)   14 :  0.004 0.035 0.030 0.911 0.004 0.005 0.003 0.007 
152      915    (0)   14 :  0.001 0.005 0.966 0.004 0.003 0.009 0.010 0.003 
153      917    (0)   14 :  0.002 0.036 0.880 0.054 0.003 0.020 0.004 0.001 
154      923    (0)   14 :  0.004 0.289 0.284 0.380 0.011 0.012 0.013 0.008 
155      925    (0)   14 :  0.002 0.004 0.969 0.004 0.006 0.008 0.005 0.003 
156      931    (0)   14 :  0.003 0.082 0.374 0.522 0.007 0.004 0.006 0.002 
157      935    (0)   14 :  0.003 0.010 0.962 0.006 0.004 0.007 0.006 0.003 
158      936    (0)   14 :  0.006 0.006 0.959 0.011 0.007 0.005 0.002 0.003 
159      937    (0)   14 :  0.002 0.007 0.976 0.006 0.002 0.004 0.003 0.001 
160      948    (0)   14 :  0.015 0.098 0.740 0.112 0.015 0.005 0.011 0.004 
161      956    (0)   14 :  0.003 0.006 0.970 0.005 0.002 0.005 0.008 0.001 
162      957    (0)   14 :  0.004 0.009 0.966 0.011 0.003 0.002 0.003 0.003 
163      967    (0)   14 :  0.002 0.009 0.964 0.012 0.003 0.004 0.003 0.003 
164      968    (2)   14 :  0.005 0.067 0.497 0.396 0.009 0.013 0.012 0.003 
165      969    (2)   14 :  0.006 0.031 0.892 0.037 0.016 0.008 0.008 0.003 
166      970    (2)   14 :  0.006 0.032 0.191 0.741 0.005 0.004 0.005 0.017 
167      971    (4)   14 :  0.002 0.006 0.944 0.014 0.003 0.021 0.008 0.002 
168      972    (0)   14 :  0.004 0.016 0.946 0.008 0.006 0.002 0.005 0.012 
169      973    (0)   14 :  0.015 0.796 0.030 0.131 0.012 0.005 0.007 0.003 
170      978    (0)   14 :  0.005 0.013 0.931 0.006 0.032 0.004 0.007 0.002 
171      979    (0)   14 :  0.081 0.061 0.128 0.088 0.002 0.011 0.626 0.004 
172      988    (6)   14 :  0.004 0.031 0.027 0.916 0.003 0.008 0.011 0.002 
173      989    (0)   14 :  0.003 0.045 0.829 0.078 0.005 0.017 0.019 0.004 
174      990    (0)   14 :  0.004 0.407 0.437 0.042 0.018 0.077 0.007 0.009 
175      991    (0)   14 :  0.002 0.004 0.980 0.004 0.004 0.002 0.003 0.002 
176      992    (0)   14 :  0.003 0.010 0.941 0.012 0.003 0.010 0.007 0.013 
177     1006    (2)   14 :  0.001 0.006 0.942 0.005 0.016 0.004 0.023 0.002 
178     1017    (0)   14 :  0.004 0.218 0.495 0.021 0.012 0.051 0.197 0.003 
179     2582    (4)   14 :  0.004 0.015 0.777 0.012 0.029 0.127 0.026 0.010 
180      319    (2)   15 :  0.004 0.541 0.011 0.422 0.005 0.008 0.008 0.002 
181      335    (0)   15 :  0.005 0.915 0.013 0.033 0.009 0.012 0.006 0.007 
182      895    (0)   15 :  0.096 0.656 0.011 0.217 0.005 0.004 0.005 0.006 
183      896    (0)   15 :  0.003 0.850 0.011 0.107 0.003 0.008 0.013 0.005 
184      897    (0)   15 :  0.003 0.817 0.009 0.155 0.006 0.002 0.006 0.002 
185      898    (0)   15 :  0.008 0.283 0.401 0.285 0.007 0.007 0.007 0.002 
186      899    (0)   15 :  0.012 0.519 0.070 0.162 0.005 0.025 0.203 0.004 
187      900    (0)   15 :  0.005 0.739 0.045 0.134 0.043 0.005 0.017 0.013 
188      901    (0)   15 :  0.038 0.653 0.018 0.086 0.025 0.046 0.131 0.003 
189      902    (0)   15 :  0.038 0.703 0.029 0.193 0.003 0.003 0.025 0.006 
190      903    (0)   15 :  0.004 0.914 0.006 0.049 0.003 0.003 0.005 0.017 
191      904    (0)   15 :  0.002 0.098 0.005 0.865 0.002 0.008 0.013 0.008 
192      905    (0)   15 :  0.076 0.594 0.006 0.216 0.003 0.008 0.085 0.012 
193      906    (0)   15 :  0.043 0.563 0.010 0.366 0.006 0.003 0.005 0.005 
194      907    (0)   15 :  0.060 0.395 0.028 0.478 0.008 0.004 0.013 0.013 
195      908    (0)   15 :  0.002 0.818 0.015 0.125 0.007 0.005 0.025 0.002 
196      909    (0)   15 :  0.005 0.016 0.642 0.012 0.300 0.008 0.013 0.004 
197      910    (0)   15 :  0.079 0.617 0.026 0.231 0.030 0.006 0.008 0.002 
198      911    (0)   15 :  0.005 0.585 0.021 0.299 0.040 0.026 0.016 0.007 
199      912    (0)   15 :  0.005 0.468 0.037 0.470 0.003 0.004 0.007 0.007 
200      913    (0)   15 :  0.005 0.335 0.415 0.025 0.042 0.036 0.033 0.109 
201     2411    (0)   15 :  0.005 0.793 0.009 0.172 0.004 0.002 0.011 0.004 
202     2412    (0)   15 :  0.003 0.047 0.884 0.018 0.007 0.012 0.009 0.020 
203     2413    (0)   15 :  0.029 0.748 0.005 0.165 0.018 0.018 0.011 0.006 
204     2414    (0)   15 :  0.003 0.939 0.024 0.017 0.002 0.005 0.007 0.004 
205     2415    (2)   15 :  0.004 0.481 0.083 0.371 0.019 0.011 0.028 0.003 
206     2417    (4)   15 :  0.016 0.648 0.149 0.061 0.007 0.013 0.102 0.005 
207     2418    (4)   15 :  0.015 0.331 0.006 0.625 0.007 0.008 0.006 0.003 
208     2419    (2)   15 :  0.003 0.827 0.062 0.092 0.005 0.006 0.005 0.002 
209     2420    (0)   15 :  0.006 0.742 0.014 0.168 0.006 0.002 0.003 0.058 
210     2421    (0)   15 :  0.007 0.392 0.214 0.361 0.009 0.003 0.008 0.005 
211     2422    (2)   15 :  0.006 0.146 0.006 0.552 0.274 0.005 0.006 0.005 
212     2423    (0)   15 :  0.007 0.727 0.014 0.196 0.008 0.013 0.029 0.006 
213     2576    (0)   15 :  0.010 0.743 0.022 0.131 0.009 0.006 0.015 0.066 
214     1079    (0)   16 :  0.005 0.035 0.010 0.921 0.003 0.013 0.010 0.002 
215     1081    (0)   16 :  0.003 0.087 0.008 0.788 0.007 0.087 0.018 0.002 
216     1082    (2)   16 :  0.020 0.050 0.005 0.905 0.008 0.004 0.006 0.003 
217     1083    (0)   16 :  0.002 0.037 0.011 0.889 0.005 0.010 0.043 0.003 
218       34    (0)    2 :  0.006 0.007 0.004 0.011 0.001 0.948 0.021 0.002 
219       38    (0)    2 :  0.003 0.007 0.006 0.006 0.012 0.952 0.008 0.005 
220       41    (0)    2 :  0.001 0.002 0.002 0.002 0.001 0.984 0.006 0.001 
221       44    (0)    2 :  0.001 0.005 0.002 0.003 0.002 0.915 0.070 0.001 
222       45    (0)    2 :  0.002 0.005 0.012 0.005 0.002 0.837 0.131 0.005 
223       47    (0)    2 :  0.002 0.019 0.009 0.011 0.009 0.939 0.005 0.007 
224       50    (0)    2 :  0.003 0.014 0.004 0.016 0.002 0.833 0.122 0.006 
225      384    (0)    2 :  0.002 0.008 0.022 0.008 0.003 0.548 0.404 0.004 
226      385    (2)    2 :  0.002 0.003 0.002 0.003 0.004 0.977 0.004 0.004 
227      386    (0)    2 :  0.002 0.003 0.003 0.005 0.003 0.673 0.310 0.001 
228      387    (0)    2 :  0.001 0.002 0.002 0.002 0.003 0.987 0.003 0.001 
229      388    (0)    2 :  0.001 0.002 0.002 0.002 0.002 0.986 0.004 0.001 
230      389    (0)    2 :  0.001 0.002 0.002 0.002 0.002 0.988 0.003 0.001 
231      390    (4)    2 :  0.002 0.012 0.008 0.006 0.011 0.863 0.065 0.033 
232      391    (0)    2 :  0.002 0.012 0.041 0.013 0.012 0.849 0.066 0.006 
233      392    (0)    2 :  0.002 0.006 0.009 0.005 0.002 0.935 0.041 0.002 
234      393    (2)    2 :  0.001 0.003 0.005 0.003 0.004 0.969 0.011 0.004 
235      394    (0)    2 :  0.002 0.004 0.003 0.004 0.002 0.960 0.023 0.002 
236      395    (0)    2 :  0.006 0.009 0.003 0.009 0.005 0.943 0.014 0.012 
237      396    (0)    2 :  0.002 0.003 0.003 0.003 0.004 0.964 0.007 0.014 
238     2470    (4)    3 :  0.986 0.002 0.002 0.002 0.002 0.002 0.001 0.002 
239     2471    (0)    3 :  0.974 0.004 0.003 0.004 0.003 0.003 0.003 0.006 
240     2472    (0)    3 :  0.970 0.004 0.005 0.003 0.003 0.002 0.002 0.011 
241     2484    (0)    3 :  0.942 0.010 0.003 0.004 0.028 0.006 0.002 0.006 
242     2486    (2)    3 :  0.984 0.002 0.002 0.002 0.003 0.002 0.002 0.004 
243     2487    (2)    3 :  0.970 0.004 0.005 0.005 0.007 0.003 0.003 0.004 
244     2489    (0)    3 :  0.971 0.006 0.004 0.008 0.002 0.002 0.004 0.002 
245     2596    (2)    3 :  0.951 0.015 0.007 0.006 0.014 0.001 0.002 0.003 
246     1366    (0)    3 :  0.982 0.003 0.002 0.003 0.001 0.004 0.002 0.003 
247     1367    (0)    3 :  0.980 0.003 0.002 0.003 0.002 0.004 0.003 0.002 
248     1368    (0)    3 :  0.918 0.022 0.005 0.020 0.013 0.009 0.006 0.006 
249     1369    (0)    3 :  0.945 0.005 0.005 0.004 0.004 0.004 0.004 0.029 
250     1370    (0)    3 :  0.978 0.004 0.003 0.004 0.002 0.002 0.002 0.006 
251     1371    (0)    3 :  0.983 0.003 0.002 0.002 0.003 0.003 0.002 0.002 
252     1372    (0)    3 :  0.976 0.004 0.002 0.004 0.003 0.003 0.003 0.004 
253     1373    (0)    3 :  0.965 0.005 0.003 0.005 0.002 0.003 0.004 0.012 
254     1374    (0)    3 :  0.982 0.003 0.002 0.002 0.004 0.002 0.002 0.003 
255     1375    (0)    3 :  0.985 0.002 0.002 0.002 0.003 0.001 0.001 0.005 
256     2476    (0)    3 :  0.912 0.006 0.002 0.004 0.003 0.005 0.006 0.060 
257     2478    (2)    3 :  0.979 0.005 0.004 0.003 0.002 0.001 0.002 0.004 
258     2479    (4)    3 :  0.984 0.003 0.002 0.003 0.002 0.001 0.002 0.003 
259     2481    (0)    3 :  0.968 0.007 0.006 0.006 0.002 0.003 0.005 0.003 
260     2483    (4)    3 :  0.982 0.003 0.002 0.002 0.002 0.002 0.002 0.004 
261     2485    (0)    3 :  0.986 0.002 0.003 0.003 0.002 0.001 0.001 0.002 
262     2488    (0)    3 :  0.985 0.002 0.004 0.001 0.002 0.001 0.001 0.003 
263     2490    (0)    3 :  0.982 0.003 0.002 0.003 0.003 0.002 0.003 0.002 
264     2492    (2)    3 :  0.983 0.002 0.002 0.002 0.003 0.002 0.003 0.004 
265     2493    (0)    3 :  0.945 0.007 0.015 0.009 0.007 0.007 0.009 0.001 
266     2494    (2)    3 :  0.969 0.006 0.004 0.005 0.001 0.006 0.005 0.003 
267     2495    (0)    3 :  0.895 0.024 0.015 0.025 0.009 0.011 0.018 0.004 
268     2496    (0)    3 :  0.987 0.002 0.002 0.002 0.003 0.002 0.001 0.001 
269     2497    (2)    3 :  0.981 0.003 0.002 0.002 0.002 0.001 0.002 0.007 
270     2592    (2)    3 :  0.985 0.002 0.001 0.002 0.002 0.001 0.004 0.002 
271     2593    (4)    3 :  0.984 0.002 0.002 0.003 0.002 0.003 0.002 0.002 
272     2595    (2)    3 :  0.984 0.003 0.002 0.003 0.003 0.001 0.002 0.002 
273     2498    (2)    4 :  0.007 0.014 0.007 0.013 0.007 0.206 0.739 0.007 
274     2513    (2)    4 :  0.002 0.003 0.005 0.004 0.008 0.003 0.973 0.001 
275     2514    (2)    4 :  0.007 0.029 0.020 0.033 0.004 0.023 0.883 0.001 
276     2597    (4)    4 :  0.002 0.021 0.021 0.014 0.003 0.117 0.813 0.009 
277     2499    (4)    4 :  0.002 0.028 0.010 0.031 0.011 0.037 0.876 0.005 
278     2500    (0)    4 :  0.005 0.005 0.002 0.006 0.006 0.006 0.966 0.003 
279     2506    (2)    4 :  0.003 0.005 0.004 0.004 0.004 0.011 0.965 0.004 
280     2509    (6)    4 :  0.004 0.063 0.012 0.051 0.031 0.033 0.797 0.009 
281     2511    (2)    4 :  0.002 0.004 0.003 0.004 0.004 0.005 0.976 0.001 
282     2512    (2)    4 :  0.002 0.004 0.004 0.004 0.002 0.013 0.966 0.005 
283     2515    (2)    4 :  0.001 0.004 0.002 0.002 0.002 0.003 0.984 0.001 
284     2516    (2)    4 :  0.001 0.008 0.010 0.021 0.002 0.013 0.943 0.001 
285     2517    (2)    4 :  0.003 0.005 0.017 0.005 0.003 0.008 0.957 0.002 
286     2518    (2)    4 :  0.002 0.009 0.025 0.010 0.008 0.007 0.935 0.003 
287     2519    (0)    4 :  0.004 0.099 0.041 0.046 0.015 0.006 0.788 0.002 
288     2520    (2)    4 :  0.002 0.003 0.002 0.002 0.001 0.006 0.982 0.002 
289     2521    (2)    4 :  0.002 0.031 0.013 0.076 0.002 0.010 0.863 0.002 
290     2603    (4)    4 :  0.003 0.031 0.004 0.016 0.003 0.009 0.931 0.002 
291     2606    (2)    4 :  0.002 0.012 0.011 0.011 0.002 0.207 0.750 0.004 
292       87    (0)    5 :  0.004 0.022 0.013 0.018 0.015 0.010 0.912 0.006 
293       88    (0)    5 :  0.001 0.002 0.002 0.004 0.003 0.003 0.983 0.002 
294       90    (0)    5 :  0.001 0.002 0.002 0.002 0.001 0.004 0.986 0.001 
295       92    (0)    5 :  0.003 0.008 0.013 0.010 0.003 0.007 0.954 0.002 
296       96    (0)    5 :  0.002 0.006 0.007 0.012 0.016 0.011 0.944 0.002 
297       97    (0)    5 :  0.002 0.004 0.004 0.006 0.002 0.007 0.974 0.001 
298      105    (0)    5 :  0.002 0.005 0.003 0.008 0.005 0.005 0.970 0.003 
299      120    (0)    5 :  0.010 0.022 0.007 0.015 0.004 0.008 0.909 0.024 
300      123    (0)    5 :  0.001 0.003 0.004 0.003 0.003 0.015 0.970 0.001 
301      128    (0)    5 :  0.001 0.004 0.002 0.005 0.003 0.012 0.970 0.002 
302      129    (0)    5 :  0.002 0.007 0.016 0.004 0.004 0.171 0.795 0.002 
303      132    (0)    5 :  0.002 0.008 0.003 0.007 0.002 0.003 0.972 0.003 
304      504    (0)    5 :  0.001 0.005 0.010 0.004 0.003 0.025 0.949 0.001 
305      505    (0)    5 :  0.002 0.004 0.004 0.005 0.003 0.007 0.974 0.001 
306      506    (0)    5 :  0.021 0.010 0.005 0.012 0.003 0.030 0.918 0.002 
307      507    (0)    5 :  0.002 0.007 0.021 0.008 0.004 0.047 0.908 0.003 
308      508    (0)    5 :  0.004 0.017 0.009 0.023 0.002 0.003 0.911 0.030 
309      509    (0)    5 :  0.005 0.014 0.006 0.013 0.002 0.005 0.952 0.003 
310      510    (0)    5 :  0.003 0.018 0.014 0.042 0.005 0.008 0.906 0.004 
311      511    (0)    5 :  0.003 0.006 0.005 0.006 0.027 0.018 0.933 0.002 
312      512    (0)    5 :  0.002 0.004 0.006 0.004 0.005 0.127 0.851 0.002 
313      513    (0)    5 :  0.002 0.004 0.003 0.003 0.002 0.008 0.975 0.003 
314      514    (0)    5 :  0.002 0.005 0.004 0.007 0.009 0.008 0.963 0.002 
315      515    (0)    5 :  0.010 0.016 0.011 0.027 0.003 0.004 0.915 0.012 
316      558    (0)    5 :  0.001 0.004 0.008 0.004 0.002 0.002 0.974 0.003 
317      559    (0)    5 :  0.002 0.002 0.002 0.002 0.001 0.003 0.986 0.002 
318      560    (0)    5 :  0.001 0.003 0.002 0.003 0.005 0.005 0.975 0.006 
319      561    (0)    5 :  0.002 0.004 0.003 0.004 0.004 0.009 0.972 0.003 
320      562    (0)    5 :  0.003 0.008 0.006 0.013 0.003 0.005 0.960 0.002 
321      563    (0)    5 :  0.021 0.028 0.004 0.020 0.006 0.004 0.910 0.008 
322      564    (0)    5 :  0.002 0.004 0.006 0.005 0.002 0.003 0.970 0.007 
323      136    (0)    6 :  0.006 0.007 0.004 0.005 0.004 0.010 0.963 0.001 
324      138    (0)    6 :  0.001 0.004 0.006 0.004 0.003 0.011 0.967 0.003 
325      140    (0)    6 :  0.001 0.006 0.009 0.006 0.008 0.007 0.960 0.003 
326      141    (0)    6 :  0.002 0.025 0.008 0.017 0.005 0.022 0.916 0.005 
327      144    (0)    6 :  0.002 0.005 0.003 0.005 0.014 0.011 0.958 0.002 
328      146    (0)    6 :  0.002 0.003 0.002 0.004 0.004 0.009 0.974 0.003 
329      148    (0)    6 :  0.001 0.006 0.004 0.007 0.001 0.025 0.953 0.002 
330      150    (0)    6 :  0.002 0.004 0.007 0.004 0.002 0.016 0.959 0.006 
331      152    (0)    6 :  0.001 0.003 0.003 0.003 0.002 0.017 0.968 0.001 
332      666    (0)    6 :  0.002 0.004 0.007 0.004 0.002 0.006 0.974 0.002 
333      667    (0)    6 :  0.002 0.015 0.005 0.012 0.002 0.009 0.955 0.001 
334      668    (0)    6 :  0.003 0.009 0.020 0.006 0.003 0.025 0.924 0.011 
335      669    (0)    6 :  0.003 0.004 0.007 0.003 0.002 0.021 0.958 0.003 
336      670    (0)    6 :  0.001 0.011 0.046 0.018 0.002 0.016 0.894 0.011 
337      684    (0)    6 :  0.001 0.003 0.004 0.003 0.002 0.013 0.971 0.002 
338      685    (0)    6 :  0.007 0.006 0.003 0.009 0.004 0.008 0.958 0.006 
339      686    (0)    6 :  0.001 0.004 0.005 0.003 0.002 0.008 0.975 0.002 
340      687    (0)    6 :  0.001 0.004 0.005 0.004 0.005 0.014 0.967 0.001 
341      688    (2)    6 :  0.001 0.003 0.005 0.003 0.003 0.058 0.924 0.002 
342      689    (0)    6 :  0.028 0.010 0.010 0.010 0.005 0.035 0.897 0.004 
343      165    (0)    7 :  0.004 0.009 0.012 0.012 0.004 0.009 0.949 0.002 
344      167    (0)    7 :  0.002 0.022 0.022 0.149 0.003 0.013 0.727 0.062 
345      170    (0)    7 :  0.003 0.005 0.011 0.005 0.011 0.006 0.956 0.004 
346      714    (0)    7 :  0.003 0.006 0.006 0.004 0.001 0.007 0.970 0.002 
347      715    (2)    7 :  0.043 0.121 0.028 0.137 0.004 0.078 0.569 0.020 
348      716    (0)    7 :  0.003 0.007 0.010 0.007 0.004 0.011 0.956 0.003 
349      717    (2)    7 :  0.007 0.251 0.012 0.313 0.007 0.015 0.384 0.010 
350     2346    (2)    7 :  0.747 0.067 0.039 0.089 0.042 0.006 0.007 0.003 
351      718    (0)    8 :  0.002 0.005 0.006 0.008 0.004 0.005 0.961 0.010 
352      719    (0)    8 :  0.003 0.020 0.015 0.022 0.012 0.010 0.913 0.005 
353      720    (0)    8 :  0.002 0.005 0.007 0.008 0.001 0.027 0.949 0.001 
354      721    (0)    8 :  0.008 0.016 0.019 0.017 0.016 0.029 0.877 0.019 
355      722    (0)    8 :  0.001 0.005 0.008 0.005 0.002 0.021 0.955 0.003 
356      723    (0)    8 :  0.001 0.004 0.011 0.005 0.003 0.033 0.943 0.001 
357      724    (0)    8 :  0.001 0.004 0.006 0.003 0.002 0.016 0.963 0.004 
358      725    (0)    8 :  0.002 0.004 0.003 0.004 0.005 0.007 0.973 0.003 
359      726    (0)    8 :  0.010 0.023 0.007 0.111 0.002 0.006 0.839 0.003 
360      727    (0)    8 :  0.001 0.002 0.003 0.002 0.002 0.009 0.978 0.002 
361      728    (2)    8 :  0.001 0.007 0.010 0.014 0.003 0.019 0.942 0.004 
362      729    (0)    8 :  0.002 0.010 0.180 0.010 0.004 0.011 0.775 0.008 
363      730    (0)    8 :  0.004 0.056 0.019 0.193 0.003 0.028 0.681 0.016 
364      731    (0)    8 :  0.002 0.008 0.010 0.005 0.006 0.005 0.960 0.004 
365      732    (0)    8 :  0.003 0.015 0.005 0.041 0.003 0.139 0.791 0.002 
366      733    (0)    8 :  0.001 0.003 0.009 0.003 0.002 0.003 0.969 0.009 
367      734    (0)    8 :  0.001 0.002 0.004 0.002 0.002 0.004 0.983 0.002 
368      189    (0)    9 :  0.002 0.008 0.010 0.010 0.943 0.010 0.010 0.007 
369      190    (0)    9 :  0.002 0.002 0.002 0.003 0.983 0.004 0.002 0.002 
370      193    (0)    9 :  0.003 0.009 0.003 0.006 0.972 0.002 0.004 0.001 
371      761    (0)    9 :  0.001 0.002 0.003 0.002 0.986 0.002 0.002 0.001 
372      762    (0)    9 :  0.002 0.003 0.006 0.003 0.978 0.002 0.004 0.002 
373      763    (0)    9 :  0.002 0.003 0.004 0.003 0.976 0.004 0.004 0.003 
374      764    (0)    9 :  0.001 0.003 0.004 0.003 0.976 0.008 0.003 0.002 
375      765    (0)    9 :  0.002 0.004 0.004 0.004 0.976 0.005 0.004 0.001 
376      778    (0)    9 :  0.009 0.019 0.007 0.013 0.907 0.016 0.017 0.012 
377      779    (0)    9 :  0.002 0.004 0.004 0.004 0.957 0.023 0.004 0.002 
378      780    (0)    9 :  0.002 0.003 0.004 0.003 0.982 0.003 0.002 0.002 
379      781    (0)    9 :  0.002 0.002 0.002 0.003 0.969 0.003 0.004 0.015 
380      782    (0)    9 :  0.003 0.005 0.002 0.004 0.960 0.017 0.007 0.002 
381      783    (0)    9 :  0.001 0.001 0.001 0.001 0.991 0.002 0.001 0.001 
382      784    (0)    9 :  0.001 0.005 0.003 0.005 0.977 0.004 0.003 0.001 
383      785    (0)    9 :  0.002 0.004 0.005 0.004 0.976 0.003 0.003 0.004 
384      786    (0)    9 :  0.002 0.003 0.005 0.004 0.980 0.003 0.002 0.001 
385      787    (0)    9 :  0.001 0.003 0.003 0.002 0.976 0.009 0.003 0.002 
386      788    (0)    9 :  0.003 0.012 0.009 0.008 0.948 0.005 0.010 0.005 
387      789    (0)    9 :  0.025 0.009 0.003 0.010 0.940 0.009 0.003 0.002 
388      790    (0)    9 :  0.002 0.004 0.005 0.004 0.968 0.009 0.003 0.005 
389      791    (0)    9 :  0.002 0.005 0.005 0.005 0.965 0.010 0.006 0.002 
390      792    (0)    9 :  0.002 0.002 0.002 0.002 0.986 0.002 0.002 0.003 
391      793    (0)    9 :  0.003 0.006 0.004 0.004 0.965 0.012 0.004 0.002 
392      794    (0)    9 :  0.002 0.005 0.005 0.005 0.975 0.002 0.002 0.003 
393      795    (0)    9 :  0.004 0.004 0.003 0.005 0.976 0.002 0.003 0.002 
394      796    (0)    9 :  0.004 0.002 0.002 0.002 0.985 0.002 0.002 0.002 
395      797    (0)    9 :  0.001 0.002 0.003 0.002 0.985 0.002 0.002 0.002 
396      798    (0)    9 :  0.001 0.003 0.006 0.003 0.977 0.003 0.006 0.001 


Estimated Allele Frequencies in each cluster
First column gives estimated ancestral frequencies


Locus 1 : 1 
4 alleles
0.0% missing data
  89   (0.546) 0.291 0.546 0.512 0.533 0.637 0.628 0.570 0.077 
  91   (0.357) 0.664 0.357 0.429 0.388 0.313 0.221 0.377 0.733 
  99   (0.024) 0.001 0.024 0.020 0.017 0.001 0.002 0.001 0.153 
  93   (0.074) 0.043 0.074 0.039 0.062 0.048 0.149 0.053 0.037 

Locus 2 : 2 
6 alleles
1.3% missing data
 136   (0.348) 0.448 0.348 0.087 0.350 0.457 0.424 0.568 0.201 
 134   (0.241) 0.202 0.241 0.258 0.240 0.377 0.133 0.164 0.032 
 138   (0.271) 0.227 0.271 0.522 0.234 0.157 0.361 0.214 0.750 
 140   (0.083) 0.109 0.083 0.037 0.105 0.005 0.077 0.053 0.011 
 132   (0.030) 0.002 0.030 0.006 0.037 0.002 0.003 0.001 0.003 
 142   (0.027) 0.011 0.026 0.091 0.034 0.002 0.002 0.001 0.003 

Locus 3 : 3 
6 alleles
0.0% missing data
 181   (0.261) 0.083 0.261 0.327 0.188 0.075 0.185 0.216 0.198 
 187   (0.337) 0.359 0.337 0.201 0.386 0.260 0.654 0.486 0.749 
 179   (0.217) 0.061 0.217 0.241 0.275 0.014 0.146 0.274 0.030 
 191   (0.042) 0.012 0.042 0.008 0.018 0.197 0.004 0.021 0.005 
 185   (0.079) 0.260 0.079 0.094 0.079 0.450 0.006 0.002 0.010 
 175   (0.064) 0.225 0.064 0.130 0.054 0.004 0.005 0.001 0.008 

Locus 4 : 4 
10 alleles
0.0% missing data
 253   (0.495) 0.189 0.495 0.565 0.534 0.467 0.517 0.734 0.533 
 249   (0.031) 0.068 0.031 0.003 0.017 0.002 0.003 0.075 0.004 
 271   (0.044) 0.112 0.044 0.012 0.056 0.003 0.004 0.036 0.006 
 241   (0.157) 0.516 0.157 0.162 0.096 0.150 0.071 0.074 0.214 
 257   (0.008) 0.001 0.008 0.001 0.003 0.000 0.001 0.001 0.001 
 269   (0.163) 0.020 0.163 0.220 0.150 0.103 0.398 0.078 0.231 
 247   (0.068) 0.029 0.068 0.033 0.131 0.273 0.005 0.002 0.008 
 239   (0.008) 0.001 0.008 0.001 0.003 0.001 0.001 0.000 0.001 
 245   (0.013) 0.065 0.013 0.001 0.004 0.001 0.001 0.000 0.001 
 273   (0.012) 0.001 0.012 0.001 0.007 0.001 0.001 0.000 0.001 

Locus 5 : 5 
7 alleles
0.8% missing data
 103   (0.812) 0.742 0.812 0.932 0.819 0.961 0.982 0.990 0.974 
 104   (0.077) 0.063 0.077 0.034 0.074 0.005 0.010 0.008 0.012 
 105   (0.055) 0.167 0.055 0.027 0.076 0.003 0.004 0.001 0.007 
 102   (0.021) 0.001 0.021 0.003 0.015 0.002 0.002 0.000 0.003 
 101   (0.013) 0.001 0.013 0.001 0.008 0.015 0.001 0.000 0.002 
 107   (0.013) 0.026 0.013 0.001 0.004 0.001 0.001 0.000 0.001 
  99   (0.009) 0.001 0.009 0.001 0.003 0.014 0.001 0.000 0.001 

Locus 6 : 6 
5 alleles
0.3% missing data
 141   (0.298) 0.129 0.298 0.262 0.318 0.142 0.478 0.553 0.041 
 145   (0.389) 0.025 0.389 0.532 0.435 0.264 0.211 0.178 0.391 
 135   (0.225) 0.638 0.225 0.192 0.207 0.285 0.155 0.218 0.555 
 147   (0.075) 0.131 0.075 0.013 0.032 0.307 0.155 0.051 0.012 
 137   (0.013) 0.078 0.013 0.001 0.007 0.001 0.001 0.000 0.002 

Locus 7 : 7 
10 alleles
1.0% missing data
  93   (0.225) 0.124 0.225 0.304 0.202 0.072 0.282 0.359 0.717 
 103   (0.230) 0.015 0.230 0.339 0.328 0.500 0.566 0.345 0.034 
  91   (0.085) 0.056 0.085 0.034 0.046 0.158 0.061 0.023 0.067 
  97   (0.218) 0.272 0.218 0.125 0.214 0.255 0.069 0.167 0.147 
  85   (0.042) 0.003 0.042 0.026 0.031 0.003 0.004 0.044 0.006 
  89   (0.106) 0.302 0.106 0.124 0.107 0.007 0.010 0.059 0.016 
  83   (0.061) 0.004 0.061 0.044 0.056 0.004 0.005 0.001 0.008 
 105   (0.015) 0.086 0.015 0.002 0.011 0.001 0.001 0.000 0.002 
  99   (0.008) 0.011 0.008 0.001 0.003 0.001 0.001 0.000 0.002 
 101   (0.009) 0.126 0.009 0.001 0.003 0.001 0.001 0.000 0.001 

Locus 8 : 8 
8 alleles
0.0% missing data
 129   (0.516) 0.325 0.517 0.700 0.510 0.637 0.709 0.656 0.147 
 141   (0.060) 0.004 0.060 0.022 0.051 0.204 0.047 0.106 0.008 
 149   (0.105) 0.283 0.105 0.053 0.103 0.017 0.150 0.115 0.013 
 143   (0.259) 0.304 0.259 0.210 0.301 0.136 0.089 0.121 0.747 
 127   (0.019) 0.082 0.019 0.002 0.015 0.001 0.001 0.000 0.033 
 131   (0.012) 0.001 0.012 0.007 0.004 0.002 0.001 0.000 0.048 
 145   (0.009) 0.001 0.009 0.001 0.003 0.001 0.001 0.000 0.001 
 133   (0.019) 0.001 0.019 0.006 0.012 0.001 0.002 0.000 0.002 

Locus 9 : 9 
4 alleles
0.0% missing data
 191   (0.363) 0.323 0.363 0.306 0.357 0.541 0.598 0.566 0.264 
 195   (0.154) 0.334 0.154 0.216 0.140 0.056 0.237 0.150 0.393 
 189   (0.475) 0.342 0.475 0.478 0.500 0.403 0.164 0.282 0.343 
 193   (0.008) 0.001 0.008 0.001 0.003 0.001 0.001 0.003 0.001 

Locus 10 : 10 
7 alleles
0.3% missing data
 232   (0.239) 0.132 0.239 0.163 0.236 0.273 0.153 0.332 0.192 
 238   (0.554) 0.738 0.554 0.754 0.631 0.346 0.732 0.519 0.398 
 252   (0.107) 0.018 0.107 0.072 0.076 0.037 0.088 0.133 0.022 
 254   (0.054) 0.082 0.054 0.006 0.026 0.259 0.024 0.015 0.382 
 250   (0.016) 0.029 0.016 0.002 0.014 0.001 0.001 0.000 0.002 
 248   (0.022) 0.001 0.022 0.002 0.013 0.085 0.002 0.001 0.003 
 236   (0.008) 0.001 0.008 0.001 0.004 0.001 0.001 0.000 0.001 

Locus 11 : 11 
4 alleles
0.0% missing data
  87   (0.726) 0.523 0.726 0.832 0.759 0.539 0.577 0.632 0.964 
  89   (0.210) 0.156 0.210 0.136 0.204 0.379 0.417 0.305 0.028 
  91   (0.056) 0.168 0.056 0.031 0.035 0.082 0.005 0.063 0.007 
  85   (0.009) 0.154 0.009 0.001 0.003 0.001 0.001 0.000 0.001 

Locus 12 : 12 
12 alleles
0.3% missing data
 160   (0.229) 0.402 0.229 0.278 0.170 0.711 0.239 0.111 0.627 
 162   (0.214) 0.014 0.214 0.239 0.349 0.233 0.250 0.216 0.082 
 147   (0.043) 0.003 0.043 0.047 0.028 0.003 0.081 0.159 0.006 
 158   (0.241) 0.100 0.241 0.211 0.203 0.025 0.402 0.477 0.034 
 161   (0.117) 0.268 0.117 0.112 0.085 0.019 0.010 0.027 0.106 
 170   (0.057) 0.030 0.057 0.030 0.069 0.004 0.010 0.008 0.008 
 143   (0.026) 0.178 0.026 0.004 0.015 0.002 0.002 0.001 0.129 
 149   (0.023) 0.001 0.023 0.048 0.041 0.001 0.002 0.001 0.003 
 154   (0.020) 0.002 0.020 0.002 0.030 0.001 0.001 0.001 0.003 
 150   (0.008) 0.001 0.008 0.008 0.003 0.001 0.001 0.000 0.001 
 159   (0.011) 0.001 0.011 0.020 0.004 0.001 0.001 0.000 0.001 
 164   (0.009) 0.001 0.009 0.001 0.003 0.000 0.001 0.000 0.001 

Locus 13 : 13 
4 alleles
0.0% missing data
 108   (0.208) 0.289 0.208 0.103 0.147 0.200 0.152 0.179 0.309 
 115   (0.418) 0.376 0.418 0.520 0.483 0.289 0.754 0.509 0.082 
 113   (0.365) 0.334 0.365 0.376 0.367 0.511 0.093 0.312 0.608 
 109   (0.009) 0.001 0.009 0.001 0.003 0.001 0.001 0.000 0.001 

Locus 14 : 14 
5 alleles
0.8% missing data
 227   (0.135) 0.009 0.135 0.319 0.113 0.019 0.245 0.259 0.230 
 231   (0.139) 0.345 0.139 0.019 0.118 0.348 0.055 0.103 0.308 
 229   (0.527) 0.482 0.527 0.537 0.603 0.420 0.348 0.496 0.123 
 225   (0.133) 0.061 0.132 0.086 0.098 0.208 0.300 0.044 0.247 
 233   (0.067) 0.103 0.067 0.039 0.068 0.005 0.052 0.097 0.092 

Locus 15 : 15 
5 alleles
0.5% missing data
 143   (0.816) 0.622 0.816 0.872 0.841 0.819 0.945 0.972 0.765 
 157   (0.010) 0.001 0.010 0.001 0.003 0.001 0.001 0.016 0.001 
 145   (0.105) 0.185 0.105 0.065 0.102 0.007 0.049 0.010 0.225 
 147   (0.048) 0.191 0.048 0.059 0.040 0.141 0.004 0.001 0.006 
 133   (0.021) 0.001 0.021 0.002 0.013 0.032 0.002 0.000 0.002 

Locus 16 : 16 
5 alleles
0.3% missing data
 156   (0.248) 0.166 0.248 0.213 0.234 0.497 0.251 0.267 0.585 
 158   (0.513) 0.332 0.514 0.641 0.476 0.207 0.498 0.533 0.213 
 160   (0.137) 0.124 0.137 0.118 0.187 0.115 0.205 0.164 0.018 
 154   (0.092) 0.377 0.092 0.012 0.100 0.180 0.045 0.036 0.183 
 152   (0.009) 0.001 0.009 0.016 0.003 0.001 0.001 0.000 0.001 

Locus 17 : 17 
5 alleles
0.0% missing data
 102   (0.222) 0.048 0.222 0.242 0.194 0.202 0.231 0.223 0.032 
  90   (0.656) 0.346 0.656 0.734 0.614 0.790 0.758 0.728 0.602 
  88   (0.078) 0.434 0.078 0.011 0.136 0.005 0.008 0.048 0.010 
 100   (0.036) 0.171 0.036 0.006 0.053 0.002 0.003 0.001 0.354 
 104   (0.009) 0.001 0.009 0.007 0.003 0.001 0.001 0.000 0.001 

Locus 18 : 18 
8 alleles
0.3% missing data
 142   (0.130) 0.027 0.130 0.092 0.160 0.008 0.402 0.413 0.021 
 146   (0.089) 0.006 0.089 0.108 0.074 0.221 0.329 0.124 0.012 
 140   (0.264) 0.308 0.264 0.227 0.304 0.182 0.045 0.159 0.324 
 127   (0.264) 0.158 0.264 0.303 0.234 0.064 0.141 0.172 0.482 
 148   (0.102) 0.071 0.102 0.080 0.103 0.214 0.009 0.063 0.014 
 128   (0.032) 0.214 0.032 0.003 0.042 0.002 0.003 0.052 0.084 
 138   (0.058) 0.005 0.058 0.038 0.041 0.004 0.066 0.015 0.056 
 150   (0.062) 0.211 0.062 0.148 0.042 0.304 0.005 0.001 0.008 

Locus 19 : 19 
7 alleles
0.3% missing data
 188   (0.186) 0.013 0.186 0.151 0.220 0.174 0.035 0.151 0.023 
 190   (0.142) 0.046 0.142 0.164 0.132 0.200 0.576 0.339 0.019 
 194   (0.555) 0.558 0.555 0.568 0.546 0.481 0.381 0.507 0.944 
 200   (0.077) 0.302 0.077 0.113 0.087 0.005 0.006 0.002 0.009 
 202   (0.022) 0.041 0.022 0.002 0.009 0.139 0.002 0.001 0.003 
 196   (0.009) 0.001 0.009 0.001 0.004 0.001 0.001 0.000 0.001 
 198   (0.009) 0.039 0.009 0.001 0.003 0.001 0.001 0.000 0.001 

Locus 20 : 20 
6 alleles
0.8% missing data
 252   (0.672) 0.086 0.672 0.787 0.734 0.725 0.907 0.809 0.386 
 250   (0.085) 0.424 0.085 0.066 0.053 0.140 0.009 0.103 0.323 
 244   (0.026) 0.041 0.026 0.007 0.011 0.002 0.059 0.007 0.004 
 254   (0.091) 0.235 0.091 0.077 0.073 0.082 0.014 0.032 0.090 
 246   (0.105) 0.213 0.105 0.058 0.101 0.050 0.008 0.039 0.194 
 248   (0.021) 0.001 0.021 0.004 0.029 0.001 0.003 0.011 0.003 

Locus 21 : 21 
7 alleles
0.0% missing data
 173   (0.258) 0.207 0.258 0.558 0.216 0.214 0.398 0.311 0.138 
 177   (0.285) 0.049 0.285 0.229 0.337 0.176 0.151 0.349 0.272 
 175   (0.154) 0.488 0.154 0.073 0.097 0.253 0.088 0.024 0.442 
 167   (0.183) 0.074 0.182 0.121 0.178 0.123 0.292 0.311 0.133 
 163   (0.053) 0.108 0.053 0.010 0.041 0.219 0.004 0.003 0.007 
 159   (0.020) 0.001 0.020 0.002 0.050 0.001 0.001 0.000 0.002 
 165   (0.046) 0.074 0.046 0.007 0.082 0.014 0.065 0.001 0.007 

Locus 22 : 22 
11 alleles
1.0% missing data
 146   (0.194) 0.013 0.194 0.322 0.214 0.143 0.058 0.289 0.083 
 154   (0.013) 0.001 0.013 0.001 0.004 0.001 0.015 0.060 0.002 
 166   (0.092) 0.006 0.092 0.028 0.128 0.006 0.008 0.068 0.124 
 152   (0.446) 0.116 0.446 0.575 0.397 0.372 0.897 0.538 0.477 
 150   (0.038) 0.112 0.038 0.010 0.042 0.003 0.004 0.009 0.085 
 164   (0.030) 0.068 0.030 0.003 0.015 0.002 0.005 0.018 0.004 
 148   (0.013) 0.001 0.013 0.001 0.004 0.001 0.001 0.000 0.202 
 158   (0.084) 0.415 0.084 0.020 0.113 0.104 0.007 0.016 0.012 
 162   (0.051) 0.133 0.051 0.010 0.069 0.070 0.004 0.001 0.007 
 142   (0.020) 0.034 0.020 0.018 0.007 0.001 0.002 0.000 0.003 
 156   (0.018) 0.101 0.018 0.012 0.006 0.298 0.001 0.000 0.002 

Locus 23 : 23 
7 alleles
0.5% missing data
 152   (0.011) 0.001 0.011 0.002 0.004 0.001 0.001 0.071 0.001 
 156   (0.136) 0.409 0.136 0.032 0.155 0.037 0.016 0.050 0.018 
 144   (0.157) 0.242 0.157 0.250 0.114 0.626 0.059 0.187 0.550 
 160   (0.113) 0.018 0.113 0.107 0.097 0.107 0.125 0.195 0.015 
 154   (0.540) 0.195 0.540 0.604 0.568 0.228 0.782 0.496 0.409 
 158   (0.029) 0.135 0.029 0.003 0.057 0.002 0.017 0.002 0.004 
 146   (0.013) 0.001 0.013 0.001 0.005 0.001 0.001 0.000 0.002 

Locus 24 : 24 
4 alleles
0.3% missing data
  77   (0.089) 0.006 0.089 0.089 0.048 0.053 0.126 0.283 0.012 
  83   (0.470) 0.588 0.470 0.386 0.442 0.918 0.710 0.463 0.713 
  81   (0.362) 0.375 0.362 0.413 0.450 0.024 0.155 0.225 0.264 
  85   (0.079) 0.031 0.079 0.112 0.059 0.005 0.009 0.029 0.011 

Locus 25 : 25 
6 alleles
0.3% missing data
 132   (0.308) 0.023 0.308 0.349 0.335 0.446 0.571 0.464 0.213 
 124   (0.538) 0.485 0.538 0.536 0.564 0.544 0.326 0.473 0.404 
 126   (0.033) 0.013 0.033 0.003 0.012 0.002 0.092 0.042 0.004 
 122   (0.077) 0.453 0.077 0.107 0.064 0.005 0.007 0.019 0.030 
 120   (0.026) 0.025 0.026 0.003 0.016 0.002 0.002 0.001 0.346 
 136   (0.017) 0.001 0.017 0.002 0.009 0.001 0.002 0.000 0.002 

Locus 26 : 26 
7 alleles
0.0% missing data
 165   (0.231) 0.111 0.232 0.271 0.215 0.059 0.027 0.172 0.305 
 183   (0.345) 0.205 0.345 0.308 0.369 0.420 0.785 0.501 0.330 
 179   (0.096) 0.287 0.096 0.097 0.065 0.006 0.008 0.072 0.322 
 175   (0.262) 0.017 0.262 0.315 0.322 0.446 0.175 0.253 0.036 
 181   (0.048) 0.264 0.048 0.008 0.024 0.067 0.004 0.001 0.006 
 157   (0.009) 0.001 0.009 0.001 0.003 0.001 0.001 0.000 0.001 
 185   (0.009) 0.115 0.009 0.001 0.003 0.001 0.001 0.000 0.001 

Locus 27 : 27 
4 alleles
0.0% missing data
 142   (0.638) 0.525 0.638 0.757 0.636 0.740 0.622 0.690 0.342 
 148   (0.200) 0.257 0.200 0.083 0.208 0.071 0.092 0.110 0.637 
 138   (0.042) 0.050 0.041 0.016 0.017 0.003 0.271 0.186 0.005 
 150   (0.120) 0.168 0.120 0.144 0.139 0.187 0.015 0.014 0.016 

Locus 28 : 28 
6 alleles
1.0% missing data
 260   (0.385) 0.232 0.385 0.520 0.413 0.379 0.649 0.324 0.078 
 262   (0.491) 0.682 0.491 0.388 0.472 0.546 0.340 0.665 0.904 
 256   (0.080) 0.083 0.080 0.055 0.079 0.073 0.008 0.010 0.012 
 258   (0.015) 0.001 0.015 0.001 0.022 0.001 0.001 0.000 0.002 
 264   (0.021) 0.001 0.021 0.028 0.011 0.001 0.002 0.000 0.002 
 266   (0.009) 0.001 0.009 0.008 0.003 0.001 0.001 0.000 0.002 

Locus 29 : 29 
7 alleles
0.5% missing data
 146   (0.267) 0.309 0.267 0.216 0.279 0.334 0.320 0.170 0.039 
 150   (0.428) 0.239 0.428 0.562 0.402 0.294 0.567 0.637 0.151 
 140   (0.199) 0.397 0.199 0.167 0.175 0.063 0.104 0.108 0.796 
 148   (0.064) 0.040 0.064 0.023 0.100 0.305 0.005 0.076 0.009 
 152   (0.025) 0.013 0.025 0.029 0.038 0.002 0.002 0.001 0.003 
 151   (0.009) 0.001 0.009 0.001 0.003 0.001 0.001 0.007 0.001 
 142   (0.009) 0.001 0.008 0.001 0.003 0.001 0.001 0.003 0.001 

Locus 30 : 30 
6 alleles
0.3% missing data
 125   (0.297) 0.148 0.297 0.103 0.313 0.034 0.302 0.474 0.164 
 129   (0.395) 0.075 0.395 0.580 0.434 0.779 0.659 0.464 0.228 
 123   (0.162) 0.115 0.162 0.226 0.118 0.105 0.028 0.059 0.022 
 121   (0.013) 0.001 0.013 0.002 0.005 0.001 0.001 0.000 0.048 
 127   (0.081) 0.523 0.081 0.049 0.077 0.079 0.006 0.002 0.530 
 131   (0.051) 0.138 0.051 0.040 0.053 0.003 0.004 0.001 0.008 

Locus 31 : 31 
6 alleles
0.3% missing data
 159   (0.135) 0.195 0.135 0.289 0.117 0.009 0.014 0.156 0.017 
 155   (0.557) 0.407 0.557 0.436 0.583 0.709 0.935 0.661 0.599 
 157   (0.177) 0.070 0.177 0.209 0.203 0.025 0.018 0.111 0.142 
 153   (0.082) 0.317 0.082 0.060 0.076 0.006 0.024 0.068 0.077 
 151   (0.040) 0.010 0.040 0.005 0.017 0.252 0.008 0.002 0.164 
 163   (0.009) 0.001 0.009 0.001 0.004 0.001 0.001 0.001 0.001 

Locus 32 : 32 
5 alleles
1.0% missing data
  91   (0.407) 0.255 0.407 0.519 0.386 0.154 0.240 0.636 0.554 
  94   (0.063) 0.030 0.063 0.009 0.096 0.004 0.006 0.064 0.008 
  95   (0.172) 0.220 0.172 0.075 0.274 0.405 0.175 0.093 0.294 
  92   (0.350) 0.484 0.350 0.396 0.241 0.436 0.578 0.207 0.143 
  90   (0.009) 0.011 0.009 0.001 0.003 0.001 0.001 0.000 0.001 

Locus 33 : 33 
5 alleles
0.0% missing data
 146   (0.312) 0.643 0.312 0.362 0.288 0.311 0.059 0.074 0.580 
 150   (0.557) 0.248 0.557 0.570 0.581 0.636 0.864 0.854 0.401 
 148   (0.073) 0.041 0.073 0.021 0.072 0.049 0.073 0.070 0.011 
 154   (0.044) 0.067 0.044 0.016 0.047 0.003 0.003 0.001 0.006 
 152   (0.015) 0.001 0.015 0.031 0.013 0.001 0.001 0.000 0.002 

Locus 34 : 34 
7 alleles
0.0% missing data
 180   (0.452) 0.363 0.452 0.358 0.435 0.664 0.353 0.599 0.720 
 196   (0.105) 0.030 0.105 0.132 0.075 0.007 0.287 0.163 0.014 
 184   (0.203) 0.179 0.203 0.290 0.202 0.075 0.223 0.150 0.237 
 194   (0.016) 0.001 0.016 0.002 0.005 0.001 0.071 0.030 0.002 
 192   (0.130) 0.169 0.130 0.155 0.199 0.185 0.011 0.007 0.016 
 198   (0.083) 0.257 0.083 0.019 0.081 0.067 0.055 0.051 0.011 
 190   (0.011) 0.001 0.011 0.045 0.003 0.001 0.001 0.000 0.001 

Locus 35 : 35 
6 alleles
0.0% missing data
 110   (0.177) 0.114 0.177 0.100 0.169 0.073 0.593 0.280 0.188 
 112   (0.343) 0.059 0.343 0.407 0.370 0.065 0.283 0.555 0.047 
 106   (0.280) 0.249 0.280 0.397 0.295 0.704 0.025 0.139 0.190 
  90   (0.042) 0.003 0.042 0.005 0.051 0.003 0.037 0.020 0.438 
 108   (0.149) 0.575 0.149 0.090 0.112 0.110 0.061 0.005 0.136 
  96   (0.009) 0.001 0.009 0.001 0.003 0.045 0.001 0.000 0.001 

Locus 36 : 36 
9 alleles
0.0% missing data
 166   (0.050) 0.003 0.050 0.098 0.029 0.003 0.355 0.232 0.007 
 176   (0.109) 0.101 0.109 0.013 0.095 0.019 0.090 0.170 0.016 
 172   (0.322) 0.160 0.322 0.377 0.367 0.578 0.468 0.405 0.045 
 170   (0.276) 0.346 0.276 0.224 0.275 0.324 0.045 0.181 0.585 
 174   (0.139) 0.048 0.139 0.201 0.122 0.070 0.034 0.005 0.019 
 178   (0.038) 0.002 0.038 0.035 0.045 0.003 0.003 0.006 0.005 
 168   (0.043) 0.316 0.043 0.012 0.058 0.003 0.003 0.001 0.320 
 186   (0.015) 0.024 0.015 0.039 0.005 0.001 0.001 0.000 0.002 
 158   (0.008) 0.001 0.008 0.001 0.003 0.000 0.001 0.000 0.001 

Locus 37 : 37 
6 alleles
0.0% missing data
  89   (0.540) 0.610 0.540 0.661 0.583 0.507 0.638 0.641 0.347 
  95   (0.059) 0.029 0.059 0.080 0.027 0.004 0.029 0.079 0.008 
  85   (0.163) 0.019 0.163 0.116 0.168 0.237 0.237 0.227 0.513 
  81   (0.062) 0.004 0.062 0.047 0.066 0.004 0.006 0.010 0.011 
  83   (0.155) 0.311 0.155 0.093 0.146 0.246 0.088 0.043 0.020 
  91   (0.021) 0.027 0.021 0.003 0.009 0.001 0.002 0.000 0.101 

Locus 38 : 38 
10 alleles
0.0% missing data
 161   (0.343) 0.691 0.343 0.269 0.342 0.374 0.512 0.535 0.414 
 165   (0.225) 0.120 0.225 0.250 0.178 0.106 0.043 0.200 0.150 
 159   (0.022) 0.001 0.022 0.004 0.013 0.001 0.041 0.027 0.003 
 173   (0.254) 0.177 0.254 0.297 0.280 0.508 0.149 0.130 0.194 
 169   (0.086) 0.006 0.086 0.134 0.128 0.005 0.249 0.098 0.231 
 167   (0.019) 0.001 0.019 0.002 0.024 0.002 0.002 0.010 0.002 
 168   (0.012) 0.001 0.012 0.001 0.005 0.001 0.001 0.000 0.001 
 155   (0.021) 0.001 0.021 0.003 0.024 0.001 0.001 0.000 0.002 
 177   (0.008) 0.001 0.008 0.001 0.003 0.000 0.001 0.000 0.001 
 175   (0.009) 0.001 0.009 0.039 0.003 0.001 0.001 0.000 0.001 

Locus 39 : 39 
6 alleles
0.8% missing data
  87   (0.114) 0.414 0.114 0.060 0.063 0.128 0.203 0.146 0.636 
  89   (0.401) 0.239 0.401 0.577 0.446 0.099 0.429 0.625 0.054 
  91   (0.168) 0.107 0.168 0.075 0.178 0.182 0.263 0.096 0.173 
  81   (0.115) 0.008 0.116 0.076 0.130 0.116 0.012 0.093 0.015 
  85   (0.192) 0.232 0.192 0.211 0.180 0.474 0.075 0.040 0.122 
  83   (0.009) 0.001 0.009 0.001 0.003 0.001 0.018 0.000 0.001 

Locus 40 : 40 
4 alleles
0.5% missing data
 167   (0.739) 0.417 0.739 0.787 0.772 0.860 0.856 0.924 0.643 
 161   (0.221) 0.461 0.221 0.156 0.196 0.137 0.141 0.075 0.352 
 165   (0.031) 0.121 0.031 0.056 0.030 0.002 0.002 0.001 0.004 
 177   (0.009) 0.001 0.009 0.001 0.003 0.001 0.001 0.000 0.001 

Locus 41 : 41 
6 alleles
0.5% missing data
 228   (0.431) 0.122 0.431 0.513 0.446 0.240 0.702 0.532 0.629 
 238   (0.332) 0.074 0.332 0.313 0.348 0.118 0.272 0.309 0.098 
 224   (0.029) 0.014 0.029 0.003 0.027 0.002 0.003 0.090 0.004 
 236   (0.102) 0.295 0.102 0.050 0.071 0.387 0.015 0.065 0.256 
 232   (0.013) 0.001 0.013 0.002 0.006 0.001 0.001 0.001 0.001 
 240   (0.094) 0.494 0.094 0.119 0.103 0.253 0.007 0.002 0.011 

Locus 42 : 42 
7 alleles
0.0% missing data
 128   (0.105) 0.007 0.105 0.213 0.125 0.036 0.008 0.156 0.014 
 130   (0.561) 0.732 0.561 0.422 0.580 0.773 0.847 0.569 0.078 
 114   (0.052) 0.003 0.052 0.005 0.052 0.003 0.055 0.101 0.424 
 132   (0.089) 0.006 0.089 0.189 0.086 0.052 0.008 0.168 0.012 
 118   (0.071) 0.074 0.071 0.096 0.044 0.129 0.006 0.003 0.236 
 134   (0.114) 0.178 0.114 0.074 0.110 0.007 0.075 0.004 0.235 
 136   (0.008) 0.001 0.008 0.001 0.003 0.000 0.001 0.000 0.001 

Locus 43 : 43 
6 alleles
0.8% missing data
 102   (0.247) 0.016 0.247 0.335 0.239 0.473 0.497 0.383 0.530 
 104   (0.413) 0.231 0.413 0.519 0.479 0.415 0.232 0.188 0.058 
  92   (0.138) 0.321 0.139 0.066 0.118 0.009 0.048 0.138 0.060 
  96   (0.070) 0.179 0.070 0.025 0.054 0.004 0.026 0.101 0.105 
  98   (0.123) 0.252 0.123 0.055 0.107 0.099 0.181 0.190 0.245 
 106   (0.009) 0.001 0.009 0.001 0.003 0.001 0.017 0.000 0.001 

Locus 44 : 44 
5 alleles
0.3% missing data
 101   (0.322) 0.349 0.322 0.269 0.314 0.188 0.582 0.382 0.043 
 103   (0.293) 0.106 0.293 0.442 0.250 0.350 0.216 0.223 0.251 
  99   (0.141) 0.190 0.141 0.080 0.214 0.009 0.068 0.068 0.415 
  95   (0.233) 0.350 0.232 0.208 0.218 0.452 0.133 0.327 0.101 
  97   (0.012) 0.005 0.012 0.002 0.004 0.001 0.001 0.000 0.191 

Locus 45 : 45 
7 alleles
0.3% missing data
 177   (0.058) 0.096 0.058 0.060 0.029 0.004 0.006 0.087 0.009 
 191   (0.281) 0.630 0.281 0.194 0.384 0.104 0.054 0.184 0.246 
 181   (0.573) 0.153 0.573 0.698 0.523 0.857 0.933 0.727 0.540 
 179   (0.052) 0.107 0.052 0.005 0.046 0.003 0.004 0.001 0.201 
 183   (0.013) 0.001 0.013 0.002 0.010 0.001 0.001 0.000 0.002 
 193   (0.015) 0.012 0.015 0.039 0.005 0.001 0.001 0.000 0.002 
 189   (0.009) 0.001 0.009 0.001 0.003 0.030 0.001 0.000 0.001 

Locus 46 : 46 
6 alleles
0.8% missing data
 205   (0.449) 0.312 0.449 0.533 0.523 0.408 0.758 0.487 0.278 
 211   (0.234) 0.383 0.234 0.122 0.274 0.271 0.147 0.235 0.319 
 207   (0.142) 0.074 0.142 0.209 0.085 0.201 0.058 0.149 0.019 
 201   (0.074) 0.044 0.074 0.064 0.043 0.005 0.028 0.074 0.371 
 215   (0.085) 0.176 0.085 0.070 0.061 0.114 0.008 0.054 0.012 
 202   (0.015) 0.011 0.015 0.002 0.015 0.001 0.001 0.000 0.002 

Locus 47 : 47 
9 alleles
1.0% missing data
 144   (0.079) 0.012 0.079 0.046 0.047 0.129 0.148 0.228 0.013 
 158   (0.155) 0.127 0.155 0.097 0.192 0.086 0.017 0.173 0.025 
 168   (0.162) 0.223 0.162 0.046 0.104 0.109 0.326 0.172 0.197 
 166   (0.132) 0.018 0.132 0.207 0.082 0.383 0.215 0.302 0.064 
 142   (0.332) 0.156 0.332 0.537 0.490 0.284 0.281 0.119 0.050 
 170   (0.016) 0.042 0.016 0.002 0.012 0.001 0.004 0.001 0.002 
 156   (0.031) 0.080 0.031 0.008 0.017 0.002 0.002 0.002 0.552 
 162   (0.037) 0.164 0.037 0.029 0.021 0.002 0.003 0.001 0.090 
 164   (0.055) 0.177 0.055 0.029 0.035 0.003 0.004 0.003 0.008 

Locus 48 : 48 
7 alleles
7.6% missing data
 149   (0.378) 0.753 0.378 0.375 0.366 0.337 0.277 0.210 0.329 
 151   (0.184) 0.101 0.184 0.157 0.207 0.012 0.056 0.292 0.069 
 153   (0.188) 0.044 0.188 0.349 0.250 0.027 0.477 0.280 0.024 
 147   (0.027) 0.004 0.027 0.004 0.013 0.002 0.003 0.036 0.054 
 145   (0.192) 0.043 0.192 0.112 0.153 0.620 0.185 0.179 0.521 
 152   (0.009) 0.001 0.009 0.001 0.003 0.001 0.001 0.003 0.002 
 143   (0.021) 0.055 0.021 0.002 0.009 0.001 0.002 0.001 0.002 

Values of parameters used in structure:
DATAFILE=temp2.str,	OUTFILE=k8/temp2_k8_run3,	NUMINDS=396,	NUMLOCI=48,	MISSING=-9,	LABEL=1,	POPDATA=1,	POPFLAG=0,	PHENOTYPE=0,	EXTRACOLS=0,	MAXPOPS=8,	BURNIN=500000,	NUMREPS=750000,	USEPOPINFO=0,	INFERALPHA=1,	INFERLAMBDA=0,	POPSPECIFICLAMBDA=0,	POPALPHAS=0,	COMPUTEPROB=1,	NOADMIX=0,	ADMBURNIN=500,	UPDATEFREQ=100,	PRINTLIKES=0,	INTERMEDSAVE=0,	PRINTKLD=0,	PRINTNET=1,	PRINTLAMBDA=1,	ANCESTDIST=0,	NUMBOXES=1000,	ANCESTPINT=0.90000,	GENSBACK=2,	MIGRPRIOR=0.01000,	PRINTQHAT=0,	PRINTQSUM=1,	ALPHA=1.0000,	FREQSCORR=1,	FPRIORMEAN=0.0100,	FPRIORSD=0.0500,	ONEFST=0,	LAMBDA=1.0000,	UNIFPRIORALPHA=1,	ALPHAMAX=10.0000,	ALPHAPRIORA=1.0000,	ALPHAPRIORB=2.0000,	ALPHAPROPSD=0.0250,	STARTATPOPINFO=0,	RANDOMIZE=0,	LINKAGE=0,	METROFREQ=10,	REPORTHITRATE=0,	MARKOVPHASE=0,	PHASED=1,	PLOIDY=2,	PHASEINFO=0	LOCPRIOR=0, 	LOCPRIORINIT=1.000000, 	LOCDATA=0, 	LOCISPOP=1, 	LOCPRIORSTEP=0.100000, 	MAXLOCPRIOR=20.000000, 	SEED=730803,	
[STRAT parameters]:    NUMSIMSTATS=1000,	PHENOTYPECOL=-9,	POOLFREQ=10,	LOCUSxONLY=0,	EMERROR=0.00100,	MISSINGPHENO=-9,	