

----------------------------------------------------
STRUCTURE by Pritchard, Stephens and Donnelly (2000)
     and Falush, Stephens and Pritchard (2003)
       Code by Pritchard, Falush and Hubisz
             Version 2.3.4 (Jul 2012)
----------------------------------------------------



Command line arguments:   structure -D 627263 -K 6 -m mainparams -o k6/temp2_k6_run10 
Input File:    temp2.str

Run parameters:
   396 individuals
   48 loci
   6 populations assumed
   500000 Burn-in period
   750000 Reps
RANDOMIZE turned off


--------------------------------------------
Proportion of membership of each pre-defined
 population in each of the 6 clusters

Given    Inferred Clusters                            Number of
 Pop       1      2      3      4      5      6      Individuals

  1:     0.010  0.003  0.965  0.008  0.003  0.010       63
  2:     0.017  0.006  0.956  0.009  0.002  0.010       20
  3:     0.005  0.006  0.003  0.004  0.977  0.004       35
  4:     0.018  0.003  0.957  0.006  0.003  0.012       19
  5:     0.010  0.005  0.970  0.004  0.004  0.007       31
  6:     0.006  0.003  0.977  0.004  0.003  0.007       20
  7:     0.079  0.016  0.763  0.011  0.109  0.022        8
  8:     0.011  0.006  0.958  0.004  0.002  0.019       17
  9:     0.004  0.003  0.004  0.981  0.003  0.004       29
 10:     0.004  0.961  0.003  0.003  0.026  0.003        8
 11:     0.788  0.006  0.020  0.024  0.009  0.153       21
 12:     0.557  0.008  0.018  0.012  0.014  0.391       30
 13:     0.132  0.004  0.035  0.013  0.003  0.813       25
 14:     0.151  0.005  0.040  0.008  0.007  0.789       32
 15:     0.786  0.014  0.038  0.025  0.018  0.119       34
 16:     0.923  0.002  0.043  0.006  0.006  0.019        4
--------------------------------------------

Allele-freq. divergence among pops (Net nucleotide distance),
computed using point estimates of P.

      1       2       3       4       5       6      
 1      -    0.0939  0.0263  0.0516  0.0707  0.0139  
 2   0.0939     -    0.1293  0.1285  0.1076  0.1173  
 3   0.0263  0.1293     -    0.0729  0.1274  0.0341  
 4   0.0516  0.1285  0.0729     -    0.1125  0.0663  
 5   0.0707  0.1076  0.1274  0.1125     -    0.1064  
 6   0.0139  0.1173  0.0341  0.0663  0.1064     -    

Average distances (expected heterozygosity) between individuals in same cluster:
cluster  1  : 0.6523 
cluster  2  : 0.5383 
cluster  3  : 0.5572 
cluster  4  : 0.5518 
cluster  5  : 0.6396 
cluster  6  : 0.5875 

--------------------------------------------
Estimated Ln Prob of Data   = -42770.8
Mean value of ln likelihood = -42331.6
Variance of ln likelihood   = 878.4
Mean value of alpha         = 0.0301

Mean value of Fst_1         = 0.0076
Mean value of Fst_2         = 0.2948
Mean value of Fst_3         = 0.1288
Mean value of Fst_4         = 0.2048
Mean value of Fst_5         = 0.1641
Mean value of Fst_6         = 0.0682


Inferred ancestry of individuals:
        Label (%Miss) Pop:  Inferred clusters
  1     2055    (0)    1 :  0.004 0.002 0.982 0.002 0.002 0.007 
  2     2056    (0)    1 :  0.005 0.005 0.976 0.006 0.003 0.005 
  3     2057    (0)    1 :  0.009 0.003 0.975 0.002 0.003 0.007 
  4     2058    (0)    1 :  0.002 0.001 0.988 0.005 0.001 0.002 
  5     2059    (0)    1 :  0.004 0.002 0.987 0.003 0.002 0.003 
  6     2060    (0)    1 :  0.004 0.004 0.987 0.002 0.001 0.003 
  7     2061    (0)    1 :  0.011 0.017 0.954 0.005 0.006 0.006 
  8     2062    (0)    1 :  0.007 0.002 0.971 0.004 0.003 0.012 
  9     2063    (0)    1 :  0.003 0.002 0.988 0.002 0.001 0.004 
 10     2064    (0)    1 :  0.003 0.003 0.988 0.002 0.001 0.003 
 11     2065    (0)    1 :  0.002 0.001 0.993 0.002 0.001 0.002 
 12     2066    (0)    1 :  0.003 0.001 0.989 0.002 0.002 0.004 
 13     2067    (0)    1 :  0.006 0.003 0.978 0.006 0.003 0.005 
 14     2068    (0)    1 :  0.052 0.009 0.886 0.039 0.003 0.012 
 15     2069    (0)    1 :  0.003 0.001 0.991 0.002 0.001 0.002 
 16     2070    (0)    1 :  0.193 0.001 0.684 0.002 0.001 0.118 
 17     2071    (0)    1 :  0.007 0.008 0.969 0.010 0.002 0.005 
 18     2072    (0)    1 :  0.004 0.007 0.981 0.003 0.002 0.002 
 19     2073    (0)    1 :  0.023 0.010 0.906 0.009 0.041 0.013 
 20     2074    (0)    1 :  0.003 0.002 0.988 0.002 0.002 0.002 
 21     2075    (0)    1 :  0.006 0.003 0.964 0.019 0.003 0.005 
 22     2076    (0)    1 :  0.002 0.001 0.992 0.002 0.001 0.002 
 23     2077    (0)    1 :  0.011 0.006 0.951 0.009 0.007 0.016 
 24     2078    (0)    1 :  0.003 0.003 0.984 0.003 0.001 0.006 
 25     2079    (0)    1 :  0.011 0.001 0.916 0.053 0.002 0.017 
 26     2080    (0)    1 :  0.030 0.003 0.901 0.040 0.022 0.005 
 27     2081    (0)    1 :  0.004 0.002 0.986 0.003 0.001 0.004 
 28     2082    (0)    1 :  0.009 0.002 0.978 0.005 0.002 0.005 
 29     2083    (0)    1 :  0.006 0.002 0.985 0.001 0.002 0.004 
 30     2084    (0)    1 :  0.007 0.002 0.974 0.007 0.002 0.008 
 31     2085    (0)    1 :  0.006 0.001 0.977 0.003 0.003 0.011 
 32     2086    (0)    1 :  0.012 0.003 0.971 0.003 0.002 0.008 
 33     2087    (0)    1 :  0.005 0.005 0.936 0.048 0.002 0.005 
 34     2088    (0)    1 :  0.016 0.003 0.917 0.014 0.002 0.049 
 35     2089    (0)    1 :  0.002 0.001 0.992 0.002 0.001 0.002 
 36     2090    (0)    1 :  0.005 0.004 0.956 0.028 0.003 0.004 
 37     2091    (0)    1 :  0.004 0.001 0.987 0.003 0.001 0.005 
 38     2092    (0)    1 :  0.003 0.001 0.974 0.017 0.001 0.004 
 39     2093    (0)    1 :  0.002 0.001 0.991 0.002 0.001 0.003 
 40     2094    (0)    1 :  0.002 0.001 0.991 0.001 0.001 0.003 
 41     2095    (0)    1 :  0.006 0.005 0.935 0.048 0.001 0.005 
 42     2096    (0)    1 :  0.002 0.001 0.991 0.002 0.001 0.003 
 43     2097    (0)    1 :  0.003 0.001 0.990 0.001 0.001 0.003 
 44     2098    (0)    1 :  0.019 0.003 0.945 0.011 0.005 0.017 
 45     2099    (0)    1 :  0.015 0.005 0.961 0.003 0.001 0.015 
 46     2100    (0)    1 :  0.016 0.002 0.968 0.003 0.003 0.008 
 47     2101    (0)    1 :  0.004 0.002 0.981 0.005 0.002 0.006 
 48     2102    (2)    1 :  0.003 0.001 0.989 0.002 0.001 0.004 
 49     2103    (0)    1 :  0.004 0.002 0.982 0.004 0.001 0.008 
 50     2104    (0)    1 :  0.007 0.001 0.933 0.002 0.001 0.055 
 51     2105    (0)    1 :  0.005 0.005 0.964 0.003 0.001 0.021 
 52     2106    (0)    1 :  0.009 0.002 0.980 0.002 0.001 0.006 
 53     2107    (0)    1 :  0.005 0.002 0.976 0.003 0.001 0.012 
 54     2108    (0)    1 :  0.010 0.004 0.972 0.005 0.002 0.007 
 55     2109    (0)    1 :  0.006 0.004 0.978 0.002 0.002 0.008 
 56     2110    (0)    1 :  0.007 0.004 0.960 0.005 0.001 0.023 
 57     2111    (0)    1 :  0.004 0.001 0.978 0.004 0.001 0.013 
 58     2112    (0)    1 :  0.003 0.003 0.987 0.003 0.001 0.003 
 59     2583    (2)    1 :  0.003 0.004 0.980 0.006 0.003 0.003 
 60     2584    (4)    1 :  0.014 0.004 0.970 0.004 0.004 0.003 
 61     2587    (2)    1 :  0.004 0.001 0.979 0.003 0.001 0.012 
 62     2590    (2)    1 :  0.004 0.009 0.979 0.002 0.003 0.003 
 63     2591    (6)    1 :  0.008 0.001 0.962 0.012 0.002 0.014 
 64      282    (0)   10 :  0.008 0.950 0.004 0.002 0.033 0.004 
 65      284    (0)   10 :  0.003 0.978 0.003 0.011 0.002 0.003 
 66      287    (0)   10 :  0.006 0.983 0.002 0.003 0.002 0.004 
 67      295    (0)   10 :  0.001 0.994 0.001 0.001 0.002 0.001 
 68      302    (0)   10 :  0.001 0.993 0.001 0.001 0.002 0.001 
 69      306    (2)   10 :  0.009 0.831 0.007 0.005 0.140 0.007 
 70      308    (0)   10 :  0.002 0.993 0.002 0.001 0.001 0.001 
 71      867    (0)   10 :  0.002 0.968 0.002 0.001 0.026 0.002 
 72      315    (0)   11 :  0.698 0.010 0.016 0.063 0.003 0.210 
 73      565    (0)   11 :  0.952 0.003 0.010 0.026 0.004 0.006 
 74      566    (2)   11 :  0.108 0.004 0.014 0.018 0.007 0.849 
 75      567    (2)   11 :  0.961 0.002 0.024 0.003 0.003 0.007 
 76      877    (0)   11 :  0.969 0.002 0.013 0.003 0.003 0.011 
 77      878    (0)   11 :  0.963 0.009 0.005 0.006 0.010 0.006 
 78      879    (0)   11 :  0.944 0.005 0.008 0.004 0.018 0.021 
 79      880    (0)   11 :  0.971 0.002 0.007 0.005 0.007 0.009 
 80      881    (0)   11 :  0.941 0.006 0.006 0.011 0.016 0.020 
 81      882    (0)   11 :  0.935 0.018 0.006 0.008 0.026 0.006 
 82      883    (0)   11 :  0.944 0.005 0.010 0.004 0.012 0.025 
 83      884    (0)   11 :  0.294 0.001 0.032 0.002 0.002 0.668 
 84      885    (0)   11 :  0.762 0.008 0.010 0.004 0.008 0.208 
 85      886    (0)   11 :  0.806 0.010 0.009 0.141 0.006 0.028 
 86      887    (0)   11 :  0.027 0.009 0.022 0.004 0.041 0.896 
 87      888    (0)   11 :  0.816 0.005 0.161 0.008 0.002 0.008 
 88      889    (0)   11 :  0.859 0.008 0.008 0.005 0.012 0.109 
 89      890    (0)   11 :  0.956 0.004 0.006 0.015 0.005 0.015 
 90      891    (0)   11 :  0.970 0.002 0.013 0.006 0.004 0.006 
 91      892    (0)   11 :  0.963 0.006 0.011 0.004 0.002 0.014 
 92      893    (0)   11 :  0.704 0.002 0.041 0.155 0.005 0.093 
 93      341    (0)   12 :  0.954 0.004 0.005 0.008 0.024 0.006 
 94      343    (0)   12 :  0.897 0.004 0.008 0.009 0.023 0.059 
 95      914    (0)   12 :  0.005 0.002 0.011 0.004 0.001 0.977 
 96      916    (0)   12 :  0.886 0.003 0.075 0.003 0.019 0.015 
 97      924    (0)   12 :  0.087 0.002 0.004 0.019 0.015 0.873 
 98      938    (0)   12 :  0.714 0.005 0.029 0.002 0.005 0.245 
 99      939    (0)   12 :  0.006 0.001 0.008 0.007 0.001 0.976 
100      940    (0)   12 :  0.061 0.005 0.004 0.003 0.012 0.915 
101      941    (2)   12 :  0.057 0.007 0.005 0.025 0.032 0.874 
102      942    (0)   12 :  0.930 0.004 0.008 0.016 0.008 0.035 
103      943    (0)   12 :  0.766 0.002 0.036 0.003 0.003 0.190 
104      944    (0)   12 :  0.014 0.004 0.033 0.004 0.002 0.943 
105      945    (0)   12 :  0.006 0.002 0.003 0.002 0.001 0.986 
106      946    (0)   12 :  0.541 0.096 0.010 0.003 0.009 0.340 
107      947    (0)   12 :  0.893 0.002 0.006 0.041 0.004 0.054 
108      951    (0)   12 :  0.938 0.003 0.004 0.009 0.023 0.023 
109      952    (0)   12 :  0.746 0.016 0.007 0.088 0.001 0.142 
110      953    (0)   12 :  0.117 0.004 0.033 0.015 0.015 0.816 
111      954    (0)   12 :  0.132 0.011 0.008 0.008 0.014 0.826 
112      955    (0)   12 :  0.877 0.008 0.004 0.015 0.009 0.087 
113      961    (4)   12 :  0.947 0.002 0.023 0.004 0.004 0.020 
114      974    (0)   12 :  0.798 0.011 0.006 0.028 0.002 0.155 
115      975    (4)   12 :  0.810 0.002 0.033 0.002 0.010 0.142 
116      980    (0)   12 :  0.525 0.002 0.012 0.018 0.008 0.434 
117      981    (0)   12 :  0.952 0.003 0.014 0.003 0.016 0.012 
118      982    (0)   12 :  0.061 0.002 0.045 0.002 0.002 0.887 
119      984    (0)   12 :  0.908 0.011 0.033 0.004 0.009 0.035 
120      985    (0)   12 :  0.963 0.003 0.008 0.008 0.004 0.015 
121     2578    (4)   12 :  0.181 0.006 0.010 0.002 0.152 0.649 
122     2580    (2)   12 :  0.932 0.007 0.046 0.003 0.004 0.009 
123      328    (0)   13 :  0.311 0.018 0.532 0.015 0.009 0.115 
124      333    (0)   13 :  0.006 0.001 0.004 0.004 0.002 0.983 
125      918    (0)   13 :  0.009 0.006 0.006 0.063 0.003 0.913 
126      919    (0)   13 :  0.005 0.002 0.007 0.003 0.002 0.981 
127      920    (0)   13 :  0.007 0.003 0.005 0.002 0.001 0.981 
128      921    (0)   13 :  0.940 0.002 0.026 0.003 0.003 0.027 
129      922    (0)   13 :  0.005 0.001 0.019 0.003 0.002 0.970 
130      926    (0)   13 :  0.003 0.001 0.003 0.002 0.001 0.990 
131      927    (0)   13 :  0.003 0.001 0.004 0.003 0.002 0.986 
132      928    (0)   13 :  0.010 0.002 0.028 0.004 0.002 0.955 
133      929    (0)   13 :  0.014 0.005 0.025 0.002 0.002 0.951 
134      930    (0)   13 :  0.053 0.008 0.016 0.004 0.002 0.917 
135      932    (0)   13 :  0.616 0.001 0.018 0.004 0.006 0.355 
136      933    (0)   13 :  0.013 0.006 0.008 0.152 0.002 0.819 
137      949    (0)   13 :  0.879 0.002 0.010 0.004 0.003 0.100 
138      950    (0)   13 :  0.101 0.004 0.005 0.016 0.003 0.872 
139      964    (4)   13 :  0.009 0.008 0.006 0.002 0.005 0.970 
140      986    (0)   13 :  0.010 0.002 0.011 0.004 0.003 0.969 
141      987    (0)   13 :  0.044 0.002 0.049 0.007 0.006 0.892 
142     1001    (4)   13 :  0.004 0.003 0.008 0.002 0.002 0.982 
143     1002    (4)   13 :  0.006 0.005 0.007 0.010 0.006 0.967 
144     1003    (2)   13 :  0.236 0.009 0.058 0.003 0.003 0.692 
145     1004    (0)   13 :  0.005 0.003 0.003 0.005 0.003 0.982 
146     1005    (0)   13 :  0.006 0.002 0.010 0.004 0.001 0.977 
147     1010    (0)   13 :  0.003 0.001 0.005 0.004 0.001 0.986 
148      321    (0)   14 :  0.014 0.003 0.014 0.004 0.002 0.963 
149      338    (0)   14 :  0.004 0.002 0.004 0.002 0.002 0.987 
150      339    (0)   14 :  0.012 0.003 0.032 0.005 0.019 0.929 
151      363    (0)   14 :  0.912 0.008 0.005 0.005 0.006 0.064 
152      915    (0)   14 :  0.005 0.003 0.010 0.002 0.001 0.979 
153      917    (0)   14 :  0.029 0.001 0.005 0.003 0.002 0.960 
154      923    (0)   14 :  0.508 0.009 0.017 0.012 0.005 0.448 
155      925    (0)   14 :  0.004 0.002 0.006 0.005 0.001 0.981 
156      931    (0)   14 :  0.319 0.002 0.006 0.009 0.003 0.661 
157      935    (0)   14 :  0.009 0.003 0.006 0.004 0.003 0.976 
158      936    (0)   14 :  0.007 0.003 0.003 0.006 0.005 0.977 
159      937    (0)   14 :  0.005 0.001 0.003 0.001 0.002 0.987 
160      948    (0)   14 :  0.195 0.004 0.010 0.015 0.015 0.762 
161      956    (0)   14 :  0.006 0.001 0.007 0.002 0.003 0.981 
162      957    (0)   14 :  0.009 0.003 0.003 0.002 0.003 0.980 
163      967    (0)   14 :  0.008 0.003 0.003 0.003 0.001 0.982 
164      968    (2)   14 :  0.151 0.002 0.014 0.008 0.006 0.818 
165      969    (2)   14 :  0.018 0.002 0.007 0.011 0.005 0.956 
166      970    (2)   14 :  0.318 0.043 0.006 0.007 0.012 0.615 
167      971    (4)   14 :  0.005 0.002 0.009 0.003 0.001 0.980 
168      972    (0)   14 :  0.009 0.011 0.004 0.005 0.003 0.968 
169      973    (0)   14 :  0.912 0.003 0.008 0.014 0.016 0.047 
170      978    (0)   14 :  0.006 0.002 0.007 0.028 0.005 0.952 
171      979    (0)   14 :  0.095 0.003 0.641 0.002 0.086 0.172 
172      988    (6)   14 :  0.909 0.002 0.020 0.003 0.005 0.062 
173      989    (0)   14 :  0.036 0.004 0.019 0.004 0.003 0.934 
174      990    (0)   14 :  0.218 0.011 0.012 0.026 0.005 0.728 
175      991    (0)   14 :  0.004 0.001 0.002 0.004 0.002 0.986 
176      992    (0)   14 :  0.010 0.012 0.008 0.003 0.003 0.964 
177     1006    (2)   14 :  0.005 0.002 0.016 0.015 0.001 0.961 
178     1017    (0)   14 :  0.063 0.003 0.332 0.014 0.004 0.584 
179     2582    (4)   14 :  0.014 0.010 0.053 0.025 0.003 0.895 
180      319    (2)   15 :  0.971 0.002 0.009 0.004 0.003 0.010 
181      335    (0)   15 :  0.944 0.009 0.009 0.012 0.006 0.020 
182      895    (0)   15 :  0.908 0.007 0.004 0.004 0.066 0.011 
183      896    (0)   15 :  0.956 0.005 0.019 0.003 0.004 0.013 
184      897    (0)   15 :  0.975 0.002 0.005 0.006 0.003 0.009 
185      898    (0)   15 :  0.491 0.002 0.007 0.007 0.008 0.484 
186      899    (0)   15 :  0.491 0.005 0.361 0.007 0.022 0.114 
187      900    (0)   15 :  0.836 0.014 0.018 0.051 0.006 0.076 
188      901    (0)   15 :  0.615 0.003 0.264 0.030 0.067 0.021 
189      902    (0)   15 :  0.874 0.007 0.027 0.003 0.042 0.046 
190      903    (0)   15 :  0.956 0.025 0.005 0.002 0.005 0.007 
191      904    (0)   15 :  0.973 0.005 0.013 0.002 0.002 0.006 
192      905    (0)   15 :  0.782 0.013 0.115 0.003 0.080 0.006 
193      906    (0)   15 :  0.951 0.004 0.004 0.005 0.026 0.009 
194      907    (0)   15 :  0.889 0.013 0.012 0.007 0.041 0.038 
195      908    (0)   15 :  0.942 0.002 0.028 0.007 0.002 0.019 
196      909    (0)   15 :  0.011 0.004 0.012 0.291 0.005 0.677 
197      910    (0)   15 :  0.843 0.002 0.008 0.031 0.075 0.040 
198      911    (0)   15 :  0.874 0.006 0.029 0.041 0.006 0.044 
199      912    (0)   15 :  0.894 0.006 0.008 0.003 0.005 0.084 
200      913    (0)   15 :  0.115 0.142 0.047 0.046 0.006 0.644 
201     2411    (0)   15 :  0.970 0.004 0.009 0.004 0.005 0.009 
202     2412    (0)   15 :  0.029 0.020 0.009 0.006 0.003 0.933 
203     2413    (0)   15 :  0.925 0.007 0.016 0.020 0.027 0.006 
204     2414    (0)   15 :  0.944 0.004 0.009 0.002 0.004 0.036 
205     2415    (2)   15 :  0.850 0.003 0.027 0.016 0.003 0.101 
206     2417    (4)   15 :  0.570 0.005 0.144 0.008 0.026 0.246 
207     2418    (4)   15 :  0.966 0.003 0.007 0.007 0.011 0.006 
208     2419    (2)   15 :  0.894 0.002 0.006 0.005 0.003 0.091 
209     2420    (0)   15 :  0.911 0.061 0.003 0.006 0.006 0.013 
210     2421    (0)   15 :  0.801 0.005 0.007 0.008 0.006 0.173 
211     2422    (2)   15 :  0.791 0.004 0.006 0.186 0.007 0.007 
212     2423    (0)   15 :  0.934 0.006 0.032 0.008 0.007 0.014 
213     2576    (0)   15 :  0.860 0.075 0.016 0.010 0.009 0.028 
214     1079    (0)   16 :  0.948 0.002 0.021 0.003 0.005 0.021 
215     1081    (0)   16 :  0.915 0.002 0.056 0.008 0.002 0.017 
216     1082    (2)   16 :  0.962 0.003 0.008 0.008 0.014 0.006 
217     1083    (0)   16 :  0.869 0.003 0.087 0.007 0.003 0.031 
218       34    (0)    2 :  0.006 0.002 0.982 0.002 0.004 0.004 
219       38    (0)    2 :  0.026 0.006 0.906 0.036 0.006 0.019 
220       41    (0)    2 :  0.003 0.001 0.989 0.002 0.001 0.003 
221       44    (0)    2 :  0.005 0.001 0.986 0.003 0.001 0.004 
222       45    (0)    2 :  0.002 0.002 0.989 0.002 0.001 0.004 
223       47    (0)    2 :  0.209 0.017 0.664 0.048 0.002 0.060 
224       50    (0)    2 :  0.024 0.010 0.952 0.003 0.006 0.004 
225      384    (0)    2 :  0.005 0.003 0.973 0.003 0.002 0.014 
226      385    (2)    2 :  0.010 0.008 0.966 0.006 0.003 0.008 
227      386    (0)    2 :  0.002 0.001 0.991 0.003 0.001 0.002 
228      387    (0)    2 :  0.004 0.002 0.982 0.006 0.001 0.006 
229      388    (0)    2 :  0.002 0.001 0.986 0.006 0.001 0.004 
230      389    (0)    2 :  0.003 0.002 0.984 0.004 0.001 0.007 
231      390    (4)    2 :  0.012 0.034 0.916 0.020 0.004 0.015 
232      391    (0)    2 :  0.005 0.002 0.970 0.006 0.001 0.015 
233      392    (0)    2 :  0.003 0.001 0.985 0.002 0.001 0.007 
234      393    (2)    2 :  0.003 0.002 0.977 0.011 0.001 0.006 
235      394    (0)    2 :  0.002 0.001 0.990 0.002 0.001 0.003 
236      395    (0)    2 :  0.015 0.011 0.951 0.009 0.006 0.007 
237      396    (0)    2 :  0.004 0.008 0.972 0.010 0.002 0.004 
238     2470    (4)    3 :  0.002 0.002 0.001 0.002 0.990 0.002 
239     2471    (0)    3 :  0.004 0.006 0.003 0.003 0.982 0.003 
240     2472    (0)    3 :  0.003 0.010 0.002 0.003 0.977 0.005 
241     2484    (0)    3 :  0.006 0.007 0.002 0.029 0.953 0.003 
242     2486    (2)    3 :  0.002 0.004 0.002 0.002 0.988 0.002 
243     2487    (2)    3 :  0.004 0.004 0.003 0.007 0.978 0.004 
244     2489    (0)    3 :  0.006 0.002 0.004 0.002 0.982 0.004 
245     2596    (2)    3 :  0.008 0.003 0.002 0.014 0.965 0.008 
246     1366    (0)    3 :  0.003 0.003 0.003 0.001 0.988 0.002 
247     1367    (0)    3 :  0.003 0.002 0.003 0.002 0.988 0.002 
248     1368    (0)    3 :  0.025 0.007 0.007 0.015 0.941 0.005 
249     1369    (0)    3 :  0.005 0.028 0.004 0.004 0.954 0.005 
250     1370    (0)    3 :  0.004 0.006 0.002 0.002 0.984 0.003 
251     1371    (0)    3 :  0.003 0.002 0.002 0.003 0.988 0.002 
252     1372    (0)    3 :  0.005 0.004 0.003 0.002 0.983 0.002 
253     1373    (0)    3 :  0.005 0.012 0.004 0.002 0.974 0.003 
254     1374    (0)    3 :  0.003 0.003 0.001 0.004 0.987 0.002 
255     1375    (0)    3 :  0.002 0.005 0.001 0.003 0.988 0.001 
256     2476    (0)    3 :  0.005 0.059 0.006 0.004 0.924 0.002 
257     2478    (2)    3 :  0.004 0.004 0.002 0.002 0.985 0.003 
258     2479    (4)    3 :  0.003 0.003 0.002 0.002 0.989 0.002 
259     2481    (0)    3 :  0.006 0.003 0.004 0.002 0.977 0.006 
260     2483    (4)    3 :  0.003 0.004 0.002 0.002 0.987 0.002 
261     2485    (0)    3 :  0.002 0.002 0.001 0.002 0.990 0.002 
262     2488    (0)    3 :  0.002 0.003 0.001 0.002 0.989 0.003 
263     2490    (0)    3 :  0.003 0.002 0.002 0.003 0.988 0.002 
264     2492    (2)    3 :  0.002 0.004 0.002 0.003 0.988 0.002 
265     2493    (0)    3 :  0.008 0.001 0.009 0.007 0.959 0.016 
266     2494    (2)    3 :  0.006 0.003 0.005 0.001 0.981 0.004 
267     2495    (0)    3 :  0.028 0.004 0.020 0.010 0.919 0.020 
268     2496    (0)    3 :  0.002 0.001 0.001 0.002 0.991 0.002 
269     2497    (2)    3 :  0.003 0.006 0.002 0.002 0.986 0.002 
270     2592    (2)    3 :  0.002 0.002 0.003 0.002 0.989 0.001 
271     2593    (4)    3 :  0.002 0.002 0.002 0.002 0.990 0.002 
272     2595    (2)    3 :  0.003 0.002 0.002 0.003 0.988 0.002 
273     2498    (2)    4 :  0.006 0.004 0.974 0.006 0.004 0.006 
274     2513    (2)    4 :  0.004 0.001 0.979 0.009 0.002 0.005 
275     2514    (2)    4 :  0.029 0.002 0.938 0.004 0.008 0.019 
276     2597    (4)    4 :  0.008 0.007 0.968 0.003 0.002 0.013 
277     2499    (4)    4 :  0.023 0.004 0.952 0.010 0.002 0.010 
278     2500    (0)    4 :  0.006 0.004 0.974 0.006 0.007 0.003 
279     2506    (2)    4 :  0.004 0.003 0.983 0.003 0.003 0.003 
280     2509    (6)    4 :  0.046 0.008 0.898 0.030 0.004 0.013 
281     2511    (2)    4 :  0.004 0.001 0.986 0.004 0.002 0.003 
282     2512    (2)    4 :  0.004 0.005 0.984 0.002 0.002 0.004 
283     2515    (2)    4 :  0.003 0.002 0.990 0.002 0.001 0.002 
284     2516    (2)    4 :  0.012 0.001 0.973 0.002 0.001 0.012 
285     2517    (2)    4 :  0.005 0.002 0.974 0.002 0.003 0.014 
286     2518    (2)    4 :  0.009 0.003 0.957 0.008 0.003 0.021 
287     2519    (0)    4 :  0.099 0.002 0.808 0.021 0.005 0.065 
288     2520    (2)    4 :  0.002 0.001 0.990 0.001 0.002 0.002 
289     2521    (2)    4 :  0.050 0.002 0.924 0.002 0.002 0.019 
290     2603    (4)    4 :  0.026 0.003 0.961 0.003 0.003 0.004 
291     2606    (2)    4 :  0.007 0.004 0.978 0.002 0.002 0.007 
292       87    (0)    5 :  0.021 0.006 0.940 0.012 0.005 0.016 
293       88    (0)    5 :  0.003 0.002 0.989 0.003 0.001 0.002 
294       90    (0)    5 :  0.002 0.001 0.992 0.001 0.001 0.002 
295       92    (0)    5 :  0.009 0.002 0.973 0.003 0.003 0.010 
296       96    (0)    5 :  0.007 0.002 0.967 0.015 0.002 0.007 
297       97    (0)    5 :  0.004 0.001 0.986 0.002 0.002 0.004 
298      105    (0)    5 :  0.006 0.003 0.981 0.005 0.002 0.004 
299      120    (0)    5 :  0.018 0.031 0.928 0.004 0.012 0.007 
300      123    (0)    5 :  0.002 0.001 0.989 0.002 0.001 0.004 
301      128    (0)    5 :  0.004 0.002 0.987 0.003 0.001 0.002 
302      129    (0)    5 :  0.006 0.002 0.968 0.004 0.002 0.017 
303      132    (0)    5 :  0.012 0.003 0.978 0.002 0.002 0.003 
304      504    (0)    5 :  0.004 0.001 0.982 0.003 0.001 0.008 
305      505    (0)    5 :  0.005 0.001 0.985 0.003 0.002 0.004 
306      506    (0)    5 :  0.008 0.002 0.963 0.002 0.020 0.004 
307      507    (0)    5 :  0.006 0.003 0.972 0.003 0.002 0.014 
308      508    (0)    5 :  0.032 0.033 0.914 0.003 0.005 0.013 
309      509    (0)    5 :  0.017 0.003 0.964 0.002 0.007 0.007 
310      510    (0)    5 :  0.023 0.004 0.951 0.005 0.003 0.014 
311      511    (0)    5 :  0.006 0.002 0.965 0.020 0.003 0.005 
312      512    (0)    5 :  0.003 0.002 0.985 0.004 0.002 0.005 
313      513    (0)    5 :  0.003 0.003 0.988 0.002 0.002 0.003 
314      514    (0)    5 :  0.007 0.002 0.976 0.009 0.002 0.004 
315      515    (0)    5 :  0.028 0.015 0.926 0.004 0.015 0.013 
316      558    (0)    5 :  0.005 0.004 0.977 0.002 0.001 0.011 
317      559    (0)    5 :  0.002 0.002 0.991 0.001 0.002 0.002 
318      560    (0)    5 :  0.003 0.006 0.983 0.005 0.001 0.003 
319      561    (0)    5 :  0.004 0.002 0.986 0.003 0.002 0.002 
320      562    (0)    5 :  0.010 0.002 0.976 0.002 0.003 0.006 
321      563    (0)    5 :  0.034 0.009 0.919 0.007 0.027 0.005 
322      564    (0)    5 :  0.005 0.007 0.976 0.002 0.003 0.007 
323      136    (0)    6 :  0.006 0.001 0.979 0.004 0.006 0.003 
324      138    (0)    6 :  0.004 0.003 0.983 0.004 0.001 0.005 
325      140    (0)    6 :  0.005 0.002 0.974 0.007 0.001 0.009 
326      141    (0)    6 :  0.019 0.005 0.961 0.004 0.002 0.008 
327      144    (0)    6 :  0.005 0.002 0.973 0.015 0.003 0.003 
328      146    (0)    6 :  0.003 0.003 0.987 0.004 0.001 0.002 
329      148    (0)    6 :  0.005 0.002 0.987 0.001 0.001 0.003 
330      150    (0)    6 :  0.004 0.006 0.982 0.002 0.002 0.006 
331      152    (0)    6 :  0.003 0.001 0.990 0.002 0.001 0.003 
332      666    (0)    6 :  0.004 0.002 0.985 0.002 0.002 0.006 
333      667    (0)    6 :  0.014 0.001 0.975 0.002 0.002 0.006 
334      668    (0)    6 :  0.005 0.009 0.969 0.002 0.002 0.012 
335      669    (0)    6 :  0.003 0.003 0.985 0.002 0.003 0.005 
336      670    (0)    6 :  0.010 0.011 0.934 0.002 0.002 0.041 
337      684    (0)    6 :  0.002 0.002 0.989 0.002 0.001 0.004 
338      685    (0)    6 :  0.005 0.006 0.976 0.004 0.008 0.002 
339      686    (0)    6 :  0.003 0.002 0.986 0.003 0.001 0.005 
340      687    (0)    6 :  0.004 0.001 0.985 0.005 0.001 0.004 
341      688    (2)    6 :  0.003 0.002 0.988 0.003 0.001 0.004 
342      689    (0)    6 :  0.007 0.004 0.949 0.006 0.026 0.008 
343      165    (0)    7 :  0.010 0.002 0.967 0.003 0.004 0.013 
344      167    (0)    7 :  0.040 0.068 0.860 0.003 0.002 0.027 
345      170    (0)    7 :  0.005 0.003 0.969 0.009 0.003 0.011 
346      714    (0)    7 :  0.005 0.003 0.982 0.001 0.003 0.006 
347      715    (2)    7 :  0.104 0.027 0.776 0.004 0.054 0.036 
348      716    (0)    7 :  0.006 0.002 0.976 0.003 0.003 0.009 
349      717    (2)    7 :  0.373 0.015 0.569 0.008 0.011 0.024 
350     2346    (2)    7 :  0.084 0.004 0.009 0.053 0.796 0.054 
351      718    (0)    8 :  0.006 0.011 0.971 0.004 0.002 0.007 
352      719    (0)    8 :  0.016 0.005 0.948 0.009 0.003 0.019 
353      720    (0)    8 :  0.005 0.001 0.985 0.001 0.001 0.005 
354      721    (0)    8 :  0.013 0.016 0.934 0.013 0.007 0.016 
355      722    (0)    8 :  0.004 0.003 0.982 0.002 0.001 0.008 
356      723    (0)    8 :  0.004 0.001 0.982 0.003 0.001 0.009 
357      724    (0)    8 :  0.003 0.004 0.983 0.002 0.001 0.006 
358      725    (0)    8 :  0.003 0.003 0.984 0.004 0.002 0.004 
359      726    (0)    8 :  0.031 0.003 0.948 0.003 0.008 0.008 
360      727    (0)    8 :  0.002 0.002 0.989 0.002 0.001 0.003 
361      728    (2)    8 :  0.007 0.004 0.976 0.002 0.002 0.009 
362      729    (0)    8 :  0.009 0.008 0.789 0.004 0.002 0.189 
363      730    (0)    8 :  0.056 0.019 0.897 0.003 0.004 0.020 
364      731    (0)    8 :  0.007 0.004 0.970 0.006 0.002 0.010 
365      732    (0)    8 :  0.010 0.002 0.979 0.003 0.002 0.004 
366      733    (0)    8 :  0.003 0.008 0.974 0.003 0.001 0.011 
367      734    (0)    8 :  0.002 0.002 0.990 0.002 0.001 0.003 
368      189    (0)    9 :  0.008 0.007 0.011 0.961 0.002 0.010 
369      190    (0)    9 :  0.002 0.002 0.002 0.989 0.002 0.002 
370      193    (0)    9 :  0.006 0.001 0.003 0.984 0.003 0.003 
371      761    (0)    9 :  0.002 0.001 0.002 0.990 0.001 0.003 
372      762    (0)    9 :  0.003 0.002 0.003 0.984 0.002 0.006 
373      763    (0)    9 :  0.003 0.003 0.004 0.984 0.002 0.004 
374      764    (0)    9 :  0.002 0.002 0.003 0.987 0.001 0.004 
375      765    (0)    9 :  0.004 0.001 0.003 0.986 0.002 0.004 
376      778    (0)    9 :  0.017 0.012 0.020 0.933 0.009 0.008 
377      779    (0)    9 :  0.003 0.002 0.005 0.983 0.002 0.004 
378      780    (0)    9 :  0.003 0.002 0.002 0.988 0.002 0.004 
379      781    (0)    9 :  0.002 0.015 0.003 0.976 0.002 0.002 
380      782    (0)    9 :  0.005 0.002 0.009 0.979 0.003 0.002 
381      783    (0)    9 :  0.001 0.001 0.001 0.994 0.001 0.001 
382      784    (0)    9 :  0.005 0.001 0.003 0.987 0.001 0.003 
383      785    (0)    9 :  0.004 0.004 0.003 0.982 0.002 0.005 
384      786    (0)    9 :  0.003 0.001 0.002 0.986 0.002 0.005 
385      787    (0)    9 :  0.002 0.002 0.003 0.988 0.001 0.003 
386      788    (0)    9 :  0.012 0.005 0.010 0.959 0.003 0.009 
387      789    (0)    9 :  0.010 0.002 0.003 0.957 0.025 0.003 
388      790    (0)    9 :  0.004 0.005 0.003 0.981 0.002 0.005 
389      791    (0)    9 :  0.005 0.002 0.006 0.980 0.002 0.005 
390      792    (0)    9 :  0.002 0.003 0.002 0.990 0.002 0.002 
391      793    (0)    9 :  0.005 0.002 0.005 0.982 0.002 0.004 
392      794    (0)    9 :  0.005 0.003 0.002 0.983 0.002 0.005 
393      795    (0)    9 :  0.004 0.002 0.003 0.983 0.004 0.003 
394      796    (0)    9 :  0.002 0.002 0.002 0.989 0.004 0.002 
395      797    (0)    9 :  0.002 0.002 0.002 0.990 0.001 0.003 
396      798    (0)    9 :  0.002 0.001 0.005 0.985 0.001 0.005 


Estimated Allele Frequencies in each cluster
First column gives estimated ancestral frequencies


Locus 1 : 1 
4 alleles
0.0% missing data
  89   (0.515) 0.550 0.074 0.578 0.636 0.291 0.508 
  91   (0.383) 0.368 0.735 0.355 0.312 0.662 0.429 
  99   (0.026) 0.020 0.150 0.001 0.002 0.002 0.021 
  93   (0.076) 0.063 0.041 0.066 0.051 0.045 0.042 

Locus 2 : 2 
6 alleles
1.3% missing data
 136   (0.336) 0.359 0.204 0.549 0.456 0.446 0.094 
 134   (0.243) 0.243 0.032 0.159 0.373 0.204 0.257 
 138   (0.275) 0.249 0.745 0.233 0.161 0.226 0.508 
 140   (0.089) 0.091 0.012 0.057 0.006 0.109 0.041 
 132   (0.028) 0.037 0.003 0.001 0.002 0.002 0.007 
 142   (0.029) 0.021 0.004 0.001 0.002 0.013 0.093 

Locus 3 : 3 
6 alleles
0.0% missing data
 181   (0.235) 0.230 0.195 0.210 0.075 0.081 0.310 
 187   (0.360) 0.360 0.750 0.511 0.264 0.360 0.213 
 179   (0.214) 0.235 0.030 0.258 0.014 0.063 0.244 
 191   (0.044) 0.035 0.006 0.018 0.198 0.013 0.008 
 185   (0.083) 0.075 0.011 0.002 0.445 0.259 0.102 
 175   (0.066) 0.064 0.008 0.001 0.004 0.224 0.122 

Locus 4 : 4 
10 alleles
0.0% missing data
 253   (0.480) 0.501 0.530 0.704 0.465 0.190 0.567 
 249   (0.031) 0.025 0.004 0.065 0.002 0.067 0.003 
 271   (0.053) 0.050 0.007 0.031 0.003 0.111 0.016 
 241   (0.150) 0.134 0.215 0.073 0.149 0.511 0.153 
 257   (0.010) 0.007 0.001 0.001 0.001 0.001 0.002 
 269   (0.155) 0.152 0.229 0.124 0.106 0.021 0.217 
 247   (0.084) 0.100 0.010 0.002 0.273 0.033 0.038 
 239   (0.010) 0.008 0.001 0.000 0.001 0.001 0.001 
 245   (0.015) 0.010 0.002 0.000 0.001 0.065 0.001 
 273   (0.013) 0.013 0.001 0.000 0.001 0.001 0.001 

Locus 5 : 5 
7 alleles
0.8% missing data
 103   (0.805) 0.801 0.972 0.989 0.959 0.743 0.925 
 104   (0.075) 0.082 0.013 0.009 0.005 0.064 0.037 
 105   (0.061) 0.069 0.008 0.001 0.004 0.165 0.031 
 102   (0.019) 0.022 0.003 0.000 0.002 0.001 0.003 
 101   (0.015) 0.011 0.002 0.000 0.015 0.001 0.001 
 107   (0.016) 0.011 0.002 0.000 0.001 0.026 0.002 
  99   (0.010) 0.005 0.001 0.000 0.015 0.001 0.001 

Locus 6 : 6 
5 alleles
0.3% missing data
 141   (0.283) 0.284 0.040 0.545 0.143 0.132 0.281 
 145   (0.389) 0.429 0.391 0.182 0.264 0.026 0.511 
 135   (0.241) 0.217 0.555 0.208 0.283 0.635 0.192 
 147   (0.072) 0.061 0.012 0.064 0.309 0.131 0.014 
 137   (0.016) 0.010 0.002 0.000 0.001 0.077 0.002 

Locus 7 : 7 
10 alleles
1.0% missing data
  93   (0.217) 0.204 0.709 0.350 0.073 0.125 0.297 
 103   (0.243) 0.259 0.037 0.375 0.501 0.016 0.353 
  91   (0.081) 0.072 0.067 0.029 0.154 0.057 0.032 
  97   (0.217) 0.224 0.150 0.155 0.257 0.271 0.123 
  85   (0.042) 0.040 0.006 0.038 0.003 0.003 0.026 
  89   (0.109) 0.109 0.018 0.052 0.007 0.301 0.123 
  83   (0.052) 0.070 0.007 0.001 0.003 0.004 0.042 
 105   (0.017) 0.012 0.002 0.000 0.001 0.085 0.002 
  99   (0.010) 0.005 0.002 0.000 0.001 0.012 0.001 
 101   (0.011) 0.005 0.001 0.000 0.001 0.125 0.001 

Locus 8 : 8 
8 alleles
0.0% missing data
 129   (0.505) 0.517 0.147 0.663 0.638 0.327 0.680 
 141   (0.060) 0.054 0.008 0.098 0.201 0.004 0.024 
 149   (0.106) 0.104 0.013 0.120 0.018 0.281 0.056 
 143   (0.264) 0.273 0.744 0.118 0.137 0.304 0.223 
 127   (0.023) 0.017 0.037 0.000 0.001 0.081 0.002 
 131   (0.014) 0.007 0.048 0.000 0.002 0.001 0.007 
 145   (0.010) 0.008 0.001 0.000 0.001 0.001 0.001 
 133   (0.019) 0.020 0.002 0.000 0.001 0.001 0.008 

Locus 9 : 9 
4 alleles
0.0% missing data
 191   (0.359) 0.354 0.268 0.571 0.541 0.323 0.311 
 195   (0.162) 0.140 0.389 0.161 0.058 0.334 0.212 
 189   (0.469) 0.501 0.341 0.265 0.400 0.343 0.476 
 193   (0.010) 0.005 0.001 0.003 0.001 0.001 0.001 

Locus 10 : 10 
7 alleles
0.3% missing data
 232   (0.239) 0.245 0.193 0.305 0.276 0.133 0.162 
 238   (0.560) 0.572 0.407 0.549 0.352 0.736 0.754 
 252   (0.094) 0.091 0.021 0.128 0.037 0.018 0.072 
 254   (0.056) 0.045 0.372 0.018 0.252 0.081 0.005 
 250   (0.018) 0.015 0.002 0.000 0.001 0.029 0.002 
 248   (0.024) 0.024 0.003 0.000 0.081 0.002 0.003 
 236   (0.010) 0.008 0.002 0.000 0.001 0.001 0.002 

Locus 11 : 11 
4 alleles
0.0% missing data
  87   (0.720) 0.743 0.963 0.624 0.537 0.526 0.827 
  89   (0.205) 0.203 0.028 0.321 0.380 0.156 0.141 
  91   (0.063) 0.048 0.008 0.055 0.082 0.166 0.031 
  85   (0.011) 0.005 0.001 0.000 0.001 0.152 0.001 

Locus 12 : 12 
12 alleles
0.3% missing data
 160   (0.223) 0.200 0.616 0.129 0.706 0.402 0.269 
 162   (0.235) 0.262 0.087 0.223 0.237 0.016 0.253 
 147   (0.038) 0.029 0.005 0.149 0.002 0.003 0.045 
 158   (0.216) 0.233 0.031 0.465 0.025 0.100 0.204 
 161   (0.118) 0.115 0.111 0.023 0.019 0.267 0.106 
 170   (0.060) 0.062 0.009 0.009 0.004 0.031 0.037 
 143   (0.030) 0.024 0.132 0.001 0.002 0.176 0.005 
 149   (0.028) 0.028 0.003 0.001 0.002 0.002 0.050 
 154   (0.021) 0.027 0.003 0.000 0.001 0.002 0.002 
 150   (0.010) 0.005 0.001 0.000 0.001 0.001 0.008 
 159   (0.012) 0.006 0.001 0.000 0.001 0.001 0.020 
 164   (0.010) 0.008 0.001 0.000 0.001 0.001 0.001 

Locus 13 : 13 
4 alleles
0.0% missing data
 108   (0.195) 0.190 0.307 0.175 0.200 0.286 0.102 
 115   (0.424) 0.433 0.087 0.545 0.294 0.378 0.520 
 113   (0.371) 0.369 0.604 0.280 0.506 0.335 0.378 
 109   (0.010) 0.008 0.001 0.000 0.001 0.001 0.001 

Locus 14 : 14 
5 alleles
0.8% missing data
 227   (0.124) 0.112 0.225 0.257 0.020 0.009 0.308 
 231   (0.140) 0.142 0.301 0.096 0.343 0.343 0.020 
 229   (0.533) 0.567 0.126 0.479 0.421 0.483 0.532 
 225   (0.129) 0.117 0.254 0.077 0.211 0.062 0.098 
 233   (0.073) 0.062 0.095 0.091 0.005 0.103 0.042 

Locus 15 : 15 
5 alleles
0.5% missing data
 143   (0.809) 0.825 0.763 0.968 0.820 0.624 0.871 
 157   (0.011) 0.005 0.001 0.014 0.001 0.001 0.001 
 145   (0.104) 0.104 0.226 0.017 0.007 0.185 0.068 
 147   (0.054) 0.045 0.007 0.001 0.140 0.189 0.058 
 133   (0.022) 0.021 0.003 0.000 0.032 0.002 0.002 

Locus 16 : 16 
5 alleles
0.3% missing data
 156   (0.254) 0.246 0.574 0.263 0.496 0.167 0.215 
 158   (0.483) 0.504 0.213 0.528 0.207 0.332 0.629 
 160   (0.151) 0.148 0.020 0.172 0.117 0.127 0.126 
 154   (0.101) 0.097 0.191 0.037 0.180 0.374 0.016 
 152   (0.011) 0.005 0.001 0.000 0.001 0.001 0.014 

Locus 17 : 17 
5 alleles
0.0% missing data
 102   (0.206) 0.205 0.031 0.223 0.202 0.050 0.243 
  90   (0.642) 0.639 0.598 0.732 0.788 0.348 0.720 
  88   (0.095) 0.107 0.013 0.044 0.006 0.431 0.018 
 100   (0.047) 0.043 0.357 0.001 0.003 0.170 0.011 
 104   (0.010) 0.005 0.001 0.000 0.001 0.001 0.007 

Locus 18 : 18 
8 alleles
0.3% missing data
 142   (0.127) 0.138 0.021 0.412 0.008 0.030 0.098 
 146   (0.082) 0.073 0.011 0.154 0.221 0.006 0.112 
 140   (0.275) 0.290 0.324 0.142 0.184 0.307 0.231 
 127   (0.246) 0.254 0.470 0.171 0.064 0.159 0.290 
 148   (0.110) 0.106 0.015 0.055 0.214 0.072 0.083 
 128   (0.042) 0.033 0.090 0.045 0.003 0.212 0.004 
 138   (0.055) 0.052 0.061 0.021 0.004 0.005 0.039 
 150   (0.064) 0.053 0.008 0.001 0.303 0.209 0.143 

Locus 19 : 19 
7 alleles
0.3% missing data
 188   (0.181) 0.203 0.023 0.137 0.172 0.013 0.151 
 190   (0.141) 0.125 0.019 0.372 0.204 0.048 0.170 
 194   (0.555) 0.558 0.943 0.488 0.480 0.558 0.559 
 200   (0.078) 0.082 0.009 0.002 0.005 0.301 0.115 
 202   (0.025) 0.018 0.003 0.000 0.138 0.041 0.002 
 196   (0.010) 0.008 0.001 0.000 0.001 0.001 0.001 
 198   (0.011) 0.005 0.001 0.000 0.001 0.039 0.001 

Locus 20 : 20 
6 alleles
0.8% missing data
 252   (0.640) 0.697 0.382 0.822 0.726 0.088 0.786 
 250   (0.095) 0.072 0.320 0.090 0.137 0.422 0.065 
 244   (0.027) 0.017 0.004 0.014 0.002 0.042 0.008 
 254   (0.098) 0.083 0.094 0.029 0.083 0.233 0.075 
 246   (0.115) 0.108 0.197 0.034 0.051 0.213 0.060 
 248   (0.025) 0.023 0.003 0.010 0.002 0.002 0.005 

Locus 21 : 21 
7 alleles
0.0% missing data
 173   (0.250) 0.227 0.137 0.324 0.211 0.207 0.532 
 177   (0.281) 0.302 0.272 0.324 0.176 0.051 0.240 
 175   (0.147) 0.139 0.436 0.031 0.253 0.481 0.077 
 167   (0.181) 0.178 0.133 0.309 0.123 0.075 0.124 
 163   (0.055) 0.052 0.007 0.003 0.216 0.108 0.012 
 159   (0.025) 0.036 0.003 0.000 0.001 0.002 0.002 
 165   (0.061) 0.064 0.011 0.009 0.019 0.076 0.013 

Locus 22 : 22 
11 alleles
1.0% missing data
 146   (0.191) 0.196 0.082 0.259 0.142 0.013 0.311 
 154   (0.011) 0.006 0.001 0.053 0.001 0.001 0.001 
 166   (0.094) 0.111 0.123 0.060 0.006 0.006 0.036 
 152   (0.411) 0.421 0.468 0.586 0.377 0.119 0.564 
 150   (0.046) 0.037 0.095 0.009 0.003 0.111 0.014 
 164   (0.031) 0.026 0.004 0.016 0.002 0.068 0.003 
 148   (0.014) 0.010 0.199 0.000 0.001 0.001 0.001 
 158   (0.098) 0.104 0.014 0.014 0.103 0.414 0.025 
 162   (0.058) 0.063 0.007 0.001 0.069 0.132 0.015 
 142   (0.022) 0.015 0.003 0.000 0.001 0.034 0.017 
 156   (0.023) 0.011 0.003 0.000 0.295 0.101 0.012 

Locus 23 : 23 
7 alleles
0.5% missing data
 152   (0.013) 0.006 0.002 0.062 0.001 0.001 0.002 
 156   (0.139) 0.158 0.019 0.045 0.039 0.406 0.034 
 144   (0.171) 0.138 0.543 0.170 0.619 0.242 0.233 
 160   (0.109) 0.102 0.015 0.185 0.108 0.019 0.107 
 154   (0.516) 0.543 0.414 0.534 0.231 0.198 0.618 
 158   (0.039) 0.039 0.005 0.005 0.002 0.133 0.004 
 146   (0.013) 0.013 0.002 0.000 0.001 0.001 0.001 

Locus 24 : 24 
4 alleles
0.3% missing data
  77   (0.077) 0.065 0.010 0.261 0.052 0.005 0.088 
  83   (0.475) 0.460 0.710 0.495 0.917 0.588 0.393 
  81   (0.372) 0.404 0.268 0.217 0.025 0.376 0.409 
  85   (0.076) 0.071 0.011 0.027 0.005 0.031 0.110 

Locus 25 : 25 
6 alleles
0.3% missing data
 132   (0.305) 0.314 0.212 0.481 0.448 0.025 0.346 
 124   (0.536) 0.546 0.406 0.451 0.542 0.485 0.544 
 126   (0.029) 0.023 0.004 0.049 0.002 0.014 0.003 
 122   (0.085) 0.076 0.036 0.017 0.005 0.450 0.102 
 120   (0.028) 0.024 0.340 0.001 0.002 0.025 0.003 
 136   (0.017) 0.017 0.002 0.001 0.001 0.002 0.002 

Locus 26 : 26 
7 alleles
0.0% missing data
 165   (0.226) 0.227 0.304 0.152 0.060 0.113 0.264 
 183   (0.353) 0.351 0.330 0.540 0.426 0.208 0.313 
 179   (0.097) 0.083 0.322 0.063 0.006 0.284 0.096 
 175   (0.258) 0.282 0.036 0.243 0.440 0.018 0.317 
 181   (0.046) 0.044 0.006 0.001 0.068 0.262 0.008 
 157   (0.010) 0.008 0.001 0.000 0.001 0.001 0.001 
 185   (0.011) 0.005 0.001 0.000 0.001 0.114 0.001 

Locus 27 : 27 
4 alleles
0.0% missing data
 142   (0.628) 0.634 0.342 0.681 0.739 0.523 0.747 
 148   (0.200) 0.207 0.635 0.108 0.072 0.256 0.091 
 138   (0.040) 0.027 0.005 0.198 0.003 0.052 0.021 
 150   (0.132) 0.132 0.018 0.014 0.186 0.169 0.141 

Locus 28 : 28 
6 alleles
1.0% missing data
 260   (0.382) 0.392 0.081 0.369 0.378 0.234 0.515 
 262   (0.486) 0.484 0.900 0.620 0.547 0.680 0.391 
 256   (0.085) 0.082 0.013 0.010 0.072 0.083 0.058 
 258   (0.016) 0.018 0.002 0.000 0.001 0.001 0.002 
 264   (0.022) 0.019 0.002 0.000 0.001 0.001 0.027 
 266   (0.010) 0.005 0.002 0.000 0.001 0.001 0.007 

Locus 29 : 29 
7 alleles
0.5% missing data
 146   (0.262) 0.276 0.039 0.191 0.336 0.306 0.220 
 150   (0.412) 0.422 0.155 0.624 0.297 0.239 0.549 
 140   (0.193) 0.187 0.786 0.109 0.062 0.393 0.168 
 148   (0.083) 0.078 0.012 0.066 0.301 0.042 0.028 
 152   (0.029) 0.026 0.004 0.001 0.002 0.018 0.032 
 151   (0.010) 0.005 0.002 0.006 0.001 0.001 0.001 
 142   (0.010) 0.005 0.002 0.003 0.001 0.001 0.001 

Locus 30 : 30 
6 alleles
0.3% missing data
 125   (0.280) 0.314 0.162 0.451 0.033 0.149 0.106 
 129   (0.404) 0.392 0.229 0.492 0.779 0.081 0.581 
 123   (0.159) 0.153 0.022 0.054 0.103 0.115 0.214 
 121   (0.015) 0.010 0.050 0.000 0.001 0.001 0.002 
 127   (0.089) 0.080 0.529 0.002 0.079 0.517 0.054 
 131   (0.052) 0.052 0.008 0.001 0.003 0.137 0.044 

Locus 31 : 31 
6 alleles
0.3% missing data
 159   (0.132) 0.125 0.017 0.136 0.009 0.194 0.278 
 155   (0.548) 0.567 0.596 0.697 0.707 0.410 0.449 
 157   (0.180) 0.188 0.141 0.100 0.026 0.072 0.207 
 153   (0.089) 0.080 0.081 0.062 0.006 0.313 0.060 
 151   (0.040) 0.033 0.163 0.003 0.251 0.011 0.005 
 163   (0.010) 0.006 0.001 0.001 0.001 0.001 0.002 

Locus 32 : 32 
5 alleles
1.0% missing data
  91   (0.392) 0.389 0.550 0.581 0.155 0.256 0.509 
  94   (0.071) 0.082 0.009 0.056 0.005 0.032 0.012 
  95   (0.208) 0.214 0.298 0.106 0.408 0.222 0.089 
  92   (0.319) 0.310 0.141 0.257 0.431 0.479 0.389 
  90   (0.010) 0.005 0.001 0.000 0.001 0.012 0.001 

Locus 33 : 33 
5 alleles
0.0% missing data
 146   (0.312) 0.311 0.577 0.072 0.308 0.638 0.355 
 150   (0.554) 0.565 0.404 0.855 0.638 0.252 0.570 
 148   (0.073) 0.065 0.010 0.072 0.050 0.042 0.027 
 154   (0.045) 0.048 0.007 0.001 0.003 0.067 0.018 
 152   (0.016) 0.011 0.002 0.000 0.001 0.001 0.029 

Locus 34 : 34 
7 alleles
0.0% missing data
 180   (0.439) 0.445 0.718 0.564 0.662 0.364 0.365 
 196   (0.097) 0.094 0.013 0.179 0.006 0.031 0.130 
 184   (0.208) 0.202 0.236 0.162 0.077 0.179 0.278 
 194   (0.011) 0.006 0.001 0.036 0.001 0.001 0.001 
 192   (0.148) 0.166 0.018 0.006 0.185 0.168 0.164 
 198   (0.084) 0.081 0.011 0.052 0.068 0.256 0.020 
 190   (0.012) 0.006 0.001 0.000 0.001 0.001 0.042 

Locus 35 : 35 
6 alleles
0.0% missing data
 110   (0.182) 0.176 0.191 0.322 0.076 0.116 0.099 
 112   (0.322) 0.348 0.045 0.518 0.066 0.060 0.408 
 106   (0.300) 0.289 0.199 0.125 0.697 0.250 0.390 
  90   (0.043) 0.041 0.426 0.025 0.003 0.003 0.006 
 108   (0.144) 0.142 0.139 0.010 0.114 0.570 0.096 
  96   (0.010) 0.005 0.001 0.000 0.045 0.001 0.001 

Locus 36 : 36 
9 alleles
0.0% missing data
 166   (0.042) 0.031 0.006 0.249 0.003 0.003 0.099 
 176   (0.097) 0.109 0.014 0.159 0.019 0.101 0.012 
 172   (0.325) 0.327 0.047 0.416 0.577 0.163 0.378 
 170   (0.286) 0.284 0.585 0.162 0.322 0.346 0.222 
 174   (0.130) 0.144 0.019 0.005 0.072 0.048 0.193 
 178   (0.039) 0.037 0.005 0.006 0.003 0.003 0.043 
 168   (0.053) 0.051 0.320 0.001 0.003 0.312 0.015 
 186   (0.018) 0.009 0.002 0.000 0.001 0.024 0.036 
 158   (0.010) 0.008 0.001 0.000 0.001 0.001 0.001 

Locus 37 : 37 
6 alleles
0.0% missing data
  89   (0.542) 0.547 0.353 0.641 0.510 0.609 0.664 
  95   (0.055) 0.044 0.007 0.071 0.004 0.029 0.077 
  85   (0.166) 0.165 0.508 0.228 0.236 0.021 0.118 
  81   (0.060) 0.069 0.011 0.009 0.004 0.004 0.048 
  83   (0.153) 0.157 0.021 0.050 0.245 0.310 0.089 
  91   (0.024) 0.017 0.101 0.000 0.002 0.027 0.003 

Locus 38 : 38 
10 alleles
0.0% missing data
 161   (0.339) 0.335 0.415 0.532 0.378 0.689 0.280 
 165   (0.209) 0.212 0.146 0.178 0.106 0.120 0.243 
 159   (0.020) 0.014 0.003 0.029 0.001 0.001 0.006 
 173   (0.263) 0.270 0.194 0.131 0.504 0.179 0.294 
 169   (0.095) 0.094 0.233 0.120 0.006 0.006 0.136 
 167   (0.022) 0.021 0.003 0.009 0.002 0.001 0.002 
 168   (0.013) 0.013 0.001 0.000 0.001 0.001 0.001 
 155   (0.020) 0.027 0.002 0.000 0.001 0.001 0.002 
 177   (0.010) 0.008 0.001 0.000 0.001 0.001 0.001 
 175   (0.011) 0.005 0.001 0.000 0.001 0.001 0.035 

Locus 39 : 39 
6 alleles
0.8% missing data
  87   (0.114) 0.091 0.630 0.152 0.130 0.410 0.065 
  89   (0.395) 0.417 0.053 0.601 0.100 0.240 0.557 
  91   (0.171) 0.175 0.175 0.119 0.184 0.107 0.081 
  81   (0.112) 0.119 0.015 0.082 0.116 0.008 0.090 
  85   (0.198) 0.194 0.125 0.043 0.470 0.234 0.207 
  83   (0.010) 0.005 0.001 0.003 0.001 0.001 0.001 

Locus 40 : 40 
4 alleles
0.5% missing data
 167   (0.735) 0.748 0.646 0.915 0.858 0.419 0.790 
 161   (0.218) 0.215 0.348 0.083 0.138 0.459 0.156 
 165   (0.037) 0.029 0.005 0.002 0.003 0.121 0.053 
 177   (0.010) 0.008 0.001 0.000 0.001 0.001 0.001 

Locus 41 : 41 
6 alleles
0.5% missing data
 228   (0.420) 0.422 0.621 0.556 0.245 0.126 0.515 
 238   (0.319) 0.346 0.100 0.304 0.119 0.075 0.310 
 224   (0.033) 0.026 0.004 0.078 0.002 0.015 0.005 
 236   (0.108) 0.088 0.260 0.060 0.382 0.292 0.052 
 232   (0.014) 0.012 0.002 0.001 0.001 0.001 0.003 
 240   (0.106) 0.106 0.013 0.002 0.251 0.490 0.115 

Locus 42 : 42 
7 alleles
0.0% missing data
 128   (0.113) 0.110 0.015 0.135 0.037 0.008 0.210 
 130   (0.540) 0.561 0.078 0.611 0.772 0.731 0.437 
 114   (0.050) 0.051 0.413 0.095 0.003 0.003 0.005 
 132   (0.096) 0.088 0.014 0.144 0.053 0.006 0.178 
 118   (0.074) 0.061 0.239 0.002 0.127 0.074 0.091 
 134   (0.116) 0.121 0.241 0.012 0.007 0.177 0.078 
 136   (0.010) 0.008 0.001 0.000 0.001 0.001 0.001 

Locus 43 : 43 
6 alleles
0.8% missing data
 102   (0.243) 0.236 0.525 0.400 0.472 0.017 0.332 
 104   (0.414) 0.447 0.060 0.193 0.413 0.232 0.520 
  92   (0.134) 0.137 0.062 0.125 0.008 0.320 0.068 
  96   (0.072) 0.062 0.106 0.091 0.005 0.177 0.025 
  98   (0.127) 0.112 0.244 0.191 0.100 0.253 0.054 
 106   (0.010) 0.007 0.003 0.001 0.002 0.001 0.002 

Locus 44 : 44 
5 alleles
0.3% missing data
 101   (0.311) 0.326 0.042 0.410 0.193 0.348 0.265 
 103   (0.285) 0.280 0.246 0.221 0.345 0.106 0.429 
  99   (0.157) 0.168 0.413 0.069 0.010 0.192 0.093 
  95   (0.234) 0.220 0.106 0.300 0.452 0.348 0.210 
  97   (0.014) 0.007 0.193 0.000 0.001 0.006 0.002 

Locus 45 : 45 
7 alleles
0.3% missing data
 177   (0.061) 0.050 0.009 0.075 0.004 0.096 0.055 
 191   (0.313) 0.331 0.253 0.168 0.105 0.628 0.207 
 181   (0.535) 0.536 0.536 0.756 0.855 0.155 0.693 
 179   (0.050) 0.057 0.197 0.001 0.003 0.107 0.005 
 183   (0.013) 0.013 0.002 0.000 0.001 0.001 0.002 
 193   (0.017) 0.008 0.002 0.000 0.001 0.013 0.036 
 189   (0.010) 0.005 0.001 0.000 0.030 0.001 0.001 

Locus 46 : 46 
6 alleles
0.8% missing data
 205   (0.449) 0.471 0.282 0.526 0.410 0.314 0.543 
 211   (0.244) 0.256 0.318 0.223 0.270 0.383 0.123 
 207   (0.131) 0.121 0.018 0.136 0.201 0.073 0.198 
 201   (0.071) 0.059 0.368 0.068 0.004 0.043 0.063 
 215   (0.087) 0.077 0.012 0.047 0.113 0.175 0.071 
 202   (0.018) 0.015 0.002 0.000 0.001 0.012 0.002 

Locus 47 : 47 
9 alleles
1.0% missing data
 144   (0.072) 0.061 0.012 0.216 0.130 0.013 0.050 
 158   (0.166) 0.179 0.026 0.150 0.087 0.127 0.099 
 168   (0.143) 0.140 0.198 0.194 0.112 0.222 0.048 
 166   (0.124) 0.108 0.065 0.289 0.374 0.019 0.194 
 142   (0.348) 0.384 0.053 0.144 0.287 0.161 0.543 
 170   (0.019) 0.013 0.003 0.002 0.002 0.042 0.002 
 156   (0.034) 0.026 0.540 0.001 0.002 0.079 0.008 
 162   (0.041) 0.033 0.095 0.001 0.003 0.161 0.029 
 164   (0.054) 0.056 0.008 0.003 0.003 0.175 0.028 

Locus 48 : 48 
7 alleles
7.6% missing data
 149   (0.377) 0.379 0.327 0.220 0.337 0.748 0.369 
 151   (0.179) 0.188 0.072 0.258 0.012 0.101 0.163 
 153   (0.202) 0.210 0.026 0.309 0.029 0.049 0.341 
 147   (0.030) 0.023 0.058 0.031 0.002 0.004 0.004 
 145   (0.180) 0.172 0.513 0.178 0.618 0.043 0.120 
 152   (0.010) 0.005 0.002 0.003 0.001 0.001 0.001 
 143   (0.022) 0.021 0.003 0.000 0.001 0.053 0.002 

Values of parameters used in structure:
DATAFILE=temp2.str,	OUTFILE=k6/temp2_k6_run10,	NUMINDS=396,	NUMLOCI=48,	MISSING=-9,	LABEL=1,	POPDATA=1,	POPFLAG=0,	PHENOTYPE=0,	EXTRACOLS=0,	MAXPOPS=6,	BURNIN=500000,	NUMREPS=750000,	USEPOPINFO=0,	INFERALPHA=1,	INFERLAMBDA=0,	POPSPECIFICLAMBDA=0,	POPALPHAS=0,	COMPUTEPROB=1,	NOADMIX=0,	ADMBURNIN=500,	UPDATEFREQ=100,	PRINTLIKES=0,	INTERMEDSAVE=0,	PRINTKLD=0,	PRINTNET=1,	PRINTLAMBDA=1,	ANCESTDIST=0,	NUMBOXES=1000,	ANCESTPINT=0.90000,	GENSBACK=2,	MIGRPRIOR=0.01000,	PRINTQHAT=0,	PRINTQSUM=1,	ALPHA=1.0000,	FREQSCORR=1,	FPRIORMEAN=0.0100,	FPRIORSD=0.0500,	ONEFST=0,	LAMBDA=1.0000,	UNIFPRIORALPHA=1,	ALPHAMAX=10.0000,	ALPHAPRIORA=1.0000,	ALPHAPRIORB=2.0000,	ALPHAPROPSD=0.0250,	STARTATPOPINFO=0,	RANDOMIZE=0,	LINKAGE=0,	METROFREQ=10,	REPORTHITRATE=0,	MARKOVPHASE=0,	PHASED=1,	PLOIDY=2,	PHASEINFO=0	LOCPRIOR=0, 	LOCPRIORINIT=1.000000, 	LOCDATA=0, 	LOCISPOP=1, 	LOCPRIORSTEP=0.100000, 	MAXLOCPRIOR=20.000000, 	SEED=627263,	
[STRAT parameters]:    NUMSIMSTATS=1000,	PHENOTYPECOL=-9,	POOLFREQ=10,	LOCUSxONLY=0,	EMERROR=0.00100,	MISSINGPHENO=-9,	