

----------------------------------------------------
STRUCTURE by Pritchard, Stephens and Donnelly (2000)
     and Falush, Stephens and Pritchard (2003)
       Code by Pritchard, Falush and Hubisz
             Version 2.3.4 (Jul 2012)
----------------------------------------------------



Command line arguments:   structure -D 856224 -K 14 -m mainparams -o k14/temp2_k14_run5 
Input File:    temp2.str

Run parameters:
   396 individuals
   48 loci
   14 populations assumed
   500000 Burn-in period
   750000 Reps
RANDOMIZE turned off


--------------------------------------------
Proportion of membership of each pre-defined
 population in each of the 14 clusters

Given    Inferred Clusters                                                                                    Number of
 Pop       1      2      3      4      5      6      7      8      9     10     11     12     13     14      Individuals

  1:     0.008  0.008  0.007  0.010  0.011  0.009  0.841  0.004  0.010  0.010  0.009  0.009  0.003  0.061       63
  2:     0.010  0.008  0.008  0.013  0.014  0.009  0.873  0.006  0.011  0.007  0.015  0.011  0.003  0.012       20
  3:     0.005  0.003  0.004  0.005  0.005  0.003  0.003  0.006  0.004  0.004  0.003  0.005  0.945  0.004       35
  4:     0.017  0.008  0.006  0.020  0.021  0.010  0.718  0.004  0.018  0.014  0.011  0.019  0.004  0.131       19
  5:     0.009  0.006  0.004  0.007  0.007  0.012  0.276  0.004  0.007  0.006  0.008  0.007  0.003  0.645       31
  6:     0.006  0.012  0.004  0.008  0.008  0.012  0.875  0.004  0.007  0.014  0.006  0.008  0.004  0.032       20
  7:     0.053  0.020  0.007  0.039  0.039  0.012  0.461  0.011  0.035  0.027  0.013  0.035  0.092  0.157        8
  8:     0.010  0.013  0.004  0.008  0.009  0.339  0.470  0.005  0.008  0.011  0.027  0.008  0.002  0.088       17
  9:     0.005  0.004  0.947  0.004  0.005  0.003  0.004  0.003  0.004  0.004  0.004  0.004  0.003  0.004       29
 10:     0.002  0.003  0.003  0.004  0.005  0.004  0.003  0.927  0.004  0.003  0.003  0.004  0.034  0.002        8
 11:     0.023  0.019  0.019  0.172  0.169  0.008  0.011  0.006  0.197  0.096  0.031  0.221  0.012  0.016       21
 12:     0.061  0.124  0.011  0.131  0.133  0.013  0.010  0.006  0.134  0.180  0.042  0.132  0.013  0.011       30
 13:     0.137  0.297  0.012  0.038  0.037  0.007  0.018  0.004  0.040  0.142  0.214  0.032  0.003  0.019       25
 14:     0.090  0.224  0.007  0.047  0.047  0.009  0.022  0.005  0.042  0.189  0.257  0.039  0.006  0.015       32
 15:     0.011  0.031  0.027  0.198  0.213  0.007  0.024  0.012  0.188  0.055  0.024  0.179  0.019  0.012       34
 16:     0.008  0.007  0.006  0.163  0.045  0.020  0.012  0.002  0.285  0.013  0.007  0.414  0.009  0.009        4
--------------------------------------------

Allele-freq. divergence among pops (Net nucleotide distance),
computed using point estimates of P.

      1       2       3       4       5       6       7       8       9      10      11      12      13      14      
 1      -    0.0486  0.0880  0.0250  0.0248  0.1309  0.0549  0.1386  0.0260  0.0303  0.0398  0.0264  0.1081  0.0575  
 2   0.0486     -    0.0794  0.0235  0.0231  0.1281  0.0473  0.1318  0.0246  0.0257  0.0278  0.0257  0.1313  0.0615  
 3   0.0880  0.0794     -    0.0532  0.0524  0.1605  0.0798  0.1355  0.0549  0.0713  0.0775  0.0551  0.1192  0.0911  
 4   0.0250  0.0235  0.0532     -    0.0001  0.0999  0.0287  0.0987  0.0002  0.0129  0.0220  0.0006  0.0797  0.0342  
 5   0.0248  0.0231  0.0524  0.0001     -    0.1005  0.0287  0.0968  0.0006  0.0127  0.0214  0.0011  0.0782  0.0339  
 6   0.1309  0.1281  0.1605  0.0999  0.1005     -    0.1047  0.2027  0.1004  0.1219  0.1309  0.1009  0.2128  0.1243  
 7   0.0549  0.0473  0.0798  0.0287  0.0287  0.1047     -    0.1436  0.0296  0.0432  0.0518  0.0302  0.1420  0.0308  
 8   0.1386  0.1318  0.1355  0.0987  0.0968  0.2027  0.1436     -    0.1018  0.1244  0.1323  0.1029  0.1158  0.1365  
 9   0.0260  0.0246  0.0549  0.0002  0.0006  0.1004  0.0296  0.1018     -    0.0135  0.0231  0.0002  0.0823  0.0351  
10   0.0303  0.0257  0.0713  0.0129  0.0127  0.1219  0.0432  0.1244  0.0135     -    0.0231  0.0144  0.1053  0.0537  
11   0.0398  0.0278  0.0775  0.0220  0.0214  0.1309  0.0518  0.1323  0.0231  0.0231     -    0.0248  0.1235  0.0560  
12   0.0264  0.0257  0.0551  0.0006  0.0011  0.1009  0.0302  0.1029  0.0002  0.0144  0.0248     -    0.0826  0.0356  
13   0.1081  0.1313  0.1192  0.0797  0.0782  0.2128  0.1420  0.1158  0.0823  0.1053  0.1235  0.0826     -    0.1344  
14   0.0575  0.0615  0.0911  0.0342  0.0339  0.1243  0.0308  0.1365  0.0351  0.0537  0.0560  0.0356  0.1344     -    

Average distances (expected heterozygosity) between individuals in same cluster:
cluster  1  : 0.5811 
cluster  2  : 0.5507 
cluster  3  : 0.5469 
cluster  4  : 0.6477 
cluster  5  : 0.6512 
cluster  6  : 0.4327 
cluster  7  : 0.5404 
cluster  8  : 0.5279 
cluster  9  : 0.6410 
cluster 10  : 0.5938 
cluster 11  : 0.5736 
cluster 12  : 0.6392 
cluster 13  : 0.6340 
cluster 14  : 0.5467 

--------------------------------------------
Estimated Ln Prob of Data   = -43229.2
Mean value of ln likelihood = -41407.7
Variance of ln likelihood   = 3643.0
Mean value of alpha         = 0.0327

Mean value of Fst_1         = 0.1499
Mean value of Fst_2         = 0.1346
Mean value of Fst_3         = 0.2126
Mean value of Fst_4         = 0.0109
Mean value of Fst_5         = 0.0002
Mean value of Fst_6         = 0.4121
Mean value of Fst_7         = 0.1348
Mean value of Fst_8         = 0.3152
Mean value of Fst_9         = 0.0290
Mean value of Fst_10         = 0.0917
Mean value of Fst_11         = 0.1257
Mean value of Fst_12         = 0.0317
Mean value of Fst_13         = 0.1853
Mean value of Fst_14         = 0.1673


Inferred ancestry of individuals:
        Label (%Miss) Pop:  Inferred clusters
  1     2055    (0)    1 :  0.003 0.008 0.002 0.005 0.005 0.004 0.726 0.003 0.005 0.008 0.013 0.005 0.003 0.211 
  2     2056    (0)    1 :  0.005 0.007 0.007 0.008 0.009 0.006 0.235 0.004 0.008 0.008 0.005 0.008 0.003 0.686 
  3     2057    (0)    1 :  0.028 0.009 0.002 0.012 0.013 0.007 0.853 0.003 0.014 0.011 0.006 0.015 0.005 0.023 
  4     2058    (0)    1 :  0.003 0.003 0.005 0.003 0.003 0.005 0.961 0.001 0.003 0.002 0.002 0.003 0.001 0.006 
  5     2059    (0)    1 :  0.007 0.005 0.003 0.005 0.006 0.004 0.940 0.002 0.005 0.004 0.003 0.005 0.002 0.011 
  6     2060    (0)    1 :  0.005 0.004 0.002 0.004 0.005 0.004 0.947 0.006 0.005 0.004 0.002 0.004 0.001 0.007 
  7     2061    (0)    1 :  0.005 0.004 0.005 0.011 0.011 0.005 0.893 0.019 0.011 0.008 0.006 0.011 0.008 0.003 
  8     2062    (0)    1 :  0.012 0.033 0.004 0.009 0.008 0.013 0.875 0.002 0.008 0.011 0.005 0.008 0.004 0.008 
  9     2063    (0)    1 :  0.005 0.005 0.002 0.004 0.004 0.004 0.942 0.003 0.004 0.003 0.004 0.004 0.001 0.015 
 10     2064    (0)    1 :  0.003 0.003 0.002 0.004 0.003 0.003 0.954 0.003 0.004 0.003 0.002 0.004 0.001 0.009 
 11     2065    (0)    1 :  0.001 0.002 0.002 0.002 0.002 0.013 0.956 0.001 0.002 0.001 0.002 0.002 0.001 0.010 
 12     2066    (0)    1 :  0.004 0.004 0.002 0.004 0.004 0.002 0.942 0.001 0.004 0.005 0.004 0.004 0.002 0.019 
 13     2067    (0)    1 :  0.005 0.005 0.009 0.010 0.010 0.003 0.869 0.003 0.009 0.013 0.006 0.008 0.005 0.045 
 14     2068    (0)    1 :  0.017 0.021 0.023 0.038 0.035 0.016 0.696 0.006 0.043 0.014 0.008 0.049 0.002 0.030 
 15     2069    (0)    1 :  0.002 0.003 0.002 0.004 0.003 0.006 0.958 0.002 0.004 0.003 0.003 0.004 0.001 0.007 
 16     2070    (0)    1 :  0.006 0.018 0.002 0.099 0.123 0.003 0.286 0.001 0.050 0.045 0.037 0.041 0.001 0.287 
 17     2071    (0)    1 :  0.007 0.004 0.010 0.010 0.010 0.005 0.896 0.010 0.011 0.006 0.005 0.011 0.002 0.013 
 18     2072    (0)    1 :  0.002 0.002 0.003 0.007 0.006 0.002 0.924 0.010 0.007 0.003 0.003 0.007 0.003 0.020 
 19     2073    (0)    1 :  0.009 0.009 0.006 0.017 0.017 0.044 0.802 0.006 0.017 0.013 0.006 0.020 0.028 0.005 
 20     2074    (0)    1 :  0.002 0.003 0.003 0.004 0.004 0.003 0.929 0.003 0.004 0.003 0.002 0.004 0.003 0.033 
 21     2075    (0)    1 :  0.002 0.004 0.015 0.007 0.006 0.010 0.712 0.003 0.006 0.005 0.006 0.007 0.002 0.214 
 22     2076    (0)    1 :  0.003 0.002 0.002 0.002 0.002 0.002 0.972 0.001 0.002 0.002 0.002 0.002 0.001 0.004 
 23     2077    (0)    1 :  0.016 0.008 0.009 0.012 0.013 0.015 0.857 0.007 0.010 0.016 0.014 0.010 0.006 0.008 
 24     2078    (0)    1 :  0.003 0.008 0.003 0.005 0.005 0.005 0.922 0.004 0.005 0.008 0.005 0.005 0.001 0.020 
 25     2079    (0)    1 :  0.010 0.011 0.034 0.009 0.008 0.005 0.870 0.001 0.009 0.022 0.006 0.008 0.002 0.005 
 26     2080    (0)    1 :  0.004 0.003 0.021 0.018 0.018 0.006 0.861 0.002 0.018 0.006 0.004 0.019 0.017 0.003 
 27     2081    (0)    1 :  0.003 0.003 0.003 0.004 0.004 0.003 0.953 0.002 0.005 0.004 0.003 0.005 0.001 0.006 
 28     2082    (0)    1 :  0.007 0.009 0.009 0.022 0.021 0.015 0.518 0.003 0.022 0.009 0.008 0.022 0.003 0.331 
 29     2083    (0)    1 :  0.007 0.004 0.002 0.012 0.013 0.002 0.837 0.003 0.012 0.007 0.005 0.011 0.004 0.080 
 30     2084    (0)    1 :  0.005 0.012 0.008 0.009 0.008 0.003 0.907 0.002 0.009 0.007 0.010 0.008 0.002 0.010 
 31     2085    (0)    1 :  0.005 0.008 0.003 0.011 0.012 0.009 0.738 0.001 0.010 0.013 0.026 0.009 0.005 0.149 
 32     2086    (0)    1 :  0.009 0.006 0.003 0.012 0.011 0.002 0.903 0.003 0.012 0.007 0.011 0.014 0.002 0.006 
 33     2087    (0)    1 :  0.003 0.005 0.050 0.006 0.007 0.020 0.875 0.005 0.006 0.007 0.004 0.006 0.002 0.005 
 34     2088    (0)    1 :  0.016 0.013 0.011 0.016 0.017 0.003 0.775 0.003 0.017 0.040 0.053 0.018 0.002 0.016 
 35     2089    (0)    1 :  0.002 0.003 0.002 0.002 0.002 0.002 0.967 0.001 0.002 0.002 0.002 0.002 0.001 0.009 
 36     2090    (0)    1 :  0.006 0.002 0.038 0.007 0.007 0.005 0.887 0.005 0.006 0.007 0.005 0.007 0.004 0.013 
 37     2091    (0)    1 :  0.007 0.004 0.003 0.004 0.004 0.003 0.938 0.001 0.004 0.005 0.008 0.004 0.001 0.014 
 38     2092    (0)    1 :  0.003 0.006 0.027 0.005 0.005 0.007 0.888 0.002 0.006 0.004 0.005 0.006 0.001 0.035 
 39     2093    (0)    1 :  0.002 0.003 0.002 0.003 0.003 0.005 0.959 0.001 0.003 0.003 0.003 0.003 0.001 0.009 
 40     2094    (0)    1 :  0.003 0.004 0.001 0.003 0.003 0.002 0.739 0.002 0.003 0.003 0.003 0.003 0.001 0.231 
 41     2095    (0)    1 :  0.005 0.004 0.039 0.006 0.006 0.003 0.904 0.005 0.006 0.007 0.005 0.006 0.001 0.004 
 42     2096    (0)    1 :  0.004 0.002 0.002 0.003 0.003 0.027 0.856 0.001 0.003 0.003 0.008 0.003 0.001 0.083 
 43     2097    (0)    1 :  0.008 0.004 0.002 0.004 0.004 0.003 0.954 0.002 0.003 0.003 0.003 0.004 0.001 0.006 
 44     2098    (0)    1 :  0.010 0.008 0.010 0.023 0.028 0.088 0.707 0.003 0.024 0.024 0.033 0.024 0.007 0.012 
 45     2099    (0)    1 :  0.030 0.009 0.004 0.037 0.042 0.010 0.353 0.006 0.037 0.012 0.055 0.032 0.001 0.370 
 46     2100    (0)    1 :  0.078 0.010 0.003 0.013 0.013 0.007 0.812 0.002 0.015 0.007 0.007 0.015 0.003 0.013 
 47     2101    (0)    1 :  0.006 0.008 0.005 0.005 0.006 0.007 0.924 0.003 0.005 0.007 0.009 0.004 0.002 0.009 
 48     2102    (2)    1 :  0.002 0.005 0.002 0.004 0.004 0.003 0.918 0.002 0.004 0.003 0.003 0.004 0.001 0.044 
 49     2103    (0)    1 :  0.006 0.006 0.004 0.006 0.006 0.006 0.784 0.002 0.006 0.014 0.011 0.006 0.001 0.141 
 50     2104    (0)    1 :  0.006 0.030 0.002 0.011 0.009 0.011 0.831 0.001 0.012 0.047 0.026 0.011 0.001 0.003 
 51     2105    (0)    1 :  0.003 0.022 0.004 0.006 0.006 0.004 0.867 0.006 0.007 0.033 0.016 0.007 0.001 0.018 
 52     2106    (0)    1 :  0.006 0.006 0.002 0.012 0.011 0.003 0.879 0.002 0.014 0.007 0.006 0.016 0.002 0.035 
 53     2107    (0)    1 :  0.004 0.025 0.004 0.009 0.009 0.064 0.821 0.003 0.009 0.011 0.014 0.009 0.002 0.017 
 54     2108    (0)    1 :  0.003 0.011 0.005 0.013 0.013 0.003 0.903 0.004 0.012 0.007 0.006 0.012 0.002 0.006 
 55     2109    (0)    1 :  0.006 0.006 0.002 0.011 0.009 0.005 0.582 0.005 0.012 0.011 0.019 0.010 0.002 0.320 
 56     2110    (0)    1 :  0.003 0.038 0.005 0.008 0.009 0.015 0.866 0.004 0.009 0.011 0.016 0.008 0.002 0.006 
 57     2111    (0)    1 :  0.006 0.013 0.003 0.004 0.004 0.002 0.941 0.001 0.004 0.005 0.007 0.004 0.001 0.004 
 58     2112    (0)    1 :  0.007 0.003 0.004 0.004 0.004 0.004 0.919 0.004 0.004 0.004 0.003 0.004 0.002 0.034 
 59     2583    (2)    1 :  0.004 0.003 0.008 0.005 0.005 0.003 0.883 0.006 0.005 0.005 0.004 0.005 0.005 0.058 
 60     2584    (4)    1 :  0.011 0.002 0.003 0.017 0.018 0.008 0.883 0.004 0.012 0.008 0.003 0.013 0.004 0.013 
 61     2587    (2)    1 :  0.005 0.006 0.002 0.005 0.004 0.002 0.927 0.001 0.004 0.015 0.012 0.005 0.001 0.011 
 62     2590    (2)    1 :  0.004 0.005 0.002 0.005 0.005 0.006 0.928 0.012 0.005 0.003 0.004 0.005 0.003 0.013 
 63     2591    (6)    1 :  0.010 0.016 0.010 0.007 0.007 0.005 0.881 0.001 0.007 0.011 0.005 0.007 0.002 0.030 
 64      282    (0)   10 :  0.003 0.004 0.002 0.009 0.011 0.001 0.004 0.896 0.008 0.004 0.003 0.007 0.043 0.005 
 65      284    (0)   10 :  0.002 0.003 0.013 0.004 0.004 0.012 0.003 0.940 0.004 0.004 0.003 0.004 0.002 0.002 
 66      287    (0)   10 :  0.003 0.004 0.003 0.006 0.006 0.004 0.003 0.947 0.005 0.003 0.008 0.005 0.002 0.002 
 67      295    (0)   10 :  0.001 0.001 0.001 0.001 0.001 0.001 0.001 0.984 0.001 0.001 0.001 0.001 0.002 0.001 
 68      302    (0)   10 :  0.001 0.002 0.002 0.001 0.001 0.001 0.001 0.982 0.001 0.002 0.002 0.001 0.002 0.001 
 69      306    (2)   10 :  0.002 0.006 0.004 0.009 0.010 0.004 0.007 0.758 0.008 0.005 0.006 0.008 0.170 0.003 
 70      308    (0)   10 :  0.001 0.002 0.001 0.002 0.002 0.003 0.002 0.977 0.002 0.001 0.001 0.002 0.001 0.002 
 71      867    (0)   10 :  0.001 0.002 0.001 0.002 0.002 0.003 0.001 0.932 0.002 0.002 0.002 0.002 0.048 0.002 
 72      315    (0)   11 :  0.016 0.151 0.043 0.210 0.266 0.002 0.010 0.007 0.152 0.014 0.011 0.109 0.002 0.005 
 73      565    (0)   11 :  0.005 0.003 0.023 0.278 0.382 0.003 0.008 0.003 0.142 0.021 0.007 0.113 0.005 0.008 
 74      566    (2)   11 :  0.024 0.011 0.014 0.051 0.046 0.013 0.007 0.003 0.070 0.431 0.274 0.043 0.004 0.010 
 75      567    (2)   11 :  0.022 0.005 0.004 0.179 0.075 0.005 0.023 0.002 0.274 0.014 0.004 0.383 0.004 0.007 
 76      877    (0)   11 :  0.009 0.006 0.003 0.152 0.131 0.045 0.006 0.002 0.258 0.034 0.011 0.317 0.004 0.022 
 77      878    (0)   11 :  0.050 0.003 0.007 0.144 0.138 0.006 0.005 0.011 0.220 0.019 0.009 0.357 0.025 0.004 
 78      879    (0)   11 :  0.076 0.012 0.005 0.235 0.250 0.005 0.006 0.006 0.176 0.032 0.008 0.146 0.030 0.011 
 79      880    (0)   11 :  0.010 0.007 0.004 0.144 0.083 0.009 0.005 0.002 0.262 0.019 0.005 0.433 0.010 0.008 
 80      881    (0)   11 :  0.005 0.005 0.009 0.236 0.295 0.004 0.005 0.007 0.186 0.023 0.028 0.174 0.019 0.004 
 81      882    (0)   11 :  0.026 0.004 0.011 0.158 0.157 0.004 0.006 0.023 0.232 0.025 0.007 0.284 0.056 0.008 
 82      883    (0)   11 :  0.022 0.017 0.004 0.226 0.248 0.002 0.008 0.007 0.204 0.023 0.010 0.200 0.018 0.011 
 83      884    (0)   11 :  0.016 0.042 0.003 0.113 0.085 0.004 0.025 0.001 0.177 0.277 0.048 0.185 0.002 0.023 
 84      885    (0)   11 :  0.012 0.016 0.004 0.167 0.145 0.003 0.005 0.008 0.234 0.052 0.081 0.240 0.005 0.028 
 85      886    (0)   11 :  0.004 0.012 0.125 0.156 0.149 0.002 0.009 0.010 0.247 0.035 0.009 0.229 0.007 0.004 
 86      887    (0)   11 :  0.041 0.040 0.004 0.021 0.023 0.002 0.014 0.014 0.020 0.699 0.060 0.015 0.034 0.013 
 87      888    (0)   11 :  0.003 0.005 0.008 0.156 0.130 0.005 0.025 0.005 0.254 0.024 0.004 0.245 0.002 0.135 
 88      889    (0)   11 :  0.066 0.017 0.005 0.213 0.227 0.004 0.006 0.008 0.198 0.078 0.019 0.142 0.013 0.005 
 89      890    (0)   11 :  0.010 0.008 0.018 0.207 0.203 0.029 0.005 0.005 0.210 0.027 0.011 0.258 0.007 0.003 
 90      891    (0)   11 :  0.009 0.004 0.005 0.157 0.089 0.015 0.011 0.003 0.256 0.023 0.004 0.411 0.005 0.009 
 91      892    (0)   11 :  0.043 0.007 0.004 0.186 0.196 0.003 0.008 0.007 0.222 0.041 0.008 0.262 0.002 0.009 
 92      893    (0)   11 :  0.004 0.014 0.105 0.222 0.241 0.003 0.036 0.002 0.138 0.100 0.024 0.101 0.005 0.005 
 93      341    (0)   12 :  0.029 0.003 0.010 0.210 0.275 0.023 0.004 0.003 0.190 0.027 0.007 0.179 0.036 0.004 
 94      343    (0)   12 :  0.004 0.065 0.008 0.281 0.369 0.013 0.007 0.004 0.113 0.031 0.005 0.078 0.021 0.002 
 95      914    (0)   12 :  0.005 0.872 0.004 0.005 0.005 0.067 0.007 0.002 0.005 0.006 0.012 0.005 0.001 0.004 
 96      916    (0)   12 :  0.004 0.005 0.003 0.192 0.180 0.005 0.022 0.003 0.264 0.033 0.022 0.204 0.014 0.049 
 97      924    (0)   12 :  0.006 0.171 0.017 0.104 0.073 0.003 0.004 0.002 0.129 0.329 0.042 0.108 0.007 0.005 
 98      938    (0)   12 :  0.889 0.020 0.002 0.008 0.008 0.011 0.010 0.004 0.008 0.017 0.008 0.007 0.003 0.008 
 99      939    (0)   12 :  0.085 0.010 0.006 0.004 0.004 0.002 0.007 0.001 0.004 0.830 0.039 0.004 0.001 0.003 
100      940    (0)   12 :  0.080 0.554 0.003 0.055 0.057 0.002 0.003 0.004 0.058 0.068 0.029 0.056 0.025 0.005 
101      941    (2)   12 :  0.166 0.003 0.010 0.006 0.006 0.002 0.003 0.006 0.005 0.729 0.041 0.005 0.012 0.004 
102      942    (0)   12 :  0.007 0.012 0.015 0.231 0.216 0.003 0.005 0.004 0.253 0.048 0.009 0.181 0.010 0.006 
103      943    (0)   12 :  0.004 0.028 0.002 0.183 0.182 0.003 0.013 0.002 0.177 0.023 0.182 0.162 0.002 0.038 
104      944    (0)   12 :  0.004 0.074 0.003 0.015 0.014 0.018 0.015 0.004 0.020 0.769 0.035 0.019 0.001 0.009 
105      945    (0)   12 :  0.027 0.921 0.002 0.005 0.005 0.001 0.002 0.002 0.006 0.008 0.010 0.006 0.001 0.004 
106      946    (0)   12 :  0.008 0.061 0.003 0.187 0.176 0.004 0.007 0.061 0.157 0.147 0.012 0.157 0.011 0.009 
107      947    (0)   12 :  0.005 0.014 0.046 0.156 0.146 0.072 0.004 0.002 0.210 0.027 0.087 0.221 0.005 0.005 
108      951    (0)   12 :  0.012 0.011 0.011 0.212 0.236 0.005 0.004 0.003 0.227 0.027 0.015 0.200 0.030 0.007 
109      952    (0)   12 :  0.011 0.037 0.070 0.245 0.334 0.009 0.006 0.011 0.126 0.037 0.017 0.091 0.001 0.005 
110      953    (0)   12 :  0.149 0.006 0.008 0.016 0.017 0.003 0.014 0.003 0.014 0.658 0.049 0.013 0.006 0.042 
111      954    (0)   12 :  0.008 0.052 0.007 0.055 0.039 0.004 0.007 0.009 0.081 0.633 0.024 0.066 0.011 0.003 
112      955    (0)   12 :  0.021 0.080 0.017 0.139 0.133 0.009 0.004 0.012 0.228 0.030 0.008 0.305 0.011 0.003 
113      961    (4)   12 :  0.025 0.016 0.004 0.139 0.080 0.004 0.017 0.003 0.274 0.029 0.007 0.383 0.004 0.015 
114      974    (0)   12 :  0.024 0.012 0.021 0.099 0.063 0.006 0.005 0.015 0.152 0.395 0.021 0.183 0.002 0.003 
115      975    (4)   12 :  0.009 0.023 0.002 0.203 0.234 0.009 0.016 0.002 0.213 0.083 0.023 0.159 0.007 0.018 
116      980    (0)   12 :  0.018 0.070 0.016 0.195 0.211 0.006 0.007 0.002 0.179 0.041 0.062 0.177 0.005 0.010 
117      981    (0)   12 :  0.154 0.006 0.003 0.218 0.240 0.020 0.011 0.003 0.141 0.025 0.015 0.122 0.035 0.007 
118      982    (0)   12 :  0.003 0.041 0.002 0.088 0.078 0.034 0.029 0.002 0.093 0.111 0.434 0.074 0.002 0.010 
119      984    (0)   12 :  0.034 0.011 0.004 0.245 0.307 0.003 0.032 0.010 0.110 0.128 0.007 0.086 0.013 0.011 
120      985    (0)   12 :  0.008 0.007 0.009 0.187 0.189 0.003 0.009 0.004 0.255 0.042 0.020 0.258 0.006 0.004 
121     2578    (4)   12 :  0.011 0.510 0.002 0.075 0.061 0.017 0.012 0.005 0.086 0.047 0.009 0.058 0.100 0.006 
122     2580    (2)   12 :  0.013 0.018 0.004 0.164 0.066 0.014 0.017 0.006 0.255 0.014 0.004 0.399 0.004 0.023 
123      328    (0)   13 :  0.008 0.063 0.012 0.124 0.132 0.003 0.087 0.010 0.117 0.020 0.043 0.099 0.003 0.278 
124      333    (0)   13 :  0.020 0.646 0.005 0.017 0.017 0.002 0.005 0.002 0.020 0.171 0.071 0.017 0.003 0.005 
125      918    (0)   13 :  0.005 0.768 0.084 0.014 0.015 0.033 0.006 0.007 0.014 0.017 0.017 0.013 0.004 0.003 
126      919    (0)   13 :  0.007 0.788 0.005 0.016 0.015 0.015 0.010 0.002 0.020 0.072 0.027 0.016 0.002 0.006 
127      920    (0)   13 :  0.004 0.083 0.002 0.006 0.007 0.006 0.004 0.002 0.005 0.005 0.863 0.004 0.001 0.006 
128      921    (0)   13 :  0.947 0.004 0.002 0.005 0.004 0.002 0.006 0.002 0.005 0.005 0.005 0.005 0.002 0.007 
129      922    (0)   13 :  0.008 0.048 0.004 0.011 0.014 0.006 0.030 0.001 0.012 0.328 0.508 0.009 0.002 0.019 
130      926    (0)   13 :  0.011 0.113 0.002 0.006 0.006 0.003 0.003 0.002 0.008 0.033 0.805 0.005 0.001 0.003 
131      927    (0)   13 :  0.010 0.109 0.003 0.006 0.006 0.007 0.006 0.001 0.005 0.770 0.066 0.005 0.003 0.003 
132      928    (0)   13 :  0.013 0.089 0.004 0.033 0.032 0.028 0.051 0.002 0.030 0.638 0.045 0.024 0.003 0.010 
133      929    (0)   13 :  0.058 0.136 0.002 0.076 0.054 0.012 0.049 0.009 0.101 0.268 0.139 0.071 0.004 0.023 
134      930    (0)   13 :  0.107 0.146 0.004 0.135 0.158 0.004 0.013 0.009 0.112 0.076 0.125 0.090 0.002 0.019 
135      932    (0)   13 :  0.936 0.008 0.005 0.005 0.005 0.001 0.004 0.001 0.005 0.007 0.007 0.004 0.003 0.008 
136      933    (0)   13 :  0.010 0.104 0.115 0.019 0.020 0.003 0.013 0.004 0.015 0.012 0.668 0.010 0.002 0.004 
137      949    (0)   13 :  0.965 0.003 0.003 0.003 0.003 0.002 0.003 0.002 0.003 0.004 0.003 0.003 0.002 0.004 
138      950    (0)   13 :  0.196 0.149 0.018 0.071 0.060 0.005 0.006 0.003 0.088 0.124 0.153 0.120 0.003 0.004 
139      964    (4)   13 :  0.018 0.219 0.002 0.039 0.037 0.005 0.013 0.013 0.043 0.496 0.068 0.032 0.007 0.007 
140      986    (0)   13 :  0.046 0.577 0.007 0.054 0.048 0.008 0.025 0.002 0.055 0.031 0.085 0.049 0.005 0.010 
141      987    (0)   13 :  0.006 0.168 0.006 0.109 0.111 0.009 0.034 0.002 0.085 0.329 0.051 0.064 0.004 0.022 
142     1001    (4)   13 :  0.006 0.928 0.002 0.005 0.006 0.003 0.009 0.002 0.006 0.015 0.006 0.005 0.002 0.005 
143     1002    (4)   13 :  0.002 0.947 0.004 0.004 0.004 0.008 0.006 0.003 0.004 0.004 0.004 0.004 0.003 0.003 
144     1003    (2)   13 :  0.024 0.167 0.003 0.179 0.149 0.009 0.032 0.005 0.210 0.050 0.026 0.136 0.002 0.007 
145     1004    (0)   13 :  0.003 0.033 0.005 0.006 0.006 0.002 0.003 0.004 0.007 0.010 0.909 0.006 0.003 0.003 
146     1005    (0)   13 :  0.006 0.186 0.007 0.013 0.013 0.007 0.025 0.003 0.015 0.052 0.653 0.014 0.001 0.004 
147     1010    (0)   13 :  0.003 0.934 0.005 0.004 0.004 0.003 0.006 0.001 0.004 0.013 0.013 0.004 0.001 0.005 
148      321    (0)   14 :  0.009 0.043 0.003 0.007 0.007 0.002 0.008 0.002 0.011 0.857 0.037 0.008 0.002 0.003 
149      338    (0)   14 :  0.004 0.967 0.001 0.003 0.003 0.004 0.002 0.001 0.003 0.003 0.003 0.003 0.002 0.002 
150      339    (0)   14 :  0.017 0.649 0.007 0.019 0.025 0.060 0.013 0.004 0.012 0.096 0.060 0.012 0.014 0.010 
151      363    (0)   14 :  0.814 0.008 0.008 0.022 0.020 0.006 0.004 0.012 0.026 0.022 0.018 0.031 0.007 0.003 
152      915    (0)   14 :  0.006 0.245 0.003 0.014 0.012 0.003 0.020 0.004 0.017 0.057 0.596 0.014 0.002 0.007 
153      917    (0)   14 :  0.079 0.034 0.003 0.028 0.030 0.004 0.005 0.001 0.023 0.063 0.702 0.023 0.002 0.002 
154      923    (0)   14 :  0.029 0.122 0.009 0.220 0.244 0.008 0.010 0.006 0.134 0.031 0.046 0.131 0.004 0.006 
155      925    (0)   14 :  0.003 0.031 0.003 0.002 0.003 0.003 0.003 0.002 0.002 0.003 0.939 0.002 0.001 0.004 
156      931    (0)   14 :  0.021 0.051 0.006 0.135 0.072 0.002 0.005 0.002 0.198 0.061 0.216 0.223 0.002 0.006 
157      935    (0)   14 :  0.011 0.917 0.004 0.009 0.008 0.002 0.006 0.003 0.008 0.011 0.007 0.007 0.003 0.004 
158      936    (0)   14 :  0.013 0.233 0.011 0.018 0.016 0.003 0.003 0.004 0.020 0.263 0.380 0.021 0.011 0.003 
159      937    (0)   14 :  0.006 0.014 0.002 0.007 0.008 0.002 0.003 0.001 0.008 0.539 0.397 0.007 0.002 0.005 
160      948    (0)   14 :  0.057 0.134 0.016 0.099 0.112 0.002 0.010 0.003 0.116 0.027 0.289 0.114 0.014 0.007 
161      956    (0)   14 :  0.004 0.032 0.002 0.010 0.010 0.002 0.014 0.001 0.011 0.051 0.830 0.010 0.003 0.019 
162      957    (0)   14 :  0.015 0.036 0.003 0.012 0.010 0.004 0.003 0.002 0.010 0.808 0.080 0.011 0.003 0.003 
163      967    (0)   14 :  0.007 0.113 0.004 0.013 0.013 0.004 0.003 0.002 0.014 0.755 0.054 0.012 0.002 0.004 
164      968    (2)   14 :  0.009 0.008 0.006 0.017 0.016 0.008 0.007 0.003 0.036 0.011 0.814 0.024 0.005 0.037 
165      969    (2)   14 :  0.026 0.142 0.010 0.059 0.056 0.011 0.010 0.003 0.083 0.040 0.502 0.047 0.005 0.006 
166      970    (2)   14 :  0.065 0.015 0.006 0.086 0.052 0.011 0.004 0.032 0.136 0.409 0.056 0.115 0.008 0.005 
167      971    (4)   14 :  0.570 0.154 0.003 0.011 0.012 0.019 0.013 0.002 0.011 0.046 0.141 0.011 0.002 0.005 
168      972    (0)   14 :  0.004 0.926 0.003 0.010 0.011 0.001 0.003 0.006 0.007 0.011 0.006 0.006 0.003 0.005 
169      973    (0)   14 :  0.006 0.044 0.012 0.273 0.326 0.009 0.005 0.003 0.138 0.018 0.012 0.127 0.018 0.010 
170      978    (0)   14 :  0.003 0.028 0.027 0.004 0.005 0.002 0.003 0.002 0.004 0.004 0.905 0.004 0.003 0.008 
171      979    (0)   14 :  0.080 0.038 0.003 0.070 0.067 0.014 0.360 0.004 0.062 0.058 0.019 0.050 0.043 0.132 
172      988    (6)   14 :  0.909 0.006 0.003 0.005 0.006 0.002 0.006 0.002 0.005 0.005 0.038 0.006 0.002 0.005 
173      989    (0)   14 :  0.061 0.099 0.005 0.093 0.102 0.010 0.013 0.003 0.108 0.320 0.084 0.089 0.003 0.013 
174      990    (0)   14 :  0.006 0.023 0.017 0.092 0.096 0.005 0.009 0.007 0.050 0.604 0.041 0.042 0.004 0.004 
175      991    (0)   14 :  0.027 0.324 0.007 0.008 0.009 0.003 0.003 0.002 0.010 0.555 0.037 0.008 0.003 0.006 
176      992    (0)   14 :  0.011 0.115 0.003 0.029 0.031 0.016 0.007 0.031 0.024 0.025 0.652 0.024 0.006 0.024 
177     1006    (2)   14 :  0.006 0.825 0.008 0.008 0.008 0.041 0.010 0.002 0.007 0.007 0.037 0.006 0.002 0.033 
178     1017    (0)   14 :  0.004 0.021 0.013 0.093 0.115 0.004 0.091 0.003 0.049 0.263 0.217 0.039 0.003 0.086 
179     2582    (4)   14 :  0.004 0.772 0.027 0.017 0.015 0.011 0.040 0.018 0.016 0.020 0.023 0.018 0.004 0.016 
180      319    (2)   15 :  0.023 0.003 0.005 0.244 0.276 0.004 0.007 0.002 0.170 0.097 0.010 0.149 0.004 0.006 
181      335    (0)   15 :  0.006 0.007 0.010 0.268 0.292 0.010 0.007 0.009 0.178 0.052 0.007 0.143 0.007 0.004 
182      895    (0)   15 :  0.015 0.005 0.005 0.223 0.266 0.005 0.005 0.006 0.161 0.046 0.008 0.130 0.120 0.004 
183      896    (0)   15 :  0.020 0.014 0.003 0.284 0.390 0.002 0.008 0.006 0.120 0.014 0.006 0.092 0.004 0.037 
184      897    (0)   15 :  0.004 0.005 0.006 0.158 0.138 0.001 0.004 0.002 0.329 0.044 0.007 0.285 0.004 0.015 
185      898    (0)   15 :  0.008 0.011 0.005 0.111 0.089 0.004 0.005 0.002 0.282 0.119 0.056 0.298 0.004 0.006 
186      899    (0)   15 :  0.010 0.017 0.004 0.169 0.190 0.002 0.211 0.004 0.158 0.030 0.041 0.142 0.010 0.012 
187      900    (0)   15 :  0.012 0.021 0.040 0.229 0.266 0.007 0.008 0.013 0.177 0.038 0.011 0.155 0.005 0.019 
188      901    (0)   15 :  0.026 0.008 0.029 0.163 0.198 0.003 0.230 0.003 0.107 0.073 0.006 0.085 0.058 0.009 
189      902    (0)   15 :  0.017 0.008 0.003 0.260 0.378 0.002 0.012 0.007 0.113 0.058 0.009 0.093 0.036 0.005 
190      903    (0)   15 :  0.005 0.003 0.003 0.247 0.317 0.001 0.004 0.025 0.182 0.032 0.006 0.160 0.005 0.009 
191      904    (0)   15 :  0.014 0.004 0.002 0.156 0.073 0.005 0.008 0.007 0.274 0.012 0.004 0.424 0.002 0.014 
192      905    (0)   15 :  0.023 0.005 0.003 0.217 0.252 0.008 0.047 0.012 0.166 0.024 0.006 0.141 0.069 0.027 
193      906    (0)   15 :  0.007 0.005 0.005 0.192 0.183 0.002 0.003 0.005 0.256 0.027 0.011 0.247 0.051 0.006 
194      907    (0)   15 :  0.012 0.009 0.008 0.206 0.252 0.009 0.005 0.011 0.154 0.026 0.023 0.187 0.057 0.039 
195      908    (0)   15 :  0.005 0.010 0.006 0.217 0.225 0.005 0.015 0.003 0.228 0.019 0.019 0.238 0.002 0.008 
196      909    (0)   15 :  0.004 0.509 0.311 0.015 0.014 0.003 0.015 0.005 0.016 0.059 0.022 0.017 0.005 0.005 
197      910    (0)   15 :  0.003 0.014 0.039 0.191 0.183 0.003 0.006 0.003 0.201 0.021 0.011 0.240 0.076 0.009 
198      911    (0)   15 :  0.005 0.005 0.042 0.204 0.128 0.030 0.013 0.005 0.286 0.052 0.016 0.203 0.006 0.004 
199      912    (0)   15 :  0.007 0.009 0.002 0.209 0.110 0.009 0.005 0.004 0.324 0.053 0.017 0.242 0.004 0.005 
200      913    (0)   15 :  0.005 0.033 0.046 0.178 0.188 0.003 0.042 0.072 0.167 0.059 0.063 0.124 0.005 0.015 
201     2411    (0)   15 :  0.004 0.006 0.004 0.178 0.143 0.003 0.007 0.004 0.317 0.038 0.006 0.279 0.005 0.007 
202     2412    (0)   15 :  0.013 0.036 0.008 0.049 0.065 0.002 0.008 0.016 0.039 0.389 0.323 0.032 0.002 0.018 
203     2413    (0)   15 :  0.008 0.006 0.018 0.252 0.288 0.004 0.011 0.007 0.165 0.016 0.005 0.176 0.032 0.012 
204     2414    (0)   15 :  0.005 0.019 0.002 0.303 0.438 0.010 0.006 0.004 0.099 0.021 0.009 0.078 0.003 0.004 
205     2415    (2)   15 :  0.015 0.047 0.016 0.184 0.189 0.003 0.015 0.003 0.217 0.036 0.013 0.231 0.003 0.027 
206     2417    (4)   15 :  0.004 0.025 0.007 0.180 0.214 0.010 0.060 0.005 0.162 0.168 0.014 0.126 0.010 0.014 
207     2418    (4)   15 :  0.007 0.011 0.007 0.188 0.116 0.004 0.005 0.004 0.243 0.017 0.005 0.366 0.016 0.011 
208     2419    (2)   15 :  0.011 0.009 0.004 0.242 0.276 0.009 0.004 0.002 0.195 0.071 0.015 0.155 0.003 0.004 
209     2420    (0)   15 :  0.008 0.009 0.006 0.218 0.254 0.004 0.003 0.059 0.203 0.038 0.008 0.181 0.007 0.005 
210     2421    (0)   15 :  0.037 0.153 0.008 0.165 0.182 0.002 0.005 0.005 0.179 0.040 0.023 0.183 0.006 0.011 
211     2422    (2)   15 :  0.016 0.008 0.226 0.166 0.152 0.006 0.006 0.004 0.163 0.020 0.006 0.215 0.010 0.003 
212     2423    (0)   15 :  0.012 0.006 0.008 0.239 0.288 0.037 0.016 0.007 0.183 0.040 0.008 0.138 0.008 0.012 
213     2576    (0)   15 :  0.006 0.006 0.009 0.224 0.239 0.013 0.009 0.074 0.189 0.038 0.023 0.148 0.011 0.011 
214     1079    (0)   16 :  0.005 0.008 0.003 0.153 0.025 0.036 0.006 0.002 0.306 0.013 0.005 0.429 0.005 0.004 
215     1081    (0)   16 :  0.005 0.006 0.007 0.178 0.045 0.010 0.020 0.002 0.294 0.016 0.009 0.397 0.002 0.008 
216     1082    (2)   16 :  0.014 0.005 0.008 0.162 0.064 0.003 0.005 0.003 0.259 0.012 0.004 0.424 0.028 0.010 
217     1083    (0)   16 :  0.008 0.008 0.006 0.161 0.046 0.029 0.017 0.002 0.282 0.010 0.009 0.406 0.002 0.013 
218       34    (0)    2 :  0.019 0.004 0.002 0.008 0.008 0.011 0.901 0.002 0.007 0.006 0.007 0.007 0.008 0.009 
219       38    (0)    2 :  0.013 0.038 0.031 0.036 0.036 0.016 0.721 0.005 0.028 0.008 0.019 0.029 0.006 0.014 
220       41    (0)    2 :  0.003 0.003 0.002 0.003 0.003 0.002 0.964 0.001 0.003 0.003 0.004 0.003 0.001 0.004 
221       44    (0)    2 :  0.005 0.004 0.002 0.006 0.008 0.003 0.945 0.001 0.005 0.004 0.004 0.005 0.001 0.005 
222       45    (0)    2 :  0.002 0.004 0.002 0.003 0.003 0.013 0.944 0.002 0.003 0.005 0.005 0.003 0.001 0.009 
223       47    (0)    2 :  0.021 0.006 0.019 0.089 0.114 0.003 0.520 0.011 0.056 0.020 0.077 0.052 0.002 0.010 
224       50    (0)    2 :  0.012 0.002 0.003 0.031 0.027 0.008 0.764 0.009 0.031 0.006 0.013 0.033 0.006 0.056 
225      384    (0)    2 :  0.023 0.013 0.003 0.006 0.006 0.004 0.883 0.004 0.006 0.007 0.020 0.006 0.002 0.016 
226      385    (2)    2 :  0.006 0.006 0.009 0.016 0.014 0.006 0.862 0.009 0.016 0.007 0.010 0.017 0.006 0.014 
227      386    (0)    2 :  0.003 0.002 0.002 0.003 0.002 0.003 0.966 0.001 0.003 0.002 0.003 0.003 0.001 0.005 
228      387    (0)    2 :  0.004 0.003 0.007 0.007 0.005 0.008 0.918 0.002 0.007 0.006 0.012 0.009 0.002 0.010 
229      388    (0)    2 :  0.003 0.003 0.006 0.003 0.003 0.040 0.917 0.002 0.003 0.004 0.007 0.003 0.001 0.004 
230      389    (0)    2 :  0.003 0.005 0.004 0.003 0.003 0.006 0.949 0.002 0.003 0.008 0.007 0.004 0.001 0.003 
231      390    (4)    2 :  0.003 0.010 0.015 0.014 0.014 0.003 0.814 0.033 0.012 0.011 0.043 0.012 0.004 0.013 
232      391    (0)    2 :  0.008 0.031 0.006 0.007 0.007 0.012 0.876 0.003 0.006 0.008 0.023 0.007 0.001 0.006 
233      392    (0)    2 :  0.007 0.004 0.002 0.004 0.004 0.002 0.941 0.001 0.004 0.007 0.012 0.004 0.001 0.009 
234      393    (2)    2 :  0.004 0.004 0.012 0.004 0.003 0.004 0.943 0.002 0.003 0.004 0.007 0.003 0.001 0.005 
235      394    (0)    2 :  0.003 0.002 0.002 0.002 0.003 0.010 0.960 0.002 0.003 0.003 0.004 0.003 0.001 0.003 
236      395    (0)    2 :  0.015 0.009 0.010 0.016 0.018 0.004 0.855 0.011 0.016 0.008 0.008 0.016 0.007 0.007 
237      396    (0)    2 :  0.043 0.005 0.015 0.007 0.008 0.026 0.820 0.015 0.005 0.008 0.007 0.005 0.004 0.032 
238     2470    (4)    3 :  0.003 0.003 0.002 0.002 0.002 0.001 0.002 0.002 0.002 0.003 0.002 0.002 0.972 0.002 
239     2471    (0)    3 :  0.009 0.002 0.003 0.004 0.005 0.003 0.003 0.007 0.004 0.007 0.003 0.004 0.944 0.003 
240     2472    (0)    3 :  0.003 0.007 0.003 0.004 0.005 0.004 0.002 0.014 0.004 0.006 0.004 0.003 0.940 0.002 
241     2484    (0)    3 :  0.004 0.003 0.029 0.007 0.008 0.002 0.002 0.007 0.006 0.003 0.004 0.005 0.916 0.002 
242     2486    (2)    3 :  0.004 0.002 0.003 0.002 0.002 0.001 0.002 0.004 0.002 0.002 0.002 0.002 0.969 0.002 
243     2487    (2)    3 :  0.006 0.005 0.008 0.005 0.005 0.003 0.003 0.004 0.005 0.006 0.004 0.005 0.938 0.004 
244     2489    (0)    3 :  0.005 0.006 0.002 0.007 0.006 0.002 0.004 0.002 0.008 0.005 0.003 0.009 0.936 0.007 
245     2596    (2)    3 :  0.002 0.008 0.014 0.012 0.013 0.003 0.002 0.003 0.008 0.005 0.005 0.007 0.918 0.001 
246     1366    (0)    3 :  0.002 0.002 0.001 0.003 0.004 0.003 0.003 0.003 0.003 0.002 0.002 0.003 0.965 0.002 
247     1367    (0)    3 :  0.002 0.002 0.003 0.003 0.003 0.003 0.004 0.002 0.003 0.002 0.002 0.004 0.966 0.002 
248     1368    (0)    3 :  0.005 0.006 0.012 0.018 0.017 0.005 0.006 0.005 0.016 0.006 0.003 0.019 0.877 0.004 
249     1369    (0)    3 :  0.003 0.004 0.004 0.005 0.005 0.004 0.003 0.029 0.005 0.004 0.006 0.005 0.916 0.007 
250     1370    (0)    3 :  0.002 0.003 0.002 0.005 0.004 0.002 0.002 0.006 0.005 0.004 0.002 0.005 0.955 0.002 
251     1371    (0)    3 :  0.002 0.002 0.003 0.003 0.003 0.002 0.003 0.002 0.003 0.002 0.002 0.003 0.968 0.002 
252     1372    (0)    3 :  0.004 0.002 0.003 0.005 0.004 0.001 0.003 0.004 0.005 0.003 0.003 0.005 0.954 0.004 
253     1373    (0)    3 :  0.003 0.003 0.003 0.005 0.006 0.001 0.004 0.012 0.006 0.006 0.002 0.005 0.940 0.004 
254     1374    (0)    3 :  0.002 0.002 0.004 0.003 0.003 0.001 0.002 0.003 0.003 0.003 0.002 0.003 0.967 0.002 
255     1375    (0)    3 :  0.002 0.002 0.003 0.002 0.002 0.001 0.001 0.005 0.002 0.001 0.002 0.002 0.973 0.001 
256     2476    (0)    3 :  0.002 0.002 0.004 0.005 0.006 0.007 0.005 0.057 0.006 0.003 0.002 0.005 0.885 0.010 
257     2478    (2)    3 :  0.004 0.005 0.002 0.005 0.005 0.002 0.002 0.004 0.004 0.004 0.003 0.004 0.955 0.002 
258     2479    (4)    3 :  0.003 0.002 0.002 0.003 0.003 0.001 0.002 0.003 0.003 0.002 0.002 0.003 0.967 0.003 
259     2481    (0)    3 :  0.013 0.005 0.002 0.006 0.006 0.002 0.004 0.003 0.005 0.005 0.005 0.005 0.932 0.005 
260     2483    (4)    3 :  0.003 0.003 0.003 0.003 0.003 0.002 0.002 0.004 0.003 0.002 0.002 0.003 0.967 0.002 
261     2485    (0)    3 :  0.003 0.002 0.002 0.003 0.003 0.001 0.001 0.002 0.003 0.002 0.005 0.003 0.970 0.002 
262     2488    (0)    3 :  0.002 0.007 0.002 0.002 0.002 0.001 0.001 0.004 0.002 0.001 0.001 0.002 0.972 0.001 
263     2490    (0)    3 :  0.003 0.003 0.003 0.003 0.003 0.003 0.003 0.002 0.003 0.002 0.002 0.003 0.963 0.003 
264     2492    (2)    3 :  0.002 0.002 0.003 0.002 0.002 0.008 0.003 0.004 0.002 0.002 0.002 0.002 0.963 0.003 
265     2493    (0)    3 :  0.017 0.010 0.005 0.006 0.007 0.014 0.006 0.001 0.006 0.015 0.006 0.006 0.896 0.004 
266     2494    (2)    3 :  0.006 0.004 0.001 0.006 0.006 0.004 0.005 0.003 0.006 0.004 0.005 0.006 0.938 0.006 
267     2495    (0)    3 :  0.041 0.004 0.007 0.014 0.015 0.014 0.007 0.004 0.013 0.018 0.006 0.013 0.823 0.022 
268     2496    (0)    3 :  0.002 0.002 0.003 0.002 0.002 0.001 0.002 0.001 0.002 0.003 0.002 0.002 0.974 0.001 
269     2497    (2)    3 :  0.003 0.002 0.002 0.003 0.003 0.002 0.002 0.008 0.003 0.002 0.002 0.003 0.963 0.002 
270     2592    (2)    3 :  0.003 0.001 0.002 0.002 0.002 0.002 0.004 0.002 0.002 0.001 0.001 0.002 0.971 0.003 
271     2593    (4)    3 :  0.006 0.003 0.002 0.002 0.002 0.002 0.002 0.002 0.002 0.003 0.002 0.002 0.968 0.002 
272     2595    (2)    3 :  0.005 0.002 0.004 0.003 0.003 0.001 0.002 0.003 0.003 0.002 0.002 0.003 0.966 0.002 
273     2498    (2)    4 :  0.013 0.005 0.007 0.008 0.009 0.002 0.898 0.004 0.008 0.007 0.006 0.008 0.006 0.019 
274     2513    (2)    4 :  0.004 0.010 0.010 0.005 0.005 0.007 0.916 0.002 0.006 0.006 0.004 0.007 0.002 0.015 
275     2514    (2)    4 :  0.017 0.008 0.003 0.029 0.030 0.003 0.751 0.001 0.029 0.024 0.009 0.032 0.008 0.056 
276     2597    (4)    4 :  0.042 0.012 0.004 0.020 0.019 0.017 0.792 0.011 0.018 0.014 0.017 0.017 0.002 0.015 
277     2499    (4)    4 :  0.007 0.005 0.011 0.040 0.037 0.016 0.626 0.004 0.048 0.043 0.008 0.052 0.002 0.099 
278     2500    (0)    4 :  0.010 0.003 0.007 0.007 0.006 0.004 0.909 0.004 0.007 0.003 0.002 0.008 0.011 0.019 
279     2506    (2)    4 :  0.007 0.005 0.004 0.007 0.008 0.012 0.844 0.005 0.007 0.005 0.004 0.006 0.004 0.083 
280     2509    (6)    4 :  0.076 0.011 0.020 0.044 0.049 0.009 0.666 0.008 0.036 0.012 0.013 0.036 0.004 0.016 
281     2511    (2)    4 :  0.003 0.005 0.005 0.008 0.008 0.016 0.605 0.001 0.008 0.005 0.004 0.008 0.003 0.321 
282     2512    (2)    4 :  0.004 0.004 0.002 0.006 0.007 0.038 0.863 0.008 0.006 0.004 0.007 0.006 0.002 0.045 
283     2515    (2)    4 :  0.003 0.003 0.002 0.005 0.004 0.003 0.598 0.002 0.004 0.004 0.003 0.004 0.001 0.364 
284     2516    (2)    4 :  0.007 0.009 0.002 0.016 0.014 0.014 0.693 0.001 0.019 0.013 0.015 0.020 0.001 0.176 
285     2517    (2)    4 :  0.008 0.020 0.003 0.008 0.009 0.008 0.610 0.002 0.008 0.010 0.054 0.008 0.004 0.249 
286     2518    (2)    4 :  0.006 0.015 0.008 0.015 0.015 0.009 0.729 0.004 0.013 0.041 0.020 0.015 0.003 0.107 
287     2519    (0)    4 :  0.007 0.022 0.017 0.083 0.094 0.019 0.545 0.002 0.048 0.016 0.020 0.047 0.002 0.075 
288     2520    (2)    4 :  0.002 0.003 0.002 0.004 0.003 0.005 0.706 0.002 0.004 0.003 0.003 0.004 0.003 0.257 
289     2521    (2)    4 :  0.040 0.004 0.003 0.036 0.035 0.006 0.186 0.002 0.042 0.037 0.016 0.050 0.002 0.542 
290     2603    (4)    4 :  0.047 0.003 0.003 0.028 0.032 0.003 0.803 0.003 0.021 0.008 0.004 0.022 0.004 0.019 
291     2606    (2)    4 :  0.011 0.007 0.002 0.009 0.009 0.004 0.902 0.005 0.010 0.008 0.007 0.009 0.002 0.015 
292       87    (0)    5 :  0.005 0.011 0.006 0.008 0.009 0.011 0.009 0.006 0.008 0.005 0.017 0.007 0.005 0.893 
293       88    (0)    5 :  0.002 0.002 0.002 0.002 0.002 0.002 0.017 0.001 0.002 0.002 0.002 0.003 0.001 0.959 
294       90    (0)    5 :  0.002 0.003 0.001 0.003 0.003 0.007 0.731 0.001 0.003 0.002 0.003 0.003 0.001 0.236 
295       92    (0)    5 :  0.019 0.009 0.002 0.010 0.012 0.006 0.164 0.002 0.010 0.009 0.021 0.010 0.002 0.723 
296       96    (0)    5 :  0.059 0.010 0.019 0.011 0.010 0.008 0.718 0.002 0.010 0.008 0.007 0.010 0.002 0.124 
297       97    (0)    5 :  0.010 0.005 0.003 0.005 0.005 0.008 0.073 0.001 0.005 0.008 0.005 0.006 0.001 0.865 
298      105    (0)    5 :  0.004 0.004 0.007 0.005 0.005 0.008 0.020 0.002 0.005 0.004 0.005 0.005 0.001 0.925 
299      120    (0)    5 :  0.005 0.002 0.002 0.003 0.003 0.002 0.004 0.003 0.003 0.002 0.004 0.002 0.002 0.965 
300      123    (0)    5 :  0.003 0.004 0.003 0.003 0.003 0.002 0.759 0.001 0.003 0.005 0.004 0.003 0.001 0.203 
301      128    (0)    5 :  0.005 0.002 0.003 0.004 0.004 0.002 0.949 0.002 0.005 0.003 0.003 0.006 0.002 0.010 
302      129    (0)    5 :  0.004 0.008 0.004 0.007 0.007 0.003 0.831 0.002 0.006 0.011 0.014 0.005 0.002 0.096 
303      132    (0)    5 :  0.008 0.003 0.002 0.006 0.007 0.005 0.016 0.002 0.006 0.003 0.003 0.006 0.001 0.932 
304      504    (0)    5 :  0.005 0.010 0.003 0.005 0.005 0.003 0.400 0.001 0.005 0.008 0.007 0.005 0.001 0.542 
305      505    (0)    5 :  0.006 0.009 0.003 0.007 0.007 0.008 0.175 0.001 0.006 0.004 0.010 0.006 0.002 0.756 
306      506    (0)    5 :  0.031 0.005 0.003 0.014 0.015 0.009 0.492 0.002 0.013 0.008 0.004 0.013 0.030 0.361 
307      507    (0)    5 :  0.005 0.019 0.003 0.006 0.006 0.007 0.038 0.003 0.006 0.004 0.034 0.006 0.002 0.861 
308      508    (0)    5 :  0.015 0.007 0.003 0.012 0.012 0.004 0.010 0.023 0.012 0.008 0.006 0.012 0.003 0.873 
309      509    (0)    5 :  0.003 0.006 0.003 0.013 0.013 0.018 0.125 0.003 0.015 0.006 0.005 0.016 0.003 0.772 
310      510    (0)    5 :  0.003 0.005 0.002 0.006 0.005 0.002 0.005 0.002 0.006 0.005 0.012 0.006 0.001 0.939 
311      511    (0)    5 :  0.002 0.006 0.011 0.006 0.006 0.116 0.043 0.002 0.006 0.004 0.006 0.006 0.002 0.784 
312      512    (0)    5 :  0.003 0.005 0.004 0.004 0.004 0.004 0.235 0.002 0.004 0.006 0.005 0.004 0.002 0.717 
313      513    (0)    5 :  0.002 0.002 0.002 0.004 0.005 0.003 0.089 0.002 0.004 0.003 0.004 0.004 0.001 0.874 
314      514    (0)    5 :  0.017 0.005 0.013 0.010 0.010 0.008 0.542 0.002 0.010 0.005 0.005 0.010 0.003 0.361 
315      515    (0)    5 :  0.018 0.007 0.004 0.016 0.015 0.004 0.108 0.008 0.017 0.016 0.011 0.015 0.004 0.759 
316      558    (0)    5 :  0.006 0.011 0.003 0.007 0.006 0.044 0.107 0.004 0.007 0.023 0.008 0.006 0.001 0.765 
317      559    (0)    5 :  0.004 0.002 0.001 0.003 0.003 0.003 0.705 0.002 0.003 0.003 0.003 0.003 0.002 0.263 
318      560    (0)    5 :  0.004 0.003 0.007 0.004 0.004 0.011 0.619 0.008 0.004 0.003 0.003 0.004 0.001 0.323 
319      561    (0)    5 :  0.003 0.003 0.004 0.005 0.005 0.057 0.233 0.003 0.005 0.003 0.003 0.005 0.003 0.668 
320      562    (0)    5 :  0.020 0.004 0.002 0.009 0.010 0.005 0.046 0.003 0.009 0.007 0.009 0.009 0.003 0.863 
321      563    (0)    5 :  0.003 0.002 0.002 0.003 0.003 0.001 0.003 0.003 0.003 0.003 0.002 0.003 0.003 0.965 
322      564    (0)    5 :  0.011 0.007 0.003 0.007 0.007 0.004 0.306 0.010 0.007 0.008 0.008 0.006 0.003 0.613 
323      136    (0)    6 :  0.004 0.005 0.004 0.008 0.008 0.044 0.890 0.002 0.007 0.004 0.004 0.007 0.006 0.007 
324      138    (0)    6 :  0.003 0.006 0.004 0.005 0.005 0.006 0.928 0.003 0.006 0.007 0.007 0.006 0.002 0.013 
325      140    (0)    6 :  0.007 0.018 0.007 0.008 0.008 0.004 0.901 0.002 0.007 0.008 0.006 0.006 0.001 0.017 
326      141    (0)    6 :  0.004 0.009 0.004 0.026 0.027 0.006 0.832 0.005 0.025 0.013 0.006 0.028 0.003 0.012 
327      144    (0)    6 :  0.005 0.003 0.015 0.005 0.005 0.003 0.930 0.002 0.005 0.003 0.006 0.006 0.003 0.009 
328      146    (0)    6 :  0.020 0.003 0.004 0.004 0.004 0.002 0.799 0.003 0.004 0.002 0.002 0.004 0.002 0.146 
329      148    (0)    6 :  0.017 0.003 0.001 0.009 0.009 0.010 0.853 0.002 0.008 0.005 0.004 0.009 0.002 0.068 
330      150    (0)    6 :  0.004 0.013 0.002 0.005 0.005 0.005 0.935 0.007 0.005 0.004 0.004 0.004 0.002 0.006 
331      152    (0)    6 :  0.002 0.004 0.002 0.004 0.003 0.003 0.951 0.001 0.004 0.003 0.004 0.005 0.001 0.013 
332      666    (0)    6 :  0.003 0.006 0.002 0.004 0.004 0.001 0.953 0.002 0.004 0.005 0.005 0.004 0.002 0.006 
333      667    (0)    6 :  0.006 0.004 0.002 0.013 0.013 0.002 0.912 0.001 0.011 0.006 0.008 0.011 0.002 0.009 
334      668    (0)    6 :  0.005 0.078 0.003 0.011 0.013 0.012 0.747 0.012 0.010 0.009 0.007 0.009 0.003 0.081 
335      669    (0)    6 :  0.002 0.010 0.002 0.004 0.004 0.091 0.816 0.003 0.004 0.005 0.007 0.004 0.003 0.043 
336      670    (0)    6 :  0.019 0.048 0.003 0.015 0.014 0.008 0.595 0.012 0.015 0.182 0.013 0.015 0.001 0.060 
337      684    (0)    6 :  0.004 0.006 0.002 0.004 0.003 0.017 0.932 0.003 0.004 0.003 0.004 0.004 0.001 0.012 
338      685    (0)    6 :  0.006 0.002 0.004 0.007 0.006 0.006 0.927 0.007 0.008 0.003 0.003 0.009 0.008 0.005 
339      686    (0)    6 :  0.003 0.006 0.003 0.006 0.006 0.005 0.823 0.003 0.005 0.009 0.006 0.005 0.002 0.118 
340      687    (0)    6 :  0.004 0.005 0.004 0.004 0.004 0.006 0.950 0.001 0.004 0.004 0.003 0.004 0.001 0.005 
341      688    (2)    6 :  0.003 0.004 0.003 0.003 0.003 0.006 0.954 0.002 0.003 0.003 0.004 0.003 0.001 0.007 
342      689    (0)    6 :  0.007 0.005 0.005 0.009 0.010 0.004 0.879 0.003 0.008 0.010 0.011 0.008 0.030 0.010 
343      165    (0)    7 :  0.014 0.011 0.003 0.013 0.012 0.011 0.837 0.003 0.014 0.023 0.008 0.016 0.004 0.030 
344      167    (0)    7 :  0.242 0.029 0.003 0.031 0.028 0.013 0.476 0.048 0.035 0.016 0.008 0.040 0.002 0.030 
345      170    (0)    7 :  0.016 0.010 0.010 0.009 0.010 0.007 0.865 0.004 0.008 0.014 0.020 0.007 0.003 0.018 
346      714    (0)    7 :  0.006 0.005 0.002 0.009 0.009 0.031 0.346 0.003 0.008 0.025 0.005 0.007 0.003 0.541 
347      715    (2)    7 :  0.021 0.015 0.004 0.095 0.085 0.010 0.204 0.014 0.089 0.022 0.016 0.085 0.018 0.321 
348      716    (0)    7 :  0.014 0.011 0.003 0.009 0.009 0.008 0.891 0.003 0.007 0.008 0.014 0.007 0.003 0.013 
349      717    (2)    7 :  0.062 0.003 0.007 0.116 0.130 0.011 0.062 0.011 0.091 0.105 0.014 0.089 0.004 0.296 
350     2346    (2)    7 :  0.047 0.076 0.026 0.026 0.029 0.008 0.004 0.003 0.024 0.005 0.019 0.026 0.700 0.007 
351      718    (0)    8 :  0.006 0.013 0.004 0.006 0.006 0.586 0.274 0.005 0.006 0.006 0.013 0.006 0.001 0.068 
352      719    (0)    8 :  0.006 0.005 0.010 0.018 0.019 0.269 0.578 0.005 0.018 0.025 0.017 0.017 0.003 0.011 
353      720    (0)    8 :  0.003 0.005 0.001 0.005 0.005 0.605 0.308 0.001 0.006 0.006 0.004 0.006 0.001 0.043 
354      721    (0)    8 :  0.003 0.021 0.012 0.020 0.019 0.034 0.652 0.014 0.022 0.015 0.025 0.021 0.007 0.135 
355      722    (0)    8 :  0.008 0.008 0.002 0.005 0.005 0.388 0.411 0.002 0.005 0.019 0.005 0.004 0.001 0.136 
356      723    (0)    8 :  0.018 0.010 0.004 0.006 0.006 0.009 0.828 0.001 0.006 0.021 0.009 0.006 0.001 0.076 
357      724    (0)    8 :  0.002 0.004 0.002 0.004 0.004 0.268 0.686 0.004 0.004 0.006 0.005 0.004 0.001 0.005 
358      725    (0)    8 :  0.003 0.005 0.005 0.004 0.004 0.328 0.523 0.003 0.003 0.003 0.004 0.003 0.002 0.110 
359      726    (0)    8 :  0.081 0.008 0.003 0.017 0.019 0.641 0.162 0.003 0.013 0.007 0.005 0.012 0.004 0.027 
360      727    (0)    8 :  0.002 0.004 0.003 0.003 0.003 0.009 0.957 0.002 0.003 0.003 0.003 0.002 0.001 0.005 
361      728    (2)    8 :  0.003 0.006 0.002 0.009 0.008 0.608 0.259 0.002 0.010 0.033 0.004 0.010 0.001 0.044 
362      729    (0)    8 :  0.012 0.081 0.004 0.015 0.016 0.042 0.404 0.008 0.014 0.013 0.308 0.012 0.002 0.070 
363      730    (0)    8 :  0.002 0.002 0.001 0.002 0.002 0.976 0.002 0.003 0.002 0.002 0.002 0.002 0.001 0.002 
364      731    (0)    8 :  0.004 0.015 0.006 0.018 0.017 0.032 0.606 0.005 0.018 0.013 0.018 0.015 0.002 0.230 
365      732    (0)    8 :  0.005 0.003 0.005 0.003 0.004 0.947 0.014 0.002 0.004 0.003 0.003 0.004 0.001 0.004 
366      733    (0)    8 :  0.014 0.018 0.003 0.005 0.006 0.010 0.665 0.015 0.005 0.007 0.032 0.004 0.001 0.213 
367      734    (0)    8 :  0.002 0.006 0.002 0.003 0.003 0.004 0.656 0.003 0.003 0.003 0.004 0.003 0.001 0.309 
368      189    (0)    9 :  0.043 0.005 0.887 0.007 0.006 0.003 0.008 0.007 0.007 0.006 0.007 0.006 0.002 0.007 
369      190    (0)    9 :  0.004 0.002 0.969 0.002 0.002 0.001 0.003 0.002 0.002 0.003 0.002 0.002 0.003 0.002 
370      193    (0)    9 :  0.003 0.003 0.936 0.009 0.010 0.002 0.004 0.001 0.008 0.005 0.004 0.008 0.003 0.005 
371      761    (0)    9 :  0.004 0.003 0.969 0.002 0.002 0.002 0.002 0.001 0.002 0.003 0.003 0.002 0.001 0.003 
372      762    (0)    9 :  0.003 0.005 0.948 0.003 0.004 0.008 0.004 0.002 0.004 0.007 0.005 0.003 0.002 0.002 
373      763    (0)    9 :  0.003 0.006 0.953 0.004 0.004 0.003 0.004 0.003 0.003 0.004 0.004 0.003 0.002 0.004 
374      764    (0)    9 :  0.003 0.004 0.961 0.003 0.003 0.003 0.004 0.002 0.003 0.004 0.004 0.003 0.001 0.002 
375      765    (0)    9 :  0.004 0.003 0.951 0.005 0.005 0.003 0.004 0.001 0.005 0.004 0.004 0.005 0.002 0.004 
376      778    (0)    9 :  0.009 0.009 0.862 0.014 0.015 0.004 0.014 0.011 0.014 0.006 0.006 0.013 0.008 0.015 
377      779    (0)    9 :  0.005 0.004 0.952 0.004 0.004 0.002 0.007 0.003 0.004 0.005 0.004 0.004 0.002 0.002 
378      780    (0)    9 :  0.002 0.006 0.964 0.003 0.003 0.001 0.002 0.002 0.003 0.002 0.005 0.003 0.002 0.002 
379      781    (0)    9 :  0.003 0.003 0.949 0.003 0.003 0.004 0.003 0.016 0.003 0.003 0.002 0.003 0.002 0.005 
380      782    (0)    9 :  0.004 0.003 0.947 0.004 0.004 0.002 0.009 0.002 0.004 0.003 0.002 0.005 0.003 0.009 
381      783    (0)    9 :  0.001 0.002 0.983 0.001 0.001 0.001 0.002 0.001 0.001 0.001 0.002 0.001 0.001 0.001 
382      784    (0)    9 :  0.006 0.004 0.952 0.005 0.005 0.002 0.003 0.001 0.005 0.004 0.003 0.004 0.001 0.004 
383      785    (0)    9 :  0.003 0.004 0.954 0.003 0.004 0.004 0.003 0.004 0.004 0.005 0.004 0.004 0.002 0.002 
384      786    (0)    9 :  0.006 0.007 0.956 0.003 0.003 0.001 0.003 0.001 0.004 0.004 0.003 0.004 0.002 0.002 
385      787    (0)    9 :  0.002 0.003 0.966 0.003 0.003 0.002 0.005 0.002 0.003 0.003 0.003 0.003 0.001 0.002 
386      788    (0)    9 :  0.002 0.008 0.913 0.009 0.009 0.003 0.007 0.004 0.009 0.006 0.006 0.009 0.003 0.010 
387      789    (0)    9 :  0.006 0.002 0.923 0.008 0.007 0.001 0.004 0.002 0.008 0.005 0.003 0.008 0.021 0.002 
388      790    (0)    9 :  0.008 0.004 0.944 0.004 0.004 0.002 0.004 0.005 0.004 0.006 0.005 0.004 0.002 0.002 
389      791    (0)    9 :  0.003 0.005 0.940 0.006 0.005 0.002 0.008 0.002 0.006 0.006 0.004 0.007 0.002 0.004 
390      792    (0)    9 :  0.002 0.002 0.971 0.002 0.002 0.003 0.002 0.004 0.002 0.002 0.002 0.002 0.002 0.002 
391      793    (0)    9 :  0.004 0.005 0.942 0.006 0.006 0.004 0.006 0.002 0.006 0.004 0.005 0.006 0.003 0.003 
392      794    (0)    9 :  0.003 0.006 0.947 0.005 0.005 0.002 0.002 0.003 0.005 0.005 0.005 0.006 0.002 0.003 
393      795    (0)    9 :  0.004 0.003 0.951 0.005 0.004 0.003 0.003 0.003 0.005 0.003 0.003 0.005 0.004 0.005 
394      796    (0)    9 :  0.002 0.002 0.972 0.002 0.002 0.002 0.002 0.003 0.002 0.002 0.002 0.002 0.004 0.002 
395      797    (0)    9 :  0.002 0.006 0.969 0.002 0.002 0.002 0.002 0.002 0.002 0.002 0.003 0.002 0.001 0.002 
396      798    (0)    9 :  0.003 0.003 0.947 0.003 0.003 0.003 0.006 0.002 0.003 0.005 0.014 0.003 0.001 0.004 


Estimated Allele Frequencies in each cluster
First column gives estimated ancestral frequencies


Locus 1 : 1 
4 alleles
0.0% missing data
  89   (0.536) 0.504 0.593 0.640 0.536 0.536 0.701 0.634 0.073 0.538 0.478 0.497 0.538 0.285 0.322 
  91   (0.375) 0.468 0.384 0.312 0.374 0.375 0.289 0.307 0.740 0.374 0.487 0.360 0.376 0.670 0.559 
  99   (0.021) 0.007 0.008 0.001 0.024 0.021 0.002 0.001 0.155 0.027 0.013 0.026 0.020 0.001 0.002 
  93   (0.068) 0.022 0.014 0.047 0.066 0.068 0.008 0.059 0.031 0.062 0.022 0.117 0.066 0.044 0.117 

Locus 2 : 2 
6 alleles
1.3% missing data
 136   (0.319) 0.207 0.069 0.462 0.327 0.319 0.104 0.552 0.195 0.345 0.198 0.084 0.363 0.453 0.690 
 134   (0.243) 0.422 0.300 0.374 0.235 0.243 0.199 0.152 0.031 0.222 0.228 0.215 0.215 0.201 0.171 
 138   (0.300) 0.230 0.466 0.155 0.292 0.300 0.249 0.250 0.757 0.286 0.453 0.585 0.266 0.226 0.123 
 140   (0.079) 0.117 0.034 0.005 0.083 0.079 0.443 0.043 0.010 0.082 0.055 0.043 0.087 0.109 0.012 
 132   (0.025) 0.006 0.004 0.001 0.030 0.025 0.002 0.001 0.003 0.036 0.010 0.007 0.039 0.002 0.002 
 142   (0.034) 0.017 0.127 0.002 0.032 0.034 0.004 0.001 0.004 0.030 0.056 0.066 0.030 0.010 0.003 

Locus 3 : 3 
6 alleles
0.0% missing data
 181   (0.243) 0.327 0.439 0.068 0.228 0.243 0.076 0.234 0.194 0.215 0.117 0.428 0.198 0.078 0.114 
 187   (0.345) 0.289 0.169 0.259 0.349 0.345 0.720 0.508 0.755 0.342 0.322 0.165 0.367 0.360 0.518 
 179   (0.234) 0.276 0.206 0.015 0.247 0.234 0.185 0.231 0.030 0.267 0.334 0.152 0.267 0.055 0.353 
 191   (0.038) 0.010 0.008 0.196 0.036 0.038 0.005 0.023 0.005 0.032 0.012 0.017 0.027 0.010 0.004 
 185   (0.072) 0.055 0.020 0.458 0.074 0.072 0.007 0.002 0.009 0.078 0.088 0.192 0.072 0.268 0.006 
 175   (0.068) 0.044 0.159 0.004 0.066 0.068 0.007 0.002 0.008 0.067 0.127 0.045 0.069 0.230 0.006 

Locus 4 : 4 
10 alleles
0.0% missing data
 253   (0.504) 0.432 0.764 0.463 0.524 0.504 0.638 0.746 0.536 0.544 0.538 0.379 0.541 0.180 0.554 
 249   (0.034) 0.009 0.005 0.002 0.030 0.033 0.308 0.058 0.004 0.022 0.008 0.006 0.021 0.069 0.031 
 271   (0.044) 0.155 0.007 0.003 0.039 0.044 0.005 0.025 0.006 0.031 0.032 0.013 0.028 0.113 0.055 
 241   (0.145) 0.052 0.078 0.149 0.136 0.145 0.020 0.025 0.206 0.133 0.182 0.220 0.126 0.523 0.305 
 257   (0.007) 0.002 0.001 0.000 0.006 0.007 0.001 0.000 0.001 0.005 0.003 0.002 0.004 0.000 0.002 
 269   (0.167) 0.231 0.103 0.103 0.159 0.167 0.019 0.144 0.236 0.151 0.197 0.351 0.150 0.018 0.044 
 247   (0.070) 0.113 0.038 0.278 0.079 0.070 0.007 0.002 0.008 0.092 0.033 0.023 0.108 0.028 0.006 
 239   (0.007) 0.002 0.001 0.000 0.006 0.007 0.001 0.000 0.001 0.005 0.002 0.001 0.005 0.000 0.001 
 245   (0.011) 0.002 0.002 0.001 0.010 0.011 0.001 0.000 0.001 0.008 0.003 0.002 0.007 0.068 0.001 
 273   (0.011) 0.003 0.002 0.001 0.010 0.011 0.001 0.000 0.001 0.009 0.003 0.002 0.009 0.001 0.001 

Locus 5 : 5 
7 alleles
0.8% missing data
 103   (0.832) 0.946 0.942 0.965 0.819 0.832 0.983 0.991 0.977 0.806 0.896 0.943 0.804 0.741 0.982 
 104   (0.066) 0.021 0.032 0.004 0.077 0.066 0.007 0.006 0.009 0.088 0.051 0.027 0.088 0.060 0.009 
 105   (0.054) 0.021 0.018 0.003 0.060 0.054 0.006 0.002 0.007 0.070 0.031 0.021 0.074 0.170 0.005 
 102   (0.017) 0.004 0.003 0.001 0.017 0.018 0.002 0.000 0.003 0.017 0.013 0.003 0.017 0.001 0.001 
 101   (0.011) 0.003 0.002 0.013 0.010 0.011 0.001 0.000 0.001 0.008 0.004 0.002 0.007 0.001 0.001 
 107   (0.012) 0.003 0.002 0.001 0.010 0.012 0.001 0.000 0.001 0.007 0.003 0.002 0.006 0.026 0.001 
  99   (0.008) 0.002 0.001 0.012 0.007 0.008 0.001 0.000 0.001 0.004 0.002 0.001 0.004 0.000 0.001 

Locus 6 : 6 
5 alleles
0.3% missing data
 141   (0.293) 0.642 0.215 0.137 0.292 0.293 0.850 0.583 0.039 0.285 0.351 0.141 0.259 0.119 0.335 
 145   (0.388) 0.210 0.683 0.261 0.403 0.388 0.069 0.196 0.387 0.435 0.447 0.492 0.462 0.023 0.124 
 135   (0.237) 0.123 0.088 0.286 0.232 0.237 0.067 0.178 0.562 0.218 0.166 0.347 0.223 0.647 0.363 
 147   (0.070) 0.022 0.013 0.316 0.064 0.070 0.013 0.043 0.010 0.054 0.034 0.018 0.050 0.131 0.177 
 137   (0.011) 0.003 0.002 0.001 0.010 0.011 0.001 0.000 0.001 0.007 0.003 0.002 0.007 0.079 0.001 

Locus 7 : 7 
10 alleles
1.0% missing data
  93   (0.234) 0.273 0.328 0.068 0.223 0.234 0.617 0.324 0.733 0.207 0.347 0.193 0.206 0.118 0.391 
 103   (0.259) 0.243 0.379 0.507 0.278 0.259 0.076 0.410 0.037 0.296 0.300 0.392 0.314 0.016 0.309 
  91   (0.069) 0.027 0.069 0.156 0.065 0.069 0.007 0.037 0.060 0.060 0.025 0.017 0.055 0.056 0.007 
  97   (0.207) 0.215 0.103 0.255 0.207 0.207 0.029 0.161 0.138 0.211 0.069 0.233 0.213 0.274 0.154 
  85   (0.040) 0.014 0.010 0.002 0.039 0.040 0.005 0.049 0.005 0.038 0.013 0.054 0.038 0.002 0.008 
  89   (0.108) 0.204 0.073 0.007 0.101 0.108 0.257 0.017 0.016 0.091 0.205 0.068 0.087 0.306 0.125 
  83   (0.053) 0.016 0.031 0.003 0.061 0.053 0.005 0.001 0.007 0.077 0.033 0.039 0.069 0.003 0.004 
 105   (0.013) 0.003 0.005 0.001 0.013 0.013 0.001 0.000 0.002 0.011 0.004 0.002 0.011 0.085 0.001 
  99   (0.008) 0.002 0.001 0.001 0.006 0.008 0.001 0.000 0.001 0.004 0.002 0.002 0.004 0.010 0.001 
 101   (0.008) 0.002 0.001 0.000 0.007 0.008 0.001 0.000 0.001 0.004 0.002 0.001 0.004 0.129 0.001 

Locus 8 : 8 
8 alleles
0.0% missing data
 129   (0.531) 0.429 0.727 0.641 0.529 0.531 0.680 0.709 0.141 0.526 0.736 0.626 0.541 0.317 0.475 
 141   (0.057) 0.015 0.013 0.210 0.059 0.057 0.009 0.098 0.007 0.059 0.028 0.024 0.064 0.003 0.136 
 149   (0.101) 0.133 0.035 0.016 0.100 0.101 0.015 0.136 0.013 0.097 0.080 0.060 0.087 0.289 0.076 
 143   (0.260) 0.411 0.217 0.130 0.264 0.260 0.292 0.056 0.764 0.273 0.136 0.262 0.265 0.303 0.308 
 127   (0.017) 0.004 0.002 0.001 0.017 0.017 0.001 0.000 0.030 0.014 0.004 0.003 0.015 0.085 0.001 
 131   (0.011) 0.003 0.003 0.001 0.009 0.011 0.001 0.000 0.043 0.006 0.003 0.018 0.006 0.001 0.001 
 145   (0.008) 0.002 0.001 0.000 0.007 0.008 0.001 0.000 0.001 0.005 0.002 0.001 0.005 0.000 0.001 
 133   (0.016) 0.004 0.003 0.001 0.016 0.016 0.001 0.000 0.002 0.019 0.011 0.005 0.018 0.001 0.001 

Locus 9 : 9 
4 alleles
0.0% missing data
 191   (0.372) 0.289 0.324 0.547 0.378 0.371 0.848 0.556 0.255 0.384 0.185 0.371 0.380 0.320 0.621 
 195   (0.146) 0.263 0.319 0.052 0.139 0.146 0.032 0.195 0.404 0.128 0.065 0.273 0.124 0.341 0.047 
 189   (0.475) 0.446 0.355 0.401 0.476 0.475 0.118 0.246 0.340 0.483 0.748 0.354 0.492 0.339 0.332 
 193   (0.008) 0.002 0.001 0.000 0.007 0.008 0.001 0.003 0.001 0.005 0.002 0.002 0.004 0.000 0.001 

Locus 10 : 10 
7 alleles
0.3% missing data
 232   (0.243) 0.093 0.209 0.274 0.245 0.243 0.567 0.264 0.189 0.250 0.105 0.200 0.257 0.129 0.415 
 238   (0.561) 0.848 0.733 0.347 0.564 0.561 0.127 0.609 0.399 0.556 0.807 0.686 0.561 0.742 0.404 
 252   (0.108) 0.037 0.045 0.034 0.109 0.108 0.292 0.105 0.020 0.115 0.063 0.098 0.105 0.015 0.173 
 254   (0.045) 0.012 0.007 0.259 0.043 0.045 0.010 0.021 0.387 0.043 0.014 0.009 0.040 0.082 0.004 
 250   (0.014) 0.003 0.002 0.001 0.014 0.014 0.001 0.000 0.002 0.014 0.003 0.002 0.017 0.030 0.001 
 248   (0.021) 0.005 0.003 0.085 0.019 0.021 0.002 0.001 0.003 0.017 0.006 0.004 0.017 0.001 0.002 
 236   (0.008) 0.002 0.001 0.001 0.007 0.008 0.001 0.000 0.001 0.005 0.002 0.001 0.005 0.000 0.001 

Locus 11 : 11 
4 alleles
0.0% missing data
  87   (0.720) 0.905 0.852 0.532 0.724 0.721 0.360 0.646 0.965 0.735 0.772 0.837 0.733 0.517 0.567 
  89   (0.208) 0.065 0.111 0.384 0.211 0.208 0.606 0.312 0.027 0.212 0.199 0.130 0.216 0.154 0.331 
  91   (0.064) 0.028 0.036 0.083 0.059 0.064 0.034 0.042 0.008 0.049 0.028 0.032 0.047 0.171 0.101 
  85   (0.008) 0.002 0.001 0.000 0.007 0.008 0.001 0.000 0.001 0.004 0.002 0.001 0.004 0.158 0.001 

Locus 12 : 12 
12 alleles
0.3% missing data
 160   (0.231) 0.191 0.344 0.718 0.216 0.231 0.038 0.112 0.644 0.192 0.250 0.270 0.187 0.404 0.184 
 162   (0.226) 0.370 0.284 0.232 0.249 0.226 0.730 0.214 0.074 0.281 0.288 0.122 0.300 0.014 0.118 
 147   (0.046) 0.014 0.013 0.003 0.041 0.046 0.107 0.105 0.006 0.037 0.081 0.039 0.036 0.003 0.335 
 158   (0.237) 0.148 0.242 0.022 0.236 0.237 0.091 0.538 0.032 0.235 0.122 0.305 0.236 0.096 0.325 
 161   (0.114) 0.040 0.037 0.017 0.114 0.114 0.017 0.021 0.102 0.114 0.135 0.155 0.107 0.273 0.025 
 170   (0.055) 0.021 0.011 0.003 0.057 0.055 0.007 0.008 0.008 0.062 0.058 0.048 0.058 0.029 0.006 
 143   (0.024) 0.006 0.011 0.001 0.024 0.024 0.003 0.001 0.126 0.023 0.009 0.005 0.019 0.178 0.002 
 149   (0.023) 0.199 0.049 0.001 0.022 0.023 0.002 0.001 0.003 0.020 0.009 0.013 0.021 0.001 0.002 
 154   (0.020) 0.006 0.003 0.001 0.019 0.020 0.002 0.001 0.003 0.022 0.006 0.004 0.024 0.001 0.002 
 150   (0.007) 0.002 0.002 0.000 0.006 0.007 0.001 0.000 0.001 0.004 0.002 0.021 0.004 0.000 0.001 
 159   (0.009) 0.002 0.002 0.001 0.008 0.009 0.001 0.000 0.001 0.005 0.040 0.017 0.005 0.001 0.001 
 164   (0.008) 0.002 0.001 0.000 0.007 0.008 0.001 0.000 0.001 0.005 0.002 0.001 0.005 0.000 0.001 

Locus 13 : 13 
4 alleles
0.0% missing data
 108   (0.193) 0.068 0.082 0.200 0.184 0.193 0.425 0.164 0.306 0.171 0.132 0.133 0.168 0.293 0.168 
 115   (0.434) 0.650 0.531 0.287 0.434 0.434 0.508 0.584 0.080 0.433 0.519 0.484 0.437 0.374 0.373 
 113   (0.365) 0.281 0.386 0.513 0.376 0.365 0.067 0.252 0.613 0.391 0.348 0.382 0.390 0.332 0.459 
 109   (0.007) 0.002 0.002 0.000 0.006 0.007 0.001 0.000 0.001 0.005 0.002 0.001 0.004 0.000 0.001 

Locus 14 : 14 
5 alleles
0.8% missing data
 227   (0.145) 0.075 0.305 0.017 0.140 0.145 0.050 0.259 0.233 0.130 0.294 0.373 0.125 0.009 0.311 
 231   (0.125) 0.036 0.021 0.353 0.122 0.125 0.023 0.089 0.311 0.128 0.044 0.036 0.127 0.352 0.134 
 229   (0.538) 0.785 0.588 0.416 0.546 0.538 0.882 0.466 0.114 0.555 0.469 0.457 0.569 0.476 0.411 
 225   (0.123) 0.083 0.028 0.209 0.118 0.123 0.016 0.094 0.254 0.112 0.164 0.109 0.105 0.059 0.026 
 233   (0.069) 0.021 0.058 0.005 0.073 0.069 0.030 0.091 0.088 0.075 0.029 0.026 0.075 0.104 0.118 

Locus 15 : 15 
5 alleles
0.5% missing data
 143   (0.831) 0.902 0.931 0.818 0.836 0.831 0.982 0.965 0.763 0.840 0.924 0.721 0.846 0.616 0.979 
 157   (0.008) 0.002 0.001 0.001 0.007 0.008 0.001 0.019 0.001 0.005 0.002 0.002 0.004 0.001 0.001 
 145   (0.098) 0.035 0.048 0.006 0.099 0.098 0.011 0.014 0.229 0.100 0.051 0.125 0.100 0.188 0.015 
 147   (0.045) 0.056 0.017 0.143 0.041 0.045 0.004 0.001 0.006 0.037 0.017 0.148 0.034 0.194 0.004 
 133   (0.018) 0.004 0.003 0.032 0.017 0.018 0.002 0.000 0.002 0.017 0.005 0.004 0.017 0.001 0.001 

Locus 16 : 16 
5 alleles
0.3% missing data
 156   (0.241) 0.120 0.194 0.504 0.245 0.241 0.208 0.306 0.605 0.253 0.172 0.307 0.255 0.165 0.126 
 158   (0.529) 0.447 0.732 0.200 0.532 0.530 0.307 0.504 0.201 0.532 0.630 0.515 0.518 0.325 0.664 
 160   (0.139) 0.404 0.038 0.113 0.131 0.138 0.473 0.148 0.018 0.118 0.152 0.158 0.120 0.123 0.192 
 154   (0.081) 0.027 0.017 0.183 0.084 0.081 0.011 0.042 0.175 0.092 0.028 0.019 0.103 0.386 0.018 
 152   (0.010) 0.003 0.020 0.001 0.009 0.010 0.001 0.000 0.001 0.006 0.019 0.003 0.005 0.001 0.001 

Locus 17 : 17 
5 alleles
0.0% missing data
 102   (0.216) 0.147 0.071 0.200 0.223 0.216 0.084 0.246 0.029 0.227 0.394 0.267 0.222 0.042 0.135 
  90   (0.667) 0.542 0.906 0.792 0.657 0.667 0.610 0.723 0.595 0.651 0.563 0.696 0.653 0.336 0.837 
  88   (0.074) 0.296 0.014 0.005 0.076 0.074 0.302 0.029 0.009 0.077 0.027 0.015 0.079 0.444 0.024 
 100   (0.035) 0.011 0.007 0.002 0.037 0.035 0.003 0.001 0.365 0.041 0.014 0.007 0.042 0.177 0.003 
 104   (0.008) 0.005 0.001 0.000 0.007 0.008 0.001 0.000 0.001 0.005 0.003 0.015 0.004 0.000 0.001 

Locus 18 : 18 
8 alleles
0.3% missing data
 142   (0.133) 0.123 0.033 0.008 0.139 0.132 0.796 0.415 0.020 0.148 0.075 0.159 0.161 0.021 0.372 
 146   (0.078) 0.161 0.036 0.225 0.078 0.078 0.037 0.196 0.010 0.073 0.226 0.039 0.063 0.005 0.034 
 140   (0.272) 0.415 0.160 0.179 0.273 0.272 0.042 0.085 0.327 0.276 0.220 0.282 0.284 0.309 0.381 
 127   (0.262) 0.129 0.482 0.060 0.261 0.263 0.066 0.180 0.487 0.261 0.267 0.182 0.258 0.155 0.100 
 148   (0.109) 0.126 0.063 0.215 0.102 0.109 0.038 0.051 0.015 0.097 0.143 0.060 0.090 0.069 0.060 
 128   (0.031) 0.008 0.005 0.002 0.035 0.031 0.005 0.050 0.080 0.036 0.008 0.006 0.044 0.222 0.028 
 138   (0.053) 0.020 0.014 0.004 0.052 0.053 0.010 0.021 0.055 0.051 0.025 0.097 0.050 0.004 0.019 
 150   (0.062) 0.018 0.208 0.307 0.060 0.062 0.006 0.002 0.008 0.057 0.037 0.174 0.050 0.215 0.005 

Locus 19 : 19 
7 alleles
0.3% missing data
 188   (0.189) 0.111 0.092 0.171 0.195 0.189 0.572 0.092 0.023 0.211 0.123 0.260 0.222 0.012 0.179 
 190   (0.140) 0.300 0.284 0.202 0.132 0.140 0.016 0.411 0.017 0.119 0.089 0.116 0.120 0.045 0.344 
 194   (0.570) 0.393 0.555 0.478 0.577 0.570 0.403 0.495 0.949 0.585 0.558 0.595 0.580 0.556 0.469 
 200   (0.066) 0.188 0.065 0.004 0.065 0.066 0.006 0.002 0.008 0.062 0.222 0.023 0.056 0.305 0.006 
 202   (0.019) 0.004 0.003 0.143 0.017 0.019 0.002 0.000 0.002 0.014 0.005 0.003 0.013 0.042 0.002 
 196   (0.008) 0.002 0.001 0.000 0.007 0.008 0.001 0.000 0.001 0.006 0.002 0.001 0.006 0.000 0.001 
 198   (0.008) 0.002 0.001 0.000 0.007 0.008 0.001 0.000 0.001 0.004 0.002 0.001 0.004 0.040 0.001 

Locus 20 : 20 
6 alleles
0.8% missing data
 252   (0.692) 0.654 0.717 0.731 0.706 0.692 0.812 0.848 0.388 0.741 0.838 0.769 0.742 0.077 0.730 
 250   (0.087) 0.073 0.026 0.137 0.079 0.086 0.012 0.094 0.336 0.064 0.035 0.179 0.059 0.430 0.072 
 244   (0.023) 0.008 0.014 0.002 0.020 0.023 0.154 0.008 0.003 0.014 0.007 0.005 0.013 0.041 0.002 
 254   (0.085) 0.138 0.128 0.082 0.078 0.085 0.011 0.034 0.083 0.066 0.076 0.021 0.064 0.239 0.010 
 246   (0.094) 0.122 0.111 0.048 0.093 0.094 0.010 0.004 0.187 0.089 0.036 0.020 0.091 0.212 0.184 
 248   (0.020) 0.005 0.003 0.001 0.024 0.020 0.002 0.011 0.002 0.026 0.009 0.006 0.031 0.001 0.002 

Locus 21 : 21 
7 alleles
0.0% missing data
 173   (0.282) 0.290 0.567 0.214 0.270 0.282 0.159 0.372 0.136 0.255 0.459 0.558 0.244 0.203 0.151 
 177   (0.287) 0.432 0.213 0.170 0.292 0.287 0.175 0.260 0.268 0.302 0.228 0.263 0.299 0.043 0.614 
 175   (0.136) 0.048 0.083 0.258 0.133 0.137 0.017 0.030 0.450 0.130 0.104 0.055 0.120 0.497 0.028 
 167   (0.176) 0.057 0.118 0.121 0.181 0.176 0.636 0.331 0.130 0.184 0.173 0.087 0.193 0.070 0.191 
 163   (0.047) 0.013 0.008 0.221 0.046 0.047 0.005 0.003 0.006 0.044 0.015 0.021 0.044 0.111 0.006 
 159   (0.022) 0.006 0.003 0.001 0.026 0.022 0.002 0.001 0.003 0.033 0.006 0.004 0.043 0.001 0.002 
 165   (0.048) 0.154 0.008 0.015 0.052 0.048 0.005 0.005 0.007 0.052 0.016 0.012 0.057 0.074 0.008 

Locus 22 : 22 
11 alleles
1.0% missing data
 146   (0.222) 0.223 0.214 0.137 0.223 0.222 0.838 0.228 0.081 0.227 0.352 0.300 0.211 0.014 0.233 
 154   (0.010) 0.002 0.002 0.001 0.008 0.010 0.001 0.064 0.001 0.005 0.002 0.002 0.005 0.001 0.023 
 166   (0.090) 0.167 0.019 0.006 0.094 0.090 0.010 0.024 0.120 0.103 0.039 0.026 0.108 0.005 0.218 
 152   (0.441) 0.533 0.661 0.370 0.430 0.441 0.126 0.644 0.478 0.416 0.522 0.568 0.420 0.107 0.467 
 150   (0.035) 0.011 0.008 0.002 0.040 0.035 0.004 0.008 0.084 0.044 0.020 0.012 0.043 0.113 0.007 
 164   (0.029) 0.007 0.005 0.002 0.027 0.029 0.004 0.013 0.004 0.024 0.009 0.007 0.023 0.068 0.036 
 148   (0.011) 0.002 0.002 0.001 0.009 0.011 0.001 0.000 0.210 0.007 0.003 0.002 0.006 0.001 0.001 
 158   (0.080) 0.026 0.015 0.104 0.087 0.080 0.010 0.017 0.011 0.096 0.026 0.048 0.103 0.426 0.007 
 162   (0.048) 0.020 0.009 0.070 0.051 0.049 0.004 0.001 0.006 0.056 0.017 0.014 0.062 0.135 0.004 
 142   (0.017) 0.004 0.056 0.001 0.015 0.017 0.002 0.000 0.002 0.012 0.005 0.003 0.010 0.029 0.001 
 156   (0.017) 0.004 0.010 0.307 0.015 0.017 0.002 0.000 0.002 0.009 0.004 0.018 0.009 0.103 0.001 

Locus 23 : 23 
7 alleles
0.5% missing data
 152   (0.016) 0.004 0.002 0.001 0.013 0.016 0.001 0.060 0.002 0.009 0.005 0.005 0.008 0.001 0.091 
 156   (0.127) 0.088 0.037 0.032 0.135 0.127 0.012 0.035 0.017 0.152 0.060 0.033 0.164 0.416 0.080 
 144   (0.162) 0.053 0.405 0.638 0.152 0.161 0.022 0.180 0.562 0.135 0.195 0.121 0.135 0.245 0.170 
 160   (0.105) 0.182 0.036 0.105 0.097 0.105 0.012 0.188 0.013 0.086 0.106 0.209 0.085 0.015 0.253 
 154   (0.554) 0.528 0.515 0.223 0.570 0.554 0.932 0.534 0.400 0.588 0.623 0.626 0.577 0.183 0.401 
 158   (0.026) 0.143 0.004 0.002 0.024 0.026 0.019 0.003 0.003 0.021 0.007 0.005 0.023 0.139 0.002 
 146   (0.010) 0.002 0.001 0.001 0.009 0.010 0.001 0.000 0.002 0.009 0.003 0.002 0.008 0.001 0.001 

Locus 24 : 24 
4 alleles
0.3% missing data
  77   (0.084) 0.035 0.051 0.049 0.078 0.084 0.039 0.331 0.011 0.070 0.158 0.068 0.064 0.005 0.058 
  83   (0.461) 0.462 0.421 0.921 0.456 0.461 0.234 0.492 0.723 0.450 0.336 0.457 0.446 0.593 0.594 
  81   (0.373) 0.477 0.425 0.025 0.385 0.373 0.714 0.160 0.255 0.399 0.425 0.326 0.410 0.373 0.301 
  85   (0.082) 0.026 0.104 0.005 0.081 0.082 0.012 0.016 0.011 0.081 0.081 0.149 0.080 0.030 0.046 

Locus 25 : 25 
6 alleles
0.3% missing data
 132   (0.320) 0.277 0.399 0.447 0.327 0.320 0.917 0.518 0.211 0.329 0.262 0.392 0.328 0.021 0.212 
 124   (0.534) 0.650 0.462 0.544 0.534 0.534 0.064 0.407 0.398 0.543 0.582 0.553 0.547 0.483 0.740 
 126   (0.029) 0.008 0.004 0.002 0.026 0.029 0.004 0.057 0.004 0.020 0.008 0.006 0.019 0.012 0.036 
 122   (0.079) 0.055 0.129 0.005 0.077 0.079 0.013 0.017 0.027 0.075 0.137 0.040 0.076 0.459 0.009 
 120   (0.023) 0.005 0.004 0.001 0.022 0.023 0.002 0.001 0.358 0.020 0.007 0.004 0.019 0.023 0.002 
 136   (0.015) 0.004 0.002 0.001 0.014 0.015 0.001 0.001 0.002 0.013 0.005 0.005 0.011 0.001 0.001 

Locus 26 : 26 
7 alleles
0.0% missing data
 165   (0.231) 0.209 0.431 0.054 0.226 0.231 0.698 0.117 0.309 0.219 0.224 0.118 0.217 0.102 0.166 
 183   (0.349) 0.354 0.378 0.423 0.352 0.349 0.184 0.584 0.328 0.353 0.263 0.325 0.367 0.202 0.486 
 179   (0.095) 0.035 0.026 0.006 0.090 0.095 0.017 0.057 0.321 0.080 0.177 0.076 0.076 0.292 0.098 
 175   (0.272) 0.390 0.158 0.449 0.282 0.272 0.096 0.240 0.036 0.301 0.317 0.470 0.297 0.017 0.247 
 181   (0.037) 0.009 0.006 0.068 0.036 0.037 0.004 0.001 0.004 0.039 0.015 0.007 0.036 0.268 0.003 
 157   (0.007) 0.002 0.001 0.000 0.006 0.007 0.001 0.000 0.001 0.005 0.002 0.001 0.004 0.000 0.001 
 185   (0.008) 0.002 0.001 0.000 0.007 0.008 0.001 0.000 0.001 0.004 0.002 0.001 0.004 0.118 0.001 

Locus 27 : 27 
4 alleles
0.0% missing data
 142   (0.649) 0.645 0.844 0.742 0.651 0.649 0.334 0.717 0.340 0.655 0.641 0.769 0.656 0.525 0.611 
 148   (0.192) 0.062 0.062 0.067 0.198 0.192 0.389 0.074 0.640 0.208 0.142 0.095 0.213 0.261 0.163 
 138   (0.044) 0.015 0.047 0.003 0.038 0.044 0.266 0.196 0.006 0.029 0.013 0.010 0.027 0.045 0.214 
 150   (0.115) 0.278 0.046 0.188 0.112 0.115 0.012 0.013 0.015 0.107 0.204 0.126 0.104 0.169 0.011 

Locus 28 : 28 
6 alleles
1.0% missing data
 260   (0.394) 0.472 0.500 0.379 0.400 0.394 0.268 0.358 0.074 0.400 0.527 0.537 0.399 0.229 0.428 
 262   (0.490) 0.464 0.419 0.548 0.484 0.490 0.718 0.634 0.911 0.482 0.394 0.342 0.474 0.685 0.561 
 256   (0.077) 0.053 0.056 0.071 0.078 0.077 0.012 0.007 0.011 0.079 0.066 0.045 0.084 0.083 0.007 
 258   (0.013) 0.004 0.002 0.001 0.014 0.013 0.001 0.000 0.001 0.016 0.003 0.002 0.021 0.001 0.001 
 264   (0.018) 0.005 0.004 0.001 0.017 0.018 0.002 0.000 0.002 0.019 0.007 0.072 0.017 0.001 0.002 
 266   (0.008) 0.002 0.019 0.000 0.006 0.008 0.001 0.000 0.001 0.004 0.002 0.001 0.004 0.000 0.001 

Locus 29 : 29 
7 alleles
0.5% missing data
 146   (0.271) 0.290 0.150 0.338 0.268 0.271 0.087 0.183 0.038 0.265 0.187 0.338 0.270 0.315 0.244 
 150   (0.434) 0.266 0.627 0.290 0.444 0.434 0.148 0.695 0.142 0.461 0.591 0.425 0.457 0.234 0.500 
 140   (0.185) 0.200 0.088 0.060 0.182 0.185 0.709 0.080 0.807 0.179 0.191 0.214 0.172 0.405 0.043 
 148   (0.071) 0.171 0.055 0.310 0.068 0.071 0.052 0.036 0.009 0.063 0.020 0.015 0.067 0.038 0.197 
 152   (0.024) 0.064 0.077 0.002 0.025 0.024 0.003 0.001 0.003 0.024 0.007 0.006 0.025 0.008 0.002 
 151   (0.008) 0.002 0.001 0.000 0.007 0.008 0.001 0.004 0.001 0.004 0.002 0.002 0.004 0.000 0.013 
 142   (0.007) 0.006 0.001 0.000 0.006 0.007 0.001 0.002 0.001 0.005 0.002 0.001 0.004 0.000 0.001 

Locus 30 : 30 
6 alleles
0.3% missing data
 125   (0.289) 0.120 0.080 0.031 0.303 0.290 0.630 0.472 0.159 0.324 0.142 0.129 0.334 0.144 0.332 
 129   (0.416) 0.579 0.584 0.785 0.412 0.416 0.314 0.477 0.229 0.401 0.539 0.620 0.403 0.066 0.596 
 123   (0.162) 0.162 0.274 0.103 0.156 0.162 0.042 0.047 0.022 0.149 0.178 0.208 0.137 0.112 0.061 
 121   (0.011) 0.003 0.002 0.001 0.010 0.011 0.001 0.000 0.044 0.007 0.003 0.002 0.007 0.001 0.001 
 127   (0.075) 0.120 0.049 0.078 0.069 0.075 0.008 0.002 0.540 0.062 0.071 0.018 0.059 0.537 0.006 
 131   (0.047) 0.017 0.010 0.003 0.050 0.047 0.005 0.001 0.006 0.056 0.067 0.022 0.061 0.141 0.004 

Locus 31 : 31 
6 alleles
0.3% missing data
 159   (0.151) 0.153 0.166 0.010 0.142 0.151 0.066 0.126 0.019 0.129 0.286 0.423 0.116 0.198 0.151 
 155   (0.554) 0.394 0.615 0.710 0.573 0.554 0.567 0.696 0.601 0.596 0.364 0.346 0.610 0.404 0.801 
 157   (0.177) 0.407 0.190 0.020 0.170 0.177 0.308 0.092 0.140 0.165 0.269 0.139 0.163 0.063 0.037 
 153   (0.077) 0.033 0.022 0.005 0.077 0.077 0.054 0.081 0.068 0.078 0.069 0.084 0.081 0.326 0.007 
 151   (0.034) 0.011 0.005 0.255 0.031 0.034 0.004 0.003 0.170 0.027 0.010 0.007 0.025 0.008 0.003 
 163   (0.008) 0.002 0.002 0.001 0.007 0.008 0.001 0.001 0.001 0.005 0.002 0.002 0.005 0.000 0.001 

Locus 32 : 32 
5 alleles
1.0% missing data
  91   (0.424) 0.344 0.668 0.146 0.425 0.424 0.545 0.565 0.556 0.422 0.402 0.472 0.404 0.247 0.671 
  94   (0.071) 0.021 0.012 0.005 0.075 0.071 0.034 0.051 0.009 0.082 0.024 0.016 0.092 0.029 0.082 
  95   (0.158) 0.451 0.036 0.411 0.170 0.158 0.018 0.123 0.297 0.179 0.126 0.066 0.204 0.223 0.033 
  92   (0.339) 0.181 0.282 0.438 0.323 0.339 0.403 0.261 0.137 0.312 0.446 0.444 0.295 0.491 0.213 
  90   (0.008) 0.002 0.001 0.001 0.007 0.008 0.001 0.000 0.001 0.004 0.002 0.002 0.004 0.010 0.001 

Locus 33 : 33 
5 alleles
0.0% missing data
 146   (0.310) 0.155 0.337 0.311 0.312 0.310 0.063 0.067 0.585 0.321 0.318 0.393 0.316 0.656 0.069 
 150   (0.574) 0.547 0.639 0.639 0.576 0.574 0.925 0.851 0.400 0.573 0.632 0.509 0.578 0.238 0.885 
 148   (0.063) 0.220 0.011 0.047 0.056 0.063 0.007 0.081 0.009 0.049 0.029 0.025 0.047 0.038 0.041 
 154   (0.039) 0.010 0.008 0.002 0.043 0.039 0.004 0.001 0.005 0.048 0.017 0.017 0.051 0.067 0.005 
 152   (0.014) 0.068 0.005 0.001 0.012 0.014 0.001 0.000 0.002 0.009 0.004 0.056 0.008 0.001 0.001 

Locus 34 : 34 
7 alleles
0.0% missing data
 180   (0.454) 0.360 0.454 0.670 0.463 0.454 0.421 0.613 0.725 0.479 0.376 0.210 0.485 0.362 0.400 
 196   (0.114) 0.037 0.105 0.007 0.109 0.114 0.125 0.177 0.015 0.105 0.126 0.177 0.102 0.028 0.191 
 184   (0.208) 0.228 0.293 0.071 0.200 0.208 0.427 0.149 0.233 0.188 0.106 0.516 0.183 0.178 0.140 
 194   (0.014) 0.005 0.002 0.001 0.012 0.014 0.002 0.039 0.002 0.008 0.003 0.003 0.007 0.001 0.040 
 192   (0.127) 0.344 0.127 0.184 0.127 0.127 0.015 0.006 0.015 0.127 0.259 0.061 0.125 0.172 0.011 
 198   (0.072) 0.024 0.014 0.065 0.081 0.072 0.010 0.016 0.009 0.087 0.036 0.015 0.093 0.259 0.217 
 190   (0.011) 0.003 0.005 0.001 0.009 0.011 0.001 0.000 0.001 0.006 0.093 0.017 0.006 0.001 0.001 

Locus 35 : 35 
6 alleles
0.0% missing data
 110   (0.174) 0.057 0.084 0.072 0.179 0.174 0.265 0.380 0.188 0.178 0.181 0.051 0.189 0.114 0.159 
 112   (0.349) 0.501 0.365 0.057 0.349 0.349 0.063 0.502 0.045 0.368 0.321 0.477 0.358 0.051 0.726 
 106   (0.302) 0.238 0.436 0.711 0.302 0.302 0.601 0.090 0.179 0.300 0.375 0.370 0.298 0.243 0.094 
  90   (0.035) 0.164 0.006 0.002 0.031 0.035 0.055 0.019 0.451 0.025 0.020 0.007 0.025 0.002 0.007 
 108   (0.133) 0.038 0.108 0.111 0.132 0.133 0.015 0.008 0.136 0.125 0.101 0.093 0.126 0.588 0.012 
  96   (0.008) 0.002 0.001 0.046 0.007 0.008 0.001 0.000 0.001 0.004 0.002 0.001 0.004 0.000 0.001 

Locus 36 : 36 
9 alleles
0.0% missing data
 166   (0.059) 0.085 0.111 0.004 0.057 0.059 0.010 0.282 0.008 0.052 0.042 0.097 0.043 0.004 0.210 
 176   (0.097) 0.123 0.017 0.016 0.093 0.097 0.020 0.121 0.013 0.091 0.033 0.023 0.086 0.100 0.361 
 172   (0.328) 0.413 0.435 0.583 0.338 0.328 0.435 0.453 0.045 0.338 0.370 0.374 0.338 0.153 0.234 
 170   (0.284) 0.145 0.224 0.324 0.284 0.284 0.497 0.135 0.588 0.292 0.230 0.219 0.305 0.347 0.165 
 174   (0.133) 0.165 0.176 0.067 0.132 0.133 0.013 0.006 0.018 0.134 0.272 0.075 0.131 0.045 0.014 
 178   (0.037) 0.025 0.009 0.002 0.035 0.037 0.019 0.002 0.005 0.035 0.022 0.101 0.036 0.002 0.011 
 168   (0.041) 0.039 0.024 0.002 0.043 0.041 0.004 0.001 0.321 0.044 0.012 0.010 0.047 0.326 0.003 
 186   (0.015) 0.004 0.004 0.001 0.012 0.015 0.001 0.000 0.002 0.008 0.016 0.100 0.008 0.023 0.001 
 158   (0.007) 0.002 0.001 0.000 0.007 0.007 0.001 0.000 0.001 0.006 0.002 0.001 0.006 0.000 0.001 

Locus 37 : 37 
6 alleles
0.0% missing data
  89   (0.555) 0.703 0.529 0.506 0.558 0.555 0.248 0.656 0.342 0.563 0.682 0.767 0.554 0.609 0.680 
  95   (0.058) 0.016 0.150 0.004 0.053 0.058 0.042 0.082 0.007 0.046 0.053 0.040 0.042 0.027 0.029 
  85   (0.168) 0.215 0.164 0.237 0.167 0.167 0.263 0.224 0.519 0.160 0.084 0.126 0.163 0.016 0.242 
  81   (0.059) 0.018 0.045 0.004 0.061 0.059 0.007 0.009 0.010 0.072 0.061 0.016 0.076 0.004 0.006 
  83   (0.142) 0.043 0.108 0.248 0.144 0.142 0.438 0.028 0.018 0.146 0.116 0.048 0.154 0.317 0.042 
  91   (0.018) 0.004 0.004 0.001 0.016 0.018 0.002 0.000 0.103 0.012 0.005 0.003 0.011 0.027 0.001 

Locus 38 : 38 
10 alleles
0.0% missing data
 161   (0.340) 0.476 0.213 0.375 0.334 0.340 0.088 0.559 0.413 0.327 0.346 0.215 0.334 0.700 0.561 
 165   (0.226) 0.071 0.390 0.101 0.229 0.227 0.064 0.171 0.147 0.236 0.178 0.151 0.232 0.116 0.237 
 159   (0.018) 0.005 0.004 0.001 0.018 0.018 0.002 0.035 0.002 0.017 0.006 0.004 0.014 0.001 0.015 
 173   (0.256) 0.400 0.169 0.514 0.250 0.256 0.188 0.130 0.193 0.245 0.341 0.389 0.235 0.174 0.095 
 169   (0.095) 0.030 0.144 0.006 0.104 0.095 0.653 0.094 0.238 0.110 0.108 0.193 0.120 0.006 0.085 
 167   (0.018) 0.005 0.003 0.001 0.021 0.018 0.002 0.010 0.002 0.022 0.006 0.004 0.023 0.001 0.002 
 168   (0.010) 0.002 0.001 0.001 0.010 0.010 0.001 0.000 0.001 0.010 0.003 0.002 0.010 0.001 0.001 
 155   (0.018) 0.006 0.004 0.001 0.018 0.018 0.002 0.000 0.002 0.022 0.006 0.003 0.023 0.001 0.001 
 177   (0.007) 0.002 0.001 0.000 0.007 0.007 0.001 0.000 0.001 0.005 0.003 0.001 0.004 0.000 0.001 
 175   (0.011) 0.002 0.070 0.001 0.009 0.011 0.001 0.000 0.001 0.006 0.003 0.039 0.005 0.001 0.001 

Locus 39 : 39 
6 alleles
0.8% missing data
  87   (0.105) 0.044 0.032 0.129 0.096 0.105 0.014 0.171 0.645 0.083 0.138 0.041 0.080 0.422 0.130 
  89   (0.425) 0.552 0.653 0.092 0.430 0.425 0.752 0.565 0.054 0.437 0.452 0.545 0.437 0.231 0.688 
  91   (0.153) 0.082 0.041 0.186 0.164 0.153 0.192 0.142 0.168 0.177 0.133 0.058 0.189 0.107 0.025 
  81   (0.118) 0.151 0.055 0.116 0.120 0.118 0.012 0.089 0.015 0.120 0.083 0.106 0.110 0.007 0.076 
  85   (0.191) 0.169 0.218 0.476 0.185 0.191 0.028 0.031 0.116 0.180 0.192 0.248 0.179 0.233 0.080 
  83   (0.008) 0.002 0.001 0.001 0.007 0.008 0.001 0.003 0.001 0.004 0.002 0.002 0.004 0.000 0.001 

Locus 40 : 40 
4 alleles
0.5% missing data
 167   (0.756) 0.826 0.614 0.860 0.761 0.756 0.921 0.919 0.639 0.767 0.832 0.928 0.766 0.407 0.903 
 161   (0.204) 0.163 0.268 0.137 0.200 0.204 0.072 0.079 0.357 0.198 0.137 0.062 0.198 0.469 0.093 
 165   (0.032) 0.009 0.117 0.002 0.032 0.032 0.006 0.001 0.004 0.029 0.028 0.008 0.030 0.123 0.003 
 177   (0.008) 0.002 0.001 0.001 0.007 0.008 0.001 0.000 0.001 0.006 0.003 0.002 0.005 0.000 0.001 

Locus 41 : 41 
6 alleles
0.5% missing data
 228   (0.434) 0.628 0.431 0.234 0.432 0.433 0.706 0.515 0.645 0.427 0.468 0.657 0.417 0.111 0.660 
 238   (0.337) 0.207 0.331 0.115 0.347 0.337 0.065 0.326 0.093 0.368 0.320 0.277 0.374 0.071 0.262 
 224   (0.028) 0.090 0.004 0.002 0.024 0.028 0.003 0.094 0.004 0.018 0.007 0.005 0.016 0.013 0.051 
 236   (0.099) 0.042 0.040 0.391 0.093 0.099 0.216 0.062 0.246 0.082 0.089 0.026 0.078 0.300 0.017 
 232   (0.012) 0.003 0.002 0.001 0.011 0.012 0.001 0.000 0.001 0.008 0.004 0.003 0.008 0.001 0.003 
 240   (0.090) 0.031 0.192 0.257 0.093 0.090 0.009 0.002 0.011 0.097 0.111 0.032 0.107 0.505 0.007 

Locus 42 : 42 
7 alleles
0.0% missing data
 128   (0.130) 0.148 0.281 0.034 0.126 0.130 0.252 0.124 0.016 0.118 0.180 0.167 0.108 0.008 0.121 
 130   (0.541) 0.567 0.378 0.779 0.553 0.541 0.682 0.632 0.070 0.573 0.505 0.413 0.581 0.732 0.526 
 114   (0.048) 0.107 0.007 0.003 0.044 0.048 0.031 0.111 0.424 0.037 0.013 0.010 0.038 0.003 0.045 
 132   (0.102) 0.034 0.170 0.047 0.101 0.102 0.014 0.119 0.013 0.096 0.106 0.296 0.103 0.006 0.291 
 118   (0.065) 0.022 0.133 0.130 0.062 0.065 0.009 0.003 0.232 0.056 0.108 0.033 0.051 0.073 0.006 
 134   (0.106) 0.122 0.029 0.007 0.107 0.106 0.011 0.011 0.244 0.115 0.086 0.080 0.115 0.178 0.011 
 136   (0.007) 0.002 0.001 0.000 0.006 0.008 0.001 0.000 0.001 0.005 0.002 0.001 0.004 0.000 0.001 

Locus 43 : 43 
6 alleles
0.8% missing data
 102   (0.266) 0.196 0.315 0.478 0.264 0.266 0.071 0.407 0.544 0.260 0.340 0.377 0.253 0.016 0.464 
 104   (0.417) 0.555 0.505 0.412 0.430 0.417 0.096 0.205 0.058 0.450 0.531 0.428 0.459 0.224 0.130 
  92   (0.126) 0.037 0.024 0.008 0.126 0.126 0.015 0.098 0.053 0.131 0.069 0.144 0.128 0.325 0.280 
  96   (0.068) 0.022 0.029 0.004 0.064 0.068 0.731 0.064 0.089 0.057 0.024 0.020 0.057 0.181 0.038 
  98   (0.116) 0.186 0.126 0.097 0.110 0.116 0.086 0.224 0.254 0.097 0.033 0.027 0.099 0.253 0.087 
 106   (0.008) 0.003 0.001 0.001 0.007 0.008 0.001 0.001 0.001 0.005 0.002 0.003 0.005 0.000 0.001 

Locus 44 : 44 
5 alleles
0.3% missing data
 101   (0.310) 0.436 0.163 0.185 0.306 0.310 0.080 0.466 0.041 0.309 0.263 0.356 0.305 0.353 0.286 
 103   (0.304) 0.137 0.483 0.348 0.295 0.304 0.462 0.176 0.254 0.283 0.376 0.478 0.268 0.100 0.335 
  99   (0.141) 0.327 0.105 0.009 0.147 0.141 0.080 0.033 0.422 0.150 0.082 0.049 0.171 0.189 0.197 
  95   (0.235) 0.098 0.247 0.457 0.242 0.234 0.376 0.325 0.094 0.250 0.276 0.114 0.249 0.354 0.181 
  97   (0.011) 0.003 0.002 0.001 0.010 0.011 0.001 0.000 0.189 0.007 0.003 0.002 0.007 0.005 0.001 

Locus 45 : 45 
7 alleles
0.3% missing data
 177   (0.064) 0.018 0.062 0.004 0.058 0.064 0.008 0.059 0.009 0.051 0.057 0.046 0.049 0.095 0.166 
 191   (0.274) 0.383 0.130 0.099 0.286 0.274 0.045 0.184 0.247 0.301 0.318 0.187 0.327 0.639 0.116 
 181   (0.587) 0.579 0.700 0.861 0.581 0.587 0.941 0.756 0.536 0.572 0.602 0.747 0.557 0.144 0.712 
 179   (0.042) 0.012 0.006 0.003 0.046 0.043 0.004 0.001 0.203 0.053 0.016 0.008 0.047 0.110 0.004 
 183   (0.011) 0.003 0.003 0.001 0.010 0.011 0.001 0.000 0.001 0.010 0.003 0.002 0.009 0.001 0.001 
 193   (0.014) 0.004 0.097 0.001 0.012 0.014 0.001 0.000 0.002 0.009 0.004 0.009 0.007 0.011 0.001 
 189   (0.008) 0.002 0.001 0.031 0.007 0.008 0.001 0.000 0.001 0.004 0.002 0.001 0.004 0.000 0.001 

Locus 46 : 46 
6 alleles
0.8% missing data
 205   (0.459) 0.395 0.527 0.406 0.477 0.459 0.878 0.497 0.271 0.503 0.435 0.689 0.509 0.307 0.565 
 211   (0.223) 0.410 0.125 0.270 0.223 0.223 0.040 0.256 0.320 0.222 0.140 0.111 0.230 0.389 0.140 
 207   (0.150) 0.099 0.231 0.203 0.140 0.150 0.060 0.122 0.019 0.130 0.193 0.156 0.122 0.073 0.193 
 201   (0.068) 0.025 0.019 0.004 0.064 0.068 0.011 0.077 0.377 0.056 0.144 0.020 0.054 0.043 0.054 
 215   (0.087) 0.067 0.094 0.115 0.083 0.087 0.010 0.049 0.011 0.076 0.084 0.021 0.070 0.180 0.047 
 202   (0.014) 0.004 0.004 0.001 0.014 0.014 0.001 0.000 0.002 0.014 0.004 0.003 0.016 0.008 0.001 

Locus 47 : 47 
9 alleles
1.0% missing data
 144   (0.078) 0.032 0.017 0.131 0.075 0.078 0.068 0.233 0.012 0.070 0.100 0.022 0.064 0.009 0.159 
 158   (0.163) 0.109 0.032 0.083 0.168 0.163 0.035 0.117 0.026 0.175 0.198 0.084 0.190 0.127 0.336 
 168   (0.147) 0.087 0.054 0.110 0.138 0.147 0.060 0.236 0.196 0.128 0.086 0.037 0.122 0.227 0.075 
 166   (0.142) 0.048 0.354 0.384 0.134 0.142 0.470 0.310 0.061 0.118 0.073 0.159 0.112 0.016 0.168 
 142   (0.352) 0.692 0.454 0.284 0.371 0.351 0.355 0.099 0.051 0.393 0.481 0.643 0.403 0.148 0.234 
 170   (0.015) 0.004 0.002 0.001 0.014 0.015 0.002 0.002 0.002 0.013 0.004 0.003 0.014 0.043 0.001 
 156   (0.028) 0.008 0.004 0.002 0.025 0.028 0.003 0.001 0.567 0.020 0.013 0.009 0.018 0.081 0.010 
 162   (0.031) 0.008 0.073 0.002 0.031 0.031 0.003 0.001 0.080 0.032 0.011 0.006 0.026 0.169 0.003 
 164   (0.045) 0.013 0.008 0.003 0.045 0.046 0.006 0.001 0.006 0.052 0.034 0.036 0.049 0.181 0.014 

Locus 48 : 48 
7 alleles
7.6% missing data
 149   (0.370) 0.334 0.450 0.332 0.374 0.370 0.437 0.214 0.332 0.375 0.311 0.349 0.371 0.764 0.183 
 151   (0.183) 0.363 0.139 0.012 0.175 0.183 0.125 0.187 0.062 0.164 0.174 0.212 0.159 0.092 0.552 
 153   (0.212) 0.225 0.336 0.027 0.225 0.212 0.105 0.368 0.026 0.242 0.318 0.327 0.253 0.042 0.148 
 147   (0.028) 0.009 0.005 0.002 0.026 0.028 0.003 0.036 0.045 0.021 0.011 0.006 0.020 0.005 0.024 
 145   (0.181) 0.061 0.067 0.627 0.177 0.181 0.327 0.192 0.532 0.179 0.179 0.101 0.180 0.039 0.090 
 152   (0.008) 0.003 0.001 0.000 0.007 0.008 0.001 0.003 0.001 0.005 0.002 0.002 0.005 0.001 0.001 
 143   (0.018) 0.004 0.003 0.001 0.016 0.018 0.002 0.001 0.002 0.014 0.005 0.003 0.013 0.057 0.002 

Values of parameters used in structure:
DATAFILE=temp2.str,	OUTFILE=k14/temp2_k14_run5,	NUMINDS=396,	NUMLOCI=48,	MISSING=-9,	LABEL=1,	POPDATA=1,	POPFLAG=0,	PHENOTYPE=0,	EXTRACOLS=0,	MAXPOPS=14,	BURNIN=500000,	NUMREPS=750000,	USEPOPINFO=0,	INFERALPHA=1,	INFERLAMBDA=0,	POPSPECIFICLAMBDA=0,	POPALPHAS=0,	COMPUTEPROB=1,	NOADMIX=0,	ADMBURNIN=500,	UPDATEFREQ=100,	PRINTLIKES=0,	INTERMEDSAVE=0,	PRINTKLD=0,	PRINTNET=1,	PRINTLAMBDA=1,	ANCESTDIST=0,	NUMBOXES=1000,	ANCESTPINT=0.90000,	GENSBACK=2,	MIGRPRIOR=0.01000,	PRINTQHAT=0,	PRINTQSUM=1,	ALPHA=1.0000,	FREQSCORR=1,	FPRIORMEAN=0.0100,	FPRIORSD=0.0500,	ONEFST=0,	LAMBDA=1.0000,	UNIFPRIORALPHA=1,	ALPHAMAX=10.0000,	ALPHAPRIORA=1.0000,	ALPHAPRIORB=2.0000,	ALPHAPROPSD=0.0250,	STARTATPOPINFO=0,	RANDOMIZE=0,	LINKAGE=0,	METROFREQ=10,	REPORTHITRATE=0,	MARKOVPHASE=0,	PHASED=1,	PLOIDY=2,	PHASEINFO=0	LOCPRIOR=0, 	LOCPRIORINIT=1.000000, 	LOCDATA=0, 	LOCISPOP=1, 	LOCPRIORSTEP=0.100000, 	MAXLOCPRIOR=20.000000, 	SEED=856224,	
[STRAT parameters]:    NUMSIMSTATS=1000,	PHENOTYPECOL=-9,	POOLFREQ=10,	LOCUSxONLY=0,	EMERROR=0.00100,	MISSINGPHENO=-9,	