

----------------------------------------------------
STRUCTURE by Pritchard, Stephens and Donnelly (2000)
     and Falush, Stephens and Pritchard (2003)
       Code by Pritchard, Falush and Hubisz
             Version 2.3.4 (Jul 2012)
----------------------------------------------------



Command line arguments:   structure -D 193401 -K 4 -m mainparams -o k4/temp2_k4_run9 
Input File:    temp2.str

Run parameters:
   396 individuals
   48 loci
   4 populations assumed
   500000 Burn-in period
   750000 Reps
RANDOMIZE turned off


--------------------------------------------
Proportion of membership of each pre-defined
 population in each of the 4 clusters

Given    Inferred Clusters              Number of
 Pop       1      2      3      4      Individuals

  1:     0.975  0.013  0.009  0.003       63
  2:     0.967  0.018  0.012  0.003       20
  3:     0.004  0.005  0.004  0.988       35
  4:     0.973  0.017  0.007  0.003       19
  5:     0.980  0.010  0.005  0.005       31
  6:     0.985  0.007  0.004  0.004       20
  7:     0.799  0.069  0.014  0.119        8
  8:     0.978  0.015  0.004  0.003       17
  9:     0.005  0.005  0.987  0.003       29
 10:     0.059  0.134  0.057  0.750        8
 11:     0.032  0.903  0.037  0.029       21
 12:     0.025  0.942  0.014  0.020       30
 13:     0.035  0.948  0.013  0.003       25
 14:     0.035  0.950  0.009  0.006       32
 15:     0.055  0.855  0.034  0.056       34
 16:     0.053  0.908  0.010  0.030        4
--------------------------------------------

Allele-freq. divergence among pops (Net nucleotide distance),
computed using point estimates of P.

      1       2       3       4      
 1      -    0.0266  0.0722  0.1195  
 2   0.0266     -    0.0567  0.0818  
 3   0.0722  0.0567     -    0.1057  
 4   0.1195  0.0818  0.1057     -    

Average distances (expected heterozygosity) between individuals in same cluster:
cluster  1  : 0.5588 
cluster  2  : 0.6239 
cluster  3  : 0.5535 
cluster  4  : 0.6491 

--------------------------------------------
Estimated Ln Prob of Data   = -43296.9
Mean value of ln likelihood = -42983.9
Variance of ln likelihood   = 625.9
Mean value of alpha         = 0.0332

Mean value of Fst_1         = 0.1429
Mean value of Fst_2         = 0.0333
Mean value of Fst_3         = 0.2087
Mean value of Fst_4         = 0.1421


Inferred ancestry of individuals:
        Label (%Miss) Pop:  Inferred clusters
  1     2055    (0)    1 :  0.989 0.006 0.002 0.002 
  2     2056    (0)    1 :  0.985 0.006 0.006 0.003 
  3     2057    (0)    1 :  0.983 0.011 0.002 0.004 
  4     2058    (0)    1 :  0.991 0.002 0.006 0.001 
  5     2059    (0)    1 :  0.991 0.004 0.003 0.002 
  6     2060    (0)    1 :  0.993 0.004 0.002 0.001 
  7     2061    (0)    1 :  0.976 0.010 0.006 0.008 
  8     2062    (0)    1 :  0.980 0.012 0.005 0.003 
  9     2063    (0)    1 :  0.993 0.004 0.002 0.001 
 10     2064    (0)    1 :  0.993 0.003 0.002 0.001 
 11     2065    (0)    1 :  0.995 0.002 0.002 0.001 
 12     2066    (0)    1 :  0.993 0.004 0.002 0.002 
 13     2067    (0)    1 :  0.984 0.006 0.007 0.004 
 14     2068    (0)    1 :  0.911 0.040 0.045 0.004 
 15     2069    (0)    1 :  0.994 0.003 0.002 0.001 
 16     2070    (0)    1 :  0.700 0.295 0.003 0.001 
 17     2071    (0)    1 :  0.980 0.007 0.011 0.002 
 18     2072    (0)    1 :  0.990 0.003 0.004 0.003 
 19     2073    (0)    1 :  0.915 0.022 0.013 0.050 
 20     2074    (0)    1 :  0.993 0.003 0.003 0.002 
 21     2075    (0)    1 :  0.969 0.007 0.021 0.003 
 22     2076    (0)    1 :  0.995 0.003 0.002 0.001 
 23     2077    (0)    1 :  0.967 0.015 0.010 0.008 
 24     2078    (0)    1 :  0.991 0.005 0.003 0.002 
 25     2079    (0)    1 :  0.918 0.018 0.062 0.002 
 26     2080    (0)    1 :  0.920 0.013 0.048 0.019 
 27     2081    (0)    1 :  0.991 0.004 0.003 0.002 
 28     2082    (0)    1 :  0.986 0.007 0.005 0.002 
 29     2083    (0)    1 :  0.991 0.005 0.002 0.002 
 30     2084    (0)    1 :  0.982 0.009 0.008 0.002 
 31     2085    (0)    1 :  0.986 0.008 0.003 0.003 
 32     2086    (0)    1 :  0.982 0.012 0.004 0.002 
 33     2087    (0)    1 :  0.943 0.005 0.049 0.002 
 34     2088    (0)    1 :  0.950 0.032 0.016 0.002 
 35     2089    (0)    1 :  0.994 0.002 0.003 0.001 
 36     2090    (0)    1 :  0.962 0.005 0.029 0.004 
 37     2091    (0)    1 :  0.991 0.005 0.003 0.001 
 38     2092    (0)    1 :  0.978 0.004 0.017 0.001 
 39     2093    (0)    1 :  0.994 0.003 0.002 0.001 
 40     2094    (0)    1 :  0.995 0.003 0.001 0.001 
 41     2095    (0)    1 :  0.942 0.006 0.050 0.001 
 42     2096    (0)    1 :  0.994 0.003 0.002 0.001 
 43     2097    (0)    1 :  0.994 0.003 0.002 0.001 
 44     2098    (0)    1 :  0.958 0.025 0.012 0.005 
 45     2099    (0)    1 :  0.973 0.021 0.004 0.002 
 46     2100    (0)    1 :  0.977 0.016 0.004 0.003 
 47     2101    (0)    1 :  0.987 0.005 0.005 0.002 
 48     2102    (2)    1 :  0.993 0.004 0.002 0.001 
 49     2103    (0)    1 :  0.988 0.006 0.004 0.001 
 50     2104    (0)    1 :  0.970 0.027 0.002 0.001 
 51     2105    (0)    1 :  0.983 0.011 0.004 0.001 
 52     2106    (0)    1 :  0.988 0.009 0.002 0.002 
 53     2107    (0)    1 :  0.986 0.009 0.003 0.002 
 54     2108    (0)    1 :  0.982 0.010 0.005 0.003 
 55     2109    (0)    1 :  0.988 0.008 0.002 0.002 
 56     2110    (0)    1 :  0.978 0.015 0.005 0.002 
 57     2111    (0)    1 :  0.988 0.007 0.004 0.001 
 58     2112    (0)    1 :  0.991 0.003 0.003 0.002 
 59     2583    (2)    1 :  0.987 0.003 0.006 0.003 
 60     2584    (4)    1 :  0.986 0.005 0.004 0.005 
 61     2587    (2)    1 :  0.989 0.008 0.003 0.001 
 62     2590    (2)    1 :  0.990 0.004 0.002 0.003 
 63     2591    (6)    1 :  0.967 0.015 0.015 0.003 
 64      282    (0)   10 :  0.096 0.273 0.008 0.624 
 65      284    (0)   10 :  0.029 0.117 0.251 0.602 
 66      287    (0)   10 :  0.017 0.364 0.009 0.611 
 67      295    (0)   10 :  0.021 0.011 0.091 0.877 
 68      302    (0)   10 :  0.010 0.020 0.049 0.922 
 69      306    (2)   10 :  0.046 0.028 0.034 0.892 
 70      308    (0)   10 :  0.173 0.220 0.005 0.603 
 71      867    (0)   10 :  0.080 0.042 0.007 0.871 
 72      315    (0)   11 :  0.010 0.920 0.065 0.006 
 73      565    (0)   11 :  0.020 0.878 0.080 0.023 
 74      566    (2)   11 :  0.007 0.981 0.009 0.003 
 75      567    (2)   11 :  0.052 0.935 0.005 0.008 
 76      877    (0)   11 :  0.019 0.973 0.003 0.004 
 77      878    (0)   11 :  0.007 0.886 0.012 0.095 
 78      879    (0)   11 :  0.014 0.931 0.005 0.050 
 79      880    (0)   11 :  0.009 0.965 0.006 0.021 
 80      881    (0)   11 :  0.008 0.914 0.016 0.062 
 81      882    (0)   11 :  0.015 0.770 0.020 0.195 
 82      883    (0)   11 :  0.013 0.942 0.004 0.042 
 83      884    (0)   11 :  0.020 0.976 0.002 0.001 
 84      885    (0)   11 :  0.007 0.982 0.004 0.007 
 85      886    (0)   11 :  0.009 0.722 0.255 0.014 
 86      887    (0)   11 :  0.017 0.967 0.004 0.012 
 87      888    (0)   11 :  0.349 0.614 0.027 0.010 
 88      889    (0)   11 :  0.007 0.970 0.007 0.016 
 89      890    (0)   11 :  0.006 0.956 0.024 0.015 
 90      891    (0)   11 :  0.033 0.943 0.012 0.012 
 91      892    (0)   11 :  0.015 0.974 0.006 0.005 
 92      893    (0)   11 :  0.031 0.753 0.210 0.006 
 93      341    (0)   12 :  0.008 0.868 0.019 0.105 
 94      343    (0)   12 :  0.010 0.941 0.012 0.037 
 95      914    (0)   12 :  0.017 0.976 0.005 0.001 
 96      916    (0)   12 :  0.225 0.684 0.006 0.085 
 97      924    (0)   12 :  0.004 0.979 0.013 0.004 
 98      938    (0)   12 :  0.018 0.975 0.002 0.005 
 99      939    (0)   12 :  0.012 0.974 0.012 0.002 
100      940    (0)   12 :  0.004 0.988 0.002 0.005 
101      941    (2)   12 :  0.005 0.947 0.026 0.023 
102      942    (0)   12 :  0.010 0.960 0.015 0.015 
103      943    (0)   12 :  0.017 0.977 0.003 0.002 
104      944    (0)   12 :  0.024 0.971 0.003 0.002 
105      945    (0)   12 :  0.004 0.992 0.002 0.001 
106      946    (0)   12 :  0.009 0.958 0.003 0.030 
107      947    (0)   12 :  0.006 0.946 0.044 0.005 
108      951    (0)   12 :  0.006 0.951 0.012 0.031 
109      952    (0)   12 :  0.007 0.868 0.123 0.002 
110      953    (0)   12 :  0.020 0.963 0.009 0.008 
111      954    (0)   12 :  0.007 0.978 0.007 0.007 
112      955    (0)   12 :  0.005 0.966 0.015 0.014 
113      961    (4)   12 :  0.041 0.945 0.005 0.008 
114      974    (0)   12 :  0.006 0.965 0.026 0.003 
115      975    (4)   12 :  0.022 0.966 0.003 0.009 
116      980    (0)   12 :  0.009 0.974 0.013 0.004 
117      981    (0)   12 :  0.033 0.900 0.005 0.062 
118      982    (0)   12 :  0.038 0.958 0.002 0.002 
119      984    (0)   12 :  0.047 0.921 0.005 0.027 
120      985    (0)   12 :  0.011 0.963 0.013 0.012 
121     2578    (4)   12 :  0.007 0.928 0.002 0.062 
122     2580    (2)   12 :  0.117 0.865 0.005 0.013 
123      328    (0)   13 :  0.499 0.470 0.017 0.013 
124      333    (0)   13 :  0.006 0.988 0.004 0.002 
125      918    (0)   13 :  0.007 0.901 0.088 0.003 
126      919    (0)   13 :  0.014 0.980 0.004 0.002 
127      920    (0)   13 :  0.010 0.985 0.003 0.002 
128      921    (0)   13 :  0.029 0.962 0.004 0.005 
129      922    (0)   13 :  0.025 0.969 0.004 0.002 
130      926    (0)   13 :  0.005 0.992 0.002 0.001 
131      927    (0)   13 :  0.009 0.985 0.004 0.003 
132      928    (0)   13 :  0.028 0.967 0.003 0.002 
133      929    (0)   13 :  0.035 0.961 0.002 0.003 
134      930    (0)   13 :  0.011 0.983 0.004 0.002 
135      932    (0)   13 :  0.016 0.977 0.004 0.003 
136      933    (0)   13 :  0.019 0.857 0.122 0.002 
137      949    (0)   13 :  0.014 0.975 0.005 0.005 
138      950    (0)   13 :  0.005 0.985 0.008 0.002 
139      964    (4)   13 :  0.010 0.983 0.002 0.005 
140      986    (0)   13 :  0.018 0.975 0.005 0.003 
141      987    (0)   13 :  0.030 0.961 0.006 0.003 
142     1001    (4)   13 :  0.013 0.982 0.003 0.002 
143     1002    (4)   13 :  0.010 0.967 0.016 0.006 
144     1003    (2)   13 :  0.035 0.960 0.003 0.002 
145     1004    (0)   13 :  0.004 0.986 0.007 0.003 
146     1005    (0)   13 :  0.017 0.977 0.005 0.001 
147     1010    (0)   13 :  0.014 0.979 0.006 0.001 
148      321    (0)   14 :  0.011 0.982 0.005 0.002 
149      338    (0)   14 :  0.006 0.989 0.003 0.002 
150      339    (0)   14 :  0.030 0.953 0.007 0.009 
151      363    (0)   14 :  0.004 0.975 0.005 0.015 
152      915    (0)   14 :  0.026 0.969 0.003 0.001 
153      917    (0)   14 :  0.005 0.990 0.003 0.002 
154      923    (0)   14 :  0.011 0.976 0.009 0.004 
155      925    (0)   14 :  0.009 0.981 0.008 0.002 
156      931    (0)   14 :  0.004 0.989 0.005 0.002 
157      935    (0)   14 :  0.009 0.985 0.004 0.002 
158      936    (0)   14 :  0.003 0.987 0.006 0.004 
159      937    (0)   14 :  0.004 0.992 0.002 0.002 
160      948    (0)   14 :  0.008 0.974 0.013 0.006 
161      956    (0)   14 :  0.012 0.984 0.003 0.002 
162      957    (0)   14 :  0.003 0.992 0.002 0.003 
163      967    (0)   14 :  0.004 0.992 0.003 0.001 
164      968    (2)   14 :  0.011 0.979 0.007 0.003 
165      969    (2)   14 :  0.010 0.978 0.009 0.003 
166      970    (2)   14 :  0.005 0.985 0.005 0.005 
167      971    (4)   14 :  0.012 0.983 0.003 0.002 
168      972    (0)   14 :  0.006 0.985 0.007 0.002 
169      973    (0)   14 :  0.011 0.945 0.016 0.029 
170      978    (0)   14 :  0.009 0.938 0.048 0.005 
171      979    (0)   14 :  0.559 0.366 0.002 0.072 
172      988    (6)   14 :  0.020 0.971 0.003 0.007 
173      989    (0)   14 :  0.012 0.981 0.004 0.003 
174      990    (0)   14 :  0.011 0.964 0.021 0.004 
175      991    (0)   14 :  0.004 0.989 0.005 0.002 
176      992    (0)   14 :  0.008 0.985 0.004 0.003 
177     1006    (2)   14 :  0.024 0.957 0.017 0.002 
178     1017    (0)   14 :  0.202 0.782 0.013 0.003 
179     2582    (4)   14 :  0.056 0.912 0.030 0.002 
180      319    (2)   15 :  0.012 0.972 0.008 0.008 
181      335    (0)   15 :  0.015 0.916 0.037 0.032 
182      895    (0)   15 :  0.008 0.788 0.006 0.198 
183      896    (0)   15 :  0.023 0.958 0.003 0.016 
184      897    (0)   15 :  0.008 0.976 0.008 0.008 
185      898    (0)   15 :  0.006 0.986 0.005 0.004 
186      899    (0)   15 :  0.310 0.662 0.007 0.020 
187      900    (0)   15 :  0.019 0.849 0.115 0.017 
188      901    (0)   15 :  0.378 0.468 0.040 0.114 
189      902    (0)   15 :  0.048 0.778 0.003 0.170 
190      903    (0)   15 :  0.010 0.913 0.005 0.073 
191      904    (0)   15 :  0.020 0.975 0.003 0.003 
192      905    (0)   15 :  0.458 0.253 0.004 0.286 
193      906    (0)   15 :  0.006 0.897 0.007 0.091 
194      907    (0)   15 :  0.027 0.798 0.011 0.165 
195      908    (0)   15 :  0.024 0.957 0.015 0.004 
196      909    (0)   15 :  0.016 0.742 0.237 0.005 
197      910    (0)   15 :  0.009 0.795 0.053 0.142 
198      911    (0)   15 :  0.024 0.871 0.089 0.016 
199      912    (0)   15 :  0.006 0.983 0.002 0.008 
200      913    (0)   15 :  0.036 0.876 0.062 0.025 
201     2411    (0)   15 :  0.011 0.959 0.010 0.020 
202     2412    (0)   15 :  0.009 0.982 0.006 0.003 
203     2413    (0)   15 :  0.110 0.635 0.056 0.199 
204     2414    (0)   15 :  0.014 0.972 0.002 0.012 
205     2415    (2)   15 :  0.023 0.958 0.015 0.004 
206     2417    (4)   15 :  0.086 0.889 0.008 0.017 
207     2418    (4)   15 :  0.014 0.915 0.011 0.060 
208     2419    (2)   15 :  0.006 0.984 0.007 0.003 
209     2420    (0)   15 :  0.004 0.947 0.009 0.040 
210     2421    (0)   15 :  0.005 0.980 0.008 0.006 
211     2422    (2)   15 :  0.011 0.688 0.282 0.020 
212     2423    (0)   15 :  0.082 0.855 0.022 0.041 
213     2576    (0)   15 :  0.024 0.897 0.014 0.065 
214     1079    (0)   16 :  0.029 0.956 0.004 0.011 
215     1081    (0)   16 :  0.060 0.928 0.009 0.003 
216     1082    (2)   16 :  0.024 0.861 0.015 0.100 
217     1083    (0)   16 :  0.098 0.886 0.011 0.006 
218       34    (0)    2 :  0.987 0.006 0.002 0.004 
219       38    (0)    2 :  0.919 0.029 0.045 0.007 
220       41    (0)    2 :  0.993 0.003 0.002 0.001 
221       44    (0)    2 :  0.992 0.004 0.003 0.001 
222       45    (0)    2 :  0.994 0.003 0.002 0.001 
223       47    (0)    2 :  0.697 0.215 0.085 0.003 
224       50    (0)    2 :  0.977 0.012 0.004 0.007 
225      384    (0)    2 :  0.986 0.009 0.003 0.002 
226      385    (2)    2 :  0.979 0.011 0.006 0.004 
227      386    (0)    2 :  0.993 0.003 0.003 0.001 
228      387    (0)    2 :  0.987 0.005 0.007 0.001 
229      388    (0)    2 :  0.990 0.003 0.006 0.001 
230      389    (0)    2 :  0.990 0.005 0.005 0.001 
231      390    (4)    2 :  0.950 0.019 0.026 0.006 
232      391    (0)    2 :  0.982 0.010 0.006 0.002 
233      392    (0)    2 :  0.991 0.005 0.002 0.001 
234      393    (2)    2 :  0.983 0.004 0.012 0.001 
235      394    (0)    2 :  0.994 0.003 0.002 0.001 
236      395    (0)    2 :  0.969 0.014 0.009 0.008 
237      396    (0)    2 :  0.982 0.004 0.010 0.003 
238     2470    (4)    3 :  0.002 0.003 0.002 0.993 
239     2471    (0)    3 :  0.003 0.003 0.003 0.991 
240     2472    (0)    3 :  0.002 0.004 0.003 0.991 
241     2484    (0)    3 :  0.002 0.003 0.008 0.987 
242     2486    (2)    3 :  0.002 0.002 0.003 0.994 
243     2487    (2)    3 :  0.004 0.005 0.007 0.984 
244     2489    (0)    3 :  0.004 0.007 0.002 0.986 
245     2596    (2)    3 :  0.002 0.007 0.014 0.977 
246     1366    (0)    3 :  0.002 0.002 0.001 0.994 
247     1367    (0)    3 :  0.004 0.003 0.003 0.991 
248     1368    (0)    3 :  0.006 0.008 0.010 0.976 
249     1369    (0)    3 :  0.003 0.004 0.004 0.989 
250     1370    (0)    3 :  0.002 0.003 0.002 0.993 
251     1371    (0)    3 :  0.003 0.002 0.003 0.991 
252     1372    (0)    3 :  0.003 0.004 0.003 0.991 
253     1373    (0)    3 :  0.004 0.004 0.002 0.990 
254     1374    (0)    3 :  0.002 0.003 0.004 0.992 
255     1375    (0)    3 :  0.001 0.002 0.002 0.995 
256     2476    (0)    3 :  0.006 0.003 0.003 0.988 
257     2478    (2)    3 :  0.002 0.005 0.002 0.991 
258     2479    (4)    3 :  0.002 0.002 0.002 0.993 
259     2481    (0)    3 :  0.005 0.007 0.003 0.985 
260     2483    (4)    3 :  0.002 0.003 0.002 0.993 
261     2485    (0)    3 :  0.001 0.003 0.003 0.993 
262     2488    (0)    3 :  0.001 0.002 0.002 0.995 
263     2490    (0)    3 :  0.003 0.003 0.003 0.992 
264     2492    (2)    3 :  0.002 0.002 0.003 0.993 
265     2493    (0)    3 :  0.012 0.018 0.009 0.960 
266     2494    (2)    3 :  0.008 0.008 0.002 0.982 
267     2495    (0)    3 :  0.021 0.029 0.012 0.939 
268     2496    (0)    3 :  0.002 0.003 0.003 0.992 
269     2497    (2)    3 :  0.002 0.002 0.002 0.994 
270     2592    (2)    3 :  0.003 0.002 0.002 0.993 
271     2593    (4)    3 :  0.003 0.003 0.002 0.992 
272     2595    (2)    3 :  0.002 0.003 0.003 0.992 
273     2498    (2)    4 :  0.982 0.006 0.006 0.005 
274     2513    (2)    4 :  0.983 0.005 0.009 0.002 
275     2514    (2)    4 :  0.959 0.029 0.004 0.007 
276     2597    (4)    4 :  0.983 0.012 0.003 0.002 
277     2499    (4)    4 :  0.969 0.019 0.010 0.002 
278     2500    (0)    4 :  0.981 0.004 0.007 0.008 
279     2506    (2)    4 :  0.990 0.004 0.003 0.003 
280     2509    (6)    4 :  0.931 0.031 0.033 0.005 
281     2511    (2)    4 :  0.990 0.004 0.004 0.002 
282     2512    (2)    4 :  0.992 0.004 0.002 0.002 
283     2515    (2)    4 :  0.994 0.002 0.002 0.001 
284     2516    (2)    4 :  0.982 0.015 0.002 0.001 
285     2517    (2)    4 :  0.986 0.008 0.003 0.003 
286     2518    (2)    4 :  0.972 0.016 0.009 0.003 
287     2519    (0)    4 :  0.876 0.088 0.029 0.007 
288     2520    (2)    4 :  0.993 0.003 0.002 0.002 
289     2521    (2)    4 :  0.946 0.049 0.002 0.003 
290     2603    (4)    4 :  0.984 0.009 0.004 0.004 
291     2606    (2)    4 :  0.988 0.008 0.002 0.002 
292       87    (0)    5 :  0.959 0.022 0.014 0.006 
293       88    (0)    5 :  0.992 0.003 0.003 0.001 
294       90    (0)    5 :  0.995 0.002 0.001 0.001 
295       92    (0)    5 :  0.982 0.012 0.003 0.003 
296       96    (0)    5 :  0.973 0.009 0.016 0.002 
297       97    (0)    5 :  0.991 0.005 0.002 0.002 
298      105    (0)    5 :  0.987 0.005 0.005 0.002 
299      120    (0)    5 :  0.963 0.014 0.004 0.018 
300      123    (0)    5 :  0.993 0.003 0.003 0.001 
301      128    (0)    5 :  0.992 0.004 0.003 0.002 
302      129    (0)    5 :  0.978 0.014 0.006 0.002 
303      132    (0)    5 :  0.989 0.006 0.002 0.003 
304      504    (0)    5 :  0.989 0.006 0.003 0.002 
305      505    (0)    5 :  0.990 0.005 0.003 0.002 
306      506    (0)    5 :  0.975 0.007 0.003 0.016 
307      507    (0)    5 :  0.985 0.010 0.003 0.002 
308      508    (0)    5 :  0.934 0.046 0.003 0.017 
309      509    (0)    5 :  0.973 0.016 0.002 0.008 
310      510    (0)    5 :  0.964 0.028 0.005 0.003 
311      511    (0)    5 :  0.970 0.006 0.021 0.003 
312      512    (0)    5 :  0.989 0.004 0.004 0.002 
313      513    (0)    5 :  0.993 0.003 0.002 0.002 
314      514    (0)    5 :  0.981 0.006 0.010 0.002 
315      515    (0)    5 :  0.954 0.023 0.004 0.020 
316      558    (0)    5 :  0.987 0.009 0.002 0.001 
317      559    (0)    5 :  0.994 0.002 0.001 0.002 
318      560    (0)    5 :  0.990 0.003 0.005 0.002 
319      561    (0)    5 :  0.991 0.003 0.003 0.002 
320      562    (0)    5 :  0.984 0.011 0.002 0.003 
321      563    (0)    5 :  0.950 0.012 0.007 0.031 
322      564    (0)    5 :  0.987 0.007 0.003 0.003 
323      136    (0)    6 :  0.985 0.005 0.004 0.006 
324      138    (0)    6 :  0.989 0.005 0.004 0.002 
325      140    (0)    6 :  0.983 0.008 0.008 0.001 
326      141    (0)    6 :  0.975 0.017 0.005 0.003 
327      144    (0)    6 :  0.976 0.004 0.017 0.003 
328      146    (0)    6 :  0.992 0.003 0.004 0.002 
329      148    (0)    6 :  0.992 0.005 0.001 0.001 
330      150    (0)    6 :  0.991 0.005 0.002 0.002 
331      152    (0)    6 :  0.994 0.003 0.002 0.001 
332      666    (0)    6 :  0.991 0.005 0.002 0.002 
333      667    (0)    6 :  0.987 0.008 0.002 0.002 
334      668    (0)    6 :  0.986 0.008 0.003 0.003 
335      669    (0)    6 :  0.992 0.004 0.002 0.003 
336      670    (0)    6 :  0.963 0.033 0.003 0.002 
337      684    (0)    6 :  0.993 0.003 0.002 0.001 
338      685    (0)    6 :  0.983 0.004 0.004 0.009 
339      686    (0)    6 :  0.991 0.004 0.003 0.002 
340      687    (0)    6 :  0.989 0.005 0.005 0.001 
341      688    (2)    6 :  0.992 0.004 0.003 0.002 
342      689    (0)    6 :  0.961 0.008 0.006 0.025 
343      165    (0)    7 :  0.979 0.013 0.004 0.004 
344      167    (0)    7 :  0.915 0.077 0.003 0.005 
345      170    (0)    7 :  0.979 0.008 0.010 0.003 
346      714    (0)    7 :  0.989 0.006 0.002 0.003 
347      715    (2)    7 :  0.816 0.105 0.004 0.076 
348      716    (0)    7 :  0.985 0.008 0.003 0.003 
349      717    (2)    7 :  0.720 0.241 0.011 0.028 
350     2346    (2)    7 :  0.009 0.089 0.073 0.829 
351      718    (0)    8 :  0.985 0.008 0.005 0.002 
352      719    (0)    8 :  0.965 0.022 0.010 0.003 
353      720    (0)    8 :  0.991 0.006 0.001 0.002 
354      721    (0)    8 :  0.953 0.021 0.017 0.009 
355      722    (0)    8 :  0.990 0.007 0.002 0.002 
356      723    (0)    8 :  0.989 0.006 0.003 0.001 
357      724    (0)    8 :  0.991 0.005 0.002 0.001 
358      725    (0)    8 :  0.989 0.004 0.005 0.002 
359      726    (0)    8 :  0.965 0.023 0.003 0.009 
360      727    (0)    8 :  0.993 0.003 0.002 0.002 
361      728    (2)    8 :  0.985 0.011 0.003 0.002 
362      729    (0)    8 :  0.932 0.061 0.004 0.002 
363      730    (0)    8 :  0.940 0.050 0.004 0.006 
364      731    (0)    8 :  0.981 0.010 0.006 0.003 
365      732    (0)    8 :  0.987 0.007 0.003 0.002 
366      733    (0)    8 :  0.989 0.007 0.003 0.001 
367      734    (0)    8 :  0.994 0.003 0.002 0.001 
368      189    (0)    9 :  0.014 0.012 0.971 0.003 
369      190    (0)    9 :  0.003 0.003 0.992 0.003 
370      193    (0)    9 :  0.004 0.004 0.989 0.002 
371      761    (0)    9 :  0.002 0.003 0.993 0.001 
372      762    (0)    9 :  0.004 0.005 0.990 0.002 
373      763    (0)    9 :  0.004 0.004 0.990 0.002 
374      764    (0)    9 :  0.003 0.003 0.992 0.001 
375      765    (0)    9 :  0.004 0.004 0.990 0.002 
376      778    (0)    9 :  0.025 0.016 0.947 0.013 
377      779    (0)    9 :  0.005 0.004 0.988 0.002 
378      780    (0)    9 :  0.002 0.004 0.992 0.002 
379      781    (0)    9 :  0.004 0.003 0.991 0.002 
380      782    (0)    9 :  0.010 0.004 0.983 0.003 
381      783    (0)    9 :  0.001 0.001 0.996 0.001 
382      784    (0)    9 :  0.003 0.004 0.991 0.001 
383      785    (0)    9 :  0.004 0.005 0.989 0.003 
384      786    (0)    9 :  0.003 0.005 0.991 0.002 
385      787    (0)    9 :  0.004 0.003 0.992 0.001 
386      788    (0)    9 :  0.013 0.014 0.969 0.004 
387      789    (0)    9 :  0.004 0.006 0.967 0.023 
388      790    (0)    9 :  0.004 0.005 0.989 0.002 
389      791    (0)    9 :  0.007 0.006 0.985 0.002 
390      792    (0)    9 :  0.002 0.002 0.994 0.002 
391      793    (0)    9 :  0.005 0.005 0.987 0.002 
392      794    (0)    9 :  0.003 0.006 0.989 0.003 
393      795    (0)    9 :  0.003 0.004 0.988 0.004 
394      796    (0)    9 :  0.002 0.002 0.992 0.004 
395      797    (0)    9 :  0.002 0.003 0.994 0.001 
396      798    (0)    9 :  0.006 0.004 0.989 0.001 


Estimated Allele Frequencies in each cluster
First column gives estimated ancestral frequencies


Locus 1 : 1 
4 alleles
0.0% missing data
  89   (0.472) 0.576 0.531 0.629 0.259 
  91   (0.403) 0.357 0.400 0.316 0.668 
  99   (0.035) 0.001 0.022 0.003 0.026 
  93   (0.090) 0.067 0.047 0.052 0.047 

Locus 2 : 2 
6 alleles
1.3% missing data
 136   (0.288) 0.548 0.219 0.452 0.417 
 134   (0.242) 0.158 0.251 0.366 0.173 
 138   (0.318) 0.236 0.382 0.173 0.303 
 140   (0.085) 0.056 0.067 0.005 0.093 
 132   (0.024) 0.000 0.026 0.001 0.002 
 142   (0.043) 0.001 0.055 0.003 0.012 

Locus 3 : 3 
6 alleles
0.0% missing data
 181   (0.236) 0.211 0.270 0.078 0.091 
 187   (0.347) 0.512 0.286 0.274 0.436 
 179   (0.182) 0.255 0.246 0.011 0.055 
 191   (0.059) 0.018 0.019 0.199 0.013 
 185   (0.104) 0.002 0.087 0.433 0.218 
 175   (0.073) 0.001 0.093 0.005 0.188 

Locus 4 : 4 
10 alleles
0.0% missing data
 253   (0.429) 0.700 0.541 0.464 0.223 
 249   (0.046) 0.064 0.013 0.003 0.059 
 271   (0.060) 0.031 0.032 0.004 0.099 
 241   (0.167) 0.075 0.134 0.149 0.480 
 257   (0.015) 0.001 0.003 0.001 0.001 
 269   (0.158) 0.126 0.185 0.111 0.044 
 247   (0.071) 0.001 0.076 0.265 0.028 
 239   (0.015) 0.000 0.004 0.002 0.001 
 245   (0.022) 0.000 0.004 0.001 0.058 
 273   (0.018) 0.000 0.007 0.001 0.006 

Locus 5 : 5 
7 alleles
0.8% missing data
 103   (0.792) 0.988 0.859 0.958 0.772 
 104   (0.070) 0.009 0.063 0.005 0.056 
 105   (0.054) 0.001 0.052 0.003 0.145 
 102   (0.022) 0.000 0.015 0.002 0.002 
 101   (0.023) 0.000 0.005 0.016 0.002 
 107   (0.024) 0.000 0.005 0.001 0.023 
  99   (0.015) 0.000 0.002 0.015 0.001 

Locus 6 : 6 
5 alleles
0.3% missing data
 141   (0.291) 0.541 0.282 0.139 0.118 
 145   (0.316) 0.185 0.488 0.269 0.039 
 135   (0.274) 0.210 0.192 0.285 0.656 
 147   (0.099) 0.063 0.035 0.306 0.117 
 137   (0.021) 0.000 0.003 0.001 0.070 

Locus 7 : 7 
10 alleles
1.0% missing data
  93   (0.236) 0.354 0.251 0.079 0.209 
 103   (0.220) 0.371 0.308 0.487 0.015 
  91   (0.089) 0.029 0.048 0.158 0.061 
  97   (0.203) 0.154 0.175 0.261 0.254 
  85   (0.044) 0.038 0.032 0.003 0.003 
  89   (0.115) 0.053 0.112 0.007 0.271 
  83   (0.034) 0.001 0.063 0.002 0.002 
 105   (0.027) 0.000 0.008 0.002 0.068 
  99   (0.015) 0.000 0.001 0.001 0.011 
 101   (0.017) 0.000 0.002 0.001 0.106 

Locus 8 : 8 
8 alleles
0.0% missing data
 129   (0.495) 0.661 0.592 0.641 0.290 
 141   (0.070) 0.097 0.039 0.194 0.005 
 149   (0.117) 0.119 0.080 0.019 0.237 
 143   (0.241) 0.122 0.257 0.141 0.379 
 127   (0.023) 0.000 0.005 0.001 0.083 
 131   (0.019) 0.000 0.007 0.002 0.004 
 145   (0.015) 0.000 0.004 0.002 0.001 
 133   (0.020) 0.000 0.015 0.001 0.001 

Locus 9 : 9 
4 alleles
0.0% missing data
 191   (0.369) 0.566 0.334 0.537 0.309 
 195   (0.198) 0.163 0.169 0.062 0.353 
 189   (0.417) 0.268 0.495 0.400 0.337 
 193   (0.016) 0.003 0.002 0.001 0.001 

Locus 10 : 10 
7 alleles
0.3% missing data
 232   (0.219) 0.305 0.206 0.271 0.134 
 238   (0.542) 0.546 0.667 0.342 0.683 
 252   (0.098) 0.128 0.081 0.037 0.018 
 254   (0.070) 0.019 0.021 0.264 0.134 
 250   (0.026) 0.000 0.008 0.002 0.027 
 248   (0.031) 0.001 0.013 0.082 0.002 
 236   (0.015) 0.000 0.004 0.002 0.001 

Locus 11 : 11 
4 alleles
0.0% missing data
  87   (0.674) 0.626 0.793 0.543 0.591 
  89   (0.220) 0.319 0.171 0.373 0.138 
  91   (0.089) 0.054 0.034 0.083 0.145 
  85   (0.018) 0.000 0.002 0.001 0.126 

Locus 12 : 12 
12 alleles
0.3% missing data
 160   (0.261) 0.133 0.230 0.702 0.434 
 162   (0.182) 0.224 0.263 0.240 0.013 
 147   (0.049) 0.148 0.034 0.003 0.003 
 158   (0.192) 0.461 0.224 0.023 0.087 
 161   (0.115) 0.024 0.107 0.020 0.252 
 170   (0.061) 0.009 0.051 0.004 0.027 
 143   (0.035) 0.001 0.015 0.002 0.170 
 149   (0.028) 0.000 0.039 0.002 0.002 
 154   (0.027) 0.001 0.016 0.002 0.008 
 150   (0.015) 0.000 0.005 0.001 0.001 
 159   (0.020) 0.000 0.012 0.001 0.001 
 164   (0.015) 0.000 0.005 0.001 0.001 

Locus 13 : 13 
4 alleles
0.0% missing data
 108   (0.194) 0.175 0.145 0.201 0.296 
 115   (0.425) 0.542 0.476 0.291 0.331 
 113   (0.365) 0.283 0.375 0.507 0.371 
 109   (0.015) 0.000 0.005 0.001 0.001 

Locus 14 : 14 
5 alleles
0.8% missing data
 227   (0.155) 0.258 0.212 0.026 0.023 
 231   (0.143) 0.097 0.075 0.347 0.361 
 229   (0.481) 0.476 0.559 0.405 0.419 
 225   (0.139) 0.078 0.104 0.216 0.095 
 233   (0.081) 0.091 0.049 0.006 0.102 

Locus 15 : 15 
5 alleles
0.5% missing data
 143   (0.783) 0.966 0.853 0.823 0.635 
 157   (0.017) 0.014 0.002 0.001 0.001 
 145   (0.096) 0.019 0.084 0.006 0.203 
 147   (0.074) 0.001 0.050 0.138 0.157 
 133   (0.030) 0.001 0.012 0.032 0.003 

Locus 16 : 16 
5 alleles
0.3% missing data
 156   (0.260) 0.264 0.231 0.501 0.227 
 158   (0.446) 0.525 0.570 0.203 0.308 
 160   (0.163) 0.173 0.134 0.113 0.114 
 154   (0.114) 0.038 0.057 0.182 0.350 
 152   (0.018) 0.000 0.008 0.001 0.001 

Locus 17 : 17 
5 alleles
0.0% missing data
 102   (0.212) 0.221 0.224 0.199 0.046 
  90   (0.626) 0.734 0.675 0.790 0.369 
  88   (0.102) 0.044 0.070 0.007 0.362 
 100   (0.045) 0.001 0.026 0.003 0.222 
 104   (0.016) 0.000 0.005 0.001 0.001 

Locus 18 : 18 
8 alleles
0.3% missing data
 142   (0.112) 0.407 0.121 0.007 0.027 
 146   (0.100) 0.151 0.091 0.219 0.007 
 140   (0.243) 0.143 0.264 0.186 0.313 
 127   (0.225) 0.174 0.277 0.068 0.201 
 148   (0.119) 0.056 0.092 0.214 0.065 
 128   (0.051) 0.045 0.015 0.003 0.197 
 138   (0.056) 0.022 0.046 0.005 0.011 
 150   (0.093) 0.002 0.094 0.299 0.179 

Locus 19 : 19 
7 alleles
0.3% missing data
 188   (0.148) 0.137 0.184 0.169 0.011 
 190   (0.175) 0.368 0.144 0.200 0.043 
 194   (0.533) 0.492 0.560 0.488 0.623 
 200   (0.075) 0.001 0.100 0.004 0.250 
 202   (0.036) 0.001 0.007 0.136 0.038 
 196   (0.016) 0.000 0.004 0.002 0.003 
 198   (0.017) 0.000 0.002 0.001 0.032 

Locus 20 : 20 
6 alleles
0.8% missing data
 252   (0.561) 0.818 0.764 0.719 0.095 
 250   (0.127) 0.093 0.057 0.139 0.422 
 244   (0.041) 0.014 0.010 0.003 0.035 
 254   (0.116) 0.030 0.070 0.083 0.230 
 246   (0.122) 0.035 0.083 0.054 0.216 
 248   (0.033) 0.010 0.016 0.002 0.002 

Locus 21 : 21 
7 alleles
0.0% missing data
 173   (0.303) 0.322 0.371 0.212 0.195 
 177   (0.227) 0.325 0.279 0.179 0.064 
 175   (0.144) 0.033 0.102 0.254 0.498 
 167   (0.168) 0.306 0.152 0.122 0.075 
 163   (0.065) 0.003 0.032 0.209 0.095 
 159   (0.024) 0.000 0.025 0.001 0.002 
 165   (0.068) 0.010 0.039 0.023 0.071 

Locus 22 : 22 
11 alleles
1.0% missing data
 146   (0.177) 0.259 0.250 0.139 0.018 
 154   (0.018) 0.052 0.002 0.001 0.001 
 166   (0.069) 0.061 0.086 0.004 0.009 
 152   (0.384) 0.585 0.491 0.384 0.156 
 150   (0.053) 0.009 0.025 0.003 0.110 
 164   (0.044) 0.017 0.014 0.003 0.059 
 148   (0.022) 0.000 0.004 0.002 0.047 
 158   (0.103) 0.014 0.064 0.105 0.369 
 162   (0.062) 0.001 0.041 0.071 0.119 
 142   (0.031) 0.001 0.015 0.002 0.026 
 156   (0.038) 0.001 0.008 0.286 0.087 

Locus 23 : 23 
7 alleles
0.5% missing data
 152   (0.022) 0.060 0.004 0.001 0.001 
 156   (0.133) 0.044 0.104 0.039 0.350 
 144   (0.226) 0.170 0.177 0.622 0.304 
 160   (0.119) 0.184 0.099 0.107 0.019 
 154   (0.434) 0.536 0.587 0.227 0.202 
 158   (0.049) 0.006 0.021 0.003 0.121 
 146   (0.018) 0.000 0.008 0.001 0.002 

Locus 24 : 24 
4 alleles
0.3% missing data
  77   (0.098) 0.259 0.073 0.053 0.006 
  83   (0.502) 0.496 0.422 0.920 0.612 
  81   (0.312) 0.218 0.416 0.021 0.353 
  85   (0.088) 0.027 0.088 0.006 0.029 

Locus 25 : 25 
6 alleles
0.3% missing data
 132   (0.280) 0.481 0.329 0.452 0.036 
 124   (0.518) 0.451 0.548 0.535 0.471 
 126   (0.043) 0.049 0.012 0.003 0.014 
 122   (0.101) 0.018 0.085 0.006 0.389 
 120   (0.035) 0.001 0.016 0.002 0.087 
 136   (0.022) 0.001 0.011 0.002 0.003 

Locus 26 : 26 
7 alleles
0.0% missing data
 165   (0.220) 0.154 0.249 0.060 0.140 
 183   (0.353) 0.538 0.332 0.425 0.223 
 179   (0.111) 0.064 0.086 0.007 0.301 
 175   (0.224) 0.243 0.301 0.434 0.016 
 181   (0.058) 0.001 0.025 0.072 0.224 
 157   (0.016) 0.000 0.005 0.001 0.001 
 185   (0.018) 0.000 0.002 0.001 0.095 

Locus 27 : 27 
4 alleles
0.0% missing data
 142   (0.616) 0.680 0.688 0.732 0.484 
 148   (0.185) 0.110 0.156 0.080 0.324 
 138   (0.059) 0.195 0.020 0.004 0.046 
 150   (0.141) 0.015 0.136 0.184 0.146 

Locus 28 : 28 
6 alleles
1.0% missing data
 260   (0.377) 0.369 0.452 0.369 0.207 
 262   (0.471) 0.619 0.440 0.555 0.716 
 256   (0.093) 0.011 0.070 0.072 0.073 
 258   (0.020) 0.000 0.012 0.001 0.001 
 264   (0.024) 0.000 0.022 0.001 0.001 
 266   (0.016) 0.000 0.005 0.001 0.001 

Locus 29 : 29 
7 alleles
0.5% missing data
 146   (0.251) 0.191 0.250 0.334 0.264 
 150   (0.397) 0.620 0.488 0.301 0.213 
 140   (0.191) 0.114 0.178 0.065 0.465 
 148   (0.096) 0.066 0.053 0.295 0.038 
 152   (0.034) 0.001 0.028 0.003 0.018 
 151   (0.016) 0.006 0.002 0.001 0.001 
 142   (0.015) 0.003 0.002 0.001 0.001 

Locus 30 : 30 
6 alleles
0.3% missing data
 125   (0.228) 0.452 0.219 0.030 0.149 
 129   (0.426) 0.491 0.480 0.780 0.095 
 123   (0.178) 0.055 0.181 0.105 0.100 
 121   (0.021) 0.000 0.007 0.002 0.006 
 127   (0.093) 0.002 0.067 0.080 0.529 
 131   (0.053) 0.001 0.046 0.003 0.121 

Locus 31 : 31 
6 alleles
0.3% missing data
 159   (0.164) 0.135 0.198 0.010 0.170 
 155   (0.507) 0.698 0.513 0.697 0.432 
 157   (0.163) 0.099 0.203 0.025 0.079 
 153   (0.098) 0.062 0.068 0.006 0.279 
 151   (0.052) 0.004 0.015 0.260 0.039 
 163   (0.016) 0.002 0.002 0.002 0.001 

Locus 32 : 32 
5 alleles
1.0% missing data
  91   (0.382) 0.582 0.447 0.158 0.295 
  94   (0.072) 0.055 0.054 0.005 0.029 
  95   (0.192) 0.107 0.154 0.406 0.239 
  92   (0.339) 0.256 0.344 0.430 0.426 
  90   (0.015) 0.000 0.002 0.001 0.011 

Locus 33 : 33 
5 alleles
0.0% missing data
 146   (0.312) 0.074 0.328 0.310 0.653 
 150   (0.531) 0.853 0.572 0.636 0.251 
 148   (0.089) 0.071 0.046 0.050 0.038 
 154   (0.046) 0.001 0.036 0.003 0.057 
 152   (0.023) 0.000 0.018 0.001 0.001 

Locus 34 : 34 
7 alleles
0.0% missing data
 180   (0.412) 0.565 0.408 0.665 0.414 
 196   (0.103) 0.177 0.112 0.006 0.028 
 184   (0.213) 0.164 0.238 0.076 0.187 
 194   (0.018) 0.036 0.002 0.001 0.001 
 192   (0.133) 0.006 0.171 0.181 0.145 
 198   (0.098) 0.052 0.048 0.070 0.223 
 190   (0.023) 0.000 0.022 0.001 0.001 

Locus 35 : 35 
6 alleles
0.0% missing data
 110   (0.180) 0.321 0.134 0.082 0.131 
 112   (0.282) 0.514 0.384 0.064 0.050 
 106   (0.320) 0.126 0.336 0.693 0.236 
  90   (0.061) 0.028 0.028 0.004 0.079 
 108   (0.141) 0.010 0.116 0.113 0.503 
  96   (0.016) 0.000 0.002 0.044 0.001 

Locus 36 : 36 
9 alleles
0.0% missing data
 166   (0.065) 0.247 0.061 0.004 0.004 
 176   (0.103) 0.159 0.065 0.019 0.089 
 172   (0.319) 0.415 0.350 0.571 0.140 
 170   (0.263) 0.166 0.253 0.324 0.383 
 174   (0.113) 0.005 0.174 0.074 0.040 
 178   (0.041) 0.006 0.039 0.003 0.003 
 168   (0.047) 0.001 0.034 0.003 0.319 
 186   (0.033) 0.001 0.020 0.002 0.021 
 158   (0.015) 0.000 0.005 0.001 0.001 

Locus 37 : 37 
6 alleles
0.0% missing data
  89   (0.524) 0.637 0.604 0.506 0.564 
  95   (0.073) 0.071 0.057 0.005 0.027 
  85   (0.172) 0.231 0.146 0.246 0.088 
  81   (0.050) 0.009 0.063 0.003 0.004 
  83   (0.154) 0.051 0.122 0.239 0.271 
  91   (0.027) 0.000 0.008 0.002 0.046 

Locus 38 : 38 
10 alleles
0.0% missing data
 161   (0.333) 0.527 0.303 0.372 0.665 
 165   (0.196) 0.181 0.224 0.104 0.127 
 159   (0.028) 0.028 0.009 0.002 0.002 
 173   (0.243) 0.131 0.283 0.509 0.172 
 169   (0.096) 0.123 0.120 0.006 0.027 
 167   (0.030) 0.009 0.012 0.003 0.002 
 168   (0.017) 0.000 0.008 0.001 0.001 
 155   (0.021) 0.000 0.018 0.001 0.002 
 177   (0.015) 0.000 0.005 0.001 0.001 
 175   (0.021) 0.000 0.018 0.001 0.001 

Locus 39 : 39 
6 alleles
0.8% missing data
  87   (0.143) 0.154 0.073 0.133 0.459 
  89   (0.378) 0.597 0.491 0.097 0.204 
  91   (0.161) 0.120 0.129 0.188 0.119 
  81   (0.103) 0.082 0.107 0.111 0.008 
  85   (0.200) 0.043 0.199 0.470 0.209 
  83   (0.015) 0.003 0.002 0.001 0.001 

Locus 40 : 40 
4 alleles
0.5% missing data
 167   (0.715) 0.912 0.775 0.857 0.441 
 161   (0.215) 0.085 0.182 0.136 0.458 
 165   (0.054) 0.002 0.038 0.004 0.101 
 177   (0.016) 0.000 0.004 0.003 0.001 

Locus 41 : 41 
6 alleles
0.5% missing data
 228   (0.416) 0.555 0.473 0.247 0.197 
 238   (0.271) 0.304 0.332 0.115 0.074 
 224   (0.044) 0.079 0.012 0.003 0.015 
 236   (0.132) 0.059 0.063 0.394 0.294 
 232   (0.020) 0.001 0.008 0.001 0.001 
 240   (0.118) 0.002 0.111 0.240 0.419 

Locus 42 : 42 
7 alleles
0.0% missing data
 128   (0.119) 0.134 0.159 0.037 0.008 
 130   (0.505) 0.610 0.496 0.763 0.622 
 114   (0.067) 0.097 0.031 0.005 0.080 
 132   (0.111) 0.144 0.130 0.053 0.007 
 118   (0.085) 0.003 0.073 0.135 0.100 
 134   (0.097) 0.013 0.106 0.006 0.181 
 136   (0.015) 0.000 0.005 0.001 0.001 

Locus 43 : 43 
6 alleles
0.8% missing data
 102   (0.270) 0.402 0.290 0.478 0.067 
 104   (0.374) 0.192 0.492 0.406 0.203 
  92   (0.124) 0.124 0.101 0.008 0.289 
  96   (0.075) 0.091 0.035 0.005 0.183 
  98   (0.142) 0.190 0.079 0.101 0.258 
 106   (0.015) 0.001 0.003 0.003 0.001 

Locus 44 : 44 
5 alleles
0.3% missing data
 101   (0.299) 0.409 0.294 0.192 0.303 
 103   (0.289) 0.222 0.354 0.345 0.118 
  99   (0.131) 0.072 0.136 0.009 0.233 
  95   (0.258) 0.298 0.211 0.452 0.303 
  97   (0.024) 0.000 0.005 0.002 0.043 

Locus 45 : 45 
7 alleles
0.3% missing data
 177   (0.080) 0.074 0.051 0.005 0.083 
 191   (0.278) 0.167 0.272 0.103 0.587 
 181   (0.528) 0.757 0.614 0.856 0.181 
 179   (0.047) 0.001 0.035 0.003 0.135 
 183   (0.018) 0.000 0.008 0.001 0.001 
 193   (0.033) 0.001 0.019 0.002 0.012 
 189   (0.016) 0.000 0.002 0.029 0.001 

Locus 46 : 46 
6 alleles
0.8% missing data
 205   (0.408) 0.523 0.515 0.409 0.292 
 211   (0.221) 0.224 0.192 0.271 0.374 
 207   (0.157) 0.135 0.156 0.201 0.064 
 201   (0.080) 0.069 0.058 0.006 0.107 
 215   (0.108) 0.048 0.070 0.112 0.149 
 202   (0.025) 0.000 0.009 0.002 0.012 

Locus 47 : 47 
9 alleles
1.0% missing data
 144   (0.087) 0.213 0.052 0.134 0.013 
 158   (0.153) 0.150 0.143 0.087 0.112 
 168   (0.142) 0.195 0.096 0.109 0.211 
 166   (0.151) 0.289 0.143 0.376 0.024 
 142   (0.302) 0.145 0.473 0.283 0.135 
 170   (0.029) 0.002 0.006 0.003 0.035 
 156   (0.039) 0.002 0.015 0.002 0.174 
 162   (0.042) 0.001 0.030 0.003 0.147 
 164   (0.055) 0.003 0.042 0.003 0.147 

Locus 48 : 48 
7 alleles
7.6% missing data
 149   (0.367) 0.221 0.370 0.328 0.683 
 151   (0.155) 0.257 0.179 0.010 0.088 
 153   (0.198) 0.306 0.277 0.028 0.042 
 147   (0.041) 0.031 0.013 0.003 0.017 
 145   (0.193) 0.181 0.148 0.628 0.119 
 152   (0.016) 0.003 0.002 0.001 0.001 
 143   (0.030) 0.001 0.011 0.002 0.048 

Values of parameters used in structure:
DATAFILE=temp2.str,	OUTFILE=k4/temp2_k4_run9,	NUMINDS=396,	NUMLOCI=48,	MISSING=-9,	LABEL=1,	POPDATA=1,	POPFLAG=0,	PHENOTYPE=0,	EXTRACOLS=0,	MAXPOPS=4,	BURNIN=500000,	NUMREPS=750000,	USEPOPINFO=0,	INFERALPHA=1,	INFERLAMBDA=0,	POPSPECIFICLAMBDA=0,	POPALPHAS=0,	COMPUTEPROB=1,	NOADMIX=0,	ADMBURNIN=500,	UPDATEFREQ=100,	PRINTLIKES=0,	INTERMEDSAVE=0,	PRINTKLD=0,	PRINTNET=1,	PRINTLAMBDA=1,	ANCESTDIST=0,	NUMBOXES=1000,	ANCESTPINT=0.90000,	GENSBACK=2,	MIGRPRIOR=0.01000,	PRINTQHAT=0,	PRINTQSUM=1,	ALPHA=1.0000,	FREQSCORR=1,	FPRIORMEAN=0.0100,	FPRIORSD=0.0500,	ONEFST=0,	LAMBDA=1.0000,	UNIFPRIORALPHA=1,	ALPHAMAX=10.0000,	ALPHAPRIORA=1.0000,	ALPHAPRIORB=2.0000,	ALPHAPROPSD=0.0250,	STARTATPOPINFO=0,	RANDOMIZE=0,	LINKAGE=0,	METROFREQ=10,	REPORTHITRATE=0,	MARKOVPHASE=0,	PHASED=1,	PLOIDY=2,	PHASEINFO=0	LOCPRIOR=0, 	LOCPRIORINIT=1.000000, 	LOCDATA=0, 	LOCISPOP=1, 	LOCPRIORSTEP=0.100000, 	MAXLOCPRIOR=20.000000, 	SEED=193401,	
[STRAT parameters]:    NUMSIMSTATS=1000,	PHENOTYPECOL=-9,	POOLFREQ=10,	LOCUSxONLY=0,	EMERROR=0.00100,	MISSINGPHENO=-9,	