

----------------------------------------------------
STRUCTURE by Pritchard, Stephens and Donnelly (2000)
     and Falush, Stephens and Pritchard (2003)
       Code by Pritchard, Falush and Hubisz
             Version 2.3.4 (Jul 2012)
----------------------------------------------------



Command line arguments:   structure -D 624003 -K 6 -m mainparams -o k6/temp2_k6_run5 
Input File:    temp2.str

Run parameters:
   396 individuals
   48 loci
   6 populations assumed
   500000 Burn-in period
   750000 Reps
RANDOMIZE turned off


--------------------------------------------
Proportion of membership of each pre-defined
 population in each of the 6 clusters

Given    Inferred Clusters                            Number of
 Pop       1      2      3      4      5      6      Individuals

  1:     0.008  0.966  0.010  0.003  0.010  0.003       63
  2:     0.009  0.955  0.010  0.002  0.018  0.006       20
  3:     0.004  0.003  0.004  0.977  0.005  0.006       35
  4:     0.006  0.957  0.012  0.003  0.018  0.003       19
  5:     0.004  0.969  0.007  0.004  0.010  0.005       31
  6:     0.004  0.977  0.007  0.003  0.006  0.003       20
  7:     0.011  0.762  0.022  0.109  0.081  0.016        8
  8:     0.004  0.958  0.019  0.002  0.011  0.006       17
  9:     0.981  0.004  0.004  0.003  0.005  0.003       29
 10:     0.003  0.003  0.003  0.025  0.004  0.963        8
 11:     0.024  0.020  0.152  0.009  0.789  0.006       21
 12:     0.012  0.017  0.391  0.015  0.557  0.008       30
 13:     0.013  0.035  0.812  0.003  0.134  0.004       25
 14:     0.008  0.041  0.787  0.008  0.151  0.005       32
 15:     0.025  0.037  0.118  0.018  0.787  0.014       34
 16:     0.007  0.042  0.018  0.006  0.925  0.002        4
--------------------------------------------

Allele-freq. divergence among pops (Net nucleotide distance),
computed using point estimates of P.

      1       2       3       4       5       6      
 1      -    0.0729  0.0663  0.1124  0.0518  0.1284  
 2   0.0729     -    0.0341  0.1274  0.0262  0.1292  
 3   0.0663  0.0341     -    0.1065  0.0140  0.1173  
 4   0.1124  0.1274  0.1065     -    0.0708  0.1074  
 5   0.0518  0.0262  0.0140  0.0708     -    0.0940  
 6   0.1284  0.1292  0.1173  0.1074  0.0940     -    

Average distances (expected heterozygosity) between individuals in same cluster:
cluster  1  : 0.5518 
cluster  2  : 0.5572 
cluster  3  : 0.5873 
cluster  4  : 0.6397 
cluster  5  : 0.6520 
cluster  6  : 0.5386 

--------------------------------------------
Estimated Ln Prob of Data   = -42764.5
Mean value of ln likelihood = -42329.8
Variance of ln likelihood   = 869.5
Mean value of alpha         = 0.0301

Mean value of Fst_1         = 0.2054
Mean value of Fst_2         = 0.1289
Mean value of Fst_3         = 0.0686
Mean value of Fst_4         = 0.1640
Mean value of Fst_5         = 0.0082
Mean value of Fst_6         = 0.2944


Inferred ancestry of individuals:
        Label (%Miss) Pop:  Inferred clusters
  1     2055    (0)    1 :  0.002 0.983 0.007 0.002 0.004 0.002 
  2     2056    (0)    1 :  0.006 0.977 0.005 0.003 0.005 0.005 
  3     2057    (0)    1 :  0.002 0.975 0.007 0.003 0.009 0.003 
  4     2058    (0)    1 :  0.005 0.989 0.002 0.001 0.002 0.001 
  5     2059    (0)    1 :  0.003 0.987 0.003 0.002 0.004 0.002 
  6     2060    (0)    1 :  0.002 0.987 0.003 0.001 0.004 0.004 
  7     2061    (0)    1 :  0.005 0.954 0.007 0.006 0.011 0.018 
  8     2062    (0)    1 :  0.004 0.971 0.012 0.003 0.007 0.002 
  9     2063    (0)    1 :  0.002 0.989 0.004 0.001 0.003 0.002 
 10     2064    (0)    1 :  0.002 0.989 0.003 0.001 0.003 0.003 
 11     2065    (0)    1 :  0.002 0.993 0.002 0.001 0.002 0.001 
 12     2066    (0)    1 :  0.002 0.989 0.004 0.002 0.003 0.001 
 13     2067    (0)    1 :  0.006 0.978 0.005 0.003 0.005 0.003 
 14     2068    (0)    1 :  0.037 0.885 0.012 0.003 0.055 0.008 
 15     2069    (0)    1 :  0.002 0.991 0.002 0.001 0.003 0.001 
 16     2070    (0)    1 :  0.002 0.681 0.121 0.001 0.194 0.001 
 17     2071    (0)    1 :  0.009 0.968 0.005 0.002 0.007 0.008 
 18     2072    (0)    1 :  0.003 0.981 0.002 0.002 0.005 0.007 
 19     2073    (0)    1 :  0.009 0.904 0.013 0.040 0.024 0.010 
 20     2074    (0)    1 :  0.002 0.988 0.002 0.002 0.003 0.002 
 21     2075    (0)    1 :  0.019 0.964 0.005 0.003 0.006 0.003 
 22     2076    (0)    1 :  0.002 0.992 0.002 0.001 0.002 0.001 
 23     2077    (0)    1 :  0.009 0.952 0.017 0.007 0.010 0.005 
 24     2078    (0)    1 :  0.002 0.984 0.006 0.001 0.003 0.003 
 25     2079    (0)    1 :  0.050 0.917 0.019 0.002 0.011 0.001 
 26     2080    (0)    1 :  0.037 0.903 0.005 0.022 0.029 0.003 
 27     2081    (0)    1 :  0.003 0.986 0.004 0.001 0.004 0.002 
 28     2082    (0)    1 :  0.005 0.978 0.005 0.002 0.008 0.002 
 29     2083    (0)    1 :  0.001 0.985 0.003 0.002 0.006 0.002 
 30     2084    (0)    1 :  0.007 0.974 0.009 0.002 0.007 0.002 
 31     2085    (0)    1 :  0.002 0.977 0.011 0.003 0.005 0.001 
 32     2086    (0)    1 :  0.003 0.972 0.008 0.002 0.012 0.003 
 33     2087    (0)    1 :  0.046 0.937 0.005 0.002 0.005 0.005 
 34     2088    (0)    1 :  0.014 0.916 0.050 0.002 0.015 0.003 
 35     2089    (0)    1 :  0.002 0.992 0.002 0.001 0.002 0.001 
 36     2090    (0)    1 :  0.029 0.955 0.004 0.003 0.005 0.004 
 37     2091    (0)    1 :  0.003 0.987 0.005 0.001 0.003 0.001 
 38     2092    (0)    1 :  0.015 0.976 0.004 0.001 0.003 0.001 
 39     2093    (0)    1 :  0.002 0.991 0.003 0.001 0.002 0.001 
 40     2094    (0)    1 :  0.001 0.991 0.003 0.001 0.002 0.002 
 41     2095    (0)    1 :  0.046 0.936 0.005 0.001 0.006 0.005 
 42     2096    (0)    1 :  0.002 0.991 0.003 0.001 0.002 0.001 
 43     2097    (0)    1 :  0.001 0.990 0.003 0.001 0.003 0.002 
 44     2098    (0)    1 :  0.011 0.944 0.017 0.006 0.020 0.003 
 45     2099    (0)    1 :  0.003 0.958 0.016 0.001 0.016 0.005 
 46     2100    (0)    1 :  0.003 0.969 0.008 0.003 0.015 0.002 
 47     2101    (0)    1 :  0.005 0.982 0.006 0.002 0.004 0.002 
 48     2102    (2)    1 :  0.002 0.989 0.004 0.001 0.003 0.001 
 49     2103    (0)    1 :  0.004 0.982 0.008 0.001 0.004 0.002 
 50     2104    (0)    1 :  0.002 0.934 0.054 0.001 0.008 0.001 
 51     2105    (0)    1 :  0.003 0.964 0.022 0.001 0.005 0.005 
 52     2106    (0)    1 :  0.002 0.980 0.006 0.001 0.009 0.002 
 53     2107    (0)    1 :  0.003 0.976 0.012 0.001 0.005 0.002 
 54     2108    (0)    1 :  0.005 0.972 0.006 0.002 0.010 0.004 
 55     2109    (0)    1 :  0.002 0.979 0.008 0.002 0.005 0.004 
 56     2110    (0)    1 :  0.005 0.958 0.025 0.001 0.007 0.004 
 57     2111    (0)    1 :  0.003 0.979 0.012 0.001 0.003 0.001 
 58     2112    (0)    1 :  0.003 0.987 0.003 0.001 0.003 0.002 
 59     2583    (2)    1 :  0.006 0.980 0.003 0.003 0.003 0.004 
 60     2584    (4)    1 :  0.004 0.971 0.003 0.004 0.014 0.004 
 61     2587    (2)    1 :  0.003 0.979 0.012 0.001 0.004 0.001 
 62     2590    (2)    1 :  0.002 0.979 0.003 0.003 0.004 0.009 
 63     2591    (6)    1 :  0.012 0.962 0.014 0.002 0.008 0.001 
 64      282    (0)   10 :  0.002 0.004 0.004 0.031 0.008 0.952 
 65      284    (0)   10 :  0.010 0.003 0.003 0.002 0.003 0.978 
 66      287    (0)   10 :  0.003 0.002 0.004 0.002 0.005 0.984 
 67      295    (0)   10 :  0.001 0.001 0.001 0.002 0.001 0.994 
 68      302    (0)   10 :  0.001 0.001 0.001 0.002 0.001 0.993 
 69      306    (2)   10 :  0.005 0.007 0.007 0.135 0.010 0.836 
 70      308    (0)   10 :  0.001 0.002 0.001 0.001 0.002 0.993 
 71      867    (0)   10 :  0.001 0.001 0.001 0.024 0.002 0.970 
 72      315    (0)   11 :  0.061 0.015 0.209 0.003 0.702 0.010 
 73      565    (0)   11 :  0.026 0.010 0.006 0.004 0.951 0.003 
 74      566    (2)   11 :  0.018 0.014 0.844 0.007 0.113 0.004 
 75      567    (2)   11 :  0.004 0.025 0.007 0.003 0.960 0.002 
 76      877    (0)   11 :  0.003 0.013 0.011 0.003 0.970 0.002 
 77      878    (0)   11 :  0.006 0.005 0.006 0.010 0.963 0.010 
 78      879    (0)   11 :  0.004 0.009 0.021 0.018 0.944 0.005 
 79      880    (0)   11 :  0.005 0.007 0.009 0.007 0.971 0.002 
 80      881    (0)   11 :  0.011 0.006 0.020 0.017 0.940 0.006 
 81      882    (0)   11 :  0.008 0.006 0.006 0.027 0.935 0.018 
 82      883    (0)   11 :  0.004 0.010 0.027 0.013 0.942 0.005 
 83      884    (0)   11 :  0.002 0.032 0.650 0.002 0.313 0.002 
 84      885    (0)   11 :  0.004 0.010 0.208 0.009 0.761 0.008 
 85      886    (0)   11 :  0.144 0.009 0.030 0.006 0.802 0.009 
 86      887    (0)   11 :  0.004 0.022 0.896 0.042 0.026 0.009 
 87      888    (0)   11 :  0.008 0.153 0.008 0.002 0.825 0.005 
 88      889    (0)   11 :  0.005 0.007 0.108 0.012 0.860 0.008 
 89      890    (0)   11 :  0.014 0.005 0.016 0.005 0.956 0.004 
 90      891    (0)   11 :  0.006 0.013 0.006 0.004 0.970 0.002 
 91      892    (0)   11 :  0.004 0.011 0.014 0.002 0.963 0.006 
 92      893    (0)   11 :  0.156 0.039 0.088 0.004 0.709 0.003 
 93      341    (0)   12 :  0.008 0.005 0.006 0.024 0.954 0.004 
 94      343    (0)   12 :  0.009 0.008 0.074 0.026 0.878 0.004 
 95      914    (0)   12 :  0.004 0.010 0.977 0.001 0.006 0.002 
 96      916    (0)   12 :  0.003 0.080 0.015 0.022 0.878 0.003 
 97      924    (0)   12 :  0.019 0.004 0.868 0.016 0.092 0.002 
 98      938    (0)   12 :  0.002 0.027 0.231 0.005 0.730 0.005 
 99      939    (0)   12 :  0.007 0.008 0.975 0.002 0.007 0.001 
100      940    (0)   12 :  0.003 0.004 0.914 0.013 0.062 0.005 
101      941    (2)   12 :  0.026 0.004 0.873 0.033 0.056 0.007 
102      942    (0)   12 :  0.017 0.009 0.036 0.008 0.927 0.004 
103      943    (0)   12 :  0.003 0.035 0.176 0.002 0.781 0.002 
104      944    (0)   12 :  0.004 0.033 0.943 0.002 0.015 0.004 
105      945    (0)   12 :  0.002 0.003 0.986 0.001 0.005 0.002 
106      946    (0)   12 :  0.003 0.009 0.323 0.009 0.564 0.091 
107      947    (0)   12 :  0.041 0.006 0.052 0.004 0.895 0.002 
108      951    (0)   12 :  0.009 0.004 0.022 0.022 0.939 0.003 
109      952    (0)   12 :  0.094 0.007 0.158 0.001 0.723 0.016 
110      953    (0)   12 :  0.015 0.032 0.813 0.016 0.121 0.004 
111      954    (0)   12 :  0.009 0.008 0.814 0.014 0.145 0.011 
112      955    (0)   12 :  0.016 0.004 0.082 0.009 0.881 0.008 
113      961    (4)   12 :  0.004 0.024 0.021 0.004 0.946 0.002 
114      974    (0)   12 :  0.028 0.006 0.149 0.002 0.805 0.010 
115      975    (4)   12 :  0.002 0.031 0.142 0.010 0.812 0.002 
116      980    (0)   12 :  0.019 0.011 0.439 0.008 0.520 0.002 
117      981    (0)   12 :  0.003 0.013 0.012 0.017 0.953 0.003 
118      982    (0)   12 :  0.002 0.044 0.891 0.003 0.058 0.002 
119      984    (0)   12 :  0.004 0.032 0.037 0.009 0.907 0.011 
120      985    (0)   12 :  0.008 0.008 0.014 0.005 0.963 0.003 
121     2578    (4)   12 :  0.002 0.009 0.665 0.158 0.159 0.006 
122     2580    (2)   12 :  0.003 0.044 0.009 0.003 0.934 0.007 
123      328    (0)   13 :  0.013 0.532 0.116 0.009 0.311 0.019 
124      333    (0)   13 :  0.004 0.004 0.984 0.002 0.006 0.001 
125      918    (0)   13 :  0.061 0.006 0.915 0.003 0.009 0.007 
126      919    (0)   13 :  0.004 0.007 0.981 0.002 0.005 0.002 
127      920    (0)   13 :  0.002 0.005 0.982 0.001 0.006 0.003 
128      921    (0)   13 :  0.003 0.026 0.024 0.003 0.942 0.002 
129      922    (0)   13 :  0.003 0.019 0.969 0.002 0.006 0.001 
130      926    (0)   13 :  0.002 0.003 0.990 0.001 0.003 0.001 
131      927    (0)   13 :  0.003 0.004 0.986 0.003 0.003 0.001 
132      928    (0)   13 :  0.004 0.027 0.955 0.002 0.010 0.001 
133      929    (0)   13 :  0.002 0.026 0.948 0.002 0.016 0.006 
134      930    (0)   13 :  0.004 0.016 0.909 0.002 0.061 0.008 
135      932    (0)   13 :  0.004 0.018 0.334 0.006 0.637 0.001 
136      933    (0)   13 :  0.148 0.008 0.823 0.002 0.013 0.006 
137      949    (0)   13 :  0.004 0.010 0.084 0.003 0.897 0.002 
138      950    (0)   13 :  0.017 0.006 0.863 0.003 0.108 0.004 
139      964    (4)   13 :  0.002 0.006 0.971 0.005 0.008 0.008 
140      986    (0)   13 :  0.004 0.011 0.969 0.003 0.010 0.002 
141      987    (0)   13 :  0.008 0.049 0.891 0.006 0.044 0.002 
142     1001    (4)   13 :  0.002 0.008 0.981 0.002 0.004 0.003 
143     1002    (4)   13 :  0.010 0.007 0.967 0.005 0.005 0.005 
144     1003    (2)   13 :  0.003 0.057 0.708 0.003 0.221 0.008 
145     1004    (0)   13 :  0.005 0.003 0.982 0.003 0.005 0.003 
146     1005    (0)   13 :  0.004 0.009 0.977 0.001 0.006 0.002 
147     1010    (0)   13 :  0.004 0.005 0.986 0.001 0.003 0.001 
148      321    (0)   14 :  0.004 0.014 0.962 0.002 0.014 0.003 
149      338    (0)   14 :  0.002 0.004 0.987 0.002 0.004 0.002 
150      339    (0)   14 :  0.005 0.032 0.930 0.019 0.011 0.003 
151      363    (0)   14 :  0.005 0.005 0.061 0.006 0.915 0.008 
152      915    (0)   14 :  0.003 0.010 0.980 0.001 0.004 0.003 
153      917    (0)   14 :  0.003 0.004 0.961 0.002 0.028 0.001 
154      923    (0)   14 :  0.011 0.017 0.425 0.004 0.533 0.009 
155      925    (0)   14 :  0.005 0.005 0.982 0.001 0.004 0.002 
156      931    (0)   14 :  0.009 0.006 0.651 0.004 0.328 0.002 
157      935    (0)   14 :  0.004 0.006 0.976 0.003 0.009 0.003 
158      936    (0)   14 :  0.006 0.002 0.977 0.005 0.007 0.003 
159      937    (0)   14 :  0.001 0.003 0.987 0.002 0.006 0.001 
160      948    (0)   14 :  0.015 0.010 0.754 0.015 0.202 0.004 
161      956    (0)   14 :  0.002 0.007 0.981 0.003 0.006 0.001 
162      957    (0)   14 :  0.003 0.003 0.979 0.004 0.010 0.003 
163      967    (0)   14 :  0.003 0.003 0.982 0.002 0.008 0.002 
164      968    (2)   14 :  0.008 0.014 0.816 0.006 0.153 0.002 
165      969    (2)   14 :  0.012 0.008 0.956 0.005 0.017 0.002 
166      970    (2)   14 :  0.007 0.006 0.626 0.012 0.307 0.043 
167      971    (4)   14 :  0.003 0.009 0.979 0.001 0.005 0.002 
168      972    (0)   14 :  0.006 0.004 0.968 0.003 0.009 0.010 
169      973    (0)   14 :  0.014 0.008 0.045 0.016 0.914 0.003 
170      978    (0)   14 :  0.028 0.006 0.954 0.004 0.006 0.002 
171      979    (0)   14 :  0.002 0.653 0.164 0.093 0.085 0.003 
172      988    (6)   14 :  0.003 0.020 0.059 0.005 0.911 0.002 
173      989    (0)   14 :  0.004 0.019 0.927 0.003 0.042 0.004 
174      990    (0)   14 :  0.023 0.013 0.731 0.005 0.219 0.011 
175      991    (0)   14 :  0.004 0.003 0.987 0.002 0.004 0.001 
176      992    (0)   14 :  0.003 0.007 0.966 0.003 0.010 0.012 
177     1006    (2)   14 :  0.015 0.017 0.960 0.001 0.006 0.002 
178     1017    (0)   14 :  0.014 0.329 0.591 0.004 0.059 0.003 
179     2582    (4)   14 :  0.026 0.054 0.893 0.003 0.013 0.010 
180      319    (2)   15 :  0.004 0.009 0.011 0.003 0.970 0.002 
181      335    (0)   15 :  0.012 0.009 0.020 0.006 0.943 0.009 
182      895    (0)   15 :  0.005 0.005 0.011 0.068 0.905 0.007 
183      896    (0)   15 :  0.003 0.017 0.013 0.004 0.958 0.005 
184      897    (0)   15 :  0.006 0.005 0.008 0.003 0.975 0.002 
185      898    (0)   15 :  0.007 0.007 0.483 0.008 0.493 0.002 
186      899    (0)   15 :  0.007 0.344 0.103 0.021 0.521 0.005 
187      900    (0)   15 :  0.050 0.018 0.073 0.006 0.839 0.014 
188      901    (0)   15 :  0.030 0.258 0.021 0.065 0.623 0.003 
189      902    (0)   15 :  0.003 0.026 0.052 0.045 0.867 0.007 
190      903    (0)   15 :  0.002 0.005 0.007 0.005 0.957 0.025 
191      904    (0)   15 :  0.002 0.012 0.005 0.002 0.974 0.005 
192      905    (0)   15 :  0.003 0.110 0.006 0.080 0.788 0.013 
193      906    (0)   15 :  0.005 0.004 0.009 0.028 0.950 0.004 
194      907    (0)   15 :  0.008 0.014 0.043 0.045 0.878 0.013 
195      908    (0)   15 :  0.007 0.028 0.021 0.002 0.940 0.003 
196      909    (0)   15 :  0.293 0.012 0.673 0.005 0.013 0.004 
197      910    (0)   15 :  0.032 0.008 0.043 0.079 0.835 0.002 
198      911    (0)   15 :  0.041 0.028 0.045 0.006 0.872 0.007 
199      912    (0)   15 :  0.003 0.007 0.080 0.005 0.898 0.006 
200      913    (0)   15 :  0.045 0.046 0.653 0.006 0.107 0.142 
201     2411    (0)   15 :  0.004 0.009 0.009 0.005 0.971 0.004 
202     2412    (0)   15 :  0.006 0.009 0.932 0.003 0.030 0.020 
203     2413    (0)   15 :  0.020 0.016 0.005 0.028 0.924 0.007 
204     2414    (0)   15 :  0.002 0.009 0.035 0.004 0.946 0.004 
205     2415    (2)   15 :  0.015 0.025 0.093 0.003 0.860 0.003 
206     2417    (4)   15 :  0.008 0.142 0.247 0.027 0.572 0.005 
207     2418    (4)   15 :  0.007 0.007 0.006 0.011 0.966 0.003 
208     2419    (2)   15 :  0.006 0.006 0.089 0.002 0.895 0.002 
209     2420    (0)   15 :  0.006 0.003 0.012 0.006 0.915 0.058 
210     2421    (0)   15 :  0.008 0.007 0.165 0.006 0.808 0.005 
211     2422    (2)   15 :  0.190 0.006 0.007 0.006 0.787 0.004 
212     2423    (0)   15 :  0.008 0.032 0.013 0.007 0.934 0.006 
213     2576    (0)   15 :  0.010 0.016 0.032 0.010 0.856 0.076 
214     1079    (0)   16 :  0.004 0.021 0.019 0.005 0.950 0.002 
215     1081    (0)   16 :  0.008 0.053 0.016 0.002 0.919 0.002 
216     1082    (2)   16 :  0.008 0.007 0.006 0.015 0.962 0.003 
217     1083    (0)   16 :  0.007 0.086 0.030 0.003 0.870 0.003 
218       34    (0)    2 :  0.002 0.981 0.004 0.004 0.006 0.002 
219       38    (0)    2 :  0.038 0.905 0.018 0.006 0.026 0.006 
220       41    (0)    2 :  0.002 0.989 0.004 0.001 0.003 0.001 
221       44    (0)    2 :  0.003 0.986 0.004 0.001 0.005 0.001 
222       45    (0)    2 :  0.002 0.989 0.004 0.001 0.002 0.002 
223       47    (0)    2 :  0.045 0.659 0.064 0.002 0.214 0.017 
224       50    (0)    2 :  0.003 0.952 0.004 0.006 0.024 0.010 
225      384    (0)    2 :  0.003 0.973 0.014 0.002 0.005 0.003 
226      385    (2)    2 :  0.006 0.967 0.008 0.003 0.009 0.008 
227      386    (0)    2 :  0.003 0.991 0.002 0.001 0.002 0.001 
228      387    (0)    2 :  0.006 0.982 0.006 0.001 0.004 0.002 
229      388    (0)    2 :  0.005 0.986 0.004 0.001 0.002 0.001 
230      389    (0)    2 :  0.004 0.984 0.007 0.001 0.003 0.002 
231      390    (4)    2 :  0.019 0.917 0.016 0.004 0.012 0.033 
232      391    (0)    2 :  0.006 0.970 0.015 0.001 0.005 0.002 
233      392    (0)    2 :  0.002 0.985 0.008 0.001 0.003 0.001 
234      393    (2)    2 :  0.010 0.977 0.006 0.001 0.003 0.002 
235      394    (0)    2 :  0.002 0.990 0.003 0.001 0.002 0.002 
236      395    (0)    2 :  0.008 0.951 0.008 0.006 0.016 0.011 
237      396    (0)    2 :  0.010 0.972 0.004 0.002 0.004 0.008 
238     2470    (4)    3 :  0.002 0.001 0.002 0.991 0.002 0.002 
239     2471    (0)    3 :  0.003 0.003 0.003 0.982 0.004 0.006 
240     2472    (0)    3 :  0.003 0.002 0.005 0.976 0.003 0.010 
241     2484    (0)    3 :  0.028 0.002 0.003 0.953 0.006 0.007 
242     2486    (2)    3 :  0.002 0.002 0.002 0.988 0.002 0.004 
243     2487    (2)    3 :  0.007 0.003 0.005 0.978 0.004 0.004 
244     2489    (0)    3 :  0.002 0.004 0.004 0.982 0.006 0.002 
245     2596    (2)    3 :  0.014 0.002 0.008 0.966 0.007 0.003 
246     1366    (0)    3 :  0.001 0.003 0.002 0.988 0.003 0.003 
247     1367    (0)    3 :  0.002 0.003 0.002 0.988 0.003 0.002 
248     1368    (0)    3 :  0.015 0.007 0.005 0.942 0.025 0.007 
249     1369    (0)    3 :  0.004 0.004 0.005 0.953 0.005 0.029 
250     1370    (0)    3 :  0.002 0.002 0.002 0.984 0.004 0.006 
251     1371    (0)    3 :  0.003 0.002 0.002 0.988 0.003 0.002 
252     1372    (0)    3 :  0.002 0.003 0.002 0.984 0.005 0.004 
253     1373    (0)    3 :  0.002 0.004 0.003 0.973 0.006 0.012 
254     1374    (0)    3 :  0.004 0.001 0.002 0.987 0.003 0.003 
255     1375    (0)    3 :  0.003 0.001 0.001 0.988 0.002 0.005 
256     2476    (0)    3 :  0.004 0.006 0.002 0.923 0.005 0.060 
257     2478    (2)    3 :  0.002 0.002 0.003 0.985 0.004 0.004 
258     2479    (4)    3 :  0.002 0.002 0.002 0.989 0.003 0.003 
259     2481    (0)    3 :  0.003 0.005 0.006 0.978 0.006 0.003 
260     2483    (4)    3 :  0.002 0.002 0.002 0.987 0.003 0.004 
261     2485    (0)    3 :  0.002 0.001 0.002 0.991 0.002 0.002 
262     2488    (0)    3 :  0.002 0.001 0.003 0.989 0.002 0.004 
263     2490    (0)    3 :  0.003 0.002 0.002 0.988 0.003 0.002 
264     2492    (2)    3 :  0.003 0.002 0.002 0.987 0.002 0.004 
265     2493    (0)    3 :  0.008 0.009 0.016 0.959 0.008 0.001 
266     2494    (2)    3 :  0.001 0.005 0.004 0.981 0.006 0.003 
267     2495    (0)    3 :  0.010 0.019 0.019 0.920 0.027 0.004 
268     2496    (0)    3 :  0.002 0.001 0.002 0.991 0.002 0.001 
269     2497    (2)    3 :  0.002 0.002 0.002 0.985 0.002 0.007 
270     2592    (2)    3 :  0.002 0.003 0.001 0.990 0.002 0.002 
271     2593    (4)    3 :  0.002 0.002 0.002 0.990 0.002 0.002 
272     2595    (2)    3 :  0.003 0.002 0.002 0.988 0.003 0.002 
273     2498    (2)    4 :  0.006 0.974 0.006 0.004 0.006 0.004 
274     2513    (2)    4 :  0.009 0.979 0.005 0.002 0.004 0.001 
275     2514    (2)    4 :  0.004 0.936 0.020 0.008 0.030 0.002 
276     2597    (4)    4 :  0.003 0.967 0.013 0.002 0.008 0.007 
277     2499    (4)    4 :  0.009 0.950 0.010 0.002 0.025 0.004 
278     2500    (0)    4 :  0.006 0.974 0.003 0.007 0.006 0.004 
279     2506    (2)    4 :  0.003 0.983 0.003 0.003 0.004 0.003 
280     2509    (6)    4 :  0.029 0.898 0.014 0.004 0.047 0.008 
281     2511    (2)    4 :  0.004 0.986 0.003 0.002 0.004 0.001 
282     2512    (2)    4 :  0.002 0.984 0.004 0.002 0.004 0.005 
283     2515    (2)    4 :  0.002 0.989 0.003 0.001 0.003 0.002 
284     2516    (2)    4 :  0.002 0.974 0.011 0.001 0.011 0.001 
285     2517    (2)    4 :  0.002 0.974 0.015 0.003 0.005 0.002 
286     2518    (2)    4 :  0.007 0.955 0.024 0.003 0.008 0.003 
287     2519    (0)    4 :  0.022 0.812 0.067 0.005 0.092 0.002 
288     2520    (2)    4 :  0.001 0.990 0.002 0.002 0.002 0.002 
289     2521    (2)    4 :  0.002 0.920 0.020 0.002 0.053 0.002 
290     2603    (4)    4 :  0.003 0.961 0.004 0.004 0.026 0.003 
291     2606    (2)    4 :  0.002 0.978 0.007 0.002 0.007 0.004 
292       87    (0)    5 :  0.012 0.939 0.017 0.005 0.021 0.006 
293       88    (0)    5 :  0.003 0.989 0.003 0.001 0.003 0.002 
294       90    (0)    5 :  0.001 0.992 0.002 0.001 0.002 0.001 
295       92    (0)    5 :  0.003 0.972 0.011 0.003 0.009 0.002 
296       96    (0)    5 :  0.015 0.967 0.007 0.002 0.007 0.002 
297       97    (0)    5 :  0.002 0.986 0.004 0.002 0.005 0.001 
298      105    (0)    5 :  0.005 0.980 0.004 0.002 0.007 0.003 
299      120    (0)    5 :  0.004 0.929 0.007 0.011 0.019 0.030 
300      123    (0)    5 :  0.002 0.989 0.004 0.001 0.002 0.001 
301      128    (0)    5 :  0.003 0.987 0.002 0.001 0.004 0.002 
302      129    (0)    5 :  0.004 0.969 0.017 0.002 0.007 0.002 
303      132    (0)    5 :  0.002 0.979 0.003 0.002 0.011 0.003 
304      504    (0)    5 :  0.003 0.982 0.009 0.001 0.004 0.001 
305      505    (0)    5 :  0.003 0.985 0.004 0.002 0.005 0.001 
306      506    (0)    5 :  0.002 0.962 0.004 0.020 0.008 0.002 
307      507    (0)    5 :  0.003 0.972 0.014 0.002 0.006 0.003 
308      508    (0)    5 :  0.003 0.916 0.013 0.005 0.030 0.034 
309      509    (0)    5 :  0.002 0.963 0.008 0.007 0.018 0.003 
310      510    (0)    5 :  0.004 0.954 0.014 0.003 0.021 0.004 
311      511    (0)    5 :  0.020 0.965 0.005 0.003 0.006 0.002 
312      512    (0)    5 :  0.004 0.985 0.005 0.002 0.003 0.002 
313      513    (0)    5 :  0.002 0.988 0.003 0.002 0.003 0.003 
314      514    (0)    5 :  0.009 0.975 0.004 0.002 0.007 0.002 
315      515    (0)    5 :  0.003 0.926 0.013 0.015 0.028 0.015 
316      558    (0)    5 :  0.002 0.977 0.011 0.001 0.005 0.004 
317      559    (0)    5 :  0.001 0.991 0.002 0.002 0.002 0.002 
318      560    (0)    5 :  0.005 0.983 0.003 0.001 0.003 0.006 
319      561    (0)    5 :  0.003 0.986 0.002 0.002 0.004 0.002 
320      562    (0)    5 :  0.002 0.975 0.006 0.003 0.011 0.002 
321      563    (0)    5 :  0.006 0.915 0.005 0.028 0.037 0.009 
322      564    (0)    5 :  0.002 0.975 0.008 0.003 0.005 0.007 
323      136    (0)    6 :  0.004 0.979 0.004 0.006 0.006 0.001 
324      138    (0)    6 :  0.003 0.984 0.005 0.001 0.004 0.003 
325      140    (0)    6 :  0.008 0.974 0.009 0.001 0.006 0.002 
326      141    (0)    6 :  0.004 0.960 0.008 0.002 0.020 0.005 
327      144    (0)    6 :  0.015 0.974 0.003 0.003 0.005 0.002 
328      146    (0)    6 :  0.003 0.987 0.002 0.001 0.003 0.002 
329      148    (0)    6 :  0.001 0.987 0.003 0.001 0.005 0.001 
330      150    (0)    6 :  0.001 0.982 0.006 0.002 0.003 0.006 
331      152    (0)    6 :  0.002 0.990 0.003 0.001 0.003 0.001 
332      666    (0)    6 :  0.002 0.985 0.006 0.002 0.004 0.002 
333      667    (0)    6 :  0.002 0.975 0.006 0.002 0.014 0.001 
334      668    (0)    6 :  0.002 0.968 0.013 0.003 0.005 0.009 
335      669    (0)    6 :  0.001 0.985 0.005 0.003 0.003 0.003 
336      670    (0)    6 :  0.002 0.933 0.043 0.002 0.010 0.011 
337      684    (0)    6 :  0.002 0.989 0.004 0.001 0.003 0.002 
338      685    (0)    6 :  0.004 0.975 0.002 0.008 0.005 0.006 
339      686    (0)    6 :  0.002 0.986 0.005 0.001 0.003 0.002 
340      687    (0)    6 :  0.005 0.985 0.005 0.001 0.004 0.001 
341      688    (2)    6 :  0.003 0.988 0.004 0.001 0.003 0.002 
342      689    (0)    6 :  0.006 0.949 0.009 0.026 0.007 0.004 
343      165    (0)    7 :  0.003 0.967 0.013 0.004 0.010 0.002 
344      167    (0)    7 :  0.003 0.861 0.025 0.002 0.041 0.067 
345      170    (0)    7 :  0.009 0.969 0.011 0.003 0.005 0.003 
346      714    (0)    7 :  0.001 0.981 0.006 0.003 0.006 0.003 
347      715    (2)    7 :  0.004 0.774 0.033 0.053 0.109 0.027 
348      716    (0)    7 :  0.003 0.976 0.009 0.003 0.006 0.003 
349      717    (2)    7 :  0.008 0.555 0.023 0.010 0.389 0.015 
350     2346    (2)    7 :  0.053 0.009 0.057 0.796 0.080 0.005 
351      718    (0)    8 :  0.004 0.971 0.006 0.002 0.006 0.011 
352      719    (0)    8 :  0.008 0.947 0.019 0.003 0.018 0.005 
353      720    (0)    8 :  0.001 0.985 0.005 0.001 0.005 0.001 
354      721    (0)    8 :  0.013 0.933 0.016 0.007 0.013 0.017 
355      722    (0)    8 :  0.002 0.982 0.008 0.001 0.004 0.003 
356      723    (0)    8 :  0.003 0.982 0.009 0.001 0.004 0.001 
357      724    (0)    8 :  0.002 0.984 0.005 0.001 0.003 0.004 
358      725    (0)    8 :  0.004 0.983 0.004 0.002 0.004 0.003 
359      726    (0)    8 :  0.002 0.948 0.008 0.008 0.031 0.003 
360      727    (0)    8 :  0.002 0.989 0.003 0.001 0.002 0.002 
361      728    (2)    8 :  0.002 0.976 0.010 0.002 0.007 0.004 
362      729    (0)    8 :  0.004 0.789 0.188 0.002 0.009 0.008 
363      730    (0)    8 :  0.003 0.898 0.022 0.004 0.054 0.020 
364      731    (0)    8 :  0.006 0.970 0.010 0.002 0.008 0.004 
365      732    (0)    8 :  0.003 0.980 0.004 0.002 0.009 0.002 
366      733    (0)    8 :  0.003 0.975 0.010 0.001 0.003 0.008 
367      734    (0)    8 :  0.002 0.990 0.004 0.001 0.002 0.002 
368      189    (0)    9 :  0.961 0.011 0.011 0.002 0.008 0.007 
369      190    (0)    9 :  0.989 0.002 0.002 0.002 0.002 0.002 
370      193    (0)    9 :  0.984 0.003 0.003 0.003 0.006 0.001 
371      761    (0)    9 :  0.991 0.002 0.003 0.001 0.002 0.001 
372      762    (0)    9 :  0.984 0.003 0.006 0.002 0.003 0.002 
373      763    (0)    9 :  0.984 0.004 0.005 0.002 0.003 0.003 
374      764    (0)    9 :  0.987 0.003 0.004 0.001 0.002 0.002 
375      765    (0)    9 :  0.986 0.004 0.003 0.002 0.004 0.001 
376      778    (0)    9 :  0.932 0.020 0.008 0.009 0.019 0.012 
377      779    (0)    9 :  0.983 0.005 0.004 0.002 0.003 0.002 
378      780    (0)    9 :  0.989 0.002 0.004 0.002 0.003 0.002 
379      781    (0)    9 :  0.976 0.003 0.002 0.002 0.002 0.014 
380      782    (0)    9 :  0.979 0.009 0.002 0.003 0.005 0.002 
381      783    (0)    9 :  0.994 0.001 0.001 0.001 0.001 0.001 
382      784    (0)    9 :  0.987 0.003 0.003 0.001 0.005 0.001 
383      785    (0)    9 :  0.982 0.003 0.005 0.002 0.003 0.004 
384      786    (0)    9 :  0.987 0.002 0.005 0.002 0.003 0.001 
385      787    (0)    9 :  0.988 0.004 0.003 0.001 0.002 0.002 
386      788    (0)    9 :  0.959 0.011 0.009 0.003 0.012 0.005 
387      789    (0)    9 :  0.956 0.004 0.003 0.026 0.010 0.002 
388      790    (0)    9 :  0.981 0.003 0.005 0.002 0.004 0.005 
389      791    (0)    9 :  0.980 0.006 0.005 0.002 0.005 0.001 
390      792    (0)    9 :  0.990 0.002 0.002 0.002 0.002 0.003 
391      793    (0)    9 :  0.982 0.005 0.004 0.002 0.005 0.002 
392      794    (0)    9 :  0.983 0.002 0.005 0.002 0.005 0.003 
393      795    (0)    9 :  0.983 0.003 0.003 0.004 0.005 0.002 
394      796    (0)    9 :  0.989 0.002 0.002 0.004 0.002 0.002 
395      797    (0)    9 :  0.990 0.002 0.003 0.001 0.002 0.002 
396      798    (0)    9 :  0.984 0.005 0.005 0.001 0.002 0.001 


Estimated Allele Frequencies in each cluster
First column gives estimated ancestral frequencies


Locus 1 : 1 
4 alleles
0.0% missing data
  89   (0.513) 0.635 0.578 0.508 0.291 0.550 0.073 
  91   (0.384) 0.312 0.355 0.428 0.662 0.368 0.734 
  99   (0.026) 0.002 0.001 0.021 0.002 0.019 0.150 
  93   (0.077) 0.051 0.066 0.042 0.045 0.063 0.042 

Locus 2 : 2 
6 alleles
1.3% missing data
 136   (0.335) 0.456 0.550 0.094 0.446 0.359 0.204 
 134   (0.243) 0.373 0.159 0.257 0.204 0.243 0.032 
 138   (0.276) 0.161 0.233 0.509 0.227 0.248 0.745 
 140   (0.089) 0.006 0.057 0.041 0.109 0.091 0.012 
 132   (0.028) 0.002 0.001 0.007 0.002 0.037 0.003 
 142   (0.029) 0.002 0.001 0.093 0.013 0.021 0.004 

Locus 3 : 3 
6 alleles
0.0% missing data
 181   (0.234) 0.075 0.210 0.311 0.082 0.230 0.195 
 187   (0.360) 0.264 0.511 0.213 0.360 0.360 0.750 
 179   (0.213) 0.014 0.258 0.243 0.063 0.236 0.030 
 191   (0.044) 0.198 0.018 0.008 0.013 0.035 0.006 
 185   (0.083) 0.445 0.002 0.102 0.259 0.075 0.011 
 175   (0.065) 0.004 0.001 0.123 0.224 0.064 0.008 

Locus 4 : 4 
10 alleles
0.0% missing data
 253   (0.479) 0.465 0.704 0.567 0.190 0.501 0.530 
 249   (0.032) 0.002 0.065 0.003 0.067 0.025 0.004 
 271   (0.053) 0.003 0.031 0.016 0.111 0.049 0.007 
 241   (0.150) 0.149 0.073 0.154 0.511 0.133 0.215 
 257   (0.010) 0.001 0.001 0.002 0.001 0.006 0.001 
 269   (0.155) 0.106 0.124 0.217 0.021 0.153 0.229 
 247   (0.083) 0.273 0.002 0.038 0.033 0.100 0.010 
 239   (0.010) 0.001 0.000 0.001 0.001 0.008 0.001 
 245   (0.015) 0.001 0.000 0.001 0.065 0.010 0.002 
 273   (0.013) 0.001 0.000 0.001 0.001 0.013 0.001 

Locus 5 : 5 
7 alleles
0.8% missing data
 103   (0.805) 0.959 0.989 0.926 0.742 0.801 0.972 
 104   (0.075) 0.005 0.009 0.037 0.064 0.082 0.013 
 105   (0.060) 0.004 0.001 0.031 0.165 0.069 0.008 
 102   (0.019) 0.002 0.000 0.003 0.001 0.022 0.003 
 101   (0.015) 0.015 0.000 0.001 0.001 0.011 0.002 
 107   (0.016) 0.001 0.000 0.002 0.026 0.011 0.002 
  99   (0.010) 0.015 0.000 0.001 0.001 0.005 0.001 

Locus 6 : 6 
5 alleles
0.3% missing data
 141   (0.282) 0.143 0.545 0.281 0.132 0.284 0.040 
 145   (0.388) 0.264 0.182 0.510 0.026 0.430 0.389 
 135   (0.242) 0.283 0.208 0.192 0.634 0.216 0.556 
 147   (0.072) 0.309 0.065 0.014 0.131 0.060 0.012 
 137   (0.016) 0.001 0.000 0.002 0.077 0.010 0.002 

Locus 7 : 7 
10 alleles
1.0% missing data
  93   (0.218) 0.073 0.350 0.298 0.125 0.204 0.709 
 103   (0.242) 0.502 0.375 0.353 0.016 0.259 0.037 
  91   (0.082) 0.154 0.029 0.032 0.057 0.072 0.067 
  97   (0.217) 0.257 0.154 0.122 0.271 0.224 0.150 
  85   (0.043) 0.003 0.038 0.026 0.003 0.040 0.006 
  89   (0.109) 0.007 0.052 0.123 0.302 0.109 0.018 
  83   (0.052) 0.003 0.001 0.042 0.004 0.070 0.007 
 105   (0.017) 0.001 0.000 0.002 0.085 0.012 0.002 
  99   (0.010) 0.001 0.000 0.001 0.012 0.005 0.002 
 101   (0.011) 0.001 0.000 0.001 0.125 0.005 0.001 

Locus 8 : 8 
8 alleles
0.0% missing data
 129   (0.505) 0.638 0.663 0.680 0.327 0.518 0.148 
 141   (0.060) 0.201 0.098 0.024 0.004 0.054 0.008 
 149   (0.106) 0.018 0.120 0.056 0.281 0.103 0.013 
 143   (0.264) 0.137 0.118 0.223 0.305 0.273 0.743 
 127   (0.023) 0.001 0.000 0.002 0.081 0.017 0.037 
 131   (0.014) 0.002 0.000 0.007 0.001 0.007 0.048 
 145   (0.010) 0.001 0.000 0.001 0.001 0.008 0.001 
 133   (0.018) 0.001 0.000 0.008 0.001 0.020 0.002 

Locus 9 : 9 
4 alleles
0.0% missing data
 191   (0.360) 0.541 0.571 0.311 0.323 0.354 0.268 
 195   (0.164) 0.058 0.161 0.212 0.334 0.141 0.390 
 189   (0.466) 0.400 0.265 0.477 0.343 0.500 0.341 
 193   (0.010) 0.001 0.003 0.001 0.001 0.005 0.001 

Locus 10 : 10 
7 alleles
0.3% missing data
 232   (0.239) 0.276 0.305 0.162 0.133 0.246 0.193 
 238   (0.559) 0.352 0.549 0.754 0.736 0.573 0.407 
 252   (0.094) 0.037 0.128 0.073 0.018 0.091 0.022 
 254   (0.056) 0.252 0.018 0.006 0.081 0.044 0.372 
 250   (0.018) 0.001 0.000 0.002 0.029 0.015 0.002 
 248   (0.024) 0.081 0.000 0.003 0.002 0.024 0.003 
 236   (0.010) 0.001 0.000 0.002 0.001 0.008 0.002 

Locus 11 : 11 
4 alleles
0.0% missing data
  87   (0.719) 0.537 0.624 0.827 0.526 0.743 0.963 
  89   (0.206) 0.380 0.321 0.141 0.156 0.204 0.028 
  91   (0.064) 0.082 0.055 0.031 0.165 0.048 0.008 
  85   (0.011) 0.001 0.000 0.001 0.152 0.005 0.001 

Locus 12 : 12 
12 alleles
0.3% missing data
 160   (0.225) 0.706 0.129 0.270 0.402 0.200 0.614 
 162   (0.234) 0.237 0.224 0.252 0.016 0.263 0.086 
 147   (0.038) 0.002 0.149 0.045 0.003 0.029 0.005 
 158   (0.214) 0.025 0.465 0.204 0.100 0.233 0.031 
 161   (0.117) 0.019 0.023 0.106 0.267 0.114 0.112 
 170   (0.060) 0.004 0.009 0.037 0.031 0.062 0.009 
 143   (0.030) 0.002 0.001 0.005 0.176 0.024 0.133 
 149   (0.029) 0.002 0.001 0.049 0.002 0.028 0.003 
 154   (0.020) 0.001 0.000 0.002 0.002 0.027 0.003 
 150   (0.010) 0.001 0.000 0.008 0.001 0.005 0.001 
 159   (0.012) 0.001 0.000 0.020 0.001 0.006 0.001 
 164   (0.010) 0.001 0.000 0.001 0.001 0.008 0.001 

Locus 13 : 13 
4 alleles
0.0% missing data
 108   (0.195) 0.200 0.175 0.101 0.286 0.189 0.307 
 115   (0.424) 0.293 0.545 0.519 0.378 0.434 0.088 
 113   (0.371) 0.506 0.280 0.378 0.335 0.369 0.604 
 109   (0.010) 0.001 0.000 0.001 0.001 0.008 0.001 

Locus 14 : 14 
5 alleles
0.8% missing data
 227   (0.126) 0.020 0.257 0.308 0.009 0.113 0.224 
 231   (0.139) 0.343 0.096 0.020 0.343 0.142 0.301 
 229   (0.532) 0.421 0.479 0.532 0.483 0.568 0.126 
 225   (0.130) 0.211 0.077 0.098 0.062 0.116 0.254 
 233   (0.074) 0.005 0.091 0.042 0.102 0.061 0.096 

Locus 15 : 15 
5 alleles
0.5% missing data
 143   (0.808) 0.820 0.968 0.871 0.623 0.826 0.762 
 157   (0.011) 0.001 0.014 0.001 0.001 0.005 0.001 
 145   (0.104) 0.007 0.017 0.068 0.185 0.104 0.227 
 147   (0.055) 0.141 0.001 0.058 0.190 0.044 0.007 
 133   (0.022) 0.032 0.000 0.002 0.002 0.021 0.003 

Locus 16 : 16 
5 alleles
0.3% missing data
 156   (0.255) 0.496 0.263 0.215 0.167 0.245 0.573 
 158   (0.482) 0.207 0.528 0.629 0.332 0.505 0.214 
 160   (0.151) 0.117 0.172 0.126 0.126 0.148 0.020 
 154   (0.100) 0.180 0.037 0.016 0.374 0.096 0.192 
 152   (0.011) 0.001 0.000 0.015 0.001 0.005 0.001 

Locus 17 : 17 
5 alleles
0.0% missing data
 102   (0.206) 0.202 0.223 0.243 0.050 0.205 0.031 
  90   (0.642) 0.788 0.732 0.721 0.348 0.640 0.598 
  88   (0.095) 0.006 0.044 0.017 0.431 0.107 0.013 
 100   (0.046) 0.003 0.001 0.012 0.170 0.043 0.357 
 104   (0.010) 0.001 0.000 0.007 0.001 0.005 0.001 

Locus 18 : 18 
8 alleles
0.3% missing data
 142   (0.126) 0.008 0.412 0.098 0.030 0.138 0.021 
 146   (0.083) 0.221 0.154 0.112 0.006 0.073 0.011 
 140   (0.274) 0.184 0.142 0.230 0.307 0.291 0.323 
 127   (0.246) 0.064 0.170 0.290 0.160 0.255 0.470 
 148   (0.110) 0.214 0.055 0.083 0.072 0.106 0.015 
 128   (0.042) 0.003 0.045 0.004 0.212 0.033 0.091 
 138   (0.055) 0.004 0.021 0.039 0.005 0.053 0.061 
 150   (0.064) 0.303 0.001 0.144 0.209 0.052 0.008 

Locus 19 : 19 
7 alleles
0.3% missing data
 188   (0.180) 0.172 0.137 0.151 0.013 0.204 0.023 
 190   (0.142) 0.204 0.372 0.170 0.048 0.126 0.019 
 194   (0.554) 0.479 0.488 0.560 0.557 0.557 0.943 
 200   (0.078) 0.005 0.002 0.115 0.301 0.082 0.009 
 202   (0.025) 0.138 0.000 0.002 0.041 0.018 0.003 
 196   (0.010) 0.001 0.000 0.001 0.001 0.008 0.001 
 198   (0.011) 0.001 0.000 0.001 0.039 0.005 0.001 

Locus 20 : 20 
6 alleles
0.8% missing data
 252   (0.638) 0.726 0.822 0.786 0.088 0.699 0.381 
 250   (0.097) 0.137 0.090 0.065 0.422 0.071 0.321 
 244   (0.027) 0.002 0.014 0.008 0.042 0.016 0.004 
 254   (0.098) 0.083 0.029 0.076 0.233 0.083 0.096 
 246   (0.115) 0.051 0.034 0.060 0.214 0.108 0.196 
 248   (0.025) 0.002 0.010 0.005 0.002 0.023 0.003 

Locus 21 : 21 
7 alleles
0.0% missing data
 173   (0.252) 0.212 0.324 0.533 0.207 0.227 0.138 
 177   (0.280) 0.176 0.324 0.240 0.051 0.302 0.271 
 175   (0.148) 0.253 0.031 0.076 0.481 0.139 0.436 
 167   (0.181) 0.123 0.309 0.124 0.075 0.178 0.133 
 163   (0.055) 0.216 0.003 0.012 0.108 0.052 0.007 
 159   (0.024) 0.001 0.000 0.002 0.002 0.036 0.003 
 165   (0.061) 0.019 0.009 0.013 0.076 0.065 0.011 

Locus 22 : 22 
11 alleles
1.0% missing data
 146   (0.191) 0.142 0.259 0.312 0.013 0.196 0.082 
 154   (0.011) 0.001 0.053 0.001 0.001 0.005 0.001 
 166   (0.093) 0.006 0.060 0.035 0.006 0.112 0.123 
 152   (0.412) 0.377 0.586 0.564 0.119 0.422 0.467 
 150   (0.046) 0.003 0.009 0.014 0.111 0.037 0.097 
 164   (0.031) 0.002 0.016 0.003 0.068 0.026 0.004 
 148   (0.014) 0.001 0.000 0.001 0.001 0.010 0.199 
 158   (0.097) 0.104 0.014 0.025 0.414 0.104 0.014 
 162   (0.058) 0.069 0.001 0.015 0.132 0.064 0.007 
 142   (0.022) 0.001 0.000 0.017 0.035 0.014 0.003 
 156   (0.023) 0.295 0.000 0.012 0.101 0.011 0.003 

Locus 23 : 23 
7 alleles
0.5% missing data
 152   (0.013) 0.001 0.061 0.002 0.001 0.006 0.002 
 156   (0.138) 0.038 0.045 0.034 0.406 0.158 0.019 
 144   (0.172) 0.619 0.170 0.234 0.242 0.137 0.544 
 160   (0.110) 0.108 0.185 0.107 0.019 0.102 0.015 
 154   (0.515) 0.230 0.534 0.618 0.198 0.544 0.413 
 158   (0.039) 0.002 0.005 0.004 0.133 0.039 0.005 
 146   (0.013) 0.001 0.000 0.001 0.001 0.013 0.002 

Locus 24 : 24 
4 alleles
0.3% missing data
  77   (0.078) 0.052 0.261 0.088 0.005 0.066 0.011 
  83   (0.475) 0.918 0.495 0.393 0.588 0.459 0.711 
  81   (0.371) 0.025 0.217 0.410 0.376 0.405 0.267 
  85   (0.076) 0.005 0.026 0.110 0.031 0.070 0.011 

Locus 25 : 25 
6 alleles
0.3% missing data
 132   (0.304) 0.448 0.481 0.346 0.025 0.313 0.211 
 124   (0.536) 0.542 0.451 0.544 0.485 0.546 0.407 
 126   (0.030) 0.002 0.049 0.003 0.014 0.023 0.004 
 122   (0.085) 0.005 0.017 0.102 0.450 0.076 0.037 
 120   (0.029) 0.002 0.001 0.003 0.025 0.024 0.338 
 136   (0.016) 0.001 0.001 0.002 0.002 0.017 0.002 

Locus 26 : 26 
7 alleles
0.0% missing data
 165   (0.225) 0.059 0.152 0.264 0.113 0.227 0.304 
 183   (0.353) 0.425 0.540 0.313 0.208 0.351 0.331 
 179   (0.098) 0.006 0.063 0.096 0.284 0.083 0.322 
 175   (0.256) 0.440 0.243 0.317 0.018 0.282 0.035 
 181   (0.046) 0.068 0.001 0.008 0.262 0.044 0.006 
 157   (0.010) 0.001 0.000 0.001 0.001 0.008 0.001 
 185   (0.011) 0.001 0.000 0.001 0.114 0.005 0.001 

Locus 27 : 27 
4 alleles
0.0% missing data
 142   (0.627) 0.739 0.681 0.747 0.523 0.633 0.342 
 148   (0.200) 0.072 0.108 0.091 0.256 0.207 0.635 
 138   (0.040) 0.003 0.197 0.021 0.052 0.027 0.005 
 150   (0.133) 0.186 0.014 0.141 0.169 0.133 0.017 

Locus 28 : 28 
6 alleles
1.0% missing data
 260   (0.382) 0.378 0.369 0.514 0.233 0.393 0.082 
 262   (0.485) 0.547 0.620 0.392 0.681 0.483 0.900 
 256   (0.085) 0.072 0.010 0.058 0.083 0.082 0.013 
 258   (0.016) 0.001 0.000 0.002 0.001 0.018 0.002 
 264   (0.022) 0.001 0.000 0.027 0.001 0.019 0.003 
 266   (0.010) 0.001 0.000 0.007 0.001 0.005 0.002 

Locus 29 : 29 
7 alleles
0.5% missing data
 146   (0.261) 0.336 0.191 0.220 0.307 0.277 0.039 
 150   (0.411) 0.297 0.624 0.550 0.239 0.421 0.155 
 140   (0.194) 0.062 0.110 0.168 0.393 0.188 0.786 
 148   (0.083) 0.300 0.066 0.027 0.042 0.079 0.012 
 152   (0.030) 0.002 0.001 0.033 0.018 0.026 0.004 
 151   (0.010) 0.001 0.006 0.001 0.001 0.005 0.002 
 142   (0.010) 0.001 0.003 0.001 0.001 0.005 0.002 

Locus 30 : 30 
6 alleles
0.3% missing data
 125   (0.278) 0.033 0.452 0.106 0.149 0.314 0.162 
 129   (0.405) 0.779 0.492 0.581 0.081 0.393 0.229 
 123   (0.159) 0.103 0.054 0.214 0.115 0.152 0.022 
 121   (0.015) 0.001 0.000 0.002 0.001 0.010 0.050 
 127   (0.090) 0.079 0.002 0.054 0.517 0.079 0.530 
 131   (0.053) 0.003 0.001 0.044 0.137 0.052 0.008 

Locus 31 : 31 
6 alleles
0.3% missing data
 159   (0.132) 0.009 0.136 0.278 0.194 0.125 0.017 
 155   (0.547) 0.707 0.697 0.449 0.410 0.568 0.595 
 157   (0.180) 0.026 0.100 0.207 0.072 0.188 0.141 
 153   (0.090) 0.006 0.062 0.059 0.312 0.080 0.083 
 151   (0.041) 0.252 0.003 0.005 0.011 0.033 0.162 
 163   (0.010) 0.001 0.002 0.002 0.001 0.006 0.001 

Locus 32 : 32 
5 alleles
1.0% missing data
  91   (0.392) 0.155 0.581 0.510 0.255 0.389 0.550 
  94   (0.070) 0.005 0.056 0.012 0.032 0.082 0.009 
  95   (0.208) 0.408 0.106 0.088 0.222 0.215 0.298 
  92   (0.320) 0.431 0.257 0.389 0.479 0.309 0.142 
  90   (0.010) 0.001 0.000 0.001 0.012 0.005 0.001 

Locus 33 : 33 
5 alleles
0.0% missing data
 146   (0.312) 0.308 0.072 0.355 0.638 0.310 0.577 
 150   (0.553) 0.639 0.855 0.571 0.252 0.565 0.403 
 148   (0.073) 0.050 0.072 0.026 0.042 0.066 0.010 
 154   (0.045) 0.003 0.001 0.018 0.067 0.048 0.007 
 152   (0.017) 0.001 0.000 0.029 0.001 0.011 0.002 

Locus 34 : 34 
7 alleles
0.0% missing data
 180   (0.439) 0.662 0.564 0.364 0.363 0.446 0.718 
 196   (0.097) 0.006 0.179 0.131 0.031 0.094 0.013 
 184   (0.209) 0.077 0.162 0.279 0.179 0.201 0.236 
 194   (0.012) 0.001 0.036 0.001 0.001 0.006 0.001 
 192   (0.148) 0.185 0.006 0.164 0.169 0.166 0.018 
 198   (0.084) 0.068 0.052 0.020 0.256 0.081 0.011 
 190   (0.012) 0.001 0.000 0.042 0.001 0.006 0.001 

Locus 35 : 35 
6 alleles
0.0% missing data
 110   (0.182) 0.076 0.322 0.099 0.116 0.176 0.191 
 112   (0.322) 0.066 0.518 0.408 0.060 0.349 0.045 
 106   (0.299) 0.697 0.125 0.391 0.250 0.287 0.199 
  90   (0.043) 0.003 0.025 0.006 0.003 0.041 0.425 
 108   (0.144) 0.114 0.010 0.095 0.570 0.142 0.139 
  96   (0.011) 0.045 0.000 0.001 0.001 0.005 0.001 

Locus 36 : 36 
9 alleles
0.0% missing data
 166   (0.043) 0.003 0.249 0.099 0.003 0.031 0.006 
 176   (0.096) 0.019 0.159 0.012 0.101 0.109 0.014 
 172   (0.325) 0.578 0.417 0.378 0.163 0.328 0.047 
 170   (0.286) 0.321 0.162 0.222 0.346 0.284 0.586 
 174   (0.129) 0.072 0.005 0.193 0.048 0.144 0.019 
 178   (0.039) 0.003 0.006 0.043 0.003 0.037 0.005 
 168   (0.053) 0.003 0.001 0.015 0.312 0.051 0.319 
 186   (0.018) 0.001 0.000 0.036 0.024 0.009 0.002 
 158   (0.010) 0.001 0.000 0.001 0.001 0.008 0.001 

Locus 37 : 37 
6 alleles
0.0% missing data
  89   (0.542) 0.510 0.640 0.664 0.609 0.548 0.353 
  95   (0.056) 0.004 0.071 0.077 0.029 0.044 0.007 
  85   (0.166) 0.236 0.228 0.118 0.021 0.165 0.508 
  81   (0.060) 0.004 0.009 0.048 0.004 0.070 0.011 
  83   (0.152) 0.245 0.050 0.089 0.310 0.157 0.021 
  91   (0.024) 0.002 0.000 0.003 0.027 0.017 0.101 

Locus 38 : 38 
10 alleles
0.0% missing data
 161   (0.338) 0.378 0.532 0.279 0.689 0.335 0.415 
 165   (0.208) 0.106 0.178 0.243 0.120 0.213 0.146 
 159   (0.020) 0.001 0.029 0.006 0.001 0.014 0.003 
 173   (0.262) 0.504 0.131 0.294 0.179 0.270 0.195 
 169   (0.095) 0.006 0.120 0.136 0.007 0.094 0.233 
 167   (0.022) 0.002 0.009 0.002 0.001 0.021 0.003 
 168   (0.013) 0.001 0.000 0.001 0.001 0.013 0.001 
 155   (0.020) 0.001 0.000 0.002 0.001 0.027 0.002 
 177   (0.010) 0.001 0.000 0.001 0.001 0.008 0.001 
 175   (0.011) 0.001 0.000 0.035 0.001 0.005 0.001 

Locus 39 : 39 
6 alleles
0.8% missing data
  87   (0.115) 0.129 0.152 0.065 0.410 0.090 0.630 
  89   (0.394) 0.100 0.601 0.558 0.240 0.417 0.053 
  91   (0.172) 0.184 0.119 0.081 0.107 0.175 0.175 
  81   (0.112) 0.116 0.082 0.089 0.008 0.120 0.015 
  85   (0.198) 0.470 0.043 0.207 0.234 0.194 0.125 
  83   (0.010) 0.001 0.003 0.001 0.001 0.005 0.001 

Locus 40 : 40 
4 alleles
0.5% missing data
 167   (0.734) 0.858 0.915 0.790 0.419 0.749 0.647 
 161   (0.218) 0.138 0.083 0.156 0.459 0.215 0.348 
 165   (0.038) 0.003 0.002 0.053 0.121 0.029 0.005 
 177   (0.010) 0.001 0.000 0.001 0.001 0.008 0.001 

Locus 41 : 41 
6 alleles
0.5% missing data
 228   (0.420) 0.245 0.556 0.515 0.126 0.423 0.621 
 238   (0.318) 0.118 0.304 0.311 0.075 0.346 0.099 
 224   (0.033) 0.002 0.078 0.005 0.015 0.026 0.004 
 236   (0.108) 0.383 0.060 0.052 0.292 0.087 0.262 
 232   (0.014) 0.001 0.001 0.003 0.001 0.012 0.002 
 240   (0.106) 0.251 0.002 0.115 0.491 0.106 0.013 

Locus 42 : 42 
7 alleles
0.0% missing data
 128   (0.113) 0.037 0.135 0.211 0.008 0.110 0.015 
 130   (0.540) 0.772 0.611 0.436 0.731 0.562 0.078 
 114   (0.050) 0.003 0.095 0.005 0.003 0.050 0.413 
 132   (0.097) 0.053 0.144 0.178 0.006 0.088 0.014 
 118   (0.074) 0.128 0.002 0.092 0.074 0.060 0.239 
 134   (0.116) 0.007 0.012 0.078 0.177 0.121 0.240 
 136   (0.010) 0.001 0.000 0.001 0.001 0.008 0.001 

Locus 43 : 43 
6 alleles
0.8% missing data
 102   (0.243) 0.473 0.400 0.332 0.017 0.236 0.524 
 104   (0.412) 0.413 0.193 0.520 0.233 0.447 0.060 
  92   (0.134) 0.008 0.125 0.068 0.320 0.137 0.063 
  96   (0.073) 0.005 0.091 0.025 0.177 0.061 0.106 
  98   (0.128) 0.100 0.191 0.054 0.253 0.111 0.245 
 106   (0.010) 0.002 0.001 0.002 0.001 0.007 0.003 

Locus 44 : 44 
5 alleles
0.3% missing data
 101   (0.311) 0.192 0.410 0.265 0.347 0.326 0.042 
 103   (0.284) 0.345 0.221 0.430 0.106 0.279 0.246 
  99   (0.157) 0.010 0.069 0.092 0.192 0.169 0.412 
  95   (0.234) 0.452 0.300 0.211 0.348 0.219 0.108 
  97   (0.014) 0.001 0.000 0.002 0.006 0.007 0.193 

Locus 45 : 45 
7 alleles
0.3% missing data
 177   (0.061) 0.004 0.075 0.055 0.096 0.049 0.009 
 191   (0.312) 0.105 0.168 0.207 0.628 0.332 0.253 
 181   (0.535) 0.855 0.756 0.693 0.155 0.536 0.536 
 179   (0.050) 0.003 0.001 0.005 0.107 0.057 0.197 
 183   (0.013) 0.001 0.000 0.002 0.001 0.013 0.002 
 193   (0.017) 0.001 0.000 0.036 0.013 0.008 0.002 
 189   (0.010) 0.030 0.000 0.001 0.001 0.005 0.001 

Locus 46 : 46 
6 alleles
0.8% missing data
 205   (0.448) 0.410 0.526 0.543 0.314 0.471 0.282 
 211   (0.244) 0.270 0.223 0.123 0.383 0.256 0.318 
 207   (0.131) 0.201 0.136 0.198 0.073 0.121 0.018 
 201   (0.071) 0.005 0.068 0.063 0.043 0.059 0.368 
 215   (0.088) 0.114 0.047 0.070 0.175 0.077 0.012 
 202   (0.018) 0.001 0.000 0.002 0.012 0.015 0.003 

Locus 47 : 47 
9 alleles
1.0% missing data
 144   (0.072) 0.131 0.216 0.050 0.013 0.060 0.012 
 158   (0.165) 0.087 0.150 0.099 0.127 0.179 0.026 
 168   (0.143) 0.111 0.194 0.048 0.222 0.141 0.198 
 166   (0.125) 0.375 0.289 0.194 0.019 0.108 0.065 
 142   (0.346) 0.287 0.144 0.543 0.161 0.385 0.053 
 170   (0.019) 0.002 0.002 0.002 0.043 0.013 0.003 
 156   (0.034) 0.002 0.001 0.008 0.079 0.026 0.539 
 162   (0.042) 0.003 0.001 0.029 0.161 0.033 0.097 
 164   (0.054) 0.003 0.003 0.027 0.175 0.056 0.008 

Locus 48 : 48 
7 alleles
7.6% missing data
 149   (0.377) 0.337 0.220 0.370 0.748 0.379 0.327 
 151   (0.179) 0.012 0.258 0.163 0.101 0.189 0.072 
 153   (0.202) 0.029 0.309 0.340 0.049 0.211 0.026 
 147   (0.030) 0.002 0.031 0.004 0.004 0.023 0.057 
 145   (0.179) 0.618 0.178 0.119 0.043 0.172 0.514 
 152   (0.010) 0.001 0.003 0.001 0.001 0.005 0.002 
 143   (0.023) 0.001 0.000 0.002 0.053 0.021 0.003 

Values of parameters used in structure:
DATAFILE=temp2.str,	OUTFILE=k6/temp2_k6_run5,	NUMINDS=396,	NUMLOCI=48,	MISSING=-9,	LABEL=1,	POPDATA=1,	POPFLAG=0,	PHENOTYPE=0,	EXTRACOLS=0,	MAXPOPS=6,	BURNIN=500000,	NUMREPS=750000,	USEPOPINFO=0,	INFERALPHA=1,	INFERLAMBDA=0,	POPSPECIFICLAMBDA=0,	POPALPHAS=0,	COMPUTEPROB=1,	NOADMIX=0,	ADMBURNIN=500,	UPDATEFREQ=100,	PRINTLIKES=0,	INTERMEDSAVE=0,	PRINTKLD=0,	PRINTNET=1,	PRINTLAMBDA=1,	ANCESTDIST=0,	NUMBOXES=1000,	ANCESTPINT=0.90000,	GENSBACK=2,	MIGRPRIOR=0.01000,	PRINTQHAT=0,	PRINTQSUM=1,	ALPHA=1.0000,	FREQSCORR=1,	FPRIORMEAN=0.0100,	FPRIORSD=0.0500,	ONEFST=0,	LAMBDA=1.0000,	UNIFPRIORALPHA=1,	ALPHAMAX=10.0000,	ALPHAPRIORA=1.0000,	ALPHAPRIORB=2.0000,	ALPHAPROPSD=0.0250,	STARTATPOPINFO=0,	RANDOMIZE=0,	LINKAGE=0,	METROFREQ=10,	REPORTHITRATE=0,	MARKOVPHASE=0,	PHASED=1,	PLOIDY=2,	PHASEINFO=0	LOCPRIOR=0, 	LOCPRIORINIT=1.000000, 	LOCDATA=0, 	LOCISPOP=1, 	LOCPRIORSTEP=0.100000, 	MAXLOCPRIOR=20.000000, 	SEED=624003,	
[STRAT parameters]:    NUMSIMSTATS=1000,	PHENOTYPECOL=-9,	POOLFREQ=10,	LOCUSxONLY=0,	EMERROR=0.00100,	MISSINGPHENO=-9,	