

----------------------------------------------------
STRUCTURE by Pritchard, Stephens and Donnelly (2000)
     and Falush, Stephens and Pritchard (2003)
       Code by Pritchard, Falush and Hubisz
             Version 2.3.4 (Jul 2012)
----------------------------------------------------



Command line arguments:   structure -D 428615 -K 14 -m mainparams -o k14/temp2_k14_run3 
Input File:    temp2.str

Run parameters:
   396 individuals
   48 loci
   14 populations assumed
   500000 Burn-in period
   750000 Reps
RANDOMIZE turned off


--------------------------------------------
Proportion of membership of each pre-defined
 population in each of the 14 clusters

Given    Inferred Clusters                                                                                    Number of
 Pop       1      2      3      4      5      6      7      8      9     10     11     12     13     14      Individuals

  1:     0.012  0.842  0.009  0.008  0.031  0.011  0.010  0.008  0.010  0.003  0.009  0.033  0.011  0.004       63
  2:     0.007  0.071  0.007  0.005  0.849  0.006  0.006  0.007  0.007  0.002  0.008  0.015  0.005  0.006       20
  3:     0.005  0.003  0.003  0.004  0.003  0.005  0.005  0.005  0.003  0.946  0.004  0.004  0.004  0.006       35
  4:     0.025  0.731  0.010  0.006  0.059  0.022  0.023  0.018  0.014  0.004  0.009  0.058  0.019  0.004       19
  5:     0.007  0.309  0.014  0.004  0.042  0.007  0.007  0.009  0.007  0.003  0.006  0.574  0.007  0.004       31
  6:     0.009  0.862  0.013  0.004  0.023  0.008  0.008  0.006  0.007  0.003  0.014  0.025  0.013  0.004       20
  7:     0.048  0.490  0.011  0.008  0.019  0.042  0.039  0.054  0.014  0.093  0.019  0.119  0.033  0.012        8
  8:     0.009  0.520  0.334  0.004  0.038  0.008  0.008  0.010  0.023  0.002  0.013  0.017  0.010  0.004       17
  9:     0.005  0.004  0.003  0.945  0.006  0.005  0.005  0.005  0.004  0.003  0.004  0.004  0.004  0.003       29
 10:     0.004  0.003  0.004  0.003  0.002  0.004  0.004  0.002  0.003  0.034  0.003  0.002  0.003  0.928        8
 11:     0.195  0.011  0.008  0.020  0.009  0.230  0.247  0.025  0.042  0.013  0.029  0.015  0.150  0.006       21
 12:     0.153  0.011  0.013  0.012  0.010  0.160  0.154  0.086  0.053  0.015  0.147  0.010  0.171  0.007       30
 13:     0.042  0.018  0.007  0.013  0.014  0.041  0.037  0.137  0.213  0.003  0.359  0.014  0.098  0.004       25
 14:     0.052  0.024  0.009  0.008  0.015  0.047  0.047  0.093  0.277  0.007  0.267  0.012  0.137  0.005       32
 15:     0.246  0.022  0.007  0.027  0.008  0.234  0.221  0.013  0.029  0.021  0.035  0.012  0.112  0.012       34
 16:     0.087  0.012  0.026  0.006  0.022  0.278  0.342  0.010  0.008  0.010  0.008  0.009  0.179  0.002        4
--------------------------------------------

Allele-freq. divergence among pops (Net nucleotide distance),
computed using point estimates of P.

      1       2       3       4       5       6       7       8       9      10      11      12      13      14      
 1      -    0.0278  0.1008  0.0533  0.0525  0.0003  0.0004  0.0236  0.0188  0.0798  0.0203  0.0381  0.0045  0.0976  
 2   0.0278     -    0.1061  0.0823  0.0385  0.0290  0.0290  0.0547  0.0517  0.1403  0.0456  0.0386  0.0349  0.1407  
 3   0.1008  0.1061     -    0.1626  0.1305  0.1015  0.1018  0.1321  0.1299  0.2140  0.1259  0.1334  0.1111  0.2032  
 4   0.0533  0.0823  0.1626     -    0.0954  0.0547  0.0544  0.0858  0.0756  0.1193  0.0777  0.0963  0.0613  0.1353  
 5   0.0525  0.0385  0.1305  0.0954     -    0.0544  0.0541  0.0750  0.0641  0.1718  0.0699  0.0694  0.0568  0.1732  
 6   0.0003  0.0290  0.1015  0.0547  0.0544     -    0.0001  0.0246  0.0204  0.0813  0.0215  0.0392  0.0048  0.1004  
 7   0.0004  0.0290  0.1018  0.0544  0.0541  0.0001     -    0.0247  0.0207  0.0814  0.0218  0.0389  0.0049  0.1005  
 8   0.0236  0.0547  0.1321  0.0858  0.0750  0.0246  0.0247     -    0.0353  0.1066  0.0434  0.0599  0.0229  0.1365  
 9   0.0188  0.0517  0.1299  0.0756  0.0641  0.0204  0.0207  0.0353     -    0.1196  0.0219  0.0585  0.0165  0.1298  
10   0.0798  0.1403  0.2140  0.1193  0.1718  0.0813  0.0814  0.1066  0.1196     -    0.1269  0.1367  0.0929  0.1155  
11   0.0203  0.0456  0.1259  0.0777  0.0699  0.0215  0.0218  0.0434  0.0219  0.1269     -    0.0649  0.0181  0.1294  
12   0.0381  0.0386  0.1334  0.0963  0.0694  0.0392  0.0389  0.0599  0.0585  0.1367  0.0649     -    0.0478  0.1396  
13   0.0045  0.0349  0.1111  0.0613  0.0568  0.0048  0.0049  0.0229  0.0165  0.0929  0.0181  0.0478     -    0.1118  
14   0.0976  0.1407  0.2032  0.1353  0.1732  0.1004  0.1005  0.1365  0.1298  0.1155  0.1294  0.1396  0.1118     -    

Average distances (expected heterozygosity) between individuals in same cluster:
cluster  1  : 0.6486 
cluster  2  : 0.5440 
cluster  3  : 0.4310 
cluster  4  : 0.5469 
cluster  5  : 0.4816 
cluster  6  : 0.6435 
cluster  7  : 0.6431 
cluster  8  : 0.5816 
cluster  9  : 0.5798 
cluster 10  : 0.6342 
cluster 11  : 0.5593 
cluster 12  : 0.5394 
cluster 13  : 0.6195 
cluster 14  : 0.5285 

--------------------------------------------
Estimated Ln Prob of Data   = -42950.8
Mean value of ln likelihood = -41192.1
Variance of ln likelihood   = 3517.4
Mean value of alpha         = 0.0333

Mean value of Fst_1         = 0.0101
Mean value of Fst_2         = 0.1338
Mean value of Fst_3         = 0.4153
Mean value of Fst_4         = 0.2135
Mean value of Fst_5         = 0.2254
Mean value of Fst_6         = 0.0235
Mean value of Fst_7         = 0.0222
Mean value of Fst_8         = 0.1439
Mean value of Fst_9         = 0.1177
Mean value of Fst_10         = 0.1867
Mean value of Fst_11         = 0.1214
Mean value of Fst_12         = 0.1752
Mean value of Fst_13         = 0.0646
Mean value of Fst_14         = 0.3136


Inferred ancestry of individuals:
        Label (%Miss) Pop:  Inferred clusters
  1     2055    (0)    1 :  0.004 0.940 0.004 0.002 0.005 0.004 0.004 0.002 0.010 0.002 0.007 0.007 0.005 0.003 
  2     2056    (0)    1 :  0.009 0.268 0.006 0.007 0.023 0.008 0.009 0.006 0.006 0.003 0.008 0.635 0.008 0.004 
  3     2057    (0)    1 :  0.009 0.900 0.006 0.002 0.005 0.010 0.010 0.020 0.006 0.004 0.008 0.007 0.009 0.003 
  4     2058    (0)    1 :  0.003 0.937 0.005 0.006 0.026 0.003 0.003 0.003 0.002 0.001 0.003 0.005 0.002 0.001 
  5     2059    (0)    1 :  0.004 0.956 0.003 0.003 0.004 0.004 0.004 0.005 0.002 0.002 0.004 0.005 0.003 0.002 
  6     2060    (0)    1 :  0.004 0.948 0.003 0.002 0.008 0.004 0.005 0.005 0.002 0.001 0.004 0.003 0.004 0.006 
  7     2061    (0)    1 :  0.014 0.865 0.004 0.006 0.017 0.013 0.014 0.006 0.006 0.010 0.006 0.003 0.011 0.023 
  8     2062    (0)    1 :  0.013 0.723 0.016 0.005 0.125 0.011 0.011 0.013 0.006 0.004 0.049 0.009 0.012 0.003 
  9     2063    (0)    1 :  0.004 0.947 0.003 0.002 0.009 0.004 0.004 0.005 0.004 0.001 0.005 0.006 0.004 0.002 
 10     2064    (0)    1 :  0.003 0.954 0.003 0.002 0.007 0.004 0.004 0.003 0.002 0.001 0.003 0.007 0.004 0.003 
 11     2065    (0)    1 :  0.003 0.927 0.018 0.002 0.031 0.003 0.003 0.001 0.002 0.001 0.003 0.004 0.002 0.001 
 12     2066    (0)    1 :  0.004 0.946 0.002 0.002 0.007 0.004 0.004 0.004 0.004 0.002 0.004 0.011 0.005 0.001 
 13     2067    (0)    1 :  0.010 0.881 0.003 0.010 0.009 0.009 0.009 0.004 0.008 0.005 0.005 0.033 0.010 0.003 
 14     2068    (0)    1 :  0.063 0.334 0.016 0.019 0.323 0.062 0.063 0.024 0.008 0.002 0.021 0.018 0.040 0.005 
 15     2069    (0)    1 :  0.003 0.954 0.006 0.002 0.007 0.004 0.004 0.003 0.003 0.001 0.003 0.006 0.003 0.002 
 16     2070    (0)    1 :  0.134 0.387 0.003 0.002 0.009 0.067 0.065 0.006 0.043 0.001 0.025 0.201 0.055 0.001 
 17     2071    (0)    1 :  0.013 0.858 0.005 0.013 0.030 0.012 0.012 0.009 0.006 0.002 0.005 0.014 0.010 0.011 
 18     2072    (0)    1 :  0.006 0.936 0.002 0.003 0.007 0.007 0.006 0.002 0.003 0.003 0.002 0.010 0.004 0.008 
 19     2073    (0)    1 :  0.019 0.800 0.048 0.007 0.013 0.018 0.018 0.010 0.006 0.023 0.011 0.004 0.017 0.006 
 20     2074    (0)    1 :  0.004 0.949 0.003 0.003 0.009 0.004 0.004 0.002 0.002 0.003 0.003 0.010 0.003 0.003 
 21     2075    (0)    1 :  0.006 0.910 0.007 0.014 0.004 0.006 0.006 0.002 0.005 0.002 0.004 0.027 0.005 0.003 
 22     2076    (0)    1 :  0.002 0.965 0.002 0.002 0.010 0.002 0.002 0.003 0.002 0.001 0.002 0.002 0.002 0.001 
 23     2077    (0)    1 :  0.016 0.559 0.014 0.008 0.289 0.015 0.015 0.020 0.015 0.006 0.012 0.006 0.019 0.007 
 24     2078    (0)    1 :  0.006 0.919 0.005 0.003 0.017 0.005 0.005 0.003 0.006 0.001 0.008 0.011 0.007 0.004 
 25     2079    (0)    1 :  0.010 0.862 0.005 0.034 0.017 0.009 0.009 0.012 0.007 0.002 0.012 0.003 0.017 0.001 
 26     2080    (0)    1 :  0.025 0.751 0.006 0.027 0.096 0.023 0.024 0.005 0.004 0.016 0.004 0.003 0.014 0.003 
 27     2081    (0)    1 :  0.004 0.948 0.003 0.003 0.010 0.004 0.005 0.004 0.003 0.001 0.003 0.004 0.004 0.002 
 28     2082    (0)    1 :  0.017 0.721 0.015 0.008 0.007 0.019 0.016 0.006 0.007 0.002 0.008 0.159 0.011 0.003 
 29     2083    (0)    1 :  0.011 0.887 0.002 0.002 0.005 0.011 0.010 0.007 0.005 0.004 0.004 0.040 0.008 0.003 
 30     2084    (0)    1 :  0.006 0.937 0.002 0.007 0.002 0.006 0.006 0.004 0.007 0.002 0.008 0.005 0.005 0.002 
 31     2085    (0)    1 :  0.011 0.864 0.008 0.003 0.018 0.010 0.009 0.006 0.025 0.005 0.009 0.022 0.010 0.001 
 32     2086    (0)    1 :  0.013 0.824 0.002 0.004 0.072 0.015 0.014 0.011 0.017 0.002 0.006 0.006 0.011 0.003 
 33     2087    (0)    1 :  0.008 0.830 0.026 0.066 0.022 0.007 0.007 0.003 0.005 0.002 0.005 0.004 0.007 0.006 
 34     2088    (0)    1 :  0.020 0.746 0.003 0.012 0.023 0.018 0.018 0.024 0.072 0.002 0.014 0.006 0.040 0.003 
 35     2089    (0)    1 :  0.002 0.952 0.002 0.002 0.019 0.002 0.002 0.002 0.002 0.001 0.003 0.007 0.002 0.001 
 36     2090    (0)    1 :  0.007 0.891 0.004 0.036 0.008 0.006 0.007 0.006 0.006 0.004 0.003 0.010 0.007 0.004 
 37     2091    (0)    1 :  0.005 0.913 0.003 0.003 0.033 0.004 0.004 0.007 0.008 0.001 0.005 0.008 0.004 0.001 
 38     2092    (0)    1 :  0.005 0.875 0.006 0.037 0.014 0.006 0.006 0.003 0.004 0.001 0.005 0.031 0.005 0.001 
 39     2093    (0)    1 :  0.004 0.908 0.006 0.003 0.046 0.004 0.004 0.002 0.003 0.001 0.003 0.011 0.003 0.001 
 40     2094    (0)    1 :  0.003 0.942 0.002 0.001 0.005 0.002 0.003 0.003 0.003 0.001 0.004 0.028 0.002 0.002 
 41     2095    (0)    1 :  0.008 0.844 0.003 0.055 0.038 0.007 0.007 0.007 0.007 0.001 0.005 0.004 0.009 0.005 
 42     2096    (0)    1 :  0.003 0.929 0.020 0.002 0.013 0.003 0.003 0.004 0.007 0.001 0.003 0.009 0.003 0.001 
 43     2097    (0)    1 :  0.003 0.955 0.003 0.002 0.006 0.003 0.003 0.007 0.002 0.001 0.004 0.004 0.003 0.002 
 44     2098    (0)    1 :  0.027 0.713 0.080 0.012 0.009 0.026 0.026 0.012 0.040 0.007 0.009 0.008 0.028 0.003 
 45     2099    (0)    1 :  0.039 0.345 0.011 0.004 0.016 0.037 0.034 0.028 0.059 0.001 0.009 0.389 0.022 0.007 
 46     2100    (0)    1 :  0.019 0.712 0.008 0.004 0.084 0.020 0.020 0.079 0.008 0.003 0.012 0.012 0.015 0.002 
 47     2101    (0)    1 :  0.005 0.934 0.006 0.005 0.007 0.004 0.004 0.005 0.009 0.002 0.007 0.004 0.005 0.003 
 48     2102    (2)    1 :  0.003 0.963 0.002 0.002 0.003 0.003 0.003 0.002 0.002 0.001 0.004 0.005 0.003 0.001 
 49     2103    (0)    1 :  0.005 0.935 0.005 0.004 0.006 0.005 0.005 0.006 0.010 0.001 0.005 0.005 0.008 0.002 
 50     2104    (0)    1 :  0.013 0.755 0.015 0.002 0.024 0.014 0.014 0.008 0.041 0.001 0.058 0.003 0.050 0.001 
 51     2105    (0)    1 :  0.006 0.886 0.004 0.004 0.006 0.006 0.006 0.004 0.015 0.001 0.022 0.013 0.021 0.006 
 52     2106    (0)    1 :  0.012 0.870 0.003 0.002 0.035 0.014 0.014 0.007 0.006 0.002 0.006 0.016 0.011 0.002 
 53     2107    (0)    1 :  0.011 0.783 0.066 0.005 0.033 0.011 0.012 0.004 0.017 0.002 0.029 0.010 0.014 0.003 
 54     2108    (0)    1 :  0.017 0.872 0.003 0.006 0.024 0.016 0.016 0.004 0.008 0.003 0.011 0.004 0.011 0.006 
 55     2109    (0)    1 :  0.009 0.847 0.005 0.002 0.005 0.010 0.009 0.006 0.017 0.002 0.007 0.067 0.009 0.006 
 56     2110    (0)    1 :  0.010 0.843 0.015 0.006 0.025 0.010 0.009 0.004 0.019 0.002 0.036 0.004 0.012 0.004 
 57     2111    (0)    1 :  0.005 0.785 0.003 0.004 0.143 0.005 0.005 0.007 0.009 0.001 0.020 0.006 0.007 0.001 
 58     2112    (0)    1 :  0.004 0.947 0.004 0.003 0.007 0.004 0.003 0.006 0.003 0.001 0.003 0.008 0.004 0.004 
 59     2583    (2)    1 :  0.006 0.852 0.003 0.009 0.027 0.005 0.005 0.005 0.005 0.006 0.004 0.062 0.005 0.006 
 60     2584    (4)    1 :  0.017 0.885 0.009 0.004 0.011 0.012 0.013 0.013 0.004 0.003 0.003 0.013 0.010 0.004 
 61     2587    (2)    1 :  0.004 0.919 0.002 0.003 0.015 0.005 0.005 0.006 0.014 0.001 0.006 0.008 0.011 0.002 
 62     2590    (2)    1 :  0.005 0.927 0.006 0.002 0.007 0.005 0.005 0.004 0.004 0.003 0.005 0.011 0.004 0.012 
 63     2591    (6)    1 :  0.006 0.921 0.004 0.009 0.004 0.006 0.006 0.009 0.006 0.002 0.012 0.004 0.008 0.001 
 64      282    (0)   10 :  0.010 0.004 0.001 0.002 0.002 0.008 0.008 0.003 0.004 0.042 0.004 0.006 0.006 0.899 
 65      284    (0)   10 :  0.004 0.003 0.011 0.013 0.002 0.004 0.004 0.003 0.003 0.002 0.003 0.002 0.004 0.942 
 66      287    (0)   10 :  0.006 0.002 0.004 0.003 0.003 0.006 0.006 0.003 0.007 0.002 0.004 0.002 0.004 0.949 
 67      295    (0)   10 :  0.001 0.001 0.001 0.001 0.001 0.001 0.001 0.001 0.001 0.002 0.001 0.002 0.001 0.984 
 68      302    (0)   10 :  0.001 0.001 0.001 0.002 0.002 0.001 0.001 0.001 0.002 0.002 0.002 0.001 0.002 0.981 
 69      306    (2)   10 :  0.009 0.006 0.005 0.004 0.006 0.008 0.008 0.002 0.006 0.171 0.006 0.003 0.006 0.763 
 70      308    (0)   10 :  0.002 0.002 0.003 0.001 0.002 0.002 0.002 0.001 0.001 0.001 0.002 0.002 0.002 0.977 
 71      867    (0)   10 :  0.002 0.002 0.003 0.001 0.001 0.002 0.002 0.001 0.002 0.049 0.002 0.002 0.002 0.931 
 72      315    (0)   11 :  0.254 0.008 0.002 0.048 0.020 0.177 0.198 0.015 0.014 0.003 0.157 0.005 0.090 0.008 
 73      565    (0)   11 :  0.433 0.008 0.003 0.024 0.004 0.221 0.203 0.005 0.007 0.005 0.004 0.008 0.074 0.003 
 74      566    (2)   11 :  0.079 0.010 0.014 0.014 0.004 0.071 0.052 0.034 0.384 0.004 0.031 0.009 0.290 0.003 
 75      567    (2)   11 :  0.117 0.021 0.005 0.004 0.011 0.289 0.335 0.019 0.004 0.004 0.005 0.006 0.179 0.002 
 76      877    (0)   11 :  0.130 0.007 0.051 0.003 0.003 0.288 0.318 0.009 0.014 0.004 0.007 0.023 0.142 0.002 
 77      878    (0)   11 :  0.153 0.004 0.006 0.007 0.006 0.252 0.336 0.052 0.009 0.024 0.004 0.004 0.132 0.011 
 78      879    (0)   11 :  0.290 0.007 0.005 0.005 0.003 0.270 0.196 0.079 0.008 0.034 0.012 0.011 0.073 0.006 
 79      880    (0)   11 :  0.112 0.006 0.008 0.005 0.004 0.325 0.328 0.010 0.006 0.011 0.007 0.010 0.167 0.002 
 80      881    (0)   11 :  0.353 0.005 0.004 0.009 0.005 0.221 0.234 0.006 0.029 0.022 0.007 0.004 0.095 0.007 
 81      882    (0)   11 :  0.152 0.006 0.004 0.011 0.007 0.237 0.322 0.027 0.007 0.058 0.005 0.008 0.137 0.022 
 82      883    (0)   11 :  0.226 0.008 0.003 0.004 0.004 0.231 0.305 0.023 0.010 0.019 0.019 0.012 0.128 0.007 
 83      884    (0)   11 :  0.115 0.022 0.005 0.003 0.018 0.191 0.210 0.015 0.079 0.002 0.077 0.019 0.244 0.002 
 84      885    (0)   11 :  0.172 0.005 0.003 0.004 0.006 0.254 0.280 0.013 0.080 0.006 0.018 0.031 0.120 0.008 
 85      886    (0)   11 :  0.186 0.010 0.002 0.128 0.004 0.256 0.264 0.004 0.011 0.007 0.013 0.004 0.100 0.011 
 86      887    (0)   11 :  0.034 0.023 0.002 0.004 0.005 0.029 0.029 0.060 0.134 0.040 0.176 0.009 0.440 0.014 
 87      888    (0)   11 :  0.163 0.024 0.005 0.008 0.015 0.235 0.297 0.003 0.004 0.002 0.005 0.125 0.110 0.005 
 88      889    (0)   11 :  0.321 0.005 0.004 0.005 0.008 0.258 0.172 0.074 0.020 0.015 0.023 0.004 0.083 0.008 
 89      890    (0)   11 :  0.219 0.004 0.027 0.017 0.012 0.282 0.271 0.010 0.011 0.008 0.008 0.003 0.122 0.005 
 90      891    (0)   11 :  0.123 0.009 0.017 0.005 0.004 0.259 0.375 0.009 0.004 0.005 0.005 0.010 0.171 0.002 
 91      892    (0)   11 :  0.204 0.007 0.003 0.004 0.008 0.279 0.279 0.063 0.009 0.003 0.008 0.010 0.118 0.007 
 92      893    (0)   11 :  0.255 0.023 0.003 0.100 0.035 0.201 0.185 0.004 0.033 0.005 0.017 0.005 0.132 0.002 
 93      341    (0)   12 :  0.279 0.004 0.021 0.010 0.003 0.276 0.212 0.038 0.009 0.042 0.003 0.004 0.096 0.004 
 94      343    (0)   12 :  0.400 0.006 0.012 0.008 0.015 0.169 0.191 0.005 0.008 0.024 0.074 0.002 0.082 0.004 
 95      914    (0)   12 :  0.005 0.008 0.066 0.004 0.006 0.006 0.005 0.005 0.015 0.001 0.866 0.004 0.006 0.002 
 96      916    (0)   12 :  0.238 0.018 0.005 0.003 0.015 0.293 0.230 0.005 0.024 0.014 0.005 0.052 0.097 0.003 
 97      924    (0)   12 :  0.101 0.004 0.003 0.017 0.004 0.120 0.117 0.007 0.064 0.008 0.272 0.006 0.277 0.002 
 98      938    (0)   12 :  0.009 0.012 0.011 0.002 0.006 0.007 0.007 0.884 0.009 0.003 0.027 0.007 0.012 0.004 
 99      939    (0)   12 :  0.013 0.009 0.002 0.010 0.007 0.006 0.006 0.287 0.090 0.002 0.057 0.003 0.507 0.002 
100      940    (0)   12 :  0.047 0.004 0.002 0.003 0.002 0.051 0.053 0.074 0.032 0.027 0.639 0.006 0.056 0.004 
101      941    (2)   12 :  0.007 0.003 0.002 0.011 0.003 0.006 0.006 0.420 0.076 0.015 0.005 0.005 0.435 0.007 
102      942    (0)   12 :  0.267 0.006 0.003 0.016 0.003 0.300 0.255 0.008 0.009 0.011 0.017 0.005 0.097 0.004 
103      943    (0)   12 :  0.199 0.008 0.003 0.003 0.047 0.211 0.210 0.004 0.154 0.003 0.027 0.044 0.086 0.002 
104      944    (0)   12 :  0.022 0.021 0.017 0.003 0.011 0.024 0.024 0.004 0.099 0.002 0.277 0.007 0.485 0.004 
105      945    (0)   12 :  0.005 0.003 0.001 0.002 0.002 0.005 0.005 0.024 0.010 0.001 0.928 0.004 0.007 0.002 
106      946    (0)   12 :  0.199 0.006 0.003 0.003 0.008 0.181 0.175 0.008 0.022 0.011 0.104 0.010 0.203 0.068 
107      947    (0)   12 :  0.149 0.004 0.070 0.051 0.004 0.233 0.255 0.005 0.094 0.005 0.018 0.005 0.104 0.002 
108      951    (0)   12 :  0.239 0.004 0.006 0.012 0.003 0.306 0.258 0.013 0.018 0.034 0.014 0.006 0.085 0.003 
109      952    (0)   12 :  0.340 0.006 0.010 0.089 0.003 0.176 0.178 0.017 0.022 0.001 0.048 0.005 0.092 0.012 
110      953    (0)   12 :  0.019 0.012 0.003 0.009 0.012 0.017 0.014 0.380 0.079 0.008 0.009 0.035 0.399 0.004 
111      954    (0)   12 :  0.084 0.006 0.004 0.007 0.021 0.101 0.098 0.014 0.070 0.012 0.119 0.003 0.452 0.009 
112      955    (0)   12 :  0.135 0.004 0.009 0.018 0.003 0.222 0.310 0.019 0.009 0.012 0.095 0.003 0.149 0.012 
113      961    (4)   12 :  0.132 0.020 0.004 0.004 0.006 0.262 0.353 0.020 0.007 0.004 0.017 0.014 0.155 0.003 
114      974    (0)   12 :  0.106 0.005 0.006 0.022 0.007 0.159 0.150 0.033 0.048 0.002 0.025 0.003 0.420 0.014 
115      975    (4)   12 :  0.279 0.024 0.009 0.002 0.004 0.259 0.230 0.009 0.029 0.008 0.030 0.011 0.104 0.002 
116      980    (0)   12 :  0.201 0.011 0.007 0.018 0.003 0.237 0.220 0.024 0.064 0.006 0.095 0.010 0.101 0.002 
117      981    (0)   12 :  0.230 0.015 0.022 0.004 0.006 0.210 0.155 0.204 0.019 0.042 0.006 0.005 0.078 0.003 
118      982    (0)   12 :  0.093 0.037 0.037 0.002 0.006 0.104 0.077 0.004 0.456 0.002 0.072 0.007 0.102 0.002 
119      984    (0)   12 :  0.368 0.031 0.003 0.004 0.010 0.158 0.170 0.039 0.015 0.013 0.018 0.011 0.149 0.010 
120      985    (0)   12 :  0.225 0.007 0.003 0.009 0.012 0.320 0.264 0.009 0.022 0.007 0.007 0.004 0.109 0.003 
121     2578    (4)   12 :  0.084 0.011 0.017 0.002 0.008 0.102 0.076 0.010 0.013 0.110 0.515 0.005 0.040 0.006 
122     2580    (2)   12 :  0.122 0.011 0.014 0.003 0.045 0.265 0.310 0.012 0.004 0.005 0.014 0.026 0.161 0.006 
123      328    (0)   13 :  0.171 0.129 0.004 0.013 0.017 0.149 0.146 0.008 0.044 0.004 0.063 0.182 0.059 0.011 
124      333    (0)   13 :  0.016 0.004 0.002 0.006 0.010 0.018 0.016 0.017 0.091 0.003 0.698 0.004 0.113 0.001 
125      918    (0)   13 :  0.015 0.006 0.030 0.086 0.005 0.013 0.012 0.005 0.020 0.004 0.778 0.003 0.017 0.006 
126      919    (0)   13 :  0.014 0.006 0.014 0.005 0.046 0.014 0.013 0.006 0.028 0.002 0.806 0.005 0.040 0.002 
127      920    (0)   13 :  0.007 0.004 0.006 0.002 0.004 0.005 0.006 0.004 0.797 0.001 0.150 0.006 0.005 0.002 
128      921    (0)   13 :  0.004 0.006 0.002 0.002 0.005 0.005 0.005 0.947 0.005 0.002 0.004 0.006 0.005 0.002 
129      922    (0)   13 :  0.012 0.019 0.006 0.004 0.059 0.012 0.010 0.008 0.566 0.002 0.109 0.014 0.177 0.001 
130      926    (0)   13 :  0.008 0.003 0.003 0.002 0.002 0.006 0.006 0.013 0.720 0.001 0.209 0.003 0.022 0.002 
131      927    (0)   13 :  0.011 0.007 0.008 0.003 0.005 0.006 0.006 0.020 0.123 0.003 0.344 0.003 0.458 0.001 
132      928    (0)   13 :  0.038 0.032 0.024 0.004 0.053 0.037 0.035 0.023 0.108 0.003 0.226 0.006 0.410 0.002 
133      929    (0)   13 :  0.081 0.050 0.012 0.002 0.014 0.085 0.078 0.051 0.135 0.004 0.279 0.021 0.178 0.010 
134      930    (0)   13 :  0.137 0.018 0.004 0.004 0.006 0.123 0.106 0.112 0.163 0.002 0.206 0.021 0.088 0.010 
135      932    (0)   13 :  0.005 0.004 0.001 0.005 0.007 0.005 0.005 0.930 0.007 0.003 0.009 0.010 0.006 0.002 
136      933    (0)   13 :  0.024 0.012 0.003 0.127 0.015 0.014 0.015 0.010 0.581 0.002 0.180 0.003 0.009 0.005 
137      949    (0)   13 :  0.003 0.003 0.002 0.002 0.003 0.003 0.003 0.966 0.002 0.002 0.003 0.004 0.004 0.002 
138      950    (0)   13 :  0.064 0.006 0.005 0.017 0.007 0.098 0.101 0.198 0.152 0.003 0.206 0.004 0.135 0.003 
139      964    (4)   13 :  0.052 0.012 0.005 0.002 0.006 0.044 0.033 0.022 0.092 0.008 0.403 0.007 0.300 0.013 
140      986    (0)   13 :  0.045 0.024 0.007 0.007 0.010 0.052 0.044 0.040 0.076 0.005 0.644 0.007 0.036 0.002 
141      987    (0)   13 :  0.122 0.038 0.008 0.007 0.010 0.102 0.085 0.006 0.086 0.005 0.270 0.021 0.237 0.002 
142     1001    (4)   13 :  0.005 0.008 0.003 0.002 0.006 0.006 0.005 0.005 0.007 0.002 0.936 0.004 0.010 0.002 
143     1002    (4)   13 :  0.004 0.006 0.008 0.005 0.003 0.004 0.004 0.002 0.004 0.004 0.945 0.002 0.004 0.003 
144     1003    (2)   13 :  0.197 0.031 0.009 0.003 0.011 0.190 0.168 0.019 0.027 0.002 0.254 0.005 0.076 0.006 
145     1004    (0)   13 :  0.006 0.003 0.002 0.005 0.002 0.006 0.006 0.003 0.858 0.003 0.092 0.003 0.008 0.004 
146     1005    (0)   13 :  0.015 0.019 0.007 0.007 0.028 0.013 0.013 0.007 0.623 0.001 0.223 0.003 0.039 0.004 
147     1010    (0)   13 :  0.004 0.007 0.003 0.006 0.003 0.004 0.003 0.003 0.012 0.001 0.936 0.005 0.011 0.001 
148      321    (0)   14 :  0.054 0.017 0.002 0.004 0.006 0.028 0.025 0.022 0.095 0.002 0.207 0.003 0.533 0.002 
149      338    (0)   14 :  0.003 0.003 0.004 0.001 0.002 0.003 0.003 0.004 0.003 0.002 0.966 0.002 0.003 0.001 
150      339    (0)   14 :  0.024 0.011 0.055 0.008 0.020 0.014 0.015 0.018 0.059 0.014 0.679 0.010 0.069 0.004 
151      363    (0)   14 :  0.020 0.004 0.006 0.007 0.005 0.023 0.025 0.830 0.019 0.007 0.011 0.003 0.027 0.012 
152      915    (0)   14 :  0.012 0.017 0.004 0.003 0.012 0.014 0.013 0.006 0.554 0.001 0.317 0.007 0.037 0.004 
153      917    (0)   14 :  0.026 0.004 0.004 0.004 0.014 0.021 0.022 0.100 0.677 0.002 0.069 0.002 0.054 0.001 
154      923    (0)   14 :  0.240 0.009 0.008 0.010 0.011 0.197 0.184 0.027 0.056 0.004 0.150 0.007 0.091 0.007 
155      925    (0)   14 :  0.003 0.003 0.003 0.003 0.005 0.002 0.002 0.003 0.876 0.001 0.090 0.004 0.003 0.002 
156      931    (0)   14 :  0.108 0.005 0.002 0.006 0.004 0.181 0.186 0.024 0.252 0.003 0.071 0.007 0.149 0.002 
157      935    (0)   14 :  0.009 0.006 0.002 0.004 0.007 0.008 0.008 0.010 0.008 0.003 0.920 0.005 0.010 0.003 
158      936    (0)   14 :  0.016 0.003 0.003 0.012 0.007 0.018 0.016 0.014 0.455 0.011 0.259 0.003 0.178 0.004 
159      937    (0)   14 :  0.011 0.004 0.002 0.002 0.004 0.010 0.008 0.008 0.578 0.002 0.021 0.005 0.345 0.001 
160      948    (0)   14 :  0.103 0.011 0.002 0.016 0.005 0.113 0.125 0.058 0.329 0.016 0.160 0.007 0.051 0.004 
161      956    (0)   14 :  0.010 0.014 0.002 0.002 0.006 0.010 0.010 0.005 0.800 0.003 0.081 0.017 0.039 0.001 
162      957    (0)   14 :  0.016 0.003 0.004 0.003 0.002 0.019 0.016 0.043 0.206 0.004 0.168 0.004 0.510 0.002 
163      967    (0)   14 :  0.017 0.003 0.005 0.005 0.004 0.018 0.017 0.012 0.131 0.002 0.304 0.004 0.476 0.003 
164      968    (2)   14 :  0.024 0.007 0.008 0.006 0.008 0.036 0.035 0.009 0.754 0.005 0.032 0.053 0.022 0.003 
165      969    (2)   14 :  0.070 0.011 0.012 0.012 0.009 0.066 0.062 0.025 0.485 0.006 0.197 0.006 0.038 0.003 
166      970    (2)   14 :  0.078 0.005 0.014 0.006 0.003 0.111 0.123 0.139 0.102 0.008 0.026 0.005 0.347 0.033 
167      971    (4)   14 :  0.011 0.009 0.019 0.003 0.030 0.012 0.010 0.487 0.121 0.002 0.256 0.005 0.030 0.002 
168      972    (0)   14 :  0.011 0.003 0.001 0.004 0.003 0.007 0.008 0.004 0.008 0.003 0.924 0.006 0.011 0.007 
169      973    (0)   14 :  0.329 0.005 0.010 0.013 0.005 0.229 0.216 0.006 0.015 0.021 0.048 0.012 0.089 0.004 
170      978    (0)   14 :  0.005 0.003 0.002 0.026 0.003 0.004 0.004 0.003 0.848 0.003 0.082 0.010 0.004 0.002 
171      979    (0)   14 :  0.065 0.501 0.013 0.002 0.014 0.067 0.054 0.084 0.023 0.057 0.045 0.021 0.050 0.004 
172      988    (6)   14 :  0.006 0.006 0.002 0.003 0.005 0.006 0.006 0.917 0.029 0.002 0.007 0.004 0.006 0.001 
173      989    (0)   14 :  0.106 0.010 0.010 0.005 0.020 0.102 0.105 0.063 0.126 0.003 0.192 0.015 0.240 0.004 
174      990    (0)   14 :  0.138 0.006 0.005 0.016 0.059 0.082 0.103 0.008 0.111 0.004 0.030 0.003 0.429 0.007 
175      991    (0)   14 :  0.009 0.003 0.003 0.007 0.003 0.008 0.008 0.025 0.093 0.003 0.508 0.005 0.324 0.002 
176      992    (0)   14 :  0.026 0.007 0.016 0.003 0.013 0.023 0.022 0.011 0.621 0.006 0.173 0.026 0.026 0.028 
177     1006    (2)   14 :  0.008 0.013 0.039 0.010 0.004 0.007 0.007 0.006 0.055 0.002 0.810 0.030 0.007 0.002 
178     1017    (0)   14 :  0.106 0.058 0.004 0.013 0.054 0.054 0.062 0.005 0.333 0.004 0.047 0.087 0.170 0.003 
179     2582    (4)   14 :  0.015 0.017 0.008 0.025 0.119 0.014 0.016 0.004 0.028 0.004 0.707 0.011 0.019 0.012 
180      319    (2)   15 :  0.307 0.007 0.004 0.005 0.008 0.244 0.219 0.029 0.022 0.005 0.004 0.005 0.140 0.002 
181      335    (0)   15 :  0.381 0.006 0.010 0.011 0.010 0.265 0.189 0.007 0.008 0.007 0.008 0.003 0.086 0.009 
182      895    (0)   15 :  0.297 0.005 0.005 0.005 0.004 0.196 0.207 0.020 0.012 0.126 0.006 0.004 0.107 0.006 
183      896    (0)   15 :  0.387 0.007 0.002 0.003 0.006 0.189 0.219 0.020 0.007 0.004 0.013 0.044 0.092 0.007 
184      897    (0)   15 :  0.176 0.005 0.001 0.006 0.002 0.360 0.301 0.004 0.008 0.004 0.005 0.016 0.109 0.002 
185      898    (0)   15 :  0.125 0.006 0.004 0.004 0.006 0.240 0.313 0.007 0.059 0.004 0.016 0.007 0.207 0.002 
186      899    (0)   15 :  0.222 0.184 0.002 0.005 0.022 0.177 0.208 0.010 0.045 0.009 0.024 0.009 0.079 0.004 
187      900    (0)   15 :  0.303 0.009 0.007 0.042 0.004 0.247 0.199 0.014 0.011 0.006 0.023 0.021 0.100 0.014 
188      901    (0)   15 :  0.230 0.179 0.003 0.030 0.033 0.171 0.146 0.035 0.010 0.052 0.012 0.006 0.089 0.003 
189      902    (0)   15 :  0.347 0.023 0.002 0.003 0.003 0.151 0.215 0.022 0.015 0.049 0.012 0.004 0.146 0.008 
190      903    (0)   15 :  0.372 0.004 0.001 0.003 0.003 0.226 0.240 0.005 0.006 0.005 0.003 0.009 0.094 0.028 
191      904    (0)   15 :  0.101 0.008 0.004 0.002 0.007 0.315 0.371 0.013 0.004 0.002 0.005 0.013 0.148 0.007 
192      905    (0)   15 :  0.250 0.058 0.007 0.003 0.008 0.248 0.189 0.028 0.006 0.079 0.006 0.023 0.081 0.012 
193      906    (0)   15 :  0.194 0.004 0.003 0.006 0.003 0.330 0.270 0.007 0.014 0.059 0.005 0.006 0.096 0.005 
194      907    (0)   15 :  0.261 0.006 0.010 0.009 0.004 0.189 0.215 0.013 0.024 0.067 0.015 0.059 0.116 0.012 
195      908    (0)   15 :  0.275 0.019 0.005 0.007 0.005 0.255 0.276 0.005 0.021 0.002 0.011 0.007 0.111 0.003 
196      909    (0)   15 :  0.016 0.015 0.003 0.310 0.009 0.018 0.018 0.004 0.028 0.006 0.517 0.004 0.047 0.005 
197      910    (0)   15 :  0.231 0.006 0.003 0.038 0.005 0.239 0.234 0.004 0.013 0.081 0.015 0.009 0.121 0.002 
198      911    (0)   15 :  0.244 0.011 0.029 0.043 0.015 0.315 0.227 0.006 0.018 0.006 0.005 0.003 0.072 0.006 
199      912    (0)   15 :  0.233 0.005 0.010 0.003 0.003 0.351 0.265 0.007 0.018 0.004 0.011 0.005 0.080 0.005 
200      913    (0)   15 :  0.223 0.038 0.003 0.050 0.029 0.160 0.164 0.005 0.071 0.005 0.058 0.010 0.101 0.083 
201     2411    (0)   15 :  0.180 0.009 0.003 0.004 0.002 0.339 0.315 0.004 0.006 0.006 0.006 0.007 0.115 0.004 
202     2412    (0)   15 :  0.066 0.008 0.002 0.009 0.010 0.049 0.044 0.017 0.412 0.002 0.060 0.022 0.281 0.018 
203     2413    (0)   15 :  0.309 0.008 0.004 0.019 0.017 0.205 0.258 0.008 0.005 0.035 0.005 0.012 0.108 0.007 
204     2414    (0)   15 :  0.464 0.005 0.010 0.002 0.005 0.165 0.221 0.006 0.009 0.004 0.025 0.004 0.077 0.004 
205     2415    (2)   15 :  0.213 0.016 0.003 0.017 0.009 0.275 0.248 0.018 0.014 0.003 0.048 0.028 0.105 0.003 
206     2417    (4)   15 :  0.241 0.062 0.010 0.007 0.012 0.208 0.184 0.005 0.028 0.011 0.037 0.011 0.179 0.005 
207     2418    (4)   15 :  0.154 0.004 0.004 0.007 0.007 0.298 0.312 0.007 0.005 0.017 0.011 0.014 0.156 0.004 
208     2419    (2)   15 :  0.322 0.004 0.009 0.005 0.005 0.286 0.201 0.012 0.021 0.003 0.015 0.004 0.111 0.002 
209     2420    (0)   15 :  0.281 0.003 0.004 0.006 0.002 0.290 0.220 0.008 0.009 0.006 0.009 0.006 0.098 0.058 
210     2421    (0)   15 :  0.186 0.006 0.002 0.009 0.002 0.249 0.185 0.034 0.029 0.007 0.183 0.012 0.092 0.005 
211     2422    (2)   15 :  0.148 0.006 0.006 0.239 0.004 0.227 0.226 0.022 0.006 0.011 0.008 0.003 0.091 0.004 
212     2423    (0)   15 :  0.317 0.015 0.036 0.008 0.014 0.227 0.225 0.014 0.010 0.008 0.006 0.010 0.103 0.007 
213     2576    (0)   15 :  0.315 0.010 0.012 0.010 0.005 0.261 0.187 0.008 0.023 0.012 0.007 0.009 0.067 0.073 
214     1079    (0)   16 :  0.065 0.007 0.051 0.003 0.008 0.292 0.355 0.005 0.005 0.006 0.009 0.005 0.187 0.002 
215     1081    (0)   16 :  0.087 0.014 0.011 0.007 0.067 0.280 0.327 0.006 0.011 0.003 0.006 0.008 0.171 0.002 
216     1082    (2)   16 :  0.098 0.006 0.003 0.008 0.004 0.272 0.361 0.018 0.005 0.030 0.005 0.009 0.179 0.003 
217     1083    (0)   16 :  0.099 0.021 0.041 0.007 0.008 0.268 0.326 0.010 0.010 0.003 0.010 0.016 0.179 0.003 
218       34    (0)    2 :  0.006 0.015 0.010 0.002 0.904 0.006 0.006 0.018 0.005 0.005 0.004 0.012 0.005 0.002 
219       38    (0)    2 :  0.009 0.008 0.007 0.014 0.899 0.008 0.008 0.004 0.006 0.003 0.013 0.008 0.006 0.006 
220       41    (0)    2 :  0.003 0.007 0.002 0.001 0.967 0.003 0.003 0.002 0.003 0.001 0.002 0.003 0.002 0.001 
221       44    (0)    2 :  0.005 0.098 0.003 0.002 0.867 0.004 0.004 0.003 0.002 0.001 0.003 0.004 0.003 0.001 
222       45    (0)    2 :  0.005 0.082 0.024 0.002 0.827 0.005 0.006 0.002 0.009 0.002 0.008 0.015 0.008 0.005 
223       47    (0)    2 :  0.021 0.005 0.003 0.010 0.872 0.015 0.016 0.010 0.016 0.002 0.006 0.004 0.012 0.008 
224       50    (0)    2 :  0.013 0.050 0.013 0.002 0.757 0.013 0.013 0.005 0.008 0.002 0.003 0.107 0.008 0.006 
225      384    (0)    2 :  0.010 0.342 0.003 0.003 0.494 0.009 0.009 0.026 0.018 0.002 0.021 0.050 0.008 0.004 
226      385    (2)    2 :  0.004 0.004 0.004 0.004 0.955 0.004 0.004 0.002 0.003 0.002 0.003 0.004 0.003 0.005 
227      386    (0)    2 :  0.003 0.590 0.003 0.003 0.370 0.004 0.004 0.004 0.003 0.001 0.003 0.007 0.003 0.001 
228      387    (0)    2 :  0.002 0.003 0.004 0.003 0.970 0.002 0.002 0.002 0.002 0.001 0.002 0.003 0.002 0.001 
229      388    (0)    2 :  0.002 0.006 0.007 0.003 0.965 0.002 0.002 0.002 0.003 0.001 0.002 0.002 0.002 0.001 
230      389    (0)    2 :  0.002 0.004 0.002 0.002 0.972 0.002 0.002 0.002 0.003 0.001 0.002 0.002 0.003 0.001 
231      390    (4)    2 :  0.012 0.064 0.002 0.013 0.787 0.012 0.011 0.004 0.016 0.003 0.007 0.022 0.008 0.039 
232      391    (0)    2 :  0.009 0.040 0.015 0.009 0.804 0.009 0.009 0.008 0.014 0.002 0.057 0.008 0.009 0.005 
233      392    (0)    2 :  0.005 0.033 0.002 0.002 0.904 0.005 0.005 0.008 0.007 0.001 0.005 0.015 0.006 0.002 
234      393    (2)    2 :  0.004 0.016 0.003 0.005 0.938 0.003 0.003 0.004 0.005 0.001 0.004 0.005 0.005 0.004 
235      394    (0)    2 :  0.004 0.019 0.021 0.002 0.923 0.004 0.004 0.002 0.003 0.002 0.002 0.008 0.003 0.002 
236      395    (0)    2 :  0.011 0.022 0.003 0.007 0.881 0.011 0.011 0.010 0.003 0.008 0.006 0.005 0.007 0.015 
237      396    (0)    2 :  0.003 0.005 0.010 0.004 0.920 0.003 0.003 0.020 0.003 0.002 0.003 0.008 0.003 0.013 
238     2470    (4)    3 :  0.002 0.002 0.001 0.002 0.002 0.002 0.002 0.003 0.002 0.973 0.003 0.002 0.003 0.002 
239     2471    (0)    3 :  0.004 0.003 0.003 0.003 0.003 0.004 0.004 0.012 0.003 0.942 0.002 0.003 0.006 0.007 
240     2472    (0)    3 :  0.004 0.002 0.004 0.004 0.003 0.004 0.004 0.003 0.005 0.941 0.007 0.002 0.005 0.014 
241     2484    (0)    3 :  0.008 0.002 0.002 0.030 0.006 0.006 0.006 0.004 0.004 0.916 0.003 0.002 0.004 0.007 
242     2486    (2)    3 :  0.002 0.002 0.001 0.003 0.002 0.002 0.002 0.004 0.002 0.968 0.002 0.002 0.002 0.004 
243     2487    (2)    3 :  0.005 0.003 0.003 0.008 0.003 0.005 0.004 0.007 0.005 0.939 0.005 0.004 0.005 0.004 
244     2489    (0)    3 :  0.007 0.004 0.002 0.002 0.002 0.008 0.008 0.005 0.003 0.937 0.005 0.009 0.007 0.002 
245     2596    (2)    3 :  0.012 0.002 0.003 0.016 0.001 0.009 0.009 0.002 0.006 0.922 0.009 0.001 0.007 0.003 
246     1366    (0)    3 :  0.003 0.002 0.003 0.001 0.004 0.003 0.003 0.002 0.002 0.965 0.002 0.003 0.003 0.003 
247     1367    (0)    3 :  0.003 0.004 0.003 0.003 0.005 0.003 0.003 0.002 0.002 0.964 0.002 0.002 0.003 0.002 
248     1368    (0)    3 :  0.018 0.006 0.005 0.012 0.008 0.018 0.018 0.005 0.003 0.880 0.007 0.004 0.011 0.005 
249     1369    (0)    3 :  0.005 0.003 0.004 0.004 0.004 0.005 0.005 0.003 0.006 0.917 0.004 0.008 0.005 0.028 
250     1370    (0)    3 :  0.004 0.002 0.002 0.002 0.002 0.005 0.005 0.002 0.003 0.958 0.003 0.003 0.004 0.006 
251     1371    (0)    3 :  0.003 0.003 0.002 0.003 0.003 0.003 0.003 0.002 0.002 0.968 0.002 0.002 0.003 0.002 
252     1372    (0)    3 :  0.005 0.003 0.001 0.003 0.003 0.005 0.005 0.004 0.003 0.955 0.002 0.004 0.004 0.004 
253     1373    (0)    3 :  0.006 0.005 0.001 0.003 0.003 0.006 0.006 0.003 0.003 0.939 0.003 0.004 0.006 0.013 
254     1374    (0)    3 :  0.003 0.002 0.001 0.004 0.002 0.003 0.003 0.002 0.002 0.967 0.002 0.002 0.003 0.003 
255     1375    (0)    3 :  0.002 0.001 0.001 0.003 0.001 0.002 0.002 0.002 0.002 0.973 0.002 0.002 0.002 0.005 
256     2476    (0)    3 :  0.006 0.005 0.007 0.004 0.005 0.006 0.006 0.002 0.002 0.884 0.002 0.010 0.004 0.059 
257     2478    (2)    3 :  0.005 0.002 0.002 0.002 0.001 0.005 0.005 0.004 0.003 0.957 0.005 0.002 0.004 0.004 
258     2479    (4)    3 :  0.003 0.002 0.002 0.002 0.002 0.003 0.003 0.003 0.002 0.967 0.002 0.003 0.003 0.003 
259     2481    (0)    3 :  0.006 0.004 0.002 0.002 0.003 0.006 0.005 0.013 0.005 0.935 0.005 0.006 0.005 0.003 
260     2483    (4)    3 :  0.003 0.002 0.002 0.003 0.002 0.003 0.003 0.003 0.002 0.967 0.003 0.002 0.002 0.004 
261     2485    (0)    3 :  0.003 0.001 0.001 0.002 0.001 0.003 0.003 0.003 0.005 0.971 0.002 0.002 0.002 0.002 
262     2488    (0)    3 :  0.002 0.001 0.001 0.002 0.001 0.002 0.002 0.002 0.002 0.973 0.007 0.001 0.002 0.004 
263     2490    (0)    3 :  0.003 0.003 0.003 0.003 0.002 0.003 0.003 0.003 0.002 0.964 0.003 0.003 0.002 0.002 
264     2492    (2)    3 :  0.002 0.003 0.008 0.003 0.002 0.002 0.002 0.002 0.002 0.963 0.002 0.003 0.002 0.004 
265     2493    (0)    3 :  0.006 0.006 0.014 0.006 0.005 0.006 0.006 0.023 0.006 0.895 0.010 0.004 0.011 0.001 
266     2494    (2)    3 :  0.006 0.004 0.004 0.002 0.006 0.006 0.006 0.006 0.005 0.936 0.004 0.007 0.005 0.003 
267     2495    (0)    3 :  0.015 0.008 0.013 0.007 0.007 0.013 0.013 0.039 0.008 0.830 0.006 0.020 0.017 0.004 
268     2496    (0)    3 :  0.002 0.002 0.001 0.003 0.002 0.002 0.002 0.002 0.002 0.974 0.002 0.001 0.003 0.001 
269     2497    (2)    3 :  0.003 0.002 0.003 0.002 0.001 0.003 0.003 0.003 0.002 0.964 0.002 0.002 0.002 0.008 
270     2592    (2)    3 :  0.002 0.004 0.002 0.002 0.001 0.002 0.002 0.003 0.001 0.970 0.001 0.004 0.002 0.002 
271     2593    (4)    3 :  0.002 0.002 0.002 0.002 0.004 0.002 0.002 0.005 0.002 0.967 0.003 0.002 0.003 0.002 
272     2595    (2)    3 :  0.003 0.002 0.001 0.004 0.002 0.003 0.003 0.005 0.002 0.966 0.002 0.003 0.002 0.003 
273     2498    (2)    4 :  0.017 0.594 0.002 0.009 0.254 0.014 0.015 0.030 0.007 0.009 0.007 0.025 0.012 0.007 
274     2513    (2)    4 :  0.004 0.942 0.007 0.007 0.003 0.005 0.004 0.004 0.004 0.002 0.007 0.005 0.005 0.002 
275     2514    (2)    4 :  0.042 0.661 0.003 0.004 0.052 0.041 0.041 0.021 0.012 0.008 0.010 0.069 0.035 0.002 
276     2597    (4)    4 :  0.053 0.475 0.017 0.004 0.240 0.033 0.033 0.047 0.023 0.002 0.018 0.017 0.024 0.013 
277     2499    (4)    4 :  0.060 0.475 0.018 0.012 0.118 0.070 0.083 0.008 0.013 0.003 0.006 0.064 0.066 0.004 
278     2500    (0)    4 :  0.005 0.933 0.003 0.006 0.005 0.006 0.006 0.007 0.002 0.007 0.003 0.007 0.004 0.004 
279     2506    (2)    4 :  0.011 0.874 0.013 0.007 0.025 0.009 0.009 0.007 0.004 0.006 0.006 0.017 0.007 0.005 
280     2509    (6)    4 :  0.057 0.618 0.009 0.021 0.033 0.051 0.050 0.082 0.015 0.004 0.011 0.012 0.027 0.009 
281     2511    (2)    4 :  0.008 0.849 0.016 0.006 0.008 0.008 0.008 0.004 0.005 0.003 0.005 0.074 0.006 0.001 
282     2512    (2)    4 :  0.007 0.883 0.035 0.002 0.018 0.007 0.006 0.004 0.007 0.002 0.004 0.010 0.005 0.009 
283     2515    (2)    4 :  0.004 0.901 0.003 0.002 0.004 0.004 0.004 0.003 0.003 0.001 0.003 0.065 0.004 0.002 
284     2516    (2)    4 :  0.012 0.880 0.011 0.002 0.011 0.014 0.014 0.007 0.014 0.001 0.008 0.013 0.012 0.001 
285     2517    (2)    4 :  0.011 0.750 0.010 0.003 0.015 0.010 0.010 0.008 0.073 0.004 0.025 0.067 0.011 0.002 
286     2518    (2)    4 :  0.015 0.808 0.010 0.008 0.008 0.014 0.015 0.007 0.025 0.002 0.020 0.030 0.035 0.004 
287     2519    (0)    4 :  0.080 0.669 0.015 0.013 0.006 0.046 0.056 0.008 0.019 0.003 0.026 0.024 0.032 0.002 
288     2520    (2)    4 :  0.003 0.951 0.004 0.002 0.005 0.003 0.003 0.002 0.003 0.002 0.003 0.015 0.003 0.002 
289     2521    (2)    4 :  0.042 0.171 0.006 0.003 0.032 0.046 0.043 0.039 0.020 0.002 0.005 0.542 0.048 0.002 
290     2603    (4)    4 :  0.025 0.837 0.003 0.003 0.008 0.020 0.022 0.038 0.005 0.003 0.004 0.014 0.013 0.003 
291     2606    (2)    4 :  0.014 0.612 0.005 0.002 0.268 0.013 0.013 0.011 0.009 0.002 0.010 0.023 0.011 0.005 
292       87    (0)    5 :  0.009 0.012 0.012 0.007 0.007 0.008 0.008 0.005 0.015 0.005 0.013 0.885 0.006 0.006 
293       88    (0)    5 :  0.002 0.028 0.002 0.002 0.005 0.002 0.003 0.002 0.002 0.001 0.002 0.944 0.002 0.001 
294       90    (0)    5 :  0.003 0.947 0.006 0.001 0.004 0.002 0.002 0.002 0.003 0.001 0.003 0.021 0.002 0.001 
295       92    (0)    5 :  0.013 0.228 0.005 0.003 0.028 0.013 0.013 0.019 0.021 0.002 0.011 0.631 0.012 0.002 
296       96    (0)    5 :  0.009 0.818 0.008 0.019 0.014 0.008 0.009 0.059 0.007 0.002 0.010 0.025 0.009 0.002 
297       97    (0)    5 :  0.006 0.084 0.012 0.003 0.023 0.006 0.006 0.011 0.005 0.001 0.005 0.830 0.007 0.001 
298      105    (0)    5 :  0.005 0.038 0.010 0.009 0.007 0.005 0.006 0.004 0.006 0.001 0.004 0.896 0.006 0.002 
299      120    (0)    5 :  0.003 0.004 0.002 0.001 0.005 0.003 0.003 0.004 0.004 0.001 0.002 0.962 0.002 0.003 
300      123    (0)    5 :  0.004 0.918 0.002 0.003 0.018 0.004 0.004 0.003 0.005 0.001 0.004 0.028 0.005 0.002 
301      128    (0)    5 :  0.004 0.951 0.002 0.003 0.009 0.005 0.005 0.005 0.003 0.001 0.002 0.005 0.004 0.002 
302      129    (0)    5 :  0.007 0.489 0.003 0.004 0.304 0.006 0.006 0.004 0.015 0.002 0.010 0.142 0.008 0.002 
303      132    (0)    5 :  0.006 0.024 0.006 0.002 0.003 0.006 0.006 0.007 0.003 0.001 0.003 0.927 0.004 0.002 
304      504    (0)    5 :  0.006 0.340 0.003 0.003 0.093 0.005 0.005 0.004 0.008 0.001 0.010 0.514 0.007 0.001 
305      505    (0)    5 :  0.008 0.244 0.010 0.004 0.023 0.008 0.007 0.006 0.011 0.003 0.011 0.660 0.005 0.001 
306      506    (0)    5 :  0.017 0.243 0.009 0.003 0.126 0.014 0.015 0.029 0.005 0.028 0.006 0.491 0.011 0.002 
307      507    (0)    5 :  0.005 0.021 0.006 0.003 0.103 0.006 0.006 0.005 0.022 0.002 0.017 0.795 0.004 0.003 
308      508    (0)    5 :  0.012 0.019 0.004 0.003 0.004 0.011 0.013 0.018 0.007 0.003 0.008 0.867 0.010 0.020 
309      509    (0)    5 :  0.014 0.157 0.021 0.003 0.012 0.015 0.016 0.003 0.005 0.003 0.007 0.731 0.010 0.003 
310      510    (0)    5 :  0.004 0.004 0.002 0.002 0.010 0.004 0.005 0.003 0.009 0.001 0.005 0.944 0.005 0.002 
311      511    (0)    5 :  0.006 0.031 0.127 0.011 0.021 0.006 0.006 0.003 0.006 0.002 0.006 0.770 0.005 0.002 
312      512    (0)    5 :  0.004 0.071 0.004 0.004 0.315 0.004 0.004 0.004 0.004 0.002 0.004 0.574 0.005 0.002 
313      513    (0)    5 :  0.004 0.046 0.004 0.002 0.069 0.004 0.004 0.002 0.003 0.001 0.002 0.853 0.003 0.002 
314      514    (0)    5 :  0.011 0.774 0.006 0.011 0.013 0.010 0.010 0.019 0.005 0.003 0.005 0.124 0.007 0.003 
315      515    (0)    5 :  0.020 0.181 0.004 0.004 0.015 0.020 0.022 0.020 0.013 0.004 0.008 0.663 0.018 0.008 
316      558    (0)    5 :  0.008 0.240 0.050 0.004 0.006 0.008 0.007 0.006 0.009 0.001 0.017 0.624 0.016 0.005 
317      559    (0)    5 :  0.003 0.938 0.003 0.002 0.003 0.003 0.003 0.004 0.003 0.002 0.002 0.029 0.003 0.002 
318      560    (0)    5 :  0.004 0.876 0.011 0.006 0.007 0.004 0.004 0.004 0.003 0.001 0.003 0.065 0.003 0.008 
319      561    (0)    5 :  0.006 0.282 0.078 0.004 0.028 0.005 0.006 0.003 0.003 0.003 0.004 0.569 0.004 0.003 
320      562    (0)    5 :  0.011 0.059 0.005 0.002 0.011 0.010 0.010 0.018 0.011 0.003 0.005 0.844 0.009 0.003 
321      563    (0)    5 :  0.003 0.003 0.001 0.002 0.002 0.003 0.003 0.003 0.002 0.003 0.002 0.968 0.003 0.003 
322      564    (0)    5 :  0.007 0.511 0.004 0.003 0.005 0.007 0.007 0.010 0.008 0.003 0.007 0.413 0.007 0.009 
323      136    (0)    6 :  0.007 0.901 0.037 0.004 0.010 0.006 0.007 0.003 0.004 0.005 0.005 0.004 0.005 0.001 
324      138    (0)    6 :  0.005 0.932 0.006 0.003 0.010 0.005 0.005 0.003 0.006 0.002 0.005 0.008 0.006 0.003 
325      140    (0)    6 :  0.007 0.909 0.003 0.008 0.007 0.006 0.007 0.008 0.007 0.001 0.015 0.012 0.007 0.003 
326      141    (0)    6 :  0.026 0.843 0.005 0.004 0.018 0.027 0.024 0.004 0.008 0.002 0.009 0.007 0.019 0.005 
327      144    (0)    6 :  0.005 0.938 0.003 0.011 0.008 0.005 0.005 0.005 0.005 0.002 0.003 0.005 0.004 0.002 
328      146    (0)    6 :  0.004 0.934 0.002 0.004 0.008 0.004 0.004 0.013 0.002 0.002 0.003 0.015 0.003 0.003 
329      148    (0)    6 :  0.013 0.759 0.013 0.002 0.070 0.013 0.013 0.017 0.006 0.002 0.003 0.079 0.008 0.002 
330      150    (0)    6 :  0.005 0.916 0.006 0.002 0.016 0.006 0.005 0.004 0.005 0.002 0.013 0.006 0.005 0.009 
331      152    (0)    6 :  0.004 0.912 0.003 0.002 0.030 0.004 0.005 0.002 0.005 0.001 0.004 0.021 0.005 0.001 
332      666    (0)    6 :  0.004 0.952 0.001 0.002 0.005 0.004 0.004 0.002 0.005 0.001 0.006 0.005 0.005 0.002 
333      667    (0)    6 :  0.013 0.912 0.002 0.002 0.008 0.011 0.011 0.006 0.010 0.002 0.005 0.008 0.009 0.001 
334      668    (0)    6 :  0.016 0.618 0.014 0.004 0.063 0.014 0.013 0.006 0.010 0.003 0.089 0.125 0.012 0.012 
335      669    (0)    6 :  0.005 0.789 0.103 0.002 0.039 0.005 0.005 0.002 0.010 0.003 0.010 0.017 0.005 0.004 
336      670    (0)    6 :  0.023 0.572 0.009 0.003 0.035 0.019 0.019 0.022 0.024 0.001 0.071 0.052 0.137 0.012 
337      684    (0)    6 :  0.004 0.906 0.022 0.002 0.018 0.004 0.004 0.005 0.006 0.001 0.007 0.012 0.004 0.003 
338      685    (0)    6 :  0.006 0.926 0.007 0.004 0.007 0.007 0.007 0.006 0.004 0.006 0.003 0.005 0.005 0.008 
339      686    (0)    6 :  0.006 0.834 0.005 0.003 0.015 0.006 0.006 0.003 0.007 0.002 0.007 0.095 0.008 0.003 
340      687    (0)    6 :  0.005 0.936 0.006 0.004 0.014 0.005 0.005 0.004 0.004 0.001 0.005 0.005 0.005 0.001 
341      688    (2)    6 :  0.004 0.895 0.007 0.003 0.058 0.004 0.004 0.003 0.004 0.002 0.005 0.006 0.003 0.002 
342      689    (0)    6 :  0.011 0.858 0.004 0.004 0.029 0.009 0.010 0.008 0.012 0.025 0.007 0.008 0.010 0.004 
343      165    (0)    7 :  0.010 0.896 0.008 0.003 0.007 0.010 0.011 0.012 0.008 0.004 0.011 0.005 0.014 0.002 
344      167    (0)    7 :  0.028 0.502 0.012 0.003 0.013 0.031 0.037 0.241 0.009 0.002 0.027 0.012 0.031 0.052 
345      170    (0)    7 :  0.011 0.874 0.006 0.010 0.008 0.008 0.008 0.016 0.018 0.003 0.010 0.015 0.011 0.004 
346      714    (0)    7 :  0.012 0.477 0.029 0.002 0.025 0.010 0.009 0.008 0.007 0.004 0.005 0.388 0.021 0.003 
347      715    (2)    7 :  0.119 0.194 0.010 0.004 0.068 0.119 0.097 0.026 0.017 0.019 0.017 0.242 0.053 0.015 
348      716    (0)    7 :  0.008 0.902 0.007 0.004 0.009 0.008 0.008 0.015 0.012 0.003 0.011 0.005 0.007 0.003 
349      717    (2)    7 :  0.165 0.068 0.010 0.008 0.015 0.124 0.110 0.068 0.020 0.004 0.005 0.281 0.114 0.010 
350     2346    (2)    7 :  0.029 0.004 0.008 0.027 0.004 0.028 0.034 0.049 0.018 0.704 0.067 0.007 0.017 0.003 
351      718    (0)    8 :  0.006 0.334 0.575 0.004 0.015 0.006 0.005 0.005 0.010 0.001 0.010 0.018 0.005 0.004 
352      719    (0)    8 :  0.030 0.544 0.258 0.016 0.022 0.024 0.024 0.007 0.022 0.003 0.007 0.012 0.026 0.005 
353      720    (0)    8 :  0.006 0.171 0.612 0.001 0.157 0.006 0.006 0.004 0.005 0.001 0.006 0.018 0.006 0.001 
354      721    (0)    8 :  0.019 0.765 0.032 0.012 0.023 0.019 0.021 0.004 0.025 0.007 0.018 0.022 0.019 0.015 
355      722    (0)    8 :  0.006 0.354 0.420 0.002 0.132 0.005 0.005 0.008 0.008 0.001 0.011 0.030 0.016 0.002 
356      723    (0)    8 :  0.007 0.691 0.011 0.004 0.127 0.007 0.007 0.022 0.013 0.001 0.014 0.073 0.021 0.001 
357      724    (0)    8 :  0.004 0.699 0.238 0.002 0.023 0.004 0.004 0.002 0.005 0.001 0.005 0.003 0.005 0.005 
358      725    (0)    8 :  0.003 0.650 0.301 0.005 0.006 0.003 0.003 0.003 0.004 0.002 0.005 0.008 0.003 0.003 
359      726    (0)    8 :  0.014 0.235 0.617 0.003 0.004 0.011 0.011 0.073 0.004 0.004 0.007 0.008 0.007 0.002 
360      727    (0)    8 :  0.003 0.952 0.011 0.002 0.009 0.002 0.002 0.002 0.003 0.001 0.004 0.003 0.003 0.002 
361      728    (2)    8 :  0.010 0.205 0.626 0.002 0.068 0.011 0.011 0.004 0.008 0.001 0.007 0.022 0.024 0.002 
362      729    (0)    8 :  0.015 0.521 0.045 0.004 0.011 0.011 0.011 0.013 0.248 0.002 0.091 0.011 0.010 0.008 
363      730    (0)    8 :  0.002 0.002 0.975 0.001 0.002 0.002 0.002 0.002 0.002 0.001 0.002 0.002 0.002 0.003 
364      731    (0)    8 :  0.013 0.863 0.024 0.005 0.005 0.013 0.012 0.004 0.015 0.002 0.012 0.017 0.010 0.005 
365      732    (0)    8 :  0.004 0.009 0.919 0.005 0.038 0.003 0.004 0.004 0.002 0.001 0.003 0.003 0.003 0.002 
366      733    (0)    8 :  0.005 0.906 0.007 0.003 0.003 0.004 0.004 0.011 0.017 0.001 0.010 0.011 0.004 0.013 
367      734    (0)    8 :  0.003 0.935 0.003 0.002 0.005 0.002 0.002 0.002 0.004 0.001 0.004 0.032 0.003 0.002 
368      189    (0)    9 :  0.007 0.007 0.003 0.884 0.009 0.007 0.006 0.040 0.008 0.002 0.006 0.007 0.007 0.007 
369      190    (0)    9 :  0.003 0.003 0.001 0.967 0.004 0.003 0.003 0.004 0.002 0.003 0.002 0.002 0.003 0.002 
370      193    (0)    9 :  0.009 0.004 0.002 0.941 0.002 0.008 0.008 0.003 0.005 0.003 0.003 0.006 0.006 0.001 
371      761    (0)    9 :  0.002 0.002 0.002 0.968 0.002 0.002 0.002 0.004 0.003 0.001 0.003 0.003 0.003 0.001 
372      762    (0)    9 :  0.004 0.005 0.008 0.950 0.002 0.004 0.003 0.003 0.005 0.002 0.006 0.002 0.005 0.002 
373      763    (0)    9 :  0.004 0.004 0.003 0.952 0.005 0.003 0.004 0.003 0.004 0.002 0.006 0.004 0.004 0.003 
374      764    (0)    9 :  0.003 0.004 0.003 0.957 0.007 0.003 0.003 0.003 0.004 0.001 0.004 0.002 0.003 0.002 
375      765    (0)    9 :  0.005 0.004 0.003 0.950 0.005 0.005 0.005 0.004 0.004 0.002 0.003 0.004 0.004 0.001 
376      778    (0)    9 :  0.015 0.012 0.004 0.859 0.012 0.014 0.015 0.010 0.006 0.008 0.009 0.017 0.008 0.012 
377      779    (0)    9 :  0.004 0.005 0.002 0.933 0.025 0.004 0.004 0.005 0.004 0.002 0.004 0.002 0.005 0.003 
378      780    (0)    9 :  0.003 0.002 0.002 0.964 0.003 0.003 0.003 0.002 0.005 0.002 0.005 0.002 0.003 0.002 
379      781    (0)    9 :  0.003 0.003 0.004 0.948 0.003 0.003 0.003 0.003 0.002 0.002 0.003 0.005 0.003 0.016 
380      782    (0)    9 :  0.004 0.007 0.002 0.936 0.017 0.004 0.005 0.003 0.002 0.003 0.003 0.008 0.004 0.002 
381      783    (0)    9 :  0.001 0.002 0.001 0.982 0.002 0.001 0.001 0.001 0.002 0.001 0.002 0.001 0.001 0.001 
382      784    (0)    9 :  0.005 0.003 0.002 0.952 0.004 0.005 0.005 0.007 0.003 0.002 0.003 0.005 0.004 0.001 
383      785    (0)    9 :  0.004 0.003 0.004 0.955 0.003 0.003 0.004 0.003 0.004 0.002 0.005 0.002 0.004 0.004 
384      786    (0)    9 :  0.003 0.003 0.001 0.956 0.003 0.004 0.004 0.006 0.003 0.002 0.007 0.002 0.004 0.001 
385      787    (0)    9 :  0.003 0.004 0.002 0.960 0.009 0.003 0.003 0.002 0.003 0.001 0.003 0.002 0.003 0.003 
386      788    (0)    9 :  0.009 0.007 0.004 0.915 0.004 0.009 0.009 0.002 0.006 0.003 0.009 0.009 0.007 0.004 
387      789    (0)    9 :  0.008 0.003 0.001 0.920 0.008 0.008 0.007 0.006 0.003 0.023 0.002 0.002 0.006 0.002 
388      790    (0)    9 :  0.005 0.003 0.002 0.939 0.008 0.004 0.004 0.010 0.006 0.002 0.004 0.002 0.005 0.006 
389      791    (0)    9 :  0.006 0.008 0.002 0.935 0.011 0.006 0.006 0.003 0.004 0.003 0.006 0.004 0.006 0.002 
390      792    (0)    9 :  0.002 0.002 0.003 0.970 0.002 0.002 0.002 0.002 0.002 0.002 0.002 0.002 0.002 0.004 
391      793    (0)    9 :  0.006 0.005 0.004 0.936 0.013 0.006 0.005 0.004 0.005 0.003 0.004 0.003 0.005 0.002 
392      794    (0)    9 :  0.005 0.002 0.003 0.948 0.002 0.005 0.006 0.004 0.005 0.003 0.006 0.003 0.005 0.003 
393      795    (0)    9 :  0.005 0.003 0.003 0.951 0.002 0.005 0.005 0.004 0.003 0.005 0.003 0.006 0.004 0.003 
394      796    (0)    9 :  0.002 0.002 0.002 0.972 0.002 0.002 0.002 0.002 0.002 0.004 0.002 0.002 0.002 0.003 
395      797    (0)    9 :  0.002 0.002 0.002 0.969 0.002 0.002 0.002 0.002 0.003 0.001 0.005 0.002 0.002 0.002 
396      798    (0)    9 :  0.003 0.007 0.003 0.948 0.003 0.003 0.003 0.003 0.012 0.001 0.004 0.004 0.004 0.002 


Estimated Allele Frequencies in each cluster
First column gives estimated ancestral frequencies


Locus 1 : 1 
4 alleles
0.0% missing data
  89   (0.530) 0.536 0.629 0.694 0.641 0.618 0.542 0.539 0.480 0.489 0.285 0.582 0.277 0.503 0.072 
  91   (0.378) 0.374 0.342 0.296 0.313 0.214 0.372 0.371 0.491 0.385 0.670 0.388 0.570 0.443 0.741 
  99   (0.021) 0.024 0.001 0.002 0.001 0.002 0.023 0.021 0.006 0.023 0.001 0.012 0.002 0.013 0.155 
  93   (0.071) 0.066 0.029 0.009 0.046 0.167 0.062 0.069 0.022 0.104 0.043 0.017 0.152 0.041 0.032 

Locus 2 : 2 
6 alleles
1.3% missing data
 136   (0.322) 0.328 0.578 0.102 0.461 0.428 0.349 0.354 0.201 0.097 0.453 0.071 0.692 0.263 0.194 
 134   (0.242) 0.238 0.153 0.197 0.377 0.130 0.225 0.224 0.420 0.209 0.201 0.293 0.186 0.223 0.031 
 138   (0.298) 0.299 0.229 0.250 0.154 0.360 0.283 0.276 0.245 0.569 0.227 0.479 0.105 0.377 0.758 
 140   (0.083) 0.081 0.038 0.446 0.005 0.077 0.081 0.082 0.110 0.046 0.108 0.033 0.011 0.069 0.010 
 132   (0.024) 0.026 0.001 0.002 0.001 0.002 0.036 0.036 0.006 0.007 0.001 0.004 0.002 0.021 0.003 
 142   (0.031) 0.029 0.001 0.003 0.002 0.002 0.026 0.028 0.018 0.073 0.010 0.120 0.003 0.047 0.004 

Locus 3 : 3 
6 alleles
0.0% missing data
 181   (0.236) 0.235 0.259 0.064 0.068 0.150 0.222 0.208 0.304 0.391 0.078 0.406 0.083 0.143 0.194 
 187   (0.355) 0.344 0.462 0.704 0.257 0.675 0.348 0.357 0.323 0.176 0.360 0.170 0.541 0.346 0.754 
 179   (0.238) 0.248 0.248 0.214 0.015 0.161 0.263 0.264 0.273 0.178 0.055 0.223 0.359 0.309 0.031 
 191   (0.036) 0.036 0.027 0.005 0.197 0.003 0.031 0.029 0.009 0.015 0.010 0.008 0.004 0.017 0.004 
 185   (0.072) 0.073 0.002 0.007 0.459 0.006 0.072 0.073 0.054 0.192 0.267 0.026 0.007 0.082 0.009 
 175   (0.063) 0.064 0.002 0.006 0.004 0.005 0.064 0.068 0.037 0.048 0.230 0.167 0.006 0.102 0.008 

Locus 4 : 4 
10 alleles
0.0% missing data
 253   (0.508) 0.521 0.800 0.644 0.465 0.506 0.538 0.531 0.426 0.391 0.181 0.742 0.496 0.538 0.537 
 249   (0.034) 0.030 0.068 0.302 0.002 0.003 0.024 0.025 0.008 0.006 0.068 0.005 0.032 0.014 0.004 
 271   (0.043) 0.039 0.034 0.005 0.003 0.003 0.032 0.031 0.149 0.015 0.114 0.007 0.048 0.031 0.006 
 241   (0.144) 0.143 0.018 0.020 0.149 0.066 0.136 0.132 0.067 0.216 0.522 0.092 0.359 0.157 0.207 
 257   (0.008) 0.007 0.001 0.001 0.000 0.001 0.005 0.005 0.002 0.003 0.000 0.001 0.003 0.004 0.001 
 269   (0.166) 0.163 0.077 0.020 0.100 0.413 0.155 0.156 0.236 0.339 0.018 0.112 0.053 0.179 0.235 
 247   (0.067) 0.069 0.002 0.007 0.279 0.005 0.087 0.096 0.106 0.025 0.028 0.036 0.007 0.062 0.008 
 239   (0.007) 0.007 0.000 0.001 0.000 0.001 0.006 0.005 0.002 0.001 0.000 0.001 0.001 0.003 0.001 
 245   (0.012) 0.010 0.000 0.001 0.001 0.001 0.008 0.008 0.002 0.002 0.068 0.002 0.001 0.005 0.001 
 273   (0.011) 0.011 0.000 0.001 0.001 0.001 0.010 0.010 0.003 0.002 0.001 0.001 0.001 0.006 0.001 

Locus 5 : 5 
7 alleles
0.8% missing data
 103   (0.837) 0.827 0.990 0.983 0.964 0.986 0.808 0.812 0.948 0.934 0.739 0.944 0.981 0.858 0.978 
 104   (0.065) 0.075 0.007 0.007 0.004 0.007 0.086 0.079 0.020 0.034 0.061 0.031 0.010 0.064 0.009 
 105   (0.050) 0.054 0.002 0.006 0.003 0.004 0.067 0.071 0.019 0.021 0.171 0.018 0.005 0.048 0.006 
 102   (0.017) 0.017 0.001 0.001 0.001 0.001 0.018 0.017 0.004 0.004 0.001 0.003 0.002 0.017 0.003 
 101   (0.012) 0.011 0.000 0.001 0.014 0.001 0.009 0.008 0.004 0.002 0.001 0.002 0.001 0.006 0.001 
 107   (0.012) 0.010 0.000 0.001 0.001 0.001 0.008 0.008 0.003 0.002 0.026 0.002 0.001 0.005 0.001 
  99   (0.008) 0.006 0.000 0.001 0.013 0.001 0.004 0.005 0.002 0.002 0.000 0.001 0.001 0.003 0.001 

Locus 6 : 6 
5 alleles
0.3% missing data
 141   (0.299) 0.303 0.597 0.851 0.135 0.484 0.285 0.274 0.630 0.154 0.119 0.241 0.278 0.311 0.040 
 145   (0.383) 0.393 0.186 0.067 0.262 0.214 0.431 0.440 0.205 0.500 0.023 0.645 0.136 0.458 0.387 
 135   (0.236) 0.228 0.201 0.064 0.287 0.139 0.219 0.225 0.136 0.325 0.648 0.100 0.368 0.187 0.562 
 147   (0.071) 0.067 0.015 0.017 0.315 0.162 0.057 0.054 0.027 0.018 0.131 0.013 0.216 0.039 0.010 
 137   (0.012) 0.010 0.000 0.001 0.001 0.001 0.008 0.008 0.003 0.002 0.080 0.002 0.001 0.005 0.001 

Locus 7 : 7 
10 alleles
1.0% missing data
  93   (0.243) 0.235 0.325 0.630 0.068 0.307 0.214 0.219 0.270 0.205 0.119 0.332 0.402 0.292 0.732 
 103   (0.259) 0.263 0.378 0.072 0.505 0.563 0.278 0.290 0.240 0.377 0.015 0.365 0.296 0.312 0.037 
  91   (0.071) 0.071 0.032 0.007 0.157 0.047 0.066 0.060 0.027 0.019 0.056 0.063 0.008 0.037 0.061 
  97   (0.204) 0.202 0.183 0.028 0.255 0.062 0.214 0.211 0.202 0.217 0.274 0.105 0.146 0.125 0.139 
  85   (0.038) 0.037 0.055 0.004 0.002 0.003 0.037 0.039 0.012 0.053 0.002 0.010 0.007 0.023 0.005 
  89   (0.107) 0.104 0.025 0.250 0.007 0.012 0.095 0.094 0.226 0.085 0.306 0.084 0.133 0.156 0.016 
  83   (0.050) 0.062 0.001 0.005 0.003 0.004 0.075 0.066 0.015 0.039 0.003 0.033 0.005 0.043 0.007 
 105   (0.014) 0.013 0.000 0.001 0.001 0.001 0.012 0.011 0.003 0.003 0.085 0.004 0.001 0.007 0.002 
  99   (0.008) 0.007 0.000 0.001 0.001 0.001 0.004 0.005 0.002 0.002 0.010 0.001 0.001 0.003 0.001 
 101   (0.008) 0.007 0.000 0.001 0.000 0.001 0.004 0.005 0.002 0.001 0.129 0.001 0.001 0.003 0.001 

Locus 8 : 8 
8 alleles
0.0% missing data
 129   (0.531) 0.525 0.707 0.662 0.641 0.701 0.531 0.534 0.465 0.632 0.317 0.727 0.434 0.660 0.141 
 141   (0.061) 0.059 0.105 0.010 0.210 0.039 0.059 0.062 0.016 0.028 0.004 0.014 0.153 0.045 0.008 
 149   (0.103) 0.107 0.133 0.015 0.015 0.168 0.101 0.094 0.128 0.065 0.289 0.039 0.047 0.081 0.013 
 143   (0.255) 0.262 0.053 0.308 0.130 0.089 0.265 0.264 0.380 0.250 0.303 0.210 0.360 0.184 0.761 
 127   (0.017) 0.015 0.000 0.001 0.001 0.001 0.013 0.015 0.004 0.003 0.085 0.002 0.002 0.009 0.030 
 131   (0.011) 0.009 0.000 0.001 0.001 0.001 0.006 0.006 0.003 0.015 0.001 0.004 0.001 0.004 0.044 
 145   (0.007) 0.007 0.000 0.001 0.000 0.001 0.006 0.005 0.002 0.001 0.000 0.001 0.001 0.003 0.001 
 133   (0.015) 0.016 0.000 0.001 0.001 0.001 0.019 0.019 0.003 0.006 0.001 0.003 0.002 0.014 0.002 

Locus 9 : 9 
4 alleles
0.0% missing data
 191   (0.376) 0.375 0.551 0.844 0.546 0.594 0.381 0.374 0.266 0.350 0.320 0.317 0.610 0.258 0.255 
 195   (0.150) 0.143 0.179 0.032 0.052 0.243 0.128 0.129 0.241 0.248 0.340 0.291 0.039 0.090 0.403 
 189   (0.466) 0.476 0.266 0.123 0.401 0.162 0.486 0.492 0.492 0.400 0.339 0.390 0.350 0.649 0.341 
 193   (0.008) 0.007 0.003 0.001 0.000 0.001 0.005 0.005 0.002 0.002 0.000 0.001 0.001 0.003 0.001 

Locus 10 : 10 
7 alleles
0.3% missing data
 232   (0.239) 0.236 0.307 0.584 0.273 0.154 0.247 0.253 0.085 0.182 0.129 0.198 0.399 0.162 0.186 
 238   (0.564) 0.565 0.563 0.124 0.344 0.746 0.558 0.557 0.856 0.708 0.742 0.738 0.407 0.714 0.397 
 252   (0.109) 0.114 0.112 0.277 0.033 0.081 0.111 0.108 0.036 0.092 0.015 0.051 0.185 0.079 0.020 
 254   (0.047) 0.046 0.017 0.011 0.263 0.016 0.044 0.044 0.013 0.009 0.082 0.007 0.005 0.024 0.391 
 250   (0.014) 0.013 0.000 0.001 0.001 0.001 0.014 0.014 0.003 0.002 0.030 0.002 0.001 0.009 0.002 
 248   (0.020) 0.019 0.001 0.002 0.085 0.001 0.019 0.018 0.005 0.004 0.001 0.003 0.002 0.010 0.002 
 236   (0.008) 0.007 0.000 0.001 0.001 0.001 0.006 0.006 0.002 0.002 0.000 0.001 0.001 0.004 0.001 

Locus 11 : 11 
4 alleles
0.0% missing data
  87   (0.716) 0.723 0.659 0.350 0.534 0.590 0.734 0.734 0.908 0.827 0.519 0.850 0.555 0.749 0.964 
  89   (0.213) 0.212 0.287 0.619 0.383 0.403 0.212 0.213 0.064 0.141 0.154 0.114 0.335 0.212 0.027 
  91   (0.062) 0.058 0.053 0.031 0.083 0.005 0.050 0.049 0.026 0.031 0.170 0.035 0.109 0.037 0.008 
  85   (0.008) 0.007 0.000 0.001 0.000 0.001 0.004 0.005 0.002 0.001 0.157 0.001 0.001 0.003 0.001 

Locus 12 : 12 
12 alleles
0.3% missing data
 160   (0.229) 0.217 0.095 0.035 0.718 0.233 0.198 0.195 0.216 0.261 0.403 0.324 0.194 0.224 0.643 
 162   (0.230) 0.239 0.208 0.720 0.232 0.241 0.263 0.277 0.361 0.135 0.014 0.287 0.106 0.295 0.075 
 147   (0.053) 0.048 0.113 0.133 0.003 0.101 0.040 0.044 0.016 0.046 0.003 0.024 0.344 0.064 0.007 
 158   (0.236) 0.239 0.546 0.079 0.022 0.403 0.241 0.238 0.152 0.277 0.096 0.232 0.315 0.166 0.032 
 161   (0.108) 0.112 0.026 0.016 0.017 0.009 0.112 0.106 0.038 0.161 0.272 0.051 0.026 0.121 0.101 
 170   (0.054) 0.058 0.010 0.007 0.003 0.006 0.062 0.059 0.024 0.050 0.029 0.014 0.006 0.058 0.008 
 143   (0.023) 0.024 0.001 0.002 0.001 0.002 0.023 0.020 0.006 0.004 0.179 0.009 0.002 0.011 0.125 
 149   (0.023) 0.021 0.001 0.002 0.001 0.002 0.020 0.021 0.176 0.014 0.001 0.050 0.002 0.014 0.003 
 154   (0.018) 0.020 0.001 0.002 0.001 0.001 0.024 0.023 0.006 0.004 0.001 0.003 0.002 0.013 0.002 
 150   (0.008) 0.006 0.000 0.001 0.000 0.001 0.004 0.004 0.002 0.019 0.000 0.003 0.001 0.003 0.001 
 159   (0.010) 0.009 0.000 0.001 0.001 0.001 0.006 0.006 0.002 0.028 0.001 0.002 0.001 0.027 0.001 
 164   (0.008) 0.007 0.000 0.001 0.000 0.001 0.006 0.006 0.002 0.001 0.000 0.001 0.001 0.003 0.001 

Locus 13 : 13 
4 alleles
0.0% missing data
 108   (0.196) 0.192 0.169 0.423 0.200 0.150 0.182 0.175 0.069 0.132 0.294 0.087 0.168 0.152 0.306 
 115   (0.437) 0.435 0.533 0.507 0.286 0.769 0.432 0.440 0.613 0.490 0.374 0.533 0.346 0.489 0.081 
 113   (0.359) 0.366 0.298 0.069 0.514 0.080 0.380 0.379 0.316 0.377 0.332 0.378 0.485 0.356 0.612 
 109   (0.008) 0.007 0.000 0.001 0.000 0.001 0.006 0.006 0.002 0.001 0.000 0.002 0.001 0.003 0.001 

Locus 14 : 14 
5 alleles
0.8% missing data
 227   (0.149) 0.145 0.259 0.052 0.018 0.251 0.130 0.130 0.073 0.363 0.009 0.314 0.320 0.228 0.234 
 231   (0.125) 0.128 0.105 0.021 0.352 0.059 0.133 0.132 0.035 0.036 0.351 0.020 0.118 0.074 0.309 
 229   (0.530) 0.537 0.492 0.878 0.416 0.336 0.555 0.554 0.778 0.464 0.477 0.570 0.407 0.505 0.115 
 225   (0.122) 0.119 0.050 0.015 0.209 0.302 0.110 0.109 0.093 0.109 0.059 0.040 0.023 0.145 0.251 
 233   (0.073) 0.071 0.094 0.033 0.005 0.052 0.072 0.075 0.022 0.027 0.104 0.056 0.132 0.047 0.091 

Locus 15 : 15 
5 alleles
0.5% missing data
 143   (0.833) 0.832 0.969 0.982 0.817 0.948 0.835 0.843 0.905 0.747 0.615 0.921 0.975 0.895 0.765 
 157   (0.010) 0.008 0.021 0.001 0.001 0.002 0.005 0.006 0.003 0.002 0.001 0.001 0.001 0.003 0.001 
 145   (0.096) 0.101 0.009 0.011 0.006 0.046 0.103 0.096 0.034 0.112 0.188 0.054 0.018 0.070 0.226 
 147   (0.044) 0.042 0.001 0.004 0.144 0.003 0.038 0.037 0.054 0.136 0.195 0.021 0.004 0.022 0.006 
 133   (0.017) 0.017 0.000 0.002 0.033 0.001 0.018 0.018 0.004 0.004 0.001 0.002 0.002 0.010 0.002 

Locus 16 : 16 
5 alleles
0.3% missing data
 156   (0.245) 0.247 0.315 0.208 0.504 0.255 0.248 0.255 0.116 0.280 0.165 0.195 0.093 0.207 0.602 
 158   (0.523) 0.530 0.503 0.308 0.199 0.508 0.530 0.520 0.443 0.544 0.326 0.720 0.697 0.585 0.201 
 160   (0.143) 0.135 0.133 0.474 0.113 0.209 0.127 0.122 0.411 0.155 0.123 0.049 0.200 0.139 0.018 
 154   (0.079) 0.079 0.048 0.010 0.183 0.027 0.090 0.096 0.027 0.018 0.386 0.015 0.009 0.055 0.178 
 152   (0.010) 0.009 0.000 0.001 0.001 0.001 0.006 0.006 0.003 0.004 0.001 0.021 0.001 0.013 0.001 

Locus 17 : 17 
5 alleles
0.0% missing data
 102   (0.219) 0.225 0.251 0.085 0.200 0.252 0.226 0.222 0.186 0.287 0.042 0.100 0.097 0.331 0.030 
  90   (0.665) 0.658 0.716 0.611 0.792 0.737 0.653 0.654 0.525 0.674 0.337 0.877 0.865 0.595 0.596 
  88   (0.074) 0.075 0.032 0.300 0.005 0.008 0.078 0.077 0.273 0.016 0.443 0.014 0.034 0.045 0.009 
 100   (0.034) 0.035 0.001 0.003 0.002 0.002 0.039 0.042 0.011 0.008 0.177 0.007 0.003 0.026 0.364 
 104   (0.008) 0.007 0.000 0.001 0.000 0.001 0.005 0.005 0.005 0.015 0.000 0.002 0.001 0.004 0.001 

Locus 18 : 18 
8 alleles
0.3% missing data
 142   (0.142) 0.140 0.408 0.799 0.009 0.412 0.147 0.154 0.120 0.147 0.022 0.039 0.366 0.111 0.021 
 146   (0.086) 0.090 0.156 0.038 0.224 0.323 0.078 0.072 0.158 0.062 0.005 0.058 0.027 0.158 0.011 
 140   (0.266) 0.264 0.101 0.041 0.180 0.044 0.275 0.277 0.382 0.286 0.308 0.173 0.429 0.247 0.324 
 127   (0.255) 0.262 0.191 0.062 0.060 0.138 0.266 0.260 0.121 0.188 0.155 0.459 0.082 0.266 0.488 
 148   (0.104) 0.102 0.067 0.033 0.215 0.009 0.095 0.094 0.172 0.062 0.069 0.062 0.050 0.118 0.014 
 128   (0.031) 0.028 0.064 0.007 0.002 0.003 0.032 0.036 0.008 0.006 0.221 0.004 0.016 0.022 0.079 
 138   (0.055) 0.055 0.011 0.015 0.004 0.067 0.052 0.051 0.021 0.086 0.004 0.015 0.024 0.035 0.055 
 150   (0.060) 0.059 0.002 0.006 0.307 0.005 0.055 0.055 0.017 0.163 0.215 0.190 0.006 0.042 0.008 

Locus 19 : 19 
7 alleles
0.3% missing data
 188   (0.182) 0.185 0.116 0.570 0.172 0.028 0.205 0.211 0.101 0.252 0.011 0.103 0.173 0.160 0.022 
 190   (0.148) 0.137 0.362 0.017 0.199 0.591 0.123 0.126 0.275 0.118 0.044 0.250 0.337 0.104 0.019 
 194   (0.570) 0.580 0.519 0.404 0.480 0.374 0.585 0.580 0.404 0.589 0.557 0.552 0.480 0.567 0.948 
 200   (0.064) 0.067 0.002 0.005 0.004 0.005 0.062 0.057 0.212 0.035 0.305 0.089 0.006 0.154 0.007 
 202   (0.020) 0.017 0.001 0.002 0.143 0.001 0.014 0.014 0.004 0.003 0.042 0.003 0.002 0.009 0.002 
 196   (0.008) 0.007 0.000 0.001 0.001 0.001 0.006 0.007 0.002 0.001 0.001 0.001 0.001 0.004 0.001 
 198   (0.008) 0.006 0.000 0.001 0.000 0.001 0.004 0.005 0.002 0.001 0.040 0.001 0.001 0.003 0.001 

Locus 20 : 20 
6 alleles
0.8% missing data
 252   (0.692) 0.713 0.826 0.819 0.730 0.922 0.736 0.733 0.680 0.780 0.076 0.723 0.713 0.793 0.387 
 250   (0.087) 0.081 0.116 0.011 0.138 0.011 0.068 0.065 0.069 0.160 0.430 0.032 0.060 0.045 0.335 
 244   (0.025) 0.021 0.003 0.148 0.002 0.044 0.015 0.015 0.006 0.005 0.040 0.012 0.002 0.010 0.003 
 254   (0.083) 0.077 0.036 0.010 0.082 0.013 0.067 0.068 0.127 0.025 0.240 0.126 0.011 0.074 0.083 
 246   (0.093) 0.089 0.007 0.010 0.048 0.007 0.090 0.092 0.113 0.021 0.213 0.103 0.211 0.060 0.188 
 248   (0.021) 0.019 0.013 0.002 0.001 0.003 0.024 0.026 0.005 0.009 0.001 0.003 0.003 0.018 0.003 

Locus 21 : 21 
7 alleles
0.0% missing data
 173   (0.284) 0.278 0.355 0.158 0.214 0.405 0.256 0.261 0.284 0.552 0.203 0.572 0.123 0.374 0.137 
 177   (0.286) 0.286 0.300 0.177 0.170 0.137 0.300 0.296 0.449 0.258 0.043 0.209 0.641 0.253 0.270 
 175   (0.134) 0.140 0.019 0.017 0.257 0.087 0.134 0.130 0.046 0.057 0.498 0.080 0.033 0.111 0.448 
 167   (0.186) 0.185 0.320 0.637 0.121 0.304 0.185 0.187 0.060 0.100 0.070 0.121 0.188 0.187 0.131 
 163   (0.046) 0.045 0.004 0.005 0.223 0.003 0.045 0.043 0.012 0.020 0.111 0.009 0.005 0.027 0.006 
 159   (0.020) 0.022 0.001 0.002 0.001 0.001 0.035 0.035 0.006 0.004 0.001 0.003 0.002 0.018 0.002 
 165   (0.044) 0.043 0.001 0.004 0.013 0.062 0.046 0.047 0.141 0.009 0.074 0.007 0.008 0.030 0.006 

Locus 22 : 22 
11 alleles
1.0% missing data
 146   (0.216) 0.226 0.266 0.835 0.138 0.044 0.218 0.214 0.217 0.294 0.013 0.264 0.241 0.294 0.081 
 154   (0.012) 0.010 0.078 0.001 0.001 0.018 0.007 0.007 0.003 0.002 0.001 0.002 0.004 0.004 0.001 
 166   (0.087) 0.090 0.032 0.009 0.005 0.008 0.102 0.104 0.155 0.029 0.005 0.019 0.246 0.064 0.119 
 152   (0.449) 0.440 0.577 0.129 0.368 0.912 0.428 0.425 0.551 0.574 0.107 0.619 0.442 0.486 0.477 
 150   (0.036) 0.036 0.009 0.004 0.002 0.003 0.039 0.040 0.012 0.013 0.113 0.009 0.008 0.032 0.086 
 164   (0.030) 0.029 0.015 0.004 0.002 0.003 0.026 0.026 0.007 0.007 0.067 0.005 0.042 0.014 0.004 
 148   (0.011) 0.010 0.000 0.001 0.001 0.001 0.007 0.008 0.002 0.002 0.001 0.002 0.001 0.004 0.210 
 158   (0.077) 0.082 0.020 0.009 0.104 0.006 0.094 0.095 0.026 0.045 0.425 0.014 0.008 0.053 0.011 
 162   (0.046) 0.048 0.001 0.004 0.070 0.003 0.056 0.060 0.019 0.013 0.135 0.009 0.005 0.035 0.006 
 142   (0.017) 0.016 0.000 0.002 0.001 0.001 0.013 0.012 0.004 0.003 0.029 0.048 0.002 0.007 0.002 
 156   (0.018) 0.015 0.001 0.002 0.307 0.001 0.010 0.010 0.004 0.017 0.103 0.010 0.002 0.006 0.002 

Locus 23 : 23 
7 alleles
0.5% missing data
 152   (0.016) 0.014 0.073 0.001 0.001 0.002 0.009 0.010 0.004 0.006 0.001 0.002 0.092 0.007 0.002 
 156   (0.121) 0.128 0.045 0.012 0.032 0.013 0.147 0.152 0.083 0.034 0.417 0.035 0.082 0.099 0.017 
 144   (0.166) 0.157 0.206 0.024 0.639 0.059 0.143 0.142 0.054 0.132 0.245 0.390 0.156 0.173 0.562 
 160   (0.112) 0.105 0.189 0.013 0.105 0.118 0.094 0.094 0.199 0.190 0.015 0.044 0.296 0.100 0.014 
 154   (0.547) 0.562 0.485 0.928 0.220 0.795 0.576 0.569 0.526 0.630 0.183 0.523 0.370 0.604 0.400 
 158   (0.026) 0.024 0.001 0.022 0.002 0.013 0.022 0.024 0.133 0.005 0.138 0.004 0.003 0.013 0.003 
 146   (0.010) 0.010 0.000 0.001 0.001 0.001 0.009 0.010 0.002 0.002 0.001 0.001 0.001 0.005 0.002 

Locus 24 : 24 
4 alleles
0.3% missing data
  77   (0.088) 0.087 0.368 0.035 0.050 0.112 0.076 0.073 0.043 0.075 0.005 0.064 0.020 0.122 0.011 
  83   (0.462) 0.454 0.441 0.222 0.920 0.732 0.446 0.454 0.470 0.438 0.591 0.398 0.615 0.376 0.721 
  81   (0.370) 0.378 0.165 0.731 0.024 0.148 0.399 0.393 0.460 0.348 0.374 0.435 0.330 0.416 0.256 
  85   (0.081) 0.081 0.027 0.012 0.005 0.009 0.079 0.080 0.026 0.139 0.030 0.103 0.034 0.086 0.011 

Locus 25 : 25 
6 alleles
0.3% missing data
 132   (0.320) 0.323 0.505 0.916 0.447 0.571 0.326 0.322 0.261 0.379 0.021 0.383 0.151 0.287 0.211 
 124   (0.533) 0.537 0.425 0.064 0.544 0.326 0.541 0.548 0.651 0.560 0.483 0.477 0.804 0.568 0.398 
 126   (0.033) 0.030 0.047 0.005 0.002 0.094 0.023 0.024 0.009 0.007 0.012 0.005 0.032 0.014 0.005 
 122   (0.077) 0.075 0.021 0.012 0.005 0.007 0.075 0.073 0.071 0.046 0.459 0.129 0.010 0.112 0.027 
 120   (0.023) 0.022 0.001 0.002 0.001 0.002 0.021 0.019 0.005 0.004 0.024 0.004 0.002 0.012 0.358 
 136   (0.014) 0.014 0.001 0.001 0.001 0.001 0.014 0.013 0.004 0.005 0.001 0.002 0.002 0.008 0.002 

Locus 26 : 26 
7 alleles
0.0% missing data
 165   (0.224) 0.227 0.144 0.697 0.054 0.025 0.224 0.219 0.209 0.129 0.103 0.404 0.162 0.217 0.307 
 183   (0.358) 0.349 0.530 0.194 0.421 0.799 0.352 0.361 0.345 0.315 0.202 0.361 0.470 0.307 0.329 
 179   (0.096) 0.096 0.066 0.017 0.006 0.009 0.084 0.080 0.034 0.103 0.292 0.041 0.112 0.138 0.322 
 175   (0.270) 0.276 0.259 0.088 0.451 0.163 0.290 0.292 0.401 0.443 0.017 0.186 0.251 0.310 0.036 
 181   (0.037) 0.038 0.001 0.003 0.068 0.003 0.039 0.038 0.008 0.008 0.268 0.005 0.004 0.023 0.004 
 157   (0.008) 0.007 0.000 0.001 0.000 0.001 0.005 0.006 0.002 0.001 0.000 0.001 0.001 0.003 0.001 
 185   (0.008) 0.007 0.000 0.001 0.000 0.001 0.004 0.005 0.002 0.001 0.118 0.001 0.001 0.003 0.001 

Locus 27 : 27 
4 alleles
0.0% missing data
 142   (0.643) 0.645 0.731 0.338 0.742 0.615 0.649 0.648 0.638 0.760 0.525 0.824 0.615 0.642 0.341 
 148   (0.194) 0.198 0.079 0.410 0.067 0.087 0.207 0.208 0.062 0.100 0.261 0.068 0.166 0.174 0.639 
 138   (0.051) 0.044 0.176 0.241 0.003 0.285 0.034 0.035 0.016 0.012 0.045 0.035 0.207 0.022 0.006 
 150   (0.113) 0.113 0.014 0.011 0.188 0.012 0.110 0.109 0.284 0.128 0.169 0.073 0.012 0.163 0.014 

Locus 28 : 28 
6 alleles
1.0% missing data
 260   (0.399) 0.400 0.284 0.264 0.378 0.676 0.401 0.399 0.463 0.533 0.229 0.510 0.459 0.472 0.075 
 262   (0.487) 0.488 0.707 0.722 0.548 0.314 0.479 0.482 0.462 0.349 0.686 0.409 0.529 0.431 0.910 
 256   (0.075) 0.075 0.008 0.011 0.072 0.007 0.081 0.077 0.064 0.050 0.083 0.056 0.008 0.074 0.011 
 258   (0.012) 0.013 0.000 0.001 0.001 0.001 0.016 0.019 0.004 0.002 0.001 0.002 0.001 0.009 0.001 
 264   (0.018) 0.018 0.001 0.002 0.001 0.001 0.019 0.018 0.005 0.064 0.001 0.006 0.002 0.011 0.002 
 266   (0.008) 0.007 0.000 0.001 0.000 0.001 0.004 0.005 0.002 0.002 0.000 0.017 0.001 0.003 0.001 

Locus 29 : 29 
7 alleles
0.5% missing data
 146   (0.268) 0.268 0.147 0.078 0.337 0.328 0.269 0.266 0.268 0.324 0.314 0.159 0.274 0.227 0.038 
 150   (0.438) 0.444 0.717 0.155 0.289 0.564 0.453 0.458 0.294 0.453 0.234 0.614 0.464 0.538 0.144 
 140   (0.185) 0.190 0.080 0.710 0.060 0.100 0.185 0.177 0.212 0.199 0.404 0.108 0.034 0.177 0.805 
 148   (0.069) 0.064 0.046 0.052 0.311 0.006 0.061 0.065 0.157 0.015 0.038 0.048 0.220 0.039 0.009 
 152   (0.023) 0.022 0.001 0.003 0.002 0.002 0.022 0.024 0.061 0.005 0.009 0.069 0.002 0.014 0.003 
 151   (0.008) 0.007 0.007 0.001 0.000 0.001 0.004 0.005 0.002 0.002 0.000 0.001 0.005 0.003 0.001 
 142   (0.008) 0.007 0.002 0.001 0.000 0.001 0.005 0.005 0.005 0.002 0.001 0.001 0.001 0.003 0.001 

Locus 30 : 30 
6 alleles
0.3% missing data
 125   (0.287) 0.297 0.512 0.634 0.030 0.296 0.326 0.324 0.118 0.132 0.144 0.081 0.285 0.214 0.160 
 129   (0.425) 0.416 0.430 0.306 0.784 0.665 0.399 0.403 0.583 0.623 0.066 0.568 0.642 0.495 0.228 
 123   (0.158) 0.161 0.054 0.047 0.103 0.029 0.150 0.145 0.148 0.197 0.113 0.282 0.061 0.154 0.021 
 121   (0.012) 0.011 0.000 0.001 0.001 0.001 0.008 0.008 0.003 0.002 0.001 0.002 0.001 0.005 0.044 
 127   (0.072) 0.068 0.002 0.008 0.079 0.005 0.062 0.063 0.125 0.020 0.536 0.053 0.007 0.065 0.539 
 131   (0.046) 0.048 0.001 0.005 0.003 0.004 0.054 0.057 0.024 0.025 0.141 0.013 0.004 0.067 0.007 

Locus 31 : 31 
6 alleles
0.3% missing data
 159   (0.148) 0.146 0.164 0.072 0.010 0.018 0.129 0.126 0.179 0.418 0.199 0.184 0.121 0.217 0.019 
 155   (0.557) 0.562 0.638 0.565 0.708 0.932 0.588 0.592 0.370 0.332 0.404 0.584 0.834 0.461 0.600 
 157   (0.173) 0.172 0.110 0.304 0.020 0.018 0.169 0.167 0.397 0.156 0.064 0.193 0.031 0.230 0.140 
 153   (0.082) 0.079 0.085 0.054 0.005 0.027 0.080 0.083 0.042 0.086 0.325 0.031 0.009 0.074 0.072 
 151   (0.033) 0.034 0.003 0.004 0.257 0.005 0.029 0.027 0.011 0.007 0.008 0.005 0.003 0.016 0.169 
 163   (0.008) 0.007 0.001 0.002 0.001 0.001 0.005 0.006 0.002 0.002 0.000 0.002 0.001 0.004 0.001 

Locus 32 : 32 
5 alleles
1.0% missing data
  91   (0.425) 0.428 0.639 0.537 0.147 0.222 0.421 0.413 0.362 0.459 0.248 0.642 0.674 0.404 0.557 
  94   (0.068) 0.069 0.062 0.039 0.005 0.008 0.081 0.085 0.021 0.017 0.029 0.012 0.082 0.051 0.009 
  95   (0.163) 0.160 0.115 0.018 0.410 0.145 0.174 0.185 0.420 0.070 0.223 0.045 0.035 0.165 0.297 
  92   (0.336) 0.335 0.183 0.405 0.438 0.625 0.320 0.312 0.195 0.452 0.490 0.301 0.207 0.377 0.136 
  90   (0.008) 0.007 0.000 0.001 0.001 0.001 0.004 0.005 0.002 0.002 0.010 0.001 0.001 0.003 0.001 

Locus 33 : 33 
5 alleles
0.0% missing data
 146   (0.295) 0.304 0.080 0.054 0.312 0.051 0.314 0.309 0.157 0.396 0.657 0.343 0.057 0.312 0.584 
 150   (0.584) 0.580 0.840 0.933 0.637 0.879 0.575 0.580 0.566 0.509 0.238 0.628 0.890 0.613 0.400 
 148   (0.068) 0.063 0.079 0.007 0.047 0.066 0.054 0.054 0.206 0.027 0.038 0.012 0.046 0.039 0.009 
 154   (0.038) 0.040 0.001 0.005 0.002 0.003 0.048 0.047 0.010 0.018 0.067 0.008 0.005 0.030 0.005 
 152   (0.015) 0.013 0.000 0.001 0.001 0.001 0.009 0.009 0.061 0.051 0.001 0.009 0.001 0.006 0.002 

Locus 34 : 34 
7 alleles
0.0% missing data
 180   (0.448) 0.450 0.667 0.408 0.670 0.344 0.470 0.473 0.358 0.220 0.362 0.445 0.369 0.419 0.724 
 196   (0.116) 0.113 0.161 0.136 0.007 0.283 0.107 0.106 0.037 0.187 0.027 0.095 0.176 0.117 0.015 
 184   (0.211) 0.205 0.134 0.429 0.072 0.216 0.192 0.194 0.215 0.461 0.179 0.291 0.138 0.136 0.234 
 194   (0.019) 0.016 0.025 0.002 0.001 0.085 0.011 0.011 0.005 0.004 0.001 0.003 0.044 0.007 0.002 
 192   (0.121) 0.129 0.007 0.014 0.185 0.009 0.130 0.125 0.358 0.079 0.172 0.133 0.012 0.206 0.014 
 198   (0.073) 0.076 0.006 0.010 0.065 0.062 0.083 0.084 0.024 0.017 0.258 0.016 0.260 0.060 0.009 
 190   (0.012) 0.010 0.000 0.001 0.001 0.001 0.007 0.007 0.003 0.032 0.001 0.018 0.001 0.056 0.001 

Locus 35 : 35 
6 alleles
0.0% missing data
 110   (0.182) 0.181 0.321 0.242 0.069 0.606 0.183 0.182 0.072 0.059 0.114 0.093 0.134 0.181 0.188 
 112   (0.353) 0.360 0.543 0.070 0.058 0.280 0.369 0.364 0.486 0.465 0.051 0.373 0.761 0.331 0.046 
 106   (0.290) 0.290 0.112 0.619 0.715 0.028 0.289 0.296 0.253 0.373 0.244 0.427 0.086 0.344 0.179 
  90   (0.039) 0.035 0.017 0.053 0.002 0.036 0.028 0.028 0.151 0.008 0.002 0.006 0.005 0.025 0.451 
 108   (0.129) 0.126 0.006 0.014 0.110 0.049 0.127 0.125 0.036 0.093 0.588 0.101 0.013 0.115 0.135 
  96   (0.008) 0.007 0.000 0.001 0.046 0.001 0.004 0.005 0.002 0.001 0.000 0.001 0.001 0.003 0.001 

Locus 36 : 36 
9 alleles
0.0% missing data
 166   (0.065) 0.061 0.260 0.011 0.004 0.365 0.050 0.050 0.072 0.083 0.004 0.110 0.190 0.040 0.008 
 176   (0.101) 0.100 0.131 0.022 0.016 0.097 0.098 0.096 0.115 0.023 0.099 0.017 0.397 0.056 0.014 
 172   (0.336) 0.336 0.445 0.426 0.583 0.459 0.336 0.335 0.439 0.372 0.153 0.415 0.197 0.364 0.046 
 170   (0.272) 0.274 0.155 0.506 0.325 0.042 0.288 0.295 0.136 0.229 0.347 0.223 0.180 0.256 0.584 
 174   (0.127) 0.134 0.005 0.013 0.066 0.030 0.135 0.130 0.169 0.089 0.045 0.195 0.016 0.211 0.017 
 178   (0.035) 0.036 0.003 0.016 0.002 0.003 0.036 0.035 0.023 0.096 0.002 0.011 0.014 0.027 0.004 
 168   (0.041) 0.039 0.001 0.004 0.002 0.003 0.041 0.043 0.039 0.011 0.326 0.022 0.004 0.028 0.323 
 186   (0.015) 0.013 0.000 0.001 0.001 0.001 0.008 0.009 0.004 0.096 0.023 0.007 0.001 0.014 0.002 
 158   (0.008) 0.007 0.000 0.001 0.000 0.001 0.007 0.007 0.002 0.002 0.000 0.001 0.001 0.004 0.001 

Locus 37 : 37 
6 alleles
0.0% missing data
  89   (0.553) 0.561 0.664 0.239 0.506 0.631 0.559 0.550 0.725 0.752 0.609 0.554 0.675 0.623 0.344 
  95   (0.062) 0.058 0.091 0.045 0.004 0.035 0.050 0.050 0.017 0.047 0.028 0.132 0.018 0.052 0.008 
  85   (0.173) 0.167 0.216 0.268 0.237 0.247 0.163 0.163 0.196 0.122 0.017 0.149 0.253 0.119 0.518 
  81   (0.054) 0.059 0.010 0.007 0.004 0.005 0.068 0.076 0.016 0.018 0.003 0.050 0.006 0.066 0.009 
  83   (0.140) 0.139 0.018 0.440 0.248 0.081 0.147 0.148 0.042 0.057 0.317 0.111 0.046 0.132 0.018 
  91   (0.019) 0.016 0.001 0.002 0.001 0.001 0.013 0.014 0.004 0.003 0.027 0.004 0.002 0.009 0.103 

Locus 38 : 38 
10 alleles
0.0% missing data
 161   (0.344) 0.339 0.563 0.088 0.373 0.537 0.333 0.338 0.466 0.219 0.698 0.235 0.545 0.341 0.414 
 165   (0.218) 0.222 0.199 0.057 0.101 0.036 0.231 0.232 0.067 0.153 0.116 0.368 0.254 0.199 0.147 
 159   (0.022) 0.021 0.031 0.002 0.001 0.045 0.018 0.018 0.005 0.004 0.001 0.005 0.013 0.010 0.003 
 173   (0.252) 0.259 0.135 0.172 0.515 0.138 0.249 0.241 0.412 0.393 0.174 0.183 0.080 0.297 0.192 
 169   (0.100) 0.095 0.059 0.675 0.006 0.238 0.101 0.106 0.033 0.187 0.006 0.137 0.102 0.115 0.236 
 167   (0.018) 0.018 0.011 0.002 0.001 0.002 0.022 0.022 0.005 0.004 0.001 0.003 0.002 0.013 0.002 
 168   (0.010) 0.010 0.000 0.001 0.001 0.001 0.010 0.011 0.002 0.002 0.001 0.001 0.001 0.006 0.001 
 155   (0.017) 0.019 0.000 0.001 0.001 0.001 0.025 0.022 0.006 0.003 0.001 0.003 0.002 0.011 0.002 
 177   (0.007) 0.007 0.000 0.001 0.000 0.001 0.005 0.005 0.002 0.001 0.000 0.001 0.001 0.004 0.001 
 175   (0.011) 0.009 0.000 0.001 0.001 0.001 0.006 0.006 0.002 0.033 0.001 0.064 0.001 0.004 0.001 

Locus 39 : 39 
6 alleles
0.8% missing data
  87   (0.111) 0.104 0.160 0.014 0.128 0.215 0.088 0.090 0.062 0.049 0.422 0.033 0.126 0.118 0.644 
  89   (0.423) 0.427 0.597 0.771 0.092 0.431 0.431 0.434 0.530 0.537 0.232 0.645 0.681 0.442 0.055 
  91   (0.158) 0.159 0.110 0.174 0.185 0.256 0.174 0.179 0.084 0.068 0.106 0.050 0.026 0.156 0.169 
  81   (0.115) 0.121 0.101 0.012 0.116 0.011 0.122 0.111 0.144 0.105 0.007 0.060 0.082 0.092 0.015 
  85   (0.187) 0.183 0.031 0.028 0.477 0.069 0.181 0.181 0.179 0.239 0.233 0.212 0.084 0.189 0.116 
  83   (0.008) 0.006 0.000 0.001 0.000 0.017 0.004 0.005 0.002 0.001 0.000 0.001 0.001 0.003 0.001 

Locus 40 : 40 
4 alleles
0.5% missing data
 167   (0.757) 0.762 0.929 0.922 0.861 0.848 0.761 0.764 0.836 0.920 0.407 0.639 0.911 0.804 0.640 
 161   (0.204) 0.201 0.069 0.071 0.136 0.149 0.205 0.202 0.153 0.068 0.469 0.254 0.085 0.162 0.355 
 165   (0.031) 0.030 0.002 0.006 0.002 0.002 0.029 0.028 0.009 0.010 0.124 0.106 0.003 0.029 0.004 
 177   (0.008) 0.007 0.000 0.001 0.001 0.001 0.006 0.006 0.002 0.002 0.000 0.001 0.001 0.004 0.001 

Locus 41 : 41 
6 alleles
0.5% missing data
 228   (0.442) 0.443 0.481 0.714 0.232 0.711 0.429 0.423 0.617 0.630 0.111 0.441 0.663 0.443 0.643 
 238   (0.334) 0.339 0.337 0.068 0.115 0.269 0.358 0.370 0.200 0.289 0.071 0.331 0.256 0.349 0.094 
 224   (0.029) 0.025 0.107 0.004 0.002 0.003 0.019 0.019 0.084 0.005 0.013 0.004 0.055 0.012 0.004 
 236   (0.098) 0.093 0.072 0.205 0.393 0.010 0.086 0.082 0.060 0.031 0.299 0.041 0.015 0.083 0.248 
 232   (0.011) 0.011 0.001 0.001 0.001 0.001 0.009 0.009 0.003 0.003 0.001 0.002 0.003 0.006 0.001 
 240   (0.086) 0.088 0.002 0.009 0.258 0.006 0.098 0.097 0.036 0.040 0.506 0.179 0.008 0.108 0.010 

Locus 42 : 42 
7 alleles
0.0% missing data
 128   (0.123) 0.123 0.165 0.263 0.034 0.010 0.113 0.112 0.155 0.165 0.007 0.273 0.077 0.150 0.016 
 130   (0.550) 0.557 0.559 0.673 0.778 0.847 0.576 0.575 0.572 0.418 0.732 0.383 0.562 0.536 0.072 
 114   (0.054) 0.049 0.118 0.029 0.003 0.056 0.042 0.044 0.101 0.011 0.003 0.008 0.035 0.026 0.431 
 132   (0.099) 0.094 0.151 0.013 0.048 0.009 0.093 0.096 0.032 0.282 0.006 0.171 0.307 0.105 0.012 
 118   (0.066) 0.067 0.003 0.009 0.131 0.005 0.058 0.055 0.028 0.040 0.073 0.126 0.006 0.089 0.232 
 134   (0.101) 0.103 0.004 0.011 0.006 0.072 0.113 0.112 0.110 0.082 0.178 0.037 0.012 0.091 0.237 
 136   (0.008) 0.007 0.000 0.001 0.000 0.001 0.005 0.006 0.002 0.001 0.000 0.001 0.001 0.003 0.001 

Locus 43 : 43 
6 alleles
0.8% missing data
 102   (0.270) 0.265 0.383 0.070 0.476 0.528 0.258 0.260 0.209 0.378 0.016 0.312 0.457 0.311 0.542 
 104   (0.408) 0.422 0.199 0.095 0.414 0.229 0.444 0.442 0.555 0.437 0.224 0.520 0.136 0.496 0.057 
  92   (0.125) 0.130 0.115 0.016 0.008 0.041 0.132 0.133 0.036 0.133 0.325 0.028 0.303 0.091 0.052 
  96   (0.069) 0.065 0.071 0.743 0.004 0.020 0.061 0.058 0.022 0.021 0.181 0.027 0.039 0.038 0.090 
  98   (0.120) 0.111 0.232 0.075 0.098 0.168 0.100 0.102 0.174 0.029 0.253 0.112 0.065 0.062 0.256 
 106   (0.008) 0.007 0.000 0.001 0.001 0.014 0.005 0.005 0.002 0.002 0.000 0.001 0.001 0.003 0.001 

Locus 44 : 44 
5 alleles
0.3% missing data
 101   (0.312) 0.311 0.428 0.076 0.182 0.607 0.308 0.316 0.437 0.340 0.352 0.177 0.255 0.281 0.041 
 103   (0.300) 0.302 0.179 0.457 0.350 0.214 0.290 0.278 0.153 0.477 0.099 0.474 0.349 0.325 0.252 
  99   (0.141) 0.139 0.031 0.080 0.009 0.062 0.151 0.155 0.304 0.052 0.190 0.100 0.225 0.118 0.422 
  95   (0.236) 0.237 0.362 0.385 0.459 0.117 0.244 0.243 0.103 0.129 0.354 0.247 0.171 0.271 0.094 
  97   (0.011) 0.010 0.000 0.001 0.001 0.001 0.007 0.008 0.002 0.002 0.005 0.002 0.001 0.005 0.191 

Locus 45 : 45 
7 alleles
0.3% missing data
 177   (0.064) 0.060 0.070 0.008 0.004 0.009 0.054 0.052 0.018 0.056 0.096 0.061 0.187 0.053 0.009 
 191   (0.269) 0.271 0.215 0.044 0.100 0.035 0.297 0.308 0.397 0.204 0.639 0.143 0.109 0.322 0.247 
 181   (0.591) 0.591 0.712 0.942 0.860 0.951 0.573 0.568 0.566 0.720 0.144 0.701 0.697 0.585 0.538 
 179   (0.042) 0.049 0.001 0.004 0.003 0.003 0.053 0.049 0.011 0.008 0.110 0.006 0.004 0.025 0.202 
 183   (0.011) 0.010 0.000 0.001 0.001 0.001 0.010 0.011 0.003 0.002 0.001 0.003 0.001 0.006 0.001 
 193   (0.014) 0.012 0.000 0.001 0.001 0.001 0.008 0.009 0.004 0.009 0.011 0.085 0.001 0.005 0.002 
 189   (0.008) 0.006 0.000 0.001 0.031 0.001 0.004 0.005 0.002 0.001 0.000 0.001 0.001 0.003 0.001 

Locus 46 : 46 
6 alleles
0.8% missing data
 205   (0.458) 0.465 0.456 0.871 0.406 0.733 0.486 0.490 0.405 0.662 0.306 0.508 0.557 0.461 0.270 
 211   (0.223) 0.221 0.267 0.044 0.271 0.163 0.227 0.226 0.409 0.113 0.389 0.123 0.132 0.173 0.321 
 207   (0.149) 0.146 0.141 0.064 0.203 0.066 0.138 0.133 0.086 0.166 0.073 0.235 0.189 0.164 0.019 
 201   (0.072) 0.072 0.081 0.011 0.005 0.027 0.061 0.062 0.035 0.032 0.044 0.033 0.063 0.112 0.376 
 215   (0.084) 0.084 0.055 0.009 0.115 0.010 0.074 0.074 0.061 0.024 0.179 0.096 0.057 0.081 0.011 
 202   (0.014) 0.013 0.000 0.001 0.001 0.001 0.015 0.014 0.004 0.003 0.009 0.004 0.001 0.008 0.002 

Locus 47 : 47 
9 alleles
1.0% missing data
 144   (0.083) 0.082 0.271 0.060 0.131 0.146 0.073 0.072 0.032 0.029 0.010 0.028 0.088 0.088 0.013 
 158   (0.160) 0.165 0.139 0.039 0.083 0.016 0.176 0.178 0.134 0.095 0.126 0.040 0.383 0.190 0.025 
 168   (0.151) 0.146 0.196 0.060 0.108 0.343 0.139 0.135 0.083 0.043 0.226 0.054 0.077 0.102 0.197 
 166   (0.147) 0.139 0.326 0.467 0.386 0.221 0.126 0.122 0.048 0.145 0.016 0.319 0.143 0.091 0.063 
 142   (0.342) 0.349 0.063 0.362 0.285 0.265 0.371 0.379 0.672 0.626 0.148 0.480 0.275 0.449 0.050 
 170   (0.015) 0.014 0.002 0.002 0.001 0.002 0.012 0.014 0.004 0.003 0.043 0.002 0.002 0.008 0.002 
 156   (0.028) 0.025 0.001 0.003 0.002 0.002 0.020 0.022 0.008 0.010 0.081 0.004 0.013 0.017 0.564 
 162   (0.031) 0.033 0.001 0.003 0.002 0.002 0.031 0.028 0.008 0.006 0.169 0.064 0.003 0.016 0.081 
 164   (0.043) 0.047 0.001 0.005 0.003 0.003 0.051 0.050 0.012 0.043 0.181 0.008 0.016 0.039 0.006 

Locus 48 : 48 
7 alleles
7.6% missing data
 149   (0.366) 0.367 0.202 0.448 0.332 0.266 0.371 0.367 0.329 0.353 0.765 0.437 0.184 0.335 0.331 
 151   (0.181) 0.178 0.234 0.131 0.012 0.049 0.170 0.168 0.371 0.210 0.092 0.133 0.571 0.170 0.061 
 153   (0.216) 0.220 0.319 0.102 0.027 0.508 0.234 0.241 0.222 0.311 0.042 0.348 0.149 0.285 0.027 
 147   (0.029) 0.027 0.041 0.003 0.002 0.003 0.022 0.022 0.009 0.006 0.005 0.005 0.027 0.016 0.048 
 145   (0.183) 0.183 0.200 0.313 0.626 0.173 0.184 0.183 0.062 0.114 0.039 0.074 0.067 0.182 0.530 
 152   (0.008) 0.007 0.003 0.002 0.001 0.001 0.005 0.005 0.003 0.002 0.001 0.001 0.001 0.003 0.001 
 143   (0.018) 0.019 0.001 0.002 0.001 0.001 0.016 0.014 0.004 0.003 0.057 0.003 0.002 0.008 0.002 

Values of parameters used in structure:
DATAFILE=temp2.str,	OUTFILE=k14/temp2_k14_run3,	NUMINDS=396,	NUMLOCI=48,	MISSING=-9,	LABEL=1,	POPDATA=1,	POPFLAG=0,	PHENOTYPE=0,	EXTRACOLS=0,	MAXPOPS=14,	BURNIN=500000,	NUMREPS=750000,	USEPOPINFO=0,	INFERALPHA=1,	INFERLAMBDA=0,	POPSPECIFICLAMBDA=0,	POPALPHAS=0,	COMPUTEPROB=1,	NOADMIX=0,	ADMBURNIN=500,	UPDATEFREQ=100,	PRINTLIKES=0,	INTERMEDSAVE=0,	PRINTKLD=0,	PRINTNET=1,	PRINTLAMBDA=1,	ANCESTDIST=0,	NUMBOXES=1000,	ANCESTPINT=0.90000,	GENSBACK=2,	MIGRPRIOR=0.01000,	PRINTQHAT=0,	PRINTQSUM=1,	ALPHA=1.0000,	FREQSCORR=1,	FPRIORMEAN=0.0100,	FPRIORSD=0.0500,	ONEFST=0,	LAMBDA=1.0000,	UNIFPRIORALPHA=1,	ALPHAMAX=10.0000,	ALPHAPRIORA=1.0000,	ALPHAPRIORB=2.0000,	ALPHAPROPSD=0.0250,	STARTATPOPINFO=0,	RANDOMIZE=0,	LINKAGE=0,	METROFREQ=10,	REPORTHITRATE=0,	MARKOVPHASE=0,	PHASED=1,	PLOIDY=2,	PHASEINFO=0	LOCPRIOR=0, 	LOCPRIORINIT=1.000000, 	LOCDATA=0, 	LOCISPOP=1, 	LOCPRIORSTEP=0.100000, 	MAXLOCPRIOR=20.000000, 	SEED=428615,	
[STRAT parameters]:    NUMSIMSTATS=1000,	PHENOTYPECOL=-9,	POOLFREQ=10,	LOCUSxONLY=0,	EMERROR=0.00100,	MISSINGPHENO=-9,	