

----------------------------------------------------
STRUCTURE by Pritchard, Stephens and Donnelly (2000)
     and Falush, Stephens and Pritchard (2003)
       Code by Pritchard, Falush and Hubisz
             Version 2.3.4 (Jul 2012)
----------------------------------------------------



Command line arguments:   structure -D 733782 -K 5 -m mainparams -o k5/temp2_k5_run2 
Input File:    temp2.str

Run parameters:
   396 individuals
   48 loci
   5 populations assumed
   500000 Burn-in period
   750000 Reps
RANDOMIZE turned off


--------------------------------------------
Proportion of membership of each pre-defined
 population in each of the 5 clusters

Given    Inferred Clusters                     Number of
 Pop       1      2      3      4      5      Individuals

  1:     0.972  0.003  0.008  0.013  0.003       63
  2:     0.964  0.006  0.011  0.016  0.002       20
  3:     0.003  0.006  0.004  0.004  0.982       35
  4:     0.970  0.003  0.007  0.016  0.003       19
  5:     0.976  0.006  0.005  0.009  0.005       31
  6:     0.983  0.003  0.004  0.006  0.004       20
  7:     0.795  0.016  0.013  0.062  0.115        8
  8:     0.974  0.006  0.004  0.014  0.003       17
  9:     0.005  0.003  0.984  0.005  0.003       29
 10:     0.003  0.973  0.003  0.003  0.018        8
 11:     0.033  0.009  0.036  0.896  0.026       21
 12:     0.025  0.009  0.013  0.932  0.021       30
 13:     0.036  0.004  0.013  0.945  0.003       25
 14:     0.036  0.004  0.008  0.946  0.007       32
 15:     0.059  0.025  0.033  0.832  0.052       34
 16:     0.049  0.004  0.009  0.908  0.030        4
--------------------------------------------

Allele-freq. divergence among pops (Net nucleotide distance),
computed using point estimates of P.

      1       2       3       4       5      
 1      -    0.1278  0.0730  0.0269  0.1259  
 2   0.1278     -    0.1266  0.1041  0.1027  
 3   0.0730  0.1266     -    0.0576  0.1107  
 4   0.0269  0.1041  0.0576     -    0.0872  
 5   0.1259  0.1027  0.1107  0.0872     -    

Average distances (expected heterozygosity) between individuals in same cluster:
cluster  1  : 0.5581 
cluster  2  : 0.5470 
cluster  3  : 0.5533 
cluster  4  : 0.6222 
cluster  5  : 0.6424 

--------------------------------------------
Estimated Ln Prob of Data   = -42978.3
Mean value of ln likelihood = -42609.5
Variance of ln likelihood   = 737.7
Mean value of alpha         = 0.0310

Mean value of Fst_1         = 0.1505
Mean value of Fst_2         = 0.2785
Mean value of Fst_3         = 0.2130
Mean value of Fst_4         = 0.0401
Mean value of Fst_5         = 0.1549


Inferred ancestry of individuals:
        Label (%Miss) Pop:  Inferred clusters
  1     2055    (0)    1 :  0.988 0.002 0.002 0.006 0.002 
  2     2056    (0)    1 :  0.981 0.005 0.006 0.005 0.003 
  3     2057    (0)    1 :  0.981 0.003 0.002 0.010 0.004 
  4     2058    (0)    1 :  0.990 0.001 0.005 0.002 0.001 
  5     2059    (0)    1 :  0.990 0.002 0.003 0.004 0.002 
  6     2060    (0)    1 :  0.990 0.004 0.002 0.004 0.001 
  7     2061    (0)    1 :  0.963 0.017 0.005 0.009 0.006 
  8     2062    (0)    1 :  0.979 0.002 0.004 0.011 0.003 
  9     2063    (0)    1 :  0.991 0.002 0.002 0.004 0.001 
 10     2064    (0)    1 :  0.991 0.002 0.002 0.003 0.001 
 11     2065    (0)    1 :  0.994 0.001 0.002 0.002 0.001 
 12     2066    (0)    1 :  0.992 0.001 0.002 0.004 0.002 
 13     2067    (0)    1 :  0.982 0.003 0.006 0.006 0.003 
 14     2068    (0)    1 :  0.913 0.009 0.039 0.035 0.003 
 15     2069    (0)    1 :  0.993 0.001 0.002 0.003 0.001 
 16     2070    (0)    1 :  0.695 0.001 0.003 0.299 0.002 
 17     2071    (0)    1 :  0.974 0.007 0.010 0.007 0.002 
 18     2072    (0)    1 :  0.985 0.007 0.003 0.003 0.002 
 19     2073    (0)    1 :  0.917 0.012 0.010 0.019 0.043 
 20     2074    (0)    1 :  0.991 0.002 0.002 0.003 0.002 
 21     2075    (0)    1 :  0.968 0.003 0.020 0.007 0.003 
 22     2076    (0)    1 :  0.994 0.001 0.002 0.002 0.001 
 23     2077    (0)    1 :  0.962 0.005 0.010 0.014 0.008 
 24     2078    (0)    1 :  0.988 0.003 0.003 0.005 0.001 
 25     2079    (0)    1 :  0.916 0.001 0.060 0.020 0.002 
 26     2080    (0)    1 :  0.918 0.003 0.047 0.011 0.020 
 27     2081    (0)    1 :  0.989 0.002 0.003 0.004 0.001 
 28     2082    (0)    1 :  0.984 0.002 0.005 0.007 0.002 
 29     2083    (0)    1 :  0.990 0.002 0.001 0.005 0.002 
 30     2084    (0)    1 :  0.980 0.002 0.007 0.008 0.002 
 31     2085    (0)    1 :  0.985 0.002 0.003 0.008 0.004 
 32     2086    (0)    1 :  0.980 0.003 0.003 0.011 0.002 
 33     2087    (0)    1 :  0.939 0.006 0.049 0.005 0.002 
 34     2088    (0)    1 :  0.946 0.003 0.015 0.034 0.002 
 35     2089    (0)    1 :  0.994 0.001 0.002 0.002 0.001 
 36     2090    (0)    1 :  0.959 0.005 0.028 0.004 0.003 
 37     2091    (0)    1 :  0.991 0.001 0.003 0.004 0.001 
 38     2092    (0)    1 :  0.977 0.001 0.016 0.004 0.001 
 39     2093    (0)    1 :  0.993 0.001 0.002 0.003 0.001 
 40     2094    (0)    1 :  0.994 0.001 0.001 0.002 0.001 
 41     2095    (0)    1 :  0.943 0.005 0.045 0.006 0.001 
 42     2096    (0)    1 :  0.993 0.001 0.002 0.003 0.001 
 43     2097    (0)    1 :  0.993 0.002 0.001 0.003 0.001 
 44     2098    (0)    1 :  0.956 0.003 0.011 0.024 0.006 
 45     2099    (0)    1 :  0.970 0.005 0.003 0.020 0.001 
 46     2100    (0)    1 :  0.976 0.002 0.004 0.016 0.003 
 47     2101    (0)    1 :  0.986 0.002 0.005 0.005 0.002 
 48     2102    (2)    1 :  0.992 0.001 0.002 0.004 0.001 
 49     2103    (0)    1 :  0.987 0.002 0.004 0.006 0.001 
 50     2104    (0)    1 :  0.968 0.001 0.002 0.028 0.001 
 51     2105    (0)    1 :  0.980 0.005 0.003 0.010 0.001 
 52     2106    (0)    1 :  0.986 0.002 0.002 0.009 0.002 
 53     2107    (0)    1 :  0.985 0.002 0.003 0.008 0.001 
 54     2108    (0)    1 :  0.980 0.004 0.005 0.009 0.002 
 55     2109    (0)    1 :  0.985 0.004 0.002 0.008 0.002 
 56     2110    (0)    1 :  0.977 0.003 0.005 0.014 0.002 
 57     2111    (0)    1 :  0.988 0.001 0.003 0.007 0.001 
 58     2112    (0)    1 :  0.990 0.003 0.003 0.003 0.001 
 59     2583    (2)    1 :  0.983 0.004 0.006 0.003 0.003 
 60     2584    (4)    1 :  0.983 0.005 0.004 0.005 0.004 
 61     2587    (2)    1 :  0.987 0.001 0.003 0.008 0.001 
 62     2590    (2)    1 :  0.982 0.009 0.002 0.004 0.003 
 63     2591    (6)    1 :  0.964 0.001 0.015 0.016 0.003 
 64      282    (0)   10 :  0.004 0.971 0.002 0.004 0.018 
 65      284    (0)   10 :  0.003 0.979 0.012 0.004 0.002 
 66      287    (0)   10 :  0.003 0.988 0.003 0.005 0.002 
 67      295    (0)   10 :  0.001 0.995 0.001 0.001 0.002 
 68      302    (0)   10 :  0.001 0.994 0.001 0.001 0.002 
 69      306    (2)   10 :  0.006 0.875 0.005 0.007 0.107 
 70      308    (0)   10 :  0.002 0.994 0.001 0.002 0.001 
 71      867    (0)   10 :  0.002 0.984 0.001 0.002 0.012 
 72      315    (0)   11 :  0.010 0.014 0.066 0.907 0.003 
 73      565    (0)   11 :  0.020 0.005 0.082 0.870 0.023 
 74      566    (2)   11 :  0.006 0.003 0.008 0.981 0.003 
 75      567    (2)   11 :  0.056 0.003 0.005 0.926 0.010 
 76      877    (0)   11 :  0.019 0.002 0.003 0.970 0.005 
 77      878    (0)   11 :  0.007 0.020 0.011 0.884 0.078 
 78      879    (0)   11 :  0.012 0.008 0.005 0.929 0.046 
 79      880    (0)   11 :  0.009 0.003 0.005 0.950 0.033 
 80      881    (0)   11 :  0.008 0.011 0.015 0.910 0.056 
 81      882    (0)   11 :  0.014 0.030 0.018 0.768 0.169 
 82      883    (0)   11 :  0.012 0.011 0.004 0.938 0.036 
 83      884    (0)   11 :  0.019 0.001 0.002 0.977 0.001 
 84      885    (0)   11 :  0.007 0.007 0.003 0.977 0.006 
 85      886    (0)   11 :  0.009 0.018 0.243 0.722 0.009 
 86      887    (0)   11 :  0.017 0.007 0.004 0.961 0.011 
 87      888    (0)   11 :  0.365 0.014 0.027 0.586 0.008 
 88      889    (0)   11 :  0.006 0.012 0.006 0.963 0.012 
 89      890    (0)   11 :  0.005 0.010 0.024 0.945 0.015 
 90      891    (0)   11 :  0.033 0.003 0.012 0.941 0.011 
 91      892    (0)   11 :  0.014 0.012 0.006 0.964 0.003 
 92      893    (0)   11 :  0.033 0.003 0.212 0.746 0.006 
 93      341    (0)   12 :  0.007 0.005 0.018 0.846 0.124 
 94      343    (0)   12 :  0.011 0.006 0.011 0.923 0.049 
 95      914    (0)   12 :  0.016 0.002 0.005 0.976 0.001 
 96      916    (0)   12 :  0.228 0.005 0.005 0.673 0.089 
 97      924    (0)   12 :  0.004 0.001 0.012 0.977 0.006 
 98      938    (0)   12 :  0.016 0.005 0.002 0.972 0.004 
 99      939    (0)   12 :  0.011 0.001 0.010 0.976 0.002 
100      940    (0)   12 :  0.004 0.004 0.002 0.985 0.005 
101      941    (2)   12 :  0.005 0.006 0.024 0.942 0.024 
102      942    (0)   12 :  0.010 0.006 0.014 0.955 0.015 
103      943    (0)   12 :  0.015 0.002 0.003 0.978 0.002 
104      944    (0)   12 :  0.024 0.003 0.003 0.969 0.001 
105      945    (0)   12 :  0.004 0.002 0.002 0.991 0.001 
106      946    (0)   12 :  0.008 0.092 0.003 0.886 0.010 
107      947    (0)   12 :  0.006 0.002 0.044 0.943 0.005 
108      951    (0)   12 :  0.005 0.004 0.012 0.936 0.043 
109      952    (0)   12 :  0.007 0.031 0.120 0.841 0.002 
110      953    (0)   12 :  0.019 0.003 0.009 0.960 0.009 
111      954    (0)   12 :  0.007 0.008 0.007 0.972 0.006 
112      955    (0)   12 :  0.004 0.012 0.014 0.958 0.012 
113      961    (4)   12 :  0.042 0.003 0.005 0.941 0.010 
114      974    (0)   12 :  0.005 0.011 0.024 0.958 0.002 
115      975    (4)   12 :  0.021 0.003 0.002 0.965 0.009 
116      980    (0)   12 :  0.008 0.002 0.012 0.973 0.004 
117      981    (0)   12 :  0.053 0.004 0.004 0.845 0.095 
118      982    (0)   12 :  0.037 0.002 0.002 0.958 0.002 
119      984    (0)   12 :  0.046 0.020 0.005 0.909 0.020 
120      985    (0)   12 :  0.011 0.006 0.013 0.958 0.013 
121     2578    (4)   12 :  0.007 0.008 0.002 0.922 0.061 
122     2580    (2)   12 :  0.106 0.015 0.005 0.863 0.011 
123      328    (0)   13 :  0.526 0.021 0.016 0.425 0.012 
124      333    (0)   13 :  0.006 0.001 0.004 0.988 0.002 
125      918    (0)   13 :  0.007 0.007 0.084 0.899 0.003 
126      919    (0)   13 :  0.013 0.002 0.004 0.980 0.002 
127      920    (0)   13 :  0.010 0.003 0.003 0.983 0.001 
128      921    (0)   13 :  0.028 0.002 0.003 0.962 0.005 
129      922    (0)   13 :  0.023 0.001 0.003 0.970 0.002 
130      926    (0)   13 :  0.004 0.002 0.002 0.991 0.001 
131      927    (0)   13 :  0.008 0.001 0.003 0.985 0.003 
132      928    (0)   13 :  0.025 0.001 0.003 0.968 0.002 
133      929    (0)   13 :  0.031 0.005 0.002 0.960 0.002 
134      930    (0)   13 :  0.010 0.005 0.003 0.980 0.002 
135      932    (0)   13 :  0.016 0.001 0.004 0.974 0.004 
136      933    (0)   13 :  0.018 0.005 0.131 0.844 0.002 
137      949    (0)   13 :  0.016 0.003 0.005 0.971 0.005 
138      950    (0)   13 :  0.005 0.002 0.007 0.984 0.002 
139      964    (4)   13 :  0.009 0.008 0.002 0.978 0.004 
140      986    (0)   13 :  0.017 0.002 0.004 0.974 0.003 
141      987    (0)   13 :  0.028 0.002 0.005 0.962 0.003 
142     1001    (4)   13 :  0.013 0.003 0.003 0.980 0.002 
143     1002    (4)   13 :  0.010 0.007 0.015 0.963 0.005 
144     1003    (2)   13 :  0.033 0.004 0.003 0.958 0.002 
145     1004    (0)   13 :  0.004 0.003 0.007 0.984 0.003 
146     1005    (0)   13 :  0.016 0.003 0.004 0.976 0.001 
147     1010    (0)   13 :  0.013 0.001 0.006 0.979 0.001 
148      321    (0)   14 :  0.011 0.003 0.004 0.981 0.002 
149      338    (0)   14 :  0.006 0.002 0.002 0.988 0.002 
150      339    (0)   14 :  0.032 0.003 0.007 0.946 0.011 
151      363    (0)   14 :  0.004 0.013 0.005 0.967 0.011 
152      915    (0)   14 :  0.025 0.002 0.003 0.969 0.001 
153      917    (0)   14 :  0.004 0.001 0.003 0.990 0.002 
154      923    (0)   14 :  0.011 0.007 0.009 0.970 0.003 
155      925    (0)   14 :  0.009 0.003 0.007 0.980 0.002 
156      931    (0)   14 :  0.004 0.002 0.005 0.988 0.002 
157      935    (0)   14 :  0.008 0.002 0.004 0.984 0.002 
158      936    (0)   14 :  0.003 0.003 0.006 0.984 0.004 
159      937    (0)   14 :  0.004 0.001 0.002 0.992 0.002 
160      948    (0)   14 :  0.007 0.003 0.011 0.973 0.006 
161      956    (0)   14 :  0.012 0.001 0.002 0.982 0.002 
162      957    (0)   14 :  0.003 0.002 0.002 0.990 0.003 
163      967    (0)   14 :  0.004 0.002 0.003 0.990 0.001 
164      968    (2)   14 :  0.010 0.002 0.006 0.978 0.003 
165      969    (2)   14 :  0.009 0.002 0.009 0.977 0.003 
166      970    (2)   14 :  0.004 0.011 0.004 0.976 0.004 
167      971    (4)   14 :  0.012 0.002 0.003 0.982 0.002 
168      972    (0)   14 :  0.005 0.007 0.006 0.979 0.002 
169      973    (0)   14 :  0.010 0.004 0.015 0.935 0.036 
170      978    (0)   14 :  0.008 0.003 0.047 0.937 0.005 
171      979    (0)   14 :  0.597 0.003 0.002 0.311 0.086 
172      988    (6)   14 :  0.018 0.002 0.003 0.970 0.007 
173      989    (0)   14 :  0.012 0.003 0.004 0.979 0.002 
174      990    (0)   14 :  0.011 0.007 0.019 0.960 0.003 
175      991    (0)   14 :  0.003 0.001 0.005 0.988 0.002 
176      992    (0)   14 :  0.007 0.012 0.003 0.975 0.003 
177     1006    (2)   14 :  0.024 0.002 0.015 0.957 0.002 
178     1017    (0)   14 :  0.212 0.003 0.012 0.769 0.004 
179     2582    (4)   14 :  0.053 0.009 0.024 0.912 0.002 
180      319    (2)   15 :  0.012 0.003 0.009 0.968 0.009 
181      335    (0)   15 :  0.014 0.024 0.038 0.901 0.022 
182      895    (0)   15 :  0.011 0.011 0.006 0.782 0.191 
183      896    (0)   15 :  0.022 0.017 0.003 0.949 0.008 
184      897    (0)   15 :  0.008 0.003 0.009 0.972 0.008 
185      898    (0)   15 :  0.006 0.002 0.004 0.985 0.004 
186      899    (0)   15 :  0.326 0.005 0.007 0.640 0.022 
187      900    (0)   15 :  0.019 0.032 0.105 0.833 0.010 
188      901    (0)   15 :  0.433 0.004 0.037 0.380 0.147 
189      902    (0)   15 :  0.058 0.017 0.003 0.789 0.134 
190      903    (0)   15 :  0.010 0.145 0.005 0.830 0.009 
191      904    (0)   15 :  0.017 0.010 0.002 0.968 0.002 
192      905    (0)   15 :  0.482 0.017 0.004 0.219 0.279 
193      906    (0)   15 :  0.005 0.006 0.006 0.885 0.097 
194      907    (0)   15 :  0.026 0.017 0.010 0.789 0.158 
195      908    (0)   15 :  0.023 0.004 0.015 0.954 0.003 
196      909    (0)   15 :  0.013 0.004 0.228 0.750 0.005 
197      910    (0)   15 :  0.011 0.002 0.045 0.749 0.192 
198      911    (0)   15 :  0.021 0.012 0.089 0.867 0.011 
199      912    (0)   15 :  0.006 0.008 0.002 0.978 0.006 
200      913    (0)   15 :  0.040 0.092 0.045 0.819 0.005 
201     2411    (0)   15 :  0.011 0.009 0.009 0.952 0.019 
202     2412    (0)   15 :  0.008 0.010 0.005 0.974 0.002 
203     2413    (0)   15 :  0.144 0.016 0.059 0.556 0.225 
204     2414    (0)   15 :  0.014 0.007 0.002 0.964 0.013 
205     2415    (2)   15 :  0.021 0.003 0.013 0.959 0.003 
206     2417    (4)   15 :  0.086 0.005 0.007 0.886 0.016 
207     2418    (4)   15 :  0.016 0.005 0.010 0.892 0.077 
208     2419    (2)   15 :  0.006 0.002 0.007 0.982 0.003 
209     2420    (0)   15 :  0.004 0.167 0.008 0.810 0.011 
210     2421    (0)   15 :  0.005 0.005 0.007 0.976 0.007 
211     2422    (2)   15 :  0.013 0.006 0.277 0.684 0.020 
212     2423    (0)   15 :  0.092 0.015 0.022 0.834 0.037 
213     2576    (0)   15 :  0.020 0.153 0.011 0.796 0.020 
214     1079    (0)   16 :  0.026 0.002 0.004 0.955 0.013 
215     1081    (0)   16 :  0.059 0.003 0.008 0.928 0.003 
216     1082    (2)   16 :  0.022 0.006 0.013 0.859 0.099 
217     1083    (0)   16 :  0.089 0.005 0.010 0.890 0.006 
218       34    (0)    2 :  0.986 0.002 0.002 0.006 0.004 
219       38    (0)    2 :  0.917 0.006 0.042 0.027 0.007 
220       41    (0)    2 :  0.992 0.001 0.002 0.003 0.001 
221       44    (0)    2 :  0.991 0.001 0.003 0.003 0.001 
222       45    (0)    2 :  0.992 0.002 0.002 0.003 0.001 
223       47    (0)    2 :  0.707 0.023 0.078 0.189 0.002 
224       50    (0)    2 :  0.968 0.012 0.003 0.011 0.006 
225      384    (0)    2 :  0.984 0.003 0.003 0.008 0.002 
226      385    (2)    2 :  0.973 0.009 0.006 0.009 0.004 
227      386    (0)    2 :  0.993 0.001 0.003 0.003 0.001 
228      387    (0)    2 :  0.987 0.002 0.006 0.005 0.001 
229      388    (0)    2 :  0.989 0.001 0.005 0.003 0.001 
230      389    (0)    2 :  0.989 0.002 0.004 0.004 0.001 
231      390    (4)    2 :  0.927 0.033 0.020 0.016 0.004 
232      391    (0)    2 :  0.981 0.002 0.006 0.009 0.001 
233      392    (0)    2 :  0.990 0.001 0.002 0.005 0.001 
234      393    (2)    2 :  0.982 0.002 0.010 0.004 0.001 
235      394    (0)    2 :  0.993 0.002 0.002 0.003 0.001 
236      395    (0)    2 :  0.960 0.012 0.009 0.012 0.007 
237      396    (0)    2 :  0.976 0.008 0.010 0.004 0.002 
238     2470    (4)    3 :  0.002 0.002 0.002 0.002 0.992 
239     2471    (0)    3 :  0.003 0.006 0.003 0.003 0.985 
240     2472    (0)    3 :  0.002 0.010 0.003 0.004 0.981 
241     2484    (0)    3 :  0.002 0.007 0.025 0.003 0.963 
242     2486    (2)    3 :  0.002 0.004 0.002 0.002 0.990 
243     2487    (2)    3 :  0.003 0.003 0.007 0.005 0.981 
244     2489    (0)    3 :  0.004 0.002 0.002 0.006 0.986 
245     2596    (2)    3 :  0.002 0.003 0.013 0.006 0.976 
246     1366    (0)    3 :  0.002 0.003 0.001 0.002 0.991 
247     1367    (0)    3 :  0.003 0.002 0.002 0.002 0.990 
248     1368    (0)    3 :  0.008 0.007 0.015 0.011 0.959 
249     1369    (0)    3 :  0.004 0.031 0.004 0.005 0.956 
250     1370    (0)    3 :  0.002 0.005 0.002 0.003 0.988 
251     1371    (0)    3 :  0.002 0.002 0.003 0.002 0.991 
252     1372    (0)    3 :  0.003 0.004 0.003 0.003 0.987 
253     1373    (0)    3 :  0.004 0.011 0.003 0.004 0.978 
254     1374    (0)    3 :  0.001 0.003 0.004 0.002 0.989 
255     1375    (0)    3 :  0.001 0.004 0.003 0.002 0.990 
256     2476    (0)    3 :  0.007 0.048 0.004 0.003 0.939 
257     2478    (2)    3 :  0.002 0.004 0.002 0.004 0.989 
258     2479    (4)    3 :  0.002 0.003 0.002 0.002 0.991 
259     2481    (0)    3 :  0.004 0.003 0.003 0.007 0.983 
260     2483    (4)    3 :  0.002 0.005 0.002 0.002 0.989 
261     2485    (0)    3 :  0.001 0.002 0.002 0.002 0.992 
262     2488    (0)    3 :  0.001 0.003 0.002 0.002 0.992 
263     2490    (0)    3 :  0.003 0.002 0.003 0.002 0.990 
264     2492    (2)    3 :  0.002 0.004 0.003 0.002 0.989 
265     2493    (0)    3 :  0.010 0.001 0.007 0.013 0.968 
266     2494    (2)    3 :  0.005 0.003 0.001 0.005 0.986 
267     2495    (0)    3 :  0.020 0.004 0.010 0.024 0.941 
268     2496    (0)    3 :  0.001 0.001 0.002 0.002 0.993 
269     2497    (2)    3 :  0.002 0.007 0.002 0.002 0.988 
270     2592    (2)    3 :  0.003 0.002 0.002 0.001 0.992 
271     2593    (4)    3 :  0.002 0.002 0.002 0.002 0.992 
272     2595    (2)    3 :  0.002 0.002 0.003 0.002 0.991 
273     2498    (2)    4 :  0.979 0.004 0.006 0.006 0.004 
274     2513    (2)    4 :  0.983 0.001 0.009 0.005 0.002 
275     2514    (2)    4 :  0.957 0.002 0.004 0.029 0.008 
276     2597    (4)    4 :  0.977 0.007 0.003 0.011 0.002 
277     2499    (4)    4 :  0.965 0.004 0.009 0.020 0.002 
278     2500    (0)    4 :  0.979 0.004 0.006 0.004 0.008 
279     2506    (2)    4 :  0.987 0.003 0.003 0.004 0.003 
280     2509    (6)    4 :  0.924 0.009 0.031 0.030 0.005 
281     2511    (2)    4 :  0.988 0.001 0.004 0.004 0.002 
282     2512    (2)    4 :  0.987 0.005 0.002 0.004 0.002 
283     2515    (2)    4 :  0.993 0.002 0.002 0.002 0.001 
284     2516    (2)    4 :  0.981 0.001 0.002 0.015 0.001 
285     2517    (2)    4 :  0.985 0.002 0.002 0.008 0.003 
286     2518    (2)    4 :  0.971 0.003 0.008 0.016 0.003 
287     2519    (0)    4 :  0.876 0.003 0.028 0.086 0.007 
288     2520    (2)    4 :  0.992 0.002 0.001 0.003 0.002 
289     2521    (2)    4 :  0.946 0.002 0.002 0.047 0.002 
290     2603    (4)    4 :  0.982 0.003 0.003 0.008 0.004 
291     2606    (2)    4 :  0.984 0.004 0.002 0.008 0.002 
292       87    (0)    5 :  0.954 0.007 0.012 0.021 0.005 
293       88    (0)    5 :  0.991 0.001 0.003 0.003 0.001 
294       90    (0)    5 :  0.994 0.001 0.001 0.002 0.001 
295       92    (0)    5 :  0.980 0.002 0.003 0.012 0.003 
296       96    (0)    5 :  0.972 0.002 0.016 0.009 0.002 
297       97    (0)    5 :  0.990 0.001 0.002 0.005 0.002 
298      105    (0)    5 :  0.985 0.003 0.005 0.005 0.002 
299      120    (0)    5 :  0.935 0.038 0.004 0.012 0.012 
300      123    (0)    5 :  0.992 0.001 0.003 0.003 0.001 
301      128    (0)    5 :  0.990 0.002 0.003 0.004 0.002 
302      129    (0)    5 :  0.976 0.002 0.006 0.014 0.002 
303      132    (0)    5 :  0.986 0.003 0.002 0.006 0.002 
304      504    (0)    5 :  0.988 0.001 0.003 0.006 0.001 
305      505    (0)    5 :  0.989 0.001 0.003 0.005 0.002 
306      506    (0)    5 :  0.970 0.002 0.002 0.006 0.019 
307      507    (0)    5 :  0.982 0.003 0.003 0.010 0.002 
308      508    (0)    5 :  0.933 0.034 0.003 0.025 0.005 
309      509    (0)    5 :  0.970 0.003 0.002 0.016 0.008 
310      510    (0)    5 :  0.960 0.004 0.005 0.028 0.003 
311      511    (0)    5 :  0.968 0.002 0.021 0.006 0.003 
312      512    (0)    5 :  0.988 0.002 0.004 0.004 0.002 
313      513    (0)    5 :  0.991 0.003 0.002 0.003 0.002 
314      514    (0)    5 :  0.981 0.002 0.009 0.006 0.002 
315      515    (0)    5 :  0.942 0.016 0.004 0.022 0.017 
316      558    (0)    5 :  0.984 0.004 0.002 0.009 0.001 
317      559    (0)    5 :  0.993 0.002 0.001 0.002 0.002 
318      560    (0)    5 :  0.986 0.006 0.005 0.003 0.001 
319      561    (0)    5 :  0.989 0.003 0.003 0.003 0.002 
320      562    (0)    5 :  0.983 0.002 0.002 0.010 0.003 
321      563    (0)    5 :  0.945 0.010 0.006 0.010 0.029 
322      564    (0)    5 :  0.981 0.007 0.002 0.007 0.003 
323      136    (0)    6 :  0.983 0.001 0.004 0.005 0.007 
324      138    (0)    6 :  0.987 0.003 0.003 0.005 0.002 
325      140    (0)    6 :  0.982 0.002 0.007 0.008 0.001 
326      141    (0)    6 :  0.973 0.005 0.005 0.015 0.002 
327      144    (0)    6 :  0.976 0.002 0.015 0.004 0.003 
328      146    (0)    6 :  0.990 0.002 0.003 0.003 0.001 
329      148    (0)    6 :  0.991 0.002 0.001 0.004 0.001 
330      150    (0)    6 :  0.986 0.006 0.002 0.005 0.002 
331      152    (0)    6 :  0.993 0.001 0.002 0.003 0.001 
332      666    (0)    6 :  0.990 0.002 0.002 0.005 0.002 
333      667    (0)    6 :  0.987 0.001 0.002 0.008 0.002 
334      668    (0)    6 :  0.979 0.008 0.003 0.007 0.003 
335      669    (0)    6 :  0.989 0.003 0.001 0.004 0.003 
336      670    (0)    6 :  0.958 0.011 0.002 0.027 0.002 
337      684    (0)    6 :  0.991 0.002 0.002 0.003 0.001 
338      685    (0)    6 :  0.979 0.006 0.004 0.004 0.008 
339      686    (0)    6 :  0.990 0.002 0.003 0.004 0.002 
340      687    (0)    6 :  0.989 0.001 0.005 0.004 0.001 
341      688    (2)    6 :  0.991 0.002 0.003 0.003 0.001 
342      689    (0)    6 :  0.956 0.004 0.006 0.007 0.027 
343      165    (0)    7 :  0.978 0.002 0.003 0.012 0.004 
344      167    (0)    7 :  0.878 0.058 0.003 0.059 0.002 
345      170    (0)    7 :  0.977 0.003 0.009 0.007 0.003 
346      714    (0)    7 :  0.987 0.003 0.001 0.006 0.003 
347      715    (2)    7 :  0.816 0.030 0.004 0.092 0.059 
348      716    (0)    7 :  0.984 0.003 0.003 0.008 0.003 
349      717    (2)    7 :  0.732 0.021 0.010 0.218 0.019 
350     2346    (2)    7 :  0.010 0.005 0.068 0.090 0.825 
351      718    (0)    8 :  0.977 0.010 0.004 0.007 0.002 
352      719    (0)    8 :  0.963 0.005 0.009 0.020 0.003 
353      720    (0)    8 :  0.990 0.001 0.001 0.006 0.002 
354      721    (0)    8 :  0.944 0.015 0.015 0.019 0.007 
355      722    (0)    8 :  0.988 0.003 0.002 0.006 0.001 
356      723    (0)    8 :  0.989 0.001 0.003 0.006 0.001 
357      724    (0)    8 :  0.988 0.004 0.002 0.004 0.001 
358      725    (0)    8 :  0.987 0.003 0.004 0.004 0.002 
359      726    (0)    8 :  0.965 0.003 0.003 0.021 0.008 
360      727    (0)    8 :  0.992 0.002 0.002 0.003 0.001 
361      728    (2)    8 :  0.982 0.004 0.002 0.010 0.002 
362      729    (0)    8 :  0.931 0.007 0.004 0.056 0.002 
363      730    (0)    8 :  0.929 0.021 0.003 0.043 0.004 
364      731    (0)    8 :  0.979 0.004 0.006 0.009 0.002 
365      732    (0)    8 :  0.986 0.002 0.003 0.007 0.002 
366      733    (0)    8 :  0.983 0.008 0.003 0.006 0.001 
367      734    (0)    8 :  0.993 0.002 0.002 0.003 0.001 
368      189    (0)    9 :  0.014 0.007 0.964 0.012 0.002 
369      190    (0)    9 :  0.002 0.002 0.991 0.002 0.002 
370      193    (0)    9 :  0.003 0.001 0.988 0.004 0.003 
371      761    (0)    9 :  0.002 0.001 0.993 0.003 0.001 
372      762    (0)    9 :  0.004 0.002 0.988 0.005 0.002 
373      763    (0)    9 :  0.004 0.003 0.987 0.004 0.002 
374      764    (0)    9 :  0.003 0.002 0.990 0.003 0.001 
375      765    (0)    9 :  0.004 0.001 0.988 0.004 0.002 
376      778    (0)    9 :  0.026 0.013 0.934 0.016 0.010 
377      779    (0)    9 :  0.005 0.002 0.986 0.004 0.002 
378      780    (0)    9 :  0.002 0.002 0.991 0.003 0.002 
379      781    (0)    9 :  0.003 0.014 0.979 0.002 0.002 
380      782    (0)    9 :  0.010 0.002 0.981 0.004 0.003 
381      783    (0)    9 :  0.001 0.001 0.995 0.001 0.001 
382      784    (0)    9 :  0.003 0.001 0.990 0.004 0.001 
383      785    (0)    9 :  0.004 0.004 0.985 0.005 0.002 
384      786    (0)    9 :  0.003 0.001 0.990 0.004 0.002 
385      787    (0)    9 :  0.004 0.002 0.990 0.003 0.001 
386      788    (0)    9 :  0.014 0.005 0.962 0.016 0.004 
387      789    (0)    9 :  0.004 0.002 0.960 0.006 0.029 
388      790    (0)    9 :  0.004 0.005 0.985 0.005 0.002 
389      791    (0)    9 :  0.007 0.002 0.984 0.005 0.002 
390      792    (0)    9 :  0.002 0.003 0.991 0.002 0.002 
391      793    (0)    9 :  0.005 0.002 0.986 0.005 0.002 
392      794    (0)    9 :  0.003 0.003 0.986 0.006 0.002 
393      795    (0)    9 :  0.003 0.002 0.986 0.004 0.004 
394      796    (0)    9 :  0.002 0.002 0.990 0.002 0.004 
395      797    (0)    9 :  0.002 0.002 0.992 0.003 0.001 
396      798    (0)    9 :  0.005 0.001 0.988 0.004 0.001 


Estimated Allele Frequencies in each cluster
First column gives estimated ancestral frequencies


Locus 1 : 1 
4 alleles
0.0% missing data
  89   (0.438) 0.578 0.067 0.633 0.536 0.301 
  91   (0.430) 0.354 0.739 0.313 0.398 0.650 
  99   (0.034) 0.001 0.143 0.002 0.019 0.002 
  93   (0.098) 0.067 0.051 0.053 0.047 0.047 

Locus 2 : 2 
6 alleles
1.3% missing data
 136   (0.300) 0.551 0.216 0.457 0.217 0.458 
 134   (0.225) 0.158 0.033 0.370 0.254 0.198 
 138   (0.324) 0.234 0.731 0.164 0.378 0.222 
 140   (0.084) 0.057 0.013 0.005 0.068 0.107 
 132   (0.025) 0.000 0.003 0.001 0.027 0.002 
 142   (0.042) 0.001 0.005 0.002 0.056 0.014 

Locus 3 : 3 
6 alleles
0.0% missing data
 181   (0.240) 0.211 0.194 0.077 0.270 0.084 
 187   (0.365) 0.511 0.749 0.268 0.280 0.372 
 179   (0.166) 0.257 0.025 0.010 0.249 0.061 
 191   (0.061) 0.018 0.009 0.202 0.018 0.015 
 185   (0.099) 0.002 0.013 0.439 0.088 0.252 
 175   (0.068) 0.001 0.009 0.004 0.095 0.217 

Locus 4 : 4 
10 alleles
0.0% missing data
 253   (0.420) 0.700 0.502 0.462 0.545 0.185 
 249   (0.047) 0.064 0.006 0.003 0.013 0.068 
 271   (0.060) 0.031 0.008 0.004 0.032 0.113 
 241   (0.179) 0.074 0.239 0.150 0.133 0.504 
 257   (0.015) 0.001 0.002 0.001 0.003 0.001 
 269   (0.154) 0.127 0.226 0.106 0.183 0.023 
 247   (0.068) 0.001 0.009 0.270 0.077 0.032 
 239   (0.015) 0.000 0.002 0.002 0.004 0.001 
 245   (0.022) 0.000 0.003 0.001 0.004 0.066 
 273   (0.018) 0.000 0.003 0.001 0.006 0.008 

Locus 5 : 5 
7 alleles
0.8% missing data
 103   (0.790) 0.988 0.959 0.957 0.859 0.736 
 104   (0.070) 0.009 0.015 0.004 0.063 0.065 
 105   (0.052) 0.001 0.007 0.003 0.052 0.168 
 102   (0.023) 0.000 0.011 0.002 0.015 0.002 
 101   (0.024) 0.000 0.003 0.016 0.005 0.002 
 107   (0.024) 0.000 0.003 0.001 0.005 0.026 
  99   (0.016) 0.000 0.002 0.015 0.001 0.001 

Locus 6 : 6 
5 alleles
0.3% missing data
 141   (0.272) 0.544 0.039 0.140 0.284 0.133 
 145   (0.302) 0.183 0.376 0.260 0.485 0.022 
 135   (0.303) 0.209 0.559 0.287 0.194 0.633 
 147   (0.102) 0.064 0.022 0.312 0.034 0.132 
 137   (0.022) 0.000 0.003 0.001 0.003 0.080 

Locus 7 : 7 
10 alleles
1.0% missing data
  93   (0.242) 0.351 0.707 0.074 0.244 0.129 
 103   (0.200) 0.373 0.031 0.491 0.314 0.014 
  91   (0.099) 0.029 0.079 0.161 0.047 0.061 
  97   (0.212) 0.154 0.143 0.260 0.177 0.270 
  85   (0.044) 0.039 0.006 0.003 0.032 0.003 
  89   (0.108) 0.053 0.019 0.006 0.111 0.310 
  83   (0.032) 0.001 0.005 0.002 0.064 0.002 
 105   (0.028) 0.000 0.004 0.002 0.008 0.078 
  99   (0.016) 0.000 0.002 0.001 0.001 0.012 
 101   (0.018) 0.000 0.002 0.001 0.001 0.120 

Locus 8 : 8 
8 alleles
0.0% missing data
 129   (0.471) 0.664 0.145 0.641 0.600 0.325 
 141   (0.072) 0.097 0.014 0.197 0.039 0.005 
 149   (0.112) 0.119 0.014 0.018 0.080 0.277 
 143   (0.254) 0.118 0.730 0.136 0.251 0.304 
 127   (0.033) 0.001 0.044 0.002 0.006 0.085 
 131   (0.023) 0.000 0.046 0.003 0.005 0.002 
 145   (0.016) 0.000 0.002 0.002 0.004 0.001 
 133   (0.021) 0.000 0.002 0.001 0.015 0.001 

Locus 9 : 9 
4 alleles
0.0% missing data
 191   (0.368) 0.567 0.278 0.539 0.334 0.321 
 195   (0.210) 0.162 0.385 0.061 0.170 0.330 
 189   (0.406) 0.268 0.335 0.398 0.495 0.348 
 193   (0.016) 0.003 0.002 0.001 0.001 0.001 

Locus 10 : 10 
7 alleles
0.3% missing data
 232   (0.226) 0.305 0.189 0.271 0.204 0.139 
 238   (0.524) 0.547 0.409 0.344 0.672 0.724 
 252   (0.095) 0.129 0.023 0.038 0.080 0.019 
 254   (0.082) 0.018 0.365 0.260 0.019 0.080 
 250   (0.025) 0.000 0.003 0.002 0.007 0.034 
 248   (0.032) 0.001 0.007 0.084 0.013 0.003 
 236   (0.016) 0.000 0.004 0.002 0.004 0.001 

Locus 11 : 11 
4 alleles
0.0% missing data
  87   (0.681) 0.625 0.955 0.536 0.794 0.526 
  89   (0.211) 0.321 0.031 0.379 0.172 0.158 
  91   (0.089) 0.055 0.012 0.084 0.032 0.172 
  85   (0.019) 0.000 0.002 0.001 0.002 0.145 

Locus 12 : 12 
12 alleles
0.3% missing data
 160   (0.274) 0.131 0.592 0.707 0.225 0.403 
 162   (0.176) 0.224 0.075 0.237 0.266 0.013 
 147   (0.047) 0.148 0.006 0.003 0.034 0.003 
 158   (0.171) 0.462 0.026 0.021 0.226 0.099 
 161   (0.123) 0.023 0.141 0.020 0.105 0.272 
 170   (0.059) 0.009 0.008 0.004 0.052 0.032 
 143   (0.045) 0.001 0.137 0.002 0.015 0.164 
 149   (0.027) 0.000 0.003 0.002 0.039 0.002 
 154   (0.027) 0.001 0.005 0.002 0.016 0.010 
 150   (0.016) 0.000 0.002 0.001 0.005 0.001 
 159   (0.020) 0.000 0.002 0.001 0.012 0.001 
 164   (0.016) 0.000 0.003 0.001 0.005 0.001 

Locus 13 : 13 
4 alleles
0.0% missing data
 108   (0.211) 0.174 0.327 0.200 0.143 0.287 
 115   (0.396) 0.544 0.089 0.292 0.481 0.373 
 113   (0.377) 0.282 0.581 0.507 0.372 0.339 
 109   (0.016) 0.000 0.002 0.001 0.005 0.002 

Locus 14 : 14 
5 alleles
0.8% missing data
 227   (0.149) 0.256 0.212 0.021 0.211 0.011 
 231   (0.160) 0.096 0.335 0.350 0.071 0.353 
 229   (0.447) 0.479 0.113 0.410 0.564 0.475 
 225   (0.150) 0.078 0.240 0.212 0.104 0.064 
 233   (0.093) 0.091 0.100 0.006 0.050 0.098 

Locus 15 : 15 
5 alleles
0.5% missing data
 143   (0.770) 0.966 0.757 0.820 0.854 0.621 
 157   (0.018) 0.014 0.002 0.001 0.002 0.001 
 145   (0.108) 0.018 0.226 0.007 0.083 0.192 
 147   (0.073) 0.001 0.010 0.140 0.050 0.183 
 133   (0.031) 0.000 0.004 0.033 0.012 0.003 

Locus 16 : 16 
5 alleles
0.3% missing data
 156   (0.271) 0.263 0.594 0.495 0.224 0.172 
 158   (0.429) 0.526 0.210 0.205 0.577 0.327 
 160   (0.153) 0.174 0.020 0.115 0.134 0.131 
 154   (0.129) 0.038 0.174 0.185 0.057 0.369 
 152   (0.018) 0.000 0.002 0.001 0.008 0.001 

Locus 17 : 17 
5 alleles
0.0% missing data
 102   (0.199) 0.222 0.032 0.201 0.226 0.051 
  90   (0.627) 0.733 0.611 0.787 0.673 0.356 
  88   (0.099) 0.043 0.014 0.007 0.069 0.419 
 100   (0.058) 0.001 0.340 0.003 0.026 0.173 
 104   (0.017) 0.000 0.002 0.001 0.005 0.001 

Locus 18 : 18 
8 alleles
0.3% missing data
 142   (0.104) 0.409 0.016 0.007 0.123 0.030 
 146   (0.095) 0.152 0.013 0.221 0.092 0.007 
 140   (0.250) 0.143 0.320 0.182 0.265 0.306 
 127   (0.229) 0.173 0.450 0.065 0.273 0.162 
 148   (0.115) 0.056 0.016 0.216 0.092 0.075 
 128   (0.063) 0.045 0.097 0.004 0.015 0.206 
 138   (0.057) 0.021 0.075 0.004 0.045 0.004 
 150   (0.087) 0.001 0.011 0.302 0.095 0.209 

Locus 19 : 19 
7 alleles
0.3% missing data
 188   (0.139) 0.138 0.020 0.171 0.186 0.011 
 190   (0.169) 0.370 0.023 0.202 0.146 0.049 
 194   (0.551) 0.490 0.939 0.482 0.556 0.558 
 200   (0.070) 0.001 0.009 0.004 0.101 0.294 
 202   (0.037) 0.001 0.005 0.139 0.006 0.046 
 196   (0.016) 0.000 0.003 0.002 0.003 0.004 
 198   (0.017) 0.000 0.002 0.001 0.001 0.038 

Locus 20 : 20 
6 alleles
0.8% missing data
 252   (0.522) 0.819 0.361 0.717 0.766 0.083 
 250   (0.144) 0.093 0.318 0.142 0.057 0.417 
 244   (0.041) 0.014 0.006 0.003 0.010 0.041 
 254   (0.126) 0.030 0.104 0.085 0.070 0.245 
 246   (0.133) 0.035 0.206 0.052 0.082 0.211 
 248   (0.034) 0.010 0.004 0.002 0.015 0.003 

Locus 21 : 21 
7 alleles
0.0% missing data
 173   (0.290) 0.323 0.137 0.214 0.377 0.204 
 177   (0.225) 0.324 0.262 0.172 0.278 0.050 
 175   (0.158) 0.032 0.450 0.253 0.099 0.476 
 167   (0.173) 0.307 0.126 0.125 0.151 0.075 
 163   (0.064) 0.003 0.009 0.214 0.032 0.110 
 159   (0.024) 0.000 0.003 0.001 0.025 0.002 
 165   (0.067) 0.010 0.013 0.022 0.038 0.082 

Locus 22 : 22 
11 alleles
1.0% missing data
 146   (0.170) 0.259 0.076 0.140 0.255 0.013 
 154   (0.018) 0.053 0.002 0.001 0.002 0.001 
 166   (0.077) 0.060 0.124 0.004 0.082 0.006 
 152   (0.375) 0.586 0.452 0.375 0.492 0.123 
 150   (0.063) 0.009 0.093 0.004 0.025 0.105 
 164   (0.046) 0.017 0.007 0.003 0.014 0.067 
 148   (0.018) 0.000 0.211 0.001 0.002 0.001 
 158   (0.101) 0.014 0.016 0.106 0.064 0.421 
 162   (0.061) 0.001 0.009 0.072 0.041 0.134 
 142   (0.031) 0.000 0.004 0.002 0.015 0.030 
 156   (0.039) 0.001 0.005 0.291 0.008 0.098 

Locus 23 : 23 
7 alleles
0.5% missing data
 152   (0.023) 0.060 0.003 0.001 0.003 0.002 
 156   (0.127) 0.044 0.019 0.039 0.105 0.401 
 144   (0.242) 0.169 0.539 0.621 0.176 0.241 
 160   (0.115) 0.185 0.017 0.109 0.100 0.020 
 154   (0.426) 0.535 0.387 0.225 0.588 0.197 
 158   (0.050) 0.006 0.007 0.003 0.021 0.138 
 146   (0.018) 0.000 0.028 0.001 0.006 0.001 

Locus 24 : 24 
4 alleles
0.3% missing data
  77   (0.094) 0.260 0.014 0.054 0.073 0.006 
  83   (0.514) 0.495 0.699 0.921 0.419 0.593 
  81   (0.307) 0.217 0.274 0.020 0.419 0.368 
  85   (0.084) 0.027 0.013 0.006 0.089 0.033 

Locus 25 : 25 
6 alleles
0.3% missing data
 132   (0.273) 0.480 0.199 0.450 0.331 0.025 
 124   (0.515) 0.451 0.392 0.537 0.552 0.486 
 126   (0.045) 0.049 0.012 0.003 0.012 0.015 
 122   (0.104) 0.018 0.044 0.006 0.085 0.444 
 120   (0.039) 0.001 0.350 0.002 0.010 0.026 
 136   (0.024) 0.001 0.003 0.002 0.011 0.005 

Locus 26 : 26 
7 alleles
0.0% missing data
 165   (0.225) 0.152 0.310 0.060 0.249 0.114 
 183   (0.357) 0.539 0.326 0.424 0.329 0.217 
 179   (0.126) 0.063 0.319 0.007 0.085 0.283 
 175   (0.199) 0.245 0.030 0.435 0.305 0.016 
 181   (0.059) 0.001 0.010 0.072 0.025 0.259 
 157   (0.016) 0.000 0.002 0.001 0.005 0.001 
 185   (0.018) 0.000 0.002 0.001 0.002 0.111 

Locus 27 : 27 
4 alleles
0.0% missing data
 142   (0.606) 0.681 0.347 0.736 0.692 0.519 
 148   (0.201) 0.108 0.626 0.075 0.152 0.254 
 138   (0.059) 0.196 0.008 0.004 0.019 0.054 
 150   (0.134) 0.015 0.019 0.186 0.137 0.172 

Locus 28 : 28 
6 alleles
1.0% missing data
 260   (0.356) 0.370 0.086 0.373 0.458 0.230 
 262   (0.492) 0.618 0.890 0.550 0.434 0.681 
 256   (0.092) 0.011 0.016 0.073 0.070 0.085 
 258   (0.020) 0.000 0.003 0.001 0.012 0.001 
 264   (0.023) 0.000 0.003 0.001 0.023 0.002 
 266   (0.016) 0.000 0.002 0.001 0.005 0.001 

Locus 29 : 29 
7 alleles
0.5% missing data
 146   (0.237) 0.191 0.040 0.336 0.251 0.310 
 150   (0.388) 0.621 0.161 0.298 0.492 0.234 
 140   (0.211) 0.111 0.774 0.064 0.174 0.389 
 148   (0.097) 0.067 0.015 0.298 0.053 0.044 
 152   (0.034) 0.001 0.005 0.003 0.028 0.021 
 151   (0.017) 0.006 0.003 0.001 0.001 0.001 
 142   (0.016) 0.003 0.003 0.001 0.001 0.001 

Locus 30 : 30 
6 alleles
0.3% missing data
 125   (0.233) 0.452 0.165 0.029 0.218 0.153 
 129   (0.414) 0.490 0.238 0.780 0.484 0.084 
 123   (0.167) 0.054 0.025 0.105 0.182 0.116 
 121   (0.024) 0.000 0.056 0.002 0.004 0.002 
 127   (0.110) 0.002 0.508 0.080 0.065 0.502 
 131   (0.052) 0.001 0.008 0.003 0.046 0.143 

Locus 31 : 31 
6 alleles
0.3% missing data
 159   (0.148) 0.136 0.020 0.009 0.200 0.193 
 155   (0.504) 0.697 0.576 0.700 0.510 0.418 
 157   (0.167) 0.099 0.142 0.024 0.204 0.072 
 153   (0.108) 0.062 0.091 0.007 0.069 0.303 
 151   (0.057) 0.004 0.168 0.258 0.014 0.013 
 163   (0.016) 0.002 0.002 0.002 0.002 0.001 

Locus 32 : 32 
5 alleles
1.0% missing data
  91   (0.379) 0.582 0.547 0.153 0.445 0.254 
  94   (0.070) 0.055 0.010 0.005 0.054 0.033 
  95   (0.205) 0.106 0.297 0.405 0.152 0.230 
  92   (0.331) 0.256 0.144 0.436 0.347 0.470 
  90   (0.016) 0.000 0.002 0.001 0.001 0.013 

Locus 33 : 33 
5 alleles
0.0% missing data
 146   (0.324) 0.073 0.569 0.306 0.329 0.641 
 150   (0.519) 0.854 0.406 0.640 0.571 0.249 
 148   (0.089) 0.072 0.013 0.050 0.045 0.044 
 154   (0.045) 0.001 0.010 0.003 0.036 0.065 
 152   (0.023) 0.000 0.003 0.001 0.019 0.001 

Locus 34 : 34 
7 alleles
0.0% missing data
 180   (0.421) 0.565 0.699 0.660 0.406 0.360 
 196   (0.097) 0.178 0.014 0.006 0.113 0.031 
 184   (0.221) 0.163 0.252 0.078 0.236 0.181 
 194   (0.019) 0.036 0.002 0.001 0.002 0.001 
 192   (0.123) 0.005 0.016 0.184 0.173 0.167 
 198   (0.097) 0.052 0.014 0.071 0.047 0.258 
 190   (0.023) 0.000 0.003 0.001 0.022 0.002 

Locus 35 : 35 
6 alleles
0.0% missing data
 110   (0.194) 0.322 0.201 0.080 0.133 0.120 
 112   (0.256) 0.516 0.036 0.062 0.388 0.056 
 106   (0.326) 0.126 0.202 0.696 0.338 0.253 
  90   (0.054) 0.026 0.425 0.003 0.022 0.004 
 108   (0.153) 0.010 0.134 0.114 0.117 0.565 
  96   (0.017) 0.000 0.002 0.045 0.001 0.001 

Locus 36 : 36 
9 alleles
0.0% missing data
 166   (0.063) 0.248 0.009 0.004 0.062 0.004 
 176   (0.100) 0.159 0.016 0.019 0.064 0.106 
 172   (0.297) 0.416 0.049 0.574 0.352 0.162 
 170   (0.280) 0.163 0.587 0.320 0.250 0.348 
 174   (0.108) 0.005 0.018 0.074 0.176 0.046 
 178   (0.041) 0.006 0.006 0.003 0.040 0.003 
 168   (0.061) 0.001 0.309 0.003 0.032 0.305 
 186   (0.034) 0.001 0.004 0.002 0.020 0.025 
 158   (0.016) 0.000 0.002 0.001 0.005 0.001 

Locus 37 : 37 
6 alleles
0.0% missing data
  89   (0.527) 0.640 0.352 0.510 0.607 0.602 
  95   (0.072) 0.071 0.010 0.005 0.058 0.030 
  85   (0.167) 0.228 0.503 0.236 0.141 0.022 
  81   (0.049) 0.009 0.010 0.003 0.064 0.004 
  83   (0.149) 0.051 0.023 0.244 0.122 0.312 
  91   (0.035) 0.001 0.102 0.002 0.008 0.029 

Locus 38 : 38 
10 alleles
0.0% missing data
 161   (0.337) 0.529 0.421 0.377 0.302 0.685 
 165   (0.196) 0.182 0.147 0.103 0.227 0.120 
 159   (0.029) 0.028 0.004 0.002 0.009 0.002 
 173   (0.243) 0.131 0.190 0.506 0.285 0.179 
 169   (0.090) 0.120 0.225 0.005 0.116 0.006 
 167   (0.030) 0.009 0.004 0.003 0.012 0.002 
 168   (0.018) 0.000 0.002 0.001 0.008 0.001 
 155   (0.021) 0.000 0.003 0.001 0.019 0.002 
 177   (0.016) 0.000 0.003 0.001 0.004 0.001 
 175   (0.021) 0.000 0.002 0.001 0.019 0.001 

Locus 39 : 39 
6 alleles
0.8% missing data
  87   (0.162) 0.152 0.633 0.131 0.068 0.408 
  89   (0.339) 0.599 0.048 0.095 0.495 0.238 
  91   (0.174) 0.120 0.173 0.187 0.128 0.113 
  81   (0.100) 0.083 0.018 0.113 0.107 0.008 
  85   (0.209) 0.043 0.126 0.473 0.200 0.232 
  83   (0.016) 0.003 0.002 0.001 0.001 0.001 

Locus 40 : 40 
4 alleles
0.5% missing data
 167   (0.700) 0.913 0.632 0.854 0.779 0.416 
 161   (0.230) 0.085 0.359 0.138 0.179 0.466 
 165   (0.053) 0.002 0.007 0.004 0.039 0.117 
 177   (0.016) 0.000 0.002 0.003 0.004 0.001 

Locus 41 : 41 
6 alleles
0.5% missing data
 228   (0.408) 0.553 0.622 0.244 0.471 0.129 
 238   (0.264) 0.305 0.095 0.117 0.336 0.078 
 224   (0.046) 0.079 0.006 0.003 0.012 0.017 
 236   (0.151) 0.059 0.260 0.391 0.062 0.291 
 232   (0.021) 0.001 0.003 0.001 0.008 0.002 
 240   (0.110) 0.002 0.014 0.244 0.112 0.484 

Locus 42 : 42 
7 alleles
0.0% missing data
 128   (0.115) 0.135 0.016 0.037 0.161 0.008 
 130   (0.484) 0.612 0.072 0.770 0.498 0.732 
 114   (0.064) 0.095 0.400 0.004 0.029 0.005 
 132   (0.109) 0.144 0.016 0.054 0.132 0.008 
 118   (0.100) 0.003 0.232 0.128 0.073 0.075 
 134   (0.112) 0.012 0.262 0.007 0.103 0.171 
 136   (0.016) 0.000 0.002 0.001 0.005 0.001 

Locus 43 : 43 
6 alleles
0.8% missing data
 102   (0.251) 0.399 0.493 0.470 0.284 0.019 
 104   (0.347) 0.193 0.053 0.412 0.501 0.225 
  92   (0.135) 0.124 0.066 0.008 0.103 0.319 
  96   (0.089) 0.092 0.122 0.005 0.034 0.187 
  98   (0.162) 0.190 0.261 0.101 0.077 0.249 
 106   (0.016) 0.001 0.005 0.003 0.003 0.001 

Locus 44 : 44 
5 alleles
0.3% missing data
 101   (0.276) 0.411 0.043 0.191 0.295 0.352 
 103   (0.291) 0.221 0.253 0.346 0.356 0.105 
  99   (0.144) 0.069 0.407 0.009 0.134 0.195 
  95   (0.264) 0.299 0.123 0.453 0.212 0.340 
  97   (0.025) 0.000 0.174 0.002 0.003 0.008 

Locus 45 : 45 
7 alleles
0.3% missing data
 177   (0.078) 0.074 0.013 0.005 0.050 0.095 
 191   (0.283) 0.166 0.260 0.105 0.274 0.625 
 181   (0.512) 0.757 0.519 0.853 0.612 0.157 
 179   (0.059) 0.001 0.199 0.004 0.035 0.106 
 183   (0.019) 0.000 0.003 0.001 0.008 0.001 
 193   (0.033) 0.001 0.004 0.002 0.020 0.014 
 189   (0.017) 0.000 0.002 0.030 0.001 0.001 

Locus 46 : 46 
6 alleles
0.8% missing data
 205   (0.399) 0.524 0.270 0.408 0.516 0.311 
 211   (0.234) 0.224 0.331 0.270 0.190 0.383 
 207   (0.148) 0.135 0.022 0.202 0.157 0.073 
 201   (0.089) 0.068 0.358 0.005 0.057 0.046 
 215   (0.105) 0.048 0.016 0.113 0.070 0.172 
 202   (0.025) 0.000 0.004 0.002 0.009 0.015 

Locus 47 : 47 
9 alleles
1.0% missing data
 144   (0.087) 0.214 0.014 0.134 0.051 0.015 
 158   (0.147) 0.150 0.031 0.086 0.143 0.132 
 168   (0.156) 0.194 0.190 0.110 0.093 0.224 
 166   (0.154) 0.289 0.078 0.376 0.144 0.022 
 142   (0.273) 0.145 0.045 0.282 0.477 0.159 
 170   (0.030) 0.002 0.005 0.003 0.006 0.042 
 156   (0.047) 0.002 0.525 0.003 0.014 0.080 
 162   (0.053) 0.001 0.105 0.003 0.030 0.152 
 164   (0.054) 0.003 0.008 0.003 0.042 0.175 

Locus 48 : 48 
7 alleles
7.6% missing data
 149   (0.375) 0.221 0.338 0.336 0.371 0.740 
 151   (0.159) 0.258 0.075 0.010 0.180 0.099 
 153   (0.181) 0.308 0.025 0.027 0.281 0.047 
 147   (0.044) 0.031 0.061 0.003 0.012 0.007 
 145   (0.194) 0.179 0.493 0.621 0.143 0.047 
 152   (0.016) 0.003 0.003 0.001 0.001 0.002 
 143   (0.031) 0.001 0.004 0.002 0.011 0.058 

Values of parameters used in structure:
DATAFILE=temp2.str,	OUTFILE=k5/temp2_k5_run2,	NUMINDS=396,	NUMLOCI=48,	MISSING=-9,	LABEL=1,	POPDATA=1,	POPFLAG=0,	PHENOTYPE=0,	EXTRACOLS=0,	MAXPOPS=5,	BURNIN=500000,	NUMREPS=750000,	USEPOPINFO=0,	INFERALPHA=1,	INFERLAMBDA=0,	POPSPECIFICLAMBDA=0,	POPALPHAS=0,	COMPUTEPROB=1,	NOADMIX=0,	ADMBURNIN=500,	UPDATEFREQ=100,	PRINTLIKES=0,	INTERMEDSAVE=0,	PRINTKLD=0,	PRINTNET=1,	PRINTLAMBDA=1,	ANCESTDIST=0,	NUMBOXES=1000,	ANCESTPINT=0.90000,	GENSBACK=2,	MIGRPRIOR=0.01000,	PRINTQHAT=0,	PRINTQSUM=1,	ALPHA=1.0000,	FREQSCORR=1,	FPRIORMEAN=0.0100,	FPRIORSD=0.0500,	ONEFST=0,	LAMBDA=1.0000,	UNIFPRIORALPHA=1,	ALPHAMAX=10.0000,	ALPHAPRIORA=1.0000,	ALPHAPRIORB=2.0000,	ALPHAPROPSD=0.0250,	STARTATPOPINFO=0,	RANDOMIZE=0,	LINKAGE=0,	METROFREQ=10,	REPORTHITRATE=0,	MARKOVPHASE=0,	PHASED=1,	PLOIDY=2,	PHASEINFO=0	LOCPRIOR=0, 	LOCPRIORINIT=1.000000, 	LOCDATA=0, 	LOCISPOP=1, 	LOCPRIORSTEP=0.100000, 	MAXLOCPRIOR=20.000000, 	SEED=733782,	
[STRAT parameters]:    NUMSIMSTATS=1000,	PHENOTYPECOL=-9,	POOLFREQ=10,	LOCUSxONLY=0,	EMERROR=0.00100,	MISSINGPHENO=-9,	