

----------------------------------------------------
STRUCTURE by Pritchard, Stephens and Donnelly (2000)
     and Falush, Stephens and Pritchard (2003)
       Code by Pritchard, Falush and Hubisz
             Version 2.3.4 (Jul 2012)
----------------------------------------------------



Command line arguments:   structure -D 310680 -K 4 -m mainparams -o k4/temp2_k4_run1 
Input File:    temp2.str

Run parameters:
   396 individuals
   48 loci
   4 populations assumed
   500000 Burn-in period
   750000 Reps
RANDOMIZE turned off


--------------------------------------------
Proportion of membership of each pre-defined
 population in each of the 4 clusters

Given    Inferred Clusters              Number of
 Pop       1      2      3      4      Individuals

  1:     0.975  0.009  0.003  0.013       63
  2:     0.967  0.012  0.003  0.018       20
  3:     0.004  0.004  0.988  0.005       35
  4:     0.973  0.007  0.003  0.016       19
  5:     0.980  0.005  0.005  0.010       31
  6:     0.985  0.004  0.004  0.007       20
  7:     0.798  0.014  0.119  0.069        8
  8:     0.978  0.004  0.003  0.014       17
  9:     0.005  0.987  0.003  0.005       29
 10:     0.058  0.057  0.751  0.134        8
 11:     0.032  0.037  0.029  0.903       21
 12:     0.024  0.014  0.019  0.943       30
 13:     0.036  0.013  0.003  0.948       25
 14:     0.035  0.009  0.007  0.949       32
 15:     0.055  0.034  0.056  0.855       34
 16:     0.053  0.010  0.029  0.908        4
--------------------------------------------

Allele-freq. divergence among pops (Net nucleotide distance),
computed using point estimates of P.

      1       2       3       4      
 1      -    0.0722  0.1194  0.0266  
 2   0.0722     -    0.1056  0.0567  
 3   0.1194  0.1056     -    0.0817  
 4   0.0266  0.0567  0.0817     -    

Average distances (expected heterozygosity) between individuals in same cluster:
cluster  1  : 0.5588 
cluster  2  : 0.5535 
cluster  3  : 0.6492 
cluster  4  : 0.6239 

--------------------------------------------
Estimated Ln Prob of Data   = -43294.7
Mean value of ln likelihood = -42984.1
Variance of ln likelihood   = 621.2
Mean value of alpha         = 0.0332

Mean value of Fst_1         = 0.1426
Mean value of Fst_2         = 0.2091
Mean value of Fst_3         = 0.1417
Mean value of Fst_4         = 0.0333


Inferred ancestry of individuals:
        Label (%Miss) Pop:  Inferred clusters
  1     2055    (0)    1 :  0.990 0.002 0.002 0.006 
  2     2056    (0)    1 :  0.985 0.006 0.003 0.005 
  3     2057    (0)    1 :  0.983 0.002 0.004 0.011 
  4     2058    (0)    1 :  0.991 0.005 0.001 0.002 
  5     2059    (0)    1 :  0.992 0.003 0.002 0.004 
  6     2060    (0)    1 :  0.993 0.002 0.001 0.004 
  7     2061    (0)    1 :  0.976 0.006 0.008 0.010 
  8     2062    (0)    1 :  0.982 0.004 0.003 0.011 
  9     2063    (0)    1 :  0.993 0.002 0.001 0.004 
 10     2064    (0)    1 :  0.993 0.002 0.001 0.003 
 11     2065    (0)    1 :  0.995 0.002 0.001 0.002 
 12     2066    (0)    1 :  0.993 0.002 0.002 0.004 
 13     2067    (0)    1 :  0.984 0.006 0.004 0.006 
 14     2068    (0)    1 :  0.910 0.046 0.004 0.040 
 15     2069    (0)    1 :  0.994 0.002 0.001 0.003 
 16     2070    (0)    1 :  0.704 0.003 0.001 0.291 
 17     2071    (0)    1 :  0.980 0.011 0.002 0.007 
 18     2072    (0)    1 :  0.991 0.004 0.003 0.003 
 19     2073    (0)    1 :  0.915 0.012 0.051 0.021 
 20     2074    (0)    1 :  0.993 0.003 0.002 0.003 
 21     2075    (0)    1 :  0.969 0.021 0.003 0.007 
 22     2076    (0)    1 :  0.995 0.002 0.001 0.003 
 23     2077    (0)    1 :  0.967 0.010 0.008 0.014 
 24     2078    (0)    1 :  0.991 0.003 0.001 0.005 
 25     2079    (0)    1 :  0.917 0.062 0.002 0.019 
 26     2080    (0)    1 :  0.920 0.048 0.019 0.012 
 27     2081    (0)    1 :  0.991 0.003 0.002 0.004 
 28     2082    (0)    1 :  0.985 0.005 0.002 0.007 
 29     2083    (0)    1 :  0.991 0.002 0.002 0.005 
 30     2084    (0)    1 :  0.981 0.008 0.002 0.009 
 31     2085    (0)    1 :  0.986 0.003 0.003 0.008 
 32     2086    (0)    1 :  0.982 0.004 0.002 0.012 
 33     2087    (0)    1 :  0.943 0.050 0.002 0.005 
 34     2088    (0)    1 :  0.949 0.017 0.002 0.033 
 35     2089    (0)    1 :  0.994 0.003 0.001 0.002 
 36     2090    (0)    1 :  0.961 0.030 0.004 0.005 
 37     2091    (0)    1 :  0.991 0.003 0.001 0.005 
 38     2092    (0)    1 :  0.977 0.018 0.001 0.004 
 39     2093    (0)    1 :  0.994 0.002 0.001 0.003 
 40     2094    (0)    1 :  0.995 0.001 0.001 0.003 
 41     2095    (0)    1 :  0.942 0.050 0.002 0.006 
 42     2096    (0)    1 :  0.994 0.002 0.001 0.003 
 43     2097    (0)    1 :  0.994 0.002 0.001 0.003 
 44     2098    (0)    1 :  0.959 0.013 0.006 0.023 
 45     2099    (0)    1 :  0.975 0.004 0.002 0.020 
 46     2100    (0)    1 :  0.977 0.004 0.003 0.017 
 47     2101    (0)    1 :  0.988 0.005 0.002 0.005 
 48     2102    (2)    1 :  0.993 0.002 0.001 0.004 
 49     2103    (0)    1 :  0.988 0.004 0.001 0.006 
 50     2104    (0)    1 :  0.970 0.002 0.001 0.027 
 51     2105    (0)    1 :  0.984 0.004 0.001 0.011 
 52     2106    (0)    1 :  0.987 0.002 0.001 0.009 
 53     2107    (0)    1 :  0.987 0.003 0.002 0.008 
 54     2108    (0)    1 :  0.983 0.005 0.003 0.009 
 55     2109    (0)    1 :  0.988 0.002 0.002 0.008 
 56     2110    (0)    1 :  0.979 0.005 0.002 0.014 
 57     2111    (0)    1 :  0.988 0.004 0.001 0.007 
 58     2112    (0)    1 :  0.992 0.003 0.002 0.003 
 59     2583    (2)    1 :  0.986 0.006 0.004 0.004 
 60     2584    (4)    1 :  0.986 0.004 0.004 0.005 
 61     2587    (2)    1 :  0.988 0.003 0.001 0.008 
 62     2590    (2)    1 :  0.990 0.002 0.004 0.004 
 63     2591    (6)    1 :  0.967 0.015 0.003 0.016 
 64      282    (0)   10 :  0.098 0.008 0.627 0.267 
 65      284    (0)   10 :  0.028 0.256 0.602 0.113 
 66      287    (0)   10 :  0.016 0.009 0.613 0.361 
 67      295    (0)   10 :  0.020 0.090 0.879 0.011 
 68      302    (0)   10 :  0.010 0.047 0.923 0.020 
 69      306    (2)   10 :  0.045 0.034 0.893 0.027 
 70      308    (0)   10 :  0.163 0.005 0.602 0.230 
 71      867    (0)   10 :  0.081 0.007 0.871 0.041 
 72      315    (0)   11 :  0.010 0.065 0.005 0.920 
 73      565    (0)   11 :  0.020 0.078 0.023 0.878 
 74      566    (2)   11 :  0.006 0.009 0.003 0.982 
 75      567    (2)   11 :  0.055 0.005 0.009 0.931 
 76      877    (0)   11 :  0.019 0.003 0.004 0.973 
 77      878    (0)   11 :  0.007 0.012 0.095 0.886 
 78      879    (0)   11 :  0.014 0.005 0.049 0.931 
 79      880    (0)   11 :  0.009 0.006 0.022 0.963 
 80      881    (0)   11 :  0.008 0.015 0.061 0.915 
 81      882    (0)   11 :  0.014 0.019 0.194 0.774 
 82      883    (0)   11 :  0.013 0.004 0.044 0.940 
 83      884    (0)   11 :  0.019 0.002 0.001 0.977 
 84      885    (0)   11 :  0.007 0.004 0.007 0.983 
 85      886    (0)   11 :  0.010 0.255 0.013 0.722 
 86      887    (0)   11 :  0.018 0.004 0.011 0.967 
 87      888    (0)   11 :  0.348 0.028 0.010 0.614 
 88      889    (0)   11 :  0.007 0.006 0.016 0.971 
 89      890    (0)   11 :  0.006 0.024 0.014 0.956 
 90      891    (0)   11 :  0.033 0.012 0.012 0.943 
 91      892    (0)   11 :  0.016 0.006 0.005 0.973 
 92      893    (0)   11 :  0.031 0.206 0.006 0.758 
 93      341    (0)   12 :  0.008 0.019 0.103 0.871 
 94      343    (0)   12 :  0.010 0.012 0.035 0.944 
 95      914    (0)   12 :  0.017 0.005 0.001 0.976 
 96      916    (0)   12 :  0.208 0.006 0.080 0.706 
 97      924    (0)   12 :  0.004 0.013 0.004 0.979 
 98      938    (0)   12 :  0.017 0.002 0.005 0.976 
 99      939    (0)   12 :  0.013 0.012 0.002 0.974 
100      940    (0)   12 :  0.004 0.002 0.005 0.988 
101      941    (2)   12 :  0.005 0.027 0.022 0.946 
102      942    (0)   12 :  0.010 0.014 0.015 0.960 
103      943    (0)   12 :  0.016 0.003 0.003 0.978 
104      944    (0)   12 :  0.026 0.003 0.002 0.969 
105      945    (0)   12 :  0.004 0.002 0.001 0.992 
106      946    (0)   12 :  0.009 0.003 0.029 0.959 
107      947    (0)   12 :  0.006 0.045 0.005 0.944 
108      951    (0)   12 :  0.005 0.012 0.031 0.951 
109      952    (0)   12 :  0.007 0.120 0.002 0.871 
110      953    (0)   12 :  0.020 0.009 0.008 0.962 
111      954    (0)   12 :  0.007 0.007 0.007 0.978 
112      955    (0)   12 :  0.004 0.014 0.014 0.967 
113      961    (4)   12 :  0.044 0.005 0.008 0.943 
114      974    (0)   12 :  0.005 0.026 0.003 0.966 
115      975    (4)   12 :  0.022 0.003 0.008 0.967 
116      980    (0)   12 :  0.009 0.013 0.004 0.974 
117      981    (0)   12 :  0.037 0.005 0.062 0.897 
118      982    (0)   12 :  0.038 0.002 0.002 0.958 
119      984    (0)   12 :  0.046 0.005 0.026 0.923 
120      985    (0)   12 :  0.011 0.013 0.012 0.964 
121     2578    (4)   12 :  0.007 0.002 0.062 0.929 
122     2580    (2)   12 :  0.116 0.005 0.013 0.866 
123      328    (0)   13 :  0.502 0.017 0.014 0.466 
124      333    (0)   13 :  0.006 0.004 0.002 0.988 
125      918    (0)   13 :  0.008 0.087 0.003 0.902 
126      919    (0)   13 :  0.014 0.005 0.002 0.980 
127      920    (0)   13 :  0.010 0.003 0.002 0.985 
128      921    (0)   13 :  0.030 0.004 0.005 0.962 
129      922    (0)   13 :  0.026 0.004 0.002 0.969 
130      926    (0)   13 :  0.005 0.002 0.001 0.992 
131      927    (0)   13 :  0.009 0.003 0.003 0.985 
132      928    (0)   13 :  0.028 0.004 0.002 0.966 
133      929    (0)   13 :  0.035 0.002 0.003 0.960 
134      930    (0)   13 :  0.012 0.004 0.002 0.982 
135      932    (0)   13 :  0.017 0.004 0.003 0.976 
136      933    (0)   13 :  0.018 0.121 0.002 0.859 
137      949    (0)   13 :  0.015 0.005 0.006 0.975 
138      950    (0)   13 :  0.005 0.007 0.002 0.986 
139      964    (4)   13 :  0.010 0.002 0.005 0.983 
140      986    (0)   13 :  0.018 0.005 0.003 0.974 
141      987    (0)   13 :  0.032 0.006 0.003 0.960 
142     1001    (4)   13 :  0.014 0.003 0.002 0.981 
143     1002    (4)   13 :  0.010 0.016 0.006 0.968 
144     1003    (2)   13 :  0.035 0.003 0.002 0.959 
145     1004    (0)   13 :  0.004 0.007 0.003 0.986 
146     1005    (0)   13 :  0.018 0.005 0.001 0.976 
147     1010    (0)   13 :  0.014 0.006 0.001 0.979 
148      321    (0)   14 :  0.012 0.005 0.002 0.982 
149      338    (0)   14 :  0.006 0.003 0.002 0.989 
150      339    (0)   14 :  0.032 0.008 0.009 0.952 
151      363    (0)   14 :  0.005 0.005 0.016 0.975 
152      915    (0)   14 :  0.028 0.003 0.001 0.967 
153      917    (0)   14 :  0.005 0.003 0.002 0.990 
154      923    (0)   14 :  0.011 0.009 0.004 0.975 
155      925    (0)   14 :  0.010 0.008 0.002 0.981 
156      931    (0)   14 :  0.004 0.005 0.002 0.989 
157      935    (0)   14 :  0.008 0.004 0.002 0.985 
158      936    (0)   14 :  0.004 0.006 0.004 0.987 
159      937    (0)   14 :  0.004 0.002 0.002 0.993 
160      948    (0)   14 :  0.008 0.013 0.006 0.974 
161      956    (0)   14 :  0.012 0.003 0.002 0.983 
162      957    (0)   14 :  0.003 0.002 0.003 0.992 
163      967    (0)   14 :  0.004 0.003 0.001 0.992 
164      968    (2)   14 :  0.011 0.007 0.003 0.979 
165      969    (2)   14 :  0.010 0.009 0.003 0.978 
166      970    (2)   14 :  0.004 0.005 0.006 0.985 
167      971    (4)   14 :  0.012 0.003 0.002 0.984 
168      972    (0)   14 :  0.006 0.007 0.002 0.985 
169      973    (0)   14 :  0.011 0.016 0.028 0.945 
170      978    (0)   14 :  0.009 0.048 0.005 0.938 
171      979    (0)   14 :  0.569 0.002 0.075 0.354 
172      988    (6)   14 :  0.019 0.003 0.006 0.971 
173      989    (0)   14 :  0.013 0.004 0.003 0.981 
174      990    (0)   14 :  0.011 0.021 0.004 0.965 
175      991    (0)   14 :  0.004 0.005 0.002 0.989 
176      992    (0)   14 :  0.008 0.004 0.003 0.985 
177     1006    (2)   14 :  0.026 0.017 0.002 0.956 
178     1017    (0)   14 :  0.212 0.012 0.003 0.772 
179     2582    (4)   14 :  0.056 0.029 0.002 0.913 
180      319    (2)   15 :  0.012 0.008 0.007 0.973 
181      335    (0)   15 :  0.015 0.037 0.033 0.914 
182      895    (0)   15 :  0.009 0.006 0.199 0.786 
183      896    (0)   15 :  0.022 0.003 0.016 0.959 
184      897    (0)   15 :  0.008 0.009 0.008 0.976 
185      898    (0)   15 :  0.006 0.005 0.004 0.985 
186      899    (0)   15 :  0.306 0.007 0.020 0.666 
187      900    (0)   15 :  0.019 0.113 0.017 0.851 
188      901    (0)   15 :  0.375 0.040 0.114 0.471 
189      902    (0)   15 :  0.050 0.003 0.173 0.774 
190      903    (0)   15 :  0.010 0.005 0.072 0.913 
191      904    (0)   15 :  0.020 0.002 0.003 0.975 
192      905    (0)   15 :  0.458 0.004 0.284 0.254 
193      906    (0)   15 :  0.006 0.007 0.093 0.895 
194      907    (0)   15 :  0.025 0.010 0.164 0.801 
195      908    (0)   15 :  0.024 0.016 0.004 0.956 
196      909    (0)   15 :  0.014 0.234 0.005 0.748 
197      910    (0)   15 :  0.011 0.055 0.143 0.791 
198      911    (0)   15 :  0.023 0.088 0.016 0.873 
199      912    (0)   15 :  0.006 0.002 0.008 0.984 
200      913    (0)   15 :  0.037 0.060 0.025 0.877 
201     2411    (0)   15 :  0.012 0.010 0.019 0.959 
202     2412    (0)   15 :  0.009 0.006 0.003 0.982 
203     2413    (0)   15 :  0.119 0.056 0.205 0.621 
204     2414    (0)   15 :  0.014 0.003 0.011 0.972 
205     2415    (2)   15 :  0.023 0.015 0.004 0.958 
206     2417    (4)   15 :  0.086 0.007 0.017 0.889 
207     2418    (4)   15 :  0.014 0.010 0.063 0.913 
208     2419    (2)   15 :  0.006 0.007 0.003 0.984 
209     2420    (0)   15 :  0.004 0.010 0.040 0.947 
210     2421    (0)   15 :  0.005 0.008 0.006 0.980 
211     2422    (2)   15 :  0.013 0.284 0.019 0.683 
212     2423    (0)   15 :  0.086 0.021 0.043 0.850 
213     2576    (0)   15 :  0.024 0.014 0.064 0.899 
214     1079    (0)   16 :  0.028 0.004 0.011 0.958 
215     1081    (0)   16 :  0.061 0.008 0.003 0.927 
216     1082    (2)   16 :  0.025 0.015 0.098 0.863 
217     1083    (0)   16 :  0.098 0.011 0.006 0.885 
218       34    (0)    2 :  0.988 0.002 0.004 0.006 
219       38    (0)    2 :  0.919 0.045 0.007 0.028 
220       41    (0)    2 :  0.993 0.002 0.001 0.004 
221       44    (0)    2 :  0.992 0.003 0.001 0.004 
222       45    (0)    2 :  0.994 0.002 0.001 0.003 
223       47    (0)    2 :  0.701 0.089 0.003 0.207 
224       50    (0)    2 :  0.977 0.004 0.007 0.012 
225      384    (0)    2 :  0.986 0.003 0.002 0.009 
226      385    (2)    2 :  0.979 0.006 0.004 0.010 
227      386    (0)    2 :  0.994 0.003 0.001 0.003 
228      387    (0)    2 :  0.987 0.007 0.001 0.005 
229      388    (0)    2 :  0.989 0.006 0.001 0.003 
230      389    (0)    2 :  0.990 0.004 0.001 0.004 
231      390    (4)    2 :  0.950 0.026 0.006 0.019 
232      391    (0)    2 :  0.982 0.006 0.002 0.010 
233      392    (0)    2 :  0.992 0.002 0.001 0.005 
234      393    (2)    2 :  0.983 0.011 0.001 0.004 
235      394    (0)    2 :  0.994 0.002 0.001 0.003 
236      395    (0)    2 :  0.969 0.009 0.008 0.014 
237      396    (0)    2 :  0.982 0.010 0.003 0.004 
238     2470    (4)    3 :  0.002 0.002 0.993 0.003 
239     2471    (0)    3 :  0.002 0.003 0.991 0.003 
240     2472    (0)    3 :  0.002 0.003 0.991 0.004 
241     2484    (0)    3 :  0.002 0.008 0.987 0.003 
242     2486    (2)    3 :  0.002 0.003 0.994 0.002 
243     2487    (2)    3 :  0.003 0.008 0.984 0.005 
244     2489    (0)    3 :  0.004 0.002 0.986 0.007 
245     2596    (2)    3 :  0.002 0.014 0.977 0.007 
246     1366    (0)    3 :  0.003 0.001 0.994 0.002 
247     1367    (0)    3 :  0.004 0.003 0.991 0.003 
248     1368    (0)    3 :  0.006 0.010 0.976 0.008 
249     1369    (0)    3 :  0.003 0.004 0.988 0.004 
250     1370    (0)    3 :  0.002 0.002 0.993 0.003 
251     1371    (0)    3 :  0.003 0.003 0.991 0.002 
252     1372    (0)    3 :  0.003 0.003 0.991 0.004 
253     1373    (0)    3 :  0.004 0.002 0.990 0.004 
254     1374    (0)    3 :  0.002 0.004 0.991 0.003 
255     1375    (0)    3 :  0.001 0.002 0.995 0.002 
256     2476    (0)    3 :  0.006 0.003 0.988 0.003 
257     2478    (2)    3 :  0.002 0.002 0.991 0.005 
258     2479    (4)    3 :  0.002 0.002 0.993 0.002 
259     2481    (0)    3 :  0.005 0.003 0.986 0.007 
260     2483    (4)    3 :  0.002 0.002 0.993 0.003 
261     2485    (0)    3 :  0.001 0.003 0.993 0.003 
262     2488    (0)    3 :  0.001 0.002 0.995 0.002 
263     2490    (0)    3 :  0.003 0.003 0.992 0.003 
264     2492    (2)    3 :  0.002 0.003 0.993 0.002 
265     2493    (0)    3 :  0.012 0.009 0.960 0.019 
266     2494    (2)    3 :  0.008 0.002 0.982 0.008 
267     2495    (0)    3 :  0.021 0.012 0.939 0.028 
268     2496    (0)    3 :  0.002 0.004 0.992 0.003 
269     2497    (2)    3 :  0.002 0.002 0.994 0.002 
270     2592    (2)    3 :  0.003 0.002 0.993 0.002 
271     2593    (4)    3 :  0.002 0.002 0.992 0.003 
272     2595    (2)    3 :  0.002 0.003 0.992 0.003 
273     2498    (2)    4 :  0.982 0.007 0.005 0.007 
274     2513    (2)    4 :  0.984 0.010 0.002 0.005 
275     2514    (2)    4 :  0.959 0.004 0.007 0.029 
276     2597    (4)    4 :  0.983 0.003 0.002 0.011 
277     2499    (4)    4 :  0.969 0.010 0.002 0.019 
278     2500    (0)    4 :  0.980 0.007 0.008 0.004 
279     2506    (2)    4 :  0.990 0.003 0.003 0.004 
280     2509    (6)    4 :  0.931 0.032 0.006 0.031 
281     2511    (2)    4 :  0.990 0.004 0.002 0.004 
282     2512    (2)    4 :  0.992 0.002 0.003 0.004 
283     2515    (2)    4 :  0.994 0.002 0.001 0.002 
284     2516    (2)    4 :  0.983 0.002 0.001 0.014 
285     2517    (2)    4 :  0.986 0.003 0.003 0.008 
286     2518    (2)    4 :  0.973 0.009 0.003 0.016 
287     2519    (0)    4 :  0.879 0.029 0.007 0.085 
288     2520    (2)    4 :  0.993 0.002 0.002 0.003 
289     2521    (2)    4 :  0.949 0.002 0.003 0.046 
290     2603    (4)    4 :  0.984 0.004 0.004 0.009 
291     2606    (2)    4 :  0.987 0.002 0.002 0.008 
292       87    (0)    5 :  0.960 0.013 0.006 0.021 
293       88    (0)    5 :  0.992 0.003 0.001 0.003 
294       90    (0)    5 :  0.995 0.001 0.001 0.002 
295       92    (0)    5 :  0.981 0.003 0.003 0.013 
296       96    (0)    5 :  0.973 0.016 0.002 0.009 
297       97    (0)    5 :  0.991 0.002 0.002 0.005 
298      105    (0)    5 :  0.987 0.005 0.002 0.005 
299      120    (0)    5 :  0.964 0.004 0.018 0.014 
300      123    (0)    5 :  0.993 0.003 0.001 0.003 
301      128    (0)    5 :  0.992 0.003 0.002 0.003 
302      129    (0)    5 :  0.978 0.006 0.002 0.014 
303      132    (0)    5 :  0.989 0.002 0.003 0.006 
304      504    (0)    5 :  0.989 0.003 0.002 0.007 
305      505    (0)    5 :  0.990 0.003 0.002 0.005 
306      506    (0)    5 :  0.975 0.003 0.016 0.007 
307      507    (0)    5 :  0.984 0.003 0.002 0.010 
308      508    (0)    5 :  0.935 0.003 0.017 0.044 
309      509    (0)    5 :  0.974 0.002 0.008 0.016 
310      510    (0)    5 :  0.964 0.005 0.003 0.028 
311      511    (0)    5 :  0.969 0.022 0.003 0.006 
312      512    (0)    5 :  0.990 0.004 0.002 0.004 
313      513    (0)    5 :  0.993 0.002 0.002 0.003 
314      514    (0)    5 :  0.982 0.010 0.002 0.006 
315      515    (0)    5 :  0.953 0.004 0.020 0.024 
316      558    (0)    5 :  0.988 0.002 0.001 0.009 
317      559    (0)    5 :  0.994 0.001 0.002 0.002 
318      560    (0)    5 :  0.990 0.005 0.002 0.003 
319      561    (0)    5 :  0.991 0.003 0.002 0.003 
320      562    (0)    5 :  0.984 0.002 0.003 0.010 
321      563    (0)    5 :  0.951 0.006 0.032 0.011 
322      564    (0)    5 :  0.987 0.003 0.003 0.007 
323      136    (0)    6 :  0.985 0.005 0.006 0.005 
324      138    (0)    6 :  0.989 0.004 0.002 0.005 
325      140    (0)    6 :  0.983 0.007 0.001 0.008 
326      141    (0)    6 :  0.976 0.005 0.003 0.017 
327      144    (0)    6 :  0.975 0.017 0.003 0.004 
328      146    (0)    6 :  0.992 0.004 0.002 0.003 
329      148    (0)    6 :  0.992 0.001 0.001 0.005 
330      150    (0)    6 :  0.991 0.002 0.002 0.005 
331      152    (0)    6 :  0.994 0.002 0.001 0.003 
332      666    (0)    6 :  0.991 0.002 0.002 0.006 
333      667    (0)    6 :  0.987 0.002 0.002 0.008 
334      668    (0)    6 :  0.986 0.003 0.003 0.008 
335      669    (0)    6 :  0.992 0.002 0.003 0.004 
336      670    (0)    6 :  0.965 0.003 0.002 0.030 
337      684    (0)    6 :  0.993 0.002 0.001 0.003 
338      685    (0)    6 :  0.983 0.004 0.009 0.004 
339      686    (0)    6 :  0.991 0.003 0.002 0.004 
340      687    (0)    6 :  0.989 0.005 0.001 0.005 
341      688    (2)    6 :  0.992 0.003 0.002 0.004 
342      689    (0)    6 :  0.960 0.006 0.026 0.008 
343      165    (0)    7 :  0.979 0.003 0.004 0.014 
344      167    (0)    7 :  0.914 0.003 0.005 0.079 
345      170    (0)    7 :  0.979 0.010 0.003 0.008 
346      714    (0)    7 :  0.989 0.002 0.004 0.006 
347      715    (2)    7 :  0.816 0.004 0.074 0.106 
348      716    (0)    7 :  0.986 0.003 0.003 0.008 
349      717    (2)    7 :  0.713 0.010 0.028 0.249 
350     2346    (2)    7 :  0.009 0.075 0.831 0.086 
351      718    (0)    8 :  0.985 0.004 0.003 0.008 
352      719    (0)    8 :  0.966 0.010 0.003 0.020 
353      720    (0)    8 :  0.991 0.001 0.002 0.006 
354      721    (0)    8 :  0.954 0.017 0.009 0.020 
355      722    (0)    8 :  0.990 0.002 0.002 0.006 
356      723    (0)    8 :  0.989 0.003 0.001 0.007 
357      724    (0)    8 :  0.992 0.002 0.001 0.005 
358      725    (0)    8 :  0.989 0.005 0.002 0.004 
359      726    (0)    8 :  0.966 0.003 0.009 0.022 
360      727    (0)    8 :  0.993 0.002 0.001 0.003 
361      728    (2)    8 :  0.985 0.003 0.002 0.011 
362      729    (0)    8 :  0.935 0.004 0.002 0.059 
363      730    (0)    8 :  0.945 0.003 0.006 0.046 
364      731    (0)    8 :  0.981 0.006 0.003 0.010 
365      732    (0)    8 :  0.988 0.003 0.002 0.007 
366      733    (0)    8 :  0.989 0.003 0.001 0.006 
367      734    (0)    8 :  0.994 0.002 0.001 0.003 
368      189    (0)    9 :  0.014 0.971 0.003 0.012 
369      190    (0)    9 :  0.003 0.992 0.003 0.003 
370      193    (0)    9 :  0.004 0.990 0.002 0.004 
371      761    (0)    9 :  0.002 0.993 0.001 0.003 
372      762    (0)    9 :  0.004 0.990 0.002 0.005 
373      763    (0)    9 :  0.004 0.990 0.002 0.004 
374      764    (0)    9 :  0.003 0.992 0.001 0.004 
375      765    (0)    9 :  0.004 0.990 0.002 0.004 
376      778    (0)    9 :  0.026 0.946 0.013 0.016 
377      779    (0)    9 :  0.005 0.988 0.002 0.004 
378      780    (0)    9 :  0.002 0.993 0.002 0.003 
379      781    (0)    9 :  0.003 0.992 0.002 0.002 
380      782    (0)    9 :  0.010 0.983 0.003 0.004 
381      783    (0)    9 :  0.001 0.996 0.001 0.001 
382      784    (0)    9 :  0.003 0.991 0.001 0.004 
383      785    (0)    9 :  0.004 0.989 0.003 0.005 
384      786    (0)    9 :  0.003 0.991 0.002 0.005 
385      787    (0)    9 :  0.004 0.992 0.001 0.003 
386      788    (0)    9 :  0.012 0.969 0.004 0.014 
387      789    (0)    9 :  0.004 0.967 0.022 0.006 
388      790    (0)    9 :  0.004 0.989 0.002 0.005 
389      791    (0)    9 :  0.007 0.985 0.002 0.006 
390      792    (0)    9 :  0.002 0.994 0.002 0.002 
391      793    (0)    9 :  0.005 0.987 0.003 0.005 
392      794    (0)    9 :  0.003 0.989 0.003 0.006 
393      795    (0)    9 :  0.003 0.988 0.004 0.004 
394      796    (0)    9 :  0.002 0.992 0.004 0.002 
395      797    (0)    9 :  0.002 0.994 0.001 0.003 
396      798    (0)    9 :  0.006 0.989 0.001 0.004 


Estimated Allele Frequencies in each cluster
First column gives estimated ancestral frequencies


Locus 1 : 1 
4 alleles
0.0% missing data
  89   (0.472) 0.576 0.629 0.259 0.531 
  91   (0.404) 0.357 0.316 0.668 0.400 
  99   (0.035) 0.001 0.003 0.026 0.022 
  93   (0.089) 0.067 0.052 0.047 0.047 

Locus 2 : 2 
6 alleles
1.3% missing data
 136   (0.288) 0.548 0.452 0.418 0.219 
 134   (0.242) 0.158 0.366 0.173 0.251 
 138   (0.317) 0.236 0.173 0.303 0.381 
 140   (0.085) 0.056 0.005 0.093 0.067 
 132   (0.025) 0.000 0.001 0.002 0.026 
 142   (0.043) 0.001 0.003 0.012 0.055 

Locus 3 : 3 
6 alleles
0.0% missing data
 181   (0.235) 0.211 0.078 0.091 0.270 
 187   (0.346) 0.512 0.274 0.436 0.285 
 179   (0.182) 0.255 0.011 0.054 0.246 
 191   (0.060) 0.018 0.199 0.013 0.019 
 185   (0.103) 0.002 0.434 0.218 0.087 
 175   (0.073) 0.001 0.005 0.188 0.093 

Locus 4 : 4 
10 alleles
0.0% missing data
 253   (0.429) 0.700 0.464 0.223 0.541 
 249   (0.047) 0.064 0.003 0.059 0.013 
 271   (0.061) 0.031 0.004 0.099 0.032 
 241   (0.167) 0.075 0.149 0.480 0.134 
 257   (0.015) 0.001 0.001 0.001 0.003 
 269   (0.156) 0.126 0.111 0.044 0.185 
 247   (0.071) 0.001 0.265 0.028 0.076 
 239   (0.015) 0.000 0.002 0.001 0.004 
 245   (0.022) 0.000 0.001 0.058 0.004 
 273   (0.018) 0.000 0.001 0.006 0.007 

Locus 5 : 5 
7 alleles
0.8% missing data
 103   (0.792) 0.988 0.958 0.772 0.859 
 104   (0.070) 0.009 0.004 0.056 0.063 
 105   (0.054) 0.001 0.003 0.145 0.051 
 102   (0.022) 0.000 0.002 0.002 0.015 
 101   (0.023) 0.000 0.016 0.001 0.005 
 107   (0.024) 0.000 0.001 0.023 0.005 
  99   (0.015) 0.000 0.015 0.001 0.002 

Locus 6 : 6 
5 alleles
0.3% missing data
 141   (0.291) 0.541 0.139 0.118 0.282 
 145   (0.315) 0.185 0.269 0.039 0.488 
 135   (0.274) 0.210 0.285 0.656 0.192 
 147   (0.098) 0.063 0.306 0.117 0.035 
 137   (0.021) 0.000 0.001 0.070 0.003 

Locus 7 : 7 
10 alleles
1.0% missing data
  93   (0.238) 0.354 0.079 0.209 0.251 
 103   (0.219) 0.371 0.487 0.015 0.308 
  91   (0.089) 0.029 0.158 0.060 0.048 
  97   (0.203) 0.154 0.261 0.254 0.175 
  85   (0.044) 0.038 0.003 0.003 0.032 
  89   (0.114) 0.053 0.007 0.271 0.111 
  83   (0.033) 0.001 0.002 0.002 0.063 
 105   (0.027) 0.000 0.002 0.068 0.008 
  99   (0.015) 0.000 0.001 0.011 0.002 
 101   (0.017) 0.000 0.001 0.106 0.002 

Locus 8 : 8 
8 alleles
0.0% missing data
 129   (0.495) 0.661 0.641 0.290 0.592 
 141   (0.070) 0.097 0.193 0.005 0.039 
 149   (0.115) 0.119 0.019 0.237 0.080 
 143   (0.241) 0.122 0.141 0.378 0.257 
 127   (0.024) 0.000 0.001 0.083 0.005 
 131   (0.019) 0.000 0.002 0.004 0.007 
 145   (0.015) 0.000 0.002 0.001 0.004 
 133   (0.021) 0.000 0.001 0.001 0.015 

Locus 9 : 9 
4 alleles
0.0% missing data
 191   (0.370) 0.566 0.537 0.309 0.334 
 195   (0.198) 0.163 0.062 0.353 0.169 
 189   (0.417) 0.268 0.400 0.337 0.495 
 193   (0.016) 0.003 0.001 0.001 0.002 

Locus 10 : 10 
7 alleles
0.3% missing data
 232   (0.219) 0.305 0.272 0.134 0.206 
 238   (0.541) 0.546 0.342 0.683 0.667 
 252   (0.098) 0.128 0.037 0.018 0.081 
 254   (0.070) 0.019 0.264 0.134 0.021 
 250   (0.026) 0.000 0.002 0.027 0.008 
 248   (0.031) 0.001 0.082 0.002 0.013 
 236   (0.015) 0.000 0.002 0.001 0.004 

Locus 11 : 11 
4 alleles
0.0% missing data
  87   (0.673) 0.626 0.543 0.592 0.793 
  89   (0.220) 0.319 0.373 0.138 0.171 
  91   (0.089) 0.054 0.083 0.145 0.034 
  85   (0.018) 0.000 0.001 0.126 0.002 

Locus 12 : 12 
12 alleles
0.3% missing data
 160   (0.261) 0.133 0.702 0.434 0.230 
 162   (0.183) 0.224 0.241 0.013 0.263 
 147   (0.049) 0.148 0.003 0.003 0.034 
 158   (0.192) 0.461 0.023 0.087 0.224 
 161   (0.115) 0.024 0.020 0.252 0.107 
 170   (0.061) 0.009 0.004 0.027 0.051 
 143   (0.034) 0.001 0.002 0.170 0.015 
 149   (0.028) 0.000 0.002 0.002 0.039 
 154   (0.027) 0.001 0.002 0.008 0.016 
 150   (0.015) 0.000 0.001 0.001 0.005 
 159   (0.019) 0.000 0.001 0.001 0.012 
 164   (0.015) 0.000 0.001 0.001 0.005 

Locus 13 : 13 
4 alleles
0.0% missing data
 108   (0.195) 0.175 0.201 0.296 0.145 
 115   (0.425) 0.542 0.291 0.331 0.475 
 113   (0.365) 0.283 0.507 0.372 0.375 
 109   (0.015) 0.000 0.001 0.001 0.005 

Locus 14 : 14 
5 alleles
0.8% missing data
 227   (0.156) 0.258 0.026 0.023 0.212 
 231   (0.143) 0.097 0.347 0.361 0.075 
 229   (0.481) 0.477 0.405 0.419 0.559 
 225   (0.139) 0.078 0.216 0.095 0.104 
 233   (0.081) 0.091 0.006 0.102 0.049 

Locus 15 : 15 
5 alleles
0.5% missing data
 143   (0.782) 0.966 0.823 0.636 0.853 
 157   (0.017) 0.014 0.001 0.001 0.002 
 145   (0.096) 0.019 0.006 0.203 0.084 
 147   (0.074) 0.001 0.138 0.157 0.050 
 133   (0.030) 0.001 0.032 0.003 0.012 

Locus 16 : 16 
5 alleles
0.3% missing data
 156   (0.261) 0.264 0.501 0.228 0.231 
 158   (0.446) 0.525 0.202 0.308 0.570 
 160   (0.162) 0.173 0.113 0.114 0.134 
 154   (0.113) 0.038 0.182 0.350 0.057 
 152   (0.018) 0.000 0.001 0.001 0.008 

Locus 17 : 17 
5 alleles
0.0% missing data
 102   (0.211) 0.221 0.199 0.046 0.224 
  90   (0.626) 0.734 0.790 0.369 0.675 
  88   (0.103) 0.044 0.008 0.362 0.070 
 100   (0.045) 0.001 0.003 0.222 0.026 
 104   (0.016) 0.000 0.001 0.001 0.005 

Locus 18 : 18 
8 alleles
0.3% missing data
 142   (0.112) 0.407 0.007 0.027 0.121 
 146   (0.100) 0.151 0.219 0.007 0.091 
 140   (0.242) 0.143 0.186 0.313 0.264 
 127   (0.226) 0.174 0.068 0.201 0.277 
 148   (0.119) 0.056 0.214 0.065 0.092 
 128   (0.051) 0.045 0.003 0.197 0.015 
 138   (0.056) 0.022 0.005 0.011 0.046 
 150   (0.093) 0.002 0.299 0.179 0.094 

Locus 19 : 19 
7 alleles
0.3% missing data
 188   (0.148) 0.137 0.169 0.011 0.184 
 190   (0.176) 0.368 0.200 0.043 0.144 
 194   (0.533) 0.492 0.488 0.623 0.560 
 200   (0.075) 0.001 0.004 0.250 0.100 
 202   (0.036) 0.001 0.137 0.038 0.007 
 196   (0.016) 0.000 0.002 0.003 0.004 
 198   (0.017) 0.000 0.001 0.032 0.002 

Locus 20 : 20 
6 alleles
0.8% missing data
 252   (0.561) 0.817 0.719 0.095 0.765 
 250   (0.127) 0.093 0.139 0.421 0.058 
 244   (0.041) 0.014 0.003 0.035 0.010 
 254   (0.116) 0.030 0.083 0.230 0.070 
 246   (0.122) 0.035 0.054 0.216 0.082 
 248   (0.033) 0.010 0.002 0.002 0.016 

Locus 21 : 21 
7 alleles
0.0% missing data
 173   (0.303) 0.322 0.212 0.196 0.371 
 177   (0.228) 0.325 0.179 0.064 0.279 
 175   (0.144) 0.033 0.254 0.498 0.102 
 167   (0.168) 0.306 0.122 0.075 0.152 
 163   (0.065) 0.003 0.209 0.095 0.032 
 159   (0.024) 0.000 0.001 0.002 0.025 
 165   (0.068) 0.010 0.023 0.071 0.039 

Locus 22 : 22 
11 alleles
1.0% missing data
 146   (0.176) 0.259 0.139 0.018 0.250 
 154   (0.018) 0.052 0.001 0.001 0.002 
 166   (0.069) 0.061 0.004 0.009 0.086 
 152   (0.383) 0.585 0.384 0.156 0.491 
 150   (0.053) 0.009 0.003 0.110 0.025 
 164   (0.045) 0.017 0.003 0.059 0.014 
 148   (0.022) 0.000 0.002 0.047 0.004 
 158   (0.104) 0.014 0.105 0.369 0.064 
 162   (0.062) 0.001 0.071 0.118 0.041 
 142   (0.031) 0.001 0.002 0.026 0.015 
 156   (0.038) 0.001 0.286 0.087 0.008 

Locus 23 : 23 
7 alleles
0.5% missing data
 152   (0.022) 0.060 0.001 0.001 0.004 
 156   (0.132) 0.044 0.039 0.350 0.104 
 144   (0.227) 0.170 0.622 0.304 0.177 
 160   (0.119) 0.184 0.108 0.019 0.099 
 154   (0.433) 0.536 0.227 0.202 0.587 
 158   (0.049) 0.006 0.003 0.121 0.021 
 146   (0.018) 0.000 0.001 0.002 0.008 

Locus 24 : 24 
4 alleles
0.3% missing data
  77   (0.098) 0.258 0.053 0.006 0.073 
  83   (0.502) 0.496 0.920 0.612 0.422 
  81   (0.313) 0.218 0.021 0.353 0.416 
  85   (0.087) 0.027 0.006 0.029 0.088 

Locus 25 : 25 
6 alleles
0.3% missing data
 132   (0.281) 0.481 0.452 0.036 0.328 
 124   (0.517) 0.451 0.535 0.471 0.548 
 126   (0.043) 0.049 0.003 0.014 0.012 
 122   (0.101) 0.018 0.006 0.389 0.085 
 120   (0.035) 0.001 0.002 0.087 0.016 
 136   (0.022) 0.001 0.002 0.003 0.011 

Locus 26 : 26 
7 alleles
0.0% missing data
 165   (0.220) 0.154 0.060 0.140 0.249 
 183   (0.354) 0.538 0.425 0.224 0.332 
 179   (0.111) 0.064 0.007 0.301 0.086 
 175   (0.224) 0.243 0.434 0.016 0.301 
 181   (0.058) 0.001 0.072 0.223 0.025 
 157   (0.016) 0.000 0.001 0.001 0.005 
 185   (0.018) 0.000 0.001 0.095 0.002 

Locus 27 : 27 
4 alleles
0.0% missing data
 142   (0.616) 0.680 0.732 0.484 0.688 
 148   (0.185) 0.110 0.080 0.324 0.156 
 138   (0.058) 0.195 0.004 0.046 0.020 
 150   (0.141) 0.015 0.184 0.147 0.136 

Locus 28 : 28 
6 alleles
1.0% missing data
 260   (0.377) 0.369 0.369 0.207 0.452 
 262   (0.471) 0.619 0.555 0.716 0.440 
 256   (0.093) 0.011 0.073 0.073 0.069 
 258   (0.020) 0.000 0.001 0.001 0.012 
 264   (0.024) 0.000 0.001 0.001 0.022 
 266   (0.015) 0.000 0.001 0.001 0.005 

Locus 29 : 29 
7 alleles
0.5% missing data
 146   (0.252) 0.191 0.334 0.264 0.251 
 150   (0.397) 0.620 0.301 0.213 0.488 
 140   (0.190) 0.114 0.065 0.465 0.178 
 148   (0.096) 0.066 0.295 0.038 0.053 
 152   (0.034) 0.001 0.003 0.018 0.028 
 151   (0.016) 0.006 0.001 0.001 0.002 
 142   (0.015) 0.003 0.001 0.001 0.002 

Locus 30 : 30 
6 alleles
0.3% missing data
 125   (0.228) 0.452 0.030 0.149 0.219 
 129   (0.427) 0.490 0.780 0.095 0.480 
 123   (0.178) 0.055 0.104 0.100 0.181 
 121   (0.021) 0.000 0.002 0.006 0.007 
 127   (0.093) 0.002 0.080 0.529 0.067 
 131   (0.053) 0.001 0.003 0.122 0.046 

Locus 31 : 31 
6 alleles
0.3% missing data
 159   (0.165) 0.135 0.010 0.170 0.198 
 155   (0.507) 0.697 0.697 0.432 0.513 
 157   (0.163) 0.099 0.025 0.079 0.203 
 153   (0.098) 0.062 0.006 0.279 0.068 
 151   (0.052) 0.004 0.260 0.039 0.015 
 163   (0.015) 0.002 0.002 0.001 0.002 

Locus 32 : 32 
5 alleles
1.0% missing data
  91   (0.382) 0.582 0.158 0.295 0.447 
  94   (0.072) 0.055 0.005 0.029 0.054 
  95   (0.192) 0.107 0.406 0.239 0.154 
  92   (0.339) 0.256 0.430 0.426 0.344 
  90   (0.015) 0.000 0.001 0.011 0.002 

Locus 33 : 33 
5 alleles
0.0% missing data
 146   (0.311) 0.074 0.310 0.653 0.328 
 150   (0.531) 0.853 0.636 0.251 0.572 
 148   (0.089) 0.071 0.050 0.038 0.046 
 154   (0.045) 0.001 0.003 0.057 0.036 
 152   (0.023) 0.000 0.001 0.001 0.018 

Locus 34 : 34 
7 alleles
0.0% missing data
 180   (0.412) 0.565 0.665 0.415 0.408 
 196   (0.103) 0.177 0.006 0.028 0.112 
 184   (0.213) 0.164 0.076 0.187 0.238 
 194   (0.018) 0.036 0.001 0.001 0.002 
 192   (0.133) 0.006 0.181 0.145 0.171 
 198   (0.099) 0.052 0.070 0.223 0.048 
 190   (0.023) 0.000 0.001 0.001 0.022 

Locus 35 : 35 
6 alleles
0.0% missing data
 110   (0.179) 0.321 0.082 0.131 0.134 
 112   (0.282) 0.514 0.064 0.050 0.385 
 106   (0.320) 0.126 0.693 0.236 0.336 
  90   (0.061) 0.028 0.004 0.079 0.028 
 108   (0.141) 0.010 0.113 0.503 0.116 
  96   (0.017) 0.000 0.044 0.001 0.002 

Locus 36 : 36 
9 alleles
0.0% missing data
 166   (0.065) 0.247 0.004 0.004 0.061 
 176   (0.102) 0.159 0.019 0.089 0.065 
 172   (0.321) 0.415 0.571 0.140 0.350 
 170   (0.263) 0.166 0.324 0.383 0.253 
 174   (0.113) 0.005 0.074 0.040 0.174 
 178   (0.041) 0.007 0.003 0.003 0.039 
 168   (0.047) 0.001 0.003 0.319 0.034 
 186   (0.033) 0.001 0.002 0.021 0.020 
 158   (0.015) 0.000 0.001 0.001 0.005 

Locus 37 : 37 
6 alleles
0.0% missing data
  89   (0.525) 0.637 0.505 0.564 0.604 
  95   (0.073) 0.071 0.005 0.027 0.057 
  85   (0.172) 0.231 0.246 0.088 0.146 
  81   (0.050) 0.009 0.003 0.004 0.063 
  83   (0.154) 0.051 0.239 0.271 0.122 
  91   (0.027) 0.000 0.002 0.046 0.008 

Locus 38 : 38 
10 alleles
0.0% missing data
 161   (0.333) 0.527 0.372 0.665 0.303 
 165   (0.195) 0.180 0.104 0.127 0.224 
 159   (0.028) 0.028 0.002 0.002 0.009 
 173   (0.243) 0.131 0.510 0.172 0.283 
 169   (0.095) 0.123 0.006 0.027 0.120 
 167   (0.029) 0.009 0.003 0.002 0.012 
 168   (0.017) 0.000 0.001 0.001 0.008 
 155   (0.022) 0.000 0.001 0.002 0.018 
 177   (0.015) 0.000 0.001 0.001 0.005 
 175   (0.021) 0.000 0.001 0.001 0.018 

Locus 39 : 39 
6 alleles
0.8% missing data
  87   (0.143) 0.154 0.132 0.459 0.073 
  89   (0.378) 0.597 0.097 0.204 0.491 
  91   (0.161) 0.120 0.189 0.119 0.129 
  81   (0.103) 0.082 0.111 0.008 0.107 
  85   (0.200) 0.043 0.470 0.209 0.199 
  83   (0.015) 0.003 0.001 0.001 0.002 

Locus 40 : 40 
4 alleles
0.5% missing data
 167   (0.714) 0.912 0.857 0.441 0.775 
 161   (0.216) 0.085 0.136 0.458 0.182 
 165   (0.054) 0.002 0.004 0.101 0.038 
 177   (0.016) 0.000 0.003 0.001 0.004 

Locus 41 : 41 
6 alleles
0.5% missing data
 228   (0.417) 0.555 0.246 0.197 0.473 
 238   (0.270) 0.304 0.115 0.074 0.332 
 224   (0.045) 0.079 0.003 0.015 0.012 
 236   (0.132) 0.059 0.394 0.294 0.063 
 232   (0.020) 0.001 0.001 0.001 0.008 
 240   (0.117) 0.002 0.240 0.418 0.111 

Locus 42 : 42 
7 alleles
0.0% missing data
 128   (0.119) 0.134 0.037 0.008 0.159 
 130   (0.506) 0.610 0.763 0.622 0.496 
 114   (0.067) 0.097 0.005 0.080 0.031 
 132   (0.111) 0.143 0.053 0.007 0.130 
 118   (0.085) 0.003 0.135 0.100 0.073 
 134   (0.097) 0.013 0.006 0.181 0.106 
 136   (0.015) 0.000 0.001 0.001 0.005 

Locus 43 : 43 
6 alleles
0.8% missing data
 102   (0.269) 0.402 0.477 0.067 0.290 
 104   (0.374) 0.192 0.406 0.203 0.492 
  92   (0.124) 0.124 0.008 0.289 0.101 
  96   (0.075) 0.091 0.005 0.183 0.035 
  98   (0.142) 0.190 0.101 0.258 0.079 
 106   (0.016) 0.001 0.003 0.001 0.003 

Locus 44 : 44 
5 alleles
0.3% missing data
 101   (0.299) 0.408 0.192 0.303 0.294 
 103   (0.289) 0.222 0.345 0.118 0.354 
  99   (0.131) 0.072 0.009 0.233 0.136 
  95   (0.258) 0.298 0.452 0.303 0.211 
  97   (0.024) 0.000 0.002 0.043 0.005 

Locus 45 : 45 
7 alleles
0.3% missing data
 177   (0.081) 0.074 0.005 0.083 0.051 
 191   (0.277) 0.167 0.103 0.586 0.272 
 181   (0.528) 0.757 0.856 0.181 0.614 
 179   (0.047) 0.001 0.003 0.134 0.035 
 183   (0.018) 0.000 0.001 0.001 0.008 
 193   (0.032) 0.001 0.002 0.012 0.019 
 189   (0.016) 0.000 0.029 0.001 0.002 

Locus 46 : 46 
6 alleles
0.8% missing data
 205   (0.409) 0.523 0.409 0.292 0.515 
 211   (0.221) 0.224 0.271 0.375 0.192 
 207   (0.157) 0.135 0.201 0.064 0.156 
 201   (0.080) 0.069 0.006 0.108 0.058 
 215   (0.108) 0.048 0.112 0.149 0.070 
 202   (0.025) 0.000 0.002 0.012 0.009 

Locus 47 : 47 
9 alleles
1.0% missing data
 144   (0.087) 0.213 0.134 0.013 0.052 
 158   (0.154) 0.150 0.087 0.112 0.143 
 168   (0.142) 0.195 0.109 0.211 0.096 
 166   (0.150) 0.289 0.376 0.024 0.143 
 142   (0.303) 0.145 0.283 0.136 0.473 
 170   (0.029) 0.002 0.003 0.035 0.006 
 156   (0.039) 0.002 0.003 0.175 0.015 
 162   (0.042) 0.001 0.003 0.147 0.030 
 164   (0.055) 0.003 0.003 0.147 0.042 

Locus 48 : 48 
7 alleles
7.6% missing data
 149   (0.366) 0.221 0.327 0.683 0.370 
 151   (0.155) 0.257 0.010 0.088 0.179 
 153   (0.199) 0.306 0.028 0.042 0.277 
 147   (0.041) 0.031 0.003 0.017 0.013 
 145   (0.193) 0.181 0.629 0.119 0.148 
 152   (0.016) 0.003 0.001 0.001 0.002 
 143   (0.030) 0.001 0.002 0.048 0.011 

Values of parameters used in structure:
DATAFILE=temp2.str,	OUTFILE=k4/temp2_k4_run1,	NUMINDS=396,	NUMLOCI=48,	MISSING=-9,	LABEL=1,	POPDATA=1,	POPFLAG=0,	PHENOTYPE=0,	EXTRACOLS=0,	MAXPOPS=4,	BURNIN=500000,	NUMREPS=750000,	USEPOPINFO=0,	INFERALPHA=1,	INFERLAMBDA=0,	POPSPECIFICLAMBDA=0,	POPALPHAS=0,	COMPUTEPROB=1,	NOADMIX=0,	ADMBURNIN=500,	UPDATEFREQ=100,	PRINTLIKES=0,	INTERMEDSAVE=0,	PRINTKLD=0,	PRINTNET=1,	PRINTLAMBDA=1,	ANCESTDIST=0,	NUMBOXES=1000,	ANCESTPINT=0.90000,	GENSBACK=2,	MIGRPRIOR=0.01000,	PRINTQHAT=0,	PRINTQSUM=1,	ALPHA=1.0000,	FREQSCORR=1,	FPRIORMEAN=0.0100,	FPRIORSD=0.0500,	ONEFST=0,	LAMBDA=1.0000,	UNIFPRIORALPHA=1,	ALPHAMAX=10.0000,	ALPHAPRIORA=1.0000,	ALPHAPRIORB=2.0000,	ALPHAPROPSD=0.0250,	STARTATPOPINFO=0,	RANDOMIZE=0,	LINKAGE=0,	METROFREQ=10,	REPORTHITRATE=0,	MARKOVPHASE=0,	PHASED=1,	PLOIDY=2,	PHASEINFO=0	LOCPRIOR=0, 	LOCPRIORINIT=1.000000, 	LOCDATA=0, 	LOCISPOP=1, 	LOCPRIORSTEP=0.100000, 	MAXLOCPRIOR=20.000000, 	SEED=310680,	
[STRAT parameters]:    NUMSIMSTATS=1000,	PHENOTYPECOL=-9,	POOLFREQ=10,	LOCUSxONLY=0,	EMERROR=0.00100,	MISSINGPHENO=-9,	