Iteration	log-likelihood
0	-10376.329
1	-7704.1302
2	-3435.9855
3	-3185.8227
4	-3125.2966
5	-3102.3244
6	-3091.2978
7	-3085.1392
8	-3081.301
9	-3078.7061
10	-3076.8496
11	-3075.4713
12	-3074.42
13	-3073.5981
14	-3072.9408
15	-3072.4046
16	-3071.9607
17	-3071.5892
18	-3071.2761
19	-3071.0105
20	-3070.7842
21	-3070.5903
22	-3070.4234
23	-3070.279
24	-3070.1535
25	-3070.0438
26	-3069.9475
27	-3069.8628
28	-3069.7879
29	-3069.7215
30	-3069.6625
31	-3069.6099
32	-3069.5629
33	-3069.521
34	-3069.4834
35	-3069.4496
36	-3069.4193
37	-3069.3921
38	-3069.3675
39	-3069.3454
40	-3069.3254
41	-3069.3074
42	-3069.2912
43	-3069.2765
44	-3069.2632
45	-3069.2511
46	-3069.2402
47	-3069.2304
48	-3069.2214
49	-3069.2133
50	-3069.2059
51	-3069.1992
52	-3069.1932
53	-3069.1876
54	-3069.1826
55	-3069.1781
56	-3069.1739
57	-3069.1701
58	-3069.1667
59	-3069.1635
60	-3069.1606
61	-3069.158
62	-3069.1556
63	-3069.1534
64	-3069.1514
65	-3069.1496
66	-3069.1479
67	-3069.1463
68	-3069.1449
69	-3069.1436
70	-3069.1424
71	-3069.1413
72	-3069.1402
73	-3069.1393
