Pearson correlation: R=-nan	 P-value<0.01
indivID	f_Missing	f_Homozygotes
189	0	0.408163
190	0	0.469388
193	0	0.367347
761	0	0.55102
762	0	0.44898
763	0	0.408163
764	0	0.571429
765	0	0.44898
778	0	0.387755
779	0	0.387755
780	0	0.489796
781	0	0.44898
782	0	0.489796
783	0	0.591837
784	0	0.408163
785	0	0.346939
786	0	0.469388
787	0	0.387755
788	0	0.387755
789	0	0.367347
790	0	0.44898
791	0	0.469388
792	0	0.326531
793	0	0.367347
794	0	0.44898
795	0	0.367347
796	0	0.408163
797	0	0.530612
798	0	0.326531
