

----------------------------------------------------
STRUCTURE by Pritchard, Stephens and Donnelly (2000)
     and Falush, Stephens and Pritchard (2003)
       Code by Pritchard, Falush and Hubisz
             Version 2.3.4 (Jul 2012)
----------------------------------------------------



Command line arguments:   structure -D 419314 -K 5 -m mainparams -o k5/wbnp1_k5_run8 
Input File:    wbnp1.str

Run parameters:
   81 individuals
   48 loci
   5 populations assumed
   500000 Burn-in period
   750000 Reps
RANDOMIZE turned off


--------------------------------------------
Proportion of membership of each pre-defined
 population in each of the 5 clusters

Given    Inferred Clusters                     Number of
 Pop       1      2      3      4      5      Individuals

  1:     0.199  0.201  0.200  0.200  0.200       10
  2:     0.211  0.209  0.211  0.184  0.185       24
  3:     0.182  0.187  0.184  0.225  0.221       13
  4:     0.188  0.193  0.189  0.220  0.210       11
  5:     0.200  0.199  0.199  0.199  0.203       23
--------------------------------------------

Allele-freq. divergence among pops (Net nucleotide distance),
computed using point estimates of P.

      1       2       3       4       5      
 1      -    0.0005  0.0000  0.0201  0.0171  
 2   0.0005     -    0.0003  0.0157  0.0133  
 3   0.0000  0.0003     -    0.0189  0.0160  
 4   0.0201  0.0157  0.0189     -    0.0009  
 5   0.0171  0.0133  0.0160  0.0009     -    

Average distances (expected heterozygosity) between individuals in same cluster:
cluster  1  : 0.6825 
cluster  2  : 0.6658 
cluster  3  : 0.6787 
cluster  4  : 0.5507 
cluster  5  : 0.5643 

--------------------------------------------
Estimated Ln Prob of Data   = -10575.9
Mean value of ln likelihood = -9627.6
Variance of ln likelihood   = 1896.6
Mean value of alpha         = 3.4694

Mean value of Fst_1         = 0.0001
Mean value of Fst_2         = 0.0704
Mean value of Fst_3         = 0.0151
Mean value of Fst_4         = 0.4232
Mean value of Fst_5         = 0.3934


Inferred ancestry of individuals:
        Label (%Miss) Pop:  Inferred clusters
  1     2355    (0)    1 :  0.216 0.213 0.213 0.182 0.176 
  2     2356    (0)    1 :  0.227 0.219 0.226 0.165 0.163 
  3     2357    (0)    1 :  0.165 0.180 0.167 0.259 0.230 
  4     2358    (0)    1 :  0.209 0.214 0.209 0.188 0.179 
  5     2359    (0)    1 :  0.158 0.167 0.162 0.244 0.270 
  6     2360    (0)    1 :  0.191 0.196 0.191 0.211 0.211 
  7     2361    (2)    1 :  0.204 0.203 0.204 0.194 0.196 
  8     2362    (0)    1 :  0.179 0.185 0.182 0.228 0.227 
  9     2363    (0)    1 :  0.232 0.223 0.229 0.155 0.161 
 10     2364    (0)    1 :  0.215 0.209 0.215 0.177 0.184 
 11     2434    (0)    2 :  0.221 0.218 0.219 0.171 0.171 
 12     2435    (0)    2 :  0.260 0.240 0.252 0.120 0.129 
 13     2436    (0)    2 :  0.244 0.230 0.241 0.139 0.146 
 14     2437    (0)    2 :  0.241 0.229 0.237 0.144 0.149 
 15     2438    (0)    2 :  0.217 0.220 0.221 0.164 0.178 
 16     2439    (0)    2 :  0.181 0.194 0.183 0.223 0.219 
 17     2440    (0)    2 :  0.198 0.201 0.197 0.203 0.201 
 18     2441    (0)    2 :  0.224 0.217 0.224 0.160 0.175 
 19     2442    (0)    2 :  0.217 0.214 0.216 0.171 0.182 
 20     2443    (0)    2 :  0.213 0.210 0.212 0.184 0.181 
 21     2444    (0)    2 :  0.208 0.204 0.206 0.194 0.189 
 22     2446    (0)    2 :  0.196 0.199 0.196 0.211 0.198 
 23     2447    (0)    2 :  0.210 0.209 0.211 0.178 0.193 
 24     2448    (0)    2 :  0.166 0.181 0.169 0.249 0.235 
 25     2449    (0)    2 :  0.227 0.220 0.225 0.167 0.161 
 26     2450    (0)    2 :  0.219 0.215 0.217 0.177 0.172 
 27     2451    (0)    2 :  0.245 0.237 0.240 0.140 0.139 
 28     2452    (0)    2 :  0.161 0.173 0.163 0.266 0.237 
 29     2453    (0)    2 :  0.224 0.215 0.221 0.166 0.174 
 30     2454    (0)    2 :  0.171 0.175 0.173 0.241 0.240 
 31     2455    (0)    2 :  0.187 0.191 0.187 0.216 0.219 
 32     2456    (0)    2 :  0.218 0.214 0.219 0.162 0.186 
 33     2457    (0)    2 :  0.194 0.190 0.192 0.221 0.203 
 34     2458    (0)    2 :  0.232 0.223 0.230 0.156 0.159 
 35     2398    (0)    3 :  0.178 0.187 0.180 0.230 0.225 
 36     2399    (0)    3 :  0.194 0.197 0.194 0.208 0.207 
 37     2400    (0)    3 :  0.204 0.210 0.207 0.200 0.179 
 38     2401    (0)    3 :  0.174 0.181 0.179 0.235 0.231 
 39     2402    (0)    3 :  0.202 0.200 0.202 0.193 0.203 
 40     2403    (0)    3 :  0.160 0.174 0.164 0.267 0.235 
 41     2404    (0)    3 :  0.154 0.163 0.157 0.268 0.257 
 42     2405    (0)    3 :  0.195 0.198 0.198 0.196 0.213 
 43     2406    (0)    3 :  0.191 0.185 0.190 0.212 0.221 
 44     2407    (0)    3 :  0.182 0.180 0.182 0.227 0.229 
 45     2408    (0)    3 :  0.195 0.195 0.197 0.198 0.215 
 46     2409    (0)    3 :  0.186 0.189 0.187 0.228 0.210 
 47     2410    (0)    3 :  0.157 0.166 0.161 0.262 0.254 
 48     2459    (0)    4 :  0.198 0.200 0.196 0.208 0.198 
 49     2460    (0)    4 :  0.196 0.198 0.196 0.213 0.198 
 50     2461    (0)    4 :  0.180 0.191 0.183 0.233 0.212 
 51     2462    (4)    4 :  0.194 0.196 0.192 0.214 0.205 
 52     2463    (0)    4 :  0.171 0.180 0.171 0.243 0.235 
 53     2464    (2)    4 :  0.198 0.196 0.195 0.219 0.191 
 54     2465    (0)    4 :  0.157 0.174 0.162 0.248 0.260 
 55     2466    (2)    4 :  0.180 0.184 0.180 0.235 0.221 
 56     2467    (0)    4 :  0.208 0.207 0.208 0.185 0.191 
 57     2468    (0)    4 :  0.182 0.191 0.184 0.232 0.211 
 58     2469    (0)    4 :  0.208 0.205 0.207 0.193 0.187 
 59     2369    (0)    5 :  0.156 0.165 0.160 0.250 0.269 
 60     2370    (0)    5 :  0.184 0.191 0.188 0.222 0.215 
 61     2372    (0)    5 :  0.191 0.194 0.190 0.208 0.217 
 62     2373    (0)    5 :  0.215 0.211 0.212 0.177 0.185 
 63     2374    (0)    5 :  0.171 0.177 0.171 0.261 0.220 
 64     2375    (0)    5 :  0.229 0.217 0.224 0.165 0.166 
 65     2376    (0)    5 :  0.205 0.205 0.206 0.186 0.198 
 66     2377    (0)    5 :  0.199 0.191 0.198 0.202 0.211 
 67     2378    (0)    5 :  0.168 0.172 0.170 0.237 0.252 
 68     2379    (0)    5 :  0.215 0.204 0.214 0.174 0.194 
 69     2380    (0)    5 :  0.173 0.186 0.175 0.250 0.216 
 70     2381    (0)    5 :  0.191 0.195 0.191 0.207 0.215 
 71     2382    (0)    5 :  0.226 0.215 0.222 0.161 0.176 
 72     2383    (0)    5 :  0.165 0.172 0.169 0.243 0.251 
 73     2384    (0)    5 :  0.178 0.182 0.181 0.221 0.238 
 74     2385    (0)    5 :  0.218 0.215 0.218 0.175 0.174 
 75     2386    (0)    5 :  0.220 0.215 0.217 0.175 0.172 
 76     2387    (0)    5 :  0.206 0.207 0.205 0.189 0.194 
 77     2388    (0)    5 :  0.235 0.225 0.231 0.149 0.159 
 78     2389    (2)    5 :  0.252 0.235 0.244 0.130 0.139 
 79     2390    (0)    5 :  0.228 0.219 0.224 0.158 0.171 
 80     2391    (0)    5 :  0.195 0.197 0.197 0.197 0.213 
 81     2392    (0)    5 :  0.176 0.179 0.178 0.235 0.231 


Estimated Allele Frequencies in each cluster
First column gives estimated ancestral frequencies


Locus 1 : 1 
4 alleles
0.0% missing data
  91   (0.354) 0.354 0.343 0.354 0.307 0.340 
  89   (0.491) 0.491 0.510 0.493 0.596 0.560 
  93   (0.119) 0.119 0.116 0.118 0.092 0.092 
  99   (0.037) 0.037 0.031 0.035 0.005 0.008 

Locus 2 : 2 
6 alleles
0.0% missing data
 134   (0.280) 0.280 0.293 0.281 0.312 0.297 
 136   (0.335) 0.335 0.344 0.337 0.353 0.345 
 140   (0.112) 0.112 0.101 0.110 0.041 0.048 
 138   (0.212) 0.212 0.211 0.213 0.287 0.298 
 142   (0.018) 0.018 0.014 0.017 0.001 0.003 
 132   (0.044) 0.044 0.037 0.042 0.006 0.010 

Locus 3 : 3 
6 alleles
0.0% missing data
 179   (0.327) 0.327 0.342 0.329 0.359 0.346 
 187   (0.226) 0.226 0.234 0.229 0.355 0.356 
 185   (0.145) 0.145 0.130 0.143 0.049 0.054 
 191   (0.052) 0.052 0.045 0.051 0.030 0.025 
 181   (0.171) 0.171 0.178 0.172 0.181 0.191 
 175   (0.078) 0.078 0.070 0.076 0.027 0.029 

Locus 4 : 4 
10 alleles
0.0% missing data
 241   (0.167) 0.167 0.160 0.167 0.202 0.225 
 247   (0.108) 0.108 0.098 0.105 0.029 0.035 
 253   (0.325) 0.325 0.361 0.335 0.548 0.532 
 273   (0.027) 0.027 0.023 0.025 0.002 0.004 
 269   (0.203) 0.203 0.214 0.205 0.181 0.160 
 271   (0.081) 0.081 0.071 0.079 0.028 0.027 
 249   (0.035) 0.035 0.030 0.034 0.005 0.008 
 245   (0.017) 0.017 0.014 0.016 0.001 0.003 
 265   (0.017) 0.017 0.014 0.016 0.002 0.003 
 239   (0.019) 0.019 0.016 0.018 0.001 0.003 

Locus 5 : 5 
4 alleles
0.0% missing data
 103   (0.881) 0.881 0.899 0.886 0.979 0.972 
 105   (0.070) 0.070 0.061 0.068 0.017 0.020 
 102   (0.028) 0.028 0.024 0.027 0.003 0.005 
 104   (0.021) 0.021 0.017 0.019 0.002 0.003 

Locus 6 : 6 
5 alleles
0.0% missing data
 135   (0.363) 0.363 0.357 0.360 0.202 0.215 
 145   (0.351) 0.351 0.372 0.356 0.464 0.436 
 141   (0.224) 0.224 0.219 0.225 0.327 0.338 
 147   (0.037) 0.037 0.031 0.035 0.005 0.007 
 137   (0.026) 0.026 0.021 0.025 0.002 0.004 

Locus 7 : 7 
10 alleles
1.2% missing data
  97   (0.195) 0.195 0.208 0.195 0.170 0.160 
 103   (0.262) 0.262 0.294 0.271 0.512 0.449 
  89   (0.104) 0.104 0.094 0.102 0.038 0.041 
  93   (0.220) 0.220 0.212 0.221 0.202 0.258 
  83   (0.072) 0.072 0.069 0.072 0.053 0.059 
  99   (0.026) 0.026 0.021 0.024 0.003 0.005 
  85   (0.050) 0.050 0.043 0.048 0.014 0.016 
  91   (0.035) 0.035 0.029 0.034 0.004 0.007 
 105   (0.018) 0.018 0.014 0.017 0.002 0.003 
 101   (0.018) 0.018 0.015 0.017 0.002 0.003 

Locus 8 : 8 
7 alleles
0.0% missing data
 129   (0.519) 0.519 0.553 0.528 0.764 0.728 
 143   (0.274) 0.274 0.268 0.273 0.190 0.215 
 141   (0.072) 0.072 0.065 0.070 0.025 0.027 
 149   (0.061) 0.061 0.052 0.059 0.012 0.017 
 133   (0.037) 0.037 0.031 0.036 0.005 0.008 
 145   (0.019) 0.019 0.016 0.018 0.002 0.003 
 127   (0.018) 0.018 0.015 0.017 0.002 0.003 

Locus 9 : 9 
4 alleles
0.0% missing data
 189   (0.489) 0.489 0.502 0.487 0.486 0.505 
 191   (0.285) 0.285 0.278 0.285 0.342 0.347 
 195   (0.206) 0.206 0.205 0.210 0.171 0.146 
 193   (0.020) 0.020 0.016 0.019 0.001 0.003 

Locus 10 : 10 
6 alleles
0.0% missing data
 250   (0.063) 0.063 0.054 0.061 0.010 0.015 
 254   (0.065) 0.065 0.055 0.063 0.009 0.013 
 252   (0.115) 0.115 0.101 0.112 0.053 0.053 
 238   (0.546) 0.546 0.573 0.548 0.688 0.657 
 232   (0.175) 0.175 0.186 0.182 0.233 0.251 
 248   (0.036) 0.036 0.031 0.034 0.008 0.011 

Locus 11 : 11 
4 alleles
0.0% missing data
  87   (0.716) 0.716 0.719 0.722 0.831 0.839 
  89   (0.211) 0.211 0.220 0.209 0.155 0.144 
  91   (0.053) 0.053 0.044 0.051 0.013 0.015 
  85   (0.020) 0.020 0.016 0.018 0.002 0.003 

Locus 12 : 12 
11 alleles
0.0% missing data
 160   (0.238) 0.238 0.245 0.241 0.367 0.308 
 158   (0.171) 0.172 0.193 0.177 0.214 0.269 
 162   (0.217) 0.217 0.231 0.217 0.312 0.283 
 170   (0.079) 0.079 0.075 0.079 0.039 0.049 
 161   (0.106) 0.106 0.098 0.106 0.039 0.047 
 154   (0.034) 0.034 0.028 0.032 0.005 0.008 
 143   (0.037) 0.037 0.031 0.036 0.004 0.007 
 149   (0.041) 0.041 0.035 0.040 0.007 0.010 
 147   (0.041) 0.041 0.035 0.040 0.009 0.012 
 159   (0.017) 0.017 0.014 0.017 0.002 0.003 
 134   (0.018) 0.017 0.014 0.016 0.001 0.003 

Locus 13 : 13 
4 alleles
0.0% missing data
 113   (0.332) 0.332 0.333 0.334 0.272 0.323 
 115   (0.471) 0.471 0.483 0.471 0.612 0.561 
 108   (0.180) 0.180 0.169 0.179 0.114 0.113 
 110   (0.017) 0.017 0.014 0.016 0.001 0.003 

Locus 14 : 14 
7 alleles
0.0% missing data
 225   (0.181) 0.181 0.165 0.177 0.072 0.082 
 229   (0.398) 0.398 0.417 0.404 0.573 0.530 
 227   (0.122) 0.122 0.150 0.128 0.244 0.257 
 231   (0.220) 0.220 0.202 0.217 0.100 0.115 
 213   (0.018) 0.018 0.015 0.017 0.001 0.003 
 233   (0.043) 0.043 0.037 0.041 0.007 0.011 
 203   (0.018) 0.018 0.015 0.017 0.002 0.003 

Locus 15 : 15 
4 alleles
1.2% missing data
 143   (0.890) 0.890 0.907 0.895 0.982 0.973 
 145   (0.063) 0.063 0.054 0.060 0.013 0.019 
 147   (0.028) 0.028 0.023 0.027 0.004 0.006 
 157   (0.019) 0.019 0.015 0.018 0.001 0.003 

Locus 16 : 16 
5 alleles
0.0% missing data
 158   (0.475) 0.475 0.495 0.481 0.622 0.574 
 156   (0.290) 0.290 0.294 0.285 0.229 0.249 
 154   (0.088) 0.088 0.076 0.086 0.021 0.029 
 160   (0.129) 0.128 0.121 0.132 0.126 0.146 
 152   (0.017) 0.017 0.014 0.017 0.002 0.003 

Locus 17 : 17 
5 alleles
0.0% missing data
  90   (0.611) 0.611 0.632 0.615 0.764 0.767 
 100   (0.147) 0.147 0.142 0.145 0.088 0.082 
 102   (0.152) 0.152 0.147 0.151 0.122 0.119 
 104   (0.019) 0.019 0.016 0.018 0.002 0.003 
  88   (0.072) 0.072 0.063 0.071 0.025 0.029 

Locus 18 : 18 
7 alleles
0.0% missing data
 127   (0.226) 0.226 0.255 0.231 0.306 0.294 
 140   (0.274) 0.274 0.293 0.274 0.326 0.336 
 142   (0.113) 0.113 0.105 0.114 0.207 0.186 
 148   (0.108) 0.108 0.097 0.106 0.049 0.054 
 146   (0.115) 0.115 0.104 0.113 0.045 0.060 
 138   (0.074) 0.074 0.067 0.073 0.037 0.039 
 150   (0.091) 0.091 0.079 0.089 0.030 0.031 

Locus 19 : 19 
6 alleles
0.0% missing data
 190   (0.124) 0.124 0.114 0.123 0.069 0.082 
 194   (0.466) 0.466 0.495 0.475 0.697 0.708 
 202   (0.054) 0.054 0.046 0.052 0.008 0.012 
 188   (0.183) 0.183 0.181 0.181 0.106 0.093 
 200   (0.154) 0.154 0.149 0.152 0.118 0.102 
 198   (0.019) 0.019 0.015 0.017 0.001 0.003 

Locus 20 : 20 
6 alleles
0.0% missing data
 252   (0.594) 0.594 0.642 0.604 0.848 0.830 
 246   (0.126) 0.126 0.120 0.126 0.096 0.093 
 248   (0.028) 0.028 0.023 0.026 0.003 0.005 
 244   (0.035) 0.035 0.029 0.033 0.006 0.009 
 250   (0.121) 0.121 0.104 0.118 0.026 0.035 
 254   (0.096) 0.096 0.082 0.093 0.020 0.028 

Locus 21 : 21 
6 alleles
0.0% missing data
 167   (0.255) 0.255 0.277 0.258 0.353 0.321 
 173   (0.231) 0.231 0.234 0.232 0.404 0.396 
 163   (0.063) 0.063 0.054 0.060 0.010 0.015 
 177   (0.221) 0.221 0.228 0.225 0.160 0.175 
 175   (0.144) 0.144 0.132 0.141 0.052 0.065 
 165   (0.086) 0.086 0.074 0.083 0.022 0.027 

Locus 22 : 22 
10 alleles
0.0% missing data
 152   (0.362) 0.362 0.404 0.376 0.569 0.550 
 158   (0.154) 0.154 0.141 0.151 0.076 0.082 
 146   (0.172) 0.172 0.187 0.171 0.288 0.279 
 150   (0.051) 0.051 0.044 0.049 0.012 0.015 
 156   (0.026) 0.026 0.022 0.025 0.003 0.005 
 162   (0.044) 0.044 0.036 0.042 0.005 0.009 
 166   (0.081) 0.081 0.071 0.079 0.026 0.032 
 164   (0.050) 0.050 0.043 0.049 0.012 0.016 
 148   (0.035) 0.035 0.029 0.033 0.004 0.007 
 142   (0.026) 0.026 0.022 0.025 0.005 0.006 

Locus 23 : 23 
6 alleles
1.2% missing data
 144   (0.162) 0.162 0.164 0.162 0.205 0.230 
 156   (0.187) 0.187 0.177 0.186 0.076 0.091 
 154   (0.481) 0.481 0.506 0.485 0.654 0.614 
 160   (0.124) 0.124 0.114 0.123 0.060 0.058 
 152   (0.018) 0.018 0.014 0.017 0.002 0.003 
 158   (0.029) 0.029 0.024 0.027 0.003 0.005 

Locus 24 : 24 
4 alleles
1.2% missing data
  81   (0.374) 0.374 0.378 0.374 0.415 0.375 
  83   (0.456) 0.456 0.467 0.461 0.479 0.510 
  77   (0.124) 0.124 0.117 0.122 0.096 0.103 
  85   (0.045) 0.045 0.038 0.043 0.009 0.012 

Locus 25 : 25 
6 alleles
1.2% missing data
 124   (0.531) 0.531 0.561 0.538 0.564 0.561 
 132   (0.221) 0.221 0.228 0.222 0.385 0.367 
 122   (0.147) 0.147 0.126 0.144 0.037 0.051 
 126   (0.063) 0.063 0.054 0.061 0.011 0.015 
 120   (0.019) 0.019 0.015 0.018 0.002 0.003 
 136   (0.019) 0.019 0.016 0.018 0.001 0.003 

Locus 26 : 26 
6 alleles
0.0% missing data
 165   (0.237) 0.237 0.250 0.240 0.304 0.310 
 183   (0.299) 0.299 0.294 0.301 0.350 0.359 
 179   (0.133) 0.133 0.121 0.131 0.060 0.057 
 175   (0.228) 0.228 0.244 0.229 0.254 0.241 
 181   (0.084) 0.084 0.075 0.081 0.030 0.030 
 185   (0.019) 0.019 0.016 0.018 0.002 0.003 

Locus 27 : 27 
4 alleles
0.0% missing data
 142   (0.470) 0.470 0.488 0.467 0.667 0.621 
 150   (0.187) 0.187 0.173 0.186 0.123 0.147 
 148   (0.238) 0.238 0.244 0.243 0.170 0.188 
 138   (0.105) 0.105 0.095 0.104 0.041 0.044 

Locus 28 : 28 
5 alleles
0.0% missing data
 260   (0.430) 0.430 0.450 0.440 0.567 0.577 
 262   (0.452) 0.452 0.451 0.447 0.414 0.396 
 258   (0.037) 0.037 0.030 0.035 0.004 0.007 
 256   (0.063) 0.063 0.053 0.061 0.013 0.017 
 264   (0.018) 0.018 0.015 0.017 0.002 0.003 

Locus 29 : 29 
5 alleles
0.0% missing data
 140   (0.180) 0.180 0.180 0.177 0.122 0.124 
 150   (0.442) 0.442 0.456 0.448 0.639 0.631 
 148   (0.094) 0.094 0.082 0.091 0.026 0.031 
 146   (0.239) 0.239 0.246 0.242 0.206 0.205 
 152   (0.044) 0.044 0.037 0.042 0.006 0.010 

Locus 30 : 30 
6 alleles
0.0% missing data
 125   (0.262) 0.262 0.260 0.261 0.230 0.254 
 129   (0.453) 0.453 0.489 0.461 0.668 0.641 
 123   (0.119) 0.119 0.109 0.118 0.069 0.060 
 127   (0.094) 0.094 0.082 0.091 0.020 0.025 
 121   (0.029) 0.029 0.024 0.027 0.003 0.005 
 131   (0.043) 0.043 0.037 0.042 0.011 0.015 

Locus 31 : 31 
5 alleles
0.0% missing data
 155   (0.546) 0.546 0.567 0.551 0.568 0.528 
 159   (0.165) 0.165 0.165 0.163 0.152 0.131 
 157   (0.169) 0.169 0.163 0.168 0.233 0.291 
 153   (0.085) 0.085 0.076 0.084 0.043 0.044 
 151   (0.036) 0.036 0.029 0.034 0.004 0.007 

Locus 32 : 32 
4 alleles
0.0% missing data
  92   (0.269) 0.269 0.263 0.269 0.246 0.253 
  94   (0.076) 0.076 0.067 0.074 0.023 0.028 
  95   (0.203) 0.203 0.203 0.204 0.148 0.147 
  91   (0.452) 0.452 0.467 0.453 0.583 0.573 

Locus 33 : 33 
4 alleles
0.0% missing data
 146   (0.353) 0.353 0.339 0.348 0.318 0.324 
 148   (0.091) 0.091 0.081 0.088 0.034 0.035 
 150   (0.484) 0.484 0.516 0.495 0.614 0.612 
 154   (0.071) 0.071 0.063 0.070 0.034 0.028 

Locus 34 : 34 
6 alleles
0.0% missing data
 180   (0.365) 0.365 0.369 0.368 0.489 0.474 
 192   (0.177) 0.177 0.176 0.178 0.175 0.190 
 184   (0.202) 0.202 0.202 0.203 0.184 0.190 
 196   (0.177) 0.177 0.186 0.175 0.139 0.126 
 198   (0.052) 0.052 0.044 0.050 0.011 0.014 
 190   (0.027) 0.027 0.023 0.026 0.003 0.005 

Locus 35 : 35 
6 alleles
0.0% missing data
 106   (0.271) 0.271 0.284 0.276 0.318 0.290 
 112   (0.277) 0.277 0.291 0.276 0.383 0.354 
  94   (0.044) 0.044 0.036 0.042 0.006 0.009 
 110   (0.170) 0.170 0.176 0.173 0.203 0.242 
 108   (0.185) 0.185 0.167 0.182 0.081 0.092 
  90   (0.054) 0.054 0.045 0.052 0.009 0.012 

Locus 36 : 36 
8 alleles
0.0% missing data
 168   (0.132) 0.132 0.129 0.130 0.080 0.079 
 178   (0.063) 0.063 0.056 0.062 0.024 0.026 
 170   (0.285) 0.285 0.292 0.283 0.213 0.218 
 174   (0.107) 0.107 0.106 0.107 0.184 0.158 
 172   (0.215) 0.215 0.237 0.222 0.364 0.347 
 176   (0.118) 0.118 0.111 0.119 0.107 0.143 
 166   (0.063) 0.063 0.055 0.061 0.026 0.027 
 186   (0.018) 0.018 0.014 0.017 0.002 0.003 

Locus 37 : 37 
6 alleles
0.0% missing data
  85   (0.211) 0.211 0.223 0.210 0.251 0.196 
  95   (0.075) 0.075 0.066 0.073 0.021 0.026 
  89   (0.458) 0.458 0.480 0.467 0.636 0.673 
  83   (0.166) 0.166 0.155 0.164 0.077 0.086 
  81   (0.071) 0.071 0.060 0.069 0.013 0.018 
  91   (0.019) 0.019 0.016 0.018 0.001 0.003 

Locus 38 : 38 
6 alleles
0.0% missing data
 161   (0.330) 0.331 0.326 0.331 0.409 0.389 
 165   (0.229) 0.229 0.231 0.227 0.153 0.147 
 167   (0.057) 0.057 0.050 0.056 0.018 0.021 
 169   (0.108) 0.108 0.106 0.108 0.110 0.108 
 173   (0.249) 0.249 0.265 0.253 0.304 0.328 
 175   (0.026) 0.026 0.022 0.025 0.006 0.007 

Locus 39 : 39 
5 alleles
0.0% missing data
  85   (0.249) 0.249 0.261 0.247 0.196 0.187 
  87   (0.134) 0.134 0.120 0.130 0.057 0.053 
  91   (0.184) 0.184 0.179 0.182 0.094 0.102 
  81   (0.101) 0.101 0.090 0.099 0.032 0.040 
  89   (0.332) 0.332 0.350 0.341 0.621 0.618 

Locus 40 : 40 
3 alleles
0.0% missing data
 167   (0.709) 0.709 0.734 0.714 0.875 0.860 
 161   (0.237) 0.237 0.220 0.235 0.116 0.126 
 165   (0.054) 0.054 0.045 0.051 0.009 0.014 

Locus 41 : 41 
6 alleles
0.0% missing data
 224   (0.027) 0.027 0.023 0.026 0.004 0.005 
 228   (0.346) 0.346 0.381 0.351 0.397 0.373 
 238   (0.340) 0.340 0.341 0.343 0.495 0.491 
 240   (0.196) 0.196 0.179 0.194 0.092 0.110 
 236   (0.072) 0.072 0.061 0.069 0.011 0.017 
 242   (0.018) 0.018 0.015 0.017 0.001 0.003 

Locus 42 : 42 
6 alleles
1.2% missing data
 130   (0.461) 0.461 0.496 0.467 0.652 0.657 
 118   (0.068) 0.068 0.059 0.066 0.017 0.021 
 128   (0.085) 0.085 0.077 0.084 0.056 0.058 
 132   (0.096) 0.096 0.085 0.096 0.069 0.068 
 114   (0.131) 0.131 0.121 0.130 0.060 0.064 
 134   (0.158) 0.158 0.162 0.157 0.147 0.132 

Locus 43 : 43 
5 alleles
0.0% missing data
 104   (0.446) 0.446 0.456 0.448 0.412 0.441 
  98   (0.155) 0.155 0.143 0.153 0.073 0.088 
 102   (0.171) 0.171 0.180 0.173 0.438 0.368 
  92   (0.156) 0.156 0.162 0.158 0.064 0.085 
  96   (0.071) 0.071 0.061 0.068 0.013 0.017 

Locus 44 : 44 
5 alleles
0.0% missing data
  95   (0.223) 0.223 0.218 0.223 0.177 0.155 
 101   (0.312) 0.312 0.334 0.317 0.458 0.484 
 103   (0.292) 0.292 0.300 0.292 0.324 0.309 
  99   (0.127) 0.127 0.110 0.124 0.035 0.043 
  97   (0.045) 0.045 0.038 0.043 0.006 0.009 

Locus 45 : 45 
7 alleles
0.0% missing data
 181   (0.502) 0.502 0.516 0.514 0.672 0.681 
 191   (0.291) 0.291 0.309 0.288 0.280 0.262 
 179   (0.051) 0.051 0.043 0.049 0.018 0.017 
 177   (0.074) 0.074 0.064 0.072 0.022 0.027 
 189   (0.026) 0.026 0.022 0.025 0.003 0.004 
 183   (0.027) 0.027 0.023 0.026 0.003 0.005 
 193   (0.028) 0.028 0.023 0.026 0.002 0.004 

Locus 46 : 46 
6 alleles
0.0% missing data
 211   (0.215) 0.215 0.226 0.212 0.165 0.161 
 215   (0.080) 0.080 0.068 0.077 0.029 0.034 
 205   (0.424) 0.424 0.432 0.429 0.624 0.600 
 207   (0.207) 0.207 0.210 0.210 0.170 0.188 
 201   (0.056) 0.056 0.048 0.054 0.010 0.015 
 202   (0.019) 0.019 0.016 0.018 0.002 0.003 

Locus 47 : 47 
9 alleles
0.0% missing data
 142   (0.256) 0.256 0.291 0.256 0.402 0.375 
 162   (0.082) 0.082 0.070 0.080 0.023 0.028 
 164   (0.051) 0.051 0.044 0.049 0.008 0.011 
 168   (0.156) 0.156 0.164 0.162 0.150 0.143 
 158   (0.133) 0.133 0.133 0.135 0.208 0.228 
 170   (0.044) 0.044 0.038 0.043 0.006 0.009 
 166   (0.151) 0.151 0.149 0.150 0.162 0.161 
 156   (0.051) 0.051 0.043 0.050 0.009 0.013 
 144   (0.076) 0.076 0.068 0.075 0.032 0.032 

Locus 48 : 48 
6 alleles
0.0% missing data
 149   (0.326) 0.326 0.343 0.330 0.342 0.383 
 151   (0.241) 0.241 0.233 0.242 0.141 0.161 
 145   (0.213) 0.213 0.221 0.210 0.196 0.169 
 153   (0.175) 0.175 0.166 0.175 0.315 0.278 
 147   (0.018) 0.018 0.015 0.017 0.001 0.003 
 143   (0.027) 0.027 0.022 0.026 0.003 0.005 

Values of parameters used in structure:
DATAFILE=wbnp1.str,	OUTFILE=k5/wbnp1_k5_run8,	NUMINDS=81,	NUMLOCI=48,	MISSING=-9,	LABEL=1,	POPDATA=1,	POPFLAG=0,	PHENOTYPE=0,	EXTRACOLS=0,	MAXPOPS=5,	BURNIN=500000,	NUMREPS=750000,	USEPOPINFO=0,	INFERALPHA=1,	INFERLAMBDA=0,	POPSPECIFICLAMBDA=0,	POPALPHAS=0,	COMPUTEPROB=1,	NOADMIX=0,	ADMBURNIN=500,	UPDATEFREQ=100,	PRINTLIKES=0,	INTERMEDSAVE=0,	PRINTKLD=0,	PRINTNET=1,	PRINTLAMBDA=1,	ANCESTDIST=0,	NUMBOXES=1000,	ANCESTPINT=0.90000,	GENSBACK=2,	MIGRPRIOR=0.01000,	PRINTQHAT=0,	PRINTQSUM=1,	ALPHA=1.0000,	FREQSCORR=1,	FPRIORMEAN=0.0100,	FPRIORSD=0.0500,	ONEFST=0,	LAMBDA=1.0000,	UNIFPRIORALPHA=1,	ALPHAMAX=10.0000,	ALPHAPRIORA=1.0000,	ALPHAPRIORB=2.0000,	ALPHAPROPSD=0.0250,	STARTATPOPINFO=0,	RANDOMIZE=0,	LINKAGE=0,	METROFREQ=10,	REPORTHITRATE=0,	MARKOVPHASE=0,	PHASED=1,	PLOIDY=2,	PHASEINFO=0	LOCPRIOR=0, 	LOCPRIORINIT=1.000000, 	LOCDATA=0, 	LOCISPOP=1, 	LOCPRIORSTEP=0.100000, 	MAXLOCPRIOR=20.000000, 	SEED=419314,	
[STRAT parameters]:    NUMSIMSTATS=1000,	PHENOTYPECOL=-9,	POOLFREQ=10,	LOCUSxONLY=0,	EMERROR=0.00100,	MISSINGPHENO=-9,	