

----------------------------------------------------
STRUCTURE by Pritchard, Stephens and Donnelly (2000)
     and Falush, Stephens and Pritchard (2003)
       Code by Pritchard, Falush and Hubisz
             Version 2.3.4 (Jul 2012)
----------------------------------------------------



Command line arguments:   structure -D 408509 -K 2 -m mainparams -o k2/wbnp1_k2_run7 
Input File:    wbnp1.str

Run parameters:
   81 individuals
   48 loci
   2 populations assumed
   500000 Burn-in period
   750000 Reps
RANDOMIZE turned off


--------------------------------------------
Proportion of membership of each pre-defined
 population in each of the 2 clusters

Given    Inferred Clusters       Number of
 Pop       1      2             Individuals

  1:     0.509  0.491              10
  2:     0.459  0.541              24
  3:     0.552  0.448              13
  4:     0.536  0.464              11
  5:     0.506  0.494              23
--------------------------------------------

Allele-freq. divergence among pops (Net nucleotide distance),
computed using point estimates of P.

      1       2      
 1      -    0.0330  
 2   0.0330     -    

Average distances (expected heterozygosity) between individuals in same cluster:
cluster  1  : 0.5364 
cluster  2  : 0.7024 

--------------------------------------------
Estimated Ln Prob of Data   = -9829.0
Mean value of ln likelihood = -9681.1
Variance of ln likelihood   = 295.7
Mean value of alpha         = 6.7214

Mean value of Fst_1         = 0.2458
Mean value of Fst_2         = 0.0005


Inferred ancestry of individuals:
        Label (%Miss) Pop:  Inferred clusters
  1     2355    (0)    1 :  0.475 0.525 
  2     2356    (0)    1 :  0.399 0.601 
  3     2357    (0)    1 :  0.618 0.382 
  4     2358    (0)    1 :  0.497 0.503 
  5     2359    (0)    1 :  0.655 0.345 
  6     2360    (0)    1 :  0.559 0.441 
  7     2361    (2)    1 :  0.526 0.474 
  8     2362    (0)    1 :  0.560 0.440 
  9     2363    (0)    1 :  0.364 0.636 
 10     2364    (0)    1 :  0.440 0.560 
 11     2434    (0)    2 :  0.433 0.567 
 12     2435    (0)    2 :  0.297 0.703 
 13     2436    (0)    2 :  0.352 0.648 
 14     2437    (0)    2 :  0.384 0.616 
 15     2438    (0)    2 :  0.469 0.531 
 16     2439    (0)    2 :  0.581 0.419 
 17     2440    (0)    2 :  0.500 0.500 
 18     2441    (0)    2 :  0.404 0.596 
 19     2442    (0)    2 :  0.460 0.540 
 20     2443    (0)    2 :  0.479 0.521 
 21     2444    (0)    2 :  0.470 0.530 
 22     2446    (0)    2 :  0.508 0.492 
 23     2447    (0)    2 :  0.465 0.535 
 24     2448    (0)    2 :  0.619 0.381 
 25     2449    (0)    2 :  0.398 0.602 
 26     2450    (0)    2 :  0.436 0.564 
 27     2451    (0)    2 :  0.344 0.656 
 28     2452    (0)    2 :  0.639 0.361 
 29     2453    (0)    2 :  0.401 0.599 
 30     2454    (0)    2 :  0.585 0.415 
 31     2455    (0)    2 :  0.538 0.462 
 32     2456    (0)    2 :  0.434 0.566 
 33     2457    (0)    2 :  0.428 0.572 
 34     2458    (0)    2 :  0.404 0.596 
 35     2398    (0)    3 :  0.605 0.395 
 36     2399    (0)    3 :  0.540 0.460 
 37     2400    (0)    3 :  0.493 0.507 
 38     2401    (0)    3 :  0.594 0.406 
 39     2402    (0)    3 :  0.503 0.497 
 40     2403    (0)    3 :  0.559 0.441 
 41     2404    (0)    3 :  0.632 0.368 
 42     2405    (0)    3 :  0.534 0.466 
 43     2406    (0)    3 :  0.520 0.480 
 44     2407    (0)    3 :  0.555 0.445 
 45     2408    (0)    3 :  0.511 0.489 
 46     2409    (0)    3 :  0.516 0.484 
 47     2410    (0)    3 :  0.612 0.388 
 48     2459    (0)    4 :  0.488 0.512 
 49     2460    (0)    4 :  0.540 0.460 
 50     2461    (0)    4 :  0.563 0.437 
 51     2462    (4)    4 :  0.527 0.473 
 52     2463    (0)    4 :  0.610 0.390 
 53     2464    (2)    4 :  0.449 0.551 
 54     2465    (0)    4 :  0.631 0.369 
 55     2466    (2)    4 :  0.552 0.448 
 56     2467    (0)    4 :  0.489 0.511 
 57     2468    (0)    4 :  0.566 0.434 
 58     2469    (0)    4 :  0.476 0.524 
 59     2369    (0)    5 :  0.646 0.354 
 60     2370    (0)    5 :  0.575 0.425 
 61     2372    (0)    5 :  0.559 0.441 
 62     2373    (0)    5 :  0.448 0.552 
 63     2374    (0)    5 :  0.514 0.486 
 64     2375    (0)    5 :  0.429 0.571 
 65     2376    (0)    5 :  0.514 0.486 
 66     2377    (0)    5 :  0.491 0.509 
 67     2378    (0)    5 :  0.628 0.372 
 68     2379    (0)    5 :  0.452 0.548 
 69     2380    (0)    5 :  0.564 0.436 
 70     2381    (0)    5 :  0.569 0.431 
 71     2382    (0)    5 :  0.439 0.561 
 72     2383    (0)    5 :  0.620 0.380 
 73     2384    (0)    5 :  0.570 0.430 
 74     2385    (0)    5 :  0.457 0.543 
 75     2386    (0)    5 :  0.433 0.567 
 76     2387    (0)    5 :  0.513 0.487 
 77     2388    (0)    5 :  0.419 0.581 
 78     2389    (2)    5 :  0.340 0.660 
 79     2390    (0)    5 :  0.405 0.595 
 80     2391    (0)    5 :  0.520 0.480 
 81     2392    (0)    5 :  0.544 0.456 


Estimated Allele Frequencies in each cluster
First column gives estimated ancestral frequencies


Locus 1 : 1 
4 alleles
0.0% missing data
  91   (0.376) 0.296 0.376 
  89   (0.463) 0.600 0.464 
  93   (0.120) 0.100 0.119 
  99   (0.041) 0.005 0.041 

Locus 2 : 2 
6 alleles
0.0% missing data
 134   (0.278) 0.308 0.278 
 136   (0.279) 0.405 0.279 
 140   (0.125) 0.038 0.125 
 138   (0.247) 0.243 0.247 
 142   (0.021) 0.001 0.020 
 132   (0.050) 0.006 0.050 

Locus 3 : 3 
6 alleles
0.0% missing data
 179   (0.245) 0.424 0.244 
 187   (0.251) 0.319 0.251 
 185   (0.169) 0.038 0.169 
 191   (0.065) 0.015 0.065 
 181   (0.179) 0.179 0.179 
 175   (0.091) 0.024 0.091 

Locus 4 : 4 
10 alleles
0.0% missing data
 241   (0.184) 0.181 0.184 
 247   (0.115) 0.033 0.115 
 253   (0.258) 0.592 0.258 
 273   (0.031) 0.002 0.031 
 269   (0.217) 0.169 0.217 
 271   (0.096) 0.015 0.096 
 249   (0.039) 0.004 0.039 
 245   (0.020) 0.001 0.020 
 265   (0.020) 0.001 0.020 
 239   (0.021) 0.001 0.020 

Locus 5 : 5 
4 alleles
0.0% missing data
 103   (0.866) 0.981 0.867 
 105   (0.080) 0.015 0.080 
 102   (0.032) 0.003 0.032 
 104   (0.022) 0.001 0.021 

Locus 6 : 6 
5 alleles
0.0% missing data
 135   (0.398) 0.194 0.399 
 145   (0.294) 0.502 0.293 
 141   (0.235) 0.297 0.235 
 147   (0.042) 0.004 0.042 
 137   (0.032) 0.002 0.032 

Locus 7 : 7 
10 alleles
1.2% missing data
  97   (0.194) 0.172 0.194 
 103   (0.199) 0.523 0.199 
  89   (0.110) 0.040 0.110 
  93   (0.249) 0.196 0.249 
  83   (0.081) 0.051 0.081 
  99   (0.030) 0.002 0.030 
  85   (0.058) 0.010 0.058 
  91   (0.040) 0.003 0.040 
 105   (0.020) 0.001 0.020 
 101   (0.020) 0.001 0.020 

Locus 8 : 8 
7 alleles
0.0% missing data
 129   (0.486) 0.753 0.487 
 143   (0.283) 0.203 0.283 
 141   (0.081) 0.024 0.081 
 149   (0.068) 0.012 0.068 
 133   (0.041) 0.005 0.040 
 145   (0.021) 0.002 0.020 
 127   (0.021) 0.001 0.020 

Locus 9 : 9 
4 alleles
0.0% missing data
 189   (0.465) 0.524 0.465 
 191   (0.296) 0.319 0.296 
 195   (0.218) 0.155 0.218 
 193   (0.021) 0.001 0.021 

Locus 10 : 10 
6 alleles
0.0% missing data
 250   (0.071) 0.010 0.071 
 254   (0.072) 0.007 0.072 
 252   (0.140) 0.035 0.141 
 238   (0.504) 0.703 0.504 
 232   (0.174) 0.237 0.174 
 248   (0.039) 0.008 0.038 

Locus 11 : 11 
4 alleles
0.0% missing data
  87   (0.683) 0.850 0.684 
  89   (0.232) 0.140 0.232 
  91   (0.063) 0.009 0.063 
  85   (0.022) 0.001 0.021 

Locus 12 : 12 
11 alleles
0.0% missing data
 160   (0.234) 0.328 0.234 
 158   (0.169) 0.243 0.169 
 162   (0.193) 0.313 0.193 
 170   (0.079) 0.050 0.078 
 161   (0.116) 0.041 0.116 
 154   (0.038) 0.005 0.038 
 143   (0.039) 0.003 0.039 
 149   (0.048) 0.006 0.047 
 147   (0.046) 0.008 0.046 
 159   (0.020) 0.002 0.019 
 134   (0.020) 0.001 0.019 

Locus 13 : 13 
4 alleles
0.0% missing data
 113   (0.356) 0.282 0.356 
 115   (0.439) 0.600 0.440 
 108   (0.183) 0.117 0.183 
 110   (0.022) 0.001 0.021 

Locus 14 : 14 
7 alleles
0.0% missing data
 225   (0.194) 0.073 0.194 
 229   (0.322) 0.612 0.322 
 227   (0.152) 0.210 0.151 
 231   (0.241) 0.096 0.241 
 213   (0.021) 0.001 0.021 
 233   (0.050) 0.007 0.049 
 203   (0.021) 0.002 0.021 

Locus 15 : 15 
4 alleles
1.2% missing data
 143   (0.875) 0.983 0.876 
 145   (0.070) 0.014 0.070 
 147   (0.033) 0.003 0.032 
 157   (0.022) 0.001 0.022 

Locus 16 : 16 
5 alleles
0.0% missing data
 158   (0.418) 0.640 0.418 
 156   (0.322) 0.213 0.323 
 154   (0.096) 0.021 0.096 
 160   (0.143) 0.124 0.143 
 152   (0.021) 0.001 0.021 

Locus 17 : 17 
5 alleles
0.0% missing data
  90   (0.587) 0.766 0.588 
 100   (0.146) 0.095 0.146 
 102   (0.163) 0.114 0.163 
 104   (0.021) 0.001 0.021 
  88   (0.082) 0.024 0.082 

Locus 18 : 18 
7 alleles
0.0% missing data
 127   (0.195) 0.335 0.195 
 140   (0.266) 0.340 0.266 
 142   (0.134) 0.153 0.134 
 148   (0.106) 0.058 0.106 
 146   (0.120) 0.053 0.120 
 138   (0.082) 0.035 0.081 
 150   (0.097) 0.026 0.098 

Locus 19 : 19 
6 alleles
0.0% missing data
 190   (0.129) 0.077 0.128 
 194   (0.400) 0.738 0.400 
 202   (0.061) 0.008 0.061 
 188   (0.198) 0.099 0.198 
 200   (0.193) 0.077 0.193 
 198   (0.021) 0.001 0.021 

Locus 20 : 20 
6 alleles
0.0% missing data
 252   (0.530) 0.872 0.530 
 246   (0.149) 0.080 0.149 
 248   (0.032) 0.003 0.031 
 244   (0.041) 0.006 0.041 
 250   (0.139) 0.021 0.139 
 254   (0.110) 0.018 0.110 

Locus 21 : 21 
6 alleles
0.0% missing data
 167   (0.231) 0.359 0.230 
 173   (0.222) 0.380 0.222 
 163   (0.069) 0.010 0.069 
 177   (0.233) 0.170 0.233 
 175   (0.153) 0.059 0.153 
 165   (0.093) 0.022 0.093 

Locus 22 : 22 
10 alleles
0.0% missing data
 152   (0.316) 0.594 0.317 
 158   (0.163) 0.079 0.163 
 146   (0.173) 0.266 0.173 
 150   (0.056) 0.011 0.056 
 156   (0.030) 0.003 0.030 
 162   (0.049) 0.005 0.049 
 166   (0.089) 0.022 0.089 
 164   (0.055) 0.012 0.055 
 148   (0.040) 0.004 0.039 
 142   (0.029) 0.003 0.029 

Locus 23 : 23 
6 alleles
1.2% missing data
 144   (0.162) 0.203 0.162 
 156   (0.207) 0.078 0.207 
 154   (0.439) 0.663 0.439 
 160   (0.139) 0.051 0.139 
 152   (0.022) 0.001 0.021 
 158   (0.031) 0.002 0.031 

Locus 24 : 24 
4 alleles
1.2% missing data
  81   (0.389) 0.378 0.389 
  83   (0.433) 0.519 0.433 
  77   (0.128) 0.095 0.127 
  85   (0.051) 0.008 0.050 

Locus 25 : 25 
6 alleles
1.2% missing data
 124   (0.489) 0.611 0.489 
 132   (0.231) 0.341 0.231 
 122   (0.164) 0.037 0.164 
 126   (0.073) 0.009 0.073 
 120   (0.022) 0.001 0.021 
 136   (0.021) 0.001 0.021 

Locus 26 : 26 
6 alleles
0.0% missing data
 165   (0.242) 0.296 0.242 
 183   (0.298) 0.347 0.298 
 179   (0.149) 0.048 0.149 
 175   (0.200) 0.281 0.200 
 181   (0.090) 0.026 0.090 
 185   (0.021) 0.001 0.021 

Locus 27 : 27 
4 alleles
0.0% missing data
 142   (0.418) 0.669 0.418 
 150   (0.191) 0.136 0.190 
 148   (0.274) 0.157 0.274 
 138   (0.117) 0.038 0.117 

Locus 28 : 28 
5 alleles
0.0% missing data
 260   (0.403) 0.585 0.403 
 262   (0.463) 0.397 0.464 
 258   (0.042) 0.004 0.042 
 256   (0.071) 0.012 0.070 
 264   (0.022) 0.001 0.021 

Locus 29 : 29 
5 alleles
0.0% missing data
 140   (0.185) 0.127 0.185 
 150   (0.381) 0.669 0.381 
 148   (0.106) 0.021 0.106 
 146   (0.277) 0.177 0.277 
 152   (0.052) 0.006 0.052 

Locus 30 : 30 
6 alleles
0.0% missing data
 125   (0.275) 0.227 0.275 
 129   (0.404) 0.685 0.404 
 123   (0.134) 0.055 0.134 
 127   (0.108) 0.019 0.108 
 121   (0.031) 0.002 0.031 
 131   (0.048) 0.011 0.048 

Locus 31 : 31 
5 alleles
0.0% missing data
 155   (0.508) 0.592 0.508 
 159   (0.168) 0.145 0.168 
 157   (0.186) 0.226 0.186 
 153   (0.096) 0.034 0.096 
 151   (0.042) 0.003 0.041 

Locus 32 : 32 
4 alleles
0.0% missing data
  92   (0.285) 0.232 0.285 
  94   (0.082) 0.025 0.082 
  95   (0.197) 0.166 0.197 
  91   (0.436) 0.576 0.436 

Locus 33 : 33 
4 alleles
0.0% missing data
 146   (0.375) 0.299 0.375 
 148   (0.101) 0.029 0.101 
 150   (0.437) 0.652 0.437 
 154   (0.087) 0.020 0.086 

Locus 34 : 34 
6 alleles
0.0% missing data
 180   (0.332) 0.491 0.332 
 192   (0.179) 0.182 0.179 
 184   (0.220) 0.172 0.220 
 196   (0.177) 0.145 0.177 
 198   (0.060) 0.008 0.060 
 190   (0.031) 0.002 0.031 

Locus 35 : 35 
6 alleles
0.0% missing data
 106   (0.238) 0.338 0.238 
 112   (0.256) 0.381 0.256 
  94   (0.050) 0.005 0.050 
 110   (0.199) 0.184 0.199 
 108   (0.197) 0.084 0.197 
  90   (0.061) 0.006 0.061 

Locus 36 : 36 
8 alleles
0.0% missing data
 168   (0.145) 0.075 0.145 
 178   (0.068) 0.024 0.068 
 170   (0.275) 0.235 0.276 
 174   (0.105) 0.161 0.104 
 172   (0.191) 0.371 0.191 
 176   (0.127) 0.110 0.127 
 166   (0.069) 0.022 0.069 
 186   (0.020) 0.001 0.020 

Locus 37 : 37 
6 alleles
0.0% missing data
  85   (0.232) 0.199 0.233 
  95   (0.083) 0.023 0.083 
  89   (0.401) 0.691 0.401 
  83   (0.184) 0.074 0.184 
  81   (0.079) 0.012 0.079 
  91   (0.021) 0.001 0.021 

Locus 38 : 38 
6 alleles
0.0% missing data
 161   (0.337) 0.376 0.338 
 165   (0.210) 0.181 0.210 
 167   (0.064) 0.017 0.063 
 169   (0.106) 0.114 0.105 
 173   (0.253) 0.308 0.254 
 175   (0.030) 0.004 0.030 

Locus 39 : 39 
5 alleles
0.0% missing data
  85   (0.287) 0.164 0.288 
  87   (0.161) 0.037 0.161 
  91   (0.190) 0.109 0.190 
  81   (0.108) 0.034 0.108 
  89   (0.253) 0.656 0.253 

Locus 40 : 40 
3 alleles
0.0% missing data
 167   (0.672) 0.884 0.672 
 161   (0.266) 0.108 0.266 
 165   (0.062) 0.008 0.062 

Locus 41 : 41 
6 alleles
0.0% missing data
 224   (0.031) 0.003 0.031 
 228   (0.354) 0.388 0.354 
 238   (0.307) 0.497 0.307 
 240   (0.206) 0.101 0.207 
 236   (0.081) 0.010 0.081 
 242   (0.021) 0.001 0.021 

Locus 42 : 42 
6 alleles
1.2% missing data
 130   (0.382) 0.711 0.382 
 118   (0.078) 0.015 0.078 
 128   (0.095) 0.051 0.095 
 132   (0.114) 0.054 0.114 
 114   (0.146) 0.055 0.146 
 134   (0.185) 0.114 0.185 

Locus 43 : 43 
5 alleles
0.0% missing data
 104   (0.426) 0.450 0.427 
  98   (0.173) 0.075 0.173 
 102   (0.150) 0.387 0.150 
  92   (0.171) 0.077 0.171 
  96   (0.080) 0.012 0.080 

Locus 44 : 44 
5 alleles
0.0% missing data
  95   (0.223) 0.174 0.223 
 101   (0.282) 0.490 0.282 
 103   (0.299) 0.303 0.299 
  99   (0.143) 0.029 0.144 
  97   (0.052) 0.004 0.052 

Locus 45 : 45 
7 alleles
0.0% missing data
 181   (0.461) 0.695 0.461 
 191   (0.300) 0.269 0.300 
 179   (0.061) 0.008 0.061 
 177   (0.085) 0.020 0.085 
 189   (0.031) 0.002 0.031 
 183   (0.031) 0.003 0.031 
 193   (0.031) 0.002 0.031 

Locus 46 : 46 
6 alleles
0.0% missing data
 211   (0.231) 0.161 0.231 
 215   (0.093) 0.023 0.093 
 205   (0.359) 0.648 0.359 
 207   (0.235) 0.157 0.235 
 201   (0.060) 0.009 0.060 
 202   (0.021) 0.002 0.021 

Locus 47 : 47 
9 alleles
0.0% missing data
 142   (0.221) 0.421 0.221 
 162   (0.089) 0.023 0.089 
 164   (0.058) 0.007 0.058 
 168   (0.151) 0.155 0.151 
 158   (0.162) 0.168 0.162 
 170   (0.049) 0.005 0.049 
 166   (0.129) 0.182 0.128 
 156   (0.057) 0.008 0.057 
 144   (0.084) 0.030 0.084 

Locus 48 : 48 
6 alleles
0.0% missing data
 149   (0.301) 0.392 0.301 
 151   (0.221) 0.183 0.221 
 145   (0.219) 0.185 0.219 
 153   (0.207) 0.236 0.207 
 147   (0.021) 0.001 0.021 
 143   (0.031) 0.003 0.030 

Values of parameters used in structure:
DATAFILE=wbnp1.str,	OUTFILE=k2/wbnp1_k2_run7,	NUMINDS=81,	NUMLOCI=48,	MISSING=-9,	LABEL=1,	POPDATA=1,	POPFLAG=0,	PHENOTYPE=0,	EXTRACOLS=0,	MAXPOPS=2,	BURNIN=500000,	NUMREPS=750000,	USEPOPINFO=0,	INFERALPHA=1,	INFERLAMBDA=0,	POPSPECIFICLAMBDA=0,	POPALPHAS=0,	COMPUTEPROB=1,	NOADMIX=0,	ADMBURNIN=500,	UPDATEFREQ=100,	PRINTLIKES=0,	INTERMEDSAVE=0,	PRINTKLD=0,	PRINTNET=1,	PRINTLAMBDA=1,	ANCESTDIST=0,	NUMBOXES=1000,	ANCESTPINT=0.90000,	GENSBACK=2,	MIGRPRIOR=0.01000,	PRINTQHAT=0,	PRINTQSUM=1,	ALPHA=1.0000,	FREQSCORR=1,	FPRIORMEAN=0.0100,	FPRIORSD=0.0500,	ONEFST=0,	LAMBDA=1.0000,	UNIFPRIORALPHA=1,	ALPHAMAX=10.0000,	ALPHAPRIORA=1.0000,	ALPHAPRIORB=2.0000,	ALPHAPROPSD=0.0250,	STARTATPOPINFO=0,	RANDOMIZE=0,	LINKAGE=0,	METROFREQ=10,	REPORTHITRATE=0,	MARKOVPHASE=0,	PHASED=1,	PLOIDY=2,	PHASEINFO=0	LOCPRIOR=0, 	LOCPRIORINIT=1.000000, 	LOCDATA=0, 	LOCISPOP=1, 	LOCPRIORSTEP=0.100000, 	MAXLOCPRIOR=20.000000, 	SEED=408509,	
[STRAT parameters]:    NUMSIMSTATS=1000,	PHENOTYPECOL=-9,	POOLFREQ=10,	LOCUSxONLY=0,	EMERROR=0.00100,	MISSINGPHENO=-9,	