

----------------------------------------------------
STRUCTURE by Pritchard, Stephens and Donnelly (2000)
     and Falush, Stephens and Pritchard (2003)
       Code by Pritchard, Falush and Hubisz
             Version 2.3.4 (Jul 2012)
----------------------------------------------------



Command line arguments:   structure -D 858521 -K 5 -m mainparams -o k5/wbnp1_k5_run3 
Input File:    wbnp1.str

Run parameters:
   81 individuals
   48 loci
   5 populations assumed
   500000 Burn-in period
   750000 Reps
RANDOMIZE turned off


--------------------------------------------
Proportion of membership of each pre-defined
 population in each of the 5 clusters

Given    Inferred Clusters                     Number of
 Pop       1      2      3      4      5      Individuals

  1:     0.199  0.196  0.200  0.202  0.203       10
  2:     0.198  0.196  0.186  0.210  0.211       24
  3:     0.204  0.194  0.222  0.189  0.191       13
  4:     0.206  0.208  0.210  0.186  0.189       11
  5:     0.195  0.200  0.197  0.205  0.204       23
--------------------------------------------

Allele-freq. divergence among pops (Net nucleotide distance),
computed using point estimates of P.

      1       2       3       4       5      
 1      -    0.0004  0.0040  0.0003  0.0002  
 2   0.0004     -    0.0028  0.0006  0.0006  
 3   0.0040  0.0028     -    0.0050  0.0048  
 4   0.0003  0.0006  0.0050     -    0.0001  
 5   0.0002  0.0006  0.0048  0.0001     -    

Average distances (expected heterozygosity) between individuals in same cluster:
cluster  1  : 0.6464 
cluster  2  : 0.6372 
cluster  3  : 0.5836 
cluster  4  : 0.6527 
cluster  5  : 0.6524 

--------------------------------------------
Estimated Ln Prob of Data   = -11686.5
Mean value of ln likelihood = -9591.6
Variance of ln likelihood   = 4189.9
Mean value of alpha         = 3.5360

Mean value of Fst_1         = 0.1776
Mean value of Fst_2         = 0.2136
Mean value of Fst_3         = 0.3746
Mean value of Fst_4         = 0.1604
Mean value of Fst_5         = 0.1588


Inferred ancestry of individuals:
        Label (%Miss) Pop:  Inferred clusters
  1     2355    (0)    1 :  0.199 0.194 0.182 0.209 0.215 
  2     2356    (0)    1 :  0.202 0.188 0.171 0.217 0.222 
  3     2357    (0)    1 :  0.211 0.196 0.240 0.176 0.177 
  4     2358    (0)    1 :  0.194 0.196 0.191 0.214 0.205 
  5     2359    (0)    1 :  0.190 0.213 0.239 0.183 0.175 
  6     2360    (0)    1 :  0.201 0.190 0.210 0.198 0.200 
  7     2361    (2)    1 :  0.187 0.199 0.193 0.211 0.210 
  8     2362    (0)    1 :  0.202 0.197 0.228 0.182 0.191 
  9     2363    (0)    1 :  0.207 0.198 0.166 0.213 0.216 
 10     2364    (0)    1 :  0.198 0.191 0.178 0.214 0.219 
 11     2434    (0)    2 :  0.202 0.197 0.183 0.208 0.208 
 12     2435    (0)    2 :  0.196 0.186 0.132 0.240 0.246 
 13     2436    (0)    2 :  0.199 0.182 0.149 0.235 0.234 
 14     2437    (0)    2 :  0.194 0.180 0.152 0.233 0.240 
 15     2438    (0)    2 :  0.189 0.204 0.193 0.213 0.201 
 16     2439    (0)    2 :  0.204 0.204 0.220 0.185 0.186 
 17     2440    (0)    2 :  0.200 0.188 0.207 0.203 0.202 
 18     2441    (0)    2 :  0.193 0.193 0.171 0.225 0.218 
 19     2442    (0)    2 :  0.191 0.191 0.178 0.218 0.221 
 20     2443    (0)    2 :  0.194 0.189 0.182 0.214 0.221 
 21     2444    (0)    2 :  0.202 0.194 0.189 0.207 0.208 
 22     2446    (0)    2 :  0.208 0.208 0.202 0.190 0.192 
 23     2447    (0)    2 :  0.190 0.198 0.184 0.216 0.212 
 24     2448    (0)    2 :  0.199 0.215 0.229 0.179 0.178 
 25     2449    (0)    2 :  0.210 0.186 0.178 0.210 0.215 
 26     2450    (0)    2 :  0.206 0.183 0.187 0.208 0.217 
 27     2451    (0)    2 :  0.198 0.181 0.157 0.227 0.237 
 28     2452    (0)    2 :  0.205 0.208 0.227 0.177 0.182 
 29     2453    (0)    2 :  0.185 0.189 0.163 0.224 0.238 
 30     2454    (0)    2 :  0.196 0.212 0.216 0.188 0.188 
 31     2455    (0)    2 :  0.194 0.193 0.206 0.203 0.204 
 32     2456    (0)    2 :  0.189 0.199 0.180 0.221 0.211 
 33     2457    (0)    2 :  0.214 0.226 0.195 0.181 0.185 
 34     2458    (0)    2 :  0.191 0.199 0.173 0.223 0.214 
 35     2398    (0)    3 :  0.210 0.187 0.235 0.181 0.188 
 36     2399    (0)    3 :  0.196 0.200 0.204 0.195 0.204 
 37     2400    (0)    3 :  0.209 0.186 0.207 0.196 0.202 
 38     2401    (0)    3 :  0.204 0.191 0.236 0.182 0.187 
 39     2402    (0)    3 :  0.200 0.199 0.194 0.201 0.206 
 40     2403    (0)    3 :  0.217 0.182 0.251 0.174 0.175 
 41     2404    (0)    3 :  0.207 0.187 0.257 0.174 0.176 
 42     2405    (0)    3 :  0.194 0.198 0.211 0.202 0.196 
 43     2406    (0)    3 :  0.196 0.199 0.198 0.201 0.206 
 44     2407    (0)    3 :  0.196 0.205 0.214 0.195 0.190 
 45     2408    (0)    3 :  0.198 0.207 0.202 0.196 0.198 
 46     2409    (0)    3 :  0.213 0.189 0.229 0.184 0.185 
 47     2410    (0)    3 :  0.212 0.189 0.254 0.170 0.175 
 48     2459    (0)    4 :  0.213 0.226 0.204 0.176 0.180 
 49     2460    (0)    4 :  0.194 0.196 0.196 0.205 0.209 
 50     2461    (0)    4 :  0.217 0.194 0.225 0.178 0.186 
 51     2462    (4)    4 :  0.207 0.226 0.204 0.179 0.184 
 52     2463    (0)    4 :  0.199 0.216 0.221 0.179 0.185 
 53     2464    (2)    4 :  0.214 0.225 0.198 0.181 0.182 
 54     2465    (0)    4 :  0.198 0.196 0.250 0.176 0.180 
 55     2466    (2)    4 :  0.205 0.216 0.213 0.182 0.184 
 56     2467    (0)    4 :  0.196 0.204 0.194 0.207 0.200 
 57     2468    (0)    4 :  0.213 0.198 0.217 0.184 0.188 
 58     2469    (0)    4 :  0.214 0.194 0.192 0.199 0.200 
 59     2369    (0)    5 :  0.186 0.217 0.234 0.186 0.177 
 60     2370    (0)    5 :  0.200 0.195 0.219 0.190 0.196 
 61     2372    (0)    5 :  0.199 0.195 0.214 0.197 0.196 
 62     2373    (0)    5 :  0.189 0.191 0.174 0.220 0.225 
 63     2374    (0)    5 :  0.220 0.230 0.222 0.160 0.167 
 64     2375    (0)    5 :  0.193 0.180 0.164 0.226 0.237 
 65     2376    (0)    5 :  0.198 0.194 0.197 0.209 0.202 
 66     2377    (0)    5 :  0.194 0.206 0.192 0.204 0.204 
 67     2378    (0)    5 :  0.185 0.214 0.225 0.194 0.182 
 68     2379    (0)    5 :  0.189 0.204 0.179 0.218 0.210 
 69     2380    (0)    5 :  0.204 0.202 0.224 0.183 0.186 
 70     2381    (0)    5 :  0.195 0.210 0.216 0.194 0.185 
 71     2382    (0)    5 :  0.197 0.182 0.172 0.220 0.230 
 72     2383    (0)    5 :  0.197 0.206 0.230 0.185 0.182 
 73     2384    (0)    5 :  0.189 0.207 0.221 0.190 0.192 
 74     2385    (0)    5 :  0.196 0.193 0.183 0.216 0.212 
 75     2386    (0)    5 :  0.193 0.183 0.169 0.220 0.234 
 76     2387    (0)    5 :  0.193 0.200 0.200 0.205 0.201 
 77     2388    (0)    5 :  0.189 0.197 0.172 0.226 0.216 
 78     2389    (2)    5 :  0.197 0.178 0.144 0.237 0.244 
 79     2390    (0)    5 :  0.192 0.199 0.170 0.225 0.214 
 80     2391    (0)    5 :  0.189 0.210 0.205 0.203 0.193 
 81     2392    (0)    5 :  0.192 0.202 0.206 0.203 0.198 


Estimated Allele Frequencies in each cluster
First column gives estimated ancestral frequencies


Locus 1 : 1 
4 alleles
0.0% missing data
  91   (0.340) 0.339 0.352 0.335 0.329 0.337 
  89   (0.493) 0.519 0.515 0.558 0.535 0.524 
  93   (0.126) 0.118 0.109 0.098 0.108 0.112 
  99   (0.041) 0.024 0.023 0.010 0.029 0.028 

Locus 2 : 2 
6 alleles
0.0% missing data
 134   (0.282) 0.291 0.267 0.306 0.304 0.298 
 136   (0.314) 0.355 0.345 0.365 0.323 0.323 
 140   (0.119) 0.088 0.081 0.053 0.092 0.091 
 138   (0.213) 0.225 0.269 0.261 0.232 0.241 
 142   (0.021) 0.011 0.010 0.003 0.014 0.013 
 132   (0.051) 0.030 0.028 0.012 0.036 0.034 

Locus 3 : 3 
6 alleles
0.0% missing data
 179   (0.287) 0.340 0.325 0.354 0.323 0.327 
 187   (0.247) 0.266 0.289 0.316 0.273 0.270 
 185   (0.149) 0.112 0.103 0.071 0.117 0.115 
 191   (0.060) 0.049 0.043 0.031 0.043 0.045 
 181   (0.171) 0.172 0.185 0.191 0.176 0.179 
 175   (0.088) 0.061 0.056 0.037 0.067 0.064 

Locus 4 : 4 
10 alleles
0.0% missing data
 241   (0.152) 0.172 0.205 0.195 0.181 0.168 
 247   (0.110) 0.079 0.073 0.046 0.084 0.085 
 253   (0.326) 0.405 0.403 0.511 0.400 0.401 
 273   (0.030) 0.017 0.015 0.005 0.020 0.020 
 269   (0.196) 0.207 0.194 0.187 0.184 0.198 
 271   (0.084) 0.064 0.059 0.035 0.062 0.062 
 249   (0.039) 0.023 0.021 0.009 0.027 0.026 
 245   (0.021) 0.011 0.010 0.003 0.014 0.013 
 265   (0.021) 0.011 0.010 0.004 0.013 0.013 
 239   (0.021) 0.011 0.010 0.003 0.013 0.013 

Locus 5 : 5 
4 alleles
0.0% missing data
 103   (0.868) 0.919 0.922 0.964 0.909 0.911 
 105   (0.077) 0.051 0.050 0.026 0.055 0.054 
 102   (0.033) 0.018 0.017 0.007 0.022 0.021 
 104   (0.022) 0.011 0.010 0.003 0.014 0.014 

Locus 6 : 6 
5 alleles
0.0% missing data
 135   (0.352) 0.296 0.297 0.253 0.329 0.318 
 145   (0.345) 0.397 0.375 0.442 0.377 0.391 
 141   (0.228) 0.264 0.290 0.290 0.244 0.242 
 147   (0.042) 0.024 0.022 0.009 0.028 0.028 
 137   (0.033) 0.018 0.016 0.006 0.021 0.021 

Locus 7 : 7 
10 alleles
1.2% missing data
  97   (0.181) 0.185 0.180 0.181 0.196 0.186 
 103   (0.251) 0.348 0.361 0.445 0.320 0.315 
  89   (0.105) 0.080 0.075 0.051 0.085 0.082 
  93   (0.221) 0.216 0.226 0.220 0.225 0.237 
  83   (0.076) 0.069 0.062 0.061 0.063 0.069 
  99   (0.031) 0.018 0.016 0.007 0.021 0.020 
  85   (0.053) 0.039 0.037 0.020 0.037 0.038 
  91   (0.041) 0.023 0.021 0.008 0.028 0.027 
 105   (0.020) 0.012 0.011 0.004 0.013 0.013 
 101   (0.020) 0.011 0.011 0.004 0.013 0.013 

Locus 8 : 8 
7 alleles
0.0% missing data
 129   (0.520) 0.609 0.617 0.691 0.591 0.592 
 143   (0.249) 0.244 0.249 0.235 0.243 0.246 
 141   (0.081) 0.057 0.051 0.035 0.061 0.060 
 149   (0.067) 0.042 0.040 0.021 0.049 0.047 
 133   (0.041) 0.024 0.022 0.010 0.028 0.027 
 145   (0.021) 0.012 0.010 0.004 0.014 0.014 
 127   (0.022) 0.012 0.011 0.004 0.014 0.014 

Locus 9 : 9 
4 alleles
0.0% missing data
 189   (0.461) 0.492 0.513 0.508 0.477 0.481 
 191   (0.300) 0.294 0.306 0.322 0.315 0.303 
 195   (0.217) 0.202 0.171 0.167 0.193 0.202 
 193   (0.023) 0.012 0.010 0.003 0.014 0.014 

Locus 10 : 10 
6 alleles
0.0% missing data
 250   (0.070) 0.042 0.039 0.019 0.051 0.048 
 254   (0.071) 0.042 0.038 0.016 0.050 0.048 
 252   (0.128) 0.099 0.092 0.059 0.097 0.098 
 238   (0.534) 0.597 0.585 0.654 0.597 0.589 
 232   (0.157) 0.196 0.222 0.240 0.178 0.190 
 248   (0.039) 0.025 0.024 0.012 0.028 0.027 

Locus 11 : 11 
4 alleles
0.0% missing data
  87   (0.724) 0.740 0.757 0.807 0.763 0.758 
  89   (0.195) 0.210 0.196 0.172 0.181 0.187 
  91   (0.059) 0.039 0.037 0.018 0.041 0.041 
  85   (0.022) 0.011 0.011 0.003 0.014 0.014 

Locus 12 : 12 
11 alleles
0.0% missing data
 160   (0.249) 0.268 0.273 0.316 0.275 0.276 
 158   (0.164) 0.199 0.201 0.245 0.196 0.199 
 162   (0.189) 0.255 0.270 0.278 0.231 0.228 
 170   (0.076) 0.066 0.064 0.054 0.065 0.067 
 161   (0.108) 0.085 0.078 0.056 0.088 0.087 
 154   (0.039) 0.022 0.021 0.009 0.027 0.026 
 143   (0.040) 0.023 0.020 0.008 0.027 0.026 
 149   (0.048) 0.029 0.026 0.013 0.033 0.032 
 147   (0.046) 0.030 0.027 0.014 0.032 0.032 
 159   (0.020) 0.012 0.010 0.004 0.013 0.013 
 134   (0.021) 0.011 0.010 0.003 0.013 0.013 

Locus 13 : 13 
4 alleles
0.0% missing data
 113   (0.320) 0.310 0.315 0.324 0.314 0.322 
 115   (0.483) 0.512 0.521 0.542 0.521 0.508 
 108   (0.175) 0.167 0.153 0.131 0.151 0.156 
 110   (0.022) 0.012 0.010 0.003 0.014 0.014 

Locus 14 : 14 
7 alleles
0.0% missing data
 225   (0.183) 0.147 0.138 0.096 0.146 0.149 
 229   (0.373) 0.431 0.477 0.532 0.437 0.440 
 227   (0.135) 0.184 0.165 0.223 0.165 0.168 
 231   (0.215) 0.184 0.171 0.128 0.189 0.181 
 213   (0.022) 0.011 0.010 0.003 0.014 0.014 
 233   (0.050) 0.030 0.028 0.013 0.035 0.034 
 203   (0.022) 0.012 0.011 0.004 0.014 0.014 

Locus 15 : 15 
4 alleles
1.2% missing data
 143   (0.874) 0.925 0.931 0.968 0.913 0.915 
 145   (0.071) 0.045 0.041 0.022 0.051 0.050 
 147   (0.033) 0.019 0.018 0.007 0.022 0.021 
 157   (0.022) 0.012 0.011 0.003 0.014 0.014 

Locus 16 : 16 
5 alleles
0.0% missing data
 158   (0.469) 0.515 0.535 0.571 0.513 0.515 
 156   (0.287) 0.279 0.263 0.255 0.278 0.272 
 154   (0.091) 0.062 0.059 0.032 0.069 0.067 
 160   (0.131) 0.133 0.133 0.137 0.126 0.132 
 152   (0.022) 0.012 0.011 0.004 0.014 0.014 

Locus 17 : 17 
5 alleles
0.0% missing data
  90   (0.597) 0.662 0.675 0.739 0.664 0.653 
 100   (0.144) 0.128 0.123 0.100 0.121 0.127 
 102   (0.158) 0.142 0.140 0.123 0.141 0.147 
 104   (0.021) 0.011 0.011 0.004 0.014 0.013 
  88   (0.079) 0.057 0.051 0.034 0.059 0.059 

Locus 18 : 18 
7 alleles
0.0% missing data
 127   (0.209) 0.248 0.254 0.306 0.252 0.243 
 140   (0.265) 0.310 0.298 0.317 0.289 0.294 
 142   (0.124) 0.130 0.156 0.165 0.141 0.140 
 148   (0.110) 0.085 0.081 0.062 0.089 0.090 
 146   (0.118) 0.092 0.089 0.066 0.095 0.097 
 138   (0.082) 0.065 0.056 0.044 0.064 0.066 
 150   (0.092) 0.070 0.066 0.040 0.070 0.069 

Locus 19 : 19 
6 alleles
0.0% missing data
 190   (0.124) 0.109 0.099 0.087 0.105 0.108 
 194   (0.456) 0.535 0.568 0.651 0.544 0.538 
 202   (0.059) 0.036 0.033 0.015 0.042 0.040 
 188   (0.179) 0.156 0.152 0.125 0.155 0.159 
 200   (0.159) 0.153 0.137 0.119 0.140 0.141 
 198   (0.022) 0.011 0.010 0.003 0.014 0.014 

Locus 20 : 20 
6 alleles
0.0% missing data
 252   (0.557) 0.682 0.708 0.805 0.660 0.664 
 246   (0.138) 0.122 0.111 0.099 0.118 0.120 
 248   (0.031) 0.018 0.017 0.007 0.021 0.020 
 244   (0.041) 0.025 0.023 0.011 0.028 0.028 
 250   (0.130) 0.085 0.078 0.043 0.097 0.094 
 254   (0.102) 0.068 0.063 0.035 0.076 0.074 

Locus 21 : 21 
6 alleles
0.0% missing data
 167   (0.254) 0.302 0.284 0.327 0.274 0.283 
 173   (0.237) 0.281 0.311 0.354 0.279 0.277 
 163   (0.066) 0.042 0.040 0.020 0.048 0.046 
 177   (0.205) 0.202 0.207 0.189 0.212 0.208 
 175   (0.147) 0.113 0.102 0.077 0.118 0.120 
 165   (0.091) 0.061 0.055 0.033 0.068 0.066 

Locus 22 : 22 
10 alleles
0.0% missing data
 152   (0.338) 0.418 0.454 0.539 0.426 0.437 
 158   (0.155) 0.133 0.120 0.097 0.127 0.131 
 146   (0.165) 0.232 0.223 0.257 0.200 0.192 
 150   (0.053) 0.036 0.033 0.019 0.040 0.038 
 156   (0.031) 0.018 0.016 0.006 0.020 0.020 
 162   (0.050) 0.028 0.025 0.011 0.035 0.034 
 166   (0.084) 0.060 0.057 0.036 0.065 0.064 
 164   (0.054) 0.036 0.034 0.018 0.040 0.039 
 148   (0.040) 0.023 0.022 0.009 0.028 0.026 
 142   (0.029) 0.018 0.015 0.008 0.020 0.019 

Locus 23 : 23 
6 alleles
1.2% missing data
 144   (0.154) 0.180 0.189 0.204 0.187 0.166 
 156   (0.185) 0.150 0.141 0.113 0.153 0.160 
 154   (0.477) 0.538 0.550 0.601 0.520 0.534 
 160   (0.131) 0.102 0.093 0.072 0.105 0.105 
 152   (0.022) 0.011 0.011 0.004 0.014 0.014 
 158   (0.032) 0.018 0.016 0.006 0.021 0.021 

Locus 24 : 24 
4 alleles
1.2% missing data
  81   (0.382) 0.395 0.374 0.379 0.389 0.389 
  83   (0.449) 0.460 0.475 0.500 0.469 0.468 
  77   (0.118) 0.112 0.120 0.106 0.106 0.108 
  85   (0.051) 0.032 0.031 0.015 0.036 0.035 

Locus 25 : 25 
6 alleles
1.2% missing data
 124   (0.500) 0.561 0.545 0.571 0.542 0.547 
 132   (0.229) 0.267 0.292 0.344 0.262 0.262 
 122   (0.156) 0.104 0.102 0.058 0.118 0.114 
 126   (0.071) 0.043 0.039 0.019 0.050 0.048 
 120   (0.022) 0.012 0.011 0.004 0.014 0.014 
 136   (0.022) 0.012 0.011 0.003 0.014 0.014 

Locus 26 : 26 
6 alleles
0.0% missing data
 165   (0.236) 0.264 0.260 0.289 0.267 0.268 
 183   (0.308) 0.308 0.335 0.335 0.313 0.317 
 179   (0.129) 0.113 0.101 0.075 0.104 0.106 
 175   (0.220) 0.239 0.234 0.259 0.237 0.230 
 181   (0.086) 0.065 0.060 0.038 0.064 0.065 
 185   (0.021) 0.012 0.011 0.004 0.014 0.014 

Locus 27 : 27 
4 alleles
0.0% missing data
 142   (0.469) 0.540 0.535 0.607 0.517 0.521 
 150   (0.191) 0.164 0.162 0.144 0.172 0.170 
 148   (0.231) 0.212 0.228 0.192 0.226 0.225 
 138   (0.108) 0.085 0.075 0.057 0.084 0.084 

Locus 28 : 28 
5 alleles
0.0% missing data
 260   (0.432) 0.474 0.492 0.553 0.473 0.478 
 262   (0.436) 0.447 0.435 0.414 0.435 0.433 
 258   (0.042) 0.023 0.022 0.009 0.028 0.027 
 256   (0.068) 0.043 0.041 0.021 0.049 0.047 
 264   (0.022) 0.012 0.011 0.004 0.014 0.014 

Locus 29 : 29 
5 alleles
0.0% missing data
 140   (0.178) 0.164 0.149 0.144 0.160 0.160 
 150   (0.429) 0.517 0.529 0.589 0.499 0.491 
 148   (0.104) 0.068 0.064 0.035 0.077 0.076 
 146   (0.237) 0.221 0.230 0.220 0.229 0.239 
 152   (0.051) 0.030 0.028 0.012 0.036 0.034 

Locus 30 : 30 
6 alleles
0.0% missing data
 125   (0.248) 0.237 0.262 0.257 0.259 0.251 
 129   (0.454) 0.536 0.532 0.611 0.517 0.522 
 123   (0.116) 0.112 0.099 0.075 0.093 0.098 
 127   (0.104) 0.066 0.060 0.032 0.077 0.075 
 121   (0.031) 0.017 0.016 0.006 0.021 0.020 
 131   (0.047) 0.032 0.030 0.017 0.034 0.034 

Locus 31 : 31 
5 alleles
0.0% missing data
 155   (0.525) 0.531 0.542 0.565 0.561 0.549 
 159   (0.161) 0.172 0.155 0.153 0.150 0.156 
 157   (0.183) 0.201 0.215 0.226 0.192 0.197 
 153   (0.090) 0.073 0.067 0.048 0.069 0.071 
 151   (0.042) 0.024 0.021 0.008 0.028 0.027 

Locus 32 : 32 
4 alleles
0.0% missing data
  92   (0.276) 0.253 0.267 0.244 0.265 0.273 
  94   (0.081) 0.059 0.054 0.033 0.060 0.060 
  95   (0.193) 0.189 0.184 0.171 0.179 0.181 
  91   (0.451) 0.499 0.495 0.552 0.495 0.486 

Locus 33 : 33 
4 alleles
0.0% missing data
 146   (0.365) 0.342 0.324 0.308 0.362 0.346 
 148   (0.097) 0.074 0.069 0.042 0.072 0.072 
 150   (0.463) 0.522 0.550 0.612 0.509 0.524 
 154   (0.075) 0.062 0.057 0.038 0.056 0.057 

Locus 34 : 34 
6 alleles
0.0% missing data
 180   (0.365) 0.407 0.414 0.452 0.388 0.395 
 192   (0.180) 0.178 0.174 0.190 0.172 0.184 
 184   (0.195) 0.192 0.194 0.186 0.217 0.196 
 196   (0.168) 0.168 0.166 0.148 0.159 0.163 
 198   (0.059) 0.037 0.035 0.017 0.042 0.041 
 190   (0.032) 0.017 0.016 0.006 0.021 0.021 

Locus 35 : 35 
6 alleles
0.0% missing data
 106   (0.253) 0.299 0.282 0.306 0.279 0.269 
 112   (0.269) 0.305 0.312 0.362 0.295 0.309 
  94   (0.050) 0.029 0.027 0.012 0.035 0.034 
 110   (0.177) 0.180 0.206 0.201 0.194 0.190 
 108   (0.191) 0.150 0.140 0.103 0.154 0.156 
  90   (0.060) 0.037 0.032 0.016 0.042 0.041 

Locus 36 : 36 
8 alleles
0.0% missing data
 168   (0.126) 0.119 0.111 0.098 0.111 0.117 
 178   (0.067) 0.050 0.044 0.033 0.051 0.050 
 170   (0.272) 0.260 0.262 0.233 0.269 0.260 
 174   (0.112) 0.134 0.137 0.146 0.126 0.124 
 172   (0.219) 0.257 0.263 0.339 0.260 0.271 
 176   (0.115) 0.119 0.127 0.116 0.116 0.114 
 166   (0.068) 0.050 0.045 0.031 0.052 0.051 
 186   (0.021) 0.011 0.011 0.004 0.013 0.013 

Locus 37 : 37 
6 alleles
0.0% missing data
  85   (0.179) 0.218 0.231 0.229 0.205 0.201 
  95   (0.084) 0.058 0.053 0.031 0.062 0.061 
  89   (0.460) 0.527 0.535 0.622 0.516 0.522 
  83   (0.176) 0.135 0.127 0.092 0.147 0.146 
  81   (0.080) 0.049 0.044 0.022 0.056 0.056 
  91   (0.022) 0.012 0.011 0.003 0.014 0.014 

Locus 38 : 38 
6 alleles
0.0% missing data
 161   (0.336) 0.353 0.363 0.365 0.352 0.349 
 165   (0.200) 0.204 0.204 0.192 0.190 0.196 
 167   (0.062) 0.045 0.041 0.026 0.045 0.045 
 169   (0.114) 0.111 0.113 0.102 0.108 0.108 
 173   (0.258) 0.267 0.262 0.306 0.285 0.282 
 175   (0.030) 0.019 0.016 0.010 0.020 0.020 

Locus 39 : 39 
5 alleles
0.0% missing data
  85   (0.240) 0.236 0.218 0.209 0.244 0.237 
  87   (0.142) 0.108 0.105 0.068 0.112 0.109 
  91   (0.186) 0.157 0.148 0.117 0.160 0.157 
  81   (0.103) 0.077 0.070 0.047 0.080 0.079 
  89   (0.329) 0.423 0.459 0.559 0.403 0.418 

Locus 40 : 40 
3 alleles
0.0% missing data
 167   (0.691) 0.768 0.784 0.841 0.747 0.753 
 161   (0.247) 0.194 0.182 0.143 0.209 0.205 
 165   (0.062) 0.037 0.035 0.016 0.044 0.042 

Locus 41 : 41 
6 alleles
0.0% missing data
 224   (0.032) 0.019 0.017 0.007 0.021 0.021 
 228   (0.341) 0.372 0.368 0.377 0.371 0.373 
 238   (0.327) 0.387 0.409 0.471 0.368 0.370 
 240   (0.199) 0.164 0.150 0.121 0.168 0.166 
 236   (0.080) 0.047 0.045 0.021 0.058 0.055 
 242   (0.022) 0.011 0.011 0.003 0.014 0.014 

Locus 42 : 42 
6 alleles
1.2% missing data
 130   (0.430) 0.523 0.547 0.623 0.521 0.511 
 118   (0.073) 0.051 0.045 0.027 0.053 0.052 
 128   (0.089) 0.078 0.072 0.065 0.075 0.073 
 132   (0.108) 0.083 0.086 0.066 0.091 0.089 
 114   (0.135) 0.107 0.099 0.075 0.110 0.112 
 134   (0.165) 0.158 0.150 0.144 0.149 0.163 

Locus 43 : 43 
5 alleles
0.0% missing data
 104   (0.424) 0.437 0.429 0.441 0.444 0.444 
  98   (0.165) 0.134 0.128 0.090 0.135 0.136 
 102   (0.184) 0.250 0.268 0.346 0.237 0.233 
  92   (0.150) 0.130 0.131 0.101 0.128 0.134 
  96   (0.077) 0.049 0.044 0.023 0.055 0.053 

Locus 44 : 44 
5 alleles
0.0% missing data
  95   (0.214) 0.209 0.196 0.187 0.202 0.205 
 101   (0.321) 0.373 0.380 0.427 0.366 0.374 
 103   (0.275) 0.296 0.308 0.326 0.291 0.284 
  99   (0.139) 0.091 0.089 0.049 0.106 0.102 
  97   (0.051) 0.030 0.027 0.011 0.035 0.034 

Locus 45 : 45 
7 alleles
0.0% missing data
 181   (0.481) 0.554 0.577 0.654 0.549 0.551 
 191   (0.286) 0.295 0.286 0.277 0.288 0.288 
 179   (0.054) 0.042 0.039 0.021 0.037 0.038 
 177   (0.084) 0.057 0.051 0.031 0.062 0.061 
 189   (0.032) 0.017 0.016 0.006 0.021 0.021 
 183   (0.031) 0.018 0.016 0.006 0.021 0.020 
 193   (0.032) 0.017 0.015 0.006 0.021 0.021 

Locus 46 : 46 
6 alleles
0.0% missing data
 211   (0.210) 0.209 0.194 0.185 0.199 0.201 
 215   (0.089) 0.061 0.058 0.034 0.068 0.066 
 205   (0.414) 0.493 0.507 0.569 0.468 0.471 
 207   (0.205) 0.186 0.195 0.192 0.210 0.206 
 201   (0.060) 0.037 0.035 0.017 0.042 0.041 
 202   (0.022) 0.012 0.011 0.004 0.014 0.014 

Locus 47 : 47 
9 alleles
0.0% missing data
 142   (0.247) 0.318 0.298 0.371 0.305 0.297 
 162   (0.088) 0.062 0.054 0.035 0.066 0.065 
 164   (0.057) 0.035 0.031 0.015 0.041 0.040 
 168   (0.143) 0.153 0.156 0.162 0.145 0.154 
 158   (0.141) 0.147 0.183 0.180 0.162 0.167 
 170   (0.049) 0.028 0.026 0.011 0.034 0.033 
 166   (0.134) 0.160 0.164 0.172 0.144 0.140 
 156   (0.057) 0.035 0.032 0.016 0.041 0.039 
 144   (0.084) 0.062 0.056 0.038 0.064 0.065 

Locus 48 : 48 
6 alleles
0.0% missing data
 149   (0.316) 0.333 0.336 0.372 0.344 0.339 
 151   (0.229) 0.204 0.204 0.182 0.213 0.209 
 145   (0.207) 0.220 0.204 0.193 0.195 0.201 
 153   (0.194) 0.213 0.230 0.242 0.213 0.217 
 147   (0.022) 0.011 0.010 0.003 0.014 0.014 
 143   (0.032) 0.018 0.016 0.007 0.021 0.021 

Values of parameters used in structure:
DATAFILE=wbnp1.str,	OUTFILE=k5/wbnp1_k5_run3,	NUMINDS=81,	NUMLOCI=48,	MISSING=-9,	LABEL=1,	POPDATA=1,	POPFLAG=0,	PHENOTYPE=0,	EXTRACOLS=0,	MAXPOPS=5,	BURNIN=500000,	NUMREPS=750000,	USEPOPINFO=0,	INFERALPHA=1,	INFERLAMBDA=0,	POPSPECIFICLAMBDA=0,	POPALPHAS=0,	COMPUTEPROB=1,	NOADMIX=0,	ADMBURNIN=500,	UPDATEFREQ=100,	PRINTLIKES=0,	INTERMEDSAVE=0,	PRINTKLD=0,	PRINTNET=1,	PRINTLAMBDA=1,	ANCESTDIST=0,	NUMBOXES=1000,	ANCESTPINT=0.90000,	GENSBACK=2,	MIGRPRIOR=0.01000,	PRINTQHAT=0,	PRINTQSUM=1,	ALPHA=1.0000,	FREQSCORR=1,	FPRIORMEAN=0.0100,	FPRIORSD=0.0500,	ONEFST=0,	LAMBDA=1.0000,	UNIFPRIORALPHA=1,	ALPHAMAX=10.0000,	ALPHAPRIORA=1.0000,	ALPHAPRIORB=2.0000,	ALPHAPROPSD=0.0250,	STARTATPOPINFO=0,	RANDOMIZE=0,	LINKAGE=0,	METROFREQ=10,	REPORTHITRATE=0,	MARKOVPHASE=0,	PHASED=1,	PLOIDY=2,	PHASEINFO=0	LOCPRIOR=0, 	LOCPRIORINIT=1.000000, 	LOCDATA=0, 	LOCISPOP=1, 	LOCPRIORSTEP=0.100000, 	MAXLOCPRIOR=20.000000, 	SEED=858521,	
[STRAT parameters]:    NUMSIMSTATS=1000,	PHENOTYPECOL=-9,	POOLFREQ=10,	LOCUSxONLY=0,	EMERROR=0.00100,	MISSINGPHENO=-9,	