

----------------------------------------------------
STRUCTURE by Pritchard, Stephens and Donnelly (2000)
     and Falush, Stephens and Pritchard (2003)
       Code by Pritchard, Falush and Hubisz
             Version 2.3.4 (Jul 2012)
----------------------------------------------------



Command line arguments:   structure -D 359138 -K 3 -m mainparams -o k3/w2_k3_run2 
Input File:    w2.str

Run parameters:
   146 individuals
   48 loci
   3 populations assumed
   500000 Burn-in period
   750000 Reps
RANDOMIZE turned off


--------------------------------------------
Proportion of membership of each pre-defined
 population in each of the 3 clusters

Given    Inferred Clusters       Number of
 Pop       1      2      3      Individuals

  1:     0.127  0.431  0.443       21
  2:     0.289  0.358  0.353       30
  3:     0.728  0.138  0.134       25
  4:     0.694  0.153  0.153       32
  5:     0.115  0.444  0.441       34
  6:     0.039  0.442  0.519        4
--------------------------------------------

Allele-freq. divergence among pops (Net nucleotide distance),
computed using point estimates of P.

      1       2       3      
 1      -    0.0154  0.0157  
 2   0.0154     -    0.0000  
 3   0.0157  0.0000     -    

Average distances (expected heterozygosity) between individuals in same cluster:
cluster  1  : 0.5790 
cluster  2  : 0.6444 
cluster  3  : 0.6450 

--------------------------------------------
Estimated Ln Prob of Data   = -17272.1
Mean value of ln likelihood = -16759.4
Variance of ln likelihood   = 1025.3
Mean value of alpha         = 0.1517

Mean value of Fst_1         = 0.0763
Mean value of Fst_2         = 0.0160
Mean value of Fst_3         = 0.0144


Inferred ancestry of individuals:
        Label (%Miss) Pop:  Inferred clusters
  1      315    (0)    1 :  0.162 0.412 0.426 
  2      565    (0)    1 :  0.024 0.495 0.481 
  3      566    (2)    1 :  0.482 0.262 0.256 
  4      567    (2)    1 :  0.019 0.459 0.522 
  5      877    (0)    1 :  0.047 0.480 0.473 
  6      878    (0)    1 :  0.019 0.469 0.511 
  7      879    (0)    1 :  0.046 0.502 0.452 
  8      880    (0)    1 :  0.028 0.472 0.500 
  9      881    (0)    1 :  0.047 0.476 0.477 
 10      882    (0)    1 :  0.021 0.469 0.510 
 11      883    (0)    1 :  0.047 0.451 0.503 
 12      884    (0)    1 :  0.396 0.300 0.304 
 13      885    (0)    1 :  0.139 0.423 0.438 
 14      886    (0)    1 :  0.055 0.462 0.482 
 15      887    (0)    1 :  0.705 0.146 0.149 
 16      888    (0)    1 :  0.024 0.472 0.503 
 17      889    (0)    1 :  0.121 0.470 0.409 
 18      890    (0)    1 :  0.045 0.476 0.479 
 19      891    (0)    1 :  0.027 0.461 0.512 
 20      892    (0)    1 :  0.038 0.465 0.497 
 21      893    (0)    1 :  0.165 0.425 0.409 
 22      341    (0)    2 :  0.022 0.496 0.482 
 23      343    (0)    2 :  0.074 0.476 0.450 
 24      914    (0)    2 :  0.947 0.027 0.026 
 25      916    (0)    2 :  0.041 0.483 0.476 
 26      924    (0)    2 :  0.581 0.205 0.213 
 27      938    (0)    2 :  0.108 0.461 0.431 
 28      939    (0)    2 :  0.787 0.122 0.091 
 29      940    (0)    2 :  0.568 0.221 0.212 
 30      941    (2)    2 :  0.509 0.263 0.227 
 31      942    (0)    2 :  0.062 0.453 0.485 
 32      943    (0)    2 :  0.209 0.392 0.399 
 33      944    (0)    2 :  0.795 0.099 0.106 
 34      945    (0)    2 :  0.933 0.035 0.032 
 35      946    (0)    2 :  0.133 0.444 0.424 
 36      947    (0)    2 :  0.118 0.430 0.452 
 37      951    (0)    2 :  0.065 0.475 0.459 
 38      952    (0)    2 :  0.116 0.459 0.425 
 39      953    (0)    2 :  0.378 0.330 0.292 
 40      954    (0)    2 :  0.411 0.291 0.298 
 41      955    (0)    2 :  0.135 0.411 0.454 
 42      961    (4)    2 :  0.050 0.458 0.492 
 43      974    (0)    2 :  0.141 0.419 0.441 
 44      975    (4)    2 :  0.146 0.436 0.418 
 45      980    (0)    2 :  0.285 0.358 0.357 
 46      981    (0)    2 :  0.026 0.501 0.473 
 47      982    (0)    2 :  0.659 0.172 0.168 
 48      984    (0)    2 :  0.075 0.491 0.434 
 49      985    (0)    2 :  0.040 0.481 0.479 
 50     2578    (4)    2 :  0.229 0.394 0.377 
 51     2580    (2)    2 :  0.031 0.448 0.521 
 52      328    (0)    3 :  0.216 0.396 0.388 
 53      333    (0)    3 :  0.929 0.037 0.034 
 54      918    (0)    3 :  0.931 0.034 0.035 
 55      919    (0)    3 :  0.942 0.029 0.028 
 56      920    (0)    3 :  0.942 0.029 0.029 
 57      921    (0)    3 :  0.039 0.476 0.484 
 58      922    (0)    3 :  0.921 0.041 0.038 
 59      926    (0)    3 :  0.954 0.024 0.022 
 60      927    (0)    3 :  0.951 0.027 0.022 
 61      928    (0)    3 :  0.808 0.098 0.094 
 62      929    (0)    3 :  0.777 0.114 0.108 
 63      930    (0)    3 :  0.614 0.202 0.183 
 64      932    (0)    3 :  0.114 0.461 0.425 
 65      933    (0)    3 :  0.850 0.076 0.074 
 66      949    (0)    3 :  0.035 0.503 0.461 
 67      950    (0)    3 :  0.512 0.244 0.244 
 68      964    (4)    3 :  0.862 0.075 0.063 
 69      986    (0)    3 :  0.876 0.064 0.060 
 70      987    (0)    3 :  0.778 0.112 0.110 
 71     1001    (4)    3 :  0.954 0.023 0.022 
 72     1002    (4)    3 :  0.948 0.026 0.026 
 73     1003    (2)    3 :  0.388 0.291 0.321 
 74     1004    (0)    3 :  0.953 0.023 0.024 
 75     1005    (0)    3 :  0.934 0.033 0.033 
 76     1010    (0)    3 :  0.972 0.014 0.014 
 77      321    (0)    4 :  0.756 0.131 0.113 
 78      338    (0)    4 :  0.961 0.020 0.020 
 79      339    (0)    4 :  0.895 0.053 0.051 
 80      363    (0)    4 :  0.070 0.459 0.472 
 81      915    (0)    4 :  0.950 0.025 0.025 
 82      917    (0)    4 :  0.716 0.146 0.138 
 83      923    (0)    4 :  0.497 0.248 0.255 
 84      925    (0)    4 :  0.965 0.018 0.017 
 85      931    (0)    4 :  0.412 0.289 0.299 
 86      935    (0)    4 :  0.903 0.050 0.047 
 87      936    (0)    4 :  0.902 0.052 0.047 
 88      937    (0)    4 :  0.889 0.058 0.054 
 89      948    (0)    4 :  0.637 0.181 0.182 
 90      956    (0)    4 :  0.926 0.038 0.037 
 91      957    (0)    4 :  0.833 0.092 0.075 
 92      967    (0)    4 :  0.864 0.071 0.065 
 93      968    (2)    4 :  0.461 0.260 0.279 
 94      969    (2)    4 :  0.748 0.126 0.126 
 95      970    (2)    4 :  0.184 0.391 0.425 
 96      971    (4)    4 :  0.908 0.047 0.045 
 97      972    (0)    4 :  0.914 0.042 0.043 
 98      973    (0)    4 :  0.096 0.456 0.448 
 99      978    (0)    4 :  0.927 0.036 0.036 
100      979    (0)    4 :  0.354 0.334 0.313 
101      988    (6)    4 :  0.072 0.462 0.465 
102      989    (0)    4 :  0.737 0.130 0.133 
103      990    (0)    4 :  0.439 0.284 0.277 
104      991    (0)    4 :  0.946 0.030 0.024 
105      992    (0)    4 :  0.915 0.043 0.042 
106     1006    (2)    4 :  0.953 0.024 0.023 
107     1017    (0)    4 :  0.499 0.248 0.252 
108     2582    (4)    4 :  0.895 0.050 0.055 
109      319    (2)    5 :  0.032 0.506 0.462 
110      335    (0)    5 :  0.043 0.501 0.456 
111      895    (0)    5 :  0.032 0.495 0.473 
112      896    (0)    5 :  0.043 0.486 0.472 
113      897    (0)    5 :  0.026 0.495 0.479 
114      898    (0)    5 :  0.187 0.397 0.415 
115      899    (0)    5 :  0.174 0.405 0.422 
116      900    (0)    5 :  0.073 0.492 0.435 
117      901    (0)    5 :  0.060 0.494 0.446 
118      902    (0)    5 :  0.060 0.458 0.482 
119      903    (0)    5 :  0.023 0.487 0.490 
120      904    (0)    5 :  0.021 0.462 0.516 
121      905    (0)    5 :  0.027 0.513 0.460 
122      906    (0)    5 :  0.031 0.484 0.485 
123      907    (0)    5 :  0.056 0.452 0.493 
124      908    (0)    5 :  0.058 0.464 0.478 
125      909    (0)    5 :  0.810 0.092 0.098 
126      910    (0)    5 :  0.045 0.456 0.499 
127      911    (0)    5 :  0.051 0.470 0.480 
128      912    (0)    5 :  0.074 0.450 0.475 
129      913    (0)    5 :  0.204 0.399 0.397 
130     2411    (0)    5 :  0.030 0.488 0.482 
131     2412    (0)    5 :  0.730 0.141 0.130 
132     2413    (0)    5 :  0.026 0.471 0.503 
133     2414    (0)    5 :  0.071 0.472 0.457 
134     2415    (2)    5 :  0.111 0.448 0.441 
135     2417    (4)    5 :  0.237 0.389 0.374 
136     2418    (4)    5 :  0.026 0.466 0.508 
137     2419    (2)    5 :  0.083 0.480 0.437 
138     2420    (0)    5 :  0.046 0.495 0.459 
139     2421    (0)    5 :  0.282 0.365 0.353 
140     2422    (2)    5 :  0.040 0.474 0.487 
141     2423    (0)    5 :  0.037 0.484 0.480 
142     2576    (0)    5 :  0.060 0.482 0.458 
143     1079    (0)    6 :  0.037 0.443 0.520 
144     1081    (0)    6 :  0.046 0.438 0.516 
145     1082    (2)    6 :  0.019 0.458 0.523 
146     1083    (0)    6 :  0.055 0.429 0.516 


Estimated Allele Frequencies in each cluster
First column gives estimated ancestral frequencies


Locus 1 : 1 
4 alleles
0.0% missing data
  89   (0.556) 0.526 0.550 0.552 
  91   (0.358) 0.413 0.377 0.372 
  93   (0.058) 0.041 0.052 0.054 
  99   (0.028) 0.020 0.021 0.022 

Locus 2 : 2 
6 alleles
3.4% missing data
 138   (0.284) 0.512 0.273 0.270 
 134   (0.240) 0.259 0.241 0.237 
 140   (0.079) 0.033 0.089 0.090 
 136   (0.320) 0.088 0.331 0.336 
 132   (0.043) 0.006 0.037 0.039 
 142   (0.034) 0.101 0.028 0.028 

Locus 3 : 3 
6 alleles
0.0% missing data
 187   (0.314) 0.184 0.352 0.353 
 191   (0.037) 0.011 0.028 0.028 
 179   (0.241) 0.233 0.249 0.249 
 181   (0.234) 0.333 0.220 0.215 
 185   (0.093) 0.102 0.085 0.087 
 175   (0.081) 0.137 0.066 0.068 

Locus 4 : 4 
9 alleles
0.0% missing data
 247   (0.090) 0.032 0.102 0.105 
 253   (0.512) 0.573 0.521 0.521 
 239   (0.012) 0.001 0.008 0.008 
 241   (0.137) 0.156 0.126 0.124 
 271   (0.038) 0.009 0.049 0.048 
 269   (0.160) 0.223 0.157 0.154 
 245   (0.012) 0.001 0.008 0.008 
 249   (0.022) 0.003 0.017 0.017 
 273   (0.017) 0.002 0.013 0.013 

Locus 5 : 5 
6 alleles
0.7% missing data
 103   (0.789) 0.944 0.806 0.802 
 105   (0.074) 0.020 0.078 0.080 
 102   (0.027) 0.004 0.023 0.023 
 104   (0.086) 0.029 0.077 0.079 
 101   (0.012) 0.001 0.009 0.009 
 107   (0.012) 0.001 0.008 0.008 

Locus 6 : 6 
5 alleles
0.0% missing data
 145   (0.445) 0.551 0.430 0.436 
 147   (0.056) 0.011 0.049 0.048 
 135   (0.197) 0.182 0.200 0.202 
 141   (0.290) 0.255 0.311 0.304 
 137   (0.012) 0.001 0.009 0.009 

Locus 7 : 7 
8 alleles
1.4% missing data
  97   (0.203) 0.132 0.199 0.203 
  91   (0.068) 0.030 0.063 0.061 
  93   (0.211) 0.308 0.204 0.204 
 103   (0.256) 0.346 0.279 0.284 
  85   (0.046) 0.026 0.038 0.039 
  89   (0.114) 0.115 0.126 0.119 
  83   (0.086) 0.040 0.076 0.077 
 105   (0.017) 0.002 0.014 0.014 

Locus 8 : 8 
8 alleles
0.0% missing data
 129   (0.516) 0.710 0.519 0.517 
 145   (0.012) 0.001 0.008 0.009 
 143   (0.270) 0.198 0.282 0.284 
 149   (0.093) 0.053 0.100 0.097 
 141   (0.054) 0.024 0.050 0.051 
 133   (0.026) 0.006 0.020 0.021 
 131   (0.012) 0.006 0.007 0.007 
 127   (0.016) 0.002 0.014 0.015 

Locus 9 : 9 
3 alleles
0.0% missing data
 191   (0.360) 0.318 0.350 0.353 
 189   (0.512) 0.447 0.526 0.521 
 195   (0.128) 0.235 0.125 0.126 

Locus 10 : 10 
7 alleles
0.0% missing data
 232   (0.235) 0.172 0.228 0.233 
 238   (0.570) 0.752 0.609 0.601 
 250   (0.017) 0.002 0.014 0.015 
 254   (0.037) 0.004 0.031 0.031 
 252   (0.103) 0.066 0.088 0.088 
 248   (0.026) 0.003 0.023 0.023 
 236   (0.012) 0.001 0.008 0.008 

Locus 11 : 11 
3 alleles
0.0% missing data
  87   (0.756) 0.827 0.767 0.764 
  91   (0.049) 0.029 0.044 0.044 
  89   (0.195) 0.144 0.190 0.192 

Locus 12 : 12 
12 alleles
0.0% missing data
 149   (0.038) 0.049 0.038 0.037 
 162   (0.236) 0.227 0.274 0.278 
 160   (0.196) 0.301 0.188 0.186 
 161   (0.112) 0.111 0.108 0.107 
 154   (0.026) 0.003 0.029 0.028 
 158   (0.225) 0.206 0.217 0.216 
 170   (0.062) 0.024 0.064 0.065 
 147   (0.038) 0.047 0.032 0.032 
 143   (0.029) 0.005 0.026 0.025 
 150   (0.011) 0.008 0.007 0.007 
 159   (0.016) 0.019 0.011 0.011 
 164   (0.011) 0.001 0.008 0.008 

Locus 13 : 13 
4 alleles
0.0% missing data
 115   (0.433) 0.535 0.442 0.443 
 113   (0.375) 0.365 0.377 0.379 
 108   (0.180) 0.099 0.173 0.170 
 109   (0.012) 0.001 0.008 0.008 

Locus 14 : 14 
5 alleles
0.0% missing data
 225   (0.127) 0.082 0.119 0.119 
 229   (0.567) 0.518 0.589 0.583 
 231   (0.115) 0.016 0.123 0.125 
 227   (0.133) 0.343 0.117 0.118 
 233   (0.058) 0.042 0.051 0.055 

Locus 15 : 15 
4 alleles
0.7% missing data
 143   (0.824) 0.871 0.836 0.836 
 145   (0.102) 0.067 0.098 0.097 
 147   (0.051) 0.059 0.049 0.049 
 133   (0.022) 0.003 0.018 0.018 

Locus 16 : 16 
5 alleles
0.0% missing data
 156   (0.243) 0.229 0.233 0.238 
 158   (0.542) 0.641 0.520 0.518 
 154   (0.079) 0.010 0.084 0.088 
 160   (0.121) 0.105 0.153 0.148 
 152   (0.014) 0.014 0.009 0.009 

Locus 17 : 17 
5 alleles
0.0% missing data
  90   (0.630) 0.754 0.622 0.624 
  88   (0.083) 0.011 0.103 0.102 
 102   (0.235) 0.223 0.224 0.221 
 100   (0.040) 0.006 0.042 0.044 
 104   (0.012) 0.005 0.008 0.008 

Locus 18 : 18 
8 alleles
0.7% missing data
 127   (0.254) 0.321 0.239 0.239 
 140   (0.268) 0.222 0.287 0.287 
 142   (0.143) 0.084 0.147 0.150 
 148   (0.097) 0.068 0.108 0.105 
 150   (0.071) 0.159 0.057 0.059 
 138   (0.055) 0.039 0.048 0.048 
 146   (0.092) 0.104 0.091 0.087 
 128   (0.020) 0.002 0.024 0.026 

Locus 19 : 19 
6 alleles
0.0% missing data
 188   (0.209) 0.159 0.195 0.202 
 190   (0.126) 0.173 0.125 0.124 
 194   (0.539) 0.557 0.551 0.551 
 200   (0.098) 0.107 0.108 0.101 
 202   (0.017) 0.002 0.013 0.014 
 196   (0.012) 0.001 0.008 0.009 

Locus 20 : 20 
6 alleles
1.4% missing data
 252   (0.726) 0.780 0.741 0.739 
 246   (0.098) 0.057 0.098 0.098 
 248   (0.025) 0.004 0.023 0.025 
 254   (0.072) 0.079 0.068 0.071 
 250   (0.061) 0.072 0.057 0.056 
 244   (0.017) 0.008 0.012 0.012 

Locus 21 : 21 
7 alleles
0.0% missing data
 173   (0.261) 0.573 0.240 0.239 
 175   (0.140) 0.078 0.122 0.123 
 163   (0.054) 0.013 0.051 0.050 
 167   (0.165) 0.115 0.170 0.171 
 177   (0.304) 0.212 0.324 0.322 
 159   (0.033) 0.003 0.039 0.040 
 165   (0.043) 0.005 0.054 0.055 

Locus 22 : 22 
10 alleles
2.7% missing data
 146   (0.212) 0.314 0.209 0.208 
 152   (0.432) 0.591 0.430 0.423 
 158   (0.085) 0.017 0.100 0.102 
 166   (0.109) 0.028 0.115 0.117 
 162   (0.057) 0.009 0.062 0.063 
 142   (0.026) 0.013 0.019 0.019 
 150   (0.032) 0.008 0.032 0.034 
 164   (0.022) 0.003 0.017 0.017 
 156   (0.013) 0.017 0.008 0.008 
 148   (0.012) 0.001 0.008 0.008 

Locus 23 : 23 
7 alleles
0.7% missing data
 154   (0.570) 0.583 0.571 0.571 
 144   (0.131) 0.270 0.124 0.123 
 156   (0.143) 0.033 0.146 0.150 
 160   (0.101) 0.106 0.103 0.100 
 158   (0.025) 0.003 0.035 0.036 
 152   (0.012) 0.003 0.008 0.008 
 146   (0.017) 0.002 0.012 0.012 

Locus 24 : 24 
4 alleles
0.7% missing data
  83   (0.445) 0.397 0.445 0.447 
  77   (0.075) 0.093 0.065 0.063 
  81   (0.396) 0.400 0.420 0.419 
  85   (0.084) 0.110 0.070 0.071 

Locus 25 : 25 
6 alleles
0.0% missing data
 124   (0.529) 0.534 0.541 0.541 
 132   (0.315) 0.353 0.323 0.323 
 122   (0.086) 0.105 0.078 0.078 
 120   (0.025) 0.003 0.023 0.023 
 136   (0.022) 0.003 0.017 0.017 
 126   (0.022) 0.003 0.017 0.017 

Locus 26 : 26 
6 alleles
0.0% missing data
 183   (0.339) 0.317 0.356 0.356 
 175   (0.292) 0.305 0.307 0.310 
 179   (0.090) 0.089 0.083 0.080 
 165   (0.221) 0.281 0.209 0.207 
 181   (0.046) 0.007 0.038 0.039 
 157   (0.012) 0.001 0.008 0.008 

Locus 27 : 27 
4 alleles
0.0% missing data
 142   (0.639) 0.762 0.633 0.633 
 148   (0.192) 0.078 0.198 0.201 
 150   (0.138) 0.134 0.146 0.143 
 138   (0.031) 0.026 0.023 0.023 

Locus 28 : 28 
6 alleles
0.7% missing data
 256   (0.080) 0.046 0.083 0.082 
 262   (0.475) 0.384 0.481 0.482 
 260   (0.381) 0.534 0.386 0.386 
 258   (0.021) 0.002 0.019 0.020 
 264   (0.031) 0.026 0.023 0.023 
 266   (0.012) 0.007 0.007 0.007 

Locus 29 : 29 
5 alleles
0.7% missing data
 150   (0.457) 0.565 0.439 0.442 
 146   (0.266) 0.216 0.272 0.271 
 140   (0.186) 0.160 0.188 0.184 
 148   (0.059) 0.031 0.070 0.071 
 152   (0.032) 0.027 0.031 0.031 

Locus 30 : 30 
6 alleles
0.0% missing data
 129   (0.385) 0.602 0.402 0.399 
 125   (0.288) 0.093 0.297 0.300 
 131   (0.068) 0.026 0.064 0.066 
 123   (0.162) 0.229 0.142 0.142 
 127   (0.084) 0.049 0.087 0.085 
 121   (0.012) 0.001 0.008 0.008 

Locus 31 : 31 
5 alleles
0.7% missing data
 155   (0.551) 0.442 0.561 0.568 
 159   (0.151) 0.290 0.141 0.139 
 157   (0.188) 0.202 0.199 0.193 
 153   (0.078) 0.062 0.073 0.074 
 151   (0.032) 0.004 0.026 0.025 

Locus 32 : 32 
4 alleles
1.4% missing data
  91   (0.418) 0.528 0.405 0.403 
  92   (0.350) 0.395 0.316 0.314 
  95   (0.159) 0.066 0.203 0.204 
  94   (0.073) 0.010 0.076 0.079 

Locus 33 : 33 
5 alleles
0.0% missing data
 146   (0.325) 0.367 0.311 0.311 
 150   (0.547) 0.574 0.561 0.561 
 148   (0.054) 0.015 0.062 0.060 
 154   (0.052) 0.012 0.050 0.051 
 152   (0.021) 0.032 0.016 0.016 

Locus 34 : 34 
6 alleles
0.0% missing data
 180   (0.447) 0.352 0.446 0.448 
 184   (0.185) 0.308 0.181 0.181 
 198   (0.068) 0.016 0.066 0.070 
 192   (0.170) 0.138 0.197 0.191 
 196   (0.111) 0.142 0.097 0.098 
 190   (0.019) 0.044 0.012 0.012 

Locus 35 : 35 
5 alleles
0.0% missing data
 108   (0.147) 0.096 0.135 0.136 
 112   (0.378) 0.397 0.384 0.381 
 106   (0.291) 0.410 0.285 0.287 
 110   (0.152) 0.093 0.162 0.161 
  90   (0.032) 0.004 0.035 0.035 

Locus 36 : 36 
9 alleles
0.0% missing data
 166   (0.051) 0.110 0.041 0.041 
 170   (0.267) 0.233 0.262 0.266 
 174   (0.163) 0.182 0.160 0.155 
 178   (0.041) 0.028 0.044 0.044 
 172   (0.310) 0.380 0.329 0.328 
 168   (0.048) 0.014 0.051 0.051 
 176   (0.092) 0.013 0.097 0.097 
 186   (0.015) 0.040 0.009 0.009 
 158   (0.012) 0.001 0.008 0.008 

Locus 37 : 37 
6 alleles
0.0% missing data
  85   (0.158) 0.122 0.159 0.160 
  91   (0.017) 0.002 0.012 0.013 
  89   (0.540) 0.669 0.564 0.559 
  83   (0.145) 0.088 0.147 0.147 
  81   (0.086) 0.038 0.077 0.079 
  95   (0.054) 0.082 0.041 0.042 

Locus 38 : 38 
10 alleles
0.0% missing data
 165   (0.240) 0.233 0.216 0.218 
 173   (0.249) 0.293 0.267 0.261 
 161   (0.318) 0.276 0.336 0.333 
 167   (0.020) 0.002 0.019 0.019 
 169   (0.086) 0.145 0.094 0.099 
 168   (0.017) 0.002 0.012 0.012 
 155   (0.028) 0.004 0.028 0.028 
 159   (0.016) 0.003 0.012 0.013 
 177   (0.012) 0.001 0.008 0.008 
 175   (0.014) 0.041 0.008 0.008 

Locus 39 : 39 
5 alleles
0.0% missing data
  81   (0.118) 0.074 0.125 0.122 
  89   (0.433) 0.578 0.434 0.434 
  85   (0.193) 0.228 0.188 0.188 
  91   (0.164) 0.064 0.167 0.171 
  87   (0.093) 0.055 0.085 0.085 

Locus 40 : 40 
4 alleles
0.7% missing data
 161   (0.212) 0.153 0.215 0.214 
 167   (0.744) 0.788 0.749 0.750 
 165   (0.033) 0.058 0.028 0.028 
 177   (0.012) 0.002 0.008 0.008 

Locus 41 : 41 
6 alleles
0.7% missing data
 238   (0.356) 0.300 0.343 0.352 
 228   (0.407) 0.520 0.428 0.422 
 236   (0.085) 0.048 0.081 0.080 
 240   (0.118) 0.128 0.114 0.114 
 224   (0.023) 0.003 0.026 0.024 
 232   (0.012) 0.001 0.008 0.008 

Locus 42 : 42 
7 alleles
0.0% missing data
 130   (0.530) 0.419 0.551 0.552 
 134   (0.127) 0.072 0.123 0.122 
 114   (0.039) 0.004 0.044 0.044 
 128   (0.127) 0.212 0.127 0.125 
 118   (0.071) 0.094 0.063 0.061 
 132   (0.094) 0.197 0.084 0.087 
 136   (0.012) 0.001 0.008 0.008 

Locus 43 : 43 
5 alleles
0.7% missing data
  98   (0.098) 0.057 0.103 0.104 
 104   (0.461) 0.502 0.476 0.473 
  92   (0.131) 0.062 0.123 0.124 
 102   (0.255) 0.357 0.244 0.246 
  96   (0.055) 0.022 0.054 0.053 

Locus 44 : 44 
5 alleles
0.0% missing data
  99   (0.143) 0.080 0.165 0.165 
 103   (0.295) 0.448 0.280 0.276 
 101   (0.329) 0.252 0.335 0.335 
  95   (0.221) 0.218 0.213 0.216 
  97   (0.012) 0.002 0.008 0.008 

Locus 45 : 45 
6 alleles
0.0% missing data
 181   (0.560) 0.716 0.545 0.542 
 183   (0.017) 0.002 0.013 0.013 
 177   (0.058) 0.058 0.047 0.047 
 191   (0.295) 0.178 0.337 0.338 
 179   (0.055) 0.006 0.050 0.050 
 193   (0.015) 0.040 0.009 0.009 

Locus 46 : 46 
6 alleles
2.1% missing data
 205   (0.484) 0.548 0.493 0.499 
 215   (0.081) 0.065 0.071 0.071 
 211   (0.221) 0.108 0.253 0.251 
 207   (0.135) 0.220 0.113 0.112 
 201   (0.063) 0.056 0.056 0.053 
 202   (0.017) 0.003 0.014 0.014 

Locus 47 : 47 
9 alleles
1.4% missing data
 142   (0.378) 0.534 0.414 0.416 
 162   (0.039) 0.032 0.030 0.030 
 144   (0.070) 0.042 0.060 0.061 
 158   (0.155) 0.077 0.177 0.175 
 168   (0.140) 0.048 0.134 0.132 
 164   (0.063) 0.025 0.053 0.053 
 156   (0.027) 0.007 0.021 0.022 
 166   (0.117) 0.234 0.102 0.101 
 170   (0.012) 0.001 0.009 0.009 

Locus 48 : 48 
6 alleles
4.1% missing data
 145   (0.182) 0.111 0.172 0.173 
 153   (0.216) 0.360 0.225 0.229 
 143   (0.023) 0.003 0.018 0.018 
 151   (0.192) 0.152 0.205 0.202 
 149   (0.365) 0.371 0.360 0.361 
 147   (0.022) 0.003 0.019 0.018 

Values of parameters used in structure:
DATAFILE=w2.str,	OUTFILE=k3/w2_k3_run2,	NUMINDS=146,	NUMLOCI=48,	MISSING=-9,	LABEL=1,	POPDATA=1,	POPFLAG=0,	PHENOTYPE=0,	EXTRACOLS=0,	MAXPOPS=3,	BURNIN=500000,	NUMREPS=750000,	USEPOPINFO=0,	INFERALPHA=1,	INFERLAMBDA=0,	POPSPECIFICLAMBDA=0,	POPALPHAS=0,	COMPUTEPROB=1,	NOADMIX=0,	ADMBURNIN=500,	UPDATEFREQ=100,	PRINTLIKES=0,	INTERMEDSAVE=0,	PRINTKLD=0,	PRINTNET=1,	PRINTLAMBDA=1,	ANCESTDIST=0,	NUMBOXES=1000,	ANCESTPINT=0.90000,	GENSBACK=2,	MIGRPRIOR=0.01000,	PRINTQHAT=0,	PRINTQSUM=1,	ALPHA=1.0000,	FREQSCORR=1,	FPRIORMEAN=0.0100,	FPRIORSD=0.0500,	ONEFST=0,	LAMBDA=1.0000,	UNIFPRIORALPHA=1,	ALPHAMAX=10.0000,	ALPHAPRIORA=1.0000,	ALPHAPRIORB=2.0000,	ALPHAPROPSD=0.0250,	STARTATPOPINFO=0,	RANDOMIZE=0,	LINKAGE=0,	METROFREQ=10,	REPORTHITRATE=0,	MARKOVPHASE=0,	PHASED=1,	PLOIDY=2,	PHASEINFO=0	LOCPRIOR=0, 	LOCPRIORINIT=1.000000, 	LOCDATA=0, 	LOCISPOP=1, 	LOCPRIORSTEP=0.100000, 	MAXLOCPRIOR=20.000000, 	SEED=359138,	
[STRAT parameters]:    NUMSIMSTATS=1000,	PHENOTYPECOL=-9,	POOLFREQ=10,	LOCUSxONLY=0,	EMERROR=0.00100,	MISSINGPHENO=-9,	