

----------------------------------------------------
STRUCTURE by Pritchard, Stephens and Donnelly (2000)
     and Falush, Stephens and Pritchard (2003)
       Code by Pritchard, Falush and Hubisz
             Version 2.3.4 (Jul 2012)
----------------------------------------------------



Command line arguments:   structure -D 496551 -K 6 -m mainparams -o k6/w2_k6_run2 
Input File:    w2.str

Run parameters:
   146 individuals
   48 loci
   6 populations assumed
   500000 Burn-in period
   750000 Reps
RANDOMIZE turned off


--------------------------------------------
Proportion of membership of each pre-defined
 population in each of the 6 clusters

Given    Inferred Clusters                            Number of
 Pop       1      2      3      4      5      6      Individuals

  1:     0.066  0.258  0.279  0.062  0.281  0.052       21
  2:     0.162  0.208  0.198  0.063  0.195  0.174       30
  3:     0.168  0.071  0.062  0.229  0.062  0.408       25
  4:     0.130  0.096  0.080  0.304  0.081  0.310       32
  5:     0.041  0.324  0.273  0.044  0.259  0.058       34
  6:     0.024  0.084  0.401  0.021  0.449  0.021        4
--------------------------------------------

Allele-freq. divergence among pops (Net nucleotide distance),
computed using point estimates of P.

      1       2       3       4       5       6      
 1      -    0.0225  0.0243  0.0366  0.0244  0.0420  
 2   0.0225     -    0.0005  0.0217  0.0007  0.0192  
 3   0.0243  0.0005     -    0.0249  0.0000  0.0217  
 4   0.0366  0.0217  0.0249     -    0.0253  0.0265  
 5   0.0244  0.0007  0.0000  0.0253     -    0.0220  
 6   0.0420  0.0192  0.0217  0.0265  0.0220     -    

Average distances (expected heterozygosity) between individuals in same cluster:
cluster  1  : 0.5807 
cluster  2  : 0.6494 
cluster  3  : 0.6426 
cluster  4  : 0.5719 
cluster  5  : 0.6417 
cluster  6  : 0.5613 

--------------------------------------------
Estimated Ln Prob of Data   = -17521.4
Mean value of ln likelihood = -16494.5
Variance of ln likelihood   = 2053.8
Mean value of alpha         = 0.1063

Mean value of Fst_1         = 0.1318
Mean value of Fst_2         = 0.0002
Mean value of Fst_3         = 0.0197
Mean value of Fst_4         = 0.1251
Mean value of Fst_5         = 0.0215
Mean value of Fst_6         = 0.1154


Inferred ancestry of individuals:
        Label (%Miss) Pop:  Inferred clusters
  1      315    (0)    1 :  0.022 0.390 0.204 0.029 0.211 0.144 
  2      565    (0)    1 :  0.018 0.440 0.259 0.024 0.248 0.011 
  3      566    (2)    1 :  0.140 0.126 0.112 0.455 0.107 0.060 
  4      567    (2)    1 :  0.033 0.148 0.372 0.011 0.421 0.015 
  5      877    (0)    1 :  0.023 0.228 0.344 0.042 0.343 0.020 
  6      878    (0)    1 :  0.091 0.161 0.342 0.023 0.372 0.010 
  7      879    (0)    1 :  0.118 0.296 0.285 0.027 0.247 0.028 
  8      880    (0)    1 :  0.039 0.146 0.381 0.016 0.401 0.017 
  9      881    (0)    1 :  0.021 0.445 0.229 0.058 0.231 0.016 
 10      882    (0)    1 :  0.069 0.218 0.333 0.016 0.352 0.012 
 11      883    (0)    1 :  0.047 0.332 0.268 0.024 0.297 0.032 
 12      884    (0)    1 :  0.060 0.253 0.202 0.104 0.203 0.179 
 13      885    (0)    1 :  0.039 0.227 0.284 0.140 0.276 0.035 
 14      886    (0)    1 :  0.012 0.295 0.338 0.021 0.298 0.035 
 15      887    (0)    1 :  0.231 0.144 0.097 0.127 0.095 0.306 
 16      888    (0)    1 :  0.011 0.265 0.345 0.014 0.348 0.018 
 17      889    (0)    1 :  0.170 0.314 0.234 0.040 0.195 0.047 
 18      890    (0)    1 :  0.037 0.243 0.325 0.030 0.342 0.023 
 19      891    (0)    1 :  0.024 0.113 0.396 0.013 0.439 0.016 
 20      892    (0)    1 :  0.176 0.265 0.263 0.021 0.256 0.019 
 21      893    (0)    1 :  0.016 0.376 0.251 0.074 0.227 0.057 
 22      341    (0)    2 :  0.128 0.373 0.249 0.024 0.217 0.009 
 23      343    (0)    2 :  0.021 0.426 0.218 0.014 0.207 0.114 
 24      914    (0)    2 :  0.016 0.019 0.018 0.055 0.018 0.874 
 25      916    (0)    2 :  0.012 0.313 0.322 0.061 0.277 0.014 
 26      924    (0)    2 :  0.029 0.153 0.185 0.078 0.210 0.344 
 27      938    (0)    2 :  0.843 0.021 0.020 0.019 0.021 0.076 
 28      939    (0)    2 :  0.785 0.021 0.020 0.031 0.021 0.122 
 29      940    (0)    2 :  0.141 0.111 0.095 0.061 0.088 0.503 
 30      941    (2)    2 :  0.898 0.017 0.014 0.042 0.014 0.015 
 31      942    (0)    2 :  0.026 0.328 0.283 0.024 0.297 0.041 
 32      943    (0)    2 :  0.010 0.223 0.203 0.316 0.202 0.047 
 33      944    (0)    2 :  0.036 0.116 0.098 0.039 0.094 0.617 
 34      945    (0)    2 :  0.070 0.019 0.018 0.031 0.017 0.845 
 35      946    (0)    2 :  0.027 0.300 0.252 0.020 0.266 0.135 
 36      947    (0)    2 :  0.014 0.263 0.289 0.140 0.257 0.035 
 37      951    (0)    2 :  0.035 0.356 0.291 0.033 0.256 0.029 
 38      952    (0)    2 :  0.046 0.437 0.212 0.035 0.205 0.065 
 39      953    (0)    2 :  0.818 0.041 0.036 0.047 0.034 0.024 
 40      954    (0)    2 :  0.096 0.162 0.205 0.025 0.222 0.289 
 41      955    (0)    2 :  0.033 0.187 0.290 0.018 0.332 0.141 
 42      961    (4)    2 :  0.034 0.176 0.357 0.020 0.375 0.037 
 43      974    (0)    2 :  0.119 0.176 0.285 0.035 0.317 0.070 
 44      975    (4)    2 :  0.032 0.338 0.267 0.041 0.243 0.079 
 45      980    (0)    2 :  0.057 0.259 0.241 0.085 0.219 0.139 
 46      981    (0)    2 :  0.283 0.237 0.225 0.025 0.217 0.014 
 47      982    (0)    2 :  0.014 0.149 0.130 0.472 0.120 0.116 
 48      984    (0)    2 :  0.145 0.369 0.214 0.018 0.197 0.056 
 49      985    (0)    2 :  0.047 0.310 0.308 0.051 0.266 0.018 
 50     2578    (4)    2 :  0.031 0.235 0.197 0.025 0.186 0.326 
 51     2580    (2)    2 :  0.024 0.095 0.391 0.012 0.440 0.039 
 52      328    (0)    3 :  0.020 0.300 0.253 0.066 0.232 0.129 
 53      333    (0)    3 :  0.049 0.042 0.036 0.083 0.032 0.758 
 54      918    (0)    3 :  0.016 0.042 0.041 0.078 0.044 0.779 
 55      919    (0)    3 :  0.020 0.026 0.028 0.053 0.029 0.843 
 56      920    (0)    3 :  0.015 0.023 0.017 0.807 0.017 0.121 
 57      921    (0)    3 :  0.893 0.019 0.029 0.018 0.030 0.012 
 58      922    (0)    3 :  0.031 0.045 0.037 0.658 0.035 0.194 
 59      926    (0)    3 :  0.054 0.017 0.014 0.694 0.014 0.207 
 60      927    (0)    3 :  0.167 0.030 0.024 0.143 0.024 0.612 
 61      928    (0)    3 :  0.129 0.138 0.110 0.093 0.110 0.420 
 62      929    (0)    3 :  0.105 0.092 0.103 0.159 0.113 0.427 
 63      930    (0)    3 :  0.150 0.195 0.137 0.154 0.133 0.231 
 64      932    (0)    3 :  0.910 0.016 0.014 0.020 0.014 0.026 
 65      933    (0)    3 :  0.033 0.081 0.053 0.575 0.050 0.208 
 66      949    (0)    3 :  0.954 0.010 0.010 0.007 0.009 0.010 
 67      950    (0)    3 :  0.273 0.097 0.117 0.163 0.126 0.224 
 68      964    (4)    3 :  0.150 0.071 0.061 0.087 0.053 0.578 
 69      986    (0)    3 :  0.097 0.081 0.067 0.130 0.069 0.557 
 70      987    (0)    3 :  0.024 0.155 0.139 0.106 0.130 0.446 
 71     1001    (4)    3 :  0.016 0.013 0.012 0.015 0.012 0.931 
 72     1002    (4)    3 :  0.009 0.015 0.015 0.015 0.014 0.932 
 73     1003    (2)    3 :  0.033 0.216 0.178 0.040 0.196 0.336 
 74     1004    (0)    3 :  0.009 0.015 0.016 0.923 0.015 0.023 
 75     1005    (0)    3 :  0.020 0.032 0.032 0.609 0.032 0.276 
 76     1010    (0)    3 :  0.012 0.011 0.010 0.031 0.010 0.925 
 77      321    (0)    4 :  0.226 0.116 0.103 0.032 0.105 0.418 
 78      338    (0)    4 :  0.011 0.009 0.010 0.011 0.010 0.949 
 79      339    (0)    4 :  0.079 0.062 0.041 0.107 0.041 0.671 
 80      363    (0)    4 :  0.783 0.043 0.058 0.031 0.064 0.021 
 81      915    (0)    4 :  0.019 0.031 0.027 0.534 0.027 0.362 
 82      917    (0)    4 :  0.182 0.051 0.039 0.655 0.041 0.032 
 83      923    (0)    4 :  0.036 0.230 0.198 0.091 0.200 0.246 
 84      925    (0)    4 :  0.009 0.008 0.007 0.958 0.007 0.012 
 85      931    (0)    4 :  0.061 0.162 0.188 0.301 0.219 0.070 
 86      935    (0)    4 :  0.022 0.029 0.024 0.019 0.024 0.882 
 87      936    (0)    4 :  0.052 0.049 0.049 0.481 0.053 0.316 
 88      937    (0)    4 :  0.053 0.044 0.035 0.775 0.036 0.058 
 89      948    (0)    4 :  0.082 0.174 0.135 0.363 0.129 0.117 
 90      956    (0)    4 :  0.019 0.031 0.027 0.850 0.027 0.045 
 91      957    (0)    4 :  0.247 0.086 0.072 0.268 0.069 0.258 
 92      967    (0)    4 :  0.095 0.076 0.067 0.096 0.068 0.598 
 93      968    (2)    4 :  0.025 0.040 0.054 0.809 0.056 0.016 
 94      969    (2)    4 :  0.054 0.118 0.091 0.419 0.086 0.232 
 95      970    (2)    4 :  0.310 0.119 0.206 0.087 0.235 0.044 
 96      971    (4)    4 :  0.388 0.036 0.028 0.185 0.029 0.333 
 97      972    (0)    4 :  0.011 0.030 0.021 0.024 0.022 0.892 
 98      973    (0)    4 :  0.018 0.412 0.238 0.037 0.222 0.073 
 99      978    (0)    4 :  0.009 0.013 0.011 0.940 0.011 0.016 
100      979    (0)    4 :  0.129 0.214 0.195 0.048 0.179 0.236 
101      988    (6)    4 :  0.847 0.021 0.027 0.064 0.027 0.014 
102      989    (0)    4 :  0.138 0.148 0.120 0.186 0.127 0.281 
103      990    (0)    4 :  0.050 0.333 0.208 0.070 0.198 0.141 
104      991    (0)    4 :  0.131 0.026 0.022 0.077 0.021 0.723 
105      992    (0)    4 :  0.027 0.049 0.050 0.641 0.052 0.180 
106     1006    (2)    4 :  0.015 0.023 0.020 0.116 0.020 0.807 
107     1017    (0)    4 :  0.016 0.241 0.136 0.385 0.127 0.095 
108     2582    (4)    4 :  0.013 0.042 0.052 0.062 0.053 0.779 
109      319    (2)    5 :  0.089 0.370 0.259 0.018 0.249 0.014 
110      335    (0)    5 :  0.037 0.400 0.290 0.020 0.228 0.024 
111      895    (0)    5 :  0.085 0.380 0.256 0.023 0.242 0.014 
112      896    (0)    5 :  0.043 0.481 0.201 0.020 0.222 0.033 
113      897    (0)    5 :  0.014 0.357 0.333 0.018 0.264 0.013 
114      898    (0)    5 :  0.027 0.256 0.290 0.095 0.287 0.045 
115      899    (0)    5 :  0.031 0.332 0.252 0.070 0.244 0.070 
116      900    (0)    5 :  0.048 0.346 0.294 0.028 0.245 0.040 
117      901    (0)    5 :  0.145 0.316 0.257 0.012 0.218 0.052 
118      902    (0)    5 :  0.058 0.426 0.207 0.020 0.253 0.037 
119      903    (0)    5 :  0.017 0.479 0.237 0.017 0.239 0.011 
120      904    (0)    5 :  0.026 0.181 0.367 0.012 0.400 0.014 
121      905    (0)    5 :  0.102 0.318 0.293 0.019 0.253 0.015 
122      906    (0)    5 :  0.020 0.328 0.312 0.032 0.294 0.013 
123      907    (0)    5 :  0.026 0.256 0.307 0.036 0.350 0.025 
124      908    (0)    5 :  0.013 0.382 0.268 0.048 0.262 0.027 
125      909    (0)    5 :  0.016 0.086 0.103 0.069 0.100 0.626 
126      910    (0)    5 :  0.012 0.319 0.304 0.019 0.315 0.031 
127      911    (0)    5 :  0.026 0.288 0.328 0.037 0.301 0.020 
128      912    (0)    5 :  0.022 0.267 0.327 0.039 0.307 0.038 
129      913    (0)    5 :  0.021 0.409 0.223 0.065 0.208 0.074 
130     2411    (0)    5 :  0.015 0.326 0.341 0.018 0.282 0.017 
131     2412    (0)    5 :  0.099 0.149 0.091 0.458 0.091 0.113 
132     2413    (0)    5 :  0.019 0.323 0.299 0.014 0.325 0.021 
133     2414    (0)    5 :  0.016 0.506 0.197 0.023 0.205 0.052 
134     2415    (2)    5 :  0.044 0.277 0.297 0.036 0.275 0.072 
135     2417    (4)    5 :  0.025 0.322 0.261 0.028 0.232 0.132 
136     2418    (4)    5 :  0.023 0.160 0.370 0.015 0.410 0.022 
137     2419    (2)    5 :  0.054 0.393 0.258 0.035 0.224 0.036 
138     2420    (0)    5 :  0.020 0.343 0.313 0.024 0.274 0.025 
139     2421    (0)    5 :  0.062 0.269 0.219 0.056 0.199 0.195 
140     2422    (2)    5 :  0.057 0.290 0.321 0.017 0.289 0.027 
141     2423    (0)    5 :  0.065 0.354 0.292 0.019 0.251 0.020 
142     2576    (0)    5 :  0.029 0.325 0.309 0.047 0.269 0.021 
143     1079    (0)    6 :  0.015 0.059 0.420 0.014 0.468 0.024 
144     1081    (0)    6 :  0.018 0.092 0.397 0.031 0.441 0.021 
145     1082    (2)    6 :  0.044 0.107 0.388 0.012 0.436 0.013 
146     1083    (0)    6 :  0.019 0.078 0.397 0.026 0.453 0.026 


Estimated Allele Frequencies in each cluster
First column gives estimated ancestral frequencies


Locus 1 : 1 
4 alleles
0.0% missing data
  89   (0.564) 0.439 0.564 0.560 0.477 0.559 0.594 
  91   (0.360) 0.539 0.360 0.364 0.389 0.363 0.380 
  93   (0.050) 0.014 0.050 0.052 0.112 0.054 0.010 
  99   (0.026) 0.008 0.026 0.023 0.023 0.024 0.017 

Locus 2 : 2 
6 alleles
3.4% missing data
 138   (0.301) 0.307 0.301 0.274 0.576 0.271 0.473 
 134   (0.234) 0.392 0.234 0.212 0.198 0.208 0.284 
 140   (0.079) 0.087 0.079 0.088 0.045 0.091 0.030 
 136   (0.306) 0.178 0.306 0.350 0.090 0.352 0.088 
 132   (0.038) 0.009 0.038 0.042 0.011 0.043 0.006 
 142   (0.042) 0.028 0.042 0.034 0.081 0.034 0.119 

Locus 3 : 3 
6 alleles
0.0% missing data
 187   (0.318) 0.385 0.318 0.354 0.154 0.363 0.170 
 191   (0.035) 0.008 0.035 0.029 0.017 0.027 0.008 
 179   (0.246) 0.272 0.246 0.260 0.179 0.264 0.235 
 181   (0.232) 0.235 0.232 0.196 0.381 0.186 0.355 
 185   (0.087) 0.057 0.087 0.084 0.225 0.084 0.033 
 175   (0.082) 0.043 0.082 0.077 0.044 0.077 0.199 

Locus 4 : 4 
9 alleles
0.0% missing data
 247   (0.088) 0.084 0.088 0.109 0.027 0.114 0.034 
 253   (0.514) 0.422 0.514 0.543 0.367 0.547 0.746 
 239   (0.011) 0.002 0.011 0.008 0.002 0.007 0.001 
 241   (0.144) 0.119 0.144 0.130 0.228 0.125 0.095 
 271   (0.033) 0.135 0.033 0.026 0.011 0.026 0.006 
 269   (0.165) 0.228 0.165 0.148 0.358 0.145 0.112 
 245   (0.011) 0.002 0.011 0.007 0.002 0.007 0.001 
 249   (0.020) 0.004 0.020 0.016 0.004 0.016 0.003 
 273   (0.015) 0.004 0.015 0.013 0.003 0.013 0.002 

Locus 5 : 5 
6 alleles
0.7% missing data
 103   (0.800) 0.944 0.800 0.789 0.930 0.786 0.947 
 105   (0.073) 0.024 0.073 0.085 0.024 0.088 0.022 
 102   (0.026) 0.006 0.026 0.023 0.005 0.023 0.004 
 104   (0.079) 0.021 0.079 0.087 0.038 0.089 0.024 
 101   (0.011) 0.003 0.011 0.008 0.002 0.008 0.002 
 107   (0.011) 0.002 0.011 0.007 0.002 0.007 0.002 

Locus 6 : 6 
5 alleles
0.0% missing data
 145   (0.457) 0.209 0.457 0.480 0.512 0.483 0.635 
 147   (0.056) 0.033 0.056 0.048 0.015 0.045 0.009 
 135   (0.199) 0.147 0.199 0.205 0.348 0.208 0.081 
 141   (0.277) 0.609 0.277 0.258 0.123 0.255 0.273 
 137   (0.011) 0.002 0.011 0.009 0.002 0.010 0.002 

Locus 7 : 7 
8 alleles
1.4% missing data
  97   (0.203) 0.149 0.203 0.202 0.232 0.200 0.079 
  91   (0.067) 0.023 0.067 0.061 0.017 0.056 0.049 
  93   (0.218) 0.258 0.218 0.205 0.192 0.204 0.375 
 103   (0.256) 0.245 0.256 0.294 0.386 0.305 0.347 
  85   (0.044) 0.010 0.044 0.040 0.053 0.040 0.009 
  89   (0.112) 0.288 0.112 0.099 0.075 0.097 0.099 
  83   (0.085) 0.023 0.085 0.085 0.041 0.083 0.037 
 105   (0.015) 0.003 0.015 0.014 0.003 0.014 0.004 

Locus 8 : 8 
8 alleles
0.0% missing data
 129   (0.527) 0.571 0.527 0.531 0.631 0.530 0.744 
 145   (0.011) 0.002 0.010 0.008 0.002 0.007 0.001 
 143   (0.266) 0.280 0.266 0.270 0.261 0.272 0.183 
 149   (0.095) 0.122 0.095 0.089 0.060 0.087 0.042 
 141   (0.051) 0.013 0.051 0.058 0.024 0.060 0.019 
 133   (0.025) 0.005 0.025 0.022 0.009 0.021 0.005 
 131   (0.011) 0.003 0.011 0.007 0.011 0.007 0.003 
 127   (0.015) 0.004 0.015 0.015 0.003 0.016 0.002 

Locus 9 : 9 
3 alleles
0.0% missing data
 191   (0.358) 0.207 0.358 0.371 0.369 0.372 0.315 
 189   (0.511) 0.618 0.512 0.514 0.397 0.514 0.427 
 195   (0.131) 0.175 0.130 0.115 0.234 0.114 0.258 

Locus 10 : 10 
7 alleles
0.0% missing data
 232   (0.237) 0.076 0.237 0.253 0.164 0.254 0.202 
 238   (0.575) 0.877 0.575 0.572 0.728 0.576 0.733 
 250   (0.015) 0.003 0.015 0.016 0.002 0.016 0.002 
 254   (0.034) 0.007 0.034 0.034 0.006 0.032 0.005 
 252   (0.102) 0.027 0.102 0.097 0.093 0.095 0.054 
 248   (0.026) 0.007 0.026 0.022 0.004 0.020 0.003 
 236   (0.011) 0.002 0.011 0.007 0.002 0.007 0.002 

Locus 11 : 11 
3 alleles
0.0% missing data
  87   (0.752) 0.926 0.752 0.740 0.822 0.736 0.827 
  91   (0.051) 0.016 0.051 0.047 0.029 0.047 0.031 
  89   (0.197) 0.058 0.198 0.214 0.148 0.217 0.143 

Locus 12 : 12 
12 alleles
0.0% missing data
 149   (0.034) 0.146 0.033 0.026 0.017 0.026 0.039 
 162   (0.224) 0.339 0.224 0.277 0.109 0.291 0.296 
 160   (0.202) 0.235 0.202 0.184 0.245 0.179 0.342 
 161   (0.119) 0.048 0.119 0.118 0.177 0.116 0.060 
 154   (0.028) 0.010 0.028 0.027 0.005 0.027 0.004 
 158   (0.227) 0.144 0.227 0.220 0.287 0.215 0.188 
 170   (0.062) 0.033 0.062 0.063 0.042 0.063 0.018 
 147   (0.041) 0.027 0.041 0.035 0.054 0.035 0.034 
 143   (0.027) 0.008 0.027 0.025 0.005 0.024 0.011 
 150   (0.010) 0.002 0.010 0.006 0.017 0.006 0.003 
 159   (0.016) 0.005 0.015 0.011 0.040 0.011 0.004 
 164   (0.011) 0.002 0.011 0.007 0.002 0.007 0.001 

Locus 13 : 13 
4 alleles
0.0% missing data
 115   (0.437) 0.518 0.437 0.435 0.481 0.437 0.563 
 113   (0.370) 0.397 0.370 0.383 0.381 0.384 0.347 
 108   (0.182) 0.083 0.183 0.175 0.136 0.171 0.088 
 109   (0.011) 0.002 0.011 0.007 0.002 0.007 0.002 

Locus 14 : 14 
5 alleles
0.0% missing data
 225   (0.131) 0.128 0.131 0.119 0.099 0.117 0.051 
 229   (0.558) 0.745 0.558 0.565 0.452 0.567 0.531 
 231   (0.118) 0.034 0.118 0.130 0.031 0.126 0.018 
 227   (0.139) 0.079 0.139 0.124 0.393 0.124 0.351 
 233   (0.054) 0.014 0.054 0.062 0.024 0.065 0.050 

Locus 15 : 15 
4 alleles
0.7% missing data
 143   (0.827) 0.917 0.827 0.839 0.738 0.844 0.931 
 145   (0.103) 0.035 0.103 0.102 0.108 0.100 0.051 
 147   (0.050) 0.043 0.050 0.041 0.150 0.039 0.015 
 133   (0.020) 0.005 0.020 0.018 0.005 0.017 0.003 

Locus 16 : 16 
5 alleles
0.0% missing data
 156   (0.245) 0.125 0.245 0.261 0.290 0.265 0.193 
 158   (0.556) 0.434 0.556 0.532 0.547 0.527 0.734 
 154   (0.075) 0.025 0.075 0.094 0.017 0.096 0.013 
 160   (0.110) 0.410 0.110 0.103 0.144 0.102 0.038 
 152   (0.014) 0.005 0.014 0.009 0.003 0.009 0.022 

Locus 17 : 17 
5 alleles
0.0% missing data
  90   (0.642) 0.492 0.642 0.639 0.671 0.637 0.864 
  88   (0.074) 0.210 0.074 0.076 0.015 0.074 0.013 
 102   (0.235) 0.278 0.235 0.232 0.293 0.233 0.114 
 100   (0.038) 0.014 0.038 0.046 0.008 0.049 0.008 
 104   (0.011) 0.006 0.011 0.007 0.013 0.007 0.002 

Locus 18 : 18 
8 alleles
0.7% missing data
 127   (0.264) 0.105 0.264 0.258 0.178 0.254 0.455 
 140   (0.274) 0.311 0.274 0.284 0.285 0.285 0.170 
 142   (0.134) 0.112 0.134 0.153 0.163 0.158 0.037 
 148   (0.093) 0.255 0.093 0.082 0.041 0.079 0.053 
 150   (0.075) 0.022 0.074 0.062 0.181 0.061 0.174 
 138   (0.052) 0.016 0.052 0.048 0.088 0.046 0.012 
 146   (0.094) 0.177 0.094 0.085 0.061 0.083 0.096 
 128   (0.015) 0.003 0.015 0.030 0.003 0.033 0.002 

Locus 19 : 19 
6 alleles
0.0% missing data
 188   (0.201) 0.078 0.201 0.213 0.272 0.218 0.104 
 190   (0.123) 0.197 0.123 0.110 0.119 0.109 0.227 
 194   (0.565) 0.423 0.565 0.581 0.582 0.579 0.541 
 200   (0.084) 0.297 0.084 0.074 0.022 0.072 0.124 
 202   (0.016) 0.003 0.016 0.013 0.003 0.013 0.002 
 196   (0.011) 0.002 0.011 0.009 0.002 0.009 0.001 

Locus 20 : 20 
6 alleles
1.4% missing data
 252   (0.738) 0.744 0.738 0.754 0.802 0.753 0.744 
 246   (0.095) 0.096 0.095 0.093 0.020 0.093 0.095 
 248   (0.021) 0.004 0.021 0.028 0.007 0.030 0.003 
 254   (0.068) 0.089 0.068 0.063 0.016 0.065 0.128 
 250   (0.062) 0.062 0.062 0.052 0.151 0.049 0.018 
 244   (0.016) 0.005 0.016 0.011 0.004 0.011 0.012 

Locus 21 : 21 
7 alleles
0.0% missing data
 173   (0.279) 0.285 0.279 0.250 0.561 0.247 0.581 
 175   (0.138) 0.045 0.138 0.132 0.055 0.130 0.092 
 163   (0.053) 0.017 0.053 0.050 0.024 0.050 0.010 
 167   (0.166) 0.078 0.166 0.187 0.104 0.190 0.129 
 177   (0.291) 0.451 0.291 0.296 0.242 0.296 0.178 
 159   (0.034) 0.012 0.034 0.042 0.006 0.043 0.004 
 165   (0.039) 0.112 0.039 0.042 0.007 0.044 0.006 

Locus 22 : 22 
10 alleles
2.7% missing data
 146   (0.222) 0.246 0.222 0.215 0.270 0.215 0.314 
 152   (0.435) 0.557 0.435 0.414 0.591 0.410 0.584 
 158   (0.087) 0.029 0.087 0.107 0.042 0.109 0.015 
 166   (0.104) 0.122 0.104 0.110 0.034 0.110 0.023 
 162   (0.057) 0.022 0.057 0.066 0.016 0.066 0.010 
 142   (0.021) 0.005 0.021 0.016 0.004 0.016 0.032 
 150   (0.028) 0.009 0.028 0.038 0.010 0.041 0.007 
 164   (0.020) 0.004 0.020 0.018 0.005 0.016 0.003 
 156   (0.014) 0.003 0.014 0.009 0.027 0.009 0.011 
 148   (0.011) 0.002 0.011 0.007 0.002 0.007 0.001 

Locus 23 : 23 
7 alleles
0.7% missing data
 154   (0.579) 0.547 0.579 0.584 0.640 0.586 0.526 
 144   (0.142) 0.061 0.142 0.134 0.125 0.132 0.401 
 156   (0.135) 0.070 0.135 0.159 0.035 0.162 0.036 
 160   (0.093) 0.225 0.093 0.081 0.188 0.079 0.030 
 158   (0.025) 0.092 0.025 0.023 0.005 0.024 0.003 
 152   (0.011) 0.002 0.011 0.007 0.006 0.007 0.002 
 146   (0.016) 0.003 0.016 0.012 0.003 0.011 0.002 

Locus 24 : 24 
4 alleles
0.7% missing data
  83   (0.428) 0.456 0.428 0.436 0.446 0.436 0.387 
  77   (0.084) 0.065 0.084 0.071 0.063 0.068 0.090 
  81   (0.400) 0.453 0.400 0.412 0.353 0.416 0.428 
  85   (0.088) 0.027 0.087 0.080 0.138 0.080 0.094 

Locus 25 : 25 
6 alleles
0.0% missing data
 124   (0.526) 0.654 0.526 0.529 0.575 0.529 0.475 
 132   (0.321) 0.222 0.321 0.334 0.372 0.334 0.380 
 122   (0.086) 0.109 0.086 0.080 0.038 0.081 0.135 
 120   (0.025) 0.005 0.025 0.024 0.005 0.024 0.004 
 136   (0.021) 0.006 0.021 0.017 0.007 0.016 0.003 
 126   (0.021) 0.004 0.021 0.016 0.004 0.015 0.003 

Locus 26 : 26 
6 alleles
0.0% missing data
 183   (0.340) 0.325 0.340 0.359 0.321 0.363 0.338 
 175   (0.290) 0.408 0.290 0.296 0.429 0.301 0.192 
 179   (0.094) 0.049 0.094 0.084 0.116 0.084 0.064 
 165   (0.221) 0.208 0.221 0.212 0.122 0.207 0.397 
 181   (0.043) 0.009 0.043 0.041 0.009 0.039 0.007 
 157   (0.011) 0.002 0.011 0.007 0.002 0.007 0.002 

Locus 27 : 27 
4 alleles
0.0% missing data
 142   (0.641) 0.604 0.641 0.639 0.773 0.640 0.797 
 148   (0.194) 0.066 0.194 0.218 0.098 0.219 0.073 
 150   (0.136) 0.322 0.136 0.121 0.120 0.119 0.086 
 138   (0.029) 0.008 0.029 0.022 0.009 0.022 0.043 

Locus 28 : 28 
6 alleles
0.7% missing data
 256   (0.083) 0.085 0.083 0.081 0.042 0.080 0.044 
 262   (0.475) 0.438 0.475 0.485 0.343 0.485 0.408 
 260   (0.385) 0.461 0.385 0.385 0.542 0.386 0.528 
 258   (0.019) 0.005 0.019 0.021 0.003 0.021 0.003 
 264   (0.027) 0.008 0.027 0.022 0.068 0.020 0.005 
 266   (0.011) 0.002 0.011 0.007 0.002 0.007 0.013 

Locus 29 : 29 
5 alleles
0.7% missing data
 150   (0.462) 0.367 0.462 0.469 0.453 0.471 0.641 
 146   (0.266) 0.231 0.267 0.267 0.346 0.269 0.142 
 140   (0.186) 0.252 0.186 0.178 0.183 0.172 0.115 
 148   (0.057) 0.107 0.057 0.061 0.013 0.063 0.051 
 152   (0.029) 0.042 0.029 0.025 0.006 0.026 0.051 

Locus 30 : 30 
6 alleles
0.0% missing data
 129   (0.395) 0.579 0.394 0.387 0.643 0.392 0.560 
 125   (0.286) 0.089 0.286 0.324 0.127 0.322 0.080 
 131   (0.065) 0.045 0.066 0.070 0.022 0.072 0.019 
 123   (0.164) 0.122 0.164 0.143 0.186 0.140 0.287 
 127   (0.079) 0.163 0.079 0.068 0.020 0.067 0.052 
 121   (0.011) 0.002 0.011 0.008 0.002 0.007 0.002 

Locus 31 : 31 
5 alleles
0.7% missing data
 155   (0.547) 0.326 0.547 0.594 0.312 0.602 0.590 
 159   (0.155) 0.237 0.155 0.128 0.443 0.125 0.171 
 157   (0.189) 0.370 0.189 0.173 0.146 0.170 0.202 
 153   (0.079) 0.059 0.079 0.079 0.094 0.079 0.032 
 151   (0.030) 0.009 0.030 0.026 0.006 0.024 0.005 

Locus 32 : 32 
4 alleles
1.4% missing data
  91   (0.425) 0.377 0.425 0.411 0.437 0.408 0.621 
  92   (0.359) 0.274 0.360 0.323 0.492 0.311 0.319 
  95   (0.143) 0.328 0.143 0.184 0.055 0.196 0.048 
  94   (0.072) 0.021 0.072 0.082 0.016 0.085 0.012 

Locus 33 : 33 
5 alleles
0.0% missing data
 146   (0.338) 0.196 0.338 0.331 0.418 0.328 0.348 
 150   (0.545) 0.594 0.545 0.564 0.493 0.568 0.626 
 148   (0.046) 0.156 0.046 0.036 0.016 0.035 0.009 
 154   (0.051) 0.013 0.051 0.055 0.017 0.055 0.010 
 152   (0.021) 0.041 0.021 0.014 0.055 0.014 0.007 

Locus 34 : 34 
6 alleles
0.0% missing data
 180   (0.446) 0.358 0.446 0.465 0.203 0.464 0.460 
 184   (0.189) 0.149 0.189 0.175 0.480 0.174 0.249 
 198   (0.058) 0.012 0.058 0.080 0.012 0.084 0.015 
 192   (0.162) 0.430 0.162 0.154 0.066 0.154 0.134 
 196   (0.120) 0.038 0.120 0.109 0.200 0.107 0.105 
 190   (0.024) 0.013 0.024 0.017 0.038 0.016 0.037 

Locus 35 : 35 
5 alleles
0.0% missing data
 108   (0.148) 0.047 0.148 0.142 0.104 0.142 0.106 
 112   (0.374) 0.471 0.374 0.361 0.478 0.354 0.345 
 106   (0.300) 0.271 0.300 0.303 0.373 0.307 0.436 
 110   (0.152) 0.119 0.152 0.174 0.041 0.177 0.108 
  90   (0.026) 0.092 0.026 0.020 0.005 0.020 0.004 

Locus 36 : 36 
9 alleles
0.0% missing data
 166   (0.057) 0.054 0.057 0.045 0.081 0.044 0.125 
 170   (0.273) 0.112 0.273 0.295 0.236 0.296 0.229 
 174   (0.164) 0.230 0.164 0.154 0.072 0.149 0.220 
 178   (0.039) 0.022 0.039 0.034 0.099 0.034 0.008 
 172   (0.305) 0.445 0.305 0.317 0.369 0.322 0.380 
 168   (0.047) 0.038 0.047 0.051 0.012 0.054 0.020 
 176   (0.092) 0.094 0.092 0.089 0.021 0.086 0.015 
 186   (0.013) 0.003 0.013 0.008 0.106 0.008 0.002 
 158   (0.011) 0.002 0.011 0.008 0.002 0.008 0.001 

Locus 37 : 37 
6 alleles
0.0% missing data
  85   (0.159) 0.143 0.159 0.162 0.106 0.163 0.139 
  91   (0.016) 0.003 0.016 0.012 0.003 0.012 0.003 
  89   (0.539) 0.763 0.539 0.539 0.783 0.539 0.560 
  83   (0.147) 0.055 0.147 0.159 0.055 0.160 0.117 
  81   (0.083) 0.022 0.083 0.083 0.019 0.081 0.057 
  95   (0.056) 0.013 0.056 0.046 0.035 0.045 0.124 

Locus 38 : 38 
10 alleles
0.0% missing data
 165   (0.234) 0.069 0.234 0.235 0.142 0.234 0.337 
 173   (0.252) 0.425 0.252 0.239 0.407 0.234 0.183 
 161   (0.323) 0.448 0.323 0.326 0.212 0.325 0.271 
 167   (0.019) 0.004 0.019 0.020 0.003 0.020 0.003 
 169   (0.086) 0.030 0.086 0.112 0.196 0.120 0.133 
 168   (0.016) 0.003 0.016 0.012 0.003 0.012 0.002 
 155   (0.029) 0.011 0.029 0.027 0.006 0.025 0.005 
 159   (0.015) 0.003 0.015 0.013 0.003 0.013 0.005 
 177   (0.010) 0.003 0.010 0.007 0.002 0.007 0.002 
 175   (0.016) 0.003 0.016 0.010 0.027 0.010 0.060 

Locus 39 : 39 
5 alleles
0.0% missing data
  81   (0.120) 0.135 0.120 0.111 0.110 0.109 0.061 
  89   (0.427) 0.478 0.427 0.431 0.523 0.432 0.637 
  85   (0.203) 0.197 0.203 0.190 0.261 0.187 0.199 
  91   (0.155) 0.092 0.155 0.183 0.067 0.187 0.059 
  87   (0.094) 0.098 0.094 0.085 0.039 0.085 0.045 

Locus 40 : 40 
4 alleles
0.7% missing data
 161   (0.213) 0.148 0.213 0.211 0.060 0.209 0.245 
 167   (0.744) 0.841 0.744 0.750 0.930 0.752 0.654 
 165   (0.032) 0.009 0.032 0.031 0.008 0.032 0.100 
 177   (0.011) 0.002 0.011 0.008 0.002 0.007 0.002 

Locus 41 : 41 
6 alleles
0.7% missing data
 238   (0.359) 0.182 0.359 0.375 0.275 0.380 0.331 
 228   (0.406) 0.576 0.406 0.400 0.649 0.397 0.432 
 236   (0.087) 0.094 0.087 0.080 0.027 0.076 0.047 
 240   (0.118) 0.077 0.118 0.124 0.045 0.125 0.185 
 224   (0.020) 0.070 0.019 0.014 0.003 0.013 0.003 
 232   (0.011) 0.002 0.011 0.008 0.002 0.008 0.002 

Locus 42 : 42 
7 alleles
0.0% missing data
 130   (0.524) 0.561 0.524 0.558 0.425 0.559 0.386 
 134   (0.127) 0.103 0.127 0.124 0.090 0.122 0.048 
 114   (0.039) 0.071 0.039 0.035 0.007 0.035 0.005 
 128   (0.130) 0.170 0.130 0.116 0.133 0.116 0.281 
 118   (0.073) 0.063 0.073 0.065 0.035 0.064 0.128 
 132   (0.096) 0.030 0.095 0.095 0.307 0.097 0.151 
 136   (0.011) 0.002 0.011 0.007 0.002 0.007 0.002 

Locus 43 : 43 
5 alleles
0.7% missing data
  98   (0.093) 0.129 0.093 0.089 0.022 0.088 0.097 
 104   (0.463) 0.584 0.463 0.472 0.420 0.473 0.518 
  92   (0.123) 0.040 0.123 0.128 0.138 0.125 0.029 
 102   (0.265) 0.226 0.265 0.257 0.400 0.260 0.330 
  96   (0.056) 0.022 0.056 0.055 0.019 0.054 0.026 

Locus 44 : 44 
5 alleles
0.0% missing data
  99   (0.135) 0.220 0.135 0.154 0.045 0.161 0.099 
 103   (0.307) 0.222 0.307 0.280 0.512 0.271 0.450 
 101   (0.322) 0.429 0.322 0.316 0.329 0.315 0.172 
  95   (0.225) 0.127 0.225 0.242 0.111 0.246 0.276 
  97   (0.011) 0.002 0.011 0.007 0.002 0.007 0.002 

Locus 45 : 45 
6 alleles
0.0% missing data
 181   (0.573) 0.536 0.573 0.555 0.729 0.552 0.715 
 183   (0.016) 0.003 0.016 0.013 0.003 0.013 0.003 
 177   (0.060) 0.015 0.060 0.050 0.060 0.048 0.059 
 191   (0.286) 0.428 0.286 0.320 0.193 0.326 0.143 
 179   (0.051) 0.014 0.051 0.054 0.010 0.052 0.007 
 193   (0.015) 0.003 0.014 0.009 0.005 0.009 0.073 

Locus 46 : 46 
6 alleles
2.1% missing data
 205   (0.483) 0.432 0.483 0.510 0.677 0.515 0.487 
 215   (0.075) 0.047 0.075 0.068 0.017 0.069 0.111 
 211   (0.213) 0.369 0.213 0.225 0.101 0.226 0.100 
 207   (0.147) 0.071 0.147 0.125 0.182 0.118 0.250 
 201   (0.066) 0.077 0.066 0.058 0.020 0.056 0.049 
 202   (0.016) 0.004 0.016 0.015 0.003 0.015 0.003 

Locus 47 : 47 
9 alleles
1.4% missing data
 142   (0.370) 0.629 0.370 0.391 0.643 0.403 0.450 
 162   (0.036) 0.009 0.036 0.031 0.007 0.030 0.059 
 144   (0.071) 0.031 0.071 0.066 0.021 0.064 0.045 
 158   (0.157) 0.191 0.157 0.180 0.086 0.184 0.043 
 168   (0.144) 0.077 0.144 0.133 0.039 0.127 0.061 
 164   (0.059) 0.018 0.059 0.054 0.056 0.051 0.010 
 156   (0.025) 0.008 0.025 0.020 0.011 0.021 0.005 
 166   (0.127) 0.036 0.127 0.114 0.134 0.110 0.327 
 170   (0.011) 0.002 0.011 0.010 0.002 0.010 0.002 

Locus 48 : 48 
6 alleles
4.1% missing data
 145   (0.184) 0.081 0.184 0.185 0.114 0.182 0.100 
 153   (0.230) 0.243 0.230 0.248 0.300 0.254 0.382 
 143   (0.021) 0.006 0.021 0.017 0.004 0.016 0.003 
 151   (0.180) 0.339 0.180 0.165 0.227 0.161 0.115 
 149   (0.364) 0.323 0.364 0.368 0.352 0.370 0.396 
 147   (0.021) 0.008 0.021 0.018 0.004 0.017 0.004 

Values of parameters used in structure:
DATAFILE=w2.str,	OUTFILE=k6/w2_k6_run2,	NUMINDS=146,	NUMLOCI=48,	MISSING=-9,	LABEL=1,	POPDATA=1,	POPFLAG=0,	PHENOTYPE=0,	EXTRACOLS=0,	MAXPOPS=6,	BURNIN=500000,	NUMREPS=750000,	USEPOPINFO=0,	INFERALPHA=1,	INFERLAMBDA=0,	POPSPECIFICLAMBDA=0,	POPALPHAS=0,	COMPUTEPROB=1,	NOADMIX=0,	ADMBURNIN=500,	UPDATEFREQ=100,	PRINTLIKES=0,	INTERMEDSAVE=0,	PRINTKLD=0,	PRINTNET=1,	PRINTLAMBDA=1,	ANCESTDIST=0,	NUMBOXES=1000,	ANCESTPINT=0.90000,	GENSBACK=2,	MIGRPRIOR=0.01000,	PRINTQHAT=0,	PRINTQSUM=1,	ALPHA=1.0000,	FREQSCORR=1,	FPRIORMEAN=0.0100,	FPRIORSD=0.0500,	ONEFST=0,	LAMBDA=1.0000,	UNIFPRIORALPHA=1,	ALPHAMAX=10.0000,	ALPHAPRIORA=1.0000,	ALPHAPRIORB=2.0000,	ALPHAPROPSD=0.0250,	STARTATPOPINFO=0,	RANDOMIZE=0,	LINKAGE=0,	METROFREQ=10,	REPORTHITRATE=0,	MARKOVPHASE=0,	PHASED=1,	PLOIDY=2,	PHASEINFO=0	LOCPRIOR=0, 	LOCPRIORINIT=1.000000, 	LOCDATA=0, 	LOCISPOP=1, 	LOCPRIORSTEP=0.100000, 	MAXLOCPRIOR=20.000000, 	SEED=496551,	
[STRAT parameters]:    NUMSIMSTATS=1000,	PHENOTYPECOL=-9,	POOLFREQ=10,	LOCUSxONLY=0,	EMERROR=0.00100,	MISSINGPHENO=-9,	