

----------------------------------------------------
STRUCTURE by Pritchard, Stephens and Donnelly (2000)
     and Falush, Stephens and Pritchard (2003)
       Code by Pritchard, Falush and Hubisz
             Version 2.3.4 (Jul 2012)
----------------------------------------------------



Command line arguments:   structure -D 670727 -K 6 -m mainparams -o k6/w2_k6_run10 
Input File:    w2.str

Run parameters:
   146 individuals
   48 loci
   6 populations assumed
   500000 Burn-in period
   750000 Reps
RANDOMIZE turned off


--------------------------------------------
Proportion of membership of each pre-defined
 population in each of the 6 clusters

Given    Inferred Clusters                            Number of
 Pop       1      2      3      4      5      6      Individuals

  1:     0.262  0.064  0.061  0.289  0.051  0.273       21
  2:     0.209  0.161  0.062  0.193  0.173  0.202       30
  3:     0.070  0.167  0.232  0.057  0.408  0.066       25
  4:     0.095  0.130  0.306  0.077  0.309  0.083       32
  5:     0.320  0.039  0.043  0.229  0.057  0.312       34
  6:     0.117  0.023  0.020  0.629  0.020  0.192        4
--------------------------------------------

Allele-freq. divergence among pops (Net nucleotide distance),
computed using point estimates of P.

      1       2       3       4       5       6      
 1      -    0.0225  0.0213  0.0014  0.0190  0.0001  
 2   0.0225     -    0.0361  0.0254  0.0417  0.0236  
 3   0.0213  0.0361     -    0.0265  0.0260  0.0229  
 4   0.0014  0.0254  0.0265     -    0.0231  0.0010  
 5   0.0190  0.0417  0.0260  0.0231     -    0.0202  
 6   0.0001  0.0236  0.0229  0.0010  0.0202     -    

Average distances (expected heterozygosity) between individuals in same cluster:
cluster  1  : 0.6488 
cluster  2  : 0.5808 
cluster  3  : 0.5728 
cluster  4  : 0.6375 
cluster  5  : 0.5622 
cluster  6  : 0.6459 

--------------------------------------------
Estimated Ln Prob of Data   = -17501.4
Mean value of ln likelihood = -16485.9
Variance of ln likelihood   = 2031.0
Mean value of alpha         = 0.1009

Mean value of Fst_1         = 0.0021
Mean value of Fst_2         = 0.1303
Mean value of Fst_3         = 0.1218
Mean value of Fst_4         = 0.0295
Mean value of Fst_5         = 0.1132
Mean value of Fst_6         = 0.0118


Inferred ancestry of individuals:
        Label (%Miss) Pop:  Inferred clusters
  1      315    (0)    1 :  0.384 0.022 0.028 0.167 0.145 0.253 
  2      565    (0)    1 :  0.439 0.017 0.023 0.185 0.011 0.325 
  3      566    (2)    1 :  0.125 0.135 0.453 0.100 0.062 0.125 
  4      567    (2)    1 :  0.172 0.033 0.010 0.543 0.015 0.228 
  5      877    (0)    1 :  0.231 0.022 0.041 0.367 0.019 0.319 
  6      878    (0)    1 :  0.170 0.093 0.022 0.465 0.010 0.240 
  7      879    (0)    1 :  0.292 0.107 0.025 0.221 0.027 0.329 
  8      880    (0)    1 :  0.169 0.039 0.015 0.521 0.016 0.240 
  9      881    (0)    1 :  0.451 0.020 0.056 0.166 0.015 0.292 
 10      882    (0)    1 :  0.222 0.068 0.015 0.379 0.011 0.304 
 11      883    (0)    1 :  0.338 0.046 0.023 0.270 0.030 0.292 
 12      884    (0)    1 :  0.259 0.057 0.104 0.189 0.172 0.219 
 13      885    (0)    1 :  0.235 0.037 0.135 0.273 0.032 0.288 
 14      886    (0)    1 :  0.281 0.012 0.020 0.272 0.034 0.381 
 15      887    (0)    1 :  0.151 0.226 0.125 0.074 0.303 0.121 
 16      888    (0)    1 :  0.239 0.011 0.013 0.341 0.017 0.379 
 17      889    (0)    1 :  0.302 0.158 0.038 0.137 0.044 0.321 
 18      890    (0)    1 :  0.262 0.033 0.029 0.389 0.022 0.264 
 19      891    (0)    1 :  0.144 0.023 0.012 0.579 0.015 0.227 
 20      892    (0)    1 :  0.258 0.176 0.021 0.262 0.018 0.265 
 21      893    (0)    1 :  0.377 0.015 0.072 0.156 0.053 0.327 
 22      341    (0)    2 :  0.368 0.128 0.023 0.159 0.009 0.313 
 23      343    (0)    2 :  0.435 0.019 0.014 0.148 0.118 0.267 
 24      914    (0)    2 :  0.018 0.014 0.050 0.017 0.885 0.018 
 25      916    (0)    2 :  0.285 0.012 0.055 0.220 0.013 0.416 
 26      924    (0)    2 :  0.160 0.026 0.078 0.248 0.333 0.155 
 27      938    (0)    2 :  0.020 0.850 0.018 0.019 0.075 0.019 
 28      939    (0)    2 :  0.020 0.789 0.031 0.021 0.118 0.022 
 29      940    (0)    2 :  0.108 0.136 0.059 0.076 0.519 0.103 
 30      941    (2)    2 :  0.016 0.902 0.040 0.012 0.014 0.016 
 31      942    (0)    2 :  0.334 0.024 0.024 0.285 0.041 0.294 
 32      943    (0)    2 :  0.233 0.010 0.316 0.194 0.044 0.204 
 33      944    (0)    2 :  0.110 0.031 0.038 0.086 0.627 0.108 
 34      945    (0)    2 :  0.018 0.069 0.030 0.016 0.849 0.018 
 35      946    (0)    2 :  0.305 0.025 0.019 0.267 0.134 0.251 
 36      947    (0)    2 :  0.276 0.014 0.137 0.255 0.034 0.285 
 37      951    (0)    2 :  0.336 0.035 0.031 0.206 0.028 0.364 
 38      952    (0)    2 :  0.439 0.043 0.036 0.133 0.064 0.285 
 39      953    (0)    2 :  0.038 0.822 0.046 0.032 0.022 0.039 
 40      954    (0)    2 :  0.170 0.090 0.024 0.261 0.281 0.173 
 41      955    (0)    2 :  0.203 0.033 0.018 0.391 0.133 0.222 
 42      961    (4)    2 :  0.182 0.032 0.019 0.462 0.035 0.269 
 43      974    (0)    2 :  0.196 0.113 0.034 0.384 0.069 0.204 
 44      975    (4)    2 :  0.320 0.032 0.039 0.185 0.075 0.349 
 45      980    (0)    2 :  0.259 0.055 0.083 0.201 0.132 0.271 
 46      981    (0)    2 :  0.238 0.280 0.024 0.210 0.014 0.235 
 47      982    (0)    2 :  0.148 0.013 0.479 0.103 0.105 0.153 
 48      984    (0)    2 :  0.369 0.135 0.018 0.145 0.056 0.277 
 49      985    (0)    2 :  0.294 0.046 0.051 0.256 0.018 0.336 
 50     2578    (4)    2 :  0.235 0.030 0.024 0.189 0.321 0.202 
 51     2580    (2)    2 :  0.126 0.024 0.011 0.611 0.036 0.192 
 52      328    (0)    3 :  0.291 0.019 0.066 0.179 0.129 0.316 
 53      333    (0)    3 :  0.041 0.044 0.085 0.028 0.761 0.040 
 54      918    (0)    3 :  0.039 0.016 0.076 0.044 0.788 0.036 
 55      919    (0)    3 :  0.025 0.017 0.049 0.029 0.853 0.026 
 56      920    (0)    3 :  0.022 0.014 0.816 0.013 0.116 0.019 
 57      921    (0)    3 :  0.018 0.911 0.016 0.026 0.011 0.018 
 58      922    (0)    3 :  0.039 0.027 0.667 0.030 0.195 0.041 
 59      926    (0)    3 :  0.017 0.052 0.712 0.014 0.191 0.015 
 60      927    (0)    3 :  0.029 0.164 0.143 0.021 0.617 0.027 
 61      928    (0)    3 :  0.144 0.126 0.090 0.105 0.415 0.119 
 62      929    (0)    3 :  0.093 0.101 0.155 0.128 0.427 0.096 
 63      930    (0)    3 :  0.187 0.157 0.160 0.102 0.230 0.163 
 64      932    (0)    3 :  0.016 0.913 0.020 0.013 0.025 0.014 
 65      933    (0)    3 :  0.077 0.032 0.597 0.039 0.195 0.062 
 66      949    (0)    3 :  0.009 0.957 0.007 0.009 0.009 0.009 
 67      950    (0)    3 :  0.101 0.275 0.169 0.138 0.214 0.102 
 68      964    (4)    3 :  0.070 0.141 0.089 0.052 0.581 0.067 
 69      986    (0)    3 :  0.081 0.093 0.129 0.067 0.558 0.072 
 70      987    (0)    3 :  0.148 0.023 0.109 0.119 0.446 0.155 
 71     1001    (4)    3 :  0.012 0.015 0.015 0.011 0.936 0.012 
 72     1002    (4)    3 :  0.014 0.008 0.013 0.013 0.937 0.014 
 73     1003    (2)    3 :  0.220 0.032 0.041 0.198 0.331 0.178 
 74     1004    (0)    3 :  0.014 0.008 0.928 0.014 0.021 0.015 
 75     1005    (0)    3 :  0.031 0.019 0.615 0.032 0.273 0.030 
 76     1010    (0)    3 :  0.010 0.012 0.030 0.010 0.928 0.010 
 77      321    (0)    4 :  0.117 0.214 0.034 0.100 0.420 0.115 
 78      338    (0)    4 :  0.009 0.010 0.011 0.010 0.952 0.009 
 79      339    (0)    4 :  0.060 0.075 0.108 0.033 0.679 0.046 
 80      363    (0)    4 :  0.041 0.803 0.029 0.067 0.020 0.040 
 81      915    (0)    4 :  0.029 0.018 0.555 0.024 0.345 0.030 
 82      917    (0)    4 :  0.048 0.178 0.668 0.037 0.029 0.039 
 83      923    (0)    4 :  0.232 0.036 0.092 0.198 0.245 0.197 
 84      925    (0)    4 :  0.007 0.008 0.959 0.007 0.012 0.007 
 85      931    (0)    4 :  0.169 0.060 0.307 0.247 0.067 0.149 
 86      935    (0)    4 :  0.026 0.021 0.018 0.022 0.888 0.025 
 87      936    (0)    4 :  0.048 0.050 0.501 0.052 0.305 0.045 
 88      937    (0)    4 :  0.040 0.048 0.789 0.032 0.053 0.038 
 89      948    (0)    4 :  0.162 0.085 0.369 0.113 0.116 0.156 
 90      956    (0)    4 :  0.029 0.018 0.855 0.024 0.045 0.030 
 91      957    (0)    4 :  0.090 0.243 0.271 0.061 0.258 0.077 
 92      967    (0)    4 :  0.079 0.088 0.097 0.065 0.601 0.070 
 93      968    (2)    4 :  0.040 0.025 0.812 0.066 0.016 0.042 
 94      969    (2)    4 :  0.114 0.052 0.416 0.090 0.230 0.099 
 95      970    (2)    4 :  0.135 0.301 0.085 0.296 0.041 0.143 
 96      971    (4)    4 :  0.032 0.416 0.176 0.027 0.321 0.028 
 97      972    (0)    4 :  0.028 0.011 0.023 0.018 0.898 0.022 
 98      973    (0)    4 :  0.414 0.018 0.036 0.180 0.069 0.283 
 99      978    (0)    4 :  0.012 0.009 0.943 0.009 0.015 0.011 
100      979    (0)    4 :  0.206 0.122 0.047 0.152 0.242 0.231 
101      988    (6)    4 :  0.019 0.864 0.060 0.024 0.013 0.019 
102      989    (0)    4 :  0.147 0.138 0.178 0.120 0.275 0.141 
103      990    (0)    4 :  0.338 0.043 0.069 0.160 0.135 0.255 
104      991    (0)    4 :  0.025 0.129 0.077 0.017 0.727 0.026 
105      992    (0)    4 :  0.049 0.027 0.645 0.053 0.178 0.048 
106     1006    (2)    4 :  0.021 0.014 0.112 0.017 0.815 0.020 
107     1017    (0)    4 :  0.243 0.015 0.388 0.094 0.092 0.169 
108     2582    (4)    4 :  0.040 0.012 0.063 0.059 0.781 0.045 
109      319    (2)    5 :  0.368 0.082 0.017 0.187 0.014 0.332 
110      335    (0)    5 :  0.379 0.033 0.018 0.172 0.024 0.374 
111      895    (0)    5 :  0.385 0.078 0.023 0.199 0.014 0.302 
112      896    (0)    5 :  0.478 0.041 0.019 0.147 0.030 0.285 
113      897    (0)    5 :  0.319 0.013 0.018 0.183 0.013 0.455 
114      898    (0)    5 :  0.255 0.026 0.094 0.297 0.042 0.286 
115      899    (0)    5 :  0.335 0.030 0.067 0.173 0.069 0.325 
116      900    (0)    5 :  0.327 0.045 0.027 0.178 0.040 0.382 
117      901    (0)    5 :  0.307 0.140 0.011 0.146 0.048 0.347 
118      902    (0)    5 :  0.428 0.055 0.018 0.224 0.035 0.239 
119      903    (0)    5 :  0.485 0.016 0.016 0.147 0.010 0.325 
120      904    (0)    5 :  0.191 0.025 0.012 0.496 0.013 0.263 
121      905    (0)    5 :  0.321 0.094 0.018 0.175 0.015 0.378 
122      906    (0)    5 :  0.321 0.019 0.032 0.230 0.012 0.385 
123      907    (0)    5 :  0.262 0.025 0.034 0.390 0.024 0.264 
124      908    (0)    5 :  0.375 0.012 0.047 0.215 0.025 0.326 
125      909    (0)    5 :  0.089 0.015 0.066 0.110 0.624 0.096 
126      910    (0)    5 :  0.314 0.012 0.018 0.366 0.031 0.260 
127      911    (0)    5 :  0.276 0.023 0.034 0.311 0.019 0.337 
128      912    (0)    5 :  0.266 0.021 0.039 0.326 0.033 0.314 
129      913    (0)    5 :  0.389 0.018 0.063 0.146 0.070 0.313 
130     2411    (0)    5 :  0.297 0.014 0.017 0.217 0.017 0.438 
131     2412    (0)    5 :  0.145 0.094 0.464 0.066 0.112 0.120 
132     2413    (0)    5 :  0.310 0.019 0.013 0.314 0.020 0.324 
133     2414    (0)    5 :  0.530 0.016 0.022 0.117 0.052 0.263 
134     2415    (2)    5 :  0.278 0.044 0.035 0.266 0.069 0.308 
135     2417    (4)    5 :  0.317 0.023 0.027 0.173 0.129 0.332 
136     2418    (4)    5 :  0.176 0.022 0.015 0.546 0.021 0.220 
137     2419    (2)    5 :  0.382 0.050 0.034 0.164 0.036 0.333 
138     2420    (0)    5 :  0.344 0.019 0.023 0.232 0.026 0.356 
139     2421    (0)    5 :  0.265 0.063 0.055 0.166 0.191 0.260 
140     2422    (2)    5 :  0.296 0.055 0.016 0.276 0.026 0.332 
141     2423    (0)    5 :  0.344 0.062 0.018 0.201 0.019 0.355 
142     2576    (0)    5 :  0.319 0.027 0.044 0.228 0.019 0.363 
143     1079    (0)    6 :  0.096 0.015 0.013 0.666 0.022 0.188 
144     1081    (0)    6 :  0.126 0.017 0.028 0.611 0.021 0.197 
145     1082    (2)    6 :  0.138 0.041 0.012 0.596 0.012 0.201 
146     1083    (0)    6 :  0.107 0.018 0.025 0.642 0.026 0.183 


Estimated Allele Frequencies in each cluster
First column gives estimated ancestral frequencies


Locus 1 : 1 
4 alleles
0.0% missing data
  89   (0.562) 0.562 0.437 0.477 0.555 0.593 0.565 
  91   (0.361) 0.361 0.541 0.389 0.367 0.381 0.360 
  93   (0.050) 0.050 0.014 0.110 0.056 0.010 0.050 
  99   (0.027) 0.026 0.008 0.023 0.023 0.016 0.024 

Locus 2 : 2 
6 alleles
3.4% missing data
 138   (0.304) 0.301 0.306 0.572 0.263 0.471 0.289 
 134   (0.233) 0.231 0.393 0.198 0.199 0.284 0.222 
 140   (0.080) 0.081 0.087 0.046 0.097 0.031 0.079 
 136   (0.304) 0.308 0.177 0.090 0.363 0.089 0.338 
 132   (0.038) 0.039 0.009 0.011 0.046 0.006 0.038 
 142   (0.041) 0.040 0.028 0.083 0.032 0.118 0.034 

Locus 3 : 3 
6 alleles
0.0% missing data
 187   (0.315) 0.320 0.385 0.156 0.381 0.171 0.327 
 191   (0.035) 0.034 0.008 0.018 0.024 0.008 0.033 
 179   (0.246) 0.247 0.271 0.179 0.271 0.236 0.253 
 181   (0.230) 0.225 0.234 0.380 0.163 0.355 0.221 
 185   (0.089) 0.088 0.057 0.222 0.085 0.034 0.085 
 175   (0.085) 0.084 0.045 0.045 0.076 0.196 0.080 

Locus 4 : 4 
9 alleles
0.0% missing data
 247   (0.087) 0.089 0.086 0.028 0.127 0.034 0.093 
 253   (0.513) 0.517 0.418 0.370 0.563 0.745 0.526 
 239   (0.011) 0.010 0.002 0.002 0.006 0.001 0.009 
 241   (0.144) 0.142 0.118 0.227 0.114 0.095 0.144 
 271   (0.033) 0.032 0.136 0.011 0.022 0.006 0.029 
 269   (0.165) 0.163 0.230 0.355 0.136 0.112 0.158 
 245   (0.011) 0.010 0.002 0.002 0.006 0.001 0.009 
 249   (0.021) 0.020 0.004 0.004 0.014 0.003 0.018 
 273   (0.015) 0.015 0.004 0.003 0.012 0.002 0.014 

Locus 5 : 5 
6 alleles
0.7% missing data
 103   (0.801) 0.800 0.945 0.929 0.780 0.946 0.798 
 105   (0.072) 0.074 0.024 0.024 0.092 0.023 0.079 
 102   (0.026) 0.026 0.006 0.005 0.021 0.004 0.025 
 104   (0.079) 0.080 0.020 0.038 0.096 0.024 0.080 
 101   (0.011) 0.011 0.003 0.002 0.006 0.001 0.009 
 107   (0.011) 0.011 0.002 0.002 0.006 0.002 0.009 

Locus 6 : 6 
5 alleles
0.0% missing data
 145   (0.458) 0.460 0.210 0.514 0.494 0.633 0.467 
 147   (0.055) 0.054 0.033 0.015 0.041 0.009 0.053 
 135   (0.199) 0.200 0.148 0.345 0.211 0.082 0.199 
 141   (0.277) 0.275 0.606 0.123 0.245 0.274 0.272 
 137   (0.011) 0.011 0.002 0.002 0.009 0.002 0.009 

Locus 7 : 7 
8 alleles
1.4% missing data
  97   (0.202) 0.202 0.151 0.229 0.197 0.081 0.205 
  91   (0.066) 0.065 0.022 0.017 0.049 0.050 0.069 
  93   (0.217) 0.216 0.258 0.192 0.200 0.375 0.210 
 103   (0.259) 0.264 0.246 0.386 0.333 0.345 0.263 
  85   (0.044) 0.044 0.011 0.053 0.038 0.009 0.043 
  89   (0.112) 0.111 0.285 0.077 0.089 0.100 0.109 
  83   (0.084) 0.084 0.023 0.042 0.081 0.037 0.087 
 105   (0.015) 0.015 0.004 0.003 0.014 0.004 0.014 

Locus 8 : 8 
8 alleles
0.0% missing data
 129   (0.529) 0.529 0.569 0.632 0.534 0.744 0.531 
 145   (0.011) 0.010 0.002 0.002 0.006 0.001 0.009 
 143   (0.264) 0.264 0.284 0.257 0.272 0.183 0.268 
 149   (0.096) 0.095 0.121 0.062 0.083 0.043 0.096 
 141   (0.051) 0.052 0.013 0.024 0.064 0.019 0.051 
 133   (0.024) 0.024 0.005 0.009 0.019 0.005 0.024 
 131   (0.011) 0.010 0.003 0.011 0.005 0.003 0.008 
 127   (0.015) 0.015 0.004 0.003 0.017 0.002 0.013 

Locus 9 : 9 
3 alleles
0.0% missing data
 191   (0.357) 0.358 0.209 0.368 0.381 0.315 0.360 
 189   (0.512) 0.513 0.612 0.397 0.511 0.430 0.518 
 195   (0.131) 0.129 0.178 0.235 0.107 0.255 0.122 

Locus 10 : 10 
7 alleles
0.0% missing data
 232   (0.235) 0.237 0.077 0.163 0.260 0.202 0.244 
 238   (0.578) 0.579 0.877 0.729 0.580 0.732 0.568 
 250   (0.015) 0.015 0.003 0.003 0.018 0.002 0.014 
 254   (0.034) 0.034 0.007 0.006 0.029 0.005 0.037 
 252   (0.101) 0.100 0.027 0.093 0.090 0.054 0.103 
 248   (0.026) 0.025 0.007 0.005 0.018 0.004 0.025 
 236   (0.011) 0.011 0.002 0.002 0.006 0.002 0.009 

Locus 11 : 11 
3 alleles
0.0% missing data
  87   (0.752) 0.750 0.927 0.823 0.729 0.826 0.747 
  91   (0.050) 0.050 0.016 0.029 0.046 0.031 0.047 
  89   (0.199) 0.200 0.058 0.147 0.225 0.143 0.206 

Locus 12 : 12 
12 alleles
0.0% missing data
 149   (0.033) 0.032 0.149 0.017 0.024 0.039 0.027 
 162   (0.223) 0.229 0.339 0.110 0.322 0.296 0.240 
 160   (0.204) 0.202 0.236 0.246 0.171 0.342 0.197 
 161   (0.119) 0.118 0.047 0.175 0.112 0.061 0.123 
 154   (0.027) 0.027 0.010 0.005 0.025 0.004 0.029 
 158   (0.226) 0.225 0.143 0.285 0.208 0.188 0.227 
 170   (0.063) 0.064 0.033 0.043 0.064 0.019 0.064 
 147   (0.040) 0.040 0.027 0.054 0.031 0.034 0.038 
 143   (0.027) 0.027 0.007 0.005 0.023 0.010 0.027 
 150   (0.011) 0.010 0.002 0.018 0.005 0.003 0.008 
 159   (0.016) 0.016 0.005 0.040 0.009 0.004 0.013 
 164   (0.011) 0.010 0.002 0.002 0.006 0.001 0.008 

Locus 13 : 13 
4 alleles
0.0% missing data
 115   (0.439) 0.439 0.519 0.481 0.438 0.560 0.435 
 113   (0.369) 0.370 0.397 0.381 0.391 0.348 0.374 
 108   (0.181) 0.181 0.081 0.136 0.165 0.090 0.183 
 109   (0.011) 0.011 0.002 0.002 0.006 0.002 0.009 

Locus 14 : 14 
5 alleles
0.0% missing data
 225   (0.130) 0.129 0.127 0.100 0.111 0.051 0.126 
 229   (0.558) 0.559 0.746 0.453 0.570 0.532 0.560 
 231   (0.116) 0.117 0.034 0.031 0.124 0.018 0.131 
 227   (0.142) 0.140 0.079 0.392 0.123 0.349 0.129 
 233   (0.055) 0.055 0.014 0.024 0.071 0.051 0.055 

Locus 15 : 15 
4 alleles
0.7% missing data
 143   (0.828) 0.830 0.917 0.739 0.852 0.930 0.831 
 145   (0.102) 0.101 0.035 0.108 0.099 0.051 0.103 
 147   (0.049) 0.048 0.044 0.149 0.034 0.016 0.045 
 133   (0.021) 0.020 0.005 0.005 0.016 0.003 0.020 

Locus 16 : 16 
5 alleles
0.0% missing data
 156   (0.245) 0.246 0.127 0.288 0.273 0.192 0.251 
 158   (0.556) 0.554 0.432 0.548 0.514 0.733 0.549 
 154   (0.074) 0.076 0.025 0.017 0.106 0.013 0.083 
 160   (0.112) 0.111 0.411 0.144 0.099 0.039 0.107 
 152   (0.014) 0.013 0.005 0.003 0.007 0.023 0.010 

Locus 17 : 17 
5 alleles
0.0% missing data
  90   (0.641) 0.640 0.495 0.672 0.633 0.862 0.643 
  88   (0.074) 0.074 0.211 0.015 0.076 0.013 0.074 
 102   (0.236) 0.236 0.274 0.291 0.233 0.115 0.234 
 100   (0.038) 0.040 0.014 0.009 0.053 0.008 0.041 
 104   (0.011) 0.010 0.006 0.013 0.006 0.002 0.008 

Locus 18 : 18 
8 alleles
0.7% missing data
 127   (0.261) 0.260 0.104 0.179 0.244 0.456 0.267 
 140   (0.274) 0.276 0.312 0.285 0.289 0.171 0.278 
 142   (0.134) 0.136 0.114 0.161 0.169 0.037 0.139 
 148   (0.093) 0.092 0.255 0.042 0.074 0.054 0.090 
 150   (0.074) 0.073 0.022 0.181 0.057 0.174 0.066 
 138   (0.052) 0.052 0.016 0.087 0.044 0.012 0.051 
 146   (0.095) 0.094 0.175 0.062 0.080 0.095 0.090 
 128   (0.016) 0.018 0.003 0.003 0.043 0.002 0.019 

Locus 19 : 19 
6 alleles
0.0% missing data
 188   (0.198) 0.200 0.079 0.271 0.224 0.104 0.204 
 190   (0.123) 0.121 0.199 0.120 0.104 0.227 0.114 
 194   (0.566) 0.568 0.424 0.581 0.581 0.540 0.579 
 200   (0.086) 0.084 0.292 0.023 0.070 0.126 0.079 
 202   (0.016) 0.016 0.003 0.003 0.013 0.002 0.015 
 196   (0.011) 0.011 0.002 0.002 0.008 0.001 0.009 

Locus 20 : 20 
6 alleles
1.4% missing data
 252   (0.739) 0.740 0.743 0.803 0.758 0.742 0.751 
 246   (0.093) 0.093 0.096 0.020 0.092 0.095 0.093 
 248   (0.021) 0.022 0.004 0.007 0.035 0.003 0.022 
 254   (0.068) 0.068 0.091 0.016 0.064 0.127 0.063 
 250   (0.063) 0.061 0.061 0.150 0.043 0.019 0.059 
 244   (0.016) 0.015 0.005 0.004 0.009 0.013 0.012 

Locus 21 : 21 
7 alleles
0.0% missing data
 173   (0.281) 0.278 0.289 0.560 0.235 0.578 0.266 
 175   (0.138) 0.137 0.044 0.056 0.124 0.092 0.141 
 163   (0.053) 0.053 0.017 0.024 0.048 0.010 0.052 
 167   (0.164) 0.167 0.076 0.104 0.204 0.130 0.170 
 177   (0.290) 0.290 0.450 0.243 0.295 0.180 0.296 
 159   (0.034) 0.035 0.012 0.006 0.048 0.005 0.037 
 165   (0.040) 0.040 0.113 0.007 0.047 0.006 0.038 

Locus 22 : 22 
10 alleles
2.7% missing data
 146   (0.226) 0.225 0.244 0.273 0.215 0.311 0.221 
 152   (0.431) 0.429 0.557 0.588 0.399 0.585 0.424 
 158   (0.087) 0.089 0.029 0.041 0.117 0.016 0.097 
 166   (0.104) 0.104 0.124 0.034 0.110 0.023 0.108 
 162   (0.056) 0.057 0.022 0.017 0.069 0.010 0.062 
 142   (0.021) 0.021 0.005 0.004 0.014 0.033 0.018 
 150   (0.028) 0.029 0.009 0.010 0.048 0.006 0.029 
 164   (0.021) 0.020 0.004 0.005 0.015 0.003 0.021 
 156   (0.015) 0.014 0.003 0.027 0.008 0.011 0.011 
 148   (0.011) 0.011 0.002 0.002 0.006 0.001 0.009 

Locus 23 : 23 
7 alleles
0.7% missing data
 154   (0.577) 0.578 0.544 0.639 0.591 0.526 0.579 
 144   (0.144) 0.143 0.061 0.126 0.128 0.401 0.140 
 156   (0.134) 0.137 0.071 0.035 0.171 0.036 0.148 
 160   (0.093) 0.091 0.225 0.187 0.073 0.030 0.088 
 158   (0.025) 0.025 0.095 0.005 0.023 0.003 0.023 
 152   (0.011) 0.011 0.002 0.006 0.006 0.002 0.009 
 146   (0.015) 0.015 0.003 0.003 0.009 0.002 0.014 

Locus 24 : 24 
4 alleles
0.7% missing data
  83   (0.425) 0.425 0.455 0.446 0.440 0.386 0.430 
  77   (0.084) 0.082 0.064 0.063 0.058 0.091 0.082 
  81   (0.403) 0.404 0.455 0.353 0.423 0.429 0.404 
  85   (0.088) 0.088 0.026 0.138 0.078 0.094 0.084 

Locus 25 : 25 
6 alleles
0.0% missing data
 124   (0.526) 0.526 0.651 0.574 0.530 0.476 0.530 
 132   (0.321) 0.322 0.223 0.372 0.340 0.378 0.327 
 122   (0.086) 0.086 0.110 0.038 0.080 0.135 0.081 
 120   (0.024) 0.024 0.005 0.005 0.023 0.004 0.024 
 136   (0.021) 0.021 0.006 0.007 0.014 0.003 0.019 
 126   (0.021) 0.021 0.004 0.004 0.012 0.003 0.019 

Locus 26 : 26 
6 alleles
0.0% missing data
 183   (0.339) 0.342 0.324 0.321 0.372 0.339 0.346 
 175   (0.291) 0.292 0.411 0.428 0.306 0.191 0.292 
 179   (0.094) 0.093 0.046 0.117 0.079 0.064 0.089 
 165   (0.221) 0.220 0.207 0.123 0.202 0.397 0.217 
 181   (0.044) 0.043 0.009 0.009 0.034 0.007 0.047 
 157   (0.011) 0.011 0.002 0.002 0.006 0.002 0.009 

Locus 27 : 27 
4 alleles
0.0% missing data
 142   (0.642) 0.642 0.605 0.771 0.642 0.796 0.639 
 148   (0.193) 0.196 0.065 0.099 0.229 0.073 0.206 
 150   (0.136) 0.134 0.322 0.121 0.109 0.087 0.130 
 138   (0.029) 0.028 0.008 0.009 0.020 0.044 0.025 

Locus 28 : 28 
6 alleles
0.7% missing data
 256   (0.083) 0.083 0.086 0.043 0.080 0.045 0.080 
 262   (0.472) 0.474 0.437 0.343 0.485 0.408 0.486 
 260   (0.388) 0.388 0.461 0.541 0.389 0.527 0.382 
 258   (0.019) 0.019 0.005 0.003 0.023 0.003 0.019 
 264   (0.027) 0.026 0.008 0.068 0.017 0.005 0.025 
 266   (0.011) 0.010 0.002 0.002 0.005 0.013 0.008 

Locus 29 : 29 
5 alleles
0.7% missing data
 150   (0.463) 0.464 0.367 0.453 0.475 0.639 0.466 
 146   (0.263) 0.263 0.233 0.345 0.268 0.143 0.264 
 140   (0.187) 0.186 0.249 0.183 0.165 0.115 0.188 
 148   (0.057) 0.058 0.108 0.013 0.066 0.051 0.056 
 152   (0.030) 0.029 0.042 0.006 0.026 0.052 0.025 

Locus 30 : 30 
6 alleles
0.0% missing data
 129   (0.397) 0.396 0.579 0.642 0.393 0.559 0.385 
 125   (0.283) 0.287 0.088 0.128 0.332 0.081 0.312 
 131   (0.065) 0.066 0.045 0.022 0.076 0.019 0.064 
 123   (0.164) 0.161 0.123 0.186 0.131 0.286 0.155 
 127   (0.080) 0.079 0.161 0.020 0.062 0.053 0.075 
 121   (0.011) 0.011 0.002 0.002 0.006 0.002 0.009 

Locus 31 : 31 
5 alleles
0.7% missing data
 155   (0.543) 0.549 0.325 0.314 0.624 0.588 0.567 
 159   (0.158) 0.155 0.238 0.438 0.114 0.172 0.144 
 157   (0.189) 0.187 0.370 0.148 0.161 0.203 0.181 
 153   (0.080) 0.080 0.059 0.094 0.080 0.032 0.078 
 151   (0.030) 0.029 0.009 0.006 0.020 0.005 0.030 

Locus 32 : 32 
4 alleles
1.4% missing data
  91   (0.425) 0.422 0.376 0.439 0.397 0.620 0.422 
  92   (0.362) 0.358 0.273 0.490 0.291 0.320 0.350 
  95   (0.142) 0.147 0.330 0.055 0.222 0.048 0.151 
  94   (0.072) 0.073 0.021 0.016 0.090 0.012 0.077 

Locus 33 : 33 
5 alleles
0.0% missing data
 146   (0.337) 0.336 0.195 0.418 0.323 0.347 0.338 
 150   (0.545) 0.547 0.592 0.494 0.579 0.627 0.551 
 148   (0.046) 0.045 0.156 0.017 0.031 0.009 0.042 
 154   (0.050) 0.050 0.013 0.018 0.055 0.010 0.053 
 152   (0.022) 0.021 0.044 0.054 0.012 0.007 0.016 

Locus 34 : 34 
6 alleles
0.0% missing data
 180   (0.445) 0.446 0.361 0.204 0.471 0.459 0.459 
 184   (0.192) 0.191 0.151 0.475 0.168 0.249 0.184 
 198   (0.058) 0.060 0.012 0.012 0.097 0.015 0.064 
 192   (0.163) 0.162 0.426 0.068 0.151 0.136 0.158 
 196   (0.119) 0.118 0.037 0.201 0.100 0.104 0.116 
 190   (0.024) 0.023 0.012 0.039 0.013 0.037 0.019 

Locus 35 : 35 
5 alleles
0.0% missing data
 108   (0.147) 0.147 0.047 0.104 0.141 0.106 0.143 
 112   (0.373) 0.371 0.472 0.477 0.343 0.345 0.374 
 106   (0.301) 0.301 0.272 0.373 0.312 0.435 0.299 
 110   (0.152) 0.154 0.117 0.042 0.187 0.110 0.162 
  90   (0.026) 0.026 0.093 0.005 0.018 0.004 0.022 

Locus 36 : 36 
9 alleles
0.0% missing data
 166   (0.057) 0.056 0.054 0.083 0.040 0.123 0.050 
 170   (0.272) 0.274 0.112 0.235 0.302 0.230 0.288 
 174   (0.166) 0.165 0.228 0.074 0.144 0.220 0.163 
 178   (0.038) 0.038 0.023 0.099 0.031 0.008 0.035 
 172   (0.306) 0.308 0.445 0.368 0.334 0.380 0.304 
 168   (0.046) 0.047 0.039 0.012 0.057 0.021 0.045 
 176   (0.091) 0.090 0.095 0.021 0.079 0.015 0.097 
 186   (0.013) 0.012 0.003 0.106 0.006 0.002 0.009 
 158   (0.011) 0.010 0.002 0.002 0.007 0.001 0.009 

Locus 37 : 37 
6 alleles
0.0% missing data
  85   (0.159) 0.160 0.146 0.106 0.167 0.139 0.158 
  91   (0.016) 0.016 0.004 0.003 0.011 0.003 0.013 
  89   (0.541) 0.540 0.762 0.782 0.538 0.558 0.541 
  83   (0.146) 0.148 0.054 0.056 0.164 0.119 0.152 
  81   (0.082) 0.082 0.022 0.019 0.079 0.058 0.085 
  95   (0.056) 0.055 0.013 0.035 0.041 0.124 0.051 

Locus 38 : 38 
10 alleles
0.0% missing data
 165   (0.236) 0.236 0.069 0.142 0.234 0.335 0.240 
 173   (0.251) 0.249 0.425 0.406 0.227 0.184 0.246 
 161   (0.319) 0.320 0.448 0.213 0.321 0.271 0.328 
 167   (0.019) 0.019 0.004 0.003 0.022 0.003 0.019 
 169   (0.089) 0.091 0.031 0.194 0.138 0.135 0.091 
 168   (0.015) 0.015 0.003 0.003 0.010 0.002 0.014 
 155   (0.028) 0.028 0.011 0.006 0.023 0.005 0.029 
 159   (0.015) 0.015 0.003 0.003 0.012 0.005 0.013 
 177   (0.011) 0.010 0.003 0.002 0.006 0.002 0.009 
 175   (0.017) 0.016 0.004 0.029 0.008 0.059 0.012 

Locus 39 : 39 
5 alleles
0.0% missing data
  81   (0.120) 0.119 0.134 0.110 0.102 0.062 0.117 
  89   (0.429) 0.429 0.480 0.523 0.437 0.634 0.428 
  85   (0.204) 0.203 0.197 0.259 0.179 0.200 0.200 
  91   (0.154) 0.157 0.093 0.068 0.200 0.059 0.165 
  87   (0.093) 0.093 0.097 0.039 0.081 0.045 0.090 

Locus 40 : 40 
4 alleles
0.7% missing data
 161   (0.211) 0.211 0.147 0.060 0.203 0.246 0.217 
 167   (0.745) 0.746 0.843 0.929 0.758 0.652 0.744 
 165   (0.033) 0.033 0.009 0.008 0.032 0.100 0.030 
 177   (0.011) 0.011 0.002 0.002 0.006 0.002 0.009 

Locus 41 : 41 
6 alleles
0.7% missing data
 238   (0.357) 0.359 0.181 0.277 0.385 0.330 0.367 
 228   (0.409) 0.407 0.576 0.644 0.395 0.434 0.405 
 236   (0.086) 0.085 0.094 0.027 0.072 0.047 0.084 
 240   (0.118) 0.119 0.076 0.046 0.132 0.184 0.118 
 224   (0.020) 0.019 0.070 0.003 0.011 0.003 0.017 
 232   (0.011) 0.011 0.002 0.002 0.006 0.002 0.009 

Locus 42 : 42 
7 alleles
0.0% missing data
 130   (0.522) 0.526 0.563 0.424 0.571 0.387 0.543 
 134   (0.127) 0.126 0.104 0.090 0.118 0.048 0.130 
 114   (0.039) 0.038 0.072 0.007 0.033 0.005 0.036 
 128   (0.130) 0.129 0.168 0.136 0.111 0.279 0.121 
 118   (0.074) 0.073 0.061 0.036 0.061 0.128 0.069 
 132   (0.098) 0.098 0.031 0.305 0.101 0.151 0.093 
 136   (0.011) 0.010 0.002 0.002 0.006 0.002 0.008 

Locus 43 : 43 
5 alleles
0.7% missing data
  98   (0.093) 0.093 0.131 0.023 0.086 0.098 0.090 
 104   (0.463) 0.464 0.585 0.421 0.481 0.517 0.463 
  92   (0.122) 0.122 0.039 0.138 0.124 0.029 0.130 
 102   (0.265) 0.265 0.224 0.399 0.257 0.330 0.260 
  96   (0.056) 0.056 0.022 0.019 0.052 0.026 0.057 

Locus 44 : 44 
5 alleles
0.0% missing data
  99   (0.135) 0.137 0.219 0.046 0.174 0.100 0.138 
 103   (0.308) 0.305 0.221 0.511 0.256 0.451 0.298 
 101   (0.322) 0.322 0.431 0.329 0.309 0.171 0.325 
  95   (0.224) 0.225 0.127 0.112 0.255 0.276 0.231 
  97   (0.011) 0.011 0.002 0.002 0.006 0.002 0.009 

Locus 45 : 45 
6 alleles
0.0% missing data
 181   (0.572) 0.570 0.537 0.726 0.542 0.713 0.568 
 183   (0.016) 0.016 0.004 0.003 0.011 0.003 0.014 
 177   (0.060) 0.059 0.015 0.061 0.044 0.059 0.056 
 191   (0.288) 0.291 0.428 0.195 0.345 0.144 0.297 
 179   (0.050) 0.050 0.013 0.009 0.050 0.007 0.055 
 193   (0.015) 0.014 0.003 0.005 0.007 0.073 0.011 

Locus 46 : 46 
6 alleles
2.1% missing data
 205   (0.484) 0.487 0.431 0.674 0.532 0.488 0.492 
 215   (0.076) 0.076 0.047 0.018 0.068 0.109 0.071 
 211   (0.211) 0.212 0.370 0.102 0.229 0.102 0.219 
 207   (0.147) 0.144 0.072 0.183 0.104 0.248 0.142 
 201   (0.067) 0.066 0.076 0.020 0.052 0.049 0.062 
 202   (0.016) 0.016 0.004 0.003 0.016 0.003 0.014 

Locus 47 : 47 
9 alleles
1.4% missing data
 142   (0.370) 0.373 0.632 0.641 0.426 0.450 0.364 
 162   (0.035) 0.034 0.009 0.007 0.028 0.060 0.032 
 144   (0.071) 0.070 0.030 0.021 0.061 0.044 0.070 
 158   (0.158) 0.160 0.189 0.087 0.194 0.044 0.169 
 168   (0.142) 0.141 0.076 0.039 0.115 0.061 0.146 
 164   (0.059) 0.058 0.018 0.056 0.046 0.010 0.061 
 156   (0.026) 0.026 0.008 0.011 0.019 0.005 0.023 
 166   (0.129) 0.127 0.036 0.136 0.102 0.325 0.125 
 170   (0.011) 0.011 0.002 0.002 0.011 0.002 0.010 

Locus 48 : 48 
6 alleles
4.1% missing data
 145   (0.184) 0.183 0.080 0.115 0.179 0.101 0.189 
 153   (0.229) 0.230 0.243 0.302 0.265 0.378 0.231 
 143   (0.021) 0.021 0.006 0.004 0.014 0.003 0.020 
 151   (0.181) 0.179 0.340 0.225 0.152 0.117 0.176 
 149   (0.364) 0.365 0.324 0.351 0.373 0.398 0.364 
 147   (0.021) 0.021 0.008 0.004 0.016 0.004 0.019 

Values of parameters used in structure:
DATAFILE=w2.str,	OUTFILE=k6/w2_k6_run10,	NUMINDS=146,	NUMLOCI=48,	MISSING=-9,	LABEL=1,	POPDATA=1,	POPFLAG=0,	PHENOTYPE=0,	EXTRACOLS=0,	MAXPOPS=6,	BURNIN=500000,	NUMREPS=750000,	USEPOPINFO=0,	INFERALPHA=1,	INFERLAMBDA=0,	POPSPECIFICLAMBDA=0,	POPALPHAS=0,	COMPUTEPROB=1,	NOADMIX=0,	ADMBURNIN=500,	UPDATEFREQ=100,	PRINTLIKES=0,	INTERMEDSAVE=0,	PRINTKLD=0,	PRINTNET=1,	PRINTLAMBDA=1,	ANCESTDIST=0,	NUMBOXES=1000,	ANCESTPINT=0.90000,	GENSBACK=2,	MIGRPRIOR=0.01000,	PRINTQHAT=0,	PRINTQSUM=1,	ALPHA=1.0000,	FREQSCORR=1,	FPRIORMEAN=0.0100,	FPRIORSD=0.0500,	ONEFST=0,	LAMBDA=1.0000,	UNIFPRIORALPHA=1,	ALPHAMAX=10.0000,	ALPHAPRIORA=1.0000,	ALPHAPRIORB=2.0000,	ALPHAPROPSD=0.0250,	STARTATPOPINFO=0,	RANDOMIZE=0,	LINKAGE=0,	METROFREQ=10,	REPORTHITRATE=0,	MARKOVPHASE=0,	PHASED=1,	PLOIDY=2,	PHASEINFO=0	LOCPRIOR=0, 	LOCPRIORINIT=1.000000, 	LOCDATA=0, 	LOCISPOP=1, 	LOCPRIORSTEP=0.100000, 	MAXLOCPRIOR=20.000000, 	SEED=670727,	
[STRAT parameters]:    NUMSIMSTATS=1000,	PHENOTYPECOL=-9,	POOLFREQ=10,	LOCUSxONLY=0,	EMERROR=0.00100,	MISSINGPHENO=-9,	