

----------------------------------------------------
STRUCTURE by Pritchard, Stephens and Donnelly (2000)
     and Falush, Stephens and Pritchard (2003)
       Code by Pritchard, Falush and Hubisz
             Version 2.3.4 (Jul 2012)
----------------------------------------------------



Command line arguments:   structure -D 438950 -K 4 -m mainparams -o k4/w2_k4_run1 
Input File:    w2.str

Run parameters:
   146 individuals
   48 loci
   4 populations assumed
   500000 Burn-in period
   750000 Reps
RANDOMIZE turned off


--------------------------------------------
Proportion of membership of each pre-defined
 population in each of the 4 clusters

Given    Inferred Clusters              Number of
 Pop       1      2      3      4      Individuals

  1:     0.089  0.399  0.101  0.410       21
  2:     0.193  0.304  0.201  0.302       30
  3:     0.186  0.074  0.665  0.075       25
  4:     0.159  0.114  0.615  0.112       32
  5:     0.063  0.428  0.094  0.415       34
  6:     0.037  0.428  0.034  0.501        4
--------------------------------------------

Allele-freq. divergence among pops (Net nucleotide distance),
computed using point estimates of P.

      1       2       3       4      
 1      -    0.0201  0.0311  0.0203  
 2   0.0201     -    0.0178  0.0000  
 3   0.0311  0.0178     -    0.0183  
 4   0.0203  0.0000  0.0183     -    

Average distances (expected heterozygosity) between individuals in same cluster:
cluster  1  : 0.5880 
cluster  2  : 0.6477 
cluster  3  : 0.5739 
cluster  4  : 0.6462 

--------------------------------------------
Estimated Ln Prob of Data   = -17447.2
Mean value of ln likelihood = -16654.7
Variance of ln likelihood   = 1584.9
Mean value of alpha         = 0.1383

Mean value of Fst_1         = 0.1150
Mean value of Fst_2         = 0.0076
Mean value of Fst_3         = 0.0872
Mean value of Fst_4         = 0.0100


Inferred ancestry of individuals:
        Label (%Miss) Pop:  Inferred clusters
  1      315    (0)    1 :  0.030 0.415 0.164 0.391 
  2      565    (0)    1 :  0.029 0.482 0.020 0.468 
  3      566    (2)    1 :  0.208 0.196 0.396 0.200 
  4      567    (2)    1 :  0.047 0.440 0.016 0.497 
  5      877    (0)    1 :  0.036 0.448 0.039 0.477 
  6      878    (0)    1 :  0.121 0.401 0.016 0.462 
  7      879    (0)    1 :  0.168 0.411 0.039 0.383 
  8      880    (0)    1 :  0.064 0.439 0.021 0.475 
  9      881    (0)    1 :  0.029 0.478 0.043 0.450 
 10      882    (0)    1 :  0.077 0.433 0.017 0.473 
 11      883    (0)    1 :  0.059 0.442 0.038 0.461 
 12      884    (0)    1 :  0.081 0.303 0.306 0.310 
 13      885    (0)    1 :  0.062 0.409 0.101 0.428 
 14      886    (0)    1 :  0.019 0.463 0.047 0.471 
 15      887    (0)    1 :  0.258 0.101 0.541 0.099 
 16      888    (0)    1 :  0.016 0.466 0.021 0.497 
 17      889    (0)    1 :  0.260 0.350 0.074 0.316 
 18      890    (0)    1 :  0.060 0.449 0.038 0.454 
 19      891    (0)    1 :  0.036 0.443 0.019 0.502 
 20      892    (0)    1 :  0.192 0.383 0.026 0.399 
 21      893    (0)    1 :  0.025 0.432 0.138 0.405 
 22      341    (0)    2 :  0.158 0.432 0.016 0.394 
 23      343    (0)    2 :  0.040 0.476 0.056 0.428 
 24      914    (0)    2 :  0.026 0.022 0.930 0.022 
 25      916    (0)    2 :  0.020 0.479 0.037 0.465 
 26      924    (0)    2 :  0.055 0.249 0.437 0.258 
 27      938    (0)    2 :  0.891 0.027 0.054 0.027 
 28      939    (0)    2 :  0.842 0.021 0.115 0.022 
 29      940    (0)    2 :  0.210 0.155 0.483 0.152 
 30      941    (2)    2 :  0.932 0.019 0.030 0.018 
 31      942    (0)    2 :  0.041 0.449 0.050 0.460 
 32      943    (0)    2 :  0.017 0.381 0.223 0.379 
 33      944    (0)    2 :  0.077 0.134 0.656 0.132 
 34      945    (0)    2 :  0.075 0.027 0.872 0.025 
 35      946    (0)    2 :  0.055 0.436 0.087 0.423 
 36      947    (0)    2 :  0.022 0.434 0.111 0.433 
 37      951    (0)    2 :  0.049 0.457 0.058 0.436 
 38      952    (0)    2 :  0.081 0.435 0.082 0.402 
 39      953    (0)    2 :  0.880 0.041 0.040 0.040 
 40      954    (0)    2 :  0.162 0.319 0.184 0.335 
 41      955    (0)    2 :  0.047 0.411 0.102 0.440 
 42      961    (4)    2 :  0.050 0.438 0.039 0.473 
 43      974    (0)    2 :  0.192 0.352 0.086 0.370 
 44      975    (4)    2 :  0.052 0.433 0.112 0.404 
 45      980    (0)    2 :  0.084 0.329 0.244 0.343 
 46      981    (0)    2 :  0.311 0.334 0.022 0.334 
 47      982    (0)    2 :  0.025 0.173 0.632 0.170 
 48      984    (0)    2 :  0.219 0.381 0.042 0.357 
 49      985    (0)    2 :  0.090 0.439 0.032 0.439 
 50     2578    (4)    2 :  0.052 0.397 0.185 0.366 
 51     2580    (2)    2 :  0.037 0.434 0.028 0.501 
 52      328    (0)    3 :  0.027 0.361 0.247 0.365 
 53      333    (0)    3 :  0.062 0.036 0.868 0.035 
 54      918    (0)    3 :  0.023 0.035 0.906 0.037 
 55      919    (0)    3 :  0.034 0.031 0.905 0.031 
 56      920    (0)    3 :  0.023 0.026 0.927 0.024 
 57      921    (0)    3 :  0.907 0.032 0.017 0.043 
 58      922    (0)    3 :  0.058 0.041 0.861 0.040 
 59      926    (0)    3 :  0.081 0.019 0.882 0.018 
 60      927    (0)    3 :  0.155 0.022 0.802 0.021 
 61      928    (0)    3 :  0.140 0.109 0.645 0.106 
 62      929    (0)    3 :  0.154 0.101 0.639 0.107 
 63      930    (0)    3 :  0.198 0.148 0.509 0.145 
 64      932    (0)    3 :  0.916 0.021 0.043 0.020 
 65      933    (0)    3 :  0.044 0.071 0.817 0.067 
 66      949    (0)    3 :  0.957 0.015 0.013 0.015 
 67      950    (0)    3 :  0.343 0.114 0.422 0.121 
 68      964    (4)    3 :  0.223 0.060 0.660 0.056 
 69      986    (0)    3 :  0.096 0.063 0.779 0.062 
 70      987    (0)    3 :  0.046 0.141 0.677 0.136 
 71     1001    (4)    3 :  0.031 0.023 0.924 0.022 
 72     1002    (4)    3 :  0.015 0.026 0.934 0.024 
 73     1003    (2)    3 :  0.058 0.290 0.344 0.308 
 74     1004    (0)    3 :  0.016 0.023 0.938 0.023 
 75     1005    (0)    3 :  0.027 0.033 0.906 0.034 
 76     1010    (0)    3 :  0.017 0.014 0.954 0.014 
 77      321    (0)    4 :  0.370 0.130 0.379 0.122 
 78      338    (0)    4 :  0.020 0.017 0.947 0.016 
 79      339    (0)    4 :  0.090 0.056 0.802 0.053 
 80      363    (0)    4 :  0.817 0.067 0.041 0.074 
 81      915    (0)    4 :  0.022 0.026 0.926 0.026 
 82      917    (0)    4 :  0.356 0.078 0.488 0.078 
 83      923    (0)    4 :  0.046 0.220 0.502 0.232 
 84      925    (0)    4 :  0.017 0.015 0.954 0.014 
 85      931    (0)    4 :  0.108 0.270 0.349 0.273 
 86      935    (0)    4 :  0.038 0.047 0.871 0.045 
 87      936    (0)    4 :  0.083 0.043 0.831 0.043 
 88      937    (0)    4 :  0.120 0.063 0.760 0.056 
 89      948    (0)    4 :  0.082 0.161 0.595 0.162 
 90      956    (0)    4 :  0.053 0.046 0.858 0.043 
 91      957    (0)    4 :  0.298 0.055 0.594 0.054 
 92      967    (0)    4 :  0.138 0.063 0.737 0.062 
 93      968    (2)    4 :  0.077 0.208 0.496 0.220 
 94      969    (2)    4 :  0.069 0.117 0.695 0.118 
 95      970    (2)    4 :  0.377 0.250 0.105 0.268 
 96      971    (4)    4 :  0.267 0.029 0.674 0.029 
 97      972    (0)    4 :  0.018 0.045 0.895 0.042 
 98      973    (0)    4 :  0.026 0.464 0.092 0.417 
 99      978    (0)    4 :  0.029 0.033 0.908 0.030 
100      979    (0)    4 :  0.185 0.256 0.302 0.257 
101      988    (6)    4 :  0.890 0.034 0.036 0.041 
102      989    (0)    4 :  0.142 0.121 0.616 0.121 
103      990    (0)    4 :  0.105 0.335 0.253 0.308 
104      991    (0)    4 :  0.136 0.021 0.823 0.020 
105      992    (0)    4 :  0.037 0.038 0.887 0.039 
106     1006    (2)    4 :  0.020 0.021 0.939 0.020 
107     1017    (0)    4 :  0.029 0.257 0.480 0.234 
108     2582    (4)    4 :  0.020 0.058 0.859 0.064 
109      319    (2)    5 :  0.145 0.424 0.021 0.409 
110      335    (0)    5 :  0.070 0.475 0.030 0.425 
111      895    (0)    5 :  0.158 0.417 0.021 0.404 
112      896    (0)    5 :  0.050 0.472 0.041 0.437 
113      897    (0)    5 :  0.022 0.491 0.022 0.465 
114      898    (0)    5 :  0.045 0.416 0.116 0.423 
115      899    (0)    5 :  0.042 0.402 0.161 0.395 
116      900    (0)    5 :  0.082 0.456 0.059 0.403 
117      901    (0)    5 :  0.202 0.391 0.038 0.369 
118      902    (0)    5 :  0.062 0.435 0.046 0.456 
119      903    (0)    5 :  0.022 0.507 0.019 0.451 
120      904    (0)    5 :  0.031 0.452 0.018 0.499 
121      905    (0)    5 :  0.122 0.451 0.023 0.404 
122      906    (0)    5 :  0.030 0.474 0.027 0.469 
123      907    (0)    5 :  0.041 0.446 0.041 0.473 
124      908    (0)    5 :  0.017 0.458 0.059 0.465 
125      909    (0)    5 :  0.024 0.109 0.751 0.115 
126      910    (0)    5 :  0.016 0.468 0.037 0.478 
127      911    (0)    5 :  0.042 0.464 0.037 0.456 
128      912    (0)    5 :  0.040 0.455 0.058 0.447 
129      913    (0)    5 :  0.035 0.414 0.153 0.398 
130     2411    (0)    5 :  0.024 0.488 0.025 0.463 
131     2412    (0)    5 :  0.170 0.126 0.591 0.112 
132     2413    (0)    5 :  0.025 0.458 0.024 0.493 
133     2414    (0)    5 :  0.026 0.488 0.060 0.426 
134     2415    (2)    5 :  0.060 0.422 0.085 0.433 
135     2417    (4)    5 :  0.051 0.417 0.141 0.391 
136     2418    (4)    5 :  0.032 0.460 0.022 0.486 
137     2419    (2)    5 :  0.100 0.448 0.053 0.399 
138     2420    (0)    5 :  0.033 0.481 0.038 0.449 
139     2421    (0)    5 :  0.085 0.325 0.277 0.313 
140     2422    (2)    5 :  0.075 0.451 0.034 0.440 
141     2423    (0)    5 :  0.102 0.430 0.026 0.442 
142     2576    (0)    5 :  0.057 0.467 0.044 0.432 
143     1079    (0)    6 :  0.029 0.434 0.031 0.507 
144     1081    (0)    6 :  0.031 0.435 0.041 0.493 
145     1082    (2)    6 :  0.058 0.427 0.015 0.499 
146     1083    (0)    6 :  0.030 0.415 0.048 0.506 


Estimated Allele Frequencies in each cluster
First column gives estimated ancestral frequencies


Locus 1 : 1 
4 alleles
0.0% missing data
  89   (0.561) 0.436 0.565 0.551 0.565 
  91   (0.356) 0.538 0.354 0.382 0.353 
  93   (0.056) 0.016 0.056 0.047 0.058 
  99   (0.027) 0.010 0.025 0.020 0.024 

Locus 2 : 2 
6 alleles
3.4% missing data
 138   (0.290) 0.317 0.280 0.521 0.276 
 134   (0.229) 0.360 0.220 0.249 0.215 
 140   (0.084) 0.094 0.085 0.031 0.087 
 136   (0.320) 0.190 0.343 0.083 0.350 
 132   (0.041) 0.009 0.042 0.006 0.042 
 142   (0.035) 0.029 0.030 0.110 0.029 

Locus 3 : 3 
6 alleles
0.0% missing data
 187   (0.324) 0.379 0.337 0.161 0.344 
 191   (0.036) 0.009 0.033 0.011 0.032 
 179   (0.246) 0.270 0.252 0.210 0.255 
 181   (0.220) 0.241 0.210 0.364 0.203 
 185   (0.092) 0.063 0.090 0.109 0.089 
 175   (0.081) 0.038 0.078 0.144 0.077 

Locus 4 : 4 
9 alleles
0.0% missing data
 247   (0.095) 0.084 0.100 0.031 0.105 
 253   (0.517) 0.445 0.529 0.587 0.533 
 239   (0.011) 0.002 0.010 0.001 0.009 
 241   (0.138) 0.120 0.137 0.148 0.133 
 271   (0.034) 0.118 0.030 0.006 0.029 
 269   (0.157) 0.220 0.151 0.220 0.148 
 245   (0.012) 0.002 0.010 0.001 0.009 
 249   (0.021) 0.004 0.020 0.003 0.018 
 273   (0.016) 0.004 0.015 0.002 0.015 

Locus 5 : 5 
6 alleles
0.7% missing data
 103   (0.790) 0.934 0.786 0.948 0.786 
 105   (0.075) 0.029 0.082 0.019 0.085 
 102   (0.027) 0.007 0.026 0.004 0.024 
 104   (0.085) 0.025 0.087 0.027 0.087 
 101   (0.012) 0.003 0.010 0.001 0.009 
 107   (0.012) 0.002 0.010 0.001 0.009 

Locus 6 : 6 
5 alleles
0.0% missing data
 145   (0.454) 0.237 0.465 0.597 0.469 
 147   (0.056) 0.035 0.054 0.009 0.051 
 135   (0.207) 0.158 0.208 0.187 0.209 
 141   (0.271) 0.567 0.264 0.206 0.261 
 137   (0.012) 0.002 0.010 0.001 0.010 

Locus 7 : 7 
8 alleles
1.4% missing data
  97   (0.200) 0.139 0.204 0.147 0.204 
  91   (0.068) 0.027 0.067 0.032 0.064 
  93   (0.214) 0.241 0.210 0.305 0.208 
 103   (0.271) 0.282 0.279 0.352 0.286 
  85   (0.044) 0.011 0.043 0.029 0.043 
  89   (0.102) 0.270 0.097 0.091 0.096 
  83   (0.084) 0.026 0.086 0.041 0.084 
 105   (0.016) 0.004 0.015 0.002 0.014 

Locus 8 : 8 
8 alleles
0.0% missing data
 129   (0.521) 0.577 0.523 0.709 0.523 
 145   (0.011) 0.002 0.010 0.001 0.009 
 143   (0.269) 0.268 0.275 0.205 0.278 
 149   (0.092) 0.126 0.090 0.048 0.089 
 141   (0.054) 0.014 0.055 0.024 0.055 
 133   (0.025) 0.006 0.025 0.005 0.024 
 131   (0.011) 0.003 0.009 0.007 0.008 
 127   (0.016) 0.004 0.015 0.002 0.015 

Locus 9 : 9 
3 alleles
0.0% missing data
 191   (0.363) 0.204 0.369 0.347 0.370 
 189   (0.514) 0.631 0.517 0.393 0.517 
 195   (0.122) 0.166 0.114 0.260 0.114 

Locus 10 : 10 
7 alleles
0.0% missing data
 232   (0.239) 0.080 0.248 0.188 0.253 
 238   (0.572) 0.871 0.565 0.733 0.565 
 250   (0.016) 0.003 0.015 0.002 0.015 
 254   (0.035) 0.007 0.036 0.004 0.035 
 252   (0.100) 0.029 0.101 0.069 0.100 
 248   (0.026) 0.008 0.025 0.003 0.023 
 236   (0.012) 0.003 0.010 0.001 0.009 

Locus 11 : 11 
3 alleles
0.0% missing data
  87   (0.751) 0.913 0.746 0.817 0.745 
  91   (0.050) 0.017 0.048 0.030 0.048 
  89   (0.199) 0.070 0.206 0.153 0.208 

Locus 12 : 12 
12 alleles
0.0% missing data
 149   (0.033) 0.112 0.027 0.040 0.026 
 162   (0.242) 0.351 0.256 0.210 0.267 
 160   (0.194) 0.228 0.189 0.310 0.186 
 161   (0.114) 0.054 0.115 0.116 0.115 
 154   (0.028) 0.010 0.029 0.003 0.028 
 158   (0.222) 0.160 0.224 0.220 0.221 
 170   (0.064) 0.038 0.065 0.024 0.065 
 147   (0.038) 0.024 0.035 0.046 0.035 
 143   (0.028) 0.008 0.028 0.005 0.027 
 150   (0.011) 0.003 0.008 0.009 0.008 
 159   (0.016) 0.010 0.013 0.017 0.012 
 164   (0.011) 0.002 0.009 0.001 0.009 

Locus 13 : 13 
4 alleles
0.0% missing data
 115   (0.434) 0.494 0.431 0.547 0.433 
 113   (0.374) 0.399 0.377 0.353 0.381 
 108   (0.181) 0.104 0.182 0.098 0.178 
 109   (0.012) 0.002 0.010 0.001 0.009 

Locus 14 : 14 
5 alleles
0.0% missing data
 225   (0.127) 0.135 0.123 0.067 0.121 
 229   (0.561) 0.717 0.561 0.499 0.560 
 231   (0.118) 0.038 0.130 0.017 0.132 
 227   (0.137) 0.096 0.128 0.372 0.127 
 233   (0.057) 0.014 0.057 0.046 0.059 

Locus 15 : 15 
4 alleles
0.7% missing data
 143   (0.823) 0.899 0.829 0.860 0.832 
 145   (0.103) 0.041 0.103 0.074 0.102 
 147   (0.053) 0.055 0.048 0.064 0.047 
 133   (0.021) 0.005 0.020 0.002 0.020 

Locus 16 : 16 
5 alleles
0.0% missing data
 156   (0.248) 0.129 0.256 0.236 0.260 
 158   (0.545) 0.454 0.539 0.664 0.534 
 154   (0.081) 0.028 0.089 0.011 0.092 
 160   (0.111) 0.380 0.105 0.077 0.104 
 152   (0.015) 0.008 0.012 0.012 0.011 

Locus 17 : 17 
5 alleles
0.0% missing data
  90   (0.633) 0.502 0.638 0.795 0.639 
  88   (0.077) 0.189 0.077 0.010 0.077 
 102   (0.237) 0.283 0.233 0.185 0.230 
 100   (0.041) 0.016 0.044 0.006 0.046 
 104   (0.012) 0.010 0.009 0.004 0.008 

Locus 18 : 18 
8 alleles
0.7% missing data
 127   (0.256) 0.128 0.259 0.344 0.257 
 140   (0.272) 0.298 0.277 0.224 0.279 
 142   (0.145) 0.112 0.151 0.083 0.155 
 148   (0.092) 0.228 0.088 0.046 0.087 
 150   (0.069) 0.026 0.065 0.180 0.064 
 138   (0.054) 0.022 0.052 0.041 0.051 
 146   (0.090) 0.181 0.084 0.079 0.082 
 128   (0.022) 0.005 0.024 0.002 0.027 

Locus 19 : 19 
6 alleles
0.0% missing data
 188   (0.207) 0.079 0.214 0.176 0.217 
 190   (0.118) 0.187 0.111 0.184 0.109 
 194   (0.563) 0.444 0.574 0.564 0.576 
 200   (0.084) 0.284 0.076 0.073 0.074 
 202   (0.016) 0.004 0.015 0.002 0.015 
 196   (0.012) 0.002 0.010 0.001 0.010 

Locus 20 : 20 
6 alleles
1.4% missing data
 252   (0.728) 0.763 0.742 0.765 0.744 
 246   (0.097) 0.092 0.096 0.059 0.095 
 248   (0.024) 0.005 0.025 0.004 0.026 
 254   (0.073) 0.079 0.068 0.083 0.069 
 250   (0.062) 0.055 0.056 0.081 0.054 
 244   (0.017) 0.005 0.014 0.008 0.013 

Locus 21 : 21 
7 alleles
0.0% missing data
 173   (0.263) 0.281 0.252 0.595 0.249 
 175   (0.137) 0.049 0.139 0.076 0.137 
 163   (0.054) 0.020 0.053 0.013 0.053 
 167   (0.172) 0.102 0.177 0.113 0.180 
 177   (0.294) 0.436 0.297 0.194 0.298 
 159   (0.037) 0.013 0.040 0.004 0.041 
 165   (0.043) 0.099 0.042 0.005 0.043 

Locus 22 : 22 
10 alleles
2.7% missing data
 146   (0.214) 0.255 0.211 0.305 0.211 
 152   (0.423) 0.542 0.417 0.594 0.412 
 158   (0.093) 0.035 0.102 0.020 0.106 
 166   (0.108) 0.114 0.111 0.027 0.112 
 162   (0.059) 0.026 0.064 0.010 0.065 
 142   (0.025) 0.007 0.022 0.013 0.021 
 150   (0.032) 0.012 0.034 0.007 0.036 
 164   (0.021) 0.004 0.020 0.003 0.019 
 156   (0.013) 0.003 0.009 0.019 0.009 
 148   (0.012) 0.002 0.010 0.001 0.009 

Locus 23 : 23 
7 alleles
0.7% missing data
 154   (0.575) 0.564 0.580 0.567 0.581 
 144   (0.136) 0.071 0.132 0.298 0.130 
 156   (0.141) 0.078 0.152 0.032 0.157 
 160   (0.094) 0.203 0.087 0.096 0.085 
 158   (0.027) 0.080 0.025 0.003 0.025 
 152   (0.012) 0.002 0.009 0.003 0.009 
 146   (0.016) 0.003 0.015 0.002 0.013 

Locus 24 : 24 
4 alleles
0.7% missing data
  83   (0.432) 0.447 0.438 0.405 0.441 
  77   (0.079) 0.071 0.074 0.082 0.071 
  81   (0.406) 0.455 0.408 0.394 0.409 
  85   (0.083) 0.027 0.081 0.119 0.079 

Locus 25 : 25 
6 alleles
0.0% missing data
 124   (0.518) 0.645 0.522 0.516 0.526 
 132   (0.325) 0.244 0.329 0.375 0.330 
 122   (0.089) 0.094 0.084 0.100 0.083 
 120   (0.025) 0.006 0.025 0.003 0.024 
 136   (0.021) 0.006 0.020 0.003 0.019 
 126   (0.021) 0.004 0.020 0.003 0.018 

Locus 26 : 26 
6 alleles
0.0% missing data
 183   (0.345) 0.331 0.351 0.322 0.355 
 175   (0.292) 0.392 0.293 0.293 0.298 
 179   (0.093) 0.067 0.088 0.080 0.086 
 165   (0.216) 0.198 0.212 0.297 0.208 
 181   (0.043) 0.009 0.045 0.006 0.044 
 157   (0.012) 0.002 0.009 0.001 0.009 

Locus 27 : 27 
4 alleles
0.0% missing data
 142   (0.642) 0.621 0.642 0.782 0.641 
 148   (0.199) 0.078 0.211 0.080 0.215 
 150   (0.129) 0.292 0.121 0.110 0.119 
 138   (0.030) 0.008 0.027 0.029 0.026 

Locus 28 : 28 
6 alleles
0.7% missing data
 256   (0.083) 0.093 0.080 0.040 0.079 
 262   (0.470) 0.444 0.481 0.381 0.485 
 260   (0.385) 0.440 0.383 0.544 0.382 
 258   (0.020) 0.005 0.020 0.002 0.021 
 264   (0.031) 0.016 0.027 0.026 0.026 
 266   (0.012) 0.003 0.009 0.008 0.008 

Locus 29 : 29 
5 alleles
0.7% missing data
 150   (0.459) 0.372 0.465 0.571 0.466 
 146   (0.265) 0.241 0.269 0.221 0.270 
 140   (0.181) 0.248 0.178 0.145 0.175 
 148   (0.062) 0.097 0.060 0.034 0.062 
 152   (0.033) 0.042 0.028 0.029 0.028 

Locus 30 : 30 
6 alleles
0.0% missing data
 129   (0.385) 0.570 0.377 0.606 0.377 
 125   (0.294) 0.100 0.316 0.096 0.322 
 131   (0.069) 0.047 0.070 0.020 0.071 
 123   (0.160) 0.129 0.152 0.242 0.148 
 127   (0.080) 0.151 0.075 0.035 0.073 
 121   (0.012) 0.003 0.010 0.001 0.009 

Locus 31 : 31 
5 alleles
0.7% missing data
 155   (0.561) 0.341 0.583 0.471 0.591 
 159   (0.147) 0.231 0.135 0.292 0.131 
 157   (0.180) 0.361 0.173 0.174 0.170 
 153   (0.081) 0.056 0.079 0.060 0.079 
 151   (0.031) 0.011 0.030 0.004 0.028 

Locus 32 : 32 
4 alleles
1.4% missing data
  91   (0.413) 0.396 0.409 0.547 0.407 
  92   (0.351) 0.279 0.342 0.388 0.334 
  95   (0.160) 0.303 0.168 0.055 0.176 
  94   (0.076) 0.023 0.081 0.011 0.083 

Locus 33 : 33 
5 alleles
0.0% missing data
 146   (0.330) 0.210 0.331 0.387 0.329 
 150   (0.551) 0.605 0.558 0.558 0.562 
 148   (0.047) 0.138 0.042 0.011 0.040 
 154   (0.052) 0.014 0.054 0.012 0.055 
 152   (0.021) 0.033 0.015 0.031 0.015 

Locus 34 : 34 
6 alleles
0.0% missing data
 180   (0.452) 0.361 0.463 0.348 0.466 
 184   (0.188) 0.158 0.183 0.343 0.181 
 198   (0.067) 0.015 0.073 0.014 0.077 
 192   (0.161) 0.411 0.157 0.095 0.155 
 196   (0.112) 0.042 0.109 0.156 0.107 
 190   (0.020) 0.013 0.015 0.044 0.014 

Locus 35 : 35 
5 alleles
0.0% missing data
 108   (0.149) 0.053 0.148 0.101 0.146 
 112   (0.367) 0.453 0.366 0.401 0.364 
 106   (0.296) 0.277 0.296 0.420 0.299 
 110   (0.162) 0.136 0.167 0.076 0.169 
  90   (0.027) 0.081 0.024 0.003 0.022 

Locus 36 : 36 
9 alleles
0.0% missing data
 166   (0.050) 0.045 0.045 0.119 0.043 
 170   (0.269) 0.117 0.283 0.246 0.287 
 174   (0.162) 0.227 0.157 0.158 0.155 
 178   (0.043) 0.032 0.041 0.032 0.041 
 172   (0.309) 0.441 0.310 0.371 0.311 
 168   (0.050) 0.041 0.050 0.015 0.051 
 176   (0.091) 0.090 0.094 0.012 0.093 
 186   (0.015) 0.004 0.011 0.046 0.010 
 158   (0.011) 0.002 0.010 0.001 0.009 

Locus 37 : 37 
6 alleles
0.0% missing data
  85   (0.161) 0.134 0.161 0.131 0.160 
  91   (0.017) 0.004 0.015 0.002 0.014 
  89   (0.533) 0.755 0.532 0.653 0.533 
  83   (0.151) 0.069 0.156 0.088 0.157 
  81   (0.085) 0.025 0.087 0.036 0.087 
  95   (0.054) 0.014 0.050 0.090 0.049 

Locus 38 : 38 
10 alleles
0.0% missing data
 165   (0.240) 0.079 0.246 0.248 0.244 
 173   (0.242) 0.422 0.237 0.278 0.235 
 161   (0.315) 0.427 0.320 0.251 0.322 
 167   (0.020) 0.005 0.020 0.002 0.020 
 169   (0.096) 0.043 0.100 0.162 0.105 
 168   (0.016) 0.003 0.015 0.002 0.014 
 155   (0.029) 0.011 0.029 0.004 0.028 
 159   (0.016) 0.004 0.014 0.003 0.014 
 177   (0.011) 0.004 0.009 0.001 0.009 
 175   (0.013) 0.003 0.009 0.048 0.009 

Locus 39 : 39 
5 alleles
0.0% missing data
  81   (0.120) 0.136 0.117 0.072 0.115 
  89   (0.427) 0.468 0.427 0.599 0.429 
  85   (0.196) 0.189 0.191 0.233 0.190 
  91   (0.164) 0.106 0.174 0.058 0.179 
  87   (0.093) 0.101 0.090 0.038 0.088 

Locus 40 : 40 
4 alleles
0.7% missing data
 161   (0.218) 0.158 0.219 0.158 0.218 
 167   (0.736) 0.830 0.740 0.776 0.743 
 165   (0.034) 0.010 0.031 0.064 0.030 
 177   (0.012) 0.002 0.010 0.002 0.009 

Locus 41 : 41 
6 alleles
0.7% missing data
 238   (0.357) 0.201 0.368 0.312 0.373 
 228   (0.401) 0.560 0.399 0.520 0.397 
 236   (0.086) 0.087 0.083 0.040 0.081 
 240   (0.124) 0.088 0.124 0.123 0.124 
 224   (0.020) 0.061 0.017 0.002 0.016 
 232   (0.012) 0.002 0.010 0.001 0.009 

Locus 42 : 42 
7 alleles
0.0% missing data
 130   (0.530) 0.558 0.547 0.393 0.552 
 134   (0.125) 0.100 0.126 0.071 0.125 
 114   (0.040) 0.063 0.038 0.004 0.038 
 128   (0.126) 0.166 0.119 0.223 0.117 
 118   (0.074) 0.079 0.069 0.084 0.067 
 132   (0.094) 0.033 0.092 0.223 0.093 
 136   (0.011) 0.002 0.009 0.001 0.009 

Locus 43 : 43 
5 alleles
0.7% missing data
  98   (0.097) 0.123 0.094 0.062 0.093 
 104   (0.460) 0.566 0.462 0.485 0.463 
  92   (0.129) 0.056 0.135 0.060 0.135 
 102   (0.257) 0.233 0.254 0.370 0.254 
  96   (0.056) 0.022 0.056 0.024 0.055 

Locus 44 : 44 
5 alleles
0.0% missing data
  99   (0.144) 0.208 0.146 0.078 0.149 
 103   (0.298) 0.239 0.290 0.475 0.283 
 101   (0.319) 0.412 0.321 0.231 0.323 
  95   (0.227) 0.138 0.233 0.213 0.236 
  97   (0.012) 0.002 0.010 0.002 0.009 

Locus 45 : 45 
6 alleles
0.0% missing data
 181   (0.560) 0.537 0.556 0.732 0.554 
 183   (0.017) 0.004 0.015 0.002 0.015 
 177   (0.057) 0.015 0.053 0.064 0.051 
 191   (0.300) 0.426 0.310 0.149 0.316 
 179   (0.052) 0.016 0.055 0.006 0.054 
 193   (0.014) 0.003 0.010 0.047 0.010 

Locus 46 : 46 
6 alleles
2.1% missing data
 205   (0.490) 0.434 0.500 0.574 0.505 
 215   (0.082) 0.056 0.078 0.062 0.077 
 211   (0.216) 0.348 0.221 0.093 0.224 
 207   (0.135) 0.067 0.129 0.235 0.124 
 201   (0.062) 0.091 0.057 0.034 0.056 
 202   (0.016) 0.004 0.015 0.003 0.015 

Locus 47 : 47 
9 alleles
1.4% missing data
 142   (0.375) 0.600 0.376 0.534 0.383 
 162   (0.038) 0.011 0.035 0.035 0.034 
 144   (0.069) 0.032 0.068 0.039 0.067 
 158   (0.162) 0.201 0.171 0.051 0.173 
 168   (0.140) 0.082 0.141 0.046 0.139 
 164   (0.060) 0.025 0.061 0.023 0.059 
 156   (0.026) 0.010 0.024 0.007 0.023 
 166   (0.118) 0.037 0.114 0.263 0.111 
 170   (0.011) 0.002 0.010 0.001 0.010 

Locus 48 : 48 
6 alleles
4.1% missing data
 145   (0.182) 0.093 0.186 0.106 0.186 
 153   (0.228) 0.250 0.230 0.362 0.234 
 143   (0.022) 0.007 0.020 0.002 0.019 
 151   (0.180) 0.320 0.176 0.147 0.174 
 149   (0.366) 0.321 0.367 0.380 0.366 
 147   (0.022) 0.010 0.020 0.003 0.019 

Values of parameters used in structure:
DATAFILE=w2.str,	OUTFILE=k4/w2_k4_run1,	NUMINDS=146,	NUMLOCI=48,	MISSING=-9,	LABEL=1,	POPDATA=1,	POPFLAG=0,	PHENOTYPE=0,	EXTRACOLS=0,	MAXPOPS=4,	BURNIN=500000,	NUMREPS=750000,	USEPOPINFO=0,	INFERALPHA=1,	INFERLAMBDA=0,	POPSPECIFICLAMBDA=0,	POPALPHAS=0,	COMPUTEPROB=1,	NOADMIX=0,	ADMBURNIN=500,	UPDATEFREQ=100,	PRINTLIKES=0,	INTERMEDSAVE=0,	PRINTKLD=0,	PRINTNET=1,	PRINTLAMBDA=1,	ANCESTDIST=0,	NUMBOXES=1000,	ANCESTPINT=0.90000,	GENSBACK=2,	MIGRPRIOR=0.01000,	PRINTQHAT=0,	PRINTQSUM=1,	ALPHA=1.0000,	FREQSCORR=1,	FPRIORMEAN=0.0100,	FPRIORSD=0.0500,	ONEFST=0,	LAMBDA=1.0000,	UNIFPRIORALPHA=1,	ALPHAMAX=10.0000,	ALPHAPRIORA=1.0000,	ALPHAPRIORB=2.0000,	ALPHAPROPSD=0.0250,	STARTATPOPINFO=0,	RANDOMIZE=0,	LINKAGE=0,	METROFREQ=10,	REPORTHITRATE=0,	MARKOVPHASE=0,	PHASED=1,	PLOIDY=2,	PHASEINFO=0	LOCPRIOR=0, 	LOCPRIORINIT=1.000000, 	LOCDATA=0, 	LOCISPOP=1, 	LOCPRIORSTEP=0.100000, 	MAXLOCPRIOR=20.000000, 	SEED=438950,	
[STRAT parameters]:    NUMSIMSTATS=1000,	PHENOTYPECOL=-9,	POOLFREQ=10,	LOCUSxONLY=0,	EMERROR=0.00100,	MISSINGPHENO=-9,	