

----------------------------------------------------
STRUCTURE by Pritchard, Stephens and Donnelly (2000)
     and Falush, Stephens and Pritchard (2003)
       Code by Pritchard, Falush and Hubisz
             Version 2.3.4 (Jul 2012)
----------------------------------------------------



Command line arguments:   structure -D 210647 -K 1 -m mainparams -o k1/w2_k1_run6 
Input File:    w2.str

Run parameters:
   146 individuals
   48 loci
   1 populations assumed
   500000 Burn-in period
   750000 Reps
RANDOMIZE turned off


--------------------------------------------
Proportion of membership of each pre-defined
 population in each of the 1 clusters

Given    Inferred Clusters       Number of
 Pop       1                    Individuals

  1:     1.000                     21
  2:     1.000                     30
  3:     1.000                     25
  4:     1.000                     32
  5:     1.000                     34
  6:     1.000                      4
--------------------------------------------

Allele-freq. divergence among pops (Net nucleotide distance),
computed using point estimates of P.

      1      
 1      -    

Average distances (expected heterozygosity) between individuals in same cluster:
cluster  1  : 0.6282 

--------------------------------------------
Estimated Ln Prob of Data   = -17228.2
Mean value of ln likelihood = -17166.7
Variance of ln likelihood   = 122.9

Mean value of Fst_1         = 0.0003


Inferred ancestry of individuals:
        Label (%Miss) Pop:  Inferred clusters
  1      315    (0)    1 :  1.000 
  2      565    (0)    1 :  1.000 
  3      566    (2)    1 :  1.000 
  4      567    (2)    1 :  1.000 
  5      877    (0)    1 :  1.000 
  6      878    (0)    1 :  1.000 
  7      879    (0)    1 :  1.000 
  8      880    (0)    1 :  1.000 
  9      881    (0)    1 :  1.000 
 10      882    (0)    1 :  1.000 
 11      883    (0)    1 :  1.000 
 12      884    (0)    1 :  1.000 
 13      885    (0)    1 :  1.000 
 14      886    (0)    1 :  1.000 
 15      887    (0)    1 :  1.000 
 16      888    (0)    1 :  1.000 
 17      889    (0)    1 :  1.000 
 18      890    (0)    1 :  1.000 
 19      891    (0)    1 :  1.000 
 20      892    (0)    1 :  1.000 
 21      893    (0)    1 :  1.000 
 22      341    (0)    2 :  1.000 
 23      343    (0)    2 :  1.000 
 24      914    (0)    2 :  1.000 
 25      916    (0)    2 :  1.000 
 26      924    (0)    2 :  1.000 
 27      938    (0)    2 :  1.000 
 28      939    (0)    2 :  1.000 
 29      940    (0)    2 :  1.000 
 30      941    (2)    2 :  1.000 
 31      942    (0)    2 :  1.000 
 32      943    (0)    2 :  1.000 
 33      944    (0)    2 :  1.000 
 34      945    (0)    2 :  1.000 
 35      946    (0)    2 :  1.000 
 36      947    (0)    2 :  1.000 
 37      951    (0)    2 :  1.000 
 38      952    (0)    2 :  1.000 
 39      953    (0)    2 :  1.000 
 40      954    (0)    2 :  1.000 
 41      955    (0)    2 :  1.000 
 42      961    (4)    2 :  1.000 
 43      974    (0)    2 :  1.000 
 44      975    (4)    2 :  1.000 
 45      980    (0)    2 :  1.000 
 46      981    (0)    2 :  1.000 
 47      982    (0)    2 :  1.000 
 48      984    (0)    2 :  1.000 
 49      985    (0)    2 :  1.000 
 50     2578    (4)    2 :  1.000 
 51     2580    (2)    2 :  1.000 
 52      328    (0)    3 :  1.000 
 53      333    (0)    3 :  1.000 
 54      918    (0)    3 :  1.000 
 55      919    (0)    3 :  1.000 
 56      920    (0)    3 :  1.000 
 57      921    (0)    3 :  1.000 
 58      922    (0)    3 :  1.000 
 59      926    (0)    3 :  1.000 
 60      927    (0)    3 :  1.000 
 61      928    (0)    3 :  1.000 
 62      929    (0)    3 :  1.000 
 63      930    (0)    3 :  1.000 
 64      932    (0)    3 :  1.000 
 65      933    (0)    3 :  1.000 
 66      949    (0)    3 :  1.000 
 67      950    (0)    3 :  1.000 
 68      964    (4)    3 :  1.000 
 69      986    (0)    3 :  1.000 
 70      987    (0)    3 :  1.000 
 71     1001    (4)    3 :  1.000 
 72     1002    (4)    3 :  1.000 
 73     1003    (2)    3 :  1.000 
 74     1004    (0)    3 :  1.000 
 75     1005    (0)    3 :  1.000 
 76     1010    (0)    3 :  1.000 
 77      321    (0)    4 :  1.000 
 78      338    (0)    4 :  1.000 
 79      339    (0)    4 :  1.000 
 80      363    (0)    4 :  1.000 
 81      915    (0)    4 :  1.000 
 82      917    (0)    4 :  1.000 
 83      923    (0)    4 :  1.000 
 84      925    (0)    4 :  1.000 
 85      931    (0)    4 :  1.000 
 86      935    (0)    4 :  1.000 
 87      936    (0)    4 :  1.000 
 88      937    (0)    4 :  1.000 
 89      948    (0)    4 :  1.000 
 90      956    (0)    4 :  1.000 
 91      957    (0)    4 :  1.000 
 92      967    (0)    4 :  1.000 
 93      968    (2)    4 :  1.000 
 94      969    (2)    4 :  1.000 
 95      970    (2)    4 :  1.000 
 96      971    (4)    4 :  1.000 
 97      972    (0)    4 :  1.000 
 98      973    (0)    4 :  1.000 
 99      978    (0)    4 :  1.000 
100      979    (0)    4 :  1.000 
101      988    (6)    4 :  1.000 
102      989    (0)    4 :  1.000 
103      990    (0)    4 :  1.000 
104      991    (0)    4 :  1.000 
105      992    (0)    4 :  1.000 
106     1006    (2)    4 :  1.000 
107     1017    (0)    4 :  1.000 
108     2582    (4)    4 :  1.000 
109      319    (2)    5 :  1.000 
110      335    (0)    5 :  1.000 
111      895    (0)    5 :  1.000 
112      896    (0)    5 :  1.000 
113      897    (0)    5 :  1.000 
114      898    (0)    5 :  1.000 
115      899    (0)    5 :  1.000 
116      900    (0)    5 :  1.000 
117      901    (0)    5 :  1.000 
118      902    (0)    5 :  1.000 
119      903    (0)    5 :  1.000 
120      904    (0)    5 :  1.000 
121      905    (0)    5 :  1.000 
122      906    (0)    5 :  1.000 
123      907    (0)    5 :  1.000 
124      908    (0)    5 :  1.000 
125      909    (0)    5 :  1.000 
126      910    (0)    5 :  1.000 
127      911    (0)    5 :  1.000 
128      912    (0)    5 :  1.000 
129      913    (0)    5 :  1.000 
130     2411    (0)    5 :  1.000 
131     2412    (0)    5 :  1.000 
132     2413    (0)    5 :  1.000 
133     2414    (0)    5 :  1.000 
134     2415    (2)    5 :  1.000 
135     2417    (4)    5 :  1.000 
136     2418    (4)    5 :  1.000 
137     2419    (2)    5 :  1.000 
138     2420    (0)    5 :  1.000 
139     2421    (0)    5 :  1.000 
140     2422    (2)    5 :  1.000 
141     2423    (0)    5 :  1.000 
142     2576    (0)    5 :  1.000 
143     1079    (0)    6 :  1.000 
144     1081    (0)    6 :  1.000 
145     1082    (2)    6 :  1.000 
146     1083    (0)    6 :  1.000 


Estimated Allele Frequencies in each cluster
First column gives estimated ancestral frequencies


Locus 1 : 1 
4 alleles
0.0% missing data
  89   (0.544) 0.544 
  91   (0.388) 0.388 
  93   (0.048) 0.047 
  99   (0.020) 0.020 

Locus 2 : 2 
6 alleles
3.4% missing data
 138   (0.364) 0.364 
 134   (0.243) 0.243 
 140   (0.066) 0.066 
 136   (0.243) 0.243 
 132   (0.028) 0.028 
 142   (0.056) 0.056 

Locus 3 : 3 
6 alleles
0.0% missing data
 187   (0.291) 0.291 
 191   (0.024) 0.023 
 179   (0.242) 0.242 
 181   (0.260) 0.261 
 185   (0.090) 0.090 
 175   (0.093) 0.093 

Locus 4 : 4 
9 alleles
0.0% missing data
 247   (0.077) 0.077 
 253   (0.537) 0.538 
 239   (0.007) 0.007 
 241   (0.137) 0.137 
 271   (0.033) 0.033 
 269   (0.179) 0.179 
 245   (0.007) 0.007 
 249   (0.014) 0.013 
 273   (0.010) 0.010 

Locus 5 : 5 
6 alleles
0.7% missing data
 103   (0.850) 0.851 
 105   (0.057) 0.057 
 102   (0.017) 0.017 
 104   (0.061) 0.061 
 101   (0.007) 0.007 
 107   (0.007) 0.007 

Locus 6 : 6 
5 alleles
0.0% missing data
 145   (0.478) 0.478 
 147   (0.037) 0.037 
 135   (0.192) 0.192 
 141   (0.286) 0.286 
 137   (0.007) 0.007 

Locus 7 : 7 
8 alleles
1.4% missing data
  97   (0.176) 0.176 
  91   (0.051) 0.051 
  93   (0.243) 0.243 
 103   (0.303) 0.304 
  85   (0.034) 0.034 
  89   (0.118) 0.118 
  83   (0.064) 0.064 
 105   (0.010) 0.010 

Locus 8 : 8 
8 alleles
0.0% missing data
 129   (0.589) 0.590 
 145   (0.007) 0.007 
 143   (0.250) 0.250 
 149   (0.080) 0.080 
 141   (0.040) 0.040 
 133   (0.017) 0.017 
 131   (0.007) 0.007 
 127   (0.010) 0.010 

Locus 9 : 9 
3 alleles
0.0% missing data
 191   (0.339) 0.339 
 189   (0.494) 0.494 
 195   (0.166) 0.166 

Locus 10 : 10 
7 alleles
0.0% missing data
 232   (0.208) 0.208 
 238   (0.654) 0.655 
 250   (0.010) 0.010 
 254   (0.024) 0.024 
 252   (0.081) 0.080 
 248   (0.017) 0.017 
 236   (0.007) 0.007 

Locus 11 : 11 
3 alleles
0.0% missing data
  87   (0.789) 0.789 
  91   (0.038) 0.037 
  89   (0.174) 0.173 

Locus 12 : 12 
12 alleles
0.0% missing data
 149   (0.040) 0.040 
 162   (0.256) 0.256 
 160   (0.230) 0.230 
 161   (0.108) 0.108 
 154   (0.020) 0.020 
 158   (0.214) 0.214 
 170   (0.049) 0.049 
 147   (0.036) 0.036 
 143   (0.020) 0.020 
 150   (0.007) 0.007 
 159   (0.013) 0.013 
 164   (0.007) 0.007 

Locus 13 : 13 
4 alleles
0.0% missing data
 115   (0.476) 0.476 
 113   (0.372) 0.372 
 108   (0.145) 0.145 
 109   (0.007) 0.007 

Locus 14 : 14 
5 alleles
0.0% missing data
 225   (0.105) 0.104 
 229   (0.555) 0.556 
 231   (0.088) 0.088 
 227   (0.205) 0.205 
 233   (0.048) 0.047 

Locus 15 : 15 
4 alleles
0.7% missing data
 143   (0.850) 0.850 
 145   (0.085) 0.085 
 147   (0.051) 0.051 
 133   (0.014) 0.014 

Locus 16 : 16 
5 alleles
0.0% missing data
 156   (0.232) 0.232 
 158   (0.564) 0.565 
 154   (0.061) 0.061 
 160   (0.132) 0.132 
 152   (0.010) 0.010 

Locus 17 : 17 
5 alleles
0.0% missing data
  90   (0.670) 0.671 
  88   (0.071) 0.070 
 102   (0.222) 0.222 
 100   (0.031) 0.030 
 104   (0.007) 0.007 

Locus 18 : 18 
8 alleles
0.7% missing data
 127   (0.272) 0.272 
 140   (0.261) 0.262 
 142   (0.124) 0.124 
 148   (0.090) 0.090 
 150   (0.098) 0.097 
 138   (0.044) 0.044 
 146   (0.094) 0.094 
 128   (0.017) 0.017 

Locus 19 : 19 
6 alleles
0.0% missing data
 188   (0.184) 0.184 
 190   (0.141) 0.141 
 194   (0.553) 0.554 
 200   (0.104) 0.104 
 202   (0.010) 0.010 
 196   (0.007) 0.007 

Locus 20 : 20 
6 alleles
1.4% missing data
 252   (0.757) 0.758 
 246   (0.082) 0.082 
 248   (0.017) 0.017 
 254   (0.072) 0.071 
 250   (0.061) 0.061 
 244   (0.010) 0.010 

Locus 21 : 21 
7 alleles
0.0% missing data
 173   (0.368) 0.368 
 175   (0.107) 0.107 
 163   (0.037) 0.037 
 167   (0.147) 0.147 
 177   (0.277) 0.277 
 159   (0.027) 0.027 
 165   (0.037) 0.037 

Locus 22 : 22 
10 alleles
2.7% missing data
 146   (0.245) 0.245 
 152   (0.482) 0.483 
 158   (0.071) 0.071 
 166   (0.085) 0.085 
 162   (0.044) 0.044 
 142   (0.017) 0.017 
 150   (0.024) 0.024 
 164   (0.014) 0.014 
 156   (0.010) 0.010 
 148   (0.007) 0.007 

Locus 23 : 23 
7 alleles
0.7% missing data
 154   (0.571) 0.572 
 144   (0.178) 0.178 
 156   (0.108) 0.108 
 160   (0.101) 0.101 
 158   (0.024) 0.024 
 152   (0.007) 0.007 
 146   (0.010) 0.010 

Locus 24 : 24 
4 alleles
0.7% missing data
  83   (0.428) 0.428 
  77   (0.075) 0.075 
  81   (0.412) 0.412 
  85   (0.085) 0.085 

Locus 25 : 25 
6 alleles
0.0% missing data
 124   (0.536) 0.537 
 132   (0.332) 0.332 
 122   (0.088) 0.088 
 120   (0.017) 0.017 
 136   (0.014) 0.013 
 126   (0.014) 0.013 

Locus 26 : 26 
6 alleles
0.0% missing data
 183   (0.339) 0.339 
 175   (0.305) 0.305 
 179   (0.084) 0.084 
 165   (0.235) 0.235 
 181   (0.030) 0.030 
 157   (0.007) 0.007 

Locus 27 : 27 
4 alleles
0.0% missing data
 142   (0.682) 0.682 
 148   (0.156) 0.156 
 150   (0.139) 0.139 
 138   (0.024) 0.024 

Locus 28 : 28 
6 alleles
0.7% missing data
 256   (0.068) 0.068 
 262   (0.445) 0.445 
 260   (0.443) 0.443 
 258   (0.014) 0.014 
 264   (0.024) 0.024 
 266   (0.007) 0.007 

Locus 29 : 29 
5 alleles
0.7% missing data
 150   (0.491) 0.491 
 146   (0.251) 0.251 
 140   (0.177) 0.177 
 148   (0.054) 0.054 
 152   (0.027) 0.027 

Locus 30 : 30 
6 alleles
0.0% missing data
 129   (0.473) 0.473 
 125   (0.225) 0.225 
 131   (0.050) 0.050 
 123   (0.174) 0.174 
 127   (0.071) 0.071 
 121   (0.007) 0.007 

Locus 31 : 31 
5 alleles
0.7% missing data
 155   (0.519) 0.519 
 159   (0.196) 0.196 
 157   (0.197) 0.197 
 153   (0.068) 0.068 
 151   (0.021) 0.020 

Locus 32 : 32 
4 alleles
1.4% missing data
  91   (0.449) 0.449 
  92   (0.345) 0.346 
  95   (0.151) 0.151 
  94   (0.055) 0.055 

Locus 33 : 33 
5 alleles
0.0% missing data
 146   (0.333) 0.334 
 150   (0.565) 0.565 
 148   (0.044) 0.044 
 154   (0.037) 0.037 
 152   (0.021) 0.020 

Locus 34 : 34 
6 alleles
0.0% missing data
 180   (0.412) 0.413 
 184   (0.228) 0.228 
 198   (0.050) 0.050 
 192   (0.171) 0.171 
 196   (0.114) 0.114 
 190   (0.024) 0.024 

Locus 35 : 35 
5 alleles
0.0% missing data
 108   (0.121) 0.121 
 112   (0.387) 0.387 
 106   (0.333) 0.333 
 110   (0.135) 0.135 
  90   (0.024) 0.024 

Locus 36 : 36 
9 alleles
0.0% missing data
 166   (0.066) 0.066 
 170   (0.252) 0.252 
 174   (0.166) 0.167 
 178   (0.037) 0.036 
 172   (0.345) 0.346 
 168   (0.037) 0.036 
 176   (0.070) 0.070 
 186   (0.020) 0.020 
 158   (0.007) 0.007 

Locus 37 : 37 
6 alleles
0.0% missing data
  85   (0.144) 0.144 
  91   (0.010) 0.010 
  89   (0.600) 0.601 
  83   (0.124) 0.124 
  81   (0.064) 0.064 
  95   (0.057) 0.057 

Locus 38 : 38 
10 alleles
0.0% missing data
 165   (0.225) 0.225 
 173   (0.272) 0.272 
 161   (0.310) 0.311 
 167   (0.013) 0.013 
 169   (0.113) 0.113 
 168   (0.010) 0.010 
 155   (0.020) 0.020 
 159   (0.010) 0.010 
 177   (0.007) 0.007 
 175   (0.020) 0.020 

Locus 39 : 39 
5 alleles
0.0% missing data
  81   (0.104) 0.104 
  89   (0.488) 0.488 
  85   (0.202) 0.202 
  91   (0.131) 0.131 
  87   (0.074) 0.074 

Locus 40 : 40 
4 alleles
0.7% missing data
 161   (0.191) 0.191 
 167   (0.765) 0.765 
 165   (0.038) 0.037 
 177   (0.007) 0.007 

Locus 41 : 41 
6 alleles
0.7% missing data
 238   (0.331) 0.331 
 228   (0.459) 0.459 
 236   (0.068) 0.068 
 240   (0.118) 0.118 
 224   (0.017) 0.017 
 232   (0.007) 0.007 

Locus 42 : 42 
7 alleles
0.0% missing data
 130   (0.501) 0.502 
 134   (0.104) 0.103 
 114   (0.030) 0.030 
 128   (0.157) 0.157 
 118   (0.074) 0.074 
 132   (0.127) 0.127 
 136   (0.007) 0.007 

Locus 43 : 43 
5 alleles
0.7% missing data
  98   (0.085) 0.085 
 104   (0.485) 0.485 
  92   (0.102) 0.102 
 102   (0.288) 0.288 
  96   (0.041) 0.041 

Locus 44 : 44 
5 alleles
0.0% missing data
  99   (0.132) 0.132 
 103   (0.343) 0.343 
 101   (0.302) 0.303 
  95   (0.215) 0.215 
  97   (0.007) 0.007 

Locus 45 : 45 
6 alleles
0.0% missing data
 181   (0.607) 0.607 
 183   (0.010) 0.010 
 177   (0.051) 0.051 
 191   (0.275) 0.275 
 179   (0.037) 0.037 
 193   (0.020) 0.020 

Locus 46 : 46 
6 alleles
2.1% missing data
 205   (0.513) 0.514 
 215   (0.069) 0.069 
 211   (0.199) 0.199 
 207   (0.154) 0.154 
 201   (0.055) 0.055 
 202   (0.010) 0.010 

Locus 47 : 47 
9 alleles
1.4% missing data
 142   (0.454) 0.455 
 162   (0.031) 0.030 
 144   (0.054) 0.054 
 158   (0.137) 0.137 
 168   (0.104) 0.104 
 164   (0.044) 0.044 
 156   (0.017) 0.017 
 166   (0.151) 0.152 
 170   (0.007) 0.007 

Locus 48 : 48 
6 alleles
4.1% missing data
 145   (0.150) 0.150 
 153   (0.276) 0.276 
 143   (0.014) 0.014 
 151   (0.182) 0.182 
 149   (0.364) 0.364 
 147   (0.014) 0.014 

Values of parameters used in structure:
DATAFILE=w2.str,	OUTFILE=k1/w2_k1_run6,	NUMINDS=146,	NUMLOCI=48,	MISSING=-9,	LABEL=1,	POPDATA=1,	POPFLAG=0,	PHENOTYPE=0,	EXTRACOLS=0,	MAXPOPS=1,	BURNIN=500000,	NUMREPS=750000,	USEPOPINFO=0,	INFERALPHA=1,	INFERLAMBDA=0,	POPSPECIFICLAMBDA=0,	POPALPHAS=0,	COMPUTEPROB=1,	NOADMIX=0,	ADMBURNIN=500,	UPDATEFREQ=100,	PRINTLIKES=0,	INTERMEDSAVE=0,	PRINTKLD=0,	PRINTNET=1,	PRINTLAMBDA=1,	ANCESTDIST=0,	NUMBOXES=1000,	ANCESTPINT=0.90000,	GENSBACK=2,	MIGRPRIOR=0.01000,	PRINTQHAT=0,	PRINTQSUM=1,	ALPHA=1.0000,	FREQSCORR=1,	FPRIORMEAN=0.0100,	FPRIORSD=0.0500,	ONEFST=0,	LAMBDA=1.0000,	UNIFPRIORALPHA=1,	ALPHAMAX=10.0000,	ALPHAPRIORA=1.0000,	ALPHAPRIORB=2.0000,	ALPHAPROPSD=0.0250,	STARTATPOPINFO=0,	RANDOMIZE=0,	LINKAGE=0,	METROFREQ=10,	REPORTHITRATE=0,	MARKOVPHASE=0,	PHASED=1,	PLOIDY=2,	PHASEINFO=0	LOCPRIOR=0, 	LOCPRIORINIT=1.000000, 	LOCDATA=0, 	LOCISPOP=1, 	LOCPRIORSTEP=0.100000, 	MAXLOCPRIOR=20.000000, 	SEED=210647,	
[STRAT parameters]:    NUMSIMSTATS=1000,	PHENOTYPECOL=-9,	POOLFREQ=10,	LOCUSxONLY=0,	EMERROR=0.00100,	MISSINGPHENO=-9,	