

----------------------------------------------------
STRUCTURE by Pritchard, Stephens and Donnelly (2000)
     and Falush, Stephens and Pritchard (2003)
       Code by Pritchard, Falush and Hubisz
             Version 2.3.4 (Jul 2012)
----------------------------------------------------



Command line arguments:   structure -D 499303 -K 6 -m mainparams -o k6/admix_W2_k6_run1 
Input File:    admix_W2.str

Run parameters:
   196 individuals
   49 loci
   6 populations assumed
   500000 Burn-in period
   750000 Reps
RANDOMIZE turned off


--------------------------------------------
Proportion of membership of each pre-defined
 population in each of the 6 clusters

Given    Inferred Clusters                            Number of
 Pop       1      2      3      4      5      6      Individuals

  1:     0.033  0.419  0.400  0.011  0.032  0.104       21
  2:     0.045  0.416  0.416  0.022  0.018  0.083       34
  3:     0.034  0.071  0.073  0.006  0.097  0.719       32
  4:     0.033  0.034  0.034  0.003  0.134  0.761       25
  5:     0.029  0.291  0.290  0.012  0.144  0.235       30
  6:     0.005  0.006  0.006  0.973  0.006  0.004       35
  7:     0.916  0.020  0.020  0.003  0.025  0.016       19
--------------------------------------------

Allele-freq. divergence among pops (Net nucleotide distance),
computed using point estimates of P.

      1       2       3       4       5       6      
 1      -    0.0235  0.0234  0.1176  0.0447  0.0364  
 2   0.0235     -    0.0000  0.0736  0.0233  0.0143  
 3   0.0234  0.0000     -    0.0733  0.0230  0.0141  
 4   0.1176  0.0736  0.0733     -    0.0988  0.1110  
 5   0.0447  0.0233  0.0230  0.0988     -    0.0303  
 6   0.0364  0.0143  0.0141  0.1110  0.0303     -    

Average distances (expected heterozygosity) between individuals in same cluster:
cluster  1  : 0.5766 
cluster  2  : 0.6524 
cluster  3  : 0.6533 
cluster  4  : 0.6372 
cluster  5  : 0.5864 
cluster  6  : 0.5856 

--------------------------------------------
Estimated Ln Prob of Data   = -23607.0
Mean value of ln likelihood = -22627.7
Variance of ln likelihood   = 1958.5
Mean value of alpha         = 0.0372

Mean value of Fst_1         = 0.1085
Mean value of Fst_2         = 0.0092
Mean value of Fst_3         = 0.0080
Mean value of Fst_4         = 0.1702
Mean value of Fst_5         = 0.1278
Mean value of Fst_6         = 0.0689


Inferred ancestry of individuals:
        Label (%Miss) Pop:  Inferred clusters
  1      315    (0)    1 :  0.013 0.426 0.444 0.003 0.011 0.104 
  2      565    (0)    1 :  0.035 0.459 0.488 0.005 0.007 0.006 
  3      566    (2)    1 :  0.022 0.114 0.110 0.007 0.049 0.698 
  4      567    (2)    1 :  0.084 0.438 0.449 0.004 0.019 0.006 
  5      877    (0)    1 :  0.024 0.502 0.445 0.003 0.013 0.013 
  6      878    (0)    1 :  0.015 0.478 0.417 0.019 0.063 0.009 
  7      879    (0)    1 :  0.018 0.407 0.441 0.030 0.088 0.016 
  8      880    (0)    1 :  0.007 0.500 0.461 0.008 0.016 0.009 
  9      881    (0)    1 :  0.007 0.466 0.487 0.012 0.009 0.019 
 10      882    (0)    1 :  0.007 0.493 0.428 0.034 0.032 0.006 
 11      883    (0)    1 :  0.010 0.475 0.453 0.019 0.021 0.022 
 12      884    (0)    1 :  0.131 0.292 0.283 0.003 0.017 0.274 
 13      885    (0)    1 :  0.020 0.461 0.409 0.005 0.019 0.087 
 14      886    (0)    1 :  0.026 0.499 0.450 0.006 0.004 0.015 
 15      887    (0)    1 :  0.056 0.041 0.042 0.043 0.080 0.738 
 16      888    (0)    1 :  0.087 0.485 0.416 0.002 0.004 0.007 
 17      889    (0)    1 :  0.008 0.416 0.423 0.009 0.088 0.056 
 18      890    (0)    1 :  0.007 0.483 0.474 0.005 0.016 0.015 
 19      891    (0)    1 :  0.033 0.502 0.442 0.006 0.009 0.008 
 20      892    (0)    1 :  0.020 0.440 0.417 0.003 0.108 0.013 
 21      893    (0)    1 :  0.061 0.428 0.431 0.006 0.006 0.068 
 22      319    (2)    2 :  0.018 0.460 0.461 0.004 0.048 0.008 
 23      335    (0)    2 :  0.021 0.452 0.496 0.005 0.014 0.011 
 24      895    (0)    2 :  0.004 0.426 0.440 0.092 0.029 0.009 
 25      896    (0)    2 :  0.026 0.444 0.494 0.004 0.020 0.012 
 26      897    (0)    2 :  0.010 0.508 0.464 0.005 0.005 0.008 
 27      898    (0)    2 :  0.009 0.454 0.391 0.004 0.008 0.134 
 28      899    (0)    2 :  0.244 0.330 0.305 0.011 0.010 0.100 
 29      900    (0)    2 :  0.008 0.479 0.462 0.005 0.020 0.025 
 30      901    (0)    2 :  0.239 0.332 0.319 0.039 0.055 0.016 
 31      902    (0)    2 :  0.166 0.284 0.321 0.164 0.032 0.033 
 32      903    (0)    2 :  0.010 0.491 0.481 0.005 0.007 0.006 
 33      904    (0)    2 :  0.024 0.502 0.456 0.002 0.011 0.006 
 34      905    (0)    2 :  0.129 0.354 0.345 0.110 0.054 0.008 
 35      906    (0)    2 :  0.010 0.449 0.454 0.072 0.007 0.009 
 36      907    (0)    2 :  0.009 0.445 0.445 0.038 0.009 0.054 
 37      908    (0)    2 :  0.057 0.461 0.457 0.002 0.005 0.018 
 38      909    (0)    2 :  0.033 0.049 0.046 0.009 0.005 0.857 
 39      910    (0)    2 :  0.016 0.434 0.498 0.036 0.006 0.009 
 40      911    (0)    2 :  0.020 0.456 0.488 0.009 0.007 0.020 
 41      912    (0)    2 :  0.006 0.454 0.478 0.008 0.007 0.048 
 42      913    (0)    2 :  0.054 0.375 0.384 0.009 0.008 0.169 
 43     2411    (0)    2 :  0.022 0.513 0.446 0.005 0.006 0.008 
 44     2412    (0)    2 :  0.012 0.060 0.064 0.005 0.040 0.819 
 45     2413    (0)    2 :  0.018 0.488 0.456 0.023 0.008 0.007 
 46     2414    (0)    2 :  0.006 0.464 0.496 0.004 0.006 0.024 
 47     2415    (2)    2 :  0.023 0.451 0.452 0.003 0.035 0.037 
 48     2417    (4)    2 :  0.244 0.328 0.318 0.018 0.007 0.086 
 49     2418    (4)    2 :  0.006 0.479 0.482 0.014 0.011 0.008 
 50     2419    (2)    2 :  0.009 0.457 0.472 0.003 0.017 0.042 
 51     2420    (0)    2 :  0.004 0.488 0.481 0.007 0.007 0.014 
 52     2421    (0)    2 :  0.012 0.380 0.388 0.006 0.037 0.177 
 53     2422    (2)    2 :  0.009 0.468 0.475 0.012 0.027 0.011 
 54     2423    (0)    2 :  0.027 0.465 0.465 0.007 0.025 0.011 
 55     2576    (0)    2 :  0.011 0.477 0.468 0.010 0.011 0.023 
 56      321    (0)    3 :  0.042 0.053 0.052 0.003 0.077 0.773 
 57      338    (0)    3 :  0.004 0.004 0.004 0.002 0.005 0.980 
 58      339    (0)    3 :  0.008 0.018 0.018 0.017 0.015 0.924 
 59      363    (0)    3 :  0.005 0.024 0.023 0.006 0.914 0.029 
 60      915    (0)    3 :  0.006 0.006 0.006 0.001 0.004 0.976 
 61      917    (0)    3 :  0.005 0.029 0.030 0.002 0.206 0.728 
 62      923    (0)    3 :  0.044 0.236 0.244 0.005 0.025 0.446 
 63      925    (0)    3 :  0.004 0.005 0.005 0.003 0.005 0.978 
 64      931    (0)    3 :  0.009 0.128 0.126 0.004 0.029 0.704 
 65      935    (0)    3 :  0.010 0.015 0.015 0.004 0.008 0.949 
 66      936    (0)    3 :  0.003 0.010 0.010 0.006 0.012 0.960 
 67      937    (0)    3 :  0.004 0.016 0.017 0.003 0.014 0.947 
 68      948    (0)    3 :  0.024 0.152 0.141 0.012 0.045 0.626 
 69      956    (0)    3 :  0.015 0.011 0.010 0.004 0.006 0.953 
 70      957    (0)    3 :  0.003 0.017 0.017 0.005 0.053 0.905 
 71      967    (0)    3 :  0.006 0.013 0.013 0.002 0.015 0.950 
 72      968    (2)    3 :  0.009 0.073 0.067 0.006 0.022 0.822 
 73      969    (4)    3 :  0.007 0.044 0.043 0.006 0.023 0.877 
 74      970    (2)    3 :  0.019 0.208 0.206 0.013 0.257 0.297 
 75      971    (6)    3 :  0.015 0.010 0.009 0.002 0.200 0.765 
 76      972    (0)    3 :  0.005 0.012 0.014 0.004 0.005 0.961 
 77      973    (2)    3 :  0.005 0.443 0.476 0.021 0.007 0.048 
 78      978    (0)    3 :  0.012 0.009 0.009 0.009 0.006 0.954 
 79      979    (0)    3 :  0.606 0.075 0.071 0.019 0.076 0.154 
 80      988    (6)    3 :  0.010 0.006 0.006 0.002 0.967 0.009 
 81      989    (0)    3 :  0.095 0.066 0.059 0.003 0.041 0.736 
 82      990    (0)    3 :  0.015 0.345 0.377 0.004 0.018 0.241 
 83      991    (0)    3 :  0.003 0.006 0.006 0.003 0.016 0.966 
 84      992    (0)    3 :  0.006 0.010 0.010 0.003 0.009 0.962 
 85     1006    (2)    3 :  0.013 0.007 0.006 0.002 0.004 0.968 
 86     1017    (0)    3 :  0.048 0.213 0.237 0.004 0.009 0.489 
 87     2582    (4)    3 :  0.031 0.017 0.017 0.004 0.005 0.926 
 88      328    (0)    4 :  0.342 0.248 0.225 0.004 0.009 0.172 
 89      333    (0)    4 :  0.004 0.008 0.009 0.002 0.008 0.968 
 90      918    (0)    4 :  0.007 0.015 0.016 0.003 0.006 0.952 
 91      919    (0)    4 :  0.005 0.006 0.006 0.002 0.004 0.976 
 92      920    (0)    4 :  0.006 0.007 0.007 0.002 0.006 0.972 
 93      921    (0)    4 :  0.009 0.005 0.005 0.002 0.975 0.004 
 94      922    (0)    4 :  0.027 0.009 0.010 0.003 0.008 0.944 
 95      926    (0)    4 :  0.003 0.004 0.004 0.001 0.011 0.977 
 96      927    (0)    4 :  0.007 0.006 0.006 0.004 0.018 0.958 
 97      928    (0)    4 :  0.065 0.028 0.028 0.003 0.026 0.850 
 98      929    (0)    4 :  0.026 0.030 0.030 0.003 0.024 0.886 
 99      930    (0)    4 :  0.028 0.073 0.071 0.003 0.056 0.769 
100      932    (0)    4 :  0.007 0.006 0.006 0.003 0.956 0.021 
101      933    (0)    4 :  0.010 0.023 0.023 0.003 0.010 0.931 
102      949    (0)    4 :  0.003 0.003 0.003 0.002 0.986 0.003 
103      950    (0)    4 :  0.011 0.068 0.065 0.003 0.157 0.697 
104      964    (4)    4 :  0.006 0.019 0.019 0.007 0.025 0.923 
105      986    (0)    4 :  0.029 0.014 0.016 0.004 0.018 0.919 
106      987    (0)    4 :  0.175 0.102 0.112 0.005 0.011 0.595 
107     1001    (4)    4 :  0.010 0.006 0.006 0.002 0.005 0.971 
108     1002    (4)    4 :  0.009 0.007 0.007 0.006 0.003 0.968 
109     1003    (2)    4 :  0.017 0.150 0.151 0.003 0.013 0.665 
110     1004    (0)    4 :  0.005 0.007 0.006 0.006 0.004 0.972 
111     1005    (0)    4 :  0.020 0.010 0.010 0.001 0.007 0.952 
112     1010    (0)    4 :  0.007 0.004 0.004 0.002 0.004 0.981 
113      341    (0)    5 :  0.014 0.439 0.445 0.029 0.067 0.005 
114      343    (0)    5 :  0.006 0.436 0.511 0.014 0.008 0.024 
115      914    (0)    5 :  0.008 0.006 0.006 0.001 0.005 0.975 
116      916    (0)    5 :  0.136 0.438 0.391 0.018 0.004 0.012 
117      924    (0)    5 :  0.012 0.176 0.185 0.015 0.011 0.601 
118      938    (0)    5 :  0.016 0.010 0.010 0.003 0.932 0.029 
119      939    (0)    5 :  0.019 0.012 0.012 0.002 0.658 0.297 
120      940    (0)    5 :  0.006 0.061 0.061 0.013 0.057 0.803 
121      941    (2)    5 :  0.003 0.007 0.007 0.017 0.952 0.014 
122      942    (0)    5 :  0.008 0.460 0.469 0.009 0.010 0.045 
123      943    (0)    5 :  0.013 0.414 0.390 0.003 0.005 0.175 
124      944    (0)    5 :  0.088 0.032 0.030 0.002 0.006 0.843 
125      945    (0)    5 :  0.004 0.007 0.007 0.002 0.015 0.964 
126      946    (0)    5 :  0.009 0.422 0.481 0.009 0.009 0.070 
127      947    (0)    5 :  0.004 0.481 0.417 0.004 0.006 0.088 
128      951    (0)    5 :  0.009 0.472 0.463 0.021 0.012 0.022 
129      952    (0)    5 :  0.006 0.434 0.480 0.002 0.018 0.061 
130      953    (0)    5 :  0.011 0.018 0.019 0.008 0.925 0.019 
131      954    (0)    5 :  0.011 0.281 0.278 0.013 0.050 0.367 
132      955    (0)    5 :  0.008 0.464 0.421 0.018 0.013 0.078 
133      961    (6)    5 :  0.077 0.476 0.407 0.004 0.018 0.017 
134      974    (0)    5 :  0.007 0.396 0.384 0.003 0.075 0.136 
135      975    (4)    5 :  0.028 0.463 0.437 0.006 0.012 0.054 
136      980    (0)    5 :  0.041 0.319 0.313 0.008 0.039 0.280 
137      981    (0)    5 :  0.089 0.276 0.288 0.033 0.300 0.013 
138      982    (0)    5 :  0.102 0.078 0.077 0.003 0.004 0.736 
139      984    (0)    5 :  0.024 0.404 0.483 0.008 0.058 0.023 
140      985    (0)    5 :  0.008 0.491 0.466 0.005 0.016 0.014 
141     2578    (6)    5 :  0.011 0.303 0.336 0.067 0.015 0.268 
142     2580    (2)    5 :  0.087 0.440 0.439 0.006 0.013 0.015 
143     2470    (4)    6 :  0.004 0.004 0.004 0.978 0.005 0.005 
144     2471    (0)    6 :  0.005 0.004 0.004 0.968 0.016 0.002 
145     2472    (0)    6 :  0.002 0.004 0.004 0.981 0.004 0.005 
146     2484    (0)    6 :  0.003 0.010 0.010 0.969 0.005 0.004 
147     2486    (2)    6 :  0.002 0.003 0.003 0.986 0.004 0.002 
148     2487    (2)    6 :  0.004 0.005 0.005 0.974 0.009 0.005 
149     2489    (0)    6 :  0.007 0.008 0.008 0.966 0.006 0.004 
150     2596    (2)    6 :  0.004 0.014 0.015 0.953 0.003 0.011 
151     1366    (0)    6 :  0.002 0.004 0.004 0.986 0.002 0.002 
152     1367    (0)    6 :  0.005 0.004 0.004 0.982 0.003 0.002 
153     1368    (0)    6 :  0.010 0.028 0.027 0.922 0.007 0.006 
154     1369    (0)    6 :  0.005 0.009 0.008 0.965 0.005 0.007 
155     1370    (0)    6 :  0.003 0.005 0.005 0.982 0.003 0.003 
156     1371    (0)    6 :  0.003 0.003 0.003 0.987 0.002 0.002 
157     1372    (0)    6 :  0.004 0.008 0.007 0.970 0.008 0.003 
158     1373    (0)    6 :  0.004 0.007 0.007 0.975 0.004 0.004 
159     1374    (0)    6 :  0.002 0.003 0.003 0.987 0.002 0.002 
160     1375    (0)    6 :  0.002 0.003 0.003 0.990 0.002 0.002 
161     2476    (0)    6 :  0.009 0.014 0.014 0.956 0.004 0.003 
162     2478    (2)    6 :  0.002 0.005 0.005 0.981 0.003 0.004 
163     2479    (4)    6 :  0.003 0.003 0.003 0.985 0.003 0.002 
164     2481    (0)    6 :  0.004 0.006 0.006 0.965 0.014 0.005 
165     2483    (6)    6 :  0.003 0.003 0.003 0.986 0.003 0.002 
166     2485    (0)    6 :  0.002 0.005 0.005 0.977 0.003 0.008 
167     2488    (0)    6 :  0.001 0.002 0.002 0.988 0.002 0.004 
168     2490    (0)    6 :  0.003 0.003 0.003 0.986 0.003 0.002 
169     2492    (2)    6 :  0.003 0.003 0.003 0.987 0.002 0.002 
170     2493    (0)    6 :  0.012 0.007 0.007 0.939 0.024 0.012 
171     2494    (2)    6 :  0.006 0.007 0.007 0.969 0.005 0.005 
172     2495    (0)    6 :  0.030 0.017 0.017 0.892 0.033 0.011 
173     2496    (0)    6 :  0.002 0.003 0.003 0.988 0.002 0.002 
174     2497    (2)    6 :  0.003 0.003 0.003 0.985 0.003 0.003 
175     2592    (2)    6 :  0.004 0.003 0.003 0.985 0.004 0.002 
176     2593    (4)    6 :  0.002 0.003 0.003 0.984 0.005 0.003 
177     2595    (2)    6 :  0.002 0.003 0.003 0.984 0.005 0.002 
178     2498    (4)    7 :  0.803 0.015 0.015 0.008 0.146 0.014 
179     2513    (2)    7 :  0.950 0.007 0.007 0.001 0.007 0.027 
180     2514    (2)    7 :  0.765 0.072 0.072 0.004 0.072 0.015 
181     2597    (6)    7 :  0.832 0.043 0.045 0.002 0.042 0.036 
182     2499    (4)    7 :  0.944 0.020 0.018 0.002 0.007 0.009 
183     2500    (0)    7 :  0.949 0.012 0.012 0.008 0.015 0.004 
184     2506    (2)    7 :  0.968 0.008 0.008 0.005 0.007 0.005 
185     2509    (6)    7 :  0.945 0.012 0.011 0.003 0.019 0.011 
186     2511    (2)    7 :  0.980 0.005 0.005 0.002 0.003 0.005 
187     2512    (2)    7 :  0.968 0.009 0.009 0.002 0.004 0.009 
188     2515    (2)    7 :  0.990 0.002 0.002 0.001 0.002 0.003 
189     2516    (2)    7 :  0.964 0.009 0.009 0.001 0.009 0.007 
190     2517    (4)    7 :  0.934 0.009 0.008 0.003 0.006 0.040 
191     2518    (2)    7 :  0.927 0.011 0.011 0.002 0.007 0.042 
192     2519    (0)    7 :  0.750 0.089 0.087 0.002 0.016 0.056 
193     2520    (2)    7 :  0.985 0.003 0.003 0.002 0.002 0.003 
194     2521    (2)    7 :  0.817 0.039 0.040 0.003 0.088 0.013 
195     2603    (4)    7 :  0.952 0.014 0.014 0.003 0.013 0.004 
196     2606    (2)    7 :  0.973 0.007 0.007 0.001 0.006 0.007 


Estimated Allele Frequencies in each cluster
First column gives estimated ancestral frequencies


Locus 1 : 1 
4 alleles
0.0% missing data
  89   (0.548) 0.617 0.557 0.557 0.292 0.436 0.528 
  91   (0.365) 0.309 0.360 0.360 0.677 0.539 0.402 
  93   (0.065) 0.070 0.064 0.062 0.030 0.019 0.046 
  99   (0.023) 0.004 0.020 0.021 0.001 0.006 0.024 

Locus 2 : 2 
6 alleles
2.6% missing data
 138   (0.295) 0.148 0.290 0.292 0.231 0.296 0.511 
 134   (0.232) 0.102 0.225 0.228 0.190 0.387 0.250 
 140   (0.081) 0.027 0.076 0.077 0.111 0.107 0.035 
 136   (0.326) 0.710 0.345 0.339 0.454 0.184 0.093 
 132   (0.032) 0.007 0.036 0.035 0.002 0.008 0.005 
 142   (0.034) 0.006 0.028 0.029 0.012 0.019 0.106 

Locus 3 : 3 
6 alleles
0.0% missing data
 187   (0.333) 0.457 0.339 0.339 0.363 0.378 0.184 
 191   (0.041) 0.019 0.038 0.040 0.013 0.011 0.013 
 179   (0.239) 0.315 0.245 0.243 0.061 0.256 0.229 
 181   (0.224) 0.173 0.220 0.222 0.081 0.268 0.331 
 185   (0.083) 0.017 0.079 0.079 0.247 0.059 0.107 
 175   (0.080) 0.018 0.079 0.078 0.236 0.027 0.136 

Locus 4 : 4 
9 alleles
0.0% missing data
 247   (0.079) 0.015 0.087 0.085 0.017 0.095 0.037 
 253   (0.517) 0.783 0.524 0.527 0.189 0.407 0.577 
 239   (0.010) 0.002 0.009 0.009 0.001 0.002 0.001 
 241   (0.141) 0.050 0.143 0.142 0.520 0.096 0.153 
 271   (0.043) 0.020 0.036 0.037 0.116 0.145 0.012 
 269   (0.153) 0.122 0.152 0.151 0.021 0.241 0.213 
 245   (0.016) 0.003 0.013 0.013 0.067 0.004 0.002 
 249   (0.025) 0.004 0.022 0.023 0.069 0.006 0.003 
 273   (0.014) 0.002 0.014 0.014 0.001 0.004 0.002 

Locus 5 : 5 
6 alleles
0.5% missing data
 103   (0.795) 0.954 0.792 0.791 0.743 0.941 0.934 
 105   (0.074) 0.023 0.079 0.077 0.168 0.025 0.026 
 102   (0.022) 0.004 0.024 0.024 0.001 0.006 0.003 
 101   (0.011) 0.002 0.009 0.009 0.001 0.003 0.001 
 104   (0.082) 0.015 0.083 0.086 0.060 0.021 0.034 
 107   (0.016) 0.003 0.013 0.013 0.027 0.004 0.002 

Locus 6 : 6 
5 alleles
0.0% missing data
 145   (0.410) 0.179 0.451 0.444 0.027 0.204 0.557 
 147   (0.065) 0.030 0.061 0.063 0.123 0.045 0.010 
 135   (0.219) 0.200 0.208 0.208 0.652 0.169 0.184 
 141   (0.289) 0.589 0.268 0.271 0.130 0.578 0.247 
 137   (0.017) 0.003 0.013 0.013 0.068 0.004 0.002 

Locus 7 : 7 
10 alleles
1.0% missing data
  97   (0.206) 0.246 0.211 0.210 0.267 0.181 0.131 
  91   (0.068) 0.015 0.068 0.068 0.058 0.022 0.034 
  93   (0.227) 0.311 0.223 0.224 0.131 0.251 0.290 
 103   (0.236) 0.297 0.247 0.246 0.016 0.234 0.366 
  85   (0.044) 0.080 0.043 0.042 0.003 0.012 0.026 
  89   (0.110) 0.031 0.105 0.105 0.294 0.271 0.104 
  83   (0.068) 0.012 0.073 0.074 0.005 0.018 0.043 
 105   (0.020) 0.003 0.016 0.017 0.083 0.005 0.003 
  99   (0.010) 0.002 0.007 0.007 0.012 0.003 0.001 
 101   (0.011) 0.002 0.007 0.008 0.131 0.002 0.001 

Locus 8 : 8 
8 alleles
0.0% missing data
 129   (0.521) 0.650 0.528 0.528 0.322 0.563 0.678 
 145   (0.010) 0.002 0.009 0.009 0.001 0.002 0.001 
 143   (0.272) 0.156 0.280 0.279 0.299 0.295 0.219 
 149   (0.107) 0.113 0.099 0.101 0.288 0.117 0.058 
 141   (0.044) 0.067 0.044 0.043 0.003 0.011 0.029 
 133   (0.021) 0.008 0.023 0.022 0.001 0.005 0.004 
 127   (0.014) 0.002 0.010 0.010 0.085 0.003 0.002 
 131   (0.010) 0.002 0.007 0.007 0.001 0.003 0.008 

Locus 9 : 9 
3 alleles
0.0% missing data
 191   (0.360) 0.543 0.357 0.361 0.329 0.220 0.320 
 189   (0.501) 0.372 0.517 0.512 0.354 0.587 0.443 
 195   (0.138) 0.085 0.126 0.127 0.317 0.193 0.237 

Locus 10 : 10 
7 alleles
0.5% missing data
 232   (0.223) 0.236 0.237 0.234 0.125 0.071 0.177 
 238   (0.579) 0.632 0.563 0.566 0.742 0.878 0.743 
 250   (0.020) 0.003 0.018 0.019 0.029 0.005 0.002 
 254   (0.045) 0.046 0.045 0.044 0.084 0.011 0.005 
 252   (0.099) 0.077 0.104 0.104 0.018 0.027 0.068 
 248   (0.023) 0.004 0.024 0.024 0.002 0.006 0.003 
 236   (0.010) 0.002 0.009 0.009 0.001 0.003 0.001 

Locus 11 : 11 
4 alleles
0.0% missing data
  87   (0.735) 0.638 0.741 0.740 0.516 0.921 0.826 
  91   (0.060) 0.120 0.051 0.053 0.167 0.019 0.031 
  89   (0.194) 0.240 0.200 0.199 0.159 0.057 0.142 
  85   (0.011) 0.002 0.008 0.008 0.159 0.003 0.001 

Locus 12 : 12 
12 alleles
0.5% missing data
 149   (0.030) 0.006 0.026 0.026 0.002 0.130 0.043 
 162   (0.212) 0.270 0.227 0.223 0.014 0.330 0.243 
 160   (0.206) 0.089 0.204 0.205 0.424 0.265 0.281 
 161   (0.116) 0.040 0.117 0.118 0.253 0.036 0.114 
 154   (0.026) 0.006 0.029 0.028 0.002 0.009 0.003 
 158   (0.233) 0.411 0.237 0.237 0.095 0.162 0.205 
 170   (0.070) 0.032 0.069 0.070 0.031 0.035 0.034 
 147   (0.041) 0.135 0.038 0.038 0.003 0.014 0.045 
 164   (0.010) 0.002 0.009 0.009 0.001 0.003 0.001 
 143   (0.030) 0.005 0.027 0.028 0.173 0.008 0.004 
 159   (0.015) 0.003 0.011 0.012 0.001 0.005 0.019 
 150   (0.010) 0.002 0.007 0.007 0.001 0.003 0.009 

Locus 13 : 13 
4 alleles
0.0% missing data
 115   (0.444) 0.604 0.438 0.437 0.373 0.518 0.526 
 113   (0.358) 0.280 0.360 0.359 0.345 0.406 0.366 
 108   (0.187) 0.115 0.193 0.194 0.282 0.073 0.107 
 109   (0.011) 0.002 0.009 0.009 0.001 0.002 0.001 

Locus 14 : 14 
6 alleles
4.6% missing data
 172   (0.416) 0.228 0.439 0.434 0.313 0.396 0.484 
 174   (0.316) 0.486 0.313 0.315 0.154 0.329 0.301 
 182   (0.077) 0.125 0.071 0.071 0.017 0.061 0.104 
 176   (0.107) 0.143 0.101 0.104 0.032 0.191 0.041 
 178   (0.039) 0.008 0.034 0.034 0.118 0.011 0.037 
 180   (0.046) 0.010 0.041 0.043 0.366 0.012 0.032 

Locus 15 : 15 
5 alleles
1.5% missing data
 225   (0.124) 0.070 0.120 0.122 0.064 0.124 0.084 
 229   (0.562) 0.603 0.560 0.562 0.493 0.753 0.500 
 231   (0.131) 0.154 0.146 0.142 0.347 0.039 0.020 
 227   (0.120) 0.117 0.116 0.116 0.009 0.068 0.349 
 233   (0.063) 0.056 0.058 0.058 0.088 0.016 0.046 

Locus 16 : 16 
5 alleles
1.0% missing data
 143   (0.818) 0.943 0.825 0.824 0.639 0.899 0.854 
 145   (0.099) 0.024 0.100 0.101 0.188 0.034 0.077 
 133   (0.018) 0.003 0.020 0.019 0.001 0.004 0.002 
 147   (0.054) 0.015 0.047 0.048 0.171 0.058 0.065 
 157   (0.011) 0.016 0.007 0.008 0.001 0.004 0.001 

Locus 17 : 17 
5 alleles
0.0% missing data
 156   (0.247) 0.206 0.258 0.256 0.164 0.108 0.231 
 158   (0.528) 0.536 0.525 0.528 0.337 0.440 0.639 
 154   (0.088) 0.097 0.095 0.094 0.371 0.031 0.013 
 160   (0.125) 0.160 0.113 0.115 0.128 0.417 0.101 
 152   (0.012) 0.002 0.008 0.009 0.001 0.004 0.016 

Locus 18 : 18 
5 alleles
0.0% missing data
  90   (0.635) 0.560 0.648 0.646 0.345 0.491 0.763 
  88   (0.089) 0.032 0.087 0.088 0.439 0.234 0.012 
 102   (0.219) 0.399 0.210 0.212 0.049 0.248 0.208 
 100   (0.046) 0.008 0.047 0.047 0.167 0.018 0.011 
 104   (0.011) 0.002 0.007 0.008 0.001 0.010 0.006 

Locus 19 : 19 
8 alleles
0.5% missing data
 127   (0.243) 0.072 0.260 0.257 0.151 0.086 0.320 
 140   (0.270) 0.163 0.277 0.277 0.318 0.310 0.232 
 142   (0.142) 0.403 0.143 0.143 0.028 0.131 0.083 
 148   (0.109) 0.114 0.104 0.105 0.071 0.258 0.057 
 150   (0.071) 0.013 0.065 0.065 0.208 0.022 0.164 
 138   (0.054) 0.048 0.053 0.053 0.004 0.017 0.043 
 146   (0.088) 0.108 0.080 0.082 0.006 0.170 0.098 
 128   (0.024) 0.080 0.018 0.018 0.214 0.006 0.003 

Locus 20 : 20 
7 alleles
0.5% missing data
 188   (0.174) 0.071 0.197 0.192 0.012 0.081 0.169 
 190   (0.137) 0.300 0.127 0.128 0.048 0.233 0.168 
 194   (0.556) 0.599 0.563 0.564 0.563 0.408 0.561 
 200   (0.091) 0.023 0.078 0.082 0.293 0.269 0.098 
 202   (0.021) 0.004 0.018 0.018 0.042 0.005 0.002 
 196   (0.011) 0.002 0.009 0.009 0.001 0.002 0.001 
 198   (0.011) 0.002 0.007 0.008 0.041 0.003 0.001 

Locus 21 : 21 
6 alleles
1.0% missing data
 252   (0.697) 0.747 0.733 0.728 0.091 0.723 0.773 
 246   (0.098) 0.035 0.093 0.093 0.217 0.105 0.062 
 248   (0.019) 0.005 0.019 0.019 0.001 0.005 0.004 
 254   (0.083) 0.051 0.072 0.073 0.226 0.105 0.081 
 250   (0.081) 0.159 0.068 0.069 0.422 0.057 0.071 
 244   (0.021) 0.004 0.016 0.017 0.042 0.006 0.009 

Locus 22 : 22 
7 alleles
0.0% missing data
 173   (0.286) 0.399 0.272 0.273 0.201 0.260 0.552 
 175   (0.141) 0.048 0.145 0.144 0.493 0.041 0.077 
 163   (0.057) 0.012 0.054 0.056 0.112 0.016 0.018 
 167   (0.174) 0.258 0.178 0.179 0.075 0.059 0.126 
 177   (0.271) 0.270 0.278 0.276 0.042 0.485 0.217 
 159   (0.032) 0.006 0.040 0.039 0.002 0.011 0.004 
 165   (0.038) 0.007 0.032 0.033 0.073 0.128 0.005 

Locus 23 : 23 
11 alleles
2.0% missing data
 146   (0.191) 0.153 0.196 0.195 0.013 0.194 0.325 
 152   (0.430) 0.579 0.432 0.434 0.102 0.572 0.559 
 158   (0.089) 0.020 0.093 0.093 0.425 0.033 0.026 
 166   (0.098) 0.141 0.104 0.102 0.007 0.141 0.028 
 162   (0.063) 0.011 0.070 0.068 0.137 0.024 0.013 
 164   (0.031) 0.022 0.028 0.028 0.067 0.007 0.004 
 148   (0.010) 0.002 0.009 0.009 0.001 0.002 0.001 
 142   (0.027) 0.005 0.022 0.024 0.031 0.007 0.015 
 150   (0.030) 0.005 0.026 0.026 0.109 0.013 0.010 
 156   (0.018) 0.003 0.012 0.013 0.106 0.004 0.018 
 154   (0.011) 0.058 0.007 0.008 0.001 0.003 0.001 

Locus 24 : 24 
7 alleles
1.0% missing data
 154   (0.554) 0.533 0.565 0.565 0.202 0.516 0.597 
 144   (0.147) 0.283 0.136 0.137 0.238 0.049 0.265 
 156   (0.146) 0.125 0.156 0.153 0.404 0.080 0.034 
 160   (0.097) 0.049 0.095 0.095 0.017 0.240 0.096 
 158   (0.031) 0.005 0.027 0.027 0.138 0.110 0.004 
 146   (0.014) 0.002 0.014 0.014 0.001 0.003 0.002 
 152   (0.011) 0.003 0.008 0.009 0.001 0.003 0.003 

Locus 25 : 25 
4 alleles
0.5% missing data
  83   (0.433) 0.401 0.437 0.435 0.592 0.497 0.389 
  77   (0.078) 0.237 0.073 0.073 0.005 0.042 0.083 
  81   (0.403) 0.259 0.409 0.410 0.371 0.434 0.422 
  85   (0.086) 0.103 0.082 0.082 0.031 0.027 0.106 

Locus 26 : 26 
6 alleles
0.0% missing data
 124   (0.530) 0.468 0.540 0.538 0.498 0.647 0.533 
 132   (0.296) 0.444 0.303 0.302 0.020 0.228 0.363 
 122   (0.097) 0.048 0.086 0.088 0.439 0.105 0.095 
 120   (0.029) 0.005 0.028 0.029 0.028 0.007 0.004 
 136   (0.019) 0.006 0.019 0.018 0.001 0.006 0.003 
 126   (0.029) 0.028 0.025 0.025 0.014 0.007 0.003 

Locus 27 : 27 
7 alleles
0.0% missing data
 183   (0.331) 0.463 0.333 0.331 0.212 0.329 0.318 
 175   (0.266) 0.264 0.274 0.273 0.018 0.409 0.305 
 179   (0.102) 0.079 0.094 0.097 0.288 0.034 0.097 
 165   (0.234) 0.180 0.234 0.235 0.103 0.212 0.272 
 181   (0.046) 0.011 0.049 0.048 0.272 0.011 0.006 
 157   (0.011) 0.002 0.009 0.009 0.001 0.002 0.001 
 185   (0.011) 0.002 0.007 0.008 0.106 0.003 0.001 

Locus 28 : 28 
4 alleles
0.0% missing data
 142   (0.633) 0.667 0.638 0.638 0.533 0.617 0.759 
 148   (0.191) 0.149 0.201 0.201 0.270 0.065 0.088 
 150   (0.137) 0.068 0.129 0.130 0.168 0.307 0.127 
 138   (0.039) 0.116 0.031 0.032 0.029 0.010 0.027 

Locus 29 : 29 
6 alleles
1.0% missing data
 256   (0.087) 0.048 0.083 0.085 0.084 0.085 0.051 
 262   (0.480) 0.575 0.493 0.490 0.676 0.453 0.380 
 260   (0.378) 0.367 0.373 0.374 0.236 0.443 0.531 
 258   (0.018) 0.003 0.020 0.019 0.001 0.005 0.002 
 264   (0.026) 0.005 0.025 0.025 0.002 0.011 0.027 
 266   (0.010) 0.002 0.007 0.007 0.001 0.003 0.009 

Locus 30 : 30 
7 alleles
1.0% missing data
 150   (0.431) 0.550 0.441 0.440 0.237 0.359 0.542 
 146   (0.267) 0.195 0.278 0.276 0.313 0.237 0.231 
 140   (0.190) 0.135 0.187 0.188 0.405 0.220 0.160 
 148   (0.067) 0.055 0.063 0.063 0.041 0.132 0.034 
 152   (0.023) 0.004 0.018 0.019 0.002 0.046 0.032 
 151   (0.011) 0.041 0.007 0.008 0.001 0.003 0.001 
 142   (0.010) 0.019 0.007 0.007 0.001 0.003 0.001 

Locus 31 : 31 
6 alleles
0.0% missing data
 129   (0.388) 0.438 0.382 0.382 0.079 0.578 0.597 
 125   (0.280) 0.476 0.300 0.297 0.140 0.096 0.098 
 131   (0.071) 0.015 0.070 0.071 0.131 0.052 0.027 
 123   (0.163) 0.051 0.158 0.159 0.115 0.126 0.231 
 127   (0.087) 0.018 0.081 0.081 0.534 0.146 0.046 
 121   (0.011) 0.002 0.009 0.010 0.001 0.003 0.001 

Locus 32 : 32 
6 alleles
0.5% missing data
 155   (0.536) 0.608 0.559 0.556 0.409 0.341 0.464 
 159   (0.159) 0.177 0.143 0.145 0.201 0.228 0.282 
 157   (0.182) 0.168 0.178 0.179 0.062 0.356 0.189 
 153   (0.081) 0.029 0.080 0.079 0.315 0.063 0.060 
 151   (0.032) 0.005 0.032 0.033 0.013 0.010 0.004 
 163   (0.010) 0.013 0.008 0.008 0.001 0.003 0.002 

Locus 33 : 33 
5 alleles
1.0% missing data
  91   (0.392) 0.563 0.385 0.385 0.237 0.384 0.526 
  92   (0.353) 0.258 0.354 0.356 0.494 0.240 0.383 
  95   (0.167) 0.098 0.172 0.172 0.226 0.347 0.075 
  94   (0.077) 0.080 0.081 0.080 0.032 0.026 0.014 
  90   (0.011) 0.002 0.007 0.008 0.011 0.003 0.001 

Locus 34 : 34 
5 alleles
0.0% missing data
 146   (0.321) 0.125 0.326 0.327 0.648 0.179 0.373 
 150   (0.550) 0.725 0.556 0.555 0.243 0.587 0.565 
 148   (0.061) 0.129 0.054 0.055 0.039 0.180 0.016 
 154   (0.051) 0.018 0.051 0.051 0.069 0.014 0.015 
 152   (0.018) 0.003 0.012 0.013 0.001 0.040 0.031 

Locus 35 : 35 
7 alleles
0.0% missing data
 180   (0.422) 0.398 0.440 0.437 0.372 0.348 0.358 
 184   (0.200) 0.208 0.195 0.194 0.172 0.177 0.312 
 198   (0.076) 0.097 0.074 0.076 0.249 0.022 0.015 
 192   (0.161) 0.029 0.160 0.162 0.174 0.409 0.130 
 196   (0.115) 0.228 0.113 0.113 0.032 0.037 0.136 
 190   (0.015) 0.003 0.010 0.011 0.001 0.004 0.047 
 194   (0.011) 0.037 0.007 0.008 0.001 0.003 0.001 

Locus 36 : 36 
5 alleles
0.0% missing data
 108   (0.136) 0.028 0.135 0.137 0.591 0.043 0.099 
 112   (0.365) 0.518 0.372 0.370 0.059 0.457 0.405 
 106   (0.306) 0.235 0.303 0.302 0.233 0.277 0.403 
 110   (0.168) 0.215 0.167 0.168 0.116 0.115 0.090 
  90   (0.025) 0.004 0.023 0.023 0.002 0.108 0.003 

Locus 37 : 37 
9 alleles
0.0% missing data
 166   (0.053) 0.205 0.044 0.045 0.003 0.049 0.105 
 170   (0.270) 0.278 0.291 0.285 0.340 0.113 0.231 
 174   (0.148) 0.031 0.151 0.152 0.048 0.190 0.176 
 178   (0.040) 0.020 0.038 0.038 0.003 0.022 0.045 
 172   (0.311) 0.365 0.306 0.308 0.164 0.465 0.369 
 168   (0.050) 0.009 0.045 0.047 0.327 0.050 0.018 
 176   (0.100) 0.086 0.104 0.102 0.102 0.104 0.013 
 158   (0.010) 0.002 0.009 0.009 0.001 0.002 0.001 
 186   (0.017) 0.003 0.012 0.012 0.012 0.005 0.042 

Locus 38 : 38 
6 alleles
0.0% missing data
  85   (0.164) 0.198 0.165 0.167 0.019 0.164 0.121 
  91   (0.019) 0.004 0.016 0.016 0.032 0.005 0.003 
  89   (0.540) 0.630 0.532 0.534 0.606 0.754 0.657 
  83   (0.141) 0.050 0.148 0.147 0.307 0.041 0.099 
  81   (0.073) 0.040 0.084 0.081 0.005 0.020 0.041 
  95   (0.063) 0.078 0.055 0.056 0.031 0.016 0.080 

Locus 39 : 39 
10 alleles
0.0% missing data
 165   (0.241) 0.259 0.252 0.250 0.124 0.069 0.242 
 173   (0.249) 0.096 0.248 0.251 0.173 0.452 0.284 
 161   (0.347) 0.573 0.344 0.343 0.693 0.421 0.266 
 167   (0.018) 0.003 0.019 0.019 0.001 0.005 0.002 
 169   (0.068) 0.055 0.065 0.065 0.005 0.032 0.152 
 168   (0.014) 0.003 0.014 0.014 0.001 0.003 0.002 
 155   (0.025) 0.004 0.029 0.028 0.002 0.009 0.003 
 175   (0.012) 0.002 0.008 0.008 0.001 0.003 0.042 
 159   (0.015) 0.003 0.013 0.013 0.001 0.004 0.006 
 177   (0.010) 0.002 0.008 0.009 0.001 0.003 0.001 

Locus 40 : 40 
5 alleles
1.5% missing data
  81   (0.108) 0.050 0.108 0.109 0.008 0.128 0.091 
  89   (0.437) 0.721 0.431 0.432 0.242 0.474 0.571 
  85   (0.194) 0.076 0.195 0.194 0.222 0.197 0.216 
  91   (0.155) 0.078 0.166 0.164 0.107 0.092 0.074 
  87   (0.106) 0.075 0.101 0.102 0.421 0.108 0.049 

Locus 41 : 41 
4 alleles
1.0% missing data
 161   (0.218) 0.145 0.220 0.219 0.448 0.148 0.161 
 167   (0.732) 0.834 0.740 0.739 0.425 0.838 0.780 
 165   (0.039) 0.019 0.031 0.032 0.126 0.011 0.058 
 177   (0.011) 0.002 0.009 0.009 0.001 0.002 0.001 

Locus 42 : 42 
6 alleles
1.0% missing data
 238   (0.336) 0.383 0.354 0.349 0.077 0.177 0.317 
 228   (0.402) 0.516 0.397 0.398 0.127 0.565 0.514 
 236   (0.099) 0.057 0.093 0.094 0.269 0.110 0.039 
 240   (0.124) 0.023 0.126 0.128 0.510 0.060 0.125 
 224   (0.027) 0.021 0.021 0.022 0.015 0.085 0.003 
 232   (0.011) 0.002 0.009 0.009 0.001 0.002 0.001 

Locus 43 : 43 
7 alleles
0.0% missing data
 130   (0.546) 0.575 0.560 0.558 0.729 0.570 0.412 
 134   (0.123) 0.054 0.127 0.124 0.181 0.106 0.076 
 114   (0.044) 0.089 0.041 0.041 0.003 0.083 0.005 
 128   (0.119) 0.128 0.113 0.114 0.008 0.169 0.214 
 118   (0.074) 0.014 0.069 0.071 0.073 0.048 0.091 
 132   (0.084) 0.138 0.082 0.082 0.006 0.023 0.201 
 136   (0.010) 0.002 0.009 0.009 0.001 0.002 0.001 

Locus 44 : 44 
5 alleles
0.0% missing data
  98   (0.112) 0.194 0.102 0.103 0.259 0.143 0.057 
 104   (0.445) 0.191 0.458 0.459 0.240 0.559 0.504 
  92   (0.141) 0.138 0.145 0.143 0.304 0.045 0.065 
 102   (0.234) 0.338 0.234 0.232 0.016 0.229 0.350 
  96   (0.068) 0.138 0.062 0.063 0.181 0.024 0.024 

Locus 45 : 45 
5 alleles
0.0% missing data
  99   (0.150) 0.097 0.149 0.149 0.182 0.231 0.082 
 103   (0.294) 0.147 0.297 0.300 0.110 0.206 0.455 
 101   (0.322) 0.395 0.325 0.321 0.348 0.458 0.244 
  95   (0.218) 0.357 0.217 0.217 0.349 0.101 0.216 
  97   (0.015) 0.003 0.012 0.013 0.012 0.004 0.002 

Locus 46 : 46 
6 alleles
0.5% missing data
 181   (0.547) 0.689 0.550 0.550 0.151 0.525 0.703 
 183   (0.015) 0.003 0.014 0.014 0.001 0.004 0.002 
 177   (0.067) 0.078 0.060 0.062 0.084 0.017 0.059 
 191   (0.297) 0.217 0.306 0.302 0.640 0.435 0.186 
 179   (0.056) 0.011 0.058 0.059 0.110 0.015 0.007 
 193   (0.018) 0.003 0.012 0.013 0.013 0.004 0.043 

Locus 47 : 47 
6 alleles
1.5% missing data
 205   (0.458) 0.394 0.473 0.472 0.317 0.438 0.560 
 215   (0.088) 0.060 0.081 0.082 0.186 0.056 0.063 
 211   (0.223) 0.246 0.225 0.224 0.366 0.395 0.110 
 207   (0.140) 0.223 0.138 0.137 0.075 0.052 0.211 
 201   (0.072) 0.073 0.065 0.067 0.045 0.053 0.053 
 202   (0.019) 0.003 0.018 0.018 0.010 0.006 0.003 

Locus 48 : 48 
9 alleles
1.5% missing data
 142   (0.342) 0.153 0.344 0.344 0.150 0.619 0.544 
 162   (0.043) 0.007 0.038 0.040 0.164 0.011 0.031 
 144   (0.069) 0.297 0.064 0.065 0.012 0.023 0.043 
 158   (0.166) 0.062 0.179 0.176 0.119 0.200 0.073 
 168   (0.151) 0.214 0.153 0.154 0.228 0.083 0.048 
 164   (0.060) 0.011 0.064 0.063 0.182 0.017 0.027 
 156   (0.029) 0.006 0.025 0.025 0.088 0.009 0.009 
 166   (0.123) 0.246 0.118 0.119 0.018 0.034 0.224 
 170   (0.016) 0.003 0.014 0.014 0.041 0.004 0.002 

Locus 49 : 49 
6 alleles
14.3% missing data
 145   (0.182) 0.226 0.192 0.191 0.047 0.065 0.120 
 153   (0.221) 0.388 0.220 0.218 0.046 0.227 0.342 
 143   (0.027) 0.009 0.023 0.024 0.055 0.007 0.003 
 151   (0.194) 0.223 0.189 0.189 0.095 0.373 0.151 
 149   (0.355) 0.146 0.355 0.356 0.755 0.321 0.381 
 147   (0.020) 0.007 0.020 0.021 0.002 0.007 0.003 

Values of parameters used in structure:
DATAFILE=admix_W2.str,	OUTFILE=k6/admix_W2_k6_run1,	NUMINDS=196,	NUMLOCI=49,	MISSING=-9,	LABEL=1,	POPDATA=1,	POPFLAG=0,	PHENOTYPE=0,	EXTRACOLS=0,	MAXPOPS=6,	BURNIN=500000,	NUMREPS=750000,	USEPOPINFO=0,	INFERALPHA=1,	INFERLAMBDA=0,	POPSPECIFICLAMBDA=0,	POPALPHAS=0,	COMPUTEPROB=1,	NOADMIX=0,	ADMBURNIN=500,	UPDATEFREQ=100,	PRINTLIKES=0,	INTERMEDSAVE=0,	PRINTKLD=0,	PRINTNET=1,	PRINTLAMBDA=1,	ANCESTDIST=0,	NUMBOXES=1000,	ANCESTPINT=0.90000,	GENSBACK=2,	MIGRPRIOR=0.01000,	PRINTQHAT=0,	PRINTQSUM=1,	ALPHA=1.0000,	FREQSCORR=1,	FPRIORMEAN=0.0100,	FPRIORSD=0.0500,	ONEFST=0,	LAMBDA=1.0000,	UNIFPRIORALPHA=1,	ALPHAMAX=10.0000,	ALPHAPRIORA=1.0000,	ALPHAPRIORB=2.0000,	ALPHAPROPSD=0.0250,	STARTATPOPINFO=0,	RANDOMIZE=0,	LINKAGE=0,	METROFREQ=10,	REPORTHITRATE=0,	MARKOVPHASE=0,	PHASED=1,	PLOIDY=2,	PHASEINFO=0	LOCPRIOR=0, 	LOCPRIORINIT=1.000000, 	LOCDATA=0, 	LOCISPOP=1, 	LOCPRIORSTEP=0.100000, 	MAXLOCPRIOR=20.000000, 	SEED=499303,	
[STRAT parameters]:    NUMSIMSTATS=1000,	PHENOTYPECOL=-9,	POOLFREQ=10,	LOCUSxONLY=0,	EMERROR=0.00100,	MISSINGPHENO=-9,	