

----------------------------------------------------
STRUCTURE by Pritchard, Stephens and Donnelly (2000)
     and Falush, Stephens and Pritchard (2003)
       Code by Pritchard, Falush and Hubisz
             Version 2.3.4 (Jul 2012)
----------------------------------------------------



Command line arguments:   structure -D 327795 -K 4 -m mainparams -o k4/admix_W2_k4_run3 
Input File:    admix_W2.str

Run parameters:
   196 individuals
   49 loci
   4 populations assumed
   500000 Burn-in period
   750000 Reps
RANDOMIZE turned off


--------------------------------------------
Proportion of membership of each pre-defined
 population in each of the 4 clusters

Given    Inferred Clusters              Number of
 Pop       1      2      3      4      Individuals

  1:     0.011  0.148  0.055  0.786       21
  2:     0.028  0.121  0.077  0.774       34
  3:     0.006  0.802  0.045  0.147       32
  4:     0.003  0.818  0.051  0.128       25
  5:     0.015  0.382  0.037  0.566       30
  6:     0.984  0.005  0.005  0.007       35
  7:     0.003  0.016  0.963  0.018       19
--------------------------------------------

Allele-freq. divergence among pops (Net nucleotide distance),
computed using point estimates of P.

      1       2       3       4      
 1      -    0.1052  0.1104  0.0708  
 2   0.1052     -    0.0305  0.0127  
 3   0.1104  0.0305     -    0.0198  
 4   0.0708  0.0127  0.0198     -    

Average distances (expected heterozygosity) between individuals in same cluster:
cluster  1  : 0.6389 
cluster  2  : 0.5900 
cluster  3  : 0.5861 
cluster  4  : 0.6553 

--------------------------------------------
Estimated Ln Prob of Data   = -23162.7
Mean value of ln likelihood = -22836.2
Variance of ln likelihood   = 652.9
Mean value of alpha         = 0.0382

Mean value of Fst_1         = 0.1650
Mean value of Fst_2         = 0.0623
Mean value of Fst_3         = 0.0932
Mean value of Fst_4         = 0.0045


Inferred ancestry of individuals:
        Label (%Miss) Pop:  Inferred clusters
  1      315    (0)    1 :  0.003 0.139 0.018 0.839 
  2      565    (0)    1 :  0.005 0.007 0.046 0.941 
  3      566    (2)    1 :  0.008 0.868 0.027 0.097 
  4      567    (2)    1 :  0.005 0.008 0.129 0.858 
  5      877    (0)    1 :  0.003 0.015 0.040 0.941 
  6      878    (0)    1 :  0.016 0.012 0.019 0.954 
  7      879    (0)    1 :  0.017 0.019 0.015 0.949 
  8      880    (0)    1 :  0.007 0.013 0.008 0.972 
  9      881    (0)    1 :  0.015 0.028 0.008 0.949 
 10      882    (0)    1 :  0.032 0.009 0.009 0.950 
 11      883    (0)    1 :  0.024 0.046 0.016 0.914 
 12      884    (0)    1 :  0.004 0.507 0.220 0.270 
 13      885    (0)    1 :  0.010 0.294 0.043 0.653 
 14      886    (0)    1 :  0.007 0.018 0.033 0.942 
 15      887    (0)    1 :  0.038 0.858 0.073 0.031 
 16      888    (0)    1 :  0.003 0.013 0.234 0.751 
 17      889    (0)    1 :  0.009 0.083 0.010 0.899 
 18      890    (0)    1 :  0.005 0.019 0.007 0.969 
 19      891    (0)    1 :  0.006 0.010 0.050 0.934 
 20      892    (0)    1 :  0.003 0.023 0.026 0.948 
 21      893    (0)    1 :  0.008 0.121 0.118 0.753 
 22      319    (2)    2 :  0.004 0.011 0.022 0.963 
 23      335    (0)    2 :  0.006 0.016 0.022 0.956 
 24      895    (0)    2 :  0.087 0.013 0.004 0.897 
 25      896    (0)    2 :  0.005 0.015 0.032 0.948 
 26      897    (0)    2 :  0.005 0.010 0.015 0.970 
 27      898    (0)    2 :  0.008 0.431 0.016 0.545 
 28      899    (0)    2 :  0.021 0.167 0.489 0.322 
 29      900    (0)    2 :  0.006 0.037 0.011 0.946 
 30      901    (0)    2 :  0.069 0.026 0.426 0.479 
 31      902    (0)    2 :  0.230 0.058 0.308 0.404 
 32      903    (0)    2 :  0.005 0.007 0.016 0.972 
 33      904    (0)    2 :  0.002 0.007 0.028 0.963 
 34      905    (0)    2 :  0.120 0.009 0.210 0.661 
 35      906    (0)    2 :  0.068 0.012 0.013 0.907 
 36      907    (0)    2 :  0.051 0.091 0.014 0.844 
 37      908    (0)    2 :  0.003 0.026 0.113 0.858 
 38      909    (0)    2 :  0.009 0.930 0.034 0.027 
 39      910    (0)    2 :  0.052 0.018 0.027 0.903 
 40      911    (0)    2 :  0.014 0.048 0.024 0.914 
 41      912    (0)    2 :  0.014 0.102 0.008 0.876 
 42      913    (0)    2 :  0.019 0.546 0.094 0.340 
 43     2411    (0)    2 :  0.006 0.010 0.037 0.948 
 44     2412    (0)    2 :  0.005 0.934 0.011 0.051 
 45     2413    (0)    2 :  0.025 0.008 0.029 0.937 
 46     2414    (0)    2 :  0.005 0.031 0.008 0.956 
 47     2415    (2)    2 :  0.004 0.093 0.045 0.859 
 48     2417    (4)    2 :  0.033 0.169 0.432 0.366 
 49     2418    (4)    2 :  0.015 0.010 0.007 0.969 
 50     2419    (2)    2 :  0.003 0.064 0.010 0.923 
 51     2420    (0)    2 :  0.007 0.014 0.004 0.975 
 52     2421    (0)    2 :  0.006 0.139 0.014 0.841 
 53     2422    (2)    2 :  0.009 0.011 0.010 0.970 
 54     2423    (0)    2 :  0.009 0.018 0.076 0.897 
 55     2576    (0)    2 :  0.012 0.036 0.013 0.939 
 56      321    (0)    3 :  0.003 0.956 0.025 0.016 
 57      338    (0)    3 :  0.002 0.988 0.005 0.005 
 58      339    (0)    3 :  0.016 0.961 0.008 0.015 
 59      363    (0)    3 :  0.007 0.053 0.010 0.930 
 60      915    (0)    3 :  0.001 0.988 0.006 0.005 
 61      917    (0)    3 :  0.002 0.960 0.006 0.032 
 62      923    (0)    3 :  0.005 0.427 0.059 0.508 
 63      925    (0)    3 :  0.003 0.988 0.005 0.005 
 64      931    (0)    3 :  0.004 0.834 0.009 0.152 
 65      935    (0)    3 :  0.004 0.973 0.010 0.013 
 66      936    (0)    3 :  0.005 0.983 0.003 0.009 
 67      937    (0)    3 :  0.002 0.984 0.004 0.010 
 68      948    (0)    3 :  0.014 0.764 0.039 0.183 
 69      956    (0)    3 :  0.004 0.973 0.014 0.009 
 70      957    (0)    3 :  0.004 0.980 0.003 0.013 
 71      967    (0)    3 :  0.002 0.983 0.006 0.009 
 72      968    (2)    3 :  0.006 0.929 0.010 0.055 
 73      969    (4)    3 :  0.005 0.966 0.007 0.022 
 74      970    (2)    3 :  0.021 0.711 0.020 0.248 
 75      971    (6)    3 :  0.002 0.976 0.012 0.010 
 76      972    (0)    3 :  0.004 0.978 0.005 0.013 
 77      973    (2)    3 :  0.021 0.055 0.006 0.917 
 78      978    (0)    3 :  0.010 0.970 0.013 0.008 
 79      979    (0)    3 :  0.021 0.208 0.685 0.087 
 80      988    (6)    3 :  0.007 0.058 0.244 0.692 
 81      989    (0)    3 :  0.004 0.869 0.085 0.042 
 82      990    (0)    3 :  0.005 0.587 0.017 0.391 
 83      991    (0)    3 :  0.003 0.988 0.004 0.006 
 84      992    (0)    3 :  0.004 0.980 0.006 0.011 
 85     1006    (2)    3 :  0.002 0.978 0.013 0.007 
 86     1017    (0)    3 :  0.005 0.662 0.076 0.258 
 87     2582    (4)    3 :  0.004 0.954 0.028 0.014 
 88      328    (0)    4 :  0.005 0.197 0.509 0.290 
 89      333    (0)    4 :  0.002 0.985 0.004 0.008 
 90      918    (0)    4 :  0.004 0.974 0.008 0.015 
 91      919    (0)    4 :  0.002 0.987 0.005 0.006 
 92      920    (0)    4 :  0.002 0.983 0.007 0.008 
 93      921    (0)    4 :  0.004 0.025 0.264 0.707 
 94      922    (0)    4 :  0.003 0.967 0.023 0.008 
 95      926    (0)    4 :  0.001 0.992 0.003 0.004 
 96      927    (0)    4 :  0.004 0.986 0.006 0.004 
 97      928    (0)    4 :  0.003 0.937 0.045 0.016 
 98      929    (0)    4 :  0.003 0.953 0.023 0.021 
 99      930    (0)    4 :  0.003 0.902 0.028 0.067 
100      932    (0)    4 :  0.006 0.301 0.017 0.677 
101      933    (0)    4 :  0.003 0.959 0.011 0.027 
102      949    (0)    4 :  0.004 0.082 0.008 0.906 
103      950    (0)    4 :  0.003 0.908 0.013 0.076 
104      964    (4)    4 :  0.006 0.976 0.006 0.012 
105      986    (0)    4 :  0.004 0.963 0.022 0.012 
106      987    (0)    4 :  0.005 0.687 0.197 0.111 
107     1001    (4)    4 :  0.002 0.983 0.009 0.006 
108     1002    (4)    4 :  0.006 0.976 0.010 0.007 
109     1003    (2)    4 :  0.003 0.790 0.018 0.189 
110     1004    (0)    4 :  0.006 0.982 0.005 0.006 
111     1005    (0)    4 :  0.001 0.971 0.019 0.009 
112     1010    (0)    4 :  0.002 0.989 0.006 0.003 
113      341    (0)    5 :  0.023 0.006 0.014 0.957 
114      343    (0)    5 :  0.019 0.047 0.007 0.927 
115      914    (0)    5 :  0.001 0.983 0.008 0.008 
116      916    (0)    5 :  0.034 0.017 0.211 0.738 
117      924    (0)    5 :  0.020 0.862 0.016 0.102 
118      938    (0)    5 :  0.005 0.183 0.028 0.784 
119      939    (0)    5 :  0.002 0.979 0.011 0.008 
120      940    (0)    5 :  0.012 0.921 0.006 0.061 
121      941    (2)    5 :  0.035 0.872 0.005 0.087 
122      942    (0)    5 :  0.011 0.081 0.010 0.898 
123      943    (0)    5 :  0.004 0.286 0.034 0.676 
124      944    (0)    5 :  0.002 0.909 0.072 0.017 
125      945    (0)    5 :  0.002 0.986 0.005 0.008 
126      946    (0)    5 :  0.013 0.132 0.012 0.844 
127      947    (0)    5 :  0.005 0.134 0.005 0.855 
128      951    (0)    5 :  0.021 0.025 0.010 0.944 
129      952    (0)    5 :  0.002 0.091 0.006 0.901 
130      953    (0)    5 :  0.015 0.661 0.032 0.292 
131      954    (0)    5 :  0.018 0.854 0.011 0.117 
132      955    (0)    5 :  0.022 0.124 0.010 0.844 
133      961    (6)    5 :  0.005 0.030 0.161 0.804 
134      974    (0)    5 :  0.003 0.255 0.008 0.734 
135      975    (4)    5 :  0.007 0.083 0.041 0.868 
136      980    (0)    5 :  0.011 0.519 0.059 0.411 
137      981    (0)    5 :  0.025 0.015 0.074 0.886 
138      982    (0)    5 :  0.003 0.833 0.105 0.059 
139      984    (0)    5 :  0.008 0.035 0.031 0.926 
140      985    (0)    5 :  0.005 0.020 0.010 0.965 
141     2578    (6)    5 :  0.117 0.490 0.013 0.380 
142     2580    (2)    5 :  0.006 0.019 0.096 0.879 
143     2470    (4)    6 :  0.986 0.005 0.004 0.004 
144     2471    (0)    6 :  0.987 0.003 0.005 0.005 
145     2472    (0)    6 :  0.989 0.005 0.002 0.004 
146     2484    (0)    6 :  0.982 0.004 0.003 0.011 
147     2486    (2)    6 :  0.992 0.002 0.002 0.003 
148     2487    (2)    6 :  0.986 0.005 0.004 0.005 
149     2489    (0)    6 :  0.980 0.005 0.007 0.008 
150     2596    (2)    6 :  0.971 0.011 0.004 0.014 
151     1366    (0)    6 :  0.992 0.002 0.002 0.004 
152     1367    (0)    6 :  0.989 0.002 0.005 0.004 
153     1368    (0)    6 :  0.948 0.007 0.012 0.033 
154     1369    (0)    6 :  0.978 0.008 0.006 0.008 
155     1370    (0)    6 :  0.989 0.003 0.003 0.005 
156     1371    (0)    6 :  0.992 0.002 0.003 0.003 
157     1372    (0)    6 :  0.983 0.003 0.005 0.008 
158     1373    (0)    6 :  0.985 0.004 0.005 0.007 
159     1374    (0)    6 :  0.992 0.003 0.002 0.003 
160     1375    (0)    6 :  0.994 0.002 0.002 0.002 
161     2476    (0)    6 :  0.974 0.004 0.010 0.012 
162     2478    (2)    6 :  0.989 0.004 0.003 0.005 
163     2479    (4)    6 :  0.992 0.002 0.003 0.003 
164     2481    (0)    6 :  0.982 0.006 0.004 0.007 
165     2483    (6)    6 :  0.991 0.003 0.003 0.003 
166     2485    (0)    6 :  0.986 0.007 0.002 0.005 
167     2488    (0)    6 :  0.993 0.004 0.001 0.002 
168     2490    (0)    6 :  0.992 0.002 0.003 0.003 
169     2492    (2)    6 :  0.992 0.002 0.003 0.003 
170     2493    (0)    6 :  0.962 0.015 0.014 0.008 
171     2494    (2)    6 :  0.980 0.005 0.007 0.008 
172     2495    (0)    6 :  0.927 0.015 0.036 0.023 
173     2496    (0)    6 :  0.993 0.002 0.002 0.003 
174     2497    (2)    6 :  0.991 0.003 0.003 0.003 
175     2592    (2)    6 :  0.991 0.002 0.004 0.003 
176     2593    (4)    6 :  0.992 0.003 0.003 0.003 
177     2595    (2)    6 :  0.991 0.003 0.003 0.003 
178     2498    (4)    7 :  0.009 0.023 0.951 0.017 
179     2513    (2)    7 :  0.001 0.022 0.970 0.006 
180     2514    (2)    7 :  0.004 0.018 0.922 0.056 
181     2597    (6)    7 :  0.002 0.035 0.925 0.038 
182     2499    (4)    7 :  0.002 0.008 0.976 0.014 
183     2500    (0)    7 :  0.006 0.004 0.980 0.009 
184     2506    (2)    7 :  0.004 0.005 0.983 0.007 
185     2509    (6)    7 :  0.003 0.008 0.979 0.011 
186     2511    (2)    7 :  0.002 0.005 0.988 0.005 
187     2512    (2)    7 :  0.002 0.006 0.984 0.007 
188     2515    (2)    7 :  0.001 0.003 0.994 0.002 
189     2516    (2)    7 :  0.001 0.008 0.980 0.010 
190     2517    (4)    7 :  0.003 0.033 0.957 0.007 
191     2518    (2)    7 :  0.003 0.035 0.953 0.009 
192     2519    (0)    7 :  0.002 0.066 0.848 0.084 
193     2520    (2)    7 :  0.002 0.004 0.990 0.004 
194     2521    (2)    7 :  0.003 0.018 0.940 0.039 
195     2603    (4)    7 :  0.003 0.005 0.981 0.011 
196     2606    (2)    7 :  0.001 0.007 0.985 0.006 


Estimated Allele Frequencies in each cluster
First column gives estimated ancestral frequencies


Locus 1 : 1 
4 alleles
0.0% missing data
  89   (0.544) 0.294 0.511 0.602 0.559 
  91   (0.366) 0.674 0.424 0.319 0.361 
  93   (0.066) 0.031 0.042 0.075 0.060 
  99   (0.023) 0.002 0.023 0.004 0.020 

Locus 2 : 2 
6 alleles
2.6% missing data
 138   (0.278) 0.230 0.500 0.162 0.270 
 134   (0.243) 0.193 0.258 0.106 0.246 
 140   (0.082) 0.111 0.041 0.038 0.080 
 136   (0.331) 0.450 0.098 0.679 0.342 
 132   (0.033) 0.002 0.008 0.009 0.036 
 142   (0.033) 0.012 0.096 0.006 0.026 

Locus 3 : 3 
6 alleles
0.0% missing data
 187   (0.335) 0.363 0.209 0.448 0.343 
 191   (0.042) 0.014 0.013 0.022 0.040 
 179   (0.234) 0.063 0.241 0.306 0.237 
 181   (0.233) 0.082 0.305 0.184 0.236 
 185   (0.076) 0.243 0.108 0.018 0.070 
 175   (0.080) 0.235 0.123 0.022 0.074 

Locus 4 : 4 
9 alleles
0.0% missing data
 247   (0.083) 0.018 0.041 0.022 0.090 
 253   (0.506) 0.192 0.568 0.730 0.514 
 239   (0.011) 0.001 0.001 0.002 0.009 
 241   (0.139) 0.515 0.153 0.052 0.135 
 271   (0.053) 0.117 0.016 0.039 0.049 
 269   (0.151) 0.022 0.215 0.145 0.150 
 245   (0.017) 0.066 0.002 0.003 0.013 
 249   (0.026) 0.068 0.003 0.004 0.024 
 273   (0.015) 0.001 0.002 0.003 0.015 

Locus 5 : 5 
6 alleles
0.5% missing data
 103   (0.793) 0.743 0.923 0.950 0.794 
 105   (0.075) 0.167 0.034 0.025 0.074 
 102   (0.023) 0.002 0.004 0.005 0.025 
 101   (0.011) 0.001 0.001 0.002 0.010 
 104   (0.081) 0.061 0.036 0.015 0.085 
 107   (0.017) 0.027 0.002 0.003 0.013 

Locus 6 : 6 
5 alleles
0.0% missing data
 145   (0.409) 0.028 0.515 0.204 0.436 
 147   (0.065) 0.123 0.015 0.030 0.064 
 135   (0.211) 0.647 0.187 0.191 0.199 
 141   (0.298) 0.135 0.281 0.573 0.288 
 137   (0.017) 0.067 0.002 0.003 0.013 

Locus 7 : 7 
10 alleles
1.0% missing data
  97   (0.212) 0.266 0.123 0.255 0.217 
  91   (0.068) 0.059 0.032 0.019 0.070 
  93   (0.220) 0.132 0.293 0.296 0.215 
 103   (0.228) 0.015 0.360 0.287 0.235 
  85   (0.044) 0.003 0.024 0.080 0.040 
  89   (0.119) 0.294 0.120 0.044 0.118 
  83   (0.067) 0.005 0.043 0.013 0.074 
 105   (0.020) 0.085 0.003 0.003 0.016 
  99   (0.011) 0.013 0.001 0.002 0.007 
 101   (0.012) 0.129 0.001 0.002 0.008 

Locus 8 : 8 
8 alleles
0.0% missing data
 129   (0.512) 0.324 0.669 0.641 0.518 
 145   (0.011) 0.001 0.001 0.002 0.009 
 143   (0.271) 0.299 0.228 0.172 0.281 
 149   (0.113) 0.284 0.057 0.104 0.110 
 141   (0.047) 0.003 0.029 0.061 0.044 
 133   (0.022) 0.002 0.007 0.015 0.021 
 127   (0.014) 0.086 0.001 0.003 0.010 
 131   (0.011) 0.001 0.007 0.002 0.007 

Locus 9 : 9 
3 alleles
0.0% missing data
 191   (0.361) 0.328 0.309 0.499 0.359 
 189   (0.492) 0.357 0.477 0.401 0.504 
 195   (0.148) 0.315 0.215 0.100 0.138 

Locus 10 : 10 
7 alleles
0.5% missing data
 232   (0.224) 0.125 0.166 0.232 0.230 
 238   (0.579) 0.741 0.752 0.635 0.577 
 250   (0.021) 0.029 0.002 0.004 0.018 
 254   (0.047) 0.083 0.005 0.043 0.045 
 252   (0.096) 0.019 0.071 0.081 0.096 
 248   (0.022) 0.002 0.003 0.004 0.025 
 236   (0.011) 0.001 0.001 0.002 0.009 

Locus 11 : 11 
4 alleles
0.0% missing data
  87   (0.732) 0.521 0.830 0.665 0.746 
  91   (0.060) 0.165 0.031 0.108 0.051 
  89   (0.195) 0.158 0.138 0.226 0.195 
  85   (0.012) 0.156 0.001 0.002 0.008 

Locus 12 : 12 
12 alleles
0.5% missing data
 149   (0.036) 0.002 0.048 0.007 0.034 
 162   (0.218) 0.015 0.251 0.270 0.231 
 160   (0.200) 0.420 0.283 0.103 0.199 
 161   (0.117) 0.252 0.104 0.048 0.117 
 154   (0.026) 0.002 0.003 0.008 0.029 
 158   (0.232) 0.095 0.199 0.390 0.236 
 170   (0.069) 0.031 0.038 0.030 0.069 
 147   (0.039) 0.003 0.043 0.131 0.032 
 164   (0.011) 0.001 0.001 0.002 0.009 
 143   (0.029) 0.177 0.005 0.006 0.027 
 159   (0.014) 0.001 0.019 0.002 0.010 
 150   (0.011) 0.001 0.008 0.002 0.007 

Locus 13 : 13 
4 alleles
0.0% missing data
 115   (0.451) 0.374 0.513 0.592 0.446 
 113   (0.349) 0.347 0.383 0.289 0.349 
 108   (0.190) 0.279 0.102 0.117 0.195 
 109   (0.011) 0.001 0.001 0.002 0.010 

Locus 14 : 14 
6 alleles
4.6% missing data
 172   (0.410) 0.315 0.489 0.248 0.423 
 174   (0.317) 0.155 0.297 0.469 0.320 
 182   (0.073) 0.017 0.104 0.119 0.065 
 176   (0.114) 0.034 0.047 0.145 0.117 
 178   (0.041) 0.116 0.033 0.009 0.035 
 180   (0.046) 0.363 0.030 0.011 0.040 

Locus 15 : 15 
5 alleles
1.5% missing data
 225   (0.116) 0.065 0.099 0.069 0.114 
 229   (0.570) 0.497 0.522 0.610 0.578 
 231   (0.138) 0.343 0.022 0.149 0.146 
 227   (0.110) 0.008 0.315 0.120 0.103 
 233   (0.065) 0.087 0.042 0.050 0.059 

Locus 16 : 16 
5 alleles
1.0% missing data
 143   (0.813) 0.643 0.865 0.933 0.822 
 145   (0.102) 0.187 0.071 0.028 0.102 
 133   (0.019) 0.001 0.002 0.003 0.020 
 147   (0.055) 0.169 0.061 0.019 0.048 
 157   (0.011) 0.001 0.001 0.016 0.007 

Locus 17 : 17 
5 alleles
0.0% missing data
 156   (0.239) 0.163 0.229 0.202 0.242 
 158   (0.507) 0.339 0.615 0.539 0.511 
 154   (0.093) 0.368 0.018 0.092 0.093 
 160   (0.149) 0.130 0.124 0.165 0.146 
 152   (0.012) 0.001 0.015 0.002 0.008 

Locus 18 : 18 
5 alleles
0.0% missing data
  90   (0.633) 0.347 0.725 0.570 0.640 
  88   (0.107) 0.436 0.018 0.046 0.113 
 102   (0.202) 0.051 0.234 0.373 0.194 
 100   (0.048) 0.166 0.016 0.009 0.046 
 104   (0.011) 0.001 0.007 0.002 0.007 

Locus 19 : 19 
8 alleles
0.5% missing data
 127   (0.241) 0.152 0.292 0.098 0.252 
 140   (0.276) 0.318 0.234 0.170 0.286 
 142   (0.138) 0.031 0.092 0.380 0.136 
 148   (0.116) 0.074 0.081 0.112 0.114 
 150   (0.067) 0.206 0.149 0.013 0.060 
 138   (0.055) 0.004 0.039 0.045 0.054 
 146   (0.082) 0.006 0.110 0.110 0.079 
 128   (0.025) 0.210 0.003 0.072 0.018 

Locus 20 : 20 
7 alleles
0.5% missing data
 188   (0.176) 0.012 0.159 0.081 0.193 
 190   (0.143) 0.049 0.165 0.291 0.135 
 194   (0.538) 0.562 0.555 0.591 0.542 
 200   (0.099) 0.293 0.116 0.028 0.095 
 202   (0.021) 0.042 0.002 0.004 0.018 
 196   (0.011) 0.001 0.001 0.002 0.010 
 198   (0.012) 0.040 0.001 0.002 0.007 

Locus 21 : 21 
6 alleles
1.0% missing data
 252   (0.687) 0.096 0.789 0.736 0.716 
 246   (0.102) 0.216 0.059 0.045 0.100 
 248   (0.020) 0.001 0.005 0.006 0.019 
 254   (0.085) 0.228 0.074 0.063 0.076 
 250   (0.083) 0.417 0.064 0.147 0.071 
 244   (0.022) 0.042 0.008 0.004 0.017 

Locus 22 : 22 
7 alleles
0.0% missing data
 173   (0.266) 0.201 0.520 0.398 0.249 
 175   (0.140) 0.487 0.080 0.050 0.141 
 163   (0.057) 0.112 0.018 0.014 0.056 
 167   (0.177) 0.076 0.123 0.237 0.177 
 177   (0.280) 0.045 0.245 0.285 0.292 
 159   (0.034) 0.002 0.004 0.006 0.040 
 165   (0.046) 0.076 0.010 0.011 0.046 

Locus 23 : 23 
11 alleles
2.0% missing data
 146   (0.186) 0.014 0.310 0.152 0.191 
 152   (0.428) 0.106 0.558 0.570 0.436 
 158   (0.090) 0.422 0.027 0.025 0.094 
 166   (0.100) 0.007 0.035 0.152 0.107 
 162   (0.066) 0.136 0.017 0.014 0.069 
 164   (0.032) 0.067 0.004 0.021 0.028 
 148   (0.011) 0.001 0.001 0.002 0.010 
 142   (0.027) 0.034 0.016 0.005 0.022 
 150   (0.029) 0.109 0.015 0.005 0.024 
 156   (0.019) 0.105 0.015 0.003 0.012 
 154   (0.012) 0.001 0.001 0.051 0.008 

Locus 24 : 24 
7 alleles
1.0% missing data
 154   (0.531) 0.207 0.610 0.526 0.544 
 144   (0.148) 0.236 0.235 0.263 0.133 
 156   (0.149) 0.399 0.036 0.128 0.156 
 160   (0.106) 0.020 0.108 0.063 0.105 
 158   (0.039) 0.137 0.004 0.014 0.039 
 146   (0.015) 0.001 0.002 0.003 0.015 
 152   (0.011) 0.001 0.005 0.003 0.008 

Locus 25 : 25 
4 alleles
0.5% missing data
  83   (0.433) 0.590 0.406 0.411 0.436 
  77   (0.072) 0.005 0.082 0.218 0.066 
  81   (0.413) 0.374 0.409 0.272 0.425 
  85   (0.082) 0.031 0.103 0.099 0.073 

Locus 26 : 26 
6 alleles
0.0% missing data
 124   (0.537) 0.500 0.548 0.484 0.543 
 132   (0.292) 0.020 0.344 0.421 0.301 
 122   (0.092) 0.436 0.098 0.049 0.083 
 120   (0.030) 0.028 0.004 0.005 0.029 
 136   (0.020) 0.002 0.003 0.010 0.019 
 126   (0.029) 0.014 0.003 0.031 0.025 

Locus 27 : 27 
7 alleles
0.0% missing data
 183   (0.333) 0.214 0.315 0.447 0.333 
 175   (0.260) 0.018 0.319 0.292 0.271 
 179   (0.100) 0.284 0.094 0.071 0.093 
 165   (0.236) 0.106 0.260 0.171 0.239 
 181   (0.048) 0.272 0.008 0.015 0.047 
 157   (0.011) 0.001 0.001 0.002 0.010 
 185   (0.012) 0.104 0.001 0.002 0.008 

Locus 28 : 28 
4 alleles
0.0% missing data
 142   (0.624) 0.533 0.744 0.654 0.630 
 148   (0.189) 0.268 0.094 0.151 0.194 
 150   (0.147) 0.170 0.138 0.091 0.145 
 138   (0.041) 0.029 0.024 0.104 0.032 

Locus 29 : 29 
6 alleles
1.0% missing data
 256   (0.089) 0.084 0.055 0.050 0.086 
 262   (0.479) 0.675 0.392 0.576 0.486 
 260   (0.377) 0.237 0.516 0.363 0.377 
 258   (0.019) 0.001 0.002 0.004 0.020 
 264   (0.026) 0.002 0.027 0.005 0.023 
 266   (0.011) 0.001 0.008 0.002 0.007 

Locus 30 : 30 
7 alleles
1.0% missing data
 150   (0.415) 0.240 0.538 0.540 0.419 
 146   (0.275) 0.313 0.227 0.206 0.284 
 140   (0.190) 0.401 0.170 0.139 0.189 
 148   (0.075) 0.043 0.033 0.057 0.074 
 152   (0.023) 0.002 0.031 0.004 0.020 
 151   (0.011) 0.001 0.001 0.036 0.007 
 142   (0.011) 0.001 0.001 0.018 0.007 

Locus 31 : 31 
6 alleles
0.0% missing data
 129   (0.389) 0.084 0.588 0.446 0.386 
 125   (0.284) 0.141 0.101 0.456 0.297 
 131   (0.065) 0.132 0.040 0.017 0.062 
 123   (0.162) 0.115 0.212 0.058 0.160 
 127   (0.088) 0.528 0.058 0.022 0.084 
 121   (0.011) 0.001 0.001 0.002 0.010 

Locus 32 : 32 
6 alleles
0.5% missing data
 155   (0.530) 0.411 0.454 0.599 0.547 
 159   (0.153) 0.200 0.277 0.174 0.141 
 157   (0.193) 0.064 0.201 0.171 0.196 
 153   (0.080) 0.311 0.063 0.036 0.075 
 151   (0.032) 0.014 0.004 0.006 0.034 
 163   (0.011) 0.001 0.001 0.015 0.007 

Locus 33 : 33 
5 alleles
1.0% missing data
  91   (0.386) 0.237 0.505 0.552 0.379 
  92   (0.336) 0.489 0.389 0.249 0.334 
  95   (0.190) 0.228 0.089 0.115 0.199 
  94   (0.078) 0.033 0.015 0.082 0.080 
  90   (0.011) 0.012 0.001 0.002 0.007 

Locus 34 : 34 
5 alleles
0.0% missing data
 146   (0.313) 0.642 0.357 0.137 0.315 
 150   (0.544) 0.247 0.572 0.707 0.552 
 148   (0.073) 0.042 0.024 0.129 0.069 
 154   (0.052) 0.068 0.018 0.024 0.049 
 152   (0.019) 0.001 0.029 0.003 0.014 

Locus 35 : 35 
7 alleles
0.0% missing data
 180   (0.411) 0.371 0.367 0.406 0.423 
 184   (0.205) 0.172 0.281 0.206 0.201 
 198   (0.075) 0.249 0.017 0.098 0.072 
 192   (0.170) 0.175 0.166 0.039 0.180 
 196   (0.113) 0.033 0.127 0.215 0.107 
 190   (0.014) 0.001 0.041 0.003 0.010 
 194   (0.012) 0.001 0.001 0.034 0.007 

Locus 36 : 36 
5 alleles
0.0% missing data
 108   (0.134) 0.585 0.098 0.030 0.134 
 112   (0.370) 0.062 0.403 0.525 0.374 
 106   (0.295) 0.234 0.398 0.239 0.288 
 110   (0.170) 0.116 0.095 0.200 0.169 
  90   (0.031) 0.002 0.006 0.005 0.035 

Locus 37 : 37 
9 alleles
0.0% missing data
 166   (0.049) 0.003 0.098 0.183 0.041 
 170   (0.274) 0.340 0.225 0.279 0.277 
 174   (0.143) 0.049 0.184 0.034 0.151 
 178   (0.041) 0.003 0.043 0.023 0.037 
 172   (0.313) 0.167 0.380 0.362 0.315 
 168   (0.052) 0.321 0.018 0.010 0.050 
 176   (0.099) 0.103 0.013 0.104 0.107 
 158   (0.011) 0.001 0.001 0.003 0.009 
 186   (0.019) 0.013 0.036 0.003 0.012 

Locus 38 : 38 
6 alleles
0.0% missing data
  85   (0.165) 0.021 0.117 0.195 0.172 
  91   (0.019) 0.033 0.003 0.005 0.016 
  89   (0.540) 0.605 0.668 0.624 0.538 
  83   (0.144) 0.305 0.090 0.056 0.147 
  81   (0.074) 0.005 0.046 0.045 0.078 
  95   (0.058) 0.031 0.077 0.075 0.049 

Locus 39 : 39 
10 alleles
0.0% missing data
 165   (0.225) 0.125 0.240 0.265 0.225 
 173   (0.261) 0.176 0.292 0.109 0.273 
 161   (0.348) 0.689 0.282 0.554 0.345 
 167   (0.019) 0.001 0.002 0.004 0.020 
 169   (0.067) 0.005 0.135 0.053 0.063 
 168   (0.015) 0.001 0.002 0.003 0.014 
 155   (0.026) 0.002 0.003 0.005 0.030 
 175   (0.013) 0.001 0.036 0.002 0.008 
 159   (0.016) 0.001 0.007 0.003 0.013 
 177   (0.011) 0.001 0.001 0.002 0.009 

Locus 40 : 40 
5 alleles
1.5% missing data
  81   (0.108) 0.008 0.092 0.054 0.115 
  89   (0.444) 0.244 0.548 0.681 0.439 
  85   (0.191) 0.224 0.213 0.100 0.191 
  91   (0.155) 0.107 0.081 0.090 0.161 
  87   (0.101) 0.417 0.066 0.074 0.095 

Locus 41 : 41 
4 alleles
1.0% missing data
 161   (0.218) 0.446 0.156 0.153 0.218 
 167   (0.730) 0.430 0.791 0.823 0.741 
 165   (0.041) 0.124 0.051 0.021 0.032 
 177   (0.011) 0.001 0.002 0.003 0.009 

Locus 42 : 42 
6 alleles
1.0% missing data
 238   (0.329) 0.079 0.306 0.380 0.338 
 228   (0.409) 0.132 0.510 0.505 0.411 
 236   (0.096) 0.267 0.052 0.059 0.092 
 240   (0.122) 0.504 0.125 0.022 0.121 
 224   (0.033) 0.017 0.005 0.032 0.029 
 232   (0.011) 0.001 0.001 0.002 0.010 

Locus 43 : 43 
7 alleles
0.0% missing data
 130   (0.545) 0.729 0.440 0.586 0.555 
 134   (0.127) 0.180 0.077 0.058 0.129 
 114   (0.043) 0.003 0.005 0.095 0.045 
 128   (0.118) 0.008 0.205 0.122 0.116 
 118   (0.068) 0.073 0.094 0.013 0.064 
 132   (0.087) 0.006 0.177 0.124 0.081 
 136   (0.011) 0.001 0.001 0.002 0.010 

Locus 44 : 44 
5 alleles
0.0% missing data
  98   (0.115) 0.258 0.053 0.202 0.108 
 104   (0.448) 0.244 0.513 0.216 0.464 
  92   (0.143) 0.303 0.067 0.135 0.141 
 102   (0.223) 0.016 0.344 0.322 0.222 
  96   (0.071) 0.179 0.023 0.125 0.064 

Locus 45 : 45 
5 alleles
0.0% missing data
  99   (0.161) 0.182 0.089 0.095 0.166 
 103   (0.285) 0.111 0.430 0.143 0.292 
 101   (0.325) 0.349 0.263 0.423 0.326 
  95   (0.213) 0.346 0.213 0.335 0.203 
  97   (0.016) 0.014 0.004 0.004 0.011 

Locus 46 : 46 
6 alleles
0.5% missing data
 181   (0.526) 0.153 0.691 0.679 0.531 
 183   (0.015) 0.001 0.002 0.003 0.015 
 177   (0.068) 0.085 0.055 0.071 0.060 
 191   (0.315) 0.638 0.209 0.232 0.321 
 179   (0.056) 0.110 0.007 0.012 0.061 
 193   (0.019) 0.013 0.037 0.003 0.012 

Locus 47 : 47 
6 alleles
1.5% missing data
 205   (0.449) 0.318 0.554 0.399 0.460 
 215   (0.082) 0.186 0.065 0.061 0.076 
 211   (0.243) 0.365 0.124 0.250 0.253 
 207   (0.138) 0.074 0.194 0.213 0.130 
 201   (0.068) 0.045 0.059 0.073 0.061 
 202   (0.020) 0.012 0.003 0.004 0.018 

Locus 48 : 48 
9 alleles
1.5% missing data
 142   (0.350) 0.154 0.541 0.181 0.364 
 162   (0.044) 0.161 0.028 0.008 0.040 
 144   (0.067) 0.013 0.044 0.265 0.060 
 158   (0.165) 0.120 0.098 0.072 0.176 
 168   (0.144) 0.226 0.053 0.221 0.145 
 164   (0.062) 0.180 0.028 0.012 0.061 
 156   (0.029) 0.089 0.009 0.006 0.025 
 166   (0.121) 0.018 0.196 0.229 0.115 
 170   (0.017) 0.040 0.002 0.005 0.013 

Locus 49 : 49 
6 alleles
14.3% missing data
 145   (0.178) 0.048 0.128 0.216 0.180 
 153   (0.214) 0.048 0.333 0.379 0.206 
 143   (0.028) 0.054 0.003 0.009 0.025 
 151   (0.205) 0.099 0.163 0.247 0.205 
 149   (0.355) 0.750 0.370 0.142 0.362 
 147   (0.021) 0.002 0.003 0.007 0.021 

Values of parameters used in structure:
DATAFILE=admix_W2.str,	OUTFILE=k4/admix_W2_k4_run3,	NUMINDS=196,	NUMLOCI=49,	MISSING=-9,	LABEL=1,	POPDATA=1,	POPFLAG=0,	PHENOTYPE=0,	EXTRACOLS=0,	MAXPOPS=4,	BURNIN=500000,	NUMREPS=750000,	USEPOPINFO=0,	INFERALPHA=1,	INFERLAMBDA=0,	POPSPECIFICLAMBDA=0,	POPALPHAS=0,	COMPUTEPROB=1,	NOADMIX=0,	ADMBURNIN=500,	UPDATEFREQ=100,	PRINTLIKES=0,	INTERMEDSAVE=0,	PRINTKLD=0,	PRINTNET=1,	PRINTLAMBDA=1,	ANCESTDIST=0,	NUMBOXES=1000,	ANCESTPINT=0.90000,	GENSBACK=2,	MIGRPRIOR=0.01000,	PRINTQHAT=0,	PRINTQSUM=1,	ALPHA=1.0000,	FREQSCORR=1,	FPRIORMEAN=0.0100,	FPRIORSD=0.0500,	ONEFST=0,	LAMBDA=1.0000,	UNIFPRIORALPHA=1,	ALPHAMAX=10.0000,	ALPHAPRIORA=1.0000,	ALPHAPRIORB=2.0000,	ALPHAPROPSD=0.0250,	STARTATPOPINFO=0,	RANDOMIZE=0,	LINKAGE=0,	METROFREQ=10,	REPORTHITRATE=0,	MARKOVPHASE=0,	PHASED=1,	PLOIDY=2,	PHASEINFO=0	LOCPRIOR=0, 	LOCPRIORINIT=1.000000, 	LOCDATA=0, 	LOCISPOP=1, 	LOCPRIORSTEP=0.100000, 	MAXLOCPRIOR=20.000000, 	SEED=327795,	
[STRAT parameters]:    NUMSIMSTATS=1000,	PHENOTYPECOL=-9,	POOLFREQ=10,	LOCUSxONLY=0,	EMERROR=0.00100,	MISSINGPHENO=-9,	