

----------------------------------------------------
STRUCTURE by Pritchard, Stephens and Donnelly (2000)
     and Falush, Stephens and Pritchard (2003)
       Code by Pritchard, Falush and Hubisz
             Version 2.3.4 (Jul 2012)
----------------------------------------------------



Command line arguments:   structure -D 323494 -K 6 -m mainparams -o k6/admix_W2_k6_run7 
Input File:    admix_W2.str

Run parameters:
   196 individuals
   49 loci
   6 populations assumed
   500000 Burn-in period
   750000 Reps
RANDOMIZE turned off


--------------------------------------------
Proportion of membership of each pre-defined
 population in each of the 6 clusters

Given    Inferred Clusters                            Number of
 Pop       1      2      3      4      5      6      Individuals

  1:     0.104  0.011  0.033  0.414  0.405  0.033       21
  2:     0.083  0.022  0.044  0.414  0.419  0.018       34
  3:     0.718  0.006  0.034  0.071  0.073  0.098       32
  4:     0.760  0.003  0.033  0.034  0.034  0.135       25
  5:     0.235  0.012  0.028  0.292  0.289  0.145       30
  6:     0.004  0.973  0.005  0.006  0.006  0.006       35
  7:     0.016  0.003  0.916  0.020  0.020  0.025       19
--------------------------------------------

Allele-freq. divergence among pops (Net nucleotide distance),
computed using point estimates of P.

      1       2       3       4       5       6      
 1      -    0.1110  0.0365  0.0143  0.0142  0.0303  
 2   0.1110     -    0.1177  0.0738  0.0734  0.0987  
 3   0.0365  0.1177     -    0.0235  0.0234  0.0446  
 4   0.0143  0.0738  0.0235     -    0.0000  0.0231  
 5   0.0142  0.0734  0.0234  0.0000     -    0.0229  
 6   0.0303  0.0987  0.0446  0.0231  0.0229     -    

Average distances (expected heterozygosity) between individuals in same cluster:
cluster  1  : 0.5856 
cluster  2  : 0.6372 
cluster  3  : 0.5766 
cluster  4  : 0.6521 
cluster  5  : 0.6532 
cluster  6  : 0.5868 

--------------------------------------------
Estimated Ln Prob of Data   = -23585.7
Mean value of ln likelihood = -22623.5
Variance of ln likelihood   = 1924.3
Mean value of alpha         = 0.0373

Mean value of Fst_1         = 0.0691
Mean value of Fst_2         = 0.1701
Mean value of Fst_3         = 0.1086
Mean value of Fst_4         = 0.0099
Mean value of Fst_5         = 0.0086
Mean value of Fst_6         = 0.1270


Inferred ancestry of individuals:
        Label (%Miss) Pop:  Inferred clusters
  1      315    (0)    1 :  0.105 0.003 0.013 0.438 0.430 0.011 
  2      565    (0)    1 :  0.006 0.005 0.035 0.466 0.481 0.008 
  3      566    (2)    1 :  0.691 0.007 0.021 0.113 0.115 0.053 
  4      567    (2)    1 :  0.007 0.004 0.090 0.444 0.437 0.018 
  5      877    (0)    1 :  0.013 0.003 0.024 0.479 0.468 0.013 
  6      878    (0)    1 :  0.009 0.019 0.014 0.459 0.426 0.072 
  7      879    (0)    1 :  0.015 0.028 0.016 0.417 0.436 0.087 
  8      880    (0)    1 :  0.009 0.008 0.007 0.503 0.457 0.016 
  9      881    (0)    1 :  0.018 0.012 0.007 0.466 0.488 0.009 
 10      882    (0)    1 :  0.006 0.036 0.007 0.465 0.452 0.034 
 11      883    (0)    1 :  0.024 0.019 0.010 0.468 0.458 0.021 
 12      884    (0)    1 :  0.274 0.003 0.131 0.296 0.280 0.017 
 13      885    (0)    1 :  0.083 0.005 0.021 0.448 0.424 0.019 
 14      886    (0)    1 :  0.015 0.006 0.027 0.482 0.466 0.004 
 15      887    (0)    1 :  0.738 0.043 0.058 0.043 0.040 0.078 
 16      888    (0)    1 :  0.007 0.002 0.088 0.472 0.427 0.004 
 17      889    (0)    1 :  0.052 0.009 0.008 0.424 0.421 0.086 
 18      890    (0)    1 :  0.015 0.005 0.006 0.470 0.488 0.017 
 19      891    (0)    1 :  0.008 0.006 0.034 0.492 0.452 0.008 
 20      892    (0)    1 :  0.014 0.003 0.020 0.431 0.416 0.117 
 21      893    (0)    1 :  0.070 0.005 0.061 0.416 0.442 0.006 
 22      319    (2)    2 :  0.009 0.004 0.018 0.429 0.492 0.048 
 23      335    (0)    2 :  0.011 0.006 0.020 0.464 0.486 0.014 
 24      895    (0)    2 :  0.009 0.097 0.004 0.436 0.424 0.030 
 25      896    (0)    2 :  0.013 0.004 0.025 0.446 0.491 0.021 
 26      897    (0)    2 :  0.008 0.005 0.009 0.497 0.476 0.005 
 27      898    (0)    2 :  0.124 0.004 0.009 0.454 0.402 0.008 
 28      899    (0)    2 :  0.104 0.012 0.248 0.321 0.306 0.009 
 29      900    (0)    2 :  0.024 0.005 0.009 0.486 0.457 0.019 
 30      901    (0)    2 :  0.016 0.037 0.241 0.317 0.334 0.054 
 31      902    (0)    2 :  0.032 0.156 0.156 0.300 0.326 0.030 
 32      903    (0)    2 :  0.006 0.005 0.011 0.462 0.509 0.007 
 33      904    (0)    2 :  0.006 0.002 0.023 0.504 0.455 0.010 
 34      905    (0)    2 :  0.008 0.113 0.132 0.324 0.367 0.056 
 35      906    (0)    2 :  0.009 0.071 0.010 0.452 0.451 0.006 
 36      907    (0)    2 :  0.052 0.037 0.009 0.444 0.447 0.011 
 37      908    (0)    2 :  0.018 0.002 0.056 0.464 0.455 0.005 
 38      909    (0)    2 :  0.858 0.009 0.034 0.048 0.046 0.005 
 39      910    (0)    2 :  0.009 0.036 0.018 0.459 0.471 0.006 
 40      911    (0)    2 :  0.020 0.009 0.020 0.481 0.462 0.008 
 41      912    (0)    2 :  0.045 0.008 0.006 0.486 0.448 0.007 
 42      913    (0)    2 :  0.169 0.010 0.052 0.381 0.381 0.008 
 43     2411    (0)    2 :  0.008 0.005 0.021 0.506 0.455 0.006 
 44     2412    (0)    2 :  0.819 0.005 0.011 0.065 0.061 0.039 
 45     2413    (0)    2 :  0.007 0.023 0.017 0.473 0.471 0.008 
 46     2414    (0)    2 :  0.025 0.004 0.006 0.453 0.506 0.006 
 47     2415    (2)    2 :  0.039 0.003 0.022 0.465 0.436 0.036 
 48     2417    (4)    2 :  0.092 0.017 0.239 0.320 0.325 0.007 
 49     2418    (4)    2 :  0.008 0.014 0.006 0.481 0.480 0.011 
 50     2419    (2)    2 :  0.042 0.003 0.009 0.456 0.472 0.018 
 51     2420    (0)    2 :  0.015 0.007 0.004 0.449 0.519 0.007 
 52     2421    (0)    2 :  0.184 0.006 0.013 0.370 0.386 0.041 
 53     2422    (2)    2 :  0.010 0.011 0.008 0.466 0.478 0.027 
 54     2423    (0)    2 :  0.011 0.007 0.029 0.452 0.478 0.024 
 55     2576    (0)    2 :  0.023 0.010 0.011 0.466 0.479 0.011 
 56      321    (0)    3 :  0.770 0.003 0.042 0.058 0.055 0.073 
 57      338    (0)    3 :  0.980 0.002 0.004 0.004 0.004 0.005 
 58      339    (0)    3 :  0.926 0.018 0.008 0.016 0.017 0.014 
 59      363    (0)    3 :  0.029 0.006 0.005 0.023 0.023 0.915 
 60      915    (0)    3 :  0.976 0.002 0.005 0.006 0.006 0.004 
 61      917    (0)    3 :  0.713 0.002 0.004 0.028 0.027 0.225 
 62      923    (0)    3 :  0.459 0.005 0.045 0.230 0.235 0.026 
 63      925    (0)    3 :  0.979 0.003 0.004 0.005 0.005 0.005 
 64      931    (0)    3 :  0.694 0.004 0.009 0.130 0.133 0.031 
 65      935    (0)    3 :  0.948 0.004 0.010 0.015 0.015 0.008 
 66      936    (0)    3 :  0.960 0.006 0.003 0.010 0.009 0.012 
 67      937    (0)    3 :  0.947 0.003 0.004 0.017 0.016 0.014 
 68      948    (0)    3 :  0.631 0.012 0.025 0.153 0.133 0.046 
 69      956    (0)    3 :  0.952 0.004 0.015 0.011 0.011 0.007 
 70      957    (0)    3 :  0.900 0.005 0.003 0.018 0.019 0.055 
 71      967    (0)    3 :  0.951 0.002 0.006 0.013 0.014 0.014 
 72      968    (2)    3 :  0.811 0.006 0.009 0.076 0.071 0.027 
 73      969    (4)    3 :  0.873 0.006 0.007 0.042 0.045 0.026 
 74      970    (2)    3 :  0.280 0.012 0.019 0.209 0.212 0.267 
 75      971    (6)    3 :  0.767 0.002 0.016 0.009 0.009 0.198 
 76      972    (0)    3 :  0.962 0.004 0.005 0.012 0.013 0.005 
 77      973    (2)    3 :  0.050 0.021 0.005 0.450 0.467 0.007 
 78      978    (0)    3 :  0.954 0.008 0.013 0.010 0.009 0.007 
 79      979    (0)    3 :  0.154 0.019 0.614 0.073 0.066 0.074 
 80      988    (6)    3 :  0.009 0.002 0.010 0.006 0.006 0.966 
 81      989    (0)    3 :  0.735 0.003 0.094 0.064 0.062 0.042 
 82      990    (0)    3 :  0.251 0.004 0.015 0.343 0.369 0.018 
 83      991    (0)    3 :  0.966 0.003 0.003 0.006 0.006 0.016 
 84      992    (0)    3 :  0.962 0.003 0.005 0.010 0.010 0.009 
 85     1006    (2)    3 :  0.969 0.002 0.012 0.006 0.006 0.004 
 86     1017    (0)    3 :  0.504 0.004 0.047 0.205 0.230 0.009 
 87     2582    (4)    3 :  0.925 0.004 0.031 0.018 0.017 0.004 
 88      328    (0)    4 :  0.177 0.004 0.349 0.236 0.225 0.009 
 89      333    (0)    4 :  0.968 0.002 0.004 0.009 0.009 0.008 
 90      918    (0)    4 :  0.954 0.003 0.007 0.014 0.016 0.006 
 91      919    (0)    4 :  0.976 0.002 0.005 0.006 0.006 0.004 
 92      920    (0)    4 :  0.972 0.002 0.006 0.007 0.008 0.006 
 93      921    (0)    4 :  0.004 0.002 0.009 0.005 0.005 0.976 
 94      922    (0)    4 :  0.944 0.003 0.027 0.009 0.010 0.008 
 95      926    (0)    4 :  0.977 0.001 0.003 0.004 0.004 0.011 
 96      927    (0)    4 :  0.955 0.004 0.007 0.006 0.007 0.020 
 97      928    (0)    4 :  0.849 0.003 0.061 0.028 0.033 0.026 
 98      929    (0)    4 :  0.890 0.003 0.025 0.029 0.028 0.024 
 99      930    (0)    4 :  0.769 0.003 0.027 0.073 0.071 0.058 
100      932    (0)    4 :  0.021 0.003 0.007 0.006 0.006 0.956 
101      933    (0)    4 :  0.928 0.003 0.009 0.023 0.026 0.011 
102      949    (0)    4 :  0.003 0.002 0.003 0.003 0.003 0.987 
103      950    (0)    4 :  0.686 0.003 0.011 0.067 0.066 0.167 
104      964    (4)    4 :  0.923 0.008 0.006 0.019 0.019 0.025 
105      986    (0)    4 :  0.921 0.004 0.027 0.015 0.014 0.018 
106      987    (0)    4 :  0.593 0.005 0.170 0.108 0.114 0.011 
107     1001    (4)    4 :  0.972 0.002 0.009 0.006 0.006 0.005 
108     1002    (4)    4 :  0.968 0.006 0.009 0.007 0.007 0.003 
109     1003    (2)    4 :  0.656 0.003 0.017 0.158 0.153 0.014 
110     1004    (0)    4 :  0.972 0.006 0.005 0.007 0.007 0.003 
111     1005    (0)    4 :  0.952 0.001 0.020 0.009 0.010 0.007 
112     1010    (0)    4 :  0.981 0.002 0.006 0.004 0.004 0.004 
113      341    (0)    5 :  0.005 0.030 0.014 0.426 0.449 0.075 
114      343    (0)    5 :  0.026 0.015 0.006 0.454 0.491 0.008 
115      914    (0)    5 :  0.974 0.001 0.008 0.006 0.006 0.005 
116      916    (0)    5 :  0.013 0.021 0.140 0.415 0.406 0.005 
117      924    (0)    5 :  0.607 0.016 0.012 0.181 0.174 0.010 
118      938    (0)    5 :  0.031 0.003 0.016 0.009 0.009 0.932 
119      939    (0)    5 :  0.295 0.002 0.019 0.012 0.012 0.660 
120      940    (0)    5 :  0.799 0.013 0.006 0.059 0.063 0.061 
121      941    (2)    5 :  0.016 0.017 0.003 0.007 0.007 0.950 
122      942    (0)    5 :  0.044 0.009 0.008 0.456 0.473 0.010 
123      943    (0)    5 :  0.172 0.003 0.012 0.399 0.409 0.005 
124      944    (0)    5 :  0.847 0.002 0.085 0.031 0.030 0.006 
125      945    (0)    5 :  0.963 0.002 0.004 0.008 0.007 0.016 
126      946    (0)    5 :  0.066 0.010 0.009 0.454 0.453 0.009 
127      947    (0)    5 :  0.086 0.004 0.004 0.471 0.429 0.006 
128      951    (0)    5 :  0.021 0.020 0.009 0.467 0.470 0.012 
129      952    (0)    5 :  0.060 0.002 0.005 0.467 0.449 0.017 
130      953    (0)    5 :  0.020 0.008 0.011 0.018 0.019 0.924 
131      954    (0)    5 :  0.373 0.013 0.011 0.282 0.273 0.048 
132      955    (0)    5 :  0.076 0.017 0.008 0.463 0.425 0.012 
133      961    (6)    5 :  0.017 0.004 0.077 0.476 0.408 0.019 
134      974    (0)    5 :  0.140 0.003 0.007 0.393 0.381 0.076 
135      975    (4)    5 :  0.052 0.006 0.027 0.452 0.451 0.012 
136      980    (0)    5 :  0.268 0.007 0.039 0.322 0.323 0.041 
137      981    (0)    5 :  0.014 0.033 0.085 0.259 0.291 0.318 
138      982    (0)    5 :  0.730 0.003 0.101 0.078 0.085 0.004 
139      984    (0)    5 :  0.023 0.008 0.024 0.433 0.453 0.059 
140      985    (0)    5 :  0.014 0.005 0.009 0.491 0.460 0.020 
141     2578    (6)    5 :  0.274 0.068 0.012 0.315 0.316 0.014 
142     2580    (2)    5 :  0.016 0.006 0.085 0.440 0.439 0.014 
143     2470    (4)    6 :  0.005 0.978 0.004 0.004 0.004 0.005 
144     2471    (0)    6 :  0.002 0.969 0.005 0.004 0.004 0.016 
145     2472    (0)    6 :  0.005 0.981 0.002 0.004 0.004 0.004 
146     2484    (0)    6 :  0.004 0.969 0.003 0.009 0.010 0.005 
147     2486    (2)    6 :  0.002 0.986 0.002 0.003 0.003 0.004 
148     2487    (2)    6 :  0.005 0.974 0.004 0.005 0.005 0.008 
149     2489    (0)    6 :  0.004 0.966 0.007 0.008 0.008 0.007 
150     2596    (2)    6 :  0.011 0.954 0.004 0.014 0.015 0.003 
151     1366    (0)    6 :  0.002 0.986 0.002 0.004 0.004 0.002 
152     1367    (0)    6 :  0.002 0.981 0.005 0.004 0.004 0.003 
153     1368    (0)    6 :  0.006 0.921 0.011 0.028 0.027 0.007 
154     1369    (0)    6 :  0.008 0.965 0.006 0.009 0.008 0.004 
155     1370    (0)    6 :  0.003 0.982 0.003 0.005 0.005 0.003 
156     1371    (0)    6 :  0.002 0.987 0.003 0.003 0.003 0.002 
157     1372    (0)    6 :  0.003 0.970 0.005 0.007 0.008 0.008 
158     1373    (0)    6 :  0.004 0.975 0.004 0.007 0.006 0.003 
159     1374    (0)    6 :  0.002 0.987 0.002 0.003 0.003 0.002 
160     1375    (0)    6 :  0.002 0.989 0.002 0.003 0.003 0.002 
161     2476    (0)    6 :  0.003 0.956 0.009 0.014 0.014 0.004 
162     2478    (2)    6 :  0.004 0.980 0.002 0.005 0.005 0.003 
163     2479    (4)    6 :  0.002 0.985 0.003 0.003 0.003 0.003 
164     2481    (0)    6 :  0.005 0.965 0.004 0.006 0.006 0.014 
165     2483    (6)    6 :  0.003 0.986 0.003 0.003 0.003 0.003 
166     2485    (0)    6 :  0.008 0.977 0.002 0.005 0.005 0.003 
167     2488    (0)    6 :  0.004 0.988 0.001 0.002 0.002 0.002 
168     2490    (0)    6 :  0.002 0.985 0.003 0.003 0.003 0.003 
169     2492    (2)    6 :  0.002 0.987 0.003 0.003 0.003 0.002 
170     2493    (0)    6 :  0.012 0.937 0.013 0.007 0.007 0.024 
171     2494    (2)    6 :  0.005 0.968 0.006 0.007 0.007 0.005 
172     2495    (0)    6 :  0.011 0.891 0.029 0.018 0.018 0.034 
173     2496    (0)    6 :  0.002 0.988 0.002 0.003 0.003 0.002 
174     2497    (2)    6 :  0.003 0.985 0.003 0.004 0.003 0.003 
175     2592    (2)    6 :  0.002 0.984 0.004 0.003 0.003 0.004 
176     2593    (4)    6 :  0.003 0.984 0.003 0.003 0.003 0.005 
177     2595    (2)    6 :  0.003 0.984 0.002 0.003 0.003 0.005 
178     2498    (4)    7 :  0.014 0.008 0.807 0.015 0.015 0.141 
179     2513    (2)    7 :  0.027 0.001 0.950 0.007 0.007 0.008 
180     2514    (2)    7 :  0.016 0.004 0.768 0.072 0.069 0.071 
181     2597    (6)    7 :  0.035 0.002 0.825 0.045 0.048 0.045 
182     2499    (4)    7 :  0.009 0.002 0.943 0.020 0.020 0.007 
183     2500    (0)    7 :  0.004 0.008 0.948 0.013 0.012 0.015 
184     2506    (2)    7 :  0.005 0.005 0.967 0.009 0.008 0.006 
185     2509    (6)    7 :  0.011 0.003 0.943 0.012 0.012 0.021 
186     2511    (2)    7 :  0.005 0.002 0.980 0.005 0.005 0.003 
187     2512    (2)    7 :  0.008 0.002 0.969 0.009 0.008 0.004 
188     2515    (2)    7 :  0.003 0.001 0.990 0.002 0.002 0.002 
189     2516    (2)    7 :  0.008 0.001 0.964 0.009 0.009 0.009 
190     2517    (4)    7 :  0.038 0.003 0.936 0.008 0.009 0.006 
191     2518    (2)    7 :  0.044 0.003 0.924 0.012 0.011 0.007 
192     2519    (0)    7 :  0.055 0.002 0.759 0.087 0.081 0.015 
193     2520    (2)    7 :  0.003 0.002 0.985 0.004 0.004 0.002 
194     2521    (2)    7 :  0.013 0.003 0.816 0.038 0.039 0.092 
195     2603    (4)    7 :  0.005 0.003 0.951 0.013 0.015 0.013 
196     2606    (2)    7 :  0.007 0.001 0.973 0.006 0.007 0.005 


Estimated Allele Frequencies in each cluster
First column gives estimated ancestral frequencies


Locus 1 : 1 
4 alleles
0.0% missing data
  89   (0.548) 0.529 0.291 0.617 0.557 0.558 0.437 
  91   (0.364) 0.402 0.677 0.309 0.360 0.359 0.538 
  93   (0.065) 0.046 0.030 0.070 0.063 0.062 0.019 
  99   (0.023) 0.024 0.002 0.004 0.020 0.020 0.006 

Locus 2 : 2 
6 alleles
2.6% missing data
 138   (0.295) 0.511 0.231 0.148 0.291 0.291 0.296 
 134   (0.232) 0.250 0.190 0.101 0.226 0.227 0.385 
 140   (0.081) 0.035 0.111 0.027 0.076 0.077 0.107 
 136   (0.325) 0.093 0.454 0.711 0.343 0.341 0.184 
 132   (0.031) 0.005 0.002 0.006 0.035 0.035 0.008 
 142   (0.034) 0.106 0.012 0.006 0.028 0.029 0.020 

Locus 3 : 3 
6 alleles
0.0% missing data
 187   (0.332) 0.184 0.363 0.456 0.339 0.338 0.378 
 191   (0.041) 0.013 0.013 0.020 0.039 0.039 0.011 
 179   (0.239) 0.229 0.061 0.316 0.246 0.244 0.255 
 181   (0.225) 0.331 0.081 0.174 0.220 0.222 0.269 
 185   (0.083) 0.107 0.247 0.017 0.079 0.079 0.059 
 175   (0.079) 0.136 0.236 0.018 0.078 0.078 0.027 

Locus 4 : 4 
9 alleles
0.0% missing data
 247   (0.079) 0.037 0.017 0.015 0.087 0.084 0.095 
 253   (0.515) 0.577 0.188 0.783 0.527 0.525 0.405 
 239   (0.011) 0.001 0.001 0.002 0.009 0.009 0.002 
 241   (0.142) 0.153 0.520 0.050 0.142 0.143 0.097 
 271   (0.043) 0.012 0.116 0.020 0.035 0.036 0.145 
 269   (0.154) 0.213 0.021 0.121 0.151 0.152 0.242 
 245   (0.016) 0.002 0.067 0.003 0.013 0.013 0.004 
 249   (0.025) 0.003 0.069 0.004 0.022 0.023 0.006 
 273   (0.014) 0.002 0.001 0.002 0.014 0.014 0.004 

Locus 5 : 5 
6 alleles
0.5% missing data
 103   (0.795) 0.934 0.742 0.954 0.792 0.791 0.941 
 105   (0.074) 0.026 0.168 0.023 0.079 0.077 0.025 
 102   (0.022) 0.003 0.001 0.004 0.024 0.025 0.006 
 101   (0.011) 0.001 0.001 0.002 0.009 0.009 0.003 
 104   (0.081) 0.034 0.060 0.014 0.084 0.085 0.021 
 107   (0.017) 0.002 0.027 0.003 0.012 0.013 0.004 

Locus 6 : 6 
5 alleles
0.0% missing data
 145   (0.408) 0.557 0.027 0.179 0.451 0.444 0.205 
 147   (0.066) 0.010 0.123 0.030 0.062 0.063 0.045 
 135   (0.219) 0.184 0.652 0.199 0.207 0.209 0.170 
 141   (0.290) 0.247 0.130 0.589 0.268 0.271 0.576 
 137   (0.017) 0.002 0.068 0.003 0.013 0.013 0.004 

Locus 7 : 7 
10 alleles
1.0% missing data
  97   (0.207) 0.131 0.267 0.246 0.210 0.210 0.182 
  91   (0.067) 0.034 0.058 0.015 0.068 0.069 0.022 
  93   (0.227) 0.291 0.131 0.312 0.223 0.224 0.250 
 103   (0.235) 0.365 0.016 0.297 0.249 0.246 0.236 
  85   (0.044) 0.027 0.003 0.079 0.043 0.043 0.012 
  89   (0.111) 0.104 0.294 0.031 0.104 0.105 0.271 
  83   (0.067) 0.043 0.005 0.012 0.073 0.073 0.018 
 105   (0.020) 0.003 0.083 0.003 0.016 0.017 0.005 
  99   (0.010) 0.001 0.012 0.002 0.007 0.007 0.003 
 101   (0.011) 0.001 0.131 0.002 0.007 0.008 0.003 

Locus 8 : 8 
8 alleles
0.0% missing data
 129   (0.521) 0.679 0.322 0.650 0.528 0.527 0.563 
 145   (0.011) 0.001 0.001 0.002 0.009 0.009 0.002 
 143   (0.271) 0.218 0.299 0.156 0.281 0.279 0.294 
 149   (0.107) 0.058 0.288 0.113 0.099 0.100 0.118 
 141   (0.045) 0.029 0.003 0.067 0.043 0.044 0.011 
 133   (0.021) 0.004 0.001 0.008 0.023 0.023 0.005 
 127   (0.014) 0.002 0.085 0.002 0.010 0.010 0.003 
 131   (0.010) 0.008 0.001 0.002 0.007 0.007 0.003 

Locus 9 : 9 
3 alleles
0.0% missing data
 191   (0.360) 0.321 0.329 0.543 0.358 0.358 0.221 
 189   (0.502) 0.442 0.354 0.372 0.517 0.515 0.586 
 195   (0.139) 0.238 0.317 0.086 0.125 0.127 0.193 

Locus 10 : 10 
7 alleles
0.5% missing data
 232   (0.222) 0.177 0.125 0.236 0.236 0.234 0.072 
 238   (0.580) 0.743 0.742 0.632 0.563 0.567 0.877 
 250   (0.021) 0.002 0.029 0.003 0.018 0.018 0.005 
 254   (0.045) 0.005 0.084 0.046 0.045 0.045 0.011 
 252   (0.099) 0.068 0.018 0.078 0.105 0.103 0.027 
 248   (0.023) 0.003 0.002 0.004 0.024 0.024 0.006 
 236   (0.011) 0.001 0.001 0.002 0.009 0.009 0.003 

Locus 11 : 11 
4 alleles
0.0% missing data
  87   (0.734) 0.825 0.516 0.638 0.742 0.740 0.920 
  91   (0.060) 0.031 0.167 0.120 0.051 0.052 0.020 
  89   (0.195) 0.143 0.159 0.239 0.200 0.200 0.058 
  85   (0.012) 0.001 0.158 0.002 0.007 0.008 0.003 

Locus 12 : 12 
12 alleles
0.5% missing data
 149   (0.031) 0.043 0.002 0.006 0.026 0.026 0.129 
 162   (0.211) 0.242 0.014 0.269 0.227 0.222 0.330 
 160   (0.206) 0.282 0.423 0.089 0.203 0.204 0.263 
 161   (0.117) 0.114 0.253 0.040 0.117 0.119 0.036 
 154   (0.026) 0.003 0.002 0.006 0.028 0.029 0.010 
 158   (0.233) 0.204 0.095 0.410 0.237 0.238 0.163 
 170   (0.070) 0.033 0.031 0.032 0.069 0.070 0.036 
 147   (0.041) 0.045 0.003 0.135 0.038 0.037 0.014 
 164   (0.010) 0.001 0.001 0.002 0.008 0.009 0.003 
 143   (0.030) 0.004 0.174 0.005 0.027 0.028 0.008 
 159   (0.015) 0.019 0.001 0.003 0.011 0.012 0.005 
 150   (0.010) 0.009 0.001 0.002 0.007 0.007 0.003 

Locus 13 : 13 
4 alleles
0.0% missing data
 115   (0.445) 0.527 0.373 0.604 0.438 0.438 0.517 
 113   (0.358) 0.365 0.345 0.279 0.361 0.359 0.407 
 108   (0.186) 0.106 0.281 0.115 0.193 0.193 0.074 
 109   (0.011) 0.001 0.001 0.002 0.009 0.009 0.002 

Locus 14 : 14 
6 alleles
4.6% missing data
 172   (0.415) 0.484 0.313 0.228 0.439 0.435 0.396 
 174   (0.315) 0.302 0.154 0.487 0.312 0.314 0.328 
 182   (0.078) 0.104 0.017 0.125 0.071 0.071 0.062 
 176   (0.107) 0.041 0.032 0.142 0.102 0.103 0.191 
 178   (0.039) 0.037 0.118 0.008 0.034 0.034 0.011 
 180   (0.046) 0.032 0.366 0.010 0.042 0.042 0.012 

Locus 15 : 15 
5 alleles
1.5% missing data
 225   (0.124) 0.084 0.064 0.070 0.120 0.121 0.125 
 229   (0.562) 0.500 0.492 0.603 0.562 0.562 0.751 
 231   (0.130) 0.020 0.347 0.155 0.145 0.143 0.039 
 227   (0.121) 0.350 0.009 0.117 0.115 0.116 0.068 
 233   (0.063) 0.046 0.088 0.055 0.058 0.058 0.016 

Locus 16 : 16 
5 alleles
1.0% missing data
 143   (0.816) 0.855 0.639 0.943 0.825 0.825 0.898 
 145   (0.100) 0.077 0.188 0.024 0.101 0.101 0.035 
 133   (0.018) 0.002 0.001 0.003 0.020 0.019 0.004 
 147   (0.055) 0.064 0.171 0.015 0.047 0.048 0.059 
 157   (0.011) 0.001 0.001 0.016 0.007 0.008 0.004 

Locus 17 : 17 
5 alleles
0.0% missing data
 156   (0.245) 0.231 0.164 0.206 0.259 0.255 0.108 
 158   (0.528) 0.640 0.337 0.535 0.526 0.528 0.439 
 154   (0.089) 0.013 0.371 0.097 0.095 0.094 0.032 
 160   (0.126) 0.101 0.128 0.160 0.112 0.114 0.417 
 152   (0.012) 0.016 0.001 0.002 0.008 0.009 0.004 

Locus 18 : 18 
5 alleles
0.0% missing data
  90   (0.634) 0.763 0.345 0.561 0.647 0.645 0.492 
  88   (0.089) 0.012 0.439 0.032 0.088 0.088 0.232 
 102   (0.220) 0.208 0.049 0.398 0.211 0.213 0.247 
 100   (0.046) 0.011 0.167 0.008 0.047 0.047 0.018 
 104   (0.011) 0.006 0.001 0.002 0.007 0.007 0.011 

Locus 19 : 19 
8 alleles
0.5% missing data
 127   (0.241) 0.321 0.151 0.071 0.260 0.257 0.086 
 140   (0.271) 0.232 0.318 0.163 0.277 0.277 0.310 
 142   (0.143) 0.083 0.028 0.404 0.144 0.143 0.130 
 148   (0.110) 0.057 0.071 0.114 0.104 0.105 0.259 
 150   (0.071) 0.163 0.208 0.013 0.065 0.066 0.023 
 138   (0.054) 0.043 0.004 0.048 0.052 0.053 0.017 
 146   (0.088) 0.098 0.006 0.108 0.080 0.081 0.169 
 128   (0.024) 0.003 0.214 0.080 0.017 0.018 0.006 

Locus 20 : 20 
7 alleles
0.5% missing data
 188   (0.173) 0.169 0.012 0.071 0.196 0.193 0.081 
 190   (0.138) 0.167 0.048 0.300 0.127 0.128 0.232 
 194   (0.555) 0.560 0.563 0.598 0.563 0.564 0.409 
 200   (0.091) 0.098 0.293 0.023 0.079 0.081 0.268 
 202   (0.021) 0.002 0.042 0.004 0.018 0.018 0.005 
 196   (0.011) 0.001 0.001 0.002 0.009 0.009 0.002 
 198   (0.011) 0.001 0.041 0.002 0.007 0.007 0.003 

Locus 21 : 21 
6 alleles
1.0% missing data
 252   (0.695) 0.772 0.091 0.746 0.733 0.729 0.723 
 246   (0.098) 0.062 0.217 0.035 0.093 0.093 0.105 
 248   (0.019) 0.004 0.001 0.005 0.019 0.019 0.005 
 254   (0.084) 0.081 0.226 0.051 0.072 0.073 0.105 
 250   (0.082) 0.071 0.422 0.159 0.068 0.069 0.057 
 244   (0.021) 0.009 0.042 0.004 0.016 0.016 0.006 

Locus 22 : 22 
7 alleles
0.0% missing data
 173   (0.287) 0.553 0.201 0.398 0.272 0.272 0.260 
 175   (0.141) 0.077 0.494 0.048 0.144 0.145 0.040 
 163   (0.056) 0.018 0.112 0.012 0.055 0.055 0.016 
 167   (0.174) 0.126 0.076 0.258 0.180 0.178 0.061 
 177   (0.271) 0.216 0.042 0.271 0.277 0.277 0.484 
 159   (0.033) 0.004 0.002 0.006 0.040 0.039 0.012 
 165   (0.038) 0.005 0.073 0.007 0.032 0.033 0.127 

Locus 23 : 23 
11 alleles
2.0% missing data
 146   (0.191) 0.324 0.013 0.153 0.197 0.195 0.193 
 152   (0.430) 0.560 0.103 0.579 0.432 0.433 0.572 
 158   (0.089) 0.025 0.425 0.020 0.094 0.093 0.033 
 166   (0.098) 0.028 0.007 0.141 0.103 0.103 0.141 
 162   (0.063) 0.013 0.137 0.011 0.070 0.069 0.024 
 164   (0.031) 0.004 0.067 0.022 0.028 0.028 0.008 
 148   (0.011) 0.001 0.001 0.002 0.009 0.009 0.002 
 142   (0.028) 0.015 0.031 0.005 0.023 0.024 0.007 
 150   (0.030) 0.010 0.109 0.005 0.026 0.026 0.013 
 156   (0.018) 0.018 0.106 0.003 0.012 0.012 0.004 
 154   (0.011) 0.001 0.001 0.058 0.007 0.008 0.003 

Locus 24 : 24 
7 alleles
1.0% missing data
 154   (0.554) 0.596 0.201 0.532 0.567 0.567 0.518 
 144   (0.148) 0.266 0.238 0.283 0.134 0.137 0.049 
 156   (0.145) 0.033 0.404 0.126 0.156 0.153 0.079 
 160   (0.097) 0.096 0.017 0.050 0.094 0.094 0.239 
 158   (0.031) 0.004 0.139 0.005 0.027 0.027 0.109 
 146   (0.014) 0.002 0.001 0.002 0.014 0.014 0.003 
 152   (0.011) 0.004 0.001 0.002 0.008 0.008 0.003 

Locus 25 : 25 
4 alleles
0.5% missing data
  83   (0.433) 0.389 0.592 0.401 0.438 0.435 0.495 
  77   (0.078) 0.083 0.005 0.237 0.072 0.073 0.042 
  81   (0.403) 0.422 0.371 0.259 0.409 0.410 0.435 
  85   (0.086) 0.107 0.031 0.103 0.082 0.082 0.027 

Locus 26 : 26 
6 alleles
0.0% missing data
 124   (0.530) 0.533 0.498 0.468 0.540 0.537 0.646 
 132   (0.295) 0.363 0.020 0.444 0.303 0.303 0.230 
 122   (0.098) 0.095 0.439 0.048 0.086 0.087 0.104 
 120   (0.029) 0.004 0.028 0.005 0.028 0.029 0.007 
 136   (0.019) 0.003 0.001 0.006 0.018 0.019 0.006 
 126   (0.029) 0.004 0.014 0.029 0.025 0.025 0.007 

Locus 27 : 27 
7 alleles
0.0% missing data
 183   (0.331) 0.319 0.211 0.463 0.332 0.331 0.328 
 175   (0.265) 0.304 0.018 0.265 0.275 0.274 0.410 
 179   (0.103) 0.097 0.288 0.078 0.094 0.096 0.034 
 165   (0.233) 0.272 0.103 0.180 0.234 0.234 0.212 
 181   (0.046) 0.006 0.272 0.011 0.048 0.048 0.011 
 157   (0.011) 0.001 0.001 0.002 0.009 0.009 0.002 
 185   (0.011) 0.001 0.106 0.002 0.007 0.008 0.003 

Locus 28 : 28 
4 alleles
0.0% missing data
 142   (0.632) 0.759 0.533 0.666 0.639 0.637 0.617 
 148   (0.191) 0.088 0.270 0.149 0.202 0.201 0.066 
 150   (0.137) 0.127 0.168 0.069 0.129 0.130 0.307 
 138   (0.039) 0.027 0.029 0.116 0.031 0.032 0.010 

Locus 29 : 29 
6 alleles
1.0% missing data
 256   (0.088) 0.051 0.084 0.048 0.083 0.085 0.087 
 262   (0.479) 0.380 0.676 0.576 0.493 0.490 0.452 
 260   (0.378) 0.532 0.236 0.366 0.372 0.374 0.441 
 258   (0.018) 0.002 0.001 0.003 0.020 0.019 0.005 
 264   (0.027) 0.027 0.002 0.005 0.025 0.025 0.011 
 266   (0.011) 0.009 0.001 0.002 0.007 0.007 0.003 

Locus 30 : 30 
7 alleles
1.0% missing data
 150   (0.431) 0.542 0.237 0.550 0.441 0.440 0.357 
 146   (0.268) 0.231 0.313 0.195 0.278 0.277 0.239 
 140   (0.189) 0.159 0.405 0.135 0.187 0.187 0.221 
 148   (0.068) 0.034 0.041 0.055 0.062 0.063 0.132 
 152   (0.023) 0.031 0.002 0.004 0.018 0.019 0.046 
 151   (0.011) 0.001 0.001 0.041 0.007 0.007 0.003 
 142   (0.010) 0.001 0.001 0.019 0.007 0.007 0.003 

Locus 31 : 31 
6 alleles
0.0% missing data
 129   (0.388) 0.597 0.079 0.438 0.381 0.381 0.577 
 125   (0.279) 0.098 0.140 0.476 0.300 0.298 0.097 
 131   (0.071) 0.027 0.131 0.015 0.071 0.071 0.051 
 123   (0.164) 0.231 0.115 0.051 0.158 0.160 0.126 
 127   (0.088) 0.046 0.534 0.018 0.080 0.081 0.146 
 121   (0.011) 0.001 0.001 0.002 0.009 0.009 0.003 

Locus 32 : 32 
6 alleles
0.5% missing data
 155   (0.534) 0.464 0.408 0.608 0.559 0.556 0.342 
 159   (0.160) 0.282 0.201 0.177 0.142 0.146 0.229 
 157   (0.182) 0.189 0.062 0.167 0.178 0.179 0.355 
 153   (0.082) 0.060 0.315 0.029 0.079 0.079 0.063 
 151   (0.032) 0.004 0.013 0.005 0.033 0.033 0.009 
 163   (0.011) 0.002 0.001 0.014 0.008 0.008 0.003 

Locus 33 : 33 
5 alleles
1.0% missing data
  91   (0.392) 0.526 0.237 0.563 0.385 0.385 0.384 
  92   (0.353) 0.384 0.494 0.258 0.355 0.356 0.240 
  95   (0.167) 0.075 0.226 0.098 0.172 0.171 0.347 
  94   (0.077) 0.014 0.032 0.080 0.081 0.081 0.026 
  90   (0.011) 0.001 0.012 0.002 0.007 0.007 0.003 

Locus 34 : 34 
5 alleles
0.0% missing data
 146   (0.321) 0.373 0.648 0.125 0.328 0.327 0.180 
 150   (0.549) 0.565 0.243 0.725 0.557 0.556 0.587 
 148   (0.062) 0.016 0.039 0.128 0.053 0.054 0.179 
 154   (0.051) 0.015 0.069 0.018 0.051 0.051 0.014 
 152   (0.018) 0.031 0.001 0.003 0.012 0.012 0.040 

Locus 35 : 35 
7 alleles
0.0% missing data
 180   (0.422) 0.358 0.372 0.398 0.441 0.437 0.347 
 184   (0.201) 0.312 0.172 0.208 0.193 0.195 0.178 
 198   (0.075) 0.015 0.249 0.096 0.075 0.075 0.022 
 192   (0.161) 0.130 0.174 0.029 0.160 0.161 0.408 
 196   (0.115) 0.136 0.032 0.228 0.113 0.113 0.038 
 190   (0.015) 0.047 0.001 0.003 0.010 0.011 0.004 
 194   (0.011) 0.001 0.001 0.037 0.007 0.008 0.003 

Locus 36 : 36 
5 alleles
0.0% missing data
 108   (0.136) 0.099 0.591 0.028 0.135 0.137 0.044 
 112   (0.366) 0.405 0.059 0.519 0.372 0.370 0.458 
 106   (0.305) 0.403 0.233 0.235 0.303 0.302 0.276 
 110   (0.168) 0.090 0.116 0.214 0.167 0.168 0.114 
  90   (0.025) 0.003 0.002 0.004 0.023 0.023 0.107 

Locus 37 : 37 
9 alleles
0.0% missing data
 166   (0.053) 0.105 0.004 0.205 0.044 0.045 0.048 
 170   (0.270) 0.231 0.340 0.278 0.290 0.287 0.113 
 174   (0.148) 0.176 0.048 0.031 0.152 0.152 0.189 
 178   (0.040) 0.044 0.003 0.020 0.038 0.038 0.024 
 172   (0.311) 0.369 0.164 0.365 0.307 0.308 0.465 
 168   (0.050) 0.018 0.328 0.009 0.045 0.046 0.050 
 176   (0.099) 0.013 0.102 0.086 0.103 0.103 0.104 
 158   (0.010) 0.001 0.001 0.002 0.009 0.009 0.002 
 186   (0.018) 0.042 0.012 0.003 0.012 0.012 0.005 

Locus 38 : 38 
6 alleles
0.0% missing data
  85   (0.163) 0.121 0.019 0.198 0.165 0.165 0.164 
  91   (0.019) 0.003 0.032 0.004 0.016 0.016 0.005 
  89   (0.541) 0.656 0.607 0.630 0.534 0.533 0.754 
  83   (0.141) 0.098 0.307 0.051 0.147 0.148 0.041 
  81   (0.073) 0.041 0.005 0.039 0.084 0.082 0.020 
  95   (0.063) 0.081 0.031 0.078 0.055 0.056 0.016 

Locus 39 : 39 
10 alleles
0.0% missing data
 165   (0.240) 0.242 0.124 0.259 0.251 0.250 0.068 
 173   (0.249) 0.284 0.173 0.096 0.250 0.250 0.450 
 161   (0.347) 0.265 0.693 0.573 0.343 0.343 0.420 
 167   (0.019) 0.002 0.001 0.004 0.019 0.019 0.005 
 169   (0.068) 0.152 0.005 0.055 0.065 0.065 0.034 
 168   (0.014) 0.002 0.001 0.003 0.014 0.014 0.003 
 155   (0.025) 0.003 0.002 0.004 0.029 0.029 0.010 
 175   (0.012) 0.042 0.001 0.002 0.008 0.008 0.003 
 159   (0.015) 0.006 0.001 0.003 0.013 0.013 0.004 
 177   (0.010) 0.001 0.001 0.002 0.009 0.009 0.003 

Locus 40 : 40 
5 alleles
1.5% missing data
  81   (0.108) 0.091 0.008 0.050 0.107 0.110 0.129 
  89   (0.437) 0.571 0.242 0.722 0.432 0.431 0.474 
  85   (0.194) 0.216 0.221 0.075 0.194 0.194 0.197 
  91   (0.155) 0.073 0.107 0.078 0.166 0.164 0.093 
  87   (0.107) 0.049 0.422 0.076 0.101 0.102 0.107 

Locus 41 : 41 
4 alleles
1.0% missing data
 161   (0.218) 0.161 0.448 0.145 0.219 0.219 0.148 
 167   (0.732) 0.780 0.425 0.833 0.741 0.740 0.838 
 165   (0.039) 0.058 0.126 0.020 0.031 0.032 0.011 
 177   (0.011) 0.001 0.001 0.002 0.009 0.009 0.002 

Locus 42 : 42 
6 alleles
1.0% missing data
 238   (0.335) 0.316 0.077 0.383 0.353 0.350 0.177 
 228   (0.403) 0.514 0.127 0.516 0.396 0.399 0.565 
 236   (0.099) 0.040 0.269 0.056 0.093 0.094 0.110 
 240   (0.125) 0.125 0.510 0.023 0.128 0.126 0.060 
 224   (0.028) 0.003 0.015 0.021 0.021 0.022 0.085 
 232   (0.011) 0.001 0.001 0.002 0.009 0.009 0.002 

Locus 43 : 43 
7 alleles
0.0% missing data
 130   (0.545) 0.412 0.729 0.576 0.561 0.557 0.570 
 134   (0.123) 0.076 0.181 0.055 0.125 0.125 0.105 
 114   (0.044) 0.005 0.003 0.089 0.041 0.041 0.082 
 128   (0.120) 0.213 0.008 0.127 0.113 0.115 0.169 
 118   (0.074) 0.092 0.073 0.014 0.070 0.071 0.047 
 132   (0.084) 0.201 0.006 0.138 0.082 0.082 0.023 
 136   (0.010) 0.001 0.001 0.002 0.009 0.009 0.002 

Locus 44 : 44 
5 alleles
0.0% missing data
  98   (0.113) 0.057 0.259 0.195 0.101 0.103 0.143 
 104   (0.445) 0.503 0.240 0.191 0.460 0.457 0.558 
  92   (0.141) 0.065 0.304 0.138 0.145 0.144 0.045 
 102   (0.233) 0.351 0.016 0.338 0.232 0.234 0.229 
  96   (0.068) 0.024 0.182 0.138 0.061 0.063 0.025 

Locus 45 : 45 
5 alleles
0.0% missing data
  99   (0.150) 0.082 0.182 0.097 0.149 0.148 0.230 
 103   (0.293) 0.455 0.110 0.147 0.298 0.298 0.207 
 101   (0.323) 0.244 0.348 0.395 0.324 0.323 0.457 
  95   (0.218) 0.216 0.349 0.358 0.217 0.217 0.102 
  97   (0.015) 0.002 0.012 0.003 0.012 0.013 0.004 

Locus 46 : 46 
6 alleles
0.5% missing data
 181   (0.546) 0.702 0.151 0.689 0.550 0.551 0.525 
 183   (0.015) 0.002 0.001 0.003 0.014 0.014 0.004 
 177   (0.068) 0.060 0.084 0.078 0.060 0.062 0.017 
 191   (0.297) 0.186 0.640 0.217 0.305 0.302 0.435 
 179   (0.055) 0.007 0.110 0.011 0.059 0.059 0.015 
 193   (0.018) 0.043 0.013 0.003 0.012 0.013 0.004 

Locus 47 : 47 
6 alleles
1.5% missing data
 205   (0.458) 0.559 0.317 0.395 0.474 0.472 0.438 
 215   (0.088) 0.063 0.185 0.060 0.081 0.082 0.056 
 211   (0.223) 0.110 0.367 0.246 0.223 0.224 0.396 
 207   (0.141) 0.211 0.075 0.223 0.137 0.138 0.052 
 201   (0.072) 0.053 0.045 0.073 0.066 0.067 0.052 
 202   (0.019) 0.003 0.010 0.004 0.018 0.018 0.006 

Locus 48 : 48 
9 alleles
1.5% missing data
 142   (0.341) 0.544 0.149 0.153 0.344 0.343 0.619 
 162   (0.044) 0.031 0.164 0.007 0.039 0.039 0.011 
 144   (0.069) 0.043 0.012 0.297 0.064 0.065 0.023 
 158   (0.166) 0.073 0.119 0.062 0.178 0.177 0.200 
 168   (0.151) 0.048 0.228 0.214 0.153 0.154 0.083 
 164   (0.060) 0.027 0.182 0.011 0.065 0.063 0.017 
 156   (0.030) 0.009 0.087 0.006 0.025 0.026 0.009 
 166   (0.123) 0.224 0.018 0.246 0.118 0.119 0.034 
 170   (0.016) 0.002 0.041 0.003 0.014 0.013 0.004 

Locus 49 : 49 
6 alleles
14.3% missing data
 145   (0.182) 0.120 0.047 0.227 0.193 0.191 0.066 
 153   (0.222) 0.343 0.046 0.389 0.220 0.218 0.226 
 143   (0.027) 0.003 0.055 0.009 0.024 0.024 0.007 
 151   (0.194) 0.151 0.094 0.224 0.189 0.189 0.372 
 149   (0.354) 0.381 0.755 0.144 0.354 0.357 0.322 
 147   (0.020) 0.003 0.002 0.007 0.020 0.020 0.007 

Values of parameters used in structure:
DATAFILE=admix_W2.str,	OUTFILE=k6/admix_W2_k6_run7,	NUMINDS=196,	NUMLOCI=49,	MISSING=-9,	LABEL=1,	POPDATA=1,	POPFLAG=0,	PHENOTYPE=0,	EXTRACOLS=0,	MAXPOPS=6,	BURNIN=500000,	NUMREPS=750000,	USEPOPINFO=0,	INFERALPHA=1,	INFERLAMBDA=0,	POPSPECIFICLAMBDA=0,	POPALPHAS=0,	COMPUTEPROB=1,	NOADMIX=0,	ADMBURNIN=500,	UPDATEFREQ=100,	PRINTLIKES=0,	INTERMEDSAVE=0,	PRINTKLD=0,	PRINTNET=1,	PRINTLAMBDA=1,	ANCESTDIST=0,	NUMBOXES=1000,	ANCESTPINT=0.90000,	GENSBACK=2,	MIGRPRIOR=0.01000,	PRINTQHAT=0,	PRINTQSUM=1,	ALPHA=1.0000,	FREQSCORR=1,	FPRIORMEAN=0.0100,	FPRIORSD=0.0500,	ONEFST=0,	LAMBDA=1.0000,	UNIFPRIORALPHA=1,	ALPHAMAX=10.0000,	ALPHAPRIORA=1.0000,	ALPHAPRIORB=2.0000,	ALPHAPROPSD=0.0250,	STARTATPOPINFO=0,	RANDOMIZE=0,	LINKAGE=0,	METROFREQ=10,	REPORTHITRATE=0,	MARKOVPHASE=0,	PHASED=1,	PLOIDY=2,	PHASEINFO=0	LOCPRIOR=0, 	LOCPRIORINIT=1.000000, 	LOCDATA=0, 	LOCISPOP=1, 	LOCPRIORSTEP=0.100000, 	MAXLOCPRIOR=20.000000, 	SEED=323494,	
[STRAT parameters]:    NUMSIMSTATS=1000,	PHENOTYPECOL=-9,	POOLFREQ=10,	LOCUSxONLY=0,	EMERROR=0.00100,	MISSINGPHENO=-9,	