

----------------------------------------------------
STRUCTURE by Pritchard, Stephens and Donnelly (2000)
     and Falush, Stephens and Pritchard (2003)
       Code by Pritchard, Falush and Hubisz
             Version 2.3.4 (Jul 2012)
----------------------------------------------------



Command line arguments:   structure -D 981120 -K 9 -m mainparams -o k9/temp3_k9_run4 
Input File:    temp3.str

Run parameters:
   396 individuals
   49 loci
   9 populations assumed
   500000 Burn-in period
   750000 Reps
RANDOMIZE turned off


--------------------------------------------
Proportion of membership of each pre-defined
 population in each of the 9 clusters

Given    Inferred Clusters                                                 Number of
 Pop       1      2      3      4      5      6      7      8      9      Individuals

  1:     0.011  0.003  0.925  0.011  0.005  0.012  0.010  0.016  0.007       20
  2:     0.718  0.002  0.243  0.009  0.004  0.006  0.005  0.006  0.006       31
  3:     0.037  0.003  0.921  0.006  0.004  0.008  0.004  0.008  0.009       20
  4:     0.174  0.104  0.494  0.065  0.014  0.053  0.008  0.067  0.020        8
  5:     0.004  0.003  0.005  0.005  0.003  0.005  0.967  0.005  0.004       29
  6:     0.002  0.029  0.003  0.002  0.949  0.004  0.003  0.004  0.003        8
  7:     0.015  0.011  0.012  0.030  0.006  0.438  0.022  0.350  0.117       21
  8:     0.013  0.021  0.024  0.016  0.013  0.360  0.025  0.444  0.085       34
  9:     0.023  0.006  0.024  0.093  0.005  0.067  0.009  0.073  0.702       32
 10:     0.024  0.003  0.018  0.130  0.004  0.028  0.015  0.031  0.748       25
 11:     0.014  0.013  0.013  0.135  0.007  0.280  0.010  0.273  0.255       30
 12:     0.004  0.964  0.003  0.005  0.007  0.005  0.004  0.005  0.003       35
 13:     0.246  0.003  0.664  0.018  0.003  0.022  0.006  0.023  0.015       19
 14:     0.287  0.002  0.647  0.015  0.005  0.011  0.004  0.011  0.018       17
 15:     0.012  0.007  0.018  0.012  0.002  0.664  0.005  0.268  0.010        4
 16:     0.067  0.003  0.881  0.007  0.003  0.010  0.007  0.011  0.010       63
--------------------------------------------

Allele-freq. divergence among pops (Net nucleotide distance),
computed using point estimates of P.

      1       2       3       4       5       6       7       8       9      
 1      -    0.1282  0.0229  0.0515  0.1301  0.0317  0.0850  0.0300  0.0456  
 2   0.1282     -    0.1346  0.0996  0.1099  0.0775  0.1155  0.0735  0.1122  
 3   0.0229  0.1346     -    0.0496  0.1349  0.0276  0.0746  0.0264  0.0383  
 4   0.0515  0.0996  0.0496     -    0.1282  0.0243  0.0781  0.0227  0.0305  
 5   0.1301  0.1099  0.1349  0.1282     -    0.0960  0.1307  0.0923  0.1196  
 6   0.0317  0.0775  0.0276  0.0243  0.0960     -    0.0527  0.0005  0.0158  
 7   0.0850  0.1155  0.0746  0.0781  0.1307  0.0527     -    0.0509  0.0701  
 8   0.0300  0.0735  0.0264  0.0227  0.0923  0.0005  0.0509     -    0.0149  
 9   0.0456  0.1122  0.0383  0.0305  0.1196  0.0158  0.0701  0.0149     -    

Average distances (expected heterozygosity) between individuals in same cluster:
cluster  1  : 0.5593 
cluster  2  : 0.6393 
cluster  3  : 0.5493 
cluster  4  : 0.5858 
cluster  5  : 0.5349 
cluster  6  : 0.6438 
cluster  7  : 0.5528 
cluster  8  : 0.6536 
cluster  9  : 0.5840 

--------------------------------------------
Estimated Ln Prob of Data   = -43808.4
Mean value of ln likelihood = -42843.5
Variance of ln likelihood   = 1929.7
Mean value of alpha         = 0.0317

Mean value of Fst_1         = 0.1515
Mean value of Fst_2         = 0.1731
Mean value of Fst_3         = 0.1247
Mean value of Fst_4         = 0.1290
Mean value of Fst_5         = 0.2999
Mean value of Fst_6         = 0.0186
Mean value of Fst_7         = 0.2058
Mean value of Fst_8         = 0.0077
Mean value of Fst_9         = 0.0714


Inferred ancestry of individuals:
        Label (%Miss) Pop:  Inferred clusters
  1       34    (0)    1 :  0.015 0.007 0.934 0.021 0.002 0.007 0.002 0.007 0.005 
  2       38    (0)    1 :  0.014 0.005 0.849 0.012 0.005 0.025 0.049 0.027 0.013 
  3       41    (0)    1 :  0.004 0.001 0.980 0.002 0.001 0.003 0.002 0.003 0.003 
  4       44    (0)    1 :  0.007 0.001 0.970 0.005 0.001 0.004 0.003 0.006 0.003 
  5       45    (0)    1 :  0.019 0.001 0.964 0.002 0.002 0.003 0.002 0.002 0.005 
  6       47    (0)    1 :  0.008 0.002 0.621 0.057 0.012 0.089 0.035 0.157 0.020 
  7       50    (0)    1 :  0.038 0.005 0.871 0.013 0.008 0.028 0.004 0.028 0.003 
  8      384    (0)    1 :  0.017 0.002 0.936 0.015 0.003 0.005 0.003 0.006 0.013 
  9      385    (2)    1 :  0.012 0.004 0.932 0.005 0.007 0.012 0.010 0.012 0.006 
 10      386    (0)    1 :  0.009 0.001 0.977 0.003 0.001 0.002 0.002 0.002 0.002 
 11      387    (0)    1 :  0.011 0.001 0.961 0.004 0.002 0.006 0.006 0.005 0.005 
 12      388    (0)    1 :  0.006 0.001 0.976 0.003 0.001 0.002 0.005 0.002 0.003 
 13      389    (0)    1 :  0.003 0.001 0.978 0.003 0.002 0.003 0.003 0.003 0.005 
 14      390    (4)    1 :  0.014 0.004 0.892 0.004 0.026 0.012 0.020 0.014 0.014 
 15      391    (0)    1 :  0.006 0.001 0.947 0.007 0.003 0.005 0.008 0.006 0.017 
 16      392    (0)    1 :  0.009 0.001 0.965 0.006 0.002 0.004 0.002 0.004 0.008 
 17      393    (2)    1 :  0.004 0.001 0.967 0.004 0.002 0.003 0.012 0.003 0.004 
 18      394    (0)    1 :  0.004 0.001 0.982 0.003 0.001 0.002 0.002 0.002 0.002 
 19      395    (0)    1 :  0.008 0.006 0.920 0.013 0.010 0.013 0.008 0.015 0.006 
 20      396    (0)    1 :  0.020 0.003 0.889 0.046 0.013 0.004 0.015 0.005 0.004 
 21      328    (0)   10 :  0.400 0.004 0.080 0.008 0.014 0.161 0.015 0.197 0.121 
 22      333    (0)   10 :  0.004 0.002 0.003 0.006 0.001 0.006 0.004 0.006 0.967 
 23      918    (0)   10 :  0.003 0.002 0.008 0.005 0.006 0.013 0.117 0.012 0.833 
 24      919    (0)   10 :  0.006 0.002 0.008 0.004 0.002 0.006 0.003 0.006 0.963 
 25      920    (0)   10 :  0.007 0.001 0.004 0.005 0.003 0.006 0.002 0.008 0.962 
 26      921    (0)   10 :  0.006 0.002 0.006 0.971 0.002 0.004 0.002 0.004 0.004 
 27      922    (0)   10 :  0.023 0.002 0.018 0.006 0.001 0.007 0.003 0.007 0.932 
 28      926    (0)   10 :  0.003 0.001 0.003 0.008 0.001 0.003 0.002 0.003 0.975 
 29      927    (0)   10 :  0.003 0.004 0.007 0.014 0.001 0.004 0.004 0.005 0.958 
 30      928    (0)   10 :  0.009 0.002 0.044 0.016 0.002 0.018 0.004 0.020 0.885 
 31      929    (0)   10 :  0.026 0.003 0.039 0.019 0.006 0.026 0.002 0.022 0.858 
 32      930    (0)   10 :  0.014 0.002 0.012 0.040 0.008 0.040 0.004 0.043 0.836 
 33      932    (0)   10 :  0.008 0.003 0.006 0.949 0.002 0.005 0.005 0.005 0.017 
 34      933    (0)   10 :  0.004 0.002 0.008 0.008 0.007 0.010 0.132 0.016 0.814 
 35      949    (0)   10 :  0.003 0.001 0.003 0.981 0.002 0.003 0.002 0.003 0.003 
 36      950    (0)   10 :  0.004 0.003 0.005 0.138 0.004 0.087 0.014 0.048 0.698 
 37      964    (4)   10 :  0.005 0.006 0.009 0.016 0.010 0.012 0.002 0.015 0.925 
 38      986    (0)   10 :  0.008 0.004 0.012 0.015 0.002 0.012 0.004 0.012 0.930 
 39      987    (0)   10 :  0.021 0.005 0.066 0.014 0.002 0.093 0.023 0.173 0.603 
 40     1001    (4)   10 :  0.004 0.002 0.010 0.004 0.003 0.004 0.002 0.005 0.966 
 41     1002    (4)   10 :  0.004 0.005 0.007 0.003 0.005 0.005 0.008 0.006 0.957 
 42     1003    (2)   10 :  0.015 0.003 0.049 0.013 0.009 0.147 0.003 0.144 0.618 
 43     1004    (0)   10 :  0.003 0.006 0.003 0.003 0.004 0.006 0.004 0.006 0.966 
 44     1005    (0)   10 :  0.004 0.001 0.023 0.008 0.003 0.010 0.009 0.010 0.934 
 45     1010    (0)   10 :  0.006 0.001 0.005 0.003 0.001 0.003 0.005 0.003 0.972 
 46      341    (0)   11 :  0.005 0.027 0.005 0.070 0.003 0.328 0.013 0.544 0.005 
 47      343    (0)   11 :  0.002 0.014 0.010 0.008 0.003 0.278 0.010 0.650 0.024 
 48      914    (0)   11 :  0.008 0.001 0.013 0.005 0.002 0.006 0.004 0.005 0.957 
 49      916    (0)   11 :  0.111 0.017 0.027 0.004 0.003 0.351 0.003 0.474 0.011 
 50      924    (0)   11 :  0.006 0.014 0.004 0.009 0.002 0.142 0.017 0.100 0.706 
 51      938    (0)   11 :  0.013 0.002 0.016 0.921 0.004 0.008 0.002 0.007 0.026 
 52      939    (0)   11 :  0.004 0.002 0.012 0.561 0.002 0.008 0.011 0.009 0.391 
 53      940    (0)   11 :  0.004 0.014 0.003 0.042 0.005 0.054 0.003 0.041 0.834 
 54      941    (2)   11 :  0.004 0.017 0.003 0.930 0.007 0.006 0.009 0.007 0.017 
 55      942    (0)   11 :  0.008 0.008 0.006 0.010 0.003 0.401 0.015 0.517 0.031 
 56      943    (0)   11 :  0.049 0.002 0.019 0.004 0.002 0.486 0.002 0.342 0.094 
 57      944    (0)   11 :  0.021 0.002 0.030 0.005 0.004 0.023 0.004 0.022 0.890 
 58      945    (0)   11 :  0.003 0.002 0.003 0.012 0.002 0.006 0.002 0.005 0.965 
 59      946    (0)   11 :  0.008 0.009 0.008 0.008 0.059 0.322 0.003 0.408 0.174 
 60      947    (0)   11 :  0.004 0.004 0.005 0.005 0.002 0.637 0.031 0.275 0.037 
 61      951    (0)   11 :  0.008 0.028 0.004 0.014 0.004 0.435 0.010 0.467 0.031 
 62      952    (0)   11 :  0.005 0.001 0.007 0.022 0.016 0.317 0.078 0.457 0.097 
 63      953    (0)   11 :  0.018 0.009 0.014 0.891 0.004 0.013 0.010 0.018 0.024 
 64      954    (0)   11 :  0.004 0.012 0.015 0.033 0.010 0.349 0.008 0.210 0.359 
 65      955    (0)   11 :  0.004 0.019 0.004 0.012 0.011 0.581 0.014 0.279 0.076 
 66      961    (6)   11 :  0.011 0.004 0.018 0.012 0.002 0.648 0.003 0.288 0.013 
 67      974    (0)   11 :  0.003 0.002 0.006 0.061 0.011 0.510 0.024 0.291 0.090 
 68      975    (4)   11 :  0.025 0.008 0.022 0.012 0.002 0.331 0.003 0.518 0.080 
 69      980    (0)   11 :  0.010 0.007 0.007 0.032 0.002 0.303 0.015 0.267 0.356 
 70      981    (0)   11 :  0.011 0.026 0.015 0.275 0.003 0.226 0.003 0.427 0.012 
 71      982    (0)   11 :  0.020 0.003 0.035 0.004 0.002 0.063 0.002 0.061 0.811 
 72      984    (0)   11 :  0.011 0.007 0.031 0.046 0.008 0.251 0.003 0.623 0.020 
 73      985    (0)   11 :  0.004 0.005 0.008 0.014 0.004 0.547 0.008 0.398 0.013 
 74     2578    (6)   11 :  0.008 0.127 0.009 0.011 0.006 0.131 0.002 0.195 0.510 
 75     2580    (2)   11 :  0.020 0.004 0.024 0.008 0.007 0.654 0.003 0.273 0.008 
 76     2470    (4)   12 :  0.002 0.977 0.001 0.004 0.002 0.003 0.002 0.004 0.005 
 77     2471    (0)   12 :  0.002 0.965 0.003 0.013 0.006 0.003 0.003 0.004 0.002 
 78     2472    (0)   12 :  0.002 0.970 0.002 0.003 0.010 0.003 0.003 0.003 0.004 
 79     2484    (0)   12 :  0.002 0.947 0.002 0.004 0.007 0.005 0.025 0.006 0.003 
 80     2486    (2)   12 :  0.002 0.980 0.002 0.003 0.004 0.002 0.003 0.002 0.002 
 81     2487    (2)   12 :  0.003 0.966 0.003 0.007 0.004 0.004 0.006 0.004 0.004 
 82     2489    (0)   12 :  0.008 0.960 0.003 0.006 0.002 0.008 0.002 0.007 0.004 
 83     2596    (2)   12 :  0.002 0.941 0.002 0.003 0.003 0.010 0.016 0.014 0.010 
 84     1366    (0)   12 :  0.002 0.981 0.002 0.002 0.003 0.003 0.001 0.003 0.002 
 85     1367    (0)   12 :  0.002 0.973 0.006 0.003 0.002 0.004 0.005 0.004 0.002 
 86     1368    (0)   12 :  0.004 0.906 0.007 0.006 0.007 0.026 0.014 0.025 0.005 
 87     1369    (0)   12 :  0.010 0.928 0.004 0.004 0.031 0.007 0.005 0.006 0.006 
 88     1370    (0)   12 :  0.002 0.974 0.002 0.002 0.006 0.004 0.002 0.004 0.003 
 89     1371    (0)   12 :  0.002 0.981 0.002 0.002 0.002 0.003 0.003 0.003 0.002 
 90     1372    (0)   12 :  0.003 0.964 0.004 0.006 0.004 0.005 0.005 0.006 0.002 
 91     1373    (0)   12 :  0.003 0.961 0.004 0.003 0.012 0.005 0.002 0.005 0.003 
 92     1374    (0)   12 :  0.002 0.981 0.002 0.002 0.003 0.003 0.004 0.003 0.002 
 93     1375    (0)   12 :  0.001 0.982 0.001 0.001 0.005 0.002 0.003 0.002 0.002 
 94     2476    (0)   12 :  0.008 0.895 0.005 0.002 0.072 0.006 0.003 0.006 0.002 
 95     2478    (2)   12 :  0.002 0.978 0.002 0.003 0.003 0.004 0.002 0.004 0.003 
 96     2479    (4)   12 :  0.002 0.981 0.002 0.003 0.003 0.003 0.002 0.003 0.002 
 97     2481    (0)   12 :  0.005 0.962 0.004 0.011 0.003 0.004 0.002 0.005 0.005 
 98     2483    (6)   12 :  0.002 0.979 0.002 0.003 0.004 0.003 0.003 0.003 0.002 
 99     2485    (0)   12 :  0.002 0.983 0.001 0.002 0.002 0.003 0.002 0.003 0.003 
100     2488    (0)   12 :  0.001 0.982 0.001 0.002 0.004 0.002 0.002 0.002 0.004 
101     2490    (0)   12 :  0.002 0.981 0.002 0.003 0.002 0.002 0.003 0.003 0.002 
102     2492    (2)   12 :  0.003 0.980 0.002 0.002 0.004 0.002 0.003 0.002 0.002 
103     2493    (0)   12 :  0.006 0.936 0.007 0.022 0.001 0.005 0.006 0.006 0.010 
104     2494    (2)   12 :  0.006 0.963 0.005 0.004 0.003 0.006 0.001 0.006 0.005 
105     2495    (0)   12 :  0.028 0.887 0.009 0.029 0.004 0.013 0.007 0.014 0.010 
106     2496    (0)   12 :  0.001 0.984 0.002 0.002 0.001 0.003 0.003 0.002 0.002 
107     2497    (2)   12 :  0.003 0.975 0.002 0.002 0.008 0.003 0.002 0.003 0.002 
108     2592    (2)   12 :  0.004 0.978 0.005 0.003 0.002 0.002 0.002 0.003 0.001 
109     2593    (4)   12 :  0.002 0.980 0.002 0.005 0.002 0.002 0.002 0.002 0.003 
110     2595    (2)   12 :  0.002 0.979 0.002 0.004 0.003 0.003 0.003 0.003 0.002 
111     2498    (4)   13 :  0.016 0.005 0.922 0.025 0.004 0.007 0.007 0.008 0.005 
112     2513    (2)   13 :  0.057 0.002 0.908 0.005 0.002 0.006 0.010 0.005 0.006 
113     2514    (2)   13 :  0.070 0.008 0.803 0.030 0.002 0.034 0.004 0.034 0.015 
114     2597    (6)   13 :  0.021 0.002 0.893 0.023 0.010 0.014 0.004 0.017 0.018 
115     2499    (4)   13 :  0.149 0.002 0.716 0.009 0.004 0.057 0.014 0.040 0.009 
116     2500    (0)   13 :  0.017 0.009 0.941 0.006 0.004 0.009 0.006 0.006 0.002 
117     2506    (2)   13 :  0.266 0.003 0.701 0.005 0.004 0.005 0.004 0.007 0.005 
118     2509    (6)   13 :  0.062 0.004 0.734 0.075 0.008 0.037 0.022 0.047 0.011 
119     2511    (2)   13 :  0.652 0.002 0.318 0.004 0.001 0.006 0.005 0.007 0.005 
120     2512    (2)   13 :  0.204 0.002 0.768 0.003 0.006 0.005 0.002 0.005 0.005 
121     2515    (2)   13 :  0.713 0.001 0.264 0.003 0.001 0.004 0.002 0.006 0.006 
122     2516    (2)   13 :  0.261 0.001 0.678 0.014 0.001 0.017 0.002 0.015 0.010 
123     2517    (4)   13 :  0.528 0.003 0.424 0.005 0.002 0.006 0.003 0.006 0.023 
124     2518    (2)   13 :  0.382 0.002 0.478 0.010 0.004 0.023 0.007 0.019 0.075 
125     2519    (0)   13 :  0.120 0.003 0.583 0.011 0.002 0.088 0.018 0.119 0.055 
126     2520    (2)   13 :  0.485 0.002 0.499 0.002 0.002 0.003 0.002 0.003 0.002 
127     2521    (2)   13 :  0.601 0.002 0.188 0.079 0.002 0.057 0.004 0.055 0.013 
128     2603    (4)   13 :  0.041 0.003 0.869 0.023 0.003 0.023 0.003 0.031 0.004 
129     2606    (2)   13 :  0.020 0.002 0.940 0.006 0.004 0.009 0.002 0.009 0.008 
130      718    (0)   14 :  0.327 0.002 0.625 0.008 0.010 0.008 0.006 0.007 0.007 
131      719    (0)   14 :  0.049 0.003 0.843 0.010 0.005 0.029 0.009 0.028 0.024 
132      720    (0)   14 :  0.334 0.001 0.640 0.004 0.001 0.006 0.001 0.006 0.006 
133      721    (0)   14 :  0.232 0.006 0.676 0.004 0.013 0.020 0.016 0.018 0.015 
134      722    (0)   14 :  0.482 0.001 0.489 0.006 0.003 0.005 0.002 0.004 0.007 
135      723    (0)   14 :  0.112 0.001 0.845 0.014 0.001 0.005 0.003 0.005 0.013 
136      724    (0)   14 :  0.025 0.001 0.947 0.003 0.004 0.005 0.002 0.005 0.007 
137      725    (0)   14 :  0.267 0.002 0.708 0.003 0.003 0.004 0.005 0.004 0.004 
138      726    (0)   14 :  0.261 0.006 0.563 0.133 0.003 0.013 0.002 0.014 0.006 
139      727    (0)   14 :  0.006 0.001 0.978 0.002 0.002 0.002 0.003 0.002 0.003 
140      728    (2)   14 :  0.412 0.001 0.546 0.005 0.004 0.011 0.003 0.009 0.009 
141      729    (0)   14 :  0.356 0.002 0.444 0.015 0.007 0.009 0.004 0.010 0.154 
142      730    (0)   14 :  0.326 0.004 0.517 0.020 0.016 0.049 0.003 0.046 0.018 
143      731    (0)   14 :  0.514 0.002 0.444 0.004 0.003 0.008 0.006 0.009 0.011 
144      732    (0)   14 :  0.093 0.002 0.869 0.008 0.002 0.010 0.003 0.010 0.004 
145      733    (0)   14 :  0.462 0.001 0.495 0.011 0.009 0.003 0.003 0.004 0.012 
146      734    (0)   14 :  0.623 0.001 0.361 0.002 0.002 0.002 0.002 0.002 0.004 
147     1079    (0)   15 :  0.005 0.004 0.011 0.005 0.002 0.717 0.003 0.244 0.009 
148     1081    (0)   15 :  0.008 0.002 0.024 0.006 0.002 0.661 0.006 0.283 0.009 
149     1082    (2)   15 :  0.015 0.021 0.006 0.028 0.003 0.622 0.007 0.294 0.005 
150     1083    (0)   15 :  0.020 0.003 0.034 0.009 0.003 0.657 0.005 0.252 0.017 
151     2055    (0)   16 :  0.417 0.002 0.530 0.004 0.003 0.007 0.002 0.007 0.027 
152     2056    (0)   16 :  0.499 0.004 0.445 0.009 0.004 0.009 0.014 0.009 0.007 
153     2057    (0)   16 :  0.041 0.004 0.900 0.021 0.003 0.011 0.003 0.011 0.006 
154     2058    (0)   16 :  0.008 0.001 0.975 0.003 0.001 0.003 0.005 0.003 0.002 
155     2059    (0)   16 :  0.011 0.002 0.964 0.006 0.002 0.004 0.003 0.004 0.003 
156     2060    (0)   16 :  0.014 0.001 0.962 0.004 0.005 0.005 0.002 0.004 0.003 
157     2061    (0)   16 :  0.003 0.007 0.933 0.005 0.019 0.011 0.005 0.011 0.006 
158     2062    (0)   16 :  0.015 0.003 0.940 0.006 0.002 0.007 0.004 0.009 0.013 
159     2063    (0)   16 :  0.012 0.001 0.968 0.003 0.002 0.004 0.002 0.003 0.004 
160     2064    (0)   16 :  0.008 0.001 0.973 0.003 0.003 0.004 0.002 0.004 0.003 
161     2065    (0)   16 :  0.019 0.001 0.970 0.001 0.001 0.002 0.002 0.002 0.002 
162     2066    (0)   16 :  0.027 0.002 0.953 0.004 0.001 0.003 0.002 0.003 0.004 
163     2067    (0)   16 :  0.037 0.005 0.917 0.006 0.003 0.008 0.008 0.009 0.007 
164     2068    (0)   16 :  0.041 0.002 0.798 0.011 0.006 0.051 0.030 0.049 0.012 
165     2069    (0)   16 :  0.008 0.001 0.977 0.002 0.001 0.003 0.002 0.003 0.003 
166     2070    (0)   16 :  0.301 0.001 0.296 0.009 0.001 0.099 0.002 0.178 0.111 
167     2071    (0)   16 :  0.012 0.002 0.946 0.006 0.007 0.008 0.007 0.007 0.004 
168     2072    (0)   16 :  0.027 0.003 0.937 0.002 0.010 0.008 0.003 0.008 0.002 
169     2073    (0)   16 :  0.007 0.026 0.890 0.011 0.008 0.020 0.008 0.020 0.011 
170     2074    (0)   16 :  0.024 0.003 0.957 0.002 0.003 0.003 0.002 0.004 0.002 
171     2075    (0)   16 :  0.131 0.002 0.821 0.003 0.002 0.007 0.023 0.007 0.004 
172     2076    (0)   16 :  0.005 0.001 0.983 0.003 0.001 0.002 0.001 0.002 0.002 
173     2077    (0)   16 :  0.022 0.006 0.912 0.014 0.005 0.010 0.008 0.010 0.013 
174     2078    (0)   16 :  0.025 0.001 0.947 0.003 0.004 0.004 0.003 0.005 0.009 
175     2079    (0)   16 :  0.006 0.002 0.910 0.014 0.001 0.009 0.035 0.009 0.013 
176     2080    (0)   16 :  0.003 0.020 0.910 0.004 0.002 0.021 0.017 0.020 0.003 
177     2081    (0)   16 :  0.007 0.001 0.972 0.003 0.002 0.004 0.003 0.004 0.003 
178     2082    (0)   16 :  0.177 0.003 0.773 0.005 0.002 0.013 0.006 0.015 0.006 
179     2083    (0)   16 :  0.056 0.004 0.901 0.006 0.003 0.010 0.002 0.012 0.006 
180     2084    (0)   16 :  0.012 0.002 0.947 0.006 0.002 0.007 0.008 0.007 0.008 
181     2085    (0)   16 :  0.310 0.004 0.646 0.005 0.001 0.007 0.003 0.009 0.015 
182     2086    (0)   16 :  0.007 0.002 0.951 0.007 0.003 0.011 0.003 0.010 0.006 
183     2087    (0)   16 :  0.006 0.002 0.933 0.003 0.004 0.005 0.037 0.005 0.005 
184     2088    (0)   16 :  0.016 0.002 0.859 0.036 0.003 0.017 0.015 0.017 0.035 
185     2089    (0)   16 :  0.009 0.001 0.978 0.002 0.001 0.002 0.002 0.002 0.002 
186     2090    (0)   16 :  0.011 0.004 0.924 0.006 0.005 0.006 0.033 0.007 0.004 
187     2091    (0)   16 :  0.012 0.001 0.965 0.006 0.001 0.003 0.003 0.004 0.005 
188     2092    (0)   16 :  0.060 0.001 0.897 0.003 0.002 0.005 0.023 0.005 0.004 
189     2093    (0)   16 :  0.008 0.001 0.978 0.002 0.001 0.003 0.002 0.003 0.003 
190     2094    (0)   16 :  0.290 0.001 0.694 0.003 0.002 0.003 0.001 0.003 0.003 
191     2095    (0)   16 :  0.004 0.001 0.939 0.005 0.005 0.005 0.032 0.005 0.005 
192     2096    (0)   16 :  0.147 0.001 0.837 0.004 0.001 0.002 0.002 0.002 0.003 
193     2097    (0)   16 :  0.008 0.001 0.972 0.005 0.002 0.003 0.001 0.003 0.003 
194     2098    (0)   16 :  0.013 0.007 0.878 0.021 0.003 0.022 0.014 0.024 0.018 
195     2099    (0)   16 :  0.398 0.001 0.478 0.029 0.006 0.031 0.004 0.032 0.020 
196     2100    (0)   16 :  0.011 0.003 0.920 0.028 0.002 0.014 0.003 0.013 0.007 
197     2101    (0)   16 :  0.010 0.002 0.958 0.007 0.002 0.004 0.006 0.004 0.006 
198     2102    (2)   16 :  0.047 0.001 0.935 0.002 0.002 0.004 0.002 0.004 0.004 
199     2103    (0)   16 :  0.208 0.001 0.755 0.009 0.002 0.006 0.004 0.005 0.009 
200     2104    (0)   16 :  0.004 0.001 0.927 0.006 0.001 0.007 0.002 0.006 0.046 
201     2105    (0)   16 :  0.020 0.001 0.926 0.004 0.006 0.007 0.003 0.005 0.026 
202     2106    (0)   16 :  0.046 0.002 0.906 0.007 0.002 0.016 0.002 0.013 0.006 
203     2107    (0)   16 :  0.025 0.002 0.931 0.005 0.002 0.007 0.004 0.007 0.017 
204     2108    (0)   16 :  0.006 0.002 0.954 0.003 0.004 0.009 0.004 0.010 0.007 
205     2109    (0)   16 :  0.329 0.002 0.626 0.007 0.005 0.009 0.003 0.009 0.011 
206     2110    (0)   16 :  0.006 0.001 0.940 0.004 0.004 0.007 0.004 0.007 0.027 
207     2111    (0)   16 :  0.004 0.001 0.969 0.005 0.001 0.004 0.004 0.003 0.009 
208     2112    (0)   16 :  0.109 0.001 0.866 0.006 0.003 0.003 0.003 0.004 0.003 
209     2583    (2)   16 :  0.032 0.005 0.934 0.004 0.005 0.004 0.009 0.004 0.004 
210     2584    (4)   16 :  0.012 0.004 0.939 0.011 0.003 0.010 0.003 0.015 0.003 
211     2587    (2)   16 :  0.009 0.001 0.962 0.007 0.001 0.004 0.002 0.004 0.009 
212     2590    (2)   16 :  0.022 0.003 0.944 0.003 0.012 0.005 0.002 0.005 0.004 
213     2591    (6)   16 :  0.061 0.002 0.886 0.011 0.001 0.008 0.011 0.008 0.011 
214       87    (0)    2 :  0.935 0.004 0.012 0.008 0.004 0.007 0.012 0.008 0.009 
215       88    (0)    2 :  0.976 0.001 0.011 0.002 0.001 0.002 0.002 0.002 0.002 
216       90    (0)    2 :  0.483 0.001 0.504 0.002 0.001 0.002 0.001 0.002 0.003 
217       92    (0)    2 :  0.873 0.002 0.082 0.011 0.002 0.008 0.002 0.008 0.011 
218       96    (0)    2 :  0.121 0.002 0.753 0.078 0.002 0.008 0.022 0.008 0.006 
219       97    (0)    2 :  0.912 0.001 0.056 0.011 0.001 0.005 0.003 0.005 0.005 
220      105    (0)    2 :  0.967 0.001 0.011 0.003 0.002 0.004 0.005 0.004 0.003 
221      120    (0)    2 :  0.978 0.002 0.003 0.004 0.004 0.002 0.002 0.003 0.002 
222      123    (0)    2 :  0.335 0.001 0.645 0.003 0.001 0.003 0.003 0.003 0.005 
223      128    (0)    2 :  0.012 0.002 0.964 0.005 0.002 0.005 0.003 0.005 0.002 
224      129    (0)    2 :  0.117 0.002 0.840 0.005 0.002 0.006 0.004 0.007 0.017 
225      132    (0)    2 :  0.958 0.001 0.014 0.009 0.002 0.005 0.002 0.006 0.002 
226      504    (0)    2 :  0.711 0.001 0.260 0.004 0.001 0.005 0.003 0.005 0.010 
227      505    (0)    2 :  0.896 0.002 0.079 0.003 0.001 0.004 0.003 0.005 0.006 
228      506    (0)    2 :  0.448 0.019 0.488 0.015 0.002 0.011 0.003 0.011 0.005 
229      507    (0)    2 :  0.932 0.002 0.031 0.004 0.003 0.005 0.003 0.005 0.015 
230      508    (0)    2 :  0.903 0.003 0.011 0.016 0.029 0.015 0.003 0.012 0.008 
231      509    (0)    2 :  0.849 0.003 0.102 0.003 0.003 0.017 0.003 0.014 0.006 
232      510    (0)    2 :  0.970 0.001 0.004 0.004 0.002 0.005 0.002 0.005 0.006 
233      511    (0)    2 :  0.831 0.003 0.126 0.003 0.002 0.008 0.015 0.007 0.005 
234      512    (0)    2 :  0.798 0.002 0.177 0.004 0.002 0.004 0.004 0.004 0.005 
235      513    (0)    2 :  0.920 0.001 0.062 0.003 0.002 0.004 0.002 0.004 0.003 
236      514    (0)    2 :  0.280 0.003 0.644 0.026 0.002 0.011 0.017 0.011 0.005 
237      515    (0)    2 :  0.849 0.004 0.074 0.020 0.009 0.015 0.004 0.014 0.011 
238      558    (0)    2 :  0.881 0.001 0.083 0.005 0.004 0.004 0.003 0.005 0.013 
239      559    (0)    2 :  0.435 0.002 0.547 0.004 0.002 0.003 0.001 0.003 0.002 
240      560    (0)    2 :  0.395 0.001 0.571 0.005 0.010 0.004 0.007 0.004 0.003 
241      561    (0)    2 :  0.804 0.002 0.172 0.002 0.003 0.004 0.004 0.005 0.003 
242      562    (0)    2 :  0.925 0.003 0.030 0.017 0.003 0.008 0.002 0.008 0.005 
243      563    (0)    2 :  0.975 0.003 0.003 0.004 0.004 0.003 0.002 0.004 0.002 
244      564    (0)    2 :  0.797 0.002 0.163 0.008 0.009 0.005 0.003 0.005 0.007 
245      136    (0)    3 :  0.008 0.005 0.962 0.003 0.001 0.006 0.004 0.006 0.004 
246      138    (0)    3 :  0.024 0.002 0.947 0.004 0.003 0.006 0.003 0.005 0.006 
247      140    (0)    3 :  0.016 0.001 0.945 0.008 0.002 0.006 0.007 0.006 0.009 
248      141    (0)    3 :  0.010 0.003 0.906 0.004 0.006 0.029 0.004 0.030 0.009 
249      144    (0)    3 :  0.008 0.002 0.956 0.006 0.002 0.004 0.014 0.004 0.003 
250      146    (0)    3 :  0.117 0.002 0.855 0.009 0.003 0.004 0.005 0.004 0.002 
251      148    (0)    3 :  0.117 0.007 0.810 0.011 0.006 0.019 0.001 0.022 0.007 
252      150    (0)    3 :  0.005 0.001 0.968 0.003 0.007 0.004 0.001 0.004 0.006 
253      152    (0)    3 :  0.012 0.001 0.971 0.002 0.001 0.004 0.002 0.003 0.004 
254      666    (0)    3 :  0.006 0.002 0.971 0.003 0.002 0.005 0.002 0.004 0.007 
255      667    (0)    3 :  0.011 0.002 0.950 0.007 0.001 0.010 0.002 0.013 0.006 
256      668    (0)    3 :  0.041 0.003 0.908 0.004 0.008 0.006 0.003 0.008 0.018 
257      669    (0)    3 :  0.143 0.003 0.830 0.003 0.003 0.004 0.002 0.004 0.008 
258      670    (0)    3 :  0.042 0.002 0.817 0.022 0.016 0.016 0.002 0.015 0.067 
259      684    (0)    3 :  0.013 0.001 0.967 0.003 0.003 0.003 0.002 0.003 0.005 
260      685    (0)    3 :  0.005 0.007 0.960 0.004 0.007 0.006 0.003 0.006 0.002 
261      686    (0)    3 :  0.142 0.002 0.828 0.003 0.003 0.005 0.003 0.006 0.008 
262      687    (0)    3 :  0.004 0.001 0.975 0.003 0.001 0.003 0.004 0.003 0.004 
263      688    (2)    3 :  0.007 0.001 0.973 0.003 0.002 0.003 0.003 0.003 0.004 
264      689    (0)    3 :  0.015 0.022 0.922 0.009 0.003 0.007 0.005 0.008 0.009 
265      165    (0)    4 :  0.033 0.004 0.906 0.012 0.003 0.014 0.003 0.011 0.014 
266      167    (0)    4 :  0.037 0.002 0.580 0.252 0.050 0.033 0.003 0.026 0.018 
267      170    (0)    4 :  0.014 0.003 0.929 0.011 0.004 0.006 0.009 0.007 0.016 
268      714    (0)    4 :  0.749 0.003 0.219 0.007 0.003 0.005 0.002 0.007 0.005 
269      715    (2)    4 :  0.313 0.027 0.323 0.047 0.021 0.110 0.004 0.130 0.026 
270      716    (0)    4 :  0.018 0.040 0.860 0.017 0.014 0.013 0.002 0.016 0.018 
271      717    (2)    4 :  0.219 0.005 0.130 0.117 0.012 0.203 0.007 0.293 0.015 
272     2346    (2)    4 :  0.006 0.753 0.006 0.059 0.004 0.044 0.036 0.048 0.044 
273      189    (0)    5 :  0.010 0.002 0.010 0.038 0.006 0.006 0.914 0.006 0.008 
274      190    (0)    5 :  0.002 0.002 0.003 0.003 0.002 0.002 0.980 0.003 0.002 
275      193    (0)    5 :  0.004 0.003 0.003 0.003 0.001 0.007 0.967 0.008 0.003 
276      761    (0)    5 :  0.002 0.001 0.002 0.004 0.001 0.002 0.982 0.002 0.003 
277      762    (0)    5 :  0.003 0.002 0.004 0.003 0.002 0.003 0.974 0.003 0.006 
278      763    (0)    5 :  0.005 0.002 0.004 0.003 0.003 0.003 0.972 0.004 0.005 
279      764    (0)    5 :  0.002 0.001 0.004 0.003 0.002 0.003 0.979 0.003 0.004 
280      765    (0)    5 :  0.004 0.002 0.004 0.004 0.001 0.005 0.971 0.005 0.004 
281      778    (0)    5 :  0.014 0.008 0.017 0.012 0.015 0.018 0.890 0.019 0.008 
282      779    (0)    5 :  0.002 0.002 0.006 0.005 0.002 0.003 0.971 0.003 0.004 
283      780    (0)    5 :  0.002 0.002 0.002 0.002 0.002 0.003 0.981 0.003 0.004 
284      781    (0)    5 :  0.006 0.002 0.003 0.003 0.014 0.003 0.965 0.003 0.002 
285      782    (0)    5 :  0.007 0.003 0.008 0.003 0.002 0.005 0.966 0.004 0.002 
286      783    (0)    5 :  0.001 0.001 0.002 0.001 0.001 0.001 0.990 0.001 0.001 
287      784    (0)    5 :  0.004 0.001 0.003 0.007 0.001 0.004 0.973 0.004 0.003 
288      785    (0)    5 :  0.003 0.002 0.003 0.003 0.004 0.004 0.974 0.004 0.005 
289      786    (0)    5 :  0.002 0.002 0.003 0.006 0.001 0.004 0.974 0.003 0.005 
290      787    (0)    5 :  0.002 0.001 0.004 0.002 0.002 0.003 0.981 0.003 0.003 
291      788    (0)    5 :  0.010 0.003 0.008 0.002 0.005 0.012 0.941 0.010 0.008 
292      789    (0)    5 :  0.002 0.022 0.004 0.007 0.002 0.008 0.945 0.009 0.003 
293      790    (0)    5 :  0.002 0.001 0.004 0.010 0.005 0.004 0.965 0.004 0.004 
294      791    (0)    5 :  0.003 0.002 0.009 0.003 0.002 0.007 0.962 0.006 0.006 
295      792    (0)    5 :  0.002 0.002 0.002 0.002 0.003 0.002 0.984 0.002 0.002 
296      793    (0)    5 :  0.003 0.002 0.007 0.004 0.002 0.005 0.967 0.005 0.005 
297      794    (0)    5 :  0.003 0.002 0.002 0.004 0.002 0.005 0.973 0.004 0.004 
298      795    (0)    5 :  0.004 0.004 0.002 0.003 0.002 0.004 0.973 0.004 0.003 
299      796    (0)    5 :  0.001 0.004 0.002 0.002 0.003 0.002 0.983 0.002 0.002 
300      797    (0)    5 :  0.002 0.001 0.002 0.002 0.002 0.002 0.983 0.002 0.003 
301      798    (0)    5 :  0.004 0.001 0.005 0.003 0.002 0.003 0.974 0.003 0.005 
302      282    (0)    6 :  0.004 0.036 0.003 0.003 0.932 0.008 0.002 0.009 0.003 
303      284    (0)    6 :  0.003 0.002 0.003 0.003 0.964 0.004 0.013 0.004 0.004 
304      287    (0)    6 :  0.002 0.002 0.002 0.003 0.973 0.005 0.003 0.005 0.004 
305      295    (0)    6 :  0.001 0.002 0.001 0.001 0.990 0.001 0.001 0.001 0.001 
306      302    (0)    6 :  0.001 0.003 0.001 0.001 0.989 0.001 0.001 0.001 0.001 
307      306    (4)    6 :  0.003 0.151 0.008 0.002 0.804 0.009 0.004 0.011 0.007 
308      308    (0)    6 :  0.003 0.001 0.002 0.001 0.986 0.002 0.001 0.002 0.001 
309      867    (0)    6 :  0.002 0.034 0.001 0.001 0.956 0.002 0.001 0.002 0.002 
310      315    (0)    7 :  0.006 0.002 0.016 0.011 0.009 0.307 0.047 0.434 0.168 
311      565    (0)    7 :  0.012 0.004 0.009 0.006 0.002 0.277 0.022 0.662 0.005 
312      566    (2)    7 :  0.015 0.006 0.009 0.044 0.004 0.069 0.016 0.077 0.761 
313      567    (2)    7 :  0.011 0.003 0.030 0.017 0.002 0.610 0.004 0.317 0.006 
314      877    (0)    7 :  0.023 0.003 0.009 0.013 0.002 0.587 0.004 0.350 0.009 
315      878    (0)    7 :  0.006 0.016 0.004 0.053 0.008 0.604 0.006 0.294 0.008 
316      879    (0)    7 :  0.013 0.027 0.007 0.101 0.005 0.255 0.006 0.575 0.011 
317      880    (0)    7 :  0.008 0.008 0.006 0.011 0.002 0.672 0.004 0.281 0.007 
318      881    (0)    7 :  0.006 0.016 0.006 0.007 0.006 0.447 0.009 0.486 0.015 
319      882    (0)    7 :  0.006 0.037 0.005 0.030 0.023 0.603 0.008 0.282 0.005 
320      883    (0)    7 :  0.008 0.023 0.009 0.020 0.006 0.498 0.004 0.411 0.021 
321      884    (0)    7 :  0.018 0.002 0.019 0.012 0.002 0.414 0.002 0.189 0.341 
322      885    (0)    7 :  0.019 0.005 0.005 0.014 0.008 0.582 0.004 0.283 0.078 
323      886    (0)    7 :  0.005 0.006 0.009 0.004 0.008 0.431 0.189 0.325 0.022 
324      887    (0)    7 :  0.018 0.045 0.016 0.064 0.011 0.022 0.005 0.028 0.792 
325      888    (0)    7 :  0.106 0.002 0.024 0.003 0.004 0.544 0.005 0.306 0.006 
326      889    (0)    7 :  0.006 0.012 0.006 0.098 0.007 0.235 0.004 0.521 0.110 
327      890    (0)    7 :  0.005 0.006 0.006 0.013 0.004 0.503 0.017 0.433 0.014 
328      891    (0)    7 :  0.007 0.004 0.010 0.006 0.002 0.689 0.004 0.272 0.006 
329      892    (0)    7 :  0.009 0.002 0.009 0.093 0.008 0.533 0.004 0.331 0.011 
330      893    (0)    7 :  0.006 0.004 0.045 0.005 0.003 0.312 0.090 0.484 0.052 
331      319    (2)    8 :  0.007 0.004 0.007 0.046 0.002 0.306 0.005 0.615 0.007 
332      335    (0)    8 :  0.004 0.004 0.009 0.014 0.007 0.268 0.012 0.672 0.010 
333      895    (0)    8 :  0.003 0.138 0.006 0.025 0.005 0.340 0.005 0.466 0.011 
334      896    (0)    8 :  0.042 0.004 0.008 0.019 0.006 0.317 0.003 0.589 0.011 
335      897    (0)    8 :  0.010 0.004 0.004 0.004 0.002 0.482 0.006 0.479 0.008 
336      898    (0)    8 :  0.005 0.004 0.006 0.006 0.002 0.579 0.004 0.231 0.162 
337      899    (0)    8 :  0.016 0.008 0.164 0.009 0.004 0.337 0.004 0.372 0.086 
338      900    (0)    8 :  0.017 0.005 0.008 0.023 0.012 0.298 0.033 0.566 0.039 
339      901    (0)    8 :  0.014 0.031 0.153 0.045 0.003 0.221 0.022 0.494 0.018 
340      902    (0)    8 :  0.008 0.089 0.027 0.025 0.008 0.309 0.003 0.492 0.037 
341      903    (0)    8 :  0.010 0.004 0.003 0.005 0.024 0.330 0.003 0.615 0.006 
342      904    (0)    8 :  0.010 0.002 0.008 0.010 0.007 0.682 0.002 0.273 0.006 
343      905    (0)    8 :  0.029 0.088 0.087 0.034 0.009 0.222 0.003 0.521 0.006 
344      906    (0)    8 :  0.006 0.097 0.004 0.006 0.005 0.473 0.004 0.393 0.012 
345      907    (0)    8 :  0.028 0.049 0.005 0.010 0.011 0.397 0.007 0.440 0.053 
346      908    (0)    8 :  0.010 0.002 0.018 0.004 0.003 0.552 0.006 0.389 0.017 
347      909    (0)    8 :  0.006 0.005 0.015 0.003 0.004 0.026 0.279 0.016 0.646 
348      910    (0)    8 :  0.006 0.046 0.006 0.005 0.002 0.403 0.070 0.451 0.010 
349      911    (0)    8 :  0.006 0.010 0.021 0.009 0.009 0.387 0.029 0.506 0.024 
350      912    (0)    8 :  0.007 0.008 0.006 0.009 0.007 0.427 0.003 0.491 0.043 
351      913    (0)    8 :  0.019 0.005 0.041 0.006 0.128 0.170 0.040 0.194 0.398 
352     2411    (0)    8 :  0.008 0.005 0.008 0.005 0.004 0.576 0.004 0.384 0.007 
353     2412    (0)    8 :  0.015 0.003 0.008 0.029 0.022 0.032 0.007 0.044 0.839 
354     2413    (0)    8 :  0.012 0.028 0.013 0.007 0.007 0.384 0.017 0.526 0.006 
355     2414    (0)    8 :  0.004 0.004 0.007 0.006 0.004 0.280 0.002 0.667 0.027 
356     2415    (2)    8 :  0.027 0.003 0.021 0.035 0.003 0.421 0.027 0.426 0.039 
357     2417    (4)    8 :  0.022 0.012 0.087 0.005 0.005 0.321 0.007 0.450 0.091 
358     2418    (4)    8 :  0.007 0.011 0.005 0.008 0.003 0.636 0.006 0.319 0.006 
359     2419    (2)    8 :  0.004 0.002 0.006 0.016 0.002 0.320 0.004 0.589 0.056 
360     2420    (0)    8 :  0.005 0.005 0.003 0.007 0.055 0.334 0.005 0.574 0.012 
361     2421    (0)    8 :  0.012 0.006 0.006 0.038 0.005 0.376 0.014 0.386 0.158 
362     2422    (2)    8 :  0.003 0.008 0.007 0.036 0.004 0.399 0.207 0.329 0.006 
363     2423    (0)    8 :  0.032 0.007 0.029 0.023 0.006 0.330 0.008 0.554 0.011 
364     2576    (0)    8 :  0.012 0.008 0.011 0.010 0.060 0.305 0.008 0.566 0.019 
365      321    (0)    9 :  0.005 0.002 0.018 0.049 0.003 0.021 0.004 0.030 0.868 
366      338    (0)    9 :  0.002 0.002 0.004 0.005 0.002 0.004 0.002 0.004 0.975 
367      339    (0)    9 :  0.016 0.018 0.032 0.016 0.003 0.012 0.006 0.017 0.879 
368      363    (0)    9 :  0.003 0.005 0.004 0.907 0.009 0.022 0.006 0.018 0.026 
369      915    (0)    9 :  0.005 0.001 0.010 0.004 0.003 0.005 0.002 0.004 0.966 
370      917    (0)    9 :  0.003 0.002 0.006 0.178 0.001 0.027 0.003 0.026 0.753 
371      923    (0)    9 :  0.009 0.004 0.018 0.027 0.007 0.243 0.019 0.364 0.311 
372      925    (0)    9 :  0.007 0.002 0.005 0.005 0.004 0.004 0.005 0.005 0.964 
373      931    (0)    9 :  0.007 0.003 0.005 0.029 0.002 0.264 0.008 0.167 0.515 
374      935    (0)    9 :  0.004 0.004 0.007 0.006 0.003 0.009 0.004 0.011 0.952 
375      936    (0)    9 :  0.003 0.006 0.003 0.009 0.004 0.009 0.007 0.007 0.953 
376      937    (0)    9 :  0.004 0.002 0.003 0.009 0.001 0.010 0.002 0.010 0.959 
377      948    (0)    9 :  0.007 0.013 0.010 0.037 0.004 0.169 0.015 0.114 0.630 
378      956    (0)    9 :  0.013 0.003 0.008 0.005 0.001 0.008 0.003 0.008 0.951 
379      957    (0)    9 :  0.003 0.004 0.003 0.038 0.003 0.014 0.003 0.013 0.920 
380      967    (0)    9 :  0.003 0.002 0.004 0.010 0.003 0.012 0.004 0.010 0.953 
381      968    (2)    9 :  0.060 0.006 0.007 0.019 0.002 0.093 0.007 0.071 0.736 
382      969    (4)    9 :  0.007 0.006 0.009 0.021 0.003 0.032 0.013 0.028 0.882 
383      970    (2)    9 :  0.009 0.008 0.005 0.256 0.032 0.288 0.006 0.127 0.268 
384      971    (6)    9 :  0.006 0.002 0.012 0.183 0.002 0.006 0.003 0.006 0.780 
385      972    (0)    9 :  0.008 0.003 0.003 0.005 0.009 0.010 0.006 0.013 0.943 
386      973    (2)    9 :  0.011 0.017 0.006 0.006 0.003 0.377 0.013 0.532 0.033 
387      978    (0)    9 :  0.018 0.010 0.004 0.005 0.003 0.007 0.026 0.010 0.916 
388      979    (0)    9 :  0.247 0.058 0.349 0.087 0.004 0.062 0.002 0.070 0.122 
389      988    (6)    9 :  0.005 0.002 0.006 0.965 0.001 0.005 0.003 0.005 0.008 
390      989    (0)    9 :  0.024 0.003 0.014 0.041 0.004 0.074 0.005 0.059 0.777 
391      990    (0)    9 :  0.004 0.003 0.016 0.016 0.007 0.238 0.036 0.426 0.254 
392      991    (0)    9 :  0.003 0.002 0.002 0.011 0.002 0.004 0.004 0.004 0.966 
393      992    (0)    9 :  0.018 0.003 0.006 0.009 0.011 0.011 0.003 0.011 0.927 
394     1006    (2)    9 :  0.020 0.001 0.010 0.004 0.002 0.005 0.013 0.006 0.938 
395     1017    (0)    9 :  0.165 0.004 0.107 0.007 0.003 0.072 0.016 0.129 0.497 
396     2582    (4)    9 :  0.022 0.003 0.057 0.004 0.011 0.022 0.026 0.017 0.837 


Estimated Allele Frequencies in each cluster
First column gives estimated ancestral frequencies


Locus 1 : 1 
4 alleles
0.0% missing data
  89   (0.525) 0.374 0.292 0.637 0.443 0.074 0.542 0.638 0.540 0.530 
  93   (0.073) 0.103 0.044 0.058 0.022 0.038 0.071 0.049 0.069 0.044 
  91   (0.379) 0.521 0.663 0.304 0.531 0.734 0.370 0.312 0.371 0.403 
  99   (0.023) 0.002 0.001 0.001 0.005 0.153 0.017 0.001 0.020 0.023 

Locus 2 : 2 
6 alleles
1.3% missing data
 136   (0.343) 0.655 0.449 0.519 0.199 0.201 0.367 0.460 0.355 0.090 
 138   (0.282) 0.164 0.226 0.253 0.266 0.750 0.260 0.159 0.271 0.525 
 140   (0.086) 0.030 0.110 0.062 0.111 0.011 0.090 0.005 0.086 0.034 
 134   (0.239) 0.147 0.202 0.164 0.404 0.032 0.218 0.372 0.233 0.244 
 142   (0.026) 0.002 0.011 0.001 0.015 0.003 0.023 0.002 0.024 0.102 
 132   (0.024) 0.002 0.002 0.001 0.005 0.003 0.042 0.001 0.030 0.004 

Locus 3 : 3 
6 alleles
0.0% missing data
 187   (0.364) 0.502 0.359 0.517 0.383 0.751 0.372 0.263 0.362 0.188 
 179   (0.227) 0.346 0.060 0.227 0.265 0.031 0.259 0.015 0.238 0.229 
 181   (0.234) 0.138 0.081 0.229 0.269 0.195 0.195 0.073 0.227 0.339 
 175   (0.058) 0.004 0.227 0.002 0.018 0.007 0.067 0.004 0.061 0.134 
 185   (0.076) 0.006 0.263 0.002 0.054 0.010 0.077 0.450 0.075 0.101 
 191   (0.041) 0.004 0.011 0.024 0.010 0.005 0.029 0.195 0.038 0.009 

Locus 4 : 4 
10 alleles
0.0% missing data
 241   (0.147) 0.254 0.514 0.028 0.095 0.206 0.128 0.150 0.141 0.154 
 269   (0.159) 0.041 0.020 0.147 0.244 0.233 0.150 0.104 0.158 0.212 
 253   (0.503) 0.607 0.187 0.725 0.410 0.537 0.535 0.466 0.514 0.576 
 247   (0.070) 0.005 0.029 0.002 0.093 0.008 0.105 0.272 0.080 0.036 
 271   (0.046) 0.043 0.113 0.026 0.141 0.006 0.029 0.003 0.040 0.013 
 249   (0.034) 0.044 0.069 0.070 0.008 0.004 0.024 0.002 0.030 0.004 
 245   (0.013) 0.001 0.066 0.000 0.003 0.002 0.009 0.001 0.011 0.001 
 257   (0.008) 0.003 0.001 0.000 0.002 0.001 0.005 0.000 0.007 0.002 
 239   (0.008) 0.001 0.001 0.000 0.002 0.001 0.005 0.001 0.008 0.001 
 273   (0.011) 0.001 0.001 0.000 0.003 0.001 0.011 0.001 0.012 0.001 

Locus 5 : 5 
7 alleles
0.8% missing data
 103   (0.822) 0.983 0.744 0.988 0.945 0.975 0.799 0.961 0.810 0.935 
 104   (0.074) 0.008 0.061 0.009 0.024 0.011 0.082 0.005 0.081 0.034 
 105   (0.051) 0.004 0.167 0.002 0.018 0.007 0.080 0.003 0.060 0.025 
 102   (0.018) 0.001 0.001 0.001 0.005 0.003 0.020 0.001 0.021 0.003 
 107   (0.013) 0.001 0.026 0.000 0.003 0.002 0.007 0.001 0.011 0.001 
  99   (0.009) 0.001 0.001 0.000 0.002 0.001 0.004 0.014 0.006 0.001 
 101   (0.013) 0.001 0.001 0.000 0.004 0.002 0.008 0.015 0.011 0.001 

Locus 6 : 6 
5 alleles
0.3% missing data
 141   (0.292) 0.391 0.127 0.583 0.584 0.041 0.252 0.139 0.280 0.254 
 145   (0.374) 0.130 0.024 0.202 0.188 0.388 0.466 0.263 0.407 0.548 
 147   (0.076) 0.142 0.129 0.045 0.046 0.011 0.052 0.312 0.069 0.010 
 135   (0.244) 0.336 0.642 0.170 0.179 0.558 0.222 0.285 0.233 0.186 
 137   (0.013) 0.001 0.078 0.000 0.003 0.002 0.008 0.001 0.011 0.001 

Locus 7 : 7 
10 alleles
1.0% missing data
  93   (0.235) 0.386 0.123 0.337 0.254 0.718 0.214 0.073 0.226 0.293 
 103   (0.244) 0.314 0.016 0.394 0.242 0.037 0.298 0.502 0.255 0.361 
  97   (0.212) 0.154 0.274 0.155 0.186 0.146 0.217 0.257 0.214 0.129 
  91   (0.075) 0.007 0.057 0.037 0.025 0.066 0.056 0.153 0.073 0.035 
  83   (0.052) 0.004 0.003 0.001 0.014 0.007 0.065 0.003 0.062 0.044 
  89   (0.108) 0.123 0.302 0.029 0.259 0.016 0.088 0.007 0.103 0.107 
  85   (0.041) 0.011 0.003 0.047 0.012 0.006 0.042 0.003 0.041 0.027 
 105   (0.015) 0.001 0.084 0.000 0.003 0.002 0.011 0.001 0.013 0.002 
  99   (0.009) 0.001 0.012 0.000 0.002 0.002 0.004 0.001 0.006 0.001 
 101   (0.009) 0.001 0.127 0.000 0.002 0.001 0.004 0.001 0.006 0.001 

Locus 8 : 8 
8 alleles
0.0% missing data
 129   (0.521) 0.497 0.323 0.709 0.538 0.148 0.544 0.642 0.529 0.686 
 149   (0.107) 0.104 0.284 0.123 0.116 0.014 0.086 0.017 0.102 0.059 
 143   (0.257) 0.278 0.302 0.073 0.318 0.746 0.261 0.134 0.259 0.218 
 141   (0.060) 0.118 0.004 0.094 0.015 0.008 0.060 0.203 0.059 0.024 
 131   (0.012) 0.001 0.001 0.000 0.003 0.048 0.006 0.002 0.009 0.007 
 133   (0.016) 0.001 0.001 0.000 0.003 0.002 0.023 0.001 0.018 0.004 
 127   (0.018) 0.001 0.084 0.001 0.004 0.034 0.015 0.001 0.016 0.002 
 145   (0.008) 0.001 0.001 0.000 0.002 0.001 0.005 0.001 0.008 0.001 

Locus 9 : 9 
4 alleles
0.0% missing data
 191   (0.371) 0.631 0.322 0.554 0.229 0.264 0.365 0.545 0.368 0.318 
 195   (0.149) 0.060 0.336 0.193 0.206 0.393 0.121 0.056 0.135 0.231 
 189   (0.471) 0.308 0.341 0.250 0.562 0.343 0.510 0.398 0.490 0.450 
 193   (0.009) 0.001 0.001 0.003 0.002 0.001 0.004 0.001 0.007 0.001 

Locus 10 : 10 
7 alleles
0.3% missing data
 238   (0.562) 0.405 0.740 0.593 0.865 0.405 0.552 0.351 0.560 0.747 
 252   (0.104) 0.165 0.017 0.116 0.036 0.022 0.100 0.036 0.104 0.071 
 232   (0.239) 0.422 0.131 0.265 0.075 0.192 0.265 0.276 0.246 0.170 
 254   (0.049) 0.004 0.081 0.024 0.012 0.375 0.042 0.253 0.045 0.005 
 248   (0.022) 0.002 0.001 0.001 0.006 0.003 0.018 0.083 0.022 0.002 
 236   (0.009) 0.001 0.001 0.000 0.002 0.001 0.006 0.001 0.008 0.001 
 250   (0.016) 0.001 0.028 0.000 0.003 0.002 0.016 0.001 0.015 0.002 

Locus 11 : 11 
4 alleles
0.0% missing data
  87   (0.713) 0.571 0.523 0.638 0.906 0.963 0.731 0.534 0.720 0.828 
  89   (0.213) 0.329 0.156 0.321 0.066 0.028 0.221 0.383 0.216 0.138 
  91   (0.065) 0.099 0.167 0.041 0.026 0.008 0.044 0.083 0.057 0.033 
  85   (0.009) 0.001 0.154 0.000 0.002 0.001 0.004 0.001 0.007 0.001 

Locus 12 : 12 
12 alleles
0.3% missing data
 147   (0.043) 0.313 0.003 0.096 0.014 0.006 0.039 0.003 0.039 0.047 
 158   (0.229) 0.317 0.100 0.517 0.162 0.033 0.237 0.023 0.236 0.213 
 160   (0.228) 0.166 0.404 0.116 0.280 0.625 0.195 0.712 0.216 0.266 
 162   (0.224) 0.164 0.014 0.234 0.339 0.081 0.283 0.234 0.237 0.247 
 150   (0.008) 0.001 0.001 0.000 0.002 0.001 0.004 0.001 0.006 0.008 
 161   (0.116) 0.025 0.267 0.024 0.037 0.107 0.103 0.019 0.117 0.116 
 149   (0.023) 0.002 0.001 0.001 0.117 0.003 0.020 0.001 0.021 0.044 
 154   (0.021) 0.002 0.002 0.001 0.007 0.003 0.025 0.001 0.024 0.002 
 143   (0.027) 0.002 0.176 0.001 0.006 0.131 0.020 0.002 0.025 0.004 
 170   (0.059) 0.007 0.030 0.010 0.031 0.008 0.062 0.004 0.061 0.033 
 164   (0.008) 0.001 0.001 0.000 0.002 0.001 0.006 0.000 0.008 0.001 
 159   (0.012) 0.001 0.001 0.000 0.003 0.001 0.007 0.001 0.010 0.019 

Locus 13 : 13 
4 alleles
0.0% missing data
 108   (0.197) 0.175 0.289 0.174 0.069 0.303 0.180 0.200 0.196 0.107 
 115   (0.423) 0.404 0.379 0.582 0.541 0.085 0.434 0.289 0.425 0.533 
 113   (0.371) 0.420 0.332 0.244 0.388 0.611 0.380 0.511 0.371 0.359 
 109   (0.008) 0.001 0.001 0.000 0.002 0.001 0.005 0.001 0.008 0.001 

Locus 14 : 14 
7 alleles
2.5% missing data
 172   (0.411) 0.222 0.311 0.387 0.389 0.627 0.477 0.295 0.429 0.489 
 174   (0.318) 0.664 0.148 0.393 0.330 0.165 0.298 0.291 0.316 0.293 
 176   (0.108) 0.053 0.031 0.143 0.207 0.016 0.087 0.359 0.105 0.035 
 182   (0.059) 0.041 0.016 0.006 0.047 0.008 0.055 0.004 0.059 0.111 
 178   (0.049) 0.015 0.128 0.064 0.013 0.007 0.034 0.049 0.042 0.039 
 180   (0.045) 0.004 0.366 0.006 0.013 0.176 0.040 0.003 0.042 0.032 
 170   (0.009) 0.001 0.001 0.000 0.002 0.001 0.010 0.001 0.008 0.001 

Locus 15 : 15 
5 alleles
0.8% missing data
 225   (0.131) 0.031 0.062 0.094 0.124 0.254 0.113 0.210 0.125 0.084 
 229   (0.530) 0.441 0.481 0.481 0.755 0.122 0.554 0.419 0.543 0.511 
 227   (0.134) 0.282 0.009 0.253 0.066 0.229 0.124 0.019 0.128 0.342 
 231   (0.134) 0.136 0.345 0.083 0.037 0.302 0.141 0.346 0.137 0.020 
 233   (0.072) 0.110 0.103 0.089 0.018 0.092 0.068 0.005 0.066 0.044 

Locus 16 : 16 
5 alleles
0.5% missing data
 143   (0.824) 0.980 0.620 0.961 0.901 0.765 0.843 0.820 0.829 0.860 
 145   (0.099) 0.014 0.185 0.018 0.038 0.226 0.095 0.007 0.102 0.074 
 147   (0.048) 0.004 0.192 0.001 0.054 0.006 0.037 0.141 0.043 0.062 
 133   (0.019) 0.001 0.001 0.001 0.004 0.002 0.021 0.032 0.019 0.002 
 157   (0.010) 0.001 0.001 0.019 0.002 0.001 0.004 0.001 0.007 0.001 

Locus 17 : 17 
5 alleles
0.3% missing data
 158   (0.518) 0.626 0.330 0.501 0.444 0.211 0.511 0.205 0.526 0.649 
 156   (0.250) 0.145 0.167 0.301 0.102 0.587 0.265 0.499 0.251 0.219 
 160   (0.138) 0.201 0.124 0.159 0.419 0.018 0.112 0.115 0.127 0.103 
 154   (0.086) 0.027 0.378 0.039 0.032 0.184 0.108 0.181 0.088 0.012 
 152   (0.009) 0.001 0.001 0.000 0.003 0.001 0.004 0.001 0.007 0.016 

Locus 18 : 18 
5 alleles
0.0% missing data
  90   (0.652) 0.787 0.343 0.724 0.488 0.597 0.644 0.791 0.652 0.754 
 102   (0.223) 0.176 0.047 0.231 0.247 0.032 0.221 0.200 0.224 0.221 
  88   (0.080) 0.034 0.435 0.044 0.244 0.011 0.084 0.006 0.080 0.011 
 100   (0.036) 0.003 0.174 0.001 0.012 0.359 0.047 0.002 0.037 0.008 
 104   (0.009) 0.001 0.001 0.000 0.008 0.001 0.004 0.001 0.006 0.006 

Locus 19 : 19 
8 alleles
0.3% missing data
 142   (0.135) 0.393 0.026 0.418 0.122 0.023 0.157 0.009 0.140 0.086 
 146   (0.089) 0.047 0.006 0.188 0.158 0.012 0.066 0.221 0.081 0.102 
 127   (0.252) 0.101 0.157 0.188 0.110 0.478 0.260 0.064 0.261 0.316 
 138   (0.057) 0.021 0.005 0.021 0.022 0.059 0.049 0.004 0.056 0.042 
 140   (0.267) 0.326 0.308 0.091 0.309 0.317 0.286 0.181 0.273 0.229 
 150   (0.055) 0.004 0.213 0.002 0.016 0.007 0.048 0.306 0.052 0.160 
 148   (0.107) 0.068 0.069 0.048 0.254 0.015 0.094 0.213 0.102 0.060 
 128   (0.039) 0.039 0.216 0.045 0.010 0.089 0.040 0.002 0.035 0.004 

Locus 20 : 20 
7 alleles
0.3% missing data
 190   (0.144) 0.341 0.047 0.382 0.230 0.019 0.121 0.202 0.131 0.170 
 194   (0.567) 0.462 0.561 0.498 0.426 0.945 0.571 0.478 0.572 0.568 
 188   (0.179) 0.188 0.012 0.118 0.090 0.023 0.226 0.173 0.194 0.160 
 200   (0.071) 0.006 0.300 0.002 0.245 0.009 0.058 0.004 0.070 0.098 
 202   (0.021) 0.002 0.041 0.001 0.005 0.002 0.014 0.142 0.019 0.002 
 198   (0.009) 0.001 0.039 0.000 0.002 0.001 0.004 0.001 0.007 0.001 
 196   (0.009) 0.001 0.001 0.000 0.002 0.001 0.007 0.001 0.008 0.001 

Locus 21 : 21 
6 alleles
0.8% missing data
 252   (0.666) 0.738 0.084 0.845 0.724 0.390 0.739 0.727 0.696 0.774 
 244   (0.025) 0.005 0.041 0.017 0.008 0.004 0.014 0.002 0.020 0.009 
 246   (0.103) 0.150 0.211 0.006 0.100 0.182 0.094 0.049 0.100 0.060 
 254   (0.087) 0.010 0.237 0.036 0.098 0.091 0.065 0.083 0.078 0.082 
 250   (0.098) 0.094 0.426 0.084 0.065 0.331 0.061 0.137 0.084 0.071 
 248   (0.022) 0.003 0.001 0.012 0.005 0.003 0.028 0.001 0.022 0.005 

Locus 22 : 22 
7 alleles
0.0% missing data
 167   (0.182) 0.217 0.073 0.339 0.063 0.132 0.194 0.122 0.183 0.126 
 177   (0.283) 0.545 0.047 0.256 0.480 0.268 0.292 0.171 0.287 0.215 
 165   (0.051) 0.007 0.074 0.007 0.142 0.008 0.052 0.018 0.051 0.007 
 173   (0.265) 0.194 0.207 0.360 0.251 0.139 0.243 0.215 0.253 0.566 
 175   (0.146) 0.031 0.488 0.034 0.044 0.443 0.132 0.254 0.146 0.071 
 163   (0.051) 0.005 0.109 0.003 0.013 0.007 0.045 0.218 0.051 0.012 
 159   (0.022) 0.002 0.001 0.001 0.007 0.003 0.042 0.001 0.028 0.002 

Locus 23 : 23 
11 alleles
1.0% missing data
 152   (0.435) 0.468 0.113 0.621 0.572 0.472 0.421 0.375 0.434 0.558 
 154   (0.013) 0.036 0.001 0.055 0.003 0.002 0.006 0.001 0.009 0.001 
 146   (0.200) 0.249 0.014 0.259 0.205 0.083 0.201 0.140 0.200 0.334 
 166   (0.092) 0.191 0.006 0.023 0.138 0.121 0.109 0.006 0.099 0.027 
 156   (0.018) 0.001 0.102 0.000 0.004 0.002 0.009 0.300 0.014 0.011 
 162   (0.051) 0.004 0.133 0.001 0.019 0.006 0.066 0.068 0.056 0.011 
 142   (0.020) 0.001 0.033 0.001 0.005 0.003 0.012 0.001 0.018 0.017 
 150   (0.039) 0.007 0.112 0.009 0.015 0.090 0.042 0.003 0.038 0.011 
 164   (0.032) 0.033 0.067 0.012 0.008 0.005 0.026 0.002 0.029 0.004 
 158   (0.087) 0.007 0.419 0.019 0.030 0.012 0.101 0.103 0.093 0.024 
 148   (0.012) 0.001 0.001 0.000 0.003 0.204 0.007 0.001 0.010 0.001 

Locus 24 : 24 
7 alleles
0.5% missing data
 154   (0.533) 0.446 0.194 0.555 0.514 0.411 0.567 0.228 0.549 0.608 
 158   (0.027) 0.003 0.137 0.004 0.122 0.004 0.024 0.002 0.024 0.003 
 144   (0.167) 0.184 0.242 0.165 0.050 0.549 0.134 0.627 0.153 0.261 
 160   (0.111) 0.203 0.017 0.186 0.228 0.015 0.091 0.105 0.103 0.093 
 156   (0.133) 0.074 0.409 0.036 0.080 0.018 0.166 0.036 0.145 0.032 
 152   (0.017) 0.088 0.001 0.053 0.004 0.002 0.008 0.001 0.013 0.003 
 146   (0.011) 0.001 0.001 0.000 0.002 0.002 0.009 0.001 0.012 0.001 

Locus 25 : 25 
4 alleles
0.3% missing data
  81   (0.367) 0.318 0.375 0.184 0.426 0.263 0.395 0.025 0.380 0.424 
  83   (0.466) 0.534 0.589 0.491 0.500 0.714 0.459 0.918 0.457 0.378 
  77   (0.089) 0.090 0.006 0.311 0.049 0.012 0.067 0.052 0.083 0.087 
  85   (0.078) 0.059 0.031 0.014 0.026 0.011 0.079 0.005 0.080 0.111 

Locus 26 : 26 
6 alleles
0.3% missing data
 126   (0.033) 0.042 0.013 0.050 0.008 0.005 0.022 0.002 0.029 0.004 
 132   (0.316) 0.297 0.023 0.529 0.241 0.215 0.320 0.446 0.319 0.365 
 124   (0.528) 0.648 0.482 0.401 0.644 0.405 0.548 0.544 0.532 0.529 
 122   (0.082) 0.009 0.455 0.018 0.097 0.033 0.076 0.005 0.079 0.097 
 136   (0.015) 0.001 0.001 0.001 0.004 0.002 0.015 0.001 0.016 0.002 
 120   (0.026) 0.002 0.024 0.001 0.006 0.340 0.020 0.002 0.024 0.003 

Locus 27 : 27 
7 alleles
0.0% missing data
 183   (0.351) 0.485 0.206 0.559 0.329 0.332 0.361 0.424 0.349 0.315 
 175   (0.259) 0.242 0.017 0.240 0.407 0.036 0.288 0.442 0.268 0.306 
 165   (0.230) 0.181 0.110 0.141 0.217 0.307 0.223 0.059 0.230 0.271 
 179   (0.102) 0.087 0.286 0.059 0.035 0.319 0.077 0.006 0.096 0.101 
 181   (0.040) 0.003 0.265 0.001 0.009 0.005 0.040 0.068 0.042 0.005 
 185   (0.009) 0.001 0.115 0.000 0.002 0.001 0.004 0.001 0.007 0.001 
 157   (0.008) 0.001 0.001 0.000 0.002 0.001 0.005 0.000 0.008 0.001 

Locus 28 : 28 
4 alleles
0.0% missing data
 142   (0.641) 0.602 0.525 0.706 0.637 0.342 0.652 0.742 0.643 0.760 
 148   (0.198) 0.183 0.259 0.082 0.065 0.637 0.216 0.070 0.206 0.088 
 138   (0.044) 0.202 0.050 0.197 0.015 0.006 0.026 0.003 0.036 0.021 
 150   (0.118) 0.013 0.166 0.014 0.282 0.015 0.106 0.185 0.116 0.130 

Locus 29 : 29 
6 alleles
1.0% missing data
 260   (0.387) 0.402 0.233 0.363 0.441 0.079 0.392 0.377 0.389 0.530 
 262   (0.492) 0.588 0.681 0.625 0.458 0.904 0.486 0.549 0.490 0.383 
 264   (0.020) 0.001 0.001 0.001 0.008 0.002 0.020 0.001 0.020 0.027 
 256   (0.079) 0.007 0.083 0.010 0.088 0.011 0.077 0.072 0.080 0.051 
 258   (0.013) 0.001 0.001 0.000 0.003 0.001 0.021 0.001 0.015 0.001 
 266   (0.009) 0.001 0.001 0.000 0.002 0.001 0.004 0.001 0.006 0.008 

Locus 30 : 30 
7 alleles
0.5% missing data
 150   (0.430) 0.499 0.237 0.664 0.341 0.152 0.453 0.295 0.439 0.553 
 146   (0.261) 0.224 0.310 0.187 0.224 0.038 0.269 0.337 0.267 0.226 
 140   (0.190) 0.089 0.400 0.106 0.233 0.794 0.174 0.061 0.187 0.160 
 148   (0.077) 0.166 0.040 0.037 0.139 0.010 0.071 0.303 0.071 0.026 
 152   (0.026) 0.002 0.012 0.001 0.057 0.003 0.023 0.002 0.023 0.033 
 151   (0.009) 0.018 0.001 0.001 0.002 0.001 0.004 0.001 0.007 0.001 
 142   (0.008) 0.001 0.001 0.003 0.004 0.001 0.004 0.001 0.006 0.001 

Locus 31 : 31 
6 alleles
0.3% missing data
 125   (0.290) 0.358 0.148 0.473 0.122 0.160 0.332 0.033 0.310 0.104 
 129   (0.410) 0.559 0.074 0.474 0.576 0.226 0.394 0.780 0.398 0.587 
 123   (0.160) 0.072 0.115 0.049 0.124 0.022 0.137 0.105 0.155 0.235 
 131   (0.049) 0.004 0.138 0.001 0.042 0.008 0.064 0.003 0.053 0.029 
 127   (0.078) 0.006 0.524 0.002 0.133 0.535 0.065 0.078 0.073 0.044 
 121   (0.013) 0.001 0.001 0.000 0.003 0.049 0.008 0.001 0.011 0.002 

Locus 32 : 32 
6 alleles
0.3% missing data
 155   (0.556) 0.742 0.406 0.695 0.338 0.597 0.602 0.710 0.571 0.456 
 153   (0.081) 0.008 0.316 0.081 0.057 0.077 0.085 0.005 0.080 0.055 
 159   (0.142) 0.187 0.198 0.114 0.211 0.019 0.112 0.009 0.133 0.288 
 157   (0.175) 0.059 0.069 0.104 0.381 0.141 0.171 0.022 0.175 0.194 
 151   (0.037) 0.003 0.010 0.004 0.011 0.164 0.025 0.252 0.034 0.005 
 163   (0.009) 0.001 0.001 0.001 0.002 0.001 0.005 0.001 0.007 0.002 

Locus 33 : 33 
5 alleles
1.0% missing data
  92   (0.336) 0.248 0.485 0.263 0.225 0.143 0.317 0.436 0.334 0.385 
  95   (0.170) 0.028 0.221 0.128 0.355 0.296 0.201 0.407 0.175 0.071 
  91   (0.413) 0.642 0.252 0.561 0.396 0.550 0.387 0.151 0.407 0.531 
  94   (0.072) 0.081 0.031 0.048 0.022 0.009 0.091 0.005 0.078 0.012 
  90   (0.009) 0.001 0.011 0.000 0.002 0.001 0.004 0.001 0.006 0.001 

Locus 34 : 34 
5 alleles
0.0% missing data
 146   (0.301) 0.065 0.647 0.073 0.170 0.578 0.314 0.310 0.309 0.372 
 150   (0.577) 0.885 0.247 0.847 0.606 0.405 0.579 0.639 0.576 0.563 
 148   (0.068) 0.044 0.040 0.078 0.178 0.010 0.051 0.048 0.060 0.019 
 154   (0.040) 0.005 0.066 0.001 0.010 0.006 0.050 0.003 0.045 0.015 
 152   (0.014) 0.001 0.001 0.000 0.035 0.002 0.007 0.001 0.010 0.031 

Locus 35 : 35 
7 alleles
0.0% missing data
 180   (0.449) 0.411 0.361 0.608 0.365 0.721 0.477 0.666 0.457 0.352 
 184   (0.205) 0.157 0.181 0.162 0.194 0.235 0.187 0.075 0.199 0.310 
 196   (0.106) 0.211 0.030 0.166 0.036 0.014 0.102 0.007 0.106 0.137 
 198   (0.082) 0.174 0.255 0.020 0.025 0.011 0.088 0.068 0.083 0.017 
 194   (0.015) 0.036 0.001 0.038 0.004 0.002 0.007 0.001 0.011 0.002 
 192   (0.131) 0.011 0.171 0.007 0.373 0.016 0.133 0.183 0.136 0.135 
 190   (0.011) 0.001 0.001 0.000 0.003 0.001 0.005 0.001 0.008 0.047 

Locus 36 : 36 
6 alleles
0.0% missing data
 110   (0.186) 0.170 0.115 0.376 0.104 0.189 0.182 0.075 0.184 0.094 
 112   (0.337) 0.666 0.056 0.479 0.422 0.046 0.352 0.062 0.343 0.411 
 108   (0.134) 0.012 0.577 0.012 0.039 0.133 0.137 0.112 0.140 0.092 
  90   (0.038) 0.014 0.002 0.021 0.141 0.435 0.027 0.002 0.033 0.005 
 106   (0.296) 0.137 0.250 0.111 0.292 0.195 0.298 0.704 0.294 0.398 
  96   (0.009) 0.001 0.001 0.000 0.002 0.001 0.004 0.045 0.007 0.001 

Locus 37 : 37 
9 alleles
0.0% missing data
 172   (0.333) 0.249 0.159 0.461 0.484 0.048 0.331 0.581 0.330 0.365 
 176   (0.106) 0.316 0.099 0.113 0.101 0.015 0.095 0.018 0.106 0.013 
 166   (0.053) 0.219 0.003 0.260 0.047 0.007 0.035 0.003 0.044 0.105 
 170   (0.272) 0.184 0.347 0.155 0.124 0.586 0.310 0.321 0.281 0.225 
 174   (0.130) 0.013 0.047 0.006 0.175 0.018 0.132 0.070 0.138 0.188 
 178   (0.037) 0.013 0.002 0.003 0.021 0.005 0.036 0.002 0.037 0.046 
 186   (0.015) 0.001 0.024 0.000 0.004 0.002 0.007 0.001 0.011 0.041 
 168   (0.046) 0.004 0.318 0.001 0.042 0.318 0.045 0.003 0.045 0.015 
 158   (0.009) 0.001 0.001 0.000 0.002 0.001 0.008 0.001 0.008 0.001 

Locus 38 : 38 
6 alleles
0.0% missing data
  85   (0.171) 0.234 0.019 0.227 0.168 0.511 0.161 0.239 0.166 0.117 
  89   (0.550) 0.652 0.609 0.638 0.755 0.350 0.538 0.507 0.546 0.657 
  83   (0.145) 0.058 0.312 0.048 0.044 0.019 0.159 0.245 0.152 0.097 
  95   (0.059) 0.050 0.029 0.076 0.015 0.008 0.047 0.004 0.055 0.081 
  81   (0.054) 0.005 0.004 0.011 0.014 0.010 0.082 0.004 0.064 0.045 
  91   (0.020) 0.001 0.028 0.001 0.005 0.102 0.013 0.001 0.018 0.003 

Locus 39 : 39 
10 alleles
0.0% missing data
 161   (0.347) 0.551 0.692 0.525 0.428 0.417 0.331 0.374 0.341 0.262 
 169   (0.094) 0.115 0.006 0.120 0.038 0.233 0.114 0.006 0.096 0.149 
 159   (0.021) 0.015 0.001 0.034 0.005 0.003 0.014 0.001 0.017 0.006 
 173   (0.254) 0.092 0.177 0.141 0.449 0.194 0.234 0.510 0.251 0.286 
 165   (0.218) 0.223 0.119 0.168 0.061 0.146 0.238 0.104 0.227 0.249 
 175   (0.009) 0.001 0.001 0.000 0.002 0.001 0.004 0.001 0.007 0.041 
 155   (0.018) 0.001 0.001 0.000 0.007 0.002 0.027 0.001 0.022 0.002 
 167   (0.020) 0.002 0.001 0.011 0.005 0.002 0.021 0.002 0.019 0.002 
 177   (0.008) 0.001 0.001 0.000 0.002 0.001 0.005 0.000 0.008 0.001 
 168   (0.011) 0.001 0.001 0.000 0.002 0.001 0.013 0.001 0.012 0.001 

Locus 40 : 40 
6 alleles
0.8% missing data
  89   (0.402) 0.712 0.237 0.559 0.471 0.054 0.422 0.097 0.407 0.587 
  91   (0.157) 0.023 0.106 0.151 0.086 0.171 0.189 0.185 0.165 0.072 
  85   (0.191) 0.069 0.234 0.036 0.206 0.120 0.188 0.472 0.191 0.205 
  83   (0.009) 0.001 0.001 0.004 0.002 0.001 0.004 0.001 0.007 0.001 
  87   (0.121) 0.130 0.415 0.161 0.104 0.638 0.093 0.129 0.109 0.048 
  81   (0.121) 0.065 0.008 0.090 0.131 0.016 0.103 0.116 0.121 0.087 

Locus 41 : 41 
4 alleles
0.5% missing data
 167   (0.744) 0.896 0.414 0.920 0.850 0.643 0.757 0.860 0.747 0.782 
 161   (0.214) 0.101 0.463 0.079 0.139 0.352 0.209 0.137 0.215 0.159 
 165   (0.033) 0.003 0.122 0.001 0.009 0.004 0.028 0.003 0.031 0.058 
 177   (0.009) 0.001 0.001 0.000 0.002 0.001 0.006 0.001 0.008 0.001 

Locus 42 : 42 
6 alleles
0.5% missing data
 228   (0.433) 0.648 0.120 0.524 0.586 0.627 0.411 0.240 0.427 0.514 
 238   (0.322) 0.272 0.074 0.314 0.186 0.097 0.371 0.118 0.340 0.324 
 236   (0.106) 0.026 0.294 0.070 0.107 0.259 0.081 0.384 0.096 0.039 
 224   (0.033) 0.044 0.014 0.090 0.075 0.004 0.017 0.002 0.027 0.004 
 240   (0.093) 0.007 0.497 0.003 0.043 0.011 0.109 0.255 0.097 0.117 
 232   (0.012) 0.003 0.001 0.001 0.003 0.001 0.010 0.001 0.012 0.002 

Locus 43 : 43 
7 alleles
0.0% missing data
 130   (0.551) 0.511 0.731 0.645 0.573 0.077 0.583 0.770 0.564 0.406 
 134   (0.105) 0.010 0.178 0.014 0.098 0.238 0.116 0.007 0.111 0.076 
 114   (0.052) 0.059 0.003 0.104 0.086 0.420 0.041 0.003 0.048 0.006 
 128   (0.119) 0.149 0.008 0.122 0.175 0.016 0.106 0.036 0.113 0.220 
 132   (0.096) 0.265 0.006 0.111 0.029 0.013 0.095 0.052 0.092 0.198 
 118   (0.069) 0.005 0.073 0.003 0.038 0.235 0.054 0.131 0.064 0.093 
 136   (0.009) 0.001 0.001 0.000 0.002 0.001 0.005 0.001 0.008 0.001 

Locus 44 : 44 
6 alleles
0.8% missing data
  98   (0.125) 0.101 0.251 0.216 0.156 0.247 0.099 0.099 0.114 0.058 
 104   (0.399) 0.143 0.230 0.208 0.542 0.057 0.441 0.414 0.417 0.514 
 102   (0.257) 0.416 0.017 0.397 0.226 0.530 0.256 0.473 0.254 0.336 
 106   (0.009) 0.001 0.001 0.001 0.005 0.002 0.005 0.001 0.007 0.001 
  92   (0.137) 0.252 0.321 0.090 0.043 0.060 0.141 0.009 0.140 0.064 
  96   (0.073) 0.086 0.179 0.088 0.027 0.104 0.057 0.005 0.067 0.026 

Locus 45 : 45 
5 alleles
0.3% missing data
 101   (0.309) 0.283 0.352 0.450 0.429 0.042 0.311 0.188 0.312 0.249 
 103   (0.297) 0.333 0.106 0.188 0.196 0.250 0.277 0.347 0.294 0.454 
  95   (0.234) 0.216 0.349 0.324 0.104 0.103 0.245 0.455 0.234 0.214 
  99   (0.148) 0.168 0.188 0.037 0.269 0.409 0.161 0.009 0.151 0.081 
  97   (0.012) 0.001 0.005 0.000 0.003 0.197 0.006 0.001 0.009 0.002 

Locus 46 : 46 
7 alleles
0.3% missing data
 181   (0.571) 0.728 0.151 0.762 0.540 0.538 0.549 0.859 0.568 0.704 
 191   (0.282) 0.113 0.631 0.183 0.423 0.248 0.331 0.102 0.293 0.185 
 177   (0.064) 0.153 0.096 0.053 0.016 0.009 0.048 0.004 0.058 0.061 
 193   (0.014) 0.001 0.012 0.000 0.003 0.002 0.007 0.001 0.011 0.042 
 179   (0.049) 0.004 0.108 0.001 0.013 0.200 0.049 0.003 0.052 0.005 
 189   (0.009) 0.001 0.001 0.000 0.002 0.001 0.004 0.030 0.006 0.001 
 183   (0.012) 0.001 0.001 0.000 0.003 0.002 0.012 0.001 0.012 0.002 

Locus 47 : 47 
6 alleles
0.8% missing data
 205   (0.451) 0.574 0.310 0.510 0.431 0.277 0.505 0.409 0.465 0.547 
 207   (0.138) 0.195 0.074 0.115 0.055 0.019 0.122 0.201 0.135 0.215 
 211   (0.229) 0.141 0.383 0.248 0.407 0.316 0.221 0.269 0.228 0.111 
 201   (0.077) 0.046 0.045 0.076 0.045 0.374 0.061 0.005 0.072 0.058 
 215   (0.090) 0.043 0.179 0.050 0.058 0.012 0.075 0.115 0.085 0.067 
 202   (0.015) 0.001 0.010 0.000 0.004 0.002 0.016 0.001 0.015 0.002 

Locus 48 : 48 
9 alleles
1.0% missing data
 144   (0.078) 0.211 0.012 0.208 0.027 0.013 0.061 0.132 0.072 0.050 
 166   (0.135) 0.200 0.019 0.313 0.040 0.063 0.106 0.380 0.125 0.218 
 168   (0.151) 0.072 0.223 0.233 0.080 0.198 0.134 0.109 0.150 0.046 
 142   (0.330) 0.222 0.154 0.120 0.627 0.049 0.389 0.286 0.345 0.544 
 158   (0.175) 0.268 0.127 0.120 0.191 0.028 0.190 0.085 0.181 0.076 
 162   (0.037) 0.003 0.165 0.001 0.009 0.089 0.028 0.002 0.034 0.031 
 164   (0.048) 0.014 0.178 0.001 0.013 0.007 0.057 0.003 0.051 0.026 
 170   (0.016) 0.001 0.042 0.002 0.004 0.002 0.014 0.001 0.014 0.002 
 156   (0.030) 0.009 0.081 0.001 0.008 0.551 0.021 0.002 0.026 0.007 

Locus 49 : 49 
7 alleles
7.6% missing data
 151   (0.182) 0.516 0.096 0.176 0.386 0.067 0.168 0.012 0.178 0.147 
 153   (0.206) 0.169 0.045 0.353 0.207 0.026 0.245 0.029 0.213 0.345 
 149   (0.369) 0.188 0.756 0.230 0.327 0.328 0.365 0.334 0.370 0.385 
 145   (0.182) 0.102 0.040 0.202 0.062 0.526 0.182 0.621 0.183 0.116 
 147   (0.032) 0.022 0.005 0.035 0.010 0.049 0.022 0.002 0.029 0.004 
 143   (0.020) 0.002 0.056 0.001 0.005 0.002 0.014 0.001 0.020 0.002 
 152   (0.009) 0.001 0.001 0.003 0.003 0.001 0.005 0.001 0.007 0.001 

Values of parameters used in structure:
DATAFILE=temp3.str,	OUTFILE=k9/temp3_k9_run4,	NUMINDS=396,	NUMLOCI=49,	MISSING=-9,	LABEL=1,	POPDATA=1,	POPFLAG=0,	PHENOTYPE=0,	EXTRACOLS=0,	MAXPOPS=9,	BURNIN=500000,	NUMREPS=750000,	USEPOPINFO=0,	INFERALPHA=1,	INFERLAMBDA=0,	POPSPECIFICLAMBDA=0,	POPALPHAS=0,	COMPUTEPROB=1,	NOADMIX=0,	ADMBURNIN=500,	UPDATEFREQ=100,	PRINTLIKES=0,	INTERMEDSAVE=0,	PRINTKLD=0,	PRINTNET=1,	PRINTLAMBDA=1,	ANCESTDIST=0,	NUMBOXES=1000,	ANCESTPINT=0.90000,	GENSBACK=2,	MIGRPRIOR=0.01000,	PRINTQHAT=0,	PRINTQSUM=1,	ALPHA=1.0000,	FREQSCORR=1,	FPRIORMEAN=0.0100,	FPRIORSD=0.0500,	ONEFST=0,	LAMBDA=1.0000,	UNIFPRIORALPHA=1,	ALPHAMAX=10.0000,	ALPHAPRIORA=1.0000,	ALPHAPRIORB=2.0000,	ALPHAPROPSD=0.0250,	STARTATPOPINFO=0,	RANDOMIZE=0,	LINKAGE=0,	METROFREQ=10,	REPORTHITRATE=0,	MARKOVPHASE=0,	PHASED=1,	PLOIDY=2,	PHASEINFO=0	LOCPRIOR=0, 	LOCPRIORINIT=1.000000, 	LOCDATA=0, 	LOCISPOP=1, 	LOCPRIORSTEP=0.100000, 	MAXLOCPRIOR=20.000000, 	SEED=981120,	
[STRAT parameters]:    NUMSIMSTATS=1000,	PHENOTYPECOL=-9,	POOLFREQ=10,	LOCUSxONLY=0,	EMERROR=0.00100,	MISSINGPHENO=-9,	