

----------------------------------------------------
STRUCTURE by Pritchard, Stephens and Donnelly (2000)
     and Falush, Stephens and Pritchard (2003)
       Code by Pritchard, Falush and Hubisz
             Version 2.3.4 (Jul 2012)
----------------------------------------------------



Command line arguments:   structure -D 831913 -K 9 -m mainparams -o k9/temp3_k9_run1 
Input File:    temp3.str

Run parameters:
   396 individuals
   49 loci
   9 populations assumed
   500000 Burn-in period
   750000 Reps
RANDOMIZE turned off


--------------------------------------------
Proportion of membership of each pre-defined
 population in each of the 9 clusters

Given    Inferred Clusters                                                 Number of
 Pop       1      2      3      4      5      6      7      8      9      Individuals

  1:     0.010  0.003  0.005  0.012  0.016  0.924  0.011  0.012  0.007       20
  2:     0.005  0.003  0.004  0.006  0.006  0.295  0.665  0.009  0.007       31
  3:     0.004  0.004  0.004  0.007  0.008  0.935  0.024  0.006  0.009       20
  4:     0.008  0.105  0.014  0.051  0.064  0.518  0.154  0.067  0.019        8
  5:     0.967  0.003  0.003  0.005  0.005  0.005  0.004  0.005  0.004       29
  6:     0.003  0.029  0.949  0.004  0.004  0.003  0.002  0.002  0.003        8
  7:     0.022  0.011  0.006  0.431  0.357  0.012  0.015  0.029  0.117       21
  8:     0.026  0.020  0.013  0.371  0.431  0.025  0.013  0.016  0.086       34
  9:     0.008  0.006  0.005  0.066  0.074  0.027  0.019  0.093  0.701       32
 10:     0.015  0.003  0.004  0.030  0.031  0.019  0.021  0.130  0.748       25
 11:     0.011  0.013  0.007  0.275  0.278  0.013  0.014  0.134  0.256       30
 12:     0.004  0.964  0.007  0.005  0.005  0.003  0.004  0.005  0.003       35
 13:     0.006  0.003  0.003  0.021  0.022  0.760  0.151  0.017  0.015       19
 14:     0.004  0.002  0.005  0.011  0.011  0.801  0.133  0.014  0.019       17
 15:     0.005  0.007  0.002  0.629  0.304  0.019  0.011  0.012  0.010        4
 16:     0.008  0.003  0.003  0.010  0.010  0.903  0.046  0.007  0.010       63
--------------------------------------------

Allele-freq. divergence among pops (Net nucleotide distance),
computed using point estimates of P.

      1       2       3       4       5       6       7       8       9      
 1      -    0.1155  0.1306  0.0526  0.0510  0.0750  0.0880  0.0782  0.0701  
 2   0.1155     -    0.1098  0.0769  0.0738  0.1346  0.1294  0.0997  0.1123  
 3   0.1306  0.1098     -    0.0954  0.0924  0.1344  0.1325  0.1280  0.1195  
 4   0.0526  0.0769  0.0954     -    0.0004  0.0276  0.0346  0.0242  0.0158  
 5   0.0510  0.0738  0.0924  0.0004     -    0.0266  0.0335  0.0228  0.0149  
 6   0.0750  0.1346  0.1344  0.0276  0.0266     -    0.0284  0.0498  0.0381  
 7   0.0880  0.1294  0.1325  0.0346  0.0335  0.0284     -    0.0540  0.0499  
 8   0.0782  0.0997  0.1280  0.0242  0.0228  0.0498  0.0540     -    0.0306  
 9   0.0701  0.1123  0.1195  0.0158  0.0149  0.0381  0.0499  0.0306     -    

Average distances (expected heterozygosity) between individuals in same cluster:
cluster  1  : 0.5528 
cluster  2  : 0.6392 
cluster  3  : 0.5352 
cluster  4  : 0.6451 
cluster  5  : 0.6530 
cluster  6  : 0.5503 
cluster  7  : 0.5531 
cluster  8  : 0.5857 
cluster  9  : 0.5839 

--------------------------------------------
Estimated Ln Prob of Data   = -43756.8
Mean value of ln likelihood = -42846.5
Variance of ln likelihood   = 1820.6
Mean value of alpha         = 0.0317

Mean value of Fst_1         = 0.2062
Mean value of Fst_2         = 0.1727
Mean value of Fst_3         = 0.2993
Mean value of Fst_4         = 0.0178
Mean value of Fst_5         = 0.0088
Mean value of Fst_6         = 0.1258
Mean value of Fst_7         = 0.1593
Mean value of Fst_8         = 0.1297
Mean value of Fst_9         = 0.0719


Inferred ancestry of individuals:
        Label (%Miss) Pop:  Inferred clusters
  1       34    (0)    1 :  0.002 0.007 0.002 0.007 0.007 0.940 0.011 0.021 0.005 
  2       38    (0)    1 :  0.055 0.006 0.005 0.025 0.028 0.843 0.013 0.013 0.012 
  3       41    (0)    1 :  0.002 0.001 0.001 0.003 0.003 0.980 0.004 0.002 0.003 
  4       44    (0)    1 :  0.003 0.001 0.001 0.005 0.006 0.971 0.005 0.005 0.003 
  5       45    (0)    1 :  0.002 0.001 0.002 0.003 0.002 0.971 0.013 0.002 0.004 
  6       47    (0)    1 :  0.037 0.002 0.011 0.097 0.157 0.608 0.007 0.061 0.019 
  7       50    (0)    1 :  0.004 0.006 0.008 0.029 0.031 0.859 0.045 0.014 0.004 
  8      384    (0)    1 :  0.003 0.002 0.003 0.006 0.006 0.932 0.019 0.016 0.013 
  9      385    (2)    1 :  0.010 0.005 0.007 0.013 0.012 0.928 0.013 0.006 0.007 
 10      386    (0)    1 :  0.002 0.001 0.001 0.003 0.002 0.979 0.007 0.003 0.002 
 11      387    (0)    1 :  0.006 0.001 0.002 0.006 0.005 0.960 0.011 0.004 0.005 
 12      388    (0)    1 :  0.005 0.001 0.001 0.002 0.002 0.976 0.005 0.003 0.004 
 13      389    (0)    1 :  0.003 0.001 0.002 0.003 0.003 0.978 0.003 0.003 0.006 
 14      390    (4)    1 :  0.021 0.004 0.026 0.012 0.015 0.888 0.013 0.004 0.015 
 15      391    (0)    1 :  0.008 0.001 0.003 0.006 0.006 0.945 0.006 0.008 0.019 
 16      392    (0)    1 :  0.002 0.001 0.002 0.004 0.004 0.964 0.009 0.007 0.008 
 17      393    (2)    1 :  0.014 0.001 0.002 0.003 0.003 0.964 0.004 0.004 0.005 
 18      394    (0)    1 :  0.002 0.001 0.001 0.002 0.002 0.982 0.004 0.003 0.002 
 19      395    (0)    1 :  0.009 0.006 0.011 0.014 0.015 0.915 0.009 0.014 0.007 
 20      396    (0)    1 :  0.016 0.003 0.011 0.004 0.005 0.893 0.020 0.043 0.004 
 21      328    (0)   10 :  0.014 0.004 0.014 0.194 0.190 0.108 0.345 0.007 0.123 
 22      333    (0)   10 :  0.004 0.002 0.001 0.006 0.006 0.003 0.004 0.006 0.967 
 23      918    (0)   10 :  0.114 0.002 0.006 0.013 0.013 0.008 0.003 0.005 0.835 
 24      919    (0)   10 :  0.003 0.002 0.002 0.006 0.006 0.008 0.005 0.004 0.964 
 25      920    (0)   10 :  0.002 0.001 0.003 0.007 0.008 0.005 0.007 0.005 0.961 
 26      921    (0)   10 :  0.002 0.002 0.002 0.004 0.004 0.005 0.006 0.971 0.004 
 27      922    (0)   10 :  0.003 0.002 0.001 0.007 0.007 0.019 0.018 0.007 0.936 
 28      926    (0)   10 :  0.002 0.001 0.001 0.003 0.003 0.003 0.003 0.008 0.975 
 29      927    (0)   10 :  0.004 0.004 0.001 0.004 0.005 0.007 0.003 0.014 0.958 
 30      928    (0)   10 :  0.004 0.002 0.002 0.021 0.020 0.045 0.006 0.015 0.884 
 31      929    (0)   10 :  0.002 0.003 0.006 0.026 0.025 0.039 0.025 0.019 0.856 
 32      930    (0)   10 :  0.004 0.002 0.008 0.044 0.045 0.012 0.016 0.039 0.829 
 33      932    (0)   10 :  0.004 0.003 0.002 0.005 0.006 0.006 0.010 0.947 0.017 
 34      933    (0)   10 :  0.133 0.002 0.007 0.011 0.016 0.008 0.003 0.007 0.813 
 35      949    (0)   10 :  0.002 0.001 0.001 0.003 0.003 0.003 0.003 0.981 0.003 
 36      950    (0)   10 :  0.013 0.003 0.003 0.086 0.054 0.005 0.004 0.129 0.703 
 37      964    (4)   10 :  0.002 0.006 0.010 0.014 0.014 0.009 0.005 0.017 0.922 
 38      986    (0)   10 :  0.004 0.004 0.002 0.013 0.014 0.013 0.007 0.014 0.930 
 39      987    (0)   10 :  0.022 0.005 0.002 0.103 0.162 0.068 0.018 0.013 0.607 
 40     1001    (4)   10 :  0.002 0.002 0.003 0.005 0.004 0.009 0.004 0.004 0.967 
 41     1002    (4)   10 :  0.008 0.005 0.005 0.005 0.006 0.007 0.003 0.003 0.958 
 42     1003    (2)   10 :  0.003 0.003 0.008 0.141 0.152 0.051 0.013 0.013 0.617 
 43     1004    (0)   10 :  0.004 0.006 0.004 0.006 0.006 0.003 0.003 0.003 0.965 
 44     1005    (0)   10 :  0.009 0.001 0.003 0.010 0.010 0.022 0.003 0.007 0.935 
 45     1010    (0)   10 :  0.005 0.001 0.001 0.003 0.003 0.006 0.006 0.003 0.971 
 46      341    (0)   11 :  0.012 0.026 0.003 0.323 0.555 0.005 0.004 0.067 0.005 
 47      343    (0)   11 :  0.010 0.013 0.004 0.292 0.639 0.010 0.002 0.008 0.023 
 48      914    (0)   11 :  0.004 0.001 0.002 0.005 0.005 0.013 0.007 0.005 0.959 
 49      916    (0)   11 :  0.004 0.016 0.003 0.373 0.439 0.028 0.121 0.004 0.012 
 50      924    (0)   11 :  0.016 0.014 0.002 0.128 0.116 0.004 0.007 0.009 0.704 
 51      938    (0)   11 :  0.002 0.002 0.004 0.008 0.008 0.016 0.012 0.922 0.026 
 52      939    (0)   11 :  0.011 0.002 0.002 0.009 0.009 0.013 0.004 0.549 0.403 
 53      940    (0)   11 :  0.003 0.014 0.005 0.050 0.037 0.003 0.005 0.044 0.839 
 54      941    (2)   11 :  0.010 0.017 0.007 0.006 0.007 0.003 0.004 0.927 0.018 
 55      942    (0)   11 :  0.015 0.008 0.003 0.396 0.523 0.007 0.008 0.010 0.030 
 56      943    (0)   11 :  0.003 0.002 0.002 0.480 0.332 0.018 0.061 0.004 0.099 
 57      944    (0)   11 :  0.004 0.002 0.004 0.024 0.019 0.031 0.014 0.005 0.898 
 58      945    (0)   11 :  0.002 0.002 0.002 0.006 0.006 0.003 0.004 0.013 0.963 
 59      946    (0)   11 :  0.003 0.008 0.058 0.298 0.429 0.008 0.009 0.009 0.178 
 60      947    (0)   11 :  0.032 0.004 0.002 0.623 0.286 0.005 0.004 0.005 0.039 
 61      951    (0)   11 :  0.010 0.026 0.004 0.436 0.470 0.004 0.006 0.013 0.031 
 62      952    (0)   11 :  0.080 0.001 0.015 0.317 0.457 0.007 0.005 0.021 0.097 
 63      953    (0)   11 :  0.011 0.008 0.004 0.016 0.020 0.013 0.018 0.884 0.027 
 64      954    (0)   11 :  0.008 0.011 0.010 0.314 0.233 0.014 0.004 0.035 0.370 
 65      955    (0)   11 :  0.014 0.018 0.012 0.570 0.291 0.004 0.003 0.013 0.073 
 66      961    (6)   11 :  0.003 0.004 0.002 0.634 0.300 0.017 0.013 0.013 0.013 
 67      974    (0)   11 :  0.024 0.002 0.011 0.470 0.325 0.007 0.003 0.064 0.093 
 68      975    (4)   11 :  0.003 0.007 0.002 0.350 0.510 0.025 0.017 0.012 0.075 
 69      980    (0)   11 :  0.014 0.007 0.002 0.330 0.245 0.008 0.010 0.030 0.354 
 70      981    (0)   11 :  0.003 0.025 0.003 0.229 0.432 0.017 0.008 0.270 0.012 
 71      982    (0)   11 :  0.002 0.003 0.002 0.070 0.059 0.040 0.013 0.004 0.809 
 72      984    (0)   11 :  0.004 0.008 0.010 0.269 0.593 0.030 0.012 0.051 0.024 
 73      985    (0)   11 :  0.008 0.005 0.004 0.529 0.414 0.008 0.004 0.014 0.014 
 74     2578    (6)   11 :  0.002 0.123 0.005 0.128 0.218 0.010 0.006 0.011 0.496 
 75     2580    (2)   11 :  0.003 0.003 0.007 0.568 0.358 0.023 0.022 0.009 0.007 
 76     2470    (4)   12 :  0.002 0.977 0.002 0.003 0.004 0.002 0.002 0.004 0.005 
 77     2471    (0)   12 :  0.003 0.964 0.006 0.003 0.004 0.003 0.002 0.013 0.002 
 78     2472    (0)   12 :  0.003 0.970 0.010 0.003 0.003 0.002 0.002 0.003 0.005 
 79     2484    (0)   12 :  0.025 0.946 0.007 0.005 0.007 0.002 0.002 0.004 0.003 
 80     2486    (2)   12 :  0.003 0.980 0.004 0.002 0.002 0.002 0.002 0.003 0.002 
 81     2487    (2)   12 :  0.006 0.967 0.003 0.004 0.004 0.003 0.003 0.007 0.004 
 82     2489    (0)   12 :  0.002 0.959 0.002 0.008 0.007 0.004 0.009 0.006 0.004 
 83     2596    (2)   12 :  0.016 0.941 0.003 0.010 0.014 0.002 0.002 0.002 0.010 
 84     1366    (0)   12 :  0.001 0.981 0.003 0.003 0.003 0.002 0.002 0.002 0.002 
 85     1367    (0)   12 :  0.005 0.974 0.002 0.004 0.004 0.006 0.002 0.003 0.002 
 86     1368    (0)   12 :  0.014 0.906 0.007 0.025 0.026 0.007 0.005 0.006 0.005 
 87     1369    (0)   12 :  0.005 0.927 0.030 0.006 0.006 0.004 0.013 0.004 0.005 
 88     1370    (0)   12 :  0.002 0.974 0.006 0.004 0.004 0.002 0.002 0.002 0.003 
 89     1371    (0)   12 :  0.003 0.981 0.002 0.003 0.003 0.003 0.002 0.002 0.002 
 90     1372    (0)   12 :  0.005 0.963 0.004 0.006 0.006 0.004 0.003 0.006 0.002 
 91     1373    (0)   12 :  0.002 0.961 0.012 0.005 0.005 0.004 0.003 0.003 0.003 
 92     1374    (0)   12 :  0.004 0.980 0.003 0.003 0.003 0.002 0.001 0.002 0.002 
 93     1375    (0)   12 :  0.003 0.982 0.005 0.002 0.002 0.001 0.001 0.001 0.002 
 94     2476    (0)   12 :  0.003 0.895 0.071 0.006 0.006 0.005 0.008 0.002 0.002 
 95     2478    (2)   12 :  0.002 0.978 0.004 0.003 0.004 0.002 0.002 0.003 0.003 
 96     2479    (4)   12 :  0.002 0.980 0.003 0.003 0.003 0.002 0.002 0.003 0.002 
 97     2481    (0)   12 :  0.002 0.961 0.003 0.005 0.005 0.003 0.005 0.011 0.005 
 98     2483    (6)   12 :  0.002 0.979 0.004 0.003 0.003 0.002 0.002 0.003 0.002 
 99     2485    (0)   12 :  0.002 0.983 0.002 0.003 0.003 0.001 0.002 0.002 0.003 
100     2488    (0)   12 :  0.002 0.982 0.004 0.002 0.002 0.001 0.001 0.002 0.004 
101     2490    (0)   12 :  0.003 0.981 0.002 0.003 0.003 0.002 0.002 0.003 0.002 
102     2492    (2)   12 :  0.003 0.980 0.004 0.002 0.002 0.002 0.003 0.002 0.002 
103     2493    (0)   12 :  0.006 0.936 0.001 0.006 0.006 0.007 0.005 0.022 0.010 
104     2494    (2)   12 :  0.001 0.962 0.003 0.006 0.007 0.005 0.007 0.004 0.005 
105     2495    (0)   12 :  0.007 0.884 0.004 0.012 0.014 0.009 0.028 0.032 0.010 
106     2496    (0)   12 :  0.003 0.984 0.002 0.002 0.002 0.002 0.001 0.002 0.002 
107     2497    (2)   12 :  0.002 0.975 0.008 0.003 0.003 0.002 0.002 0.002 0.002 
108     2592    (2)   12 :  0.002 0.978 0.002 0.002 0.003 0.004 0.005 0.003 0.001 
109     2593    (4)   12 :  0.002 0.980 0.002 0.002 0.002 0.002 0.002 0.005 0.002 
110     2595    (2)   12 :  0.003 0.979 0.002 0.003 0.003 0.002 0.002 0.004 0.002 
111     2498    (4)   13 :  0.007 0.006 0.005 0.008 0.008 0.918 0.017 0.026 0.006 
112     2513    (2)   13 :  0.009 0.002 0.002 0.005 0.005 0.942 0.025 0.005 0.006 
113     2514    (2)   13 :  0.004 0.008 0.002 0.035 0.036 0.819 0.052 0.030 0.016 
114     2597    (6)   13 :  0.004 0.002 0.009 0.013 0.014 0.900 0.018 0.023 0.017 
115     2499    (4)   13 :  0.013 0.002 0.004 0.052 0.038 0.788 0.085 0.009 0.008 
116     2500    (0)   13 :  0.006 0.008 0.004 0.008 0.007 0.946 0.012 0.006 0.002 
117     2506    (2)   13 :  0.004 0.003 0.004 0.005 0.006 0.859 0.111 0.005 0.004 
118     2509    (6)   13 :  0.021 0.004 0.008 0.038 0.042 0.769 0.030 0.079 0.011 
119     2511    (2)   13 :  0.005 0.002 0.001 0.008 0.007 0.550 0.415 0.004 0.007 
120     2512    (2)   13 :  0.002 0.002 0.006 0.005 0.005 0.899 0.075 0.003 0.005 
121     2515    (2)   13 :  0.002 0.001 0.001 0.007 0.008 0.480 0.489 0.003 0.008 
122     2516    (2)   13 :  0.002 0.001 0.001 0.014 0.013 0.828 0.119 0.012 0.010 
123     2517    (4)   13 :  0.003 0.004 0.002 0.007 0.007 0.661 0.282 0.006 0.029 
124     2518    (2)   13 :  0.006 0.003 0.004 0.024 0.020 0.653 0.200 0.009 0.081 
125     2519    (0)   13 :  0.016 0.003 0.002 0.089 0.105 0.666 0.056 0.011 0.052 
126     2520    (2)   13 :  0.002 0.002 0.002 0.003 0.003 0.737 0.246 0.002 0.003 
127     2521    (2)   13 :  0.004 0.002 0.002 0.053 0.049 0.219 0.588 0.069 0.014 
128     2603    (4)   13 :  0.003 0.004 0.003 0.023 0.032 0.872 0.037 0.024 0.004 
129     2606    (2)   13 :  0.002 0.002 0.004 0.009 0.009 0.941 0.018 0.007 0.008 
130      718    (0)   14 :  0.006 0.002 0.011 0.008 0.008 0.819 0.133 0.007 0.007 
131      719    (0)   14 :  0.009 0.003 0.004 0.026 0.025 0.873 0.027 0.009 0.024 
132      720    (0)   14 :  0.001 0.001 0.001 0.006 0.005 0.838 0.137 0.004 0.006 
133      721    (0)   14 :  0.017 0.006 0.012 0.018 0.016 0.815 0.099 0.004 0.013 
134      722    (0)   14 :  0.002 0.001 0.003 0.005 0.005 0.739 0.229 0.006 0.009 
135      723    (0)   14 :  0.003 0.001 0.001 0.005 0.005 0.895 0.065 0.013 0.012 
136      724    (0)   14 :  0.002 0.001 0.004 0.004 0.004 0.965 0.010 0.003 0.007 
137      725    (0)   14 :  0.005 0.002 0.003 0.004 0.004 0.878 0.097 0.003 0.004 
138      726    (0)   14 :  0.002 0.006 0.003 0.013 0.013 0.729 0.107 0.121 0.006 
139      727    (0)   14 :  0.003 0.001 0.002 0.002 0.002 0.980 0.004 0.002 0.003 
140      728    (2)   14 :  0.003 0.002 0.004 0.012 0.009 0.771 0.185 0.005 0.009 
141      729    (0)   14 :  0.004 0.002 0.007 0.010 0.011 0.630 0.153 0.015 0.168 
142      730    (0)   14 :  0.003 0.004 0.018 0.050 0.055 0.693 0.136 0.023 0.019 
143      731    (0)   14 :  0.006 0.002 0.004 0.009 0.010 0.697 0.257 0.005 0.011 
144      732    (0)   14 :  0.003 0.002 0.002 0.008 0.008 0.934 0.031 0.008 0.004 
145      733    (0)   14 :  0.003 0.001 0.009 0.004 0.004 0.738 0.218 0.011 0.012 
146      734    (0)   14 :  0.002 0.001 0.002 0.002 0.002 0.617 0.367 0.002 0.005 
147     1079    (0)   15 :  0.003 0.004 0.002 0.673 0.287 0.011 0.005 0.005 0.010 
148     1081    (0)   15 :  0.006 0.002 0.002 0.623 0.321 0.024 0.007 0.006 0.009 
149     1082    (2)   15 :  0.007 0.020 0.003 0.594 0.322 0.006 0.015 0.028 0.005 
150     1083    (0)   15 :  0.005 0.003 0.003 0.624 0.287 0.034 0.018 0.008 0.018 
151     2055    (0)   16 :  0.002 0.003 0.003 0.007 0.007 0.754 0.193 0.004 0.027 
152     2056    (0)   16 :  0.014 0.004 0.004 0.008 0.010 0.480 0.466 0.008 0.006 
153     2057    (0)   16 :  0.002 0.004 0.003 0.010 0.010 0.920 0.023 0.021 0.007 
154     2058    (0)   16 :  0.005 0.001 0.001 0.003 0.003 0.977 0.006 0.003 0.002 
155     2059    (0)   16 :  0.003 0.002 0.002 0.005 0.004 0.967 0.009 0.006 0.003 
156     2060    (0)   16 :  0.002 0.001 0.005 0.004 0.004 0.971 0.008 0.004 0.003 
157     2061    (0)   16 :  0.005 0.007 0.020 0.012 0.010 0.932 0.003 0.005 0.007 
158     2062    (0)   16 :  0.004 0.003 0.003 0.007 0.008 0.944 0.010 0.007 0.013 
159     2063    (0)   16 :  0.002 0.001 0.002 0.003 0.003 0.973 0.008 0.003 0.004 
160     2064    (0)   16 :  0.002 0.001 0.003 0.004 0.003 0.973 0.009 0.003 0.003 
161     2065    (0)   16 :  0.002 0.001 0.001 0.002 0.002 0.979 0.011 0.001 0.002 
162     2066    (0)   16 :  0.002 0.002 0.001 0.003 0.003 0.957 0.024 0.004 0.004 
163     2067    (0)   16 :  0.009 0.005 0.004 0.008 0.009 0.917 0.036 0.006 0.007 
164     2068    (0)   16 :  0.034 0.002 0.006 0.046 0.041 0.822 0.027 0.012 0.010 
165     2069    (0)   16 :  0.002 0.001 0.001 0.003 0.003 0.978 0.007 0.002 0.003 
166     2070    (0)   16 :  0.002 0.001 0.001 0.095 0.160 0.284 0.314 0.009 0.134 
167     2071    (0)   16 :  0.008 0.002 0.008 0.008 0.008 0.945 0.011 0.006 0.004 
168     2072    (0)   16 :  0.003 0.003 0.010 0.008 0.007 0.944 0.020 0.002 0.002 
169     2073    (0)   16 :  0.008 0.029 0.008 0.019 0.021 0.889 0.005 0.012 0.010 
170     2074    (0)   16 :  0.002 0.003 0.003 0.003 0.004 0.967 0.013 0.002 0.002 
171     2075    (0)   16 :  0.024 0.002 0.003 0.006 0.006 0.890 0.062 0.003 0.004 
172     2076    (0)   16 :  0.002 0.001 0.001 0.002 0.002 0.984 0.003 0.003 0.002 
173     2077    (0)   16 :  0.008 0.006 0.005 0.009 0.010 0.923 0.011 0.014 0.013 
174     2078    (0)   16 :  0.003 0.001 0.004 0.004 0.004 0.956 0.017 0.003 0.008 
175     2079    (0)   16 :  0.038 0.002 0.001 0.009 0.009 0.911 0.004 0.014 0.012 
176     2080    (0)   16 :  0.019 0.021 0.003 0.021 0.020 0.907 0.003 0.004 0.003 
177     2081    (0)   16 :  0.003 0.001 0.002 0.004 0.004 0.974 0.006 0.004 0.003 
178     2082    (0)   16 :  0.006 0.002 0.002 0.012 0.013 0.828 0.125 0.005 0.006 
179     2083    (0)   16 :  0.002 0.004 0.003 0.011 0.012 0.903 0.052 0.007 0.006 
180     2084    (0)   16 :  0.008 0.002 0.002 0.007 0.008 0.950 0.010 0.006 0.008 
181     2085    (0)   16 :  0.003 0.004 0.001 0.007 0.008 0.813 0.145 0.005 0.013 
182     2086    (0)   16 :  0.004 0.002 0.003 0.011 0.011 0.949 0.005 0.008 0.007 
183     2087    (0)   16 :  0.040 0.002 0.004 0.005 0.006 0.930 0.005 0.004 0.005 
184     2088    (0)   16 :  0.016 0.002 0.003 0.016 0.017 0.868 0.009 0.034 0.034 
185     2089    (0)   16 :  0.002 0.001 0.001 0.002 0.002 0.980 0.007 0.002 0.002 
186     2090    (0)   16 :  0.034 0.004 0.005 0.007 0.007 0.924 0.011 0.006 0.004 
187     2091    (0)   16 :  0.003 0.001 0.001 0.004 0.004 0.968 0.008 0.006 0.004 
188     2092    (0)   16 :  0.021 0.001 0.002 0.005 0.005 0.929 0.030 0.003 0.004 
189     2093    (0)   16 :  0.002 0.001 0.001 0.003 0.003 0.979 0.006 0.002 0.003 
190     2094    (0)   16 :  0.001 0.001 0.002 0.003 0.003 0.849 0.135 0.003 0.003 
191     2095    (0)   16 :  0.034 0.001 0.005 0.005 0.005 0.935 0.004 0.005 0.005 
192     2096    (0)   16 :  0.002 0.001 0.001 0.002 0.002 0.923 0.061 0.004 0.003 
193     2097    (0)   16 :  0.001 0.001 0.002 0.003 0.003 0.975 0.006 0.006 0.003 
194     2098    (0)   16 :  0.015 0.007 0.003 0.021 0.021 0.886 0.009 0.021 0.017 
195     2099    (0)   16 :  0.003 0.001 0.007 0.031 0.026 0.458 0.427 0.027 0.019 
196     2100    (0)   16 :  0.004 0.003 0.002 0.015 0.012 0.920 0.009 0.028 0.007 
197     2101    (0)   16 :  0.005 0.002 0.002 0.004 0.004 0.964 0.006 0.007 0.006 
198     2102    (2)   16 :  0.002 0.001 0.002 0.004 0.004 0.961 0.021 0.002 0.003 
199     2103    (0)   16 :  0.004 0.001 0.002 0.005 0.005 0.886 0.080 0.008 0.008 
200     2104    (0)   16 :  0.002 0.001 0.001 0.007 0.007 0.928 0.003 0.006 0.045 
201     2105    (0)   16 :  0.003 0.001 0.006 0.006 0.006 0.928 0.019 0.004 0.027 
202     2106    (0)   16 :  0.002 0.002 0.002 0.015 0.012 0.924 0.030 0.007 0.006 
203     2107    (0)   16 :  0.004 0.002 0.002 0.007 0.007 0.944 0.013 0.004 0.017 
204     2108    (0)   16 :  0.004 0.002 0.004 0.010 0.010 0.954 0.006 0.003 0.007 
205     2109    (0)   16 :  0.003 0.002 0.005 0.009 0.009 0.762 0.192 0.007 0.011 
206     2110    (0)   16 :  0.004 0.002 0.004 0.007 0.007 0.943 0.004 0.004 0.026 
207     2111    (0)   16 :  0.004 0.001 0.001 0.004 0.003 0.968 0.004 0.005 0.010 
208     2112    (0)   16 :  0.003 0.001 0.003 0.003 0.004 0.918 0.059 0.006 0.003 
209     2583    (2)   16 :  0.009 0.005 0.005 0.004 0.004 0.934 0.031 0.005 0.004 
210     2584    (4)   16 :  0.004 0.004 0.003 0.012 0.015 0.935 0.013 0.012 0.003 
211     2587    (2)   16 :  0.003 0.001 0.001 0.004 0.004 0.963 0.008 0.007 0.009 
212     2590    (2)   16 :  0.002 0.003 0.011 0.005 0.005 0.951 0.016 0.003 0.004 
213     2591    (6)   16 :  0.010 0.002 0.001 0.008 0.007 0.920 0.028 0.012 0.011 
214       87    (0)    2 :  0.015 0.004 0.005 0.008 0.010 0.018 0.921 0.010 0.010 
215       88    (0)    2 :  0.002 0.001 0.001 0.002 0.002 0.013 0.975 0.002 0.002 
216       90    (0)    2 :  0.001 0.001 0.001 0.002 0.002 0.743 0.244 0.002 0.003 
217       92    (0)    2 :  0.003 0.002 0.002 0.010 0.009 0.130 0.818 0.013 0.013 
218       96    (0)    2 :  0.021 0.002 0.002 0.008 0.008 0.828 0.047 0.079 0.006 
219       97    (0)    2 :  0.003 0.001 0.001 0.005 0.005 0.082 0.885 0.011 0.006 
220      105    (0)    2 :  0.007 0.001 0.002 0.004 0.004 0.016 0.960 0.003 0.004 
221      120    (0)    2 :  0.001 0.001 0.003 0.002 0.003 0.004 0.979 0.004 0.002 
222      123    (0)    2 :  0.003 0.001 0.001 0.003 0.003 0.829 0.152 0.003 0.005 
223      128    (0)    2 :  0.003 0.002 0.002 0.005 0.005 0.967 0.010 0.005 0.002 
224      129    (0)    2 :  0.004 0.002 0.002 0.006 0.007 0.859 0.099 0.005 0.016 
225      132    (0)    2 :  0.002 0.001 0.002 0.005 0.005 0.012 0.963 0.007 0.002 
226      504    (0)    2 :  0.003 0.001 0.001 0.005 0.005 0.390 0.582 0.004 0.009 
227      505    (0)    2 :  0.003 0.002 0.001 0.005 0.006 0.138 0.833 0.004 0.008 
228      506    (0)    2 :  0.003 0.019 0.002 0.011 0.010 0.394 0.542 0.015 0.005 
229      507    (0)    2 :  0.003 0.002 0.004 0.005 0.005 0.042 0.917 0.004 0.017 
230      508    (0)    2 :  0.003 0.003 0.024 0.014 0.013 0.012 0.907 0.015 0.009 
231      509    (0)    2 :  0.003 0.003 0.003 0.017 0.012 0.103 0.850 0.002 0.006 
232      510    (0)    2 :  0.002 0.001 0.002 0.005 0.004 0.004 0.973 0.003 0.006 
233      511    (0)    2 :  0.013 0.003 0.002 0.007 0.007 0.162 0.796 0.003 0.006 
234      512    (0)    2 :  0.005 0.002 0.002 0.004 0.004 0.248 0.727 0.004 0.005 
235      513    (0)    2 :  0.002 0.001 0.002 0.004 0.004 0.060 0.922 0.003 0.003 
236      514    (0)    2 :  0.016 0.003 0.003 0.011 0.012 0.734 0.188 0.027 0.005 
237      515    (0)    2 :  0.004 0.004 0.009 0.017 0.016 0.125 0.793 0.019 0.013 
238      558    (0)    2 :  0.003 0.001 0.005 0.006 0.006 0.146 0.808 0.006 0.019 
239      559    (0)    2 :  0.001 0.002 0.002 0.003 0.003 0.758 0.224 0.004 0.002 
240      560    (0)    2 :  0.006 0.001 0.009 0.004 0.004 0.757 0.211 0.004 0.003 
241      561    (0)    2 :  0.004 0.002 0.003 0.005 0.005 0.264 0.712 0.002 0.003 
242      562    (0)    2 :  0.002 0.003 0.003 0.009 0.009 0.042 0.911 0.016 0.006 
243      563    (0)    2 :  0.002 0.003 0.003 0.003 0.003 0.003 0.978 0.003 0.002 
244      564    (0)    2 :  0.003 0.002 0.010 0.005 0.006 0.272 0.685 0.008 0.007 
245      136    (0)    3 :  0.004 0.005 0.001 0.006 0.006 0.965 0.005 0.003 0.004 
246      138    (0)    3 :  0.003 0.002 0.003 0.005 0.005 0.956 0.016 0.004 0.006 
247      140    (0)    3 :  0.007 0.001 0.002 0.006 0.006 0.945 0.014 0.008 0.010 
248      141    (0)    3 :  0.004 0.002 0.006 0.026 0.031 0.909 0.008 0.004 0.009 
249      144    (0)    3 :  0.015 0.002 0.002 0.005 0.005 0.954 0.007 0.006 0.003 
250      146    (0)    3 :  0.004 0.002 0.003 0.004 0.004 0.916 0.056 0.009 0.002 
251      148    (0)    3 :  0.001 0.007 0.006 0.019 0.019 0.861 0.067 0.012 0.007 
252      150    (0)    3 :  0.001 0.002 0.007 0.004 0.004 0.967 0.005 0.003 0.006 
253      152    (0)    3 :  0.002 0.001 0.001 0.004 0.003 0.971 0.012 0.002 0.004 
254      666    (0)    3 :  0.002 0.002 0.002 0.005 0.005 0.970 0.006 0.002 0.007 
255      667    (0)    3 :  0.002 0.002 0.001 0.011 0.014 0.946 0.011 0.007 0.006 
256      668    (0)    3 :  0.003 0.003 0.009 0.007 0.008 0.913 0.034 0.004 0.019 
257      669    (0)    3 :  0.002 0.003 0.003 0.004 0.004 0.922 0.052 0.003 0.008 
258      670    (0)    3 :  0.002 0.002 0.015 0.015 0.014 0.828 0.037 0.022 0.066 
259      684    (0)    3 :  0.002 0.001 0.003 0.003 0.003 0.969 0.010 0.003 0.004 
260      685    (0)    3 :  0.003 0.007 0.007 0.006 0.005 0.959 0.005 0.005 0.002 
261      686    (0)    3 :  0.003 0.002 0.003 0.005 0.005 0.865 0.107 0.003 0.007 
262      687    (0)    3 :  0.004 0.001 0.001 0.004 0.004 0.975 0.004 0.003 0.004 
263      688    (2)    3 :  0.003 0.001 0.002 0.003 0.003 0.975 0.005 0.003 0.004 
264      689    (0)    3 :  0.005 0.024 0.003 0.007 0.008 0.926 0.011 0.008 0.010 
265      165    (0)    4 :  0.003 0.004 0.003 0.012 0.011 0.922 0.019 0.013 0.013 
266      167    (0)    4 :  0.003 0.002 0.050 0.031 0.024 0.603 0.022 0.249 0.017 
267      170    (0)    4 :  0.010 0.003 0.004 0.007 0.007 0.928 0.013 0.011 0.016 
268      714    (0)    4 :  0.002 0.003 0.003 0.007 0.008 0.368 0.597 0.007 0.006 
269      715    (2)    4 :  0.004 0.028 0.021 0.102 0.130 0.333 0.305 0.051 0.025 
270      716    (0)    4 :  0.003 0.040 0.014 0.014 0.015 0.871 0.011 0.016 0.018 
271      717    (2)    4 :  0.007 0.004 0.013 0.190 0.272 0.114 0.258 0.126 0.016 
272     2346    (2)    4 :  0.035 0.754 0.004 0.046 0.048 0.006 0.007 0.059 0.042 
273      189    (0)    5 :  0.914 0.002 0.006 0.006 0.007 0.010 0.010 0.038 0.008 
274      190    (0)    5 :  0.980 0.002 0.002 0.002 0.003 0.003 0.002 0.003 0.002 
275      193    (0)    5 :  0.968 0.003 0.001 0.007 0.008 0.003 0.004 0.003 0.003 
276      761    (0)    5 :  0.982 0.001 0.001 0.002 0.002 0.002 0.002 0.004 0.003 
277      762    (0)    5 :  0.974 0.002 0.002 0.003 0.003 0.004 0.002 0.003 0.006 
278      763    (0)    5 :  0.971 0.002 0.003 0.004 0.004 0.005 0.005 0.003 0.005 
279      764    (0)    5 :  0.979 0.001 0.002 0.002 0.003 0.004 0.002 0.003 0.004 
280      765    (0)    5 :  0.971 0.002 0.001 0.005 0.005 0.004 0.003 0.004 0.004 
281      778    (0)    5 :  0.888 0.008 0.015 0.018 0.019 0.018 0.014 0.013 0.008 
282      779    (0)    5 :  0.972 0.002 0.002 0.003 0.003 0.006 0.002 0.006 0.004 
283      780    (0)    5 :  0.981 0.002 0.002 0.003 0.003 0.002 0.002 0.002 0.004 
284      781    (0)    5 :  0.965 0.002 0.013 0.003 0.003 0.003 0.006 0.003 0.002 
285      782    (0)    5 :  0.966 0.002 0.002 0.005 0.005 0.008 0.007 0.003 0.002 
286      783    (0)    5 :  0.990 0.001 0.001 0.001 0.001 0.002 0.001 0.001 0.001 
287      784    (0)    5 :  0.972 0.001 0.001 0.004 0.005 0.003 0.004 0.007 0.003 
288      785    (0)    5 :  0.974 0.002 0.003 0.004 0.004 0.003 0.003 0.003 0.005 
289      786    (0)    5 :  0.974 0.002 0.001 0.003 0.003 0.003 0.002 0.006 0.005 
290      787    (0)    5 :  0.980 0.001 0.002 0.003 0.003 0.004 0.002 0.002 0.002 
291      788    (0)    5 :  0.941 0.003 0.005 0.012 0.011 0.008 0.009 0.002 0.008 
292      789    (0)    5 :  0.946 0.021 0.002 0.007 0.008 0.003 0.002 0.007 0.003 
293      790    (0)    5 :  0.965 0.002 0.005 0.004 0.004 0.004 0.002 0.011 0.004 
294      791    (0)    5 :  0.962 0.002 0.002 0.007 0.006 0.009 0.004 0.003 0.006 
295      792    (0)    5 :  0.983 0.002 0.003 0.002 0.002 0.002 0.002 0.002 0.002 
296      793    (0)    5 :  0.968 0.002 0.002 0.005 0.005 0.006 0.003 0.004 0.005 
297      794    (0)    5 :  0.973 0.002 0.002 0.005 0.004 0.002 0.003 0.005 0.004 
298      795    (0)    5 :  0.973 0.004 0.002 0.004 0.004 0.002 0.004 0.003 0.003 
299      796    (0)    5 :  0.983 0.004 0.003 0.002 0.002 0.002 0.001 0.002 0.002 
300      797    (0)    5 :  0.983 0.001 0.002 0.002 0.002 0.002 0.002 0.002 0.003 
301      798    (0)    5 :  0.974 0.001 0.002 0.003 0.003 0.005 0.004 0.003 0.005 
302      282    (0)    6 :  0.002 0.033 0.933 0.008 0.009 0.003 0.005 0.003 0.004 
303      284    (0)    6 :  0.013 0.002 0.964 0.004 0.004 0.004 0.003 0.003 0.004 
304      287    (0)    6 :  0.003 0.002 0.974 0.005 0.005 0.002 0.002 0.003 0.004 
305      295    (0)    6 :  0.001 0.002 0.990 0.001 0.001 0.001 0.001 0.001 0.001 
306      302    (0)    6 :  0.001 0.003 0.988 0.001 0.001 0.001 0.001 0.001 0.001 
307      306    (4)    6 :  0.005 0.152 0.804 0.009 0.011 0.007 0.003 0.002 0.007 
308      308    (0)    6 :  0.001 0.001 0.986 0.002 0.002 0.002 0.003 0.001 0.001 
309      867    (0)    6 :  0.001 0.036 0.955 0.002 0.002 0.001 0.002 0.001 0.002 
310      315    (0)    7 :  0.046 0.002 0.008 0.315 0.444 0.014 0.006 0.010 0.154 
311      565    (0)    7 :  0.021 0.004 0.002 0.300 0.641 0.008 0.012 0.006 0.006 
312      566    (2)    7 :  0.015 0.006 0.004 0.068 0.080 0.010 0.013 0.041 0.763 
313      567    (2)    7 :  0.004 0.003 0.002 0.583 0.346 0.031 0.010 0.016 0.005 
314      877    (0)    7 :  0.004 0.003 0.002 0.607 0.328 0.009 0.027 0.011 0.010 
315      878    (0)    7 :  0.006 0.016 0.009 0.592 0.307 0.004 0.005 0.053 0.008 
316      879    (0)    7 :  0.005 0.025 0.005 0.267 0.575 0.007 0.012 0.092 0.011 
317      880    (0)    7 :  0.004 0.007 0.002 0.603 0.350 0.006 0.009 0.011 0.007 
318      881    (0)    7 :  0.009 0.016 0.006 0.467 0.466 0.006 0.006 0.007 0.016 
319      882    (0)    7 :  0.008 0.039 0.023 0.590 0.293 0.006 0.006 0.030 0.005 
320      883    (0)    7 :  0.004 0.023 0.006 0.505 0.402 0.009 0.009 0.020 0.022 
321      884    (0)    7 :  0.003 0.002 0.002 0.409 0.184 0.019 0.017 0.011 0.353 
322      885    (0)    7 :  0.004 0.005 0.008 0.548 0.301 0.005 0.023 0.015 0.091 
323      886    (0)    7 :  0.187 0.006 0.008 0.432 0.328 0.009 0.005 0.005 0.021 
324      887    (0)    7 :  0.004 0.044 0.011 0.022 0.026 0.017 0.014 0.067 0.794 
325      888    (0)    7 :  0.005 0.002 0.004 0.535 0.309 0.023 0.113 0.003 0.006 
326      889    (0)    7 :  0.004 0.011 0.007 0.255 0.512 0.006 0.006 0.095 0.104 
327      890    (0)    7 :  0.016 0.005 0.004 0.442 0.497 0.006 0.005 0.012 0.013 
328      891    (0)    7 :  0.004 0.004 0.002 0.672 0.289 0.010 0.008 0.007 0.005 
329      892    (0)    7 :  0.004 0.002 0.008 0.495 0.368 0.009 0.009 0.095 0.010 
330      893    (0)    7 :  0.096 0.004 0.003 0.336 0.461 0.039 0.005 0.005 0.051 
331      319    (2)    8 :  0.005 0.004 0.002 0.346 0.576 0.008 0.006 0.045 0.008 
332      335    (0)    8 :  0.012 0.004 0.007 0.281 0.661 0.009 0.004 0.012 0.010 
333      895    (0)    8 :  0.005 0.131 0.006 0.358 0.455 0.006 0.003 0.025 0.011 
334      896    (0)    8 :  0.003 0.004 0.006 0.368 0.526 0.009 0.054 0.020 0.011 
335      897    (0)    8 :  0.006 0.004 0.002 0.539 0.420 0.004 0.012 0.004 0.008 
336      898    (0)    8 :  0.005 0.004 0.002 0.553 0.246 0.005 0.006 0.006 0.172 
337      899    (0)    8 :  0.004 0.008 0.004 0.359 0.350 0.166 0.013 0.009 0.087 
338      900    (0)    8 :  0.037 0.005 0.013 0.334 0.515 0.009 0.017 0.023 0.048 
339      901    (0)    8 :  0.023 0.033 0.003 0.249 0.450 0.169 0.010 0.045 0.017 
340      902    (0)    8 :  0.003 0.087 0.009 0.345 0.459 0.031 0.006 0.026 0.035 
341      903    (0)    8 :  0.003 0.004 0.024 0.417 0.527 0.004 0.010 0.006 0.005 
342      904    (0)    8 :  0.002 0.002 0.007 0.667 0.288 0.008 0.011 0.009 0.006 
343      905    (0)    8 :  0.004 0.090 0.010 0.249 0.489 0.093 0.030 0.031 0.005 
344      906    (0)    8 :  0.004 0.092 0.005 0.468 0.404 0.004 0.006 0.006 0.010 
345      907    (0)    8 :  0.007 0.048 0.011 0.386 0.447 0.006 0.038 0.009 0.048 
346      908    (0)    8 :  0.006 0.002 0.003 0.573 0.367 0.019 0.009 0.004 0.018 
347      909    (0)    8 :  0.284 0.005 0.005 0.024 0.016 0.015 0.005 0.003 0.642 
348      910    (0)    8 :  0.071 0.041 0.002 0.349 0.509 0.006 0.006 0.005 0.011 
349      911    (0)    8 :  0.030 0.010 0.008 0.352 0.543 0.020 0.005 0.007 0.026 
350      912    (0)    8 :  0.003 0.008 0.007 0.379 0.535 0.006 0.007 0.007 0.048 
351      913    (0)    8 :  0.041 0.005 0.126 0.173 0.185 0.041 0.014 0.006 0.407 
352     2411    (0)    8 :  0.004 0.005 0.003 0.611 0.348 0.008 0.008 0.005 0.007 
353     2412    (0)    8 :  0.007 0.003 0.022 0.035 0.042 0.007 0.018 0.027 0.839 
354     2413    (0)    8 :  0.017 0.026 0.007 0.420 0.493 0.012 0.014 0.007 0.005 
355     2414    (0)    8 :  0.002 0.004 0.004 0.327 0.618 0.008 0.004 0.006 0.028 
356     2415    (2)    8 :  0.028 0.003 0.003 0.415 0.432 0.020 0.029 0.033 0.037 
357     2417    (4)    8 :  0.007 0.013 0.004 0.362 0.400 0.097 0.015 0.006 0.096 
358     2418    (4)    8 :  0.006 0.011 0.003 0.562 0.391 0.005 0.008 0.008 0.006 
359     2419    (2)    8 :  0.004 0.003 0.002 0.323 0.587 0.005 0.004 0.017 0.054 
360     2420    (0)    8 :  0.006 0.005 0.057 0.359 0.546 0.003 0.006 0.007 0.012 
361     2421    (0)    8 :  0.013 0.006 0.005 0.354 0.409 0.006 0.014 0.038 0.155 
362     2422    (2)    8 :  0.212 0.008 0.004 0.377 0.342 0.007 0.003 0.039 0.007 
363     2423    (0)    8 :  0.008 0.007 0.006 0.383 0.506 0.032 0.023 0.022 0.012 
364     2576    (0)    8 :  0.008 0.008 0.060 0.307 0.567 0.011 0.011 0.010 0.018 
365      321    (0)    9 :  0.004 0.002 0.003 0.019 0.028 0.017 0.004 0.045 0.878 
366      338    (0)    9 :  0.002 0.002 0.002 0.004 0.004 0.004 0.002 0.005 0.975 
367      339    (0)    9 :  0.006 0.018 0.003 0.013 0.016 0.032 0.015 0.015 0.881 
368      363    (0)    9 :  0.006 0.005 0.009 0.023 0.017 0.004 0.003 0.909 0.025 
369      915    (0)    9 :  0.002 0.001 0.003 0.005 0.005 0.010 0.005 0.004 0.966 
370      917    (0)    9 :  0.003 0.002 0.001 0.025 0.028 0.006 0.003 0.180 0.752 
371      923    (0)    9 :  0.018 0.004 0.007 0.275 0.337 0.015 0.010 0.027 0.308 
372      925    (0)    9 :  0.005 0.002 0.004 0.004 0.005 0.005 0.008 0.004 0.963 
373      931    (0)    9 :  0.007 0.003 0.002 0.259 0.197 0.005 0.008 0.030 0.489 
374      935    (0)    9 :  0.004 0.004 0.003 0.009 0.011 0.007 0.004 0.006 0.953 
375      936    (0)    9 :  0.007 0.005 0.004 0.008 0.008 0.003 0.003 0.009 0.952 
376      937    (0)    9 :  0.002 0.002 0.001 0.011 0.011 0.003 0.004 0.009 0.957 
377      948    (0)    9 :  0.014 0.013 0.004 0.181 0.124 0.010 0.008 0.037 0.609 
378      956    (0)    9 :  0.003 0.003 0.001 0.008 0.008 0.009 0.012 0.005 0.951 
379      957    (0)    9 :  0.003 0.004 0.003 0.014 0.012 0.003 0.003 0.036 0.923 
380      967    (0)    9 :  0.003 0.002 0.003 0.012 0.012 0.004 0.003 0.010 0.951 
381      968    (2)    9 :  0.007 0.006 0.002 0.089 0.080 0.006 0.080 0.017 0.712 
382      969    (4)    9 :  0.013 0.006 0.003 0.031 0.031 0.009 0.006 0.020 0.882 
383      970    (2)    9 :  0.006 0.008 0.035 0.248 0.152 0.006 0.007 0.255 0.283 
384      971    (6)    9 :  0.003 0.002 0.002 0.007 0.006 0.012 0.006 0.193 0.770 
385      972    (0)    9 :  0.006 0.004 0.009 0.010 0.013 0.004 0.010 0.005 0.940 
386      973    (2)    9 :  0.013 0.018 0.003 0.357 0.551 0.006 0.013 0.006 0.032 
387      978    (0)    9 :  0.027 0.010 0.003 0.007 0.010 0.004 0.022 0.005 0.913 
388      979    (0)    9 :  0.002 0.057 0.004 0.065 0.066 0.464 0.126 0.089 0.127 
389      988    (6)    9 :  0.003 0.002 0.001 0.005 0.005 0.006 0.004 0.964 0.009 
390      989    (0)    9 :  0.005 0.003 0.004 0.071 0.058 0.015 0.021 0.042 0.780 
391      990    (0)    9 :  0.037 0.003 0.007 0.232 0.414 0.016 0.004 0.017 0.271 
392      991    (0)    9 :  0.004 0.002 0.002 0.004 0.004 0.002 0.003 0.012 0.966 
393      992    (0)    9 :  0.003 0.003 0.012 0.011 0.012 0.006 0.023 0.009 0.921 
394     1006    (2)    9 :  0.013 0.001 0.002 0.006 0.006 0.010 0.019 0.005 0.938 
395     1017    (0)    9 :  0.015 0.004 0.003 0.075 0.122 0.107 0.158 0.007 0.510 
396     2582    (4)    9 :  0.026 0.003 0.012 0.022 0.019 0.053 0.021 0.004 0.840 


Estimated Allele Frequencies in each cluster
First column gives estimated ancestral frequencies


Locus 1 : 1 
4 alleles
0.0% missing data
  89   (0.523) 0.638 0.292 0.074 0.542 0.541 0.633 0.333 0.441 0.530 
  93   (0.074) 0.049 0.044 0.039 0.072 0.068 0.055 0.123 0.022 0.044 
  91   (0.380) 0.312 0.663 0.734 0.370 0.370 0.311 0.542 0.532 0.403 
  99   (0.023) 0.001 0.001 0.153 0.016 0.020 0.001 0.002 0.005 0.023 

Locus 2 : 2 
6 alleles
1.3% missing data
 136   (0.344) 0.460 0.448 0.201 0.367 0.353 0.520 0.680 0.199 0.091 
 138   (0.282) 0.159 0.226 0.750 0.259 0.272 0.254 0.140 0.266 0.526 
 140   (0.084) 0.005 0.110 0.011 0.088 0.086 0.064 0.018 0.110 0.034 
 134   (0.240) 0.372 0.203 0.032 0.220 0.234 0.160 0.158 0.405 0.244 
 142   (0.026) 0.002 0.011 0.003 0.024 0.024 0.001 0.002 0.015 0.101 
 132   (0.024) 0.001 0.002 0.003 0.042 0.031 0.001 0.002 0.005 0.004 

Locus 3 : 3 
6 alleles
0.0% missing data
 187   (0.365) 0.264 0.359 0.750 0.369 0.364 0.511 0.521 0.383 0.187 
 179   (0.228) 0.015 0.060 0.031 0.258 0.239 0.233 0.350 0.265 0.230 
 181   (0.232) 0.073 0.080 0.196 0.198 0.223 0.230 0.113 0.269 0.340 
 175   (0.058) 0.004 0.227 0.007 0.068 0.060 0.001 0.005 0.019 0.133 
 185   (0.077) 0.450 0.263 0.010 0.077 0.076 0.002 0.007 0.055 0.102 
 191   (0.041) 0.195 0.011 0.005 0.029 0.038 0.022 0.004 0.010 0.009 

Locus 4 : 4 
10 alleles
0.0% missing data
 241   (0.148) 0.150 0.514 0.205 0.131 0.139 0.028 0.302 0.094 0.154 
 269   (0.160) 0.104 0.020 0.233 0.154 0.157 0.138 0.050 0.245 0.211 
 253   (0.499) 0.466 0.187 0.538 0.526 0.518 0.733 0.555 0.409 0.576 
 247   (0.071) 0.272 0.029 0.009 0.105 0.081 0.002 0.006 0.093 0.036 
 271   (0.047) 0.003 0.113 0.007 0.030 0.040 0.027 0.045 0.141 0.013 
 249   (0.033) 0.002 0.069 0.004 0.024 0.029 0.071 0.036 0.008 0.004 
 245   (0.013) 0.001 0.066 0.002 0.009 0.011 0.000 0.001 0.003 0.001 
 257   (0.008) 0.001 0.001 0.001 0.005 0.007 0.000 0.004 0.002 0.002 
 239   (0.009) 0.001 0.001 0.001 0.006 0.008 0.000 0.001 0.002 0.001 
 273   (0.011) 0.001 0.001 0.001 0.011 0.011 0.000 0.001 0.003 0.001 

Locus 5 : 5 
7 alleles
0.8% missing data
 103   (0.820) 0.961 0.744 0.975 0.802 0.806 0.989 0.980 0.943 0.935 
 104   (0.074) 0.005 0.061 0.011 0.078 0.085 0.008 0.010 0.025 0.034 
 105   (0.052) 0.003 0.167 0.007 0.079 0.061 0.001 0.005 0.018 0.025 
 102   (0.018) 0.001 0.001 0.003 0.020 0.020 0.000 0.002 0.005 0.003 
 107   (0.013) 0.001 0.026 0.002 0.008 0.011 0.000 0.001 0.003 0.001 
  99   (0.009) 0.014 0.001 0.001 0.004 0.006 0.000 0.001 0.002 0.001 
 101   (0.013) 0.015 0.001 0.002 0.008 0.011 0.000 0.001 0.004 0.001 

Locus 6 : 6 
5 alleles
0.3% missing data
 141   (0.290) 0.138 0.127 0.041 0.252 0.277 0.586 0.341 0.585 0.255 
 145   (0.376) 0.264 0.024 0.388 0.462 0.413 0.195 0.137 0.188 0.547 
 147   (0.076) 0.312 0.129 0.012 0.053 0.069 0.042 0.169 0.046 0.010 
 135   (0.244) 0.285 0.642 0.558 0.224 0.230 0.176 0.351 0.179 0.186 
 137   (0.013) 0.001 0.078 0.002 0.009 0.011 0.000 0.001 0.003 0.001 

Locus 7 : 7 
10 alleles
1.0% missing data
  93   (0.234) 0.073 0.123 0.717 0.215 0.224 0.340 0.385 0.256 0.294 
 103   (0.242) 0.503 0.016 0.036 0.291 0.257 0.390 0.308 0.241 0.362 
  97   (0.213) 0.256 0.274 0.146 0.218 0.215 0.154 0.156 0.186 0.128 
  91   (0.076) 0.153 0.057 0.066 0.058 0.072 0.035 0.008 0.025 0.035 
  83   (0.053) 0.003 0.004 0.007 0.064 0.065 0.001 0.004 0.014 0.044 
  89   (0.109) 0.007 0.302 0.016 0.092 0.102 0.034 0.127 0.258 0.107 
  85   (0.040) 0.002 0.003 0.006 0.043 0.040 0.045 0.009 0.012 0.026 
 105   (0.015) 0.001 0.084 0.002 0.011 0.013 0.000 0.001 0.003 0.002 
  99   (0.009) 0.001 0.012 0.002 0.004 0.006 0.000 0.001 0.002 0.001 
 101   (0.009) 0.001 0.127 0.001 0.004 0.006 0.000 0.001 0.002 0.001 

Locus 8 : 8 
8 alleles
0.0% missing data
 129   (0.521) 0.642 0.324 0.148 0.541 0.531 0.706 0.467 0.536 0.687 
 149   (0.106) 0.017 0.284 0.014 0.086 0.100 0.126 0.087 0.116 0.059 
 143   (0.258) 0.134 0.302 0.745 0.261 0.260 0.074 0.315 0.320 0.217 
 141   (0.061) 0.203 0.004 0.008 0.061 0.058 0.093 0.127 0.015 0.024 
 131   (0.012) 0.002 0.001 0.048 0.006 0.009 0.000 0.001 0.003 0.007 
 133   (0.016) 0.001 0.001 0.002 0.024 0.018 0.000 0.002 0.003 0.004 
 127   (0.019) 0.001 0.084 0.034 0.016 0.016 0.000 0.002 0.005 0.002 
 145   (0.008) 0.001 0.001 0.001 0.006 0.008 0.000 0.001 0.002 0.001 

Locus 9 : 9 
4 alleles
0.0% missing data
 191   (0.372) 0.545 0.322 0.263 0.362 0.372 0.561 0.626 0.228 0.317 
 195   (0.148) 0.056 0.336 0.393 0.121 0.134 0.187 0.050 0.207 0.230 
 189   (0.471) 0.398 0.341 0.343 0.512 0.488 0.249 0.324 0.562 0.452 
 193   (0.009) 0.001 0.001 0.001 0.005 0.006 0.003 0.001 0.003 0.001 

Locus 10 : 10 
7 alleles
0.3% missing data
 238   (0.561) 0.351 0.740 0.405 0.552 0.560 0.581 0.410 0.864 0.748 
 252   (0.103) 0.036 0.016 0.021 0.100 0.103 0.116 0.176 0.036 0.071 
 232   (0.240) 0.275 0.132 0.192 0.265 0.247 0.280 0.406 0.076 0.170 
 254   (0.049) 0.253 0.081 0.375 0.043 0.044 0.022 0.005 0.012 0.005 
 248   (0.022) 0.083 0.001 0.003 0.019 0.022 0.001 0.002 0.006 0.002 
 236   (0.008) 0.001 0.001 0.001 0.006 0.008 0.000 0.001 0.002 0.001 
 250   (0.016) 0.001 0.028 0.002 0.015 0.016 0.000 0.001 0.003 0.002 

Locus 11 : 11 
4 alleles
0.0% missing data
  87   (0.713) 0.534 0.523 0.963 0.732 0.722 0.636 0.564 0.907 0.827 
  89   (0.213) 0.383 0.156 0.028 0.219 0.215 0.321 0.334 0.066 0.140 
  91   (0.065) 0.083 0.166 0.008 0.044 0.056 0.043 0.102 0.026 0.032 
  85   (0.009) 0.001 0.154 0.001 0.004 0.006 0.000 0.001 0.002 0.001 

Locus 12 : 12 
12 alleles
0.3% missing data
 147   (0.043) 0.003 0.003 0.006 0.038 0.038 0.105 0.324 0.014 0.047 
 158   (0.228) 0.023 0.100 0.033 0.239 0.234 0.507 0.312 0.160 0.213 
 160   (0.229) 0.712 0.404 0.624 0.196 0.215 0.114 0.180 0.282 0.266 
 162   (0.223) 0.234 0.014 0.082 0.278 0.241 0.238 0.141 0.339 0.247 
 150   (0.009) 0.001 0.001 0.001 0.004 0.006 0.000 0.001 0.002 0.008 
 161   (0.116) 0.019 0.267 0.107 0.105 0.116 0.024 0.027 0.037 0.115 
 149   (0.024) 0.001 0.001 0.003 0.020 0.021 0.001 0.002 0.118 0.043 
 154   (0.021) 0.001 0.002 0.003 0.026 0.024 0.001 0.002 0.007 0.002 
 143   (0.027) 0.002 0.176 0.131 0.020 0.026 0.001 0.002 0.006 0.004 
 170   (0.059) 0.004 0.030 0.008 0.059 0.063 0.010 0.007 0.030 0.033 
 164   (0.009) 0.000 0.001 0.001 0.006 0.008 0.000 0.001 0.002 0.001 
 159   (0.012) 0.001 0.001 0.001 0.007 0.010 0.000 0.001 0.003 0.019 

Locus 13 : 13 
4 alleles
0.0% missing data
 108   (0.197) 0.200 0.289 0.303 0.181 0.196 0.178 0.163 0.069 0.107 
 115   (0.422) 0.289 0.378 0.085 0.435 0.423 0.576 0.385 0.542 0.533 
 113   (0.372) 0.511 0.332 0.610 0.379 0.373 0.245 0.451 0.387 0.359 
 109   (0.009) 0.001 0.001 0.001 0.006 0.008 0.000 0.001 0.002 0.001 

Locus 14 : 14 
7 alleles
2.5% missing data
 172   (0.412) 0.295 0.311 0.627 0.473 0.432 0.377 0.224 0.390 0.489 
 174   (0.318) 0.290 0.147 0.166 0.300 0.315 0.405 0.682 0.330 0.292 
 176   (0.107) 0.359 0.031 0.016 0.087 0.104 0.141 0.044 0.206 0.035 
 182   (0.060) 0.004 0.016 0.008 0.056 0.059 0.010 0.034 0.046 0.112 
 178   (0.049) 0.049 0.128 0.007 0.035 0.041 0.062 0.011 0.013 0.038 
 180   (0.045) 0.003 0.366 0.176 0.039 0.042 0.005 0.005 0.013 0.032 
 170   (0.009) 0.001 0.001 0.001 0.009 0.008 0.000 0.001 0.002 0.001 

Locus 15 : 15 
5 alleles
0.8% missing data
 225   (0.131) 0.211 0.062 0.255 0.113 0.124 0.090 0.030 0.125 0.084 
 229   (0.530) 0.419 0.481 0.123 0.553 0.545 0.485 0.424 0.754 0.511 
 227   (0.133) 0.019 0.009 0.228 0.124 0.127 0.251 0.297 0.066 0.341 
 231   (0.134) 0.347 0.345 0.301 0.143 0.137 0.088 0.127 0.037 0.020 
 233   (0.072) 0.005 0.103 0.093 0.068 0.067 0.086 0.122 0.019 0.044 

Locus 16 : 16 
5 alleles
0.5% missing data
 143   (0.823) 0.820 0.620 0.764 0.841 0.829 0.964 0.976 0.901 0.861 
 145   (0.100) 0.007 0.185 0.226 0.095 0.103 0.017 0.017 0.039 0.074 
 147   (0.049) 0.141 0.192 0.006 0.037 0.043 0.001 0.004 0.054 0.062 
 133   (0.019) 0.032 0.001 0.002 0.022 0.019 0.000 0.002 0.004 0.002 
 157   (0.010) 0.001 0.001 0.001 0.005 0.007 0.018 0.001 0.002 0.001 

Locus 17 : 17 
5 alleles
0.3% missing data
 158   (0.518) 0.205 0.330 0.210 0.514 0.524 0.499 0.656 0.445 0.649 
 156   (0.249) 0.499 0.167 0.586 0.263 0.252 0.297 0.125 0.102 0.219 
 160   (0.139) 0.115 0.124 0.018 0.112 0.128 0.163 0.200 0.418 0.103 
 154   (0.085) 0.180 0.377 0.184 0.106 0.089 0.041 0.018 0.032 0.012 
 152   (0.009) 0.001 0.001 0.001 0.005 0.007 0.000 0.001 0.003 0.016 

Locus 18 : 18 
5 alleles
0.0% missing data
  90   (0.653) 0.791 0.343 0.597 0.645 0.652 0.719 0.818 0.490 0.753 
 102   (0.221) 0.201 0.047 0.032 0.222 0.222 0.238 0.142 0.245 0.222 
  88   (0.081) 0.006 0.435 0.011 0.083 0.082 0.042 0.036 0.244 0.011 
 100   (0.037) 0.002 0.174 0.359 0.046 0.038 0.001 0.003 0.013 0.009 
 104   (0.009) 0.001 0.001 0.001 0.005 0.006 0.000 0.001 0.008 0.006 

Locus 19 : 19 
8 alleles
0.3% missing data
 142   (0.135) 0.009 0.026 0.023 0.156 0.141 0.421 0.381 0.122 0.086 
 146   (0.087) 0.222 0.006 0.012 0.064 0.080 0.182 0.038 0.158 0.103 
 127   (0.251) 0.064 0.157 0.478 0.262 0.259 0.184 0.093 0.110 0.316 
 138   (0.057) 0.004 0.005 0.059 0.050 0.055 0.021 0.022 0.022 0.042 
 140   (0.270) 0.181 0.308 0.318 0.284 0.276 0.092 0.373 0.309 0.229 
 150   (0.056) 0.305 0.213 0.008 0.049 0.053 0.001 0.005 0.016 0.160 
 148   (0.107) 0.213 0.069 0.015 0.095 0.101 0.052 0.058 0.252 0.060 
 128   (0.038) 0.002 0.216 0.088 0.039 0.035 0.047 0.030 0.010 0.004 

Locus 20 : 20 
7 alleles
0.3% missing data
 190   (0.143) 0.202 0.047 0.019 0.121 0.128 0.381 0.333 0.231 0.170 
 194   (0.566) 0.479 0.561 0.945 0.570 0.573 0.493 0.471 0.425 0.568 
 188   (0.180) 0.173 0.012 0.023 0.226 0.195 0.123 0.186 0.091 0.160 
 200   (0.071) 0.004 0.299 0.009 0.058 0.070 0.002 0.006 0.245 0.098 
 202   (0.022) 0.141 0.041 0.003 0.014 0.018 0.001 0.002 0.005 0.002 
 198   (0.009) 0.001 0.039 0.001 0.004 0.006 0.000 0.001 0.002 0.001 
 196   (0.009) 0.001 0.001 0.001 0.007 0.008 0.000 0.001 0.002 0.001 

Locus 21 : 21 
6 alleles
0.8% missing data
 252   (0.666) 0.726 0.084 0.391 0.734 0.700 0.842 0.727 0.723 0.774 
 244   (0.024) 0.002 0.041 0.004 0.014 0.019 0.017 0.003 0.008 0.008 
 246   (0.103) 0.049 0.211 0.181 0.096 0.098 0.006 0.179 0.100 0.060 
 254   (0.087) 0.083 0.236 0.090 0.066 0.077 0.034 0.010 0.099 0.082 
 250   (0.097) 0.138 0.426 0.331 0.063 0.082 0.090 0.076 0.066 0.071 
 248   (0.022) 0.001 0.001 0.003 0.027 0.023 0.011 0.004 0.005 0.005 

Locus 22 : 22 
7 alleles
0.0% missing data
 167   (0.182) 0.122 0.073 0.133 0.191 0.187 0.337 0.203 0.062 0.126 
 177   (0.285) 0.171 0.047 0.268 0.294 0.287 0.262 0.584 0.478 0.214 
 165   (0.052) 0.018 0.074 0.008 0.051 0.052 0.006 0.009 0.144 0.007 
 173   (0.263) 0.214 0.207 0.138 0.245 0.248 0.359 0.163 0.250 0.567 
 175   (0.146) 0.255 0.488 0.443 0.134 0.145 0.032 0.035 0.045 0.071 
 163   (0.051) 0.218 0.109 0.007 0.045 0.052 0.003 0.005 0.014 0.012 
 159   (0.022) 0.001 0.001 0.003 0.040 0.030 0.001 0.002 0.007 0.002 

Locus 23 : 23 
11 alleles
1.0% missing data
 152   (0.434) 0.375 0.112 0.471 0.420 0.435 0.615 0.458 0.574 0.558 
 154   (0.011) 0.001 0.001 0.001 0.006 0.008 0.060 0.018 0.003 0.001 
 146   (0.199) 0.140 0.013 0.083 0.201 0.199 0.262 0.240 0.205 0.334 
 166   (0.093) 0.006 0.006 0.121 0.110 0.098 0.023 0.221 0.137 0.027 
 156   (0.018) 0.300 0.102 0.002 0.009 0.013 0.000 0.002 0.004 0.011 
 162   (0.051) 0.069 0.133 0.007 0.066 0.057 0.001 0.005 0.018 0.011 
 142   (0.020) 0.001 0.032 0.003 0.013 0.018 0.001 0.002 0.005 0.017 
 150   (0.040) 0.003 0.112 0.092 0.041 0.038 0.008 0.009 0.015 0.011 
 164   (0.033) 0.002 0.067 0.005 0.027 0.029 0.012 0.037 0.008 0.004 
 158   (0.087) 0.103 0.419 0.012 0.100 0.095 0.017 0.008 0.029 0.024 
 148   (0.012) 0.001 0.001 0.204 0.008 0.010 0.000 0.001 0.003 0.001 

Locus 24 : 24 
7 alleles
0.5% missing data
 154   (0.533) 0.229 0.194 0.411 0.563 0.554 0.560 0.410 0.516 0.608 
 158   (0.028) 0.002 0.137 0.004 0.024 0.024 0.004 0.003 0.121 0.003 
 144   (0.166) 0.627 0.242 0.548 0.135 0.151 0.169 0.173 0.049 0.261 
 160   (0.111) 0.105 0.017 0.015 0.092 0.101 0.176 0.243 0.227 0.093 
 156   (0.133) 0.036 0.409 0.018 0.166 0.146 0.037 0.080 0.080 0.032 
 152   (0.017) 0.001 0.001 0.002 0.009 0.012 0.054 0.092 0.004 0.003 
 146   (0.011) 0.001 0.001 0.002 0.011 0.011 0.000 0.001 0.002 0.001 

Locus 25 : 25 
4 alleles
0.3% missing data
  81   (0.368) 0.025 0.375 0.264 0.392 0.385 0.190 0.325 0.427 0.423 
  83   (0.467) 0.918 0.589 0.714 0.460 0.457 0.482 0.570 0.499 0.378 
  77   (0.086) 0.052 0.005 0.012 0.068 0.079 0.309 0.053 0.048 0.087 
  85   (0.079) 0.006 0.031 0.011 0.080 0.079 0.019 0.052 0.026 0.112 

Locus 26 : 26 
6 alleles
0.3% missing data
 126   (0.033) 0.002 0.013 0.005 0.023 0.028 0.051 0.037 0.008 0.004 
 132   (0.314) 0.447 0.023 0.216 0.317 0.318 0.537 0.230 0.240 0.366 
 124   (0.529) 0.543 0.482 0.404 0.549 0.532 0.393 0.719 0.644 0.530 
 122   (0.083) 0.005 0.456 0.033 0.075 0.081 0.018 0.009 0.098 0.096 
 136   (0.016) 0.001 0.001 0.002 0.016 0.016 0.001 0.002 0.005 0.002 
 120   (0.026) 0.002 0.025 0.340 0.020 0.025 0.001 0.002 0.006 0.003 

Locus 27 : 27 
7 alleles
0.0% missing data
 183   (0.351) 0.424 0.206 0.332 0.360 0.350 0.557 0.475 0.329 0.314 
 175   (0.259) 0.443 0.017 0.036 0.286 0.270 0.239 0.246 0.406 0.306 
 165   (0.230) 0.059 0.110 0.307 0.223 0.230 0.146 0.174 0.217 0.272 
 179   (0.102) 0.006 0.286 0.318 0.078 0.095 0.056 0.101 0.035 0.101 
 181   (0.041) 0.067 0.265 0.005 0.042 0.041 0.001 0.004 0.009 0.006 
 185   (0.009) 0.001 0.115 0.001 0.004 0.006 0.000 0.001 0.002 0.001 
 157   (0.009) 0.000 0.001 0.001 0.006 0.008 0.000 0.001 0.002 0.001 

Locus 28 : 28 
4 alleles
0.0% missing data
 142   (0.640) 0.742 0.524 0.341 0.649 0.643 0.698 0.609 0.637 0.760 
 148   (0.198) 0.070 0.259 0.637 0.215 0.208 0.091 0.174 0.065 0.089 
 138   (0.044) 0.003 0.050 0.006 0.028 0.035 0.197 0.204 0.015 0.022 
 150   (0.118) 0.185 0.166 0.015 0.108 0.114 0.014 0.013 0.282 0.130 

Locus 29 : 29 
6 alleles
1.0% missing data
 260   (0.387) 0.377 0.233 0.079 0.391 0.389 0.357 0.430 0.441 0.530 
 262   (0.491) 0.549 0.681 0.904 0.487 0.489 0.632 0.559 0.458 0.383 
 264   (0.021) 0.001 0.001 0.002 0.020 0.020 0.001 0.002 0.008 0.027 
 256   (0.080) 0.072 0.083 0.011 0.076 0.082 0.010 0.008 0.088 0.051 
 258   (0.013) 0.001 0.001 0.001 0.021 0.015 0.000 0.001 0.003 0.001 
 266   (0.009) 0.001 0.001 0.001 0.004 0.006 0.000 0.001 0.002 0.008 

Locus 30 : 30 
7 alleles
0.5% missing data
 150   (0.429) 0.296 0.237 0.151 0.453 0.439 0.662 0.474 0.341 0.555 
 146   (0.261) 0.337 0.310 0.038 0.268 0.269 0.180 0.254 0.225 0.225 
 140   (0.189) 0.061 0.400 0.794 0.175 0.186 0.115 0.061 0.231 0.160 
 148   (0.077) 0.303 0.039 0.011 0.071 0.070 0.038 0.190 0.140 0.025 
 152   (0.026) 0.002 0.012 0.003 0.023 0.024 0.001 0.002 0.058 0.033 
 151   (0.009) 0.001 0.001 0.001 0.004 0.006 0.003 0.017 0.002 0.001 
 142   (0.008) 0.001 0.001 0.001 0.005 0.006 0.002 0.001 0.004 0.001 

Locus 31 : 31 
6 alleles
0.3% missing data
 125   (0.288) 0.033 0.148 0.160 0.331 0.310 0.477 0.323 0.120 0.104 
 129   (0.409) 0.781 0.074 0.226 0.392 0.397 0.469 0.594 0.576 0.587 
 123   (0.160) 0.105 0.115 0.022 0.139 0.154 0.050 0.071 0.125 0.234 
 131   (0.050) 0.003 0.138 0.008 0.063 0.055 0.001 0.004 0.042 0.029 
 127   (0.080) 0.078 0.524 0.535 0.067 0.073 0.002 0.007 0.134 0.044 
 121   (0.013) 0.001 0.001 0.048 0.008 0.011 0.000 0.001 0.003 0.002 

Locus 32 : 32 
6 alleles
0.3% missing data
 155   (0.557) 0.710 0.406 0.596 0.598 0.574 0.687 0.779 0.339 0.456 
 153   (0.082) 0.005 0.317 0.078 0.085 0.080 0.077 0.008 0.055 0.055 
 159   (0.142) 0.009 0.198 0.019 0.115 0.132 0.125 0.164 0.211 0.288 
 157   (0.173) 0.022 0.069 0.141 0.171 0.174 0.106 0.045 0.381 0.195 
 151   (0.037) 0.252 0.010 0.165 0.026 0.034 0.004 0.003 0.011 0.005 
 163   (0.009) 0.001 0.001 0.001 0.006 0.007 0.001 0.001 0.003 0.002 

Locus 33 : 33 
5 alleles
1.0% missing data
  92   (0.335) 0.436 0.485 0.144 0.316 0.333 0.265 0.235 0.224 0.385 
  95   (0.172) 0.407 0.221 0.295 0.197 0.178 0.121 0.033 0.357 0.071 
  91   (0.412) 0.151 0.252 0.550 0.392 0.404 0.565 0.650 0.395 0.531 
  94   (0.072) 0.005 0.030 0.010 0.090 0.079 0.049 0.082 0.022 0.011 
  90   (0.009) 0.001 0.011 0.001 0.004 0.006 0.000 0.001 0.002 0.001 

Locus 34 : 34 
5 alleles
0.0% missing data
 146   (0.302) 0.310 0.647 0.577 0.312 0.312 0.074 0.062 0.171 0.372 
 150   (0.575) 0.639 0.246 0.405 0.578 0.574 0.849 0.888 0.604 0.563 
 148   (0.068) 0.048 0.039 0.010 0.052 0.059 0.076 0.043 0.179 0.019 
 154   (0.041) 0.003 0.066 0.006 0.051 0.045 0.001 0.005 0.010 0.015 
 152   (0.014) 0.001 0.001 0.002 0.007 0.010 0.000 0.001 0.036 0.031 

Locus 35 : 35 
7 alleles
0.0% missing data
 180   (0.449) 0.666 0.362 0.720 0.477 0.457 0.602 0.389 0.366 0.351 
 184   (0.205) 0.075 0.181 0.236 0.189 0.196 0.163 0.153 0.194 0.310 
 196   (0.106) 0.007 0.030 0.014 0.104 0.105 0.175 0.189 0.036 0.138 
 198   (0.082) 0.068 0.255 0.011 0.085 0.085 0.019 0.210 0.025 0.017 
 194   (0.015) 0.001 0.001 0.002 0.008 0.011 0.035 0.045 0.004 0.002 
 192   (0.132) 0.183 0.171 0.016 0.132 0.138 0.007 0.012 0.373 0.135 
 190   (0.011) 0.001 0.001 0.001 0.005 0.008 0.000 0.001 0.003 0.047 

Locus 36 : 36 
6 alleles
0.0% missing data
 110   (0.186) 0.075 0.115 0.190 0.180 0.185 0.367 0.157 0.104 0.095 
 112   (0.337) 0.062 0.056 0.046 0.349 0.344 0.479 0.703 0.423 0.410 
 108   (0.135) 0.113 0.577 0.133 0.137 0.141 0.011 0.013 0.039 0.092 
  90   (0.036) 0.002 0.002 0.433 0.028 0.031 0.023 0.009 0.140 0.004 
 106   (0.297) 0.703 0.250 0.197 0.302 0.293 0.119 0.117 0.293 0.398 
  96   (0.009) 0.045 0.001 0.001 0.004 0.006 0.000 0.001 0.002 0.001 

Locus 37 : 37 
9 alleles
0.0% missing data
 172   (0.330) 0.581 0.160 0.047 0.327 0.330 0.455 0.226 0.484 0.365 
 176   (0.106) 0.018 0.099 0.015 0.098 0.104 0.118 0.343 0.101 0.013 
 166   (0.053) 0.003 0.003 0.007 0.035 0.043 0.259 0.210 0.048 0.106 
 170   (0.274) 0.321 0.346 0.586 0.311 0.283 0.157 0.184 0.124 0.225 
 174   (0.130) 0.070 0.047 0.018 0.132 0.139 0.006 0.015 0.175 0.188 
 178   (0.037) 0.002 0.002 0.005 0.035 0.037 0.003 0.016 0.020 0.046 
 186   (0.015) 0.001 0.024 0.002 0.008 0.011 0.000 0.001 0.004 0.041 
 168   (0.047) 0.003 0.318 0.318 0.046 0.046 0.001 0.004 0.042 0.014 
 158   (0.009) 0.001 0.001 0.001 0.008 0.008 0.000 0.001 0.002 0.001 

Locus 38 : 38 
6 alleles
0.0% missing data
  85   (0.172) 0.239 0.019 0.511 0.160 0.169 0.227 0.237 0.169 0.117 
  89   (0.550) 0.507 0.609 0.350 0.536 0.547 0.635 0.664 0.754 0.656 
  83   (0.146) 0.245 0.312 0.020 0.160 0.151 0.049 0.056 0.044 0.097 
  95   (0.058) 0.004 0.029 0.008 0.048 0.053 0.078 0.036 0.015 0.082 
  81   (0.054) 0.004 0.004 0.010 0.083 0.063 0.010 0.005 0.014 0.045 
  91   (0.020) 0.001 0.028 0.102 0.014 0.017 0.001 0.002 0.005 0.003 

Locus 39 : 39 
10 alleles
0.0% missing data
 161   (0.347) 0.375 0.692 0.416 0.334 0.337 0.526 0.548 0.427 0.263 
 169   (0.095) 0.006 0.006 0.234 0.111 0.098 0.122 0.110 0.038 0.149 
 159   (0.021) 0.001 0.001 0.003 0.014 0.017 0.033 0.016 0.005 0.006 
 173   (0.254) 0.510 0.177 0.194 0.233 0.253 0.139 0.089 0.450 0.286 
 165   (0.217) 0.104 0.119 0.145 0.237 0.227 0.169 0.231 0.060 0.249 
 175   (0.009) 0.001 0.001 0.001 0.004 0.006 0.000 0.001 0.002 0.041 
 155   (0.019) 0.001 0.001 0.002 0.026 0.023 0.000 0.002 0.007 0.002 
 167   (0.020) 0.002 0.001 0.002 0.021 0.020 0.011 0.002 0.006 0.002 
 177   (0.008) 0.000 0.001 0.001 0.005 0.008 0.000 0.001 0.003 0.001 
 168   (0.011) 0.001 0.001 0.001 0.013 0.011 0.000 0.001 0.002 0.001 

Locus 40 : 40 
6 alleles
0.8% missing data
  89   (0.401) 0.097 0.236 0.054 0.421 0.407 0.574 0.695 0.471 0.586 
  91   (0.157) 0.185 0.106 0.171 0.186 0.168 0.143 0.023 0.087 0.073 
  85   (0.192) 0.472 0.234 0.120 0.190 0.190 0.035 0.077 0.207 0.205 
  83   (0.009) 0.001 0.001 0.001 0.004 0.006 0.003 0.001 0.002 0.001 
  87   (0.121) 0.129 0.415 0.638 0.095 0.107 0.159 0.127 0.104 0.049 
  81   (0.121) 0.116 0.008 0.016 0.105 0.121 0.085 0.077 0.129 0.086 

Locus 41 : 41 
4 alleles
0.5% missing data
 167   (0.744) 0.860 0.414 0.644 0.755 0.747 0.918 0.899 0.849 0.782 
 161   (0.214) 0.137 0.463 0.351 0.210 0.214 0.081 0.097 0.139 0.159 
 165   (0.033) 0.003 0.122 0.004 0.028 0.031 0.001 0.003 0.009 0.058 
 177   (0.009) 0.001 0.001 0.001 0.007 0.008 0.000 0.001 0.002 0.001 

Locus 42 : 42 
6 alleles
0.5% missing data
 228   (0.433) 0.240 0.120 0.626 0.411 0.425 0.531 0.651 0.589 0.513 
 238   (0.322) 0.118 0.075 0.097 0.372 0.341 0.311 0.269 0.186 0.325 
 236   (0.104) 0.385 0.294 0.260 0.081 0.095 0.069 0.020 0.105 0.039 
 224   (0.033) 0.002 0.014 0.004 0.018 0.026 0.086 0.048 0.075 0.004 
 240   (0.094) 0.255 0.497 0.011 0.107 0.102 0.002 0.008 0.042 0.117 
 232   (0.013) 0.001 0.001 0.001 0.010 0.012 0.001 0.004 0.003 0.003 

Locus 43 : 43 
7 alleles
0.0% missing data
 130   (0.550) 0.771 0.731 0.077 0.578 0.566 0.631 0.532 0.573 0.406 
 134   (0.105) 0.007 0.178 0.240 0.119 0.109 0.013 0.012 0.099 0.076 
 114   (0.052) 0.003 0.003 0.420 0.042 0.047 0.104 0.049 0.086 0.006 
 128   (0.119) 0.036 0.008 0.016 0.106 0.113 0.134 0.114 0.174 0.221 
 132   (0.096) 0.052 0.006 0.013 0.094 0.093 0.115 0.287 0.028 0.197 
 118   (0.070) 0.131 0.073 0.234 0.054 0.065 0.003 0.006 0.037 0.094 
 136   (0.009) 0.001 0.001 0.001 0.006 0.008 0.000 0.001 0.002 0.001 

Locus 44 : 44 
6 alleles
0.8% missing data
  98   (0.125) 0.099 0.251 0.247 0.100 0.113 0.213 0.089 0.157 0.057 
 104   (0.400) 0.413 0.230 0.057 0.440 0.422 0.205 0.136 0.541 0.514 
 102   (0.257) 0.474 0.017 0.530 0.255 0.252 0.394 0.430 0.226 0.337 
 106   (0.009) 0.001 0.001 0.002 0.006 0.007 0.001 0.001 0.006 0.001 
  92   (0.136) 0.009 0.321 0.059 0.142 0.139 0.091 0.282 0.043 0.064 
  96   (0.072) 0.005 0.180 0.105 0.057 0.066 0.096 0.063 0.027 0.026 

Locus 45 : 45 
5 alleles
0.3% missing data
 101   (0.308) 0.188 0.352 0.042 0.316 0.308 0.444 0.270 0.430 0.248 
 103   (0.296) 0.347 0.106 0.251 0.276 0.295 0.195 0.339 0.194 0.454 
  95   (0.234) 0.455 0.349 0.103 0.243 0.234 0.323 0.197 0.104 0.215 
  99   (0.150) 0.009 0.188 0.409 0.159 0.154 0.038 0.193 0.270 0.081 
  97   (0.012) 0.001 0.005 0.196 0.007 0.009 0.000 0.001 0.003 0.002 

Locus 46 : 46 
7 alleles
0.3% missing data
 181   (0.569) 0.858 0.152 0.537 0.551 0.566 0.764 0.715 0.539 0.704 
 191   (0.283) 0.102 0.631 0.248 0.328 0.295 0.179 0.112 0.424 0.186 
 177   (0.064) 0.004 0.095 0.009 0.049 0.058 0.055 0.166 0.016 0.061 
 193   (0.015) 0.001 0.012 0.002 0.007 0.010 0.000 0.001 0.003 0.042 
 179   (0.049) 0.003 0.108 0.200 0.049 0.053 0.001 0.004 0.013 0.005 
 189   (0.009) 0.030 0.001 0.001 0.004 0.006 0.000 0.001 0.002 0.001 
 183   (0.012) 0.001 0.001 0.002 0.012 0.012 0.000 0.001 0.003 0.002 

Locus 47 : 47 
6 alleles
0.8% missing data
 205   (0.450) 0.409 0.309 0.278 0.497 0.470 0.518 0.562 0.431 0.548 
 207   (0.138) 0.201 0.074 0.019 0.126 0.131 0.122 0.189 0.055 0.215 
 211   (0.229) 0.269 0.383 0.317 0.223 0.228 0.241 0.142 0.407 0.110 
 201   (0.077) 0.005 0.044 0.372 0.062 0.071 0.072 0.055 0.044 0.059 
 215   (0.090) 0.115 0.179 0.012 0.076 0.085 0.047 0.051 0.059 0.066 
 202   (0.015) 0.001 0.010 0.002 0.015 0.015 0.000 0.001 0.004 0.002 

Locus 48 : 48 
9 alleles
1.0% missing data
 144   (0.078) 0.132 0.012 0.013 0.062 0.071 0.221 0.164 0.028 0.051 
 166   (0.133) 0.381 0.019 0.063 0.108 0.122 0.314 0.173 0.039 0.217 
 168   (0.151) 0.110 0.223 0.199 0.136 0.148 0.224 0.071 0.080 0.046 
 142   (0.332) 0.285 0.154 0.050 0.384 0.351 0.118 0.250 0.629 0.543 
 158   (0.175) 0.085 0.127 0.028 0.189 0.181 0.117 0.310 0.190 0.076 
 162   (0.037) 0.002 0.165 0.088 0.027 0.035 0.001 0.003 0.009 0.031 
 164   (0.048) 0.003 0.177 0.007 0.059 0.051 0.001 0.017 0.013 0.026 
 170   (0.016) 0.001 0.043 0.002 0.014 0.014 0.002 0.001 0.004 0.002 
 156   (0.030) 0.002 0.081 0.550 0.022 0.026 0.001 0.012 0.008 0.007 

Locus 49 : 49 
7 alleles
7.6% missing data
 151   (0.181) 0.012 0.096 0.067 0.169 0.176 0.188 0.540 0.387 0.146 
 153   (0.205) 0.029 0.045 0.026 0.242 0.215 0.346 0.159 0.207 0.346 
 149   (0.370) 0.334 0.757 0.328 0.366 0.371 0.230 0.182 0.327 0.385 
 145   (0.182) 0.622 0.040 0.526 0.182 0.184 0.199 0.090 0.061 0.116 
 147   (0.032) 0.002 0.005 0.049 0.022 0.028 0.033 0.026 0.010 0.004 
 143   (0.021) 0.001 0.056 0.002 0.015 0.020 0.001 0.002 0.005 0.002 
 152   (0.009) 0.001 0.001 0.001 0.005 0.007 0.003 0.001 0.003 0.001 

Values of parameters used in structure:
DATAFILE=temp3.str,	OUTFILE=k9/temp3_k9_run1,	NUMINDS=396,	NUMLOCI=49,	MISSING=-9,	LABEL=1,	POPDATA=1,	POPFLAG=0,	PHENOTYPE=0,	EXTRACOLS=0,	MAXPOPS=9,	BURNIN=500000,	NUMREPS=750000,	USEPOPINFO=0,	INFERALPHA=1,	INFERLAMBDA=0,	POPSPECIFICLAMBDA=0,	POPALPHAS=0,	COMPUTEPROB=1,	NOADMIX=0,	ADMBURNIN=500,	UPDATEFREQ=100,	PRINTLIKES=0,	INTERMEDSAVE=0,	PRINTKLD=0,	PRINTNET=1,	PRINTLAMBDA=1,	ANCESTDIST=0,	NUMBOXES=1000,	ANCESTPINT=0.90000,	GENSBACK=2,	MIGRPRIOR=0.01000,	PRINTQHAT=0,	PRINTQSUM=1,	ALPHA=1.0000,	FREQSCORR=1,	FPRIORMEAN=0.0100,	FPRIORSD=0.0500,	ONEFST=0,	LAMBDA=1.0000,	UNIFPRIORALPHA=1,	ALPHAMAX=10.0000,	ALPHAPRIORA=1.0000,	ALPHAPRIORB=2.0000,	ALPHAPROPSD=0.0250,	STARTATPOPINFO=0,	RANDOMIZE=0,	LINKAGE=0,	METROFREQ=10,	REPORTHITRATE=0,	MARKOVPHASE=0,	PHASED=1,	PLOIDY=2,	PHASEINFO=0	LOCPRIOR=0, 	LOCPRIORINIT=1.000000, 	LOCDATA=0, 	LOCISPOP=1, 	LOCPRIORSTEP=0.100000, 	MAXLOCPRIOR=20.000000, 	SEED=831913,	
[STRAT parameters]:    NUMSIMSTATS=1000,	PHENOTYPECOL=-9,	POOLFREQ=10,	LOCUSxONLY=0,	EMERROR=0.00100,	MISSINGPHENO=-9,	