

----------------------------------------------------
STRUCTURE by Pritchard, Stephens and Donnelly (2000)
     and Falush, Stephens and Pritchard (2003)
       Code by Pritchard, Falush and Hubisz
             Version 2.3.4 (Jul 2012)
----------------------------------------------------



Command line arguments:   structure -D 302962 -K 13 -m mainparams -o k13/temp3_k13_run3 
Input File:    temp3.str

Run parameters:
   396 individuals
   49 loci
   13 populations assumed
   500000 Burn-in period
   750000 Reps
RANDOMIZE turned off


--------------------------------------------
Proportion of membership of each pre-defined
 population in each of the 13 clusters

Given    Inferred Clusters                                                                             Number of
 Pop       1      2      3      4      5      6      7      8      9     10     11     12     13      Individuals

  1:     0.005  0.006  0.865  0.005  0.005  0.063  0.014  0.006  0.006  0.008  0.007  0.002  0.007       20
  2:     0.004  0.007  0.040  0.006  0.005  0.286  0.606  0.007  0.007  0.007  0.014  0.003  0.010       31
  3:     0.004  0.009  0.020  0.015  0.004  0.879  0.020  0.009  0.009  0.011  0.010  0.003  0.006       20
  4:     0.013  0.052  0.020  0.028  0.007  0.470  0.128  0.048  0.043  0.022  0.013  0.098  0.059        8
  5:     0.003  0.005  0.006  0.004  0.950  0.004  0.004  0.005  0.005  0.004  0.003  0.003  0.005       29
  6:     0.932  0.004  0.002  0.003  0.003  0.003  0.002  0.004  0.004  0.003  0.004  0.033  0.002        8
  7:     0.006  0.236  0.009  0.087  0.022  0.010  0.013  0.258  0.272  0.040  0.009  0.012  0.026       21
  8:     0.013  0.264  0.008  0.050  0.027  0.021  0.011  0.250  0.267  0.042  0.007  0.024  0.014       34
  9:     0.005  0.055  0.015  0.255  0.008  0.024  0.014  0.049  0.049  0.419  0.008  0.006  0.091       32
 10:     0.004  0.037  0.014  0.169  0.014  0.019  0.015  0.036  0.034  0.515  0.007  0.003  0.132       25
 11:     0.007  0.176  0.010  0.129  0.011  0.011  0.011  0.178  0.178  0.161  0.013  0.013  0.103       30
 12:     0.007  0.005  0.003  0.004  0.004  0.003  0.004  0.005  0.005  0.003  0.003  0.950  0.005       35
 13:     0.004  0.025  0.065  0.019  0.006  0.722  0.065  0.023  0.024  0.013  0.013  0.003  0.019       19
 14:     0.004  0.008  0.041  0.015  0.005  0.500  0.026  0.008  0.007  0.022  0.353  0.002  0.010       17
 15:     0.002  0.211  0.018  0.010  0.006  0.011  0.010  0.379  0.308  0.008  0.018  0.009  0.011        4
 16:     0.004  0.011  0.032  0.011  0.008  0.856  0.028  0.010  0.011  0.009  0.009  0.003  0.008       63
--------------------------------------------

Allele-freq. divergence among pops (Net nucleotide distance),
computed using point estimates of P.

      1       2       3       4       5       6       7       8       9      10      11      12      13      
 1      -    0.0964  0.1709  0.1198  0.1343  0.1380  0.1407  0.0989  0.0982  0.1237  0.2060  0.1136  0.1328  
 2   0.0964     -    0.0511  0.0119  0.0528  0.0272  0.0385  0.0002  0.0002  0.0162  0.1019  0.0790  0.0228  
 3   0.1709  0.0511     -    0.0598  0.0926  0.0373  0.0659  0.0528  0.0531  0.0629  0.1277  0.1692  0.0728  
 4   0.1198  0.0119  0.0598     -    0.0696  0.0424  0.0558  0.0127  0.0126  0.0095  0.1247  0.1068  0.0267  
 5   0.1343  0.0528  0.0926  0.0696     -    0.0804  0.0962  0.0544  0.0542  0.0725  0.1627  0.1186  0.0822  
 6   0.1380  0.0272  0.0373  0.0424  0.0804     -    0.0379  0.0282  0.0282  0.0420  0.1062  0.1380  0.0528  
 7   0.1407  0.0385  0.0659  0.0558  0.0962  0.0379     -    0.0396  0.0394  0.0590  0.1270  0.1373  0.0588  
 8   0.0989  0.0002  0.0528  0.0127  0.0544  0.0282  0.0396     -    0.0001  0.0172  0.1027  0.0809  0.0239  
 9   0.0982  0.0002  0.0531  0.0126  0.0542  0.0282  0.0394  0.0001     -    0.0171  0.1038  0.0803  0.0240  
10   0.1237  0.0162  0.0629  0.0095  0.0725  0.0420  0.0590  0.0172  0.0171     -    0.1231  0.1189  0.0351  
11   0.2060  0.1019  0.1277  0.1247  0.1627  0.1062  0.1270  0.1027  0.1038  0.1231     -    0.2157  0.1332  
12   0.1136  0.0790  0.1692  0.1068  0.1186  0.1380  0.1373  0.0809  0.0803  0.1189  0.2157     -    0.1039  
13   0.1328  0.0228  0.0728  0.0267  0.0822  0.0528  0.0588  0.0239  0.0240  0.0351  0.1332  0.1039     -    

Average distances (expected heterozygosity) between individuals in same cluster:
cluster  1  : 0.5301 
cluster  2  : 0.6490 
cluster  3  : 0.4876 
cluster  4  : 0.5983 
cluster  5  : 0.5508 
cluster  6  : 0.5474 
cluster  7  : 0.5401 
cluster  8  : 0.6435 
cluster  9  : 0.6444 
cluster 10  : 0.5752 
cluster 11  : 0.4288 
cluster 12  : 0.6368 
cluster 13  : 0.5852 

--------------------------------------------
Estimated Ln Prob of Data   = -43915.0
Mean value of ln likelihood = -42229.3
Variance of ln likelihood   = 3371.3
Mean value of alpha         = 0.0331

Mean value of Fst_1         = 0.3098
Mean value of Fst_2         = 0.0123
Mean value of Fst_3         = 0.2198
Mean value of Fst_4         = 0.0945
Mean value of Fst_5         = 0.2103
Mean value of Fst_6         = 0.1298
Mean value of Fst_7         = 0.1718
Mean value of Fst_8         = 0.0238
Mean value of Fst_9         = 0.0214
Mean value of Fst_10         = 0.0929
Mean value of Fst_11         = 0.4132
Mean value of Fst_12         = 0.1836
Mean value of Fst_13         = 0.1376


Inferred ancestry of individuals:
        Label (%Miss) Pop:  Inferred clusters
  1       34    (0)    1 :  0.002 0.006 0.908 0.004 0.002 0.016 0.013 0.006 0.006 0.004 0.010 0.005 0.018 
  2       38    (0)    1 :  0.005 0.008 0.920 0.005 0.014 0.007 0.007 0.007 0.007 0.008 0.006 0.003 0.004 
  3       41    (0)    1 :  0.001 0.002 0.970 0.002 0.001 0.007 0.003 0.002 0.003 0.002 0.002 0.001 0.002 
  4       44    (0)    1 :  0.001 0.004 0.896 0.002 0.002 0.074 0.003 0.004 0.004 0.003 0.003 0.001 0.003 
  5       45    (0)    1 :  0.005 0.005 0.838 0.008 0.002 0.067 0.019 0.005 0.005 0.009 0.032 0.002 0.002 
  6       47    (0)    1 :  0.008 0.019 0.888 0.013 0.011 0.006 0.004 0.015 0.016 0.007 0.002 0.002 0.010 
  7       50    (0)    1 :  0.005 0.013 0.793 0.005 0.002 0.041 0.091 0.014 0.012 0.003 0.014 0.002 0.005 
  8      384    (0)    1 :  0.004 0.009 0.485 0.011 0.003 0.358 0.050 0.009 0.009 0.030 0.003 0.002 0.025 
  9      385    (2)    1 :  0.004 0.003 0.962 0.002 0.004 0.004 0.004 0.004 0.003 0.002 0.004 0.002 0.002 
 10      386    (0)    1 :  0.001 0.004 0.474 0.003 0.003 0.487 0.009 0.004 0.004 0.003 0.004 0.001 0.004 
 11      387    (0)    1 :  0.001 0.002 0.973 0.002 0.003 0.003 0.003 0.002 0.002 0.002 0.004 0.001 0.002 
 12      388    (0)    1 :  0.001 0.002 0.967 0.002 0.003 0.006 0.002 0.002 0.002 0.002 0.008 0.001 0.002 
 13      389    (0)    1 :  0.001 0.002 0.973 0.003 0.002 0.004 0.002 0.002 0.002 0.003 0.002 0.001 0.002 
 14      390    (4)    1 :  0.030 0.010 0.831 0.009 0.014 0.049 0.022 0.010 0.010 0.007 0.002 0.002 0.004 
 15      391    (0)    1 :  0.006 0.011 0.824 0.012 0.011 0.041 0.008 0.010 0.010 0.046 0.013 0.002 0.008 
 16      392    (0)    1 :  0.002 0.005 0.899 0.010 0.002 0.037 0.016 0.005 0.006 0.007 0.002 0.001 0.007 
 17      393    (2)    1 :  0.004 0.004 0.943 0.005 0.005 0.016 0.004 0.003 0.003 0.005 0.002 0.001 0.004 
 18      394    (0)    1 :  0.002 0.004 0.933 0.003 0.002 0.015 0.007 0.004 0.004 0.002 0.020 0.002 0.002 
 19      395    (0)    1 :  0.012 0.011 0.900 0.003 0.006 0.019 0.006 0.010 0.010 0.004 0.003 0.007 0.008 
 20      396    (0)    1 :  0.014 0.003 0.926 0.003 0.004 0.005 0.007 0.003 0.003 0.003 0.008 0.002 0.019 
 21      328    (0)   10 :  0.011 0.161 0.015 0.030 0.013 0.135 0.208 0.134 0.170 0.109 0.004 0.003 0.007 
 22      333    (0)   10 :  0.001 0.011 0.008 0.126 0.005 0.004 0.005 0.014 0.012 0.799 0.002 0.003 0.011 
 23      918    (0)   10 :  0.006 0.014 0.005 0.031 0.129 0.007 0.003 0.013 0.014 0.749 0.021 0.003 0.006 
 24      919    (0)   10 :  0.002 0.011 0.031 0.049 0.004 0.005 0.005 0.012 0.010 0.848 0.016 0.002 0.005 
 25      920    (0)   10 :  0.003 0.007 0.005 0.341 0.002 0.004 0.006 0.005 0.006 0.610 0.004 0.001 0.005 
 26      921    (0)   10 :  0.002 0.004 0.006 0.004 0.003 0.005 0.007 0.004 0.004 0.004 0.002 0.002 0.953 
 27      922    (0)   10 :  0.001 0.012 0.055 0.556 0.004 0.015 0.015 0.010 0.010 0.302 0.008 0.003 0.009 
 28      926    (0)   10 :  0.002 0.004 0.002 0.285 0.002 0.003 0.004 0.005 0.004 0.674 0.003 0.001 0.010 
 29      927    (0)   10 :  0.001 0.007 0.004 0.285 0.004 0.009 0.003 0.006 0.006 0.646 0.007 0.004 0.017 
 30      928    (0)   10 :  0.002 0.034 0.042 0.497 0.004 0.030 0.005 0.033 0.031 0.280 0.019 0.003 0.020 
 31      929    (0)   10 :  0.008 0.058 0.015 0.122 0.002 0.051 0.031 0.083 0.060 0.515 0.019 0.003 0.035 
 32      930    (0)   10 :  0.011 0.093 0.006 0.203 0.004 0.016 0.017 0.084 0.092 0.395 0.004 0.002 0.073 
 33      932    (0)   10 :  0.002 0.006 0.008 0.007 0.005 0.004 0.009 0.005 0.005 0.014 0.001 0.003 0.930 
 34      933    (0)   10 :  0.006 0.016 0.011 0.256 0.108 0.009 0.003 0.012 0.011 0.557 0.002 0.002 0.008 
 35      949    (0)   10 :  0.002 0.003 0.002 0.003 0.002 0.003 0.004 0.003 0.003 0.003 0.002 0.001 0.970 
 36      950    (0)   10 :  0.003 0.067 0.005 0.136 0.014 0.005 0.004 0.076 0.073 0.452 0.004 0.003 0.157 
 37      964    (4)   10 :  0.014 0.034 0.006 0.246 0.002 0.012 0.007 0.031 0.024 0.589 0.006 0.008 0.020 
 38      986    (0)   10 :  0.002 0.029 0.008 0.047 0.005 0.015 0.007 0.028 0.026 0.797 0.007 0.004 0.024 
 39      987    (0)   10 :  0.002 0.147 0.019 0.270 0.016 0.046 0.014 0.118 0.119 0.228 0.007 0.004 0.010 
 40     1001    (4)   10 :  0.002 0.006 0.007 0.011 0.002 0.010 0.004 0.005 0.006 0.938 0.003 0.002 0.005 
 41     1002    (4)   10 :  0.004 0.005 0.003 0.006 0.006 0.006 0.002 0.005 0.005 0.941 0.010 0.004 0.003 
 42     1003    (2)   10 :  0.007 0.178 0.013 0.026 0.003 0.039 0.007 0.180 0.143 0.372 0.011 0.002 0.017 
 43     1004    (0)   10 :  0.004 0.006 0.002 0.375 0.004 0.003 0.003 0.006 0.006 0.582 0.001 0.005 0.003 
 44     1005    (0)   10 :  0.003 0.016 0.060 0.313 0.011 0.020 0.003 0.015 0.016 0.528 0.005 0.001 0.009 
 45     1010    (0)   10 :  0.001 0.003 0.003 0.010 0.006 0.008 0.005 0.004 0.003 0.948 0.004 0.002 0.003 
 46      341    (0)   11 :  0.003 0.343 0.004 0.008 0.014 0.004 0.004 0.228 0.267 0.004 0.023 0.033 0.065 
 47      343    (0)   11 :  0.004 0.433 0.017 0.021 0.011 0.007 0.002 0.221 0.214 0.036 0.010 0.017 0.007 
 48      914    (0)   11 :  0.002 0.005 0.007 0.015 0.004 0.008 0.004 0.005 0.005 0.824 0.115 0.001 0.005 
 49      916    (0)   11 :  0.003 0.250 0.018 0.016 0.003 0.020 0.090 0.265 0.303 0.008 0.007 0.015 0.004 
 50      924    (0)   11 :  0.002 0.093 0.004 0.204 0.016 0.004 0.007 0.139 0.113 0.400 0.003 0.009 0.007 
 51      938    (0)   11 :  0.004 0.008 0.007 0.011 0.002 0.013 0.008 0.007 0.007 0.030 0.014 0.003 0.887 
 52      939    (0)   11 :  0.002 0.006 0.006 0.537 0.008 0.008 0.003 0.005 0.006 0.127 0.002 0.002 0.289 
 53      940    (0)   11 :  0.005 0.053 0.003 0.057 0.003 0.004 0.005 0.060 0.071 0.658 0.002 0.016 0.064 
 54      941    (2)   11 :  0.007 0.008 0.004 0.282 0.012 0.003 0.005 0.006 0.007 0.011 0.002 0.018 0.634 
 55      942    (0)   11 :  0.004 0.309 0.003 0.014 0.017 0.007 0.006 0.326 0.270 0.024 0.004 0.009 0.009 
 56      943    (0)   11 :  0.002 0.231 0.053 0.069 0.002 0.009 0.051 0.241 0.271 0.061 0.003 0.002 0.003 
 57      944    (0)   11 :  0.003 0.014 0.009 0.569 0.003 0.017 0.007 0.015 0.018 0.321 0.018 0.001 0.004 
 58      945    (0)   11 :  0.002 0.005 0.002 0.009 0.002 0.003 0.004 0.005 0.006 0.944 0.001 0.001 0.016 
 59      946    (0)   11 :  0.063 0.225 0.007 0.138 0.003 0.006 0.010 0.232 0.181 0.112 0.004 0.010 0.008 
 60      947    (0)   11 :  0.002 0.182 0.004 0.053 0.042 0.004 0.004 0.266 0.352 0.035 0.047 0.004 0.005 
 61      951    (0)   11 :  0.004 0.272 0.003 0.015 0.011 0.004 0.005 0.276 0.339 0.021 0.005 0.031 0.015 
 62      952    (0)   11 :  0.014 0.332 0.003 0.057 0.082 0.007 0.005 0.195 0.230 0.047 0.007 0.002 0.019 
 63      953    (0)   11 :  0.004 0.025 0.016 0.243 0.012 0.013 0.026 0.019 0.019 0.015 0.003 0.008 0.596 
 64      954    (0)   11 :  0.010 0.091 0.023 0.397 0.007 0.006 0.003 0.131 0.096 0.204 0.005 0.011 0.016 
 65      955    (0)   11 :  0.016 0.207 0.003 0.015 0.015 0.004 0.004 0.284 0.277 0.117 0.012 0.029 0.016 
 66      961    (6)   11 :  0.003 0.175 0.006 0.010 0.004 0.019 0.013 0.349 0.384 0.013 0.004 0.004 0.016 
 67      974    (0)   11 :  0.013 0.138 0.007 0.350 0.021 0.005 0.003 0.215 0.167 0.039 0.007 0.002 0.033 
 68      975    (4)   11 :  0.002 0.281 0.005 0.063 0.003 0.026 0.009 0.278 0.275 0.033 0.008 0.007 0.011 
 69      980    (0)   11 :  0.002 0.184 0.003 0.093 0.015 0.010 0.008 0.223 0.256 0.166 0.006 0.006 0.027 
 70      981    (0)   11 :  0.003 0.252 0.006 0.017 0.004 0.014 0.004 0.211 0.177 0.009 0.019 0.029 0.256 
 71      982    (0)   11 :  0.002 0.090 0.007 0.412 0.002 0.048 0.007 0.106 0.092 0.201 0.028 0.002 0.004 
 72      984    (0)   11 :  0.011 0.377 0.010 0.103 0.004 0.030 0.014 0.181 0.191 0.023 0.003 0.012 0.041 
 73      985    (0)   11 :  0.004 0.269 0.010 0.022 0.009 0.007 0.003 0.281 0.366 0.009 0.002 0.006 0.012 
 74     2578    (6)   11 :  0.005 0.174 0.006 0.045 0.002 0.009 0.005 0.213 0.116 0.316 0.014 0.083 0.010 
 75     2580    (2)   11 :  0.007 0.234 0.034 0.012 0.003 0.011 0.022 0.368 0.276 0.008 0.010 0.004 0.011 
 76     2470    (4)   12 :  0.002 0.004 0.002 0.006 0.002 0.002 0.002 0.004 0.004 0.005 0.001 0.965 0.004 
 77     2471    (0)   12 :  0.006 0.004 0.003 0.004 0.003 0.003 0.002 0.004 0.004 0.002 0.003 0.952 0.011 
 78     2472    (0)   12 :  0.012 0.004 0.002 0.004 0.003 0.002 0.001 0.003 0.003 0.005 0.004 0.953 0.003 
 79     2484    (0)   12 :  0.007 0.006 0.005 0.003 0.026 0.002 0.002 0.005 0.005 0.003 0.002 0.930 0.003 
 80     2486    (2)   12 :  0.004 0.002 0.002 0.002 0.003 0.002 0.002 0.002 0.002 0.002 0.001 0.972 0.004 
 81     2487    (2)   12 :  0.004 0.004 0.003 0.004 0.006 0.003 0.003 0.004 0.004 0.004 0.003 0.952 0.007 
 82     2489    (0)   12 :  0.002 0.007 0.002 0.004 0.002 0.004 0.010 0.008 0.008 0.004 0.002 0.940 0.005 
 83     2596    (2)   12 :  0.003 0.013 0.001 0.006 0.017 0.002 0.002 0.010 0.009 0.010 0.003 0.920 0.002 
 84     1366    (0)   12 :  0.003 0.003 0.003 0.002 0.001 0.002 0.003 0.003 0.003 0.002 0.003 0.969 0.002 
 85     1367    (0)   12 :  0.002 0.004 0.008 0.002 0.005 0.005 0.002 0.004 0.004 0.002 0.003 0.957 0.003 
 86     1368    (0)   12 :  0.006 0.022 0.008 0.004 0.012 0.006 0.004 0.021 0.021 0.005 0.005 0.880 0.005 
 87     1369    (0)   12 :  0.029 0.006 0.005 0.005 0.004 0.003 0.014 0.006 0.006 0.005 0.006 0.906 0.004 
 88     1370    (0)   12 :  0.006 0.004 0.002 0.003 0.002 0.002 0.002 0.005 0.005 0.003 0.002 0.962 0.002 
 89     1371    (0)   12 :  0.002 0.003 0.003 0.002 0.003 0.003 0.002 0.003 0.003 0.002 0.002 0.971 0.002 
 90     1372    (0)   12 :  0.004 0.006 0.005 0.003 0.006 0.004 0.004 0.006 0.006 0.002 0.001 0.946 0.007 
 91     1373    (0)   12 :  0.012 0.005 0.002 0.005 0.002 0.005 0.003 0.006 0.006 0.003 0.001 0.946 0.003 
 92     1374    (0)   12 :  0.003 0.003 0.002 0.003 0.004 0.002 0.002 0.003 0.003 0.002 0.001 0.971 0.002 
 93     1375    (0)   12 :  0.005 0.002 0.001 0.002 0.003 0.001 0.001 0.002 0.002 0.002 0.001 0.975 0.002 
 94     2476    (0)   12 :  0.070 0.006 0.005 0.003 0.003 0.005 0.009 0.006 0.006 0.002 0.006 0.879 0.002 
 95     2478    (2)   12 :  0.004 0.004 0.001 0.003 0.002 0.002 0.002 0.004 0.004 0.003 0.002 0.967 0.003 
 96     2479    (4)   12 :  0.003 0.003 0.002 0.002 0.002 0.002 0.003 0.003 0.003 0.002 0.001 0.971 0.003 
 97     2481    (0)   12 :  0.003 0.005 0.002 0.004 0.002 0.004 0.005 0.005 0.005 0.005 0.002 0.946 0.012 
 98     2483    (6)   12 :  0.005 0.003 0.002 0.002 0.003 0.002 0.002 0.003 0.003 0.002 0.002 0.970 0.003 
 99     2485    (0)   12 :  0.002 0.003 0.001 0.003 0.003 0.001 0.002 0.003 0.003 0.003 0.001 0.973 0.003 
100     2488    (0)   12 :  0.004 0.002 0.001 0.001 0.002 0.001 0.001 0.002 0.002 0.006 0.001 0.974 0.002 
101     2490    (0)   12 :  0.002 0.003 0.002 0.002 0.003 0.003 0.003 0.003 0.003 0.002 0.003 0.970 0.003 
102     2492    (2)   12 :  0.004 0.002 0.002 0.002 0.003 0.003 0.003 0.002 0.002 0.002 0.006 0.968 0.002 
103     2493    (0)   12 :  0.001 0.006 0.005 0.009 0.005 0.006 0.004 0.005 0.005 0.009 0.013 0.914 0.018 
104     2494    (2)   12 :  0.004 0.007 0.006 0.005 0.001 0.004 0.007 0.007 0.006 0.004 0.003 0.940 0.005 
105     2495    (0)   12 :  0.004 0.013 0.007 0.013 0.006 0.007 0.020 0.011 0.011 0.006 0.012 0.860 0.029 
106     2496    (0)   12 :  0.001 0.002 0.002 0.003 0.003 0.002 0.001 0.002 0.002 0.002 0.001 0.976 0.002 
107     2497    (2)   12 :  0.009 0.003 0.001 0.002 0.002 0.002 0.003 0.003 0.003 0.003 0.003 0.963 0.003 
108     2592    (2)   12 :  0.002 0.003 0.002 0.001 0.003 0.005 0.006 0.002 0.002 0.002 0.004 0.966 0.003 
109     2593    (4)   12 :  0.002 0.002 0.004 0.002 0.002 0.002 0.002 0.002 0.002 0.003 0.003 0.968 0.005 
110     2595    (2)   12 :  0.003 0.003 0.002 0.002 0.003 0.002 0.002 0.003 0.003 0.002 0.001 0.970 0.005 
111     2498    (4)   13 :  0.007 0.015 0.251 0.008 0.009 0.607 0.023 0.014 0.015 0.007 0.002 0.009 0.034 
112     2513    (2)   13 :  0.001 0.004 0.003 0.004 0.007 0.943 0.007 0.004 0.004 0.007 0.009 0.002 0.004 
113     2514    (2)   13 :  0.002 0.045 0.056 0.017 0.004 0.659 0.081 0.044 0.042 0.013 0.003 0.008 0.025 
114     2597    (6)   13 :  0.014 0.043 0.250 0.024 0.004 0.488 0.021 0.036 0.036 0.023 0.018 0.003 0.042 
115     2499    (4)   13 :  0.004 0.063 0.172 0.043 0.015 0.430 0.074 0.076 0.079 0.007 0.025 0.002 0.009 
116     2500    (0)   13 :  0.004 0.005 0.005 0.002 0.005 0.937 0.009 0.006 0.006 0.003 0.004 0.007 0.007 
117     2506    (2)   13 :  0.005 0.009 0.029 0.004 0.006 0.859 0.031 0.008 0.008 0.006 0.022 0.005 0.007 
118     2509    (6)   13 :  0.009 0.059 0.044 0.010 0.022 0.622 0.021 0.044 0.051 0.014 0.016 0.003 0.086 
119     2511    (2)   13 :  0.001 0.010 0.008 0.008 0.005 0.793 0.123 0.010 0.010 0.007 0.018 0.003 0.004 
120     2512    (2)   13 :  0.007 0.007 0.021 0.005 0.002 0.863 0.015 0.006 0.006 0.005 0.057 0.002 0.003 
121     2515    (2)   13 :  0.001 0.007 0.003 0.013 0.002 0.854 0.093 0.007 0.007 0.005 0.003 0.001 0.004 
122     2516    (2)   13 :  0.001 0.012 0.017 0.011 0.002 0.891 0.011 0.013 0.013 0.007 0.010 0.001 0.010 
123     2517    (4)   13 :  0.002 0.011 0.014 0.041 0.003 0.733 0.110 0.010 0.010 0.044 0.011 0.004 0.008 
124     2518    (2)   13 :  0.003 0.016 0.006 0.089 0.006 0.767 0.025 0.018 0.018 0.036 0.007 0.002 0.007 
125     2519    (0)   13 :  0.002 0.077 0.006 0.020 0.012 0.669 0.024 0.060 0.061 0.043 0.014 0.003 0.009 
126     2520    (2)   13 :  0.002 0.003 0.006 0.003 0.002 0.949 0.019 0.003 0.003 0.003 0.004 0.002 0.002 
127     2521    (2)   13 :  0.002 0.046 0.053 0.032 0.003 0.210 0.493 0.048 0.046 0.006 0.006 0.002 0.054 
128     2603    (4)   13 :  0.003 0.024 0.009 0.006 0.003 0.844 0.028 0.020 0.021 0.004 0.004 0.003 0.031 
129     2606    (2)   13 :  0.005 0.014 0.272 0.013 0.002 0.607 0.033 0.014 0.015 0.010 0.005 0.002 0.009 
130      718    (0)   14 :  0.004 0.005 0.025 0.005 0.006 0.345 0.016 0.005 0.005 0.008 0.567 0.001 0.007 
131      719    (0)   14 :  0.005 0.024 0.027 0.029 0.015 0.504 0.014 0.020 0.020 0.011 0.321 0.003 0.006 
132      720    (0)   14 :  0.001 0.006 0.162 0.005 0.001 0.140 0.024 0.006 0.006 0.006 0.639 0.001 0.004 
133      721    (0)   14 :  0.013 0.021 0.041 0.016 0.018 0.749 0.030 0.020 0.019 0.018 0.044 0.007 0.005 
134      722    (0)   14 :  0.002 0.005 0.149 0.019 0.002 0.274 0.057 0.005 0.005 0.010 0.464 0.001 0.008 
135      723    (0)   14 :  0.001 0.007 0.118 0.021 0.004 0.704 0.079 0.007 0.007 0.017 0.013 0.001 0.021 
136      724    (0)   14 :  0.005 0.004 0.027 0.006 0.002 0.669 0.003 0.004 0.004 0.006 0.266 0.001 0.002 
137      725    (0)   14 :  0.003 0.004 0.006 0.003 0.005 0.651 0.009 0.003 0.003 0.004 0.304 0.002 0.003 
138      726    (0)   14 :  0.002 0.012 0.004 0.004 0.003 0.212 0.010 0.011 0.010 0.006 0.648 0.004 0.075 
139      727    (0)   14 :  0.002 0.003 0.009 0.003 0.002 0.958 0.003 0.002 0.002 0.003 0.008 0.001 0.002 
140      728    (2)   14 :  0.002 0.010 0.075 0.028 0.002 0.156 0.033 0.011 0.010 0.006 0.661 0.001 0.004 
141      729    (0)   14 :  0.008 0.013 0.013 0.084 0.004 0.497 0.018 0.012 0.011 0.241 0.083 0.002 0.015 
142      730    (0)   14 :  0.003 0.002 0.002 0.001 0.001 0.001 0.002 0.002 0.002 0.002 0.980 0.001 0.002 
143      731    (0)   14 :  0.004 0.013 0.006 0.010 0.006 0.827 0.040 0.011 0.012 0.013 0.050 0.002 0.004 
144      732    (0)   14 :  0.002 0.003 0.031 0.002 0.004 0.007 0.003 0.003 0.003 0.002 0.933 0.001 0.004 
145      733    (0)   14 :  0.012 0.004 0.004 0.008 0.002 0.906 0.017 0.004 0.004 0.013 0.013 0.001 0.012 
146      734    (0)   14 :  0.002 0.003 0.005 0.003 0.002 0.891 0.077 0.002 0.003 0.004 0.005 0.001 0.002 
147     1079    (0)   15 :  0.002 0.185 0.008 0.011 0.003 0.007 0.004 0.394 0.336 0.008 0.034 0.005 0.005 
148     1081    (0)   15 :  0.002 0.214 0.051 0.013 0.006 0.011 0.006 0.373 0.301 0.007 0.009 0.002 0.006 
149     1082    (2)   15 :  0.003 0.239 0.005 0.006 0.008 0.006 0.015 0.362 0.297 0.005 0.004 0.027 0.023 
150     1083    (0)   15 :  0.003 0.205 0.007 0.009 0.006 0.021 0.014 0.388 0.297 0.012 0.025 0.003 0.009 
151     2055    (0)   16 :  0.003 0.006 0.004 0.023 0.002 0.923 0.007 0.006 0.006 0.012 0.003 0.002 0.003 
152     2056    (0)   16 :  0.004 0.008 0.018 0.005 0.011 0.523 0.398 0.007 0.007 0.006 0.003 0.003 0.006 
153     2057    (0)   16 :  0.002 0.009 0.006 0.006 0.003 0.907 0.008 0.009 0.009 0.007 0.007 0.003 0.023 
154     2058    (0)   16 :  0.001 0.003 0.022 0.002 0.005 0.944 0.005 0.003 0.003 0.003 0.004 0.001 0.003 
155     2059    (0)   16 :  0.002 0.004 0.003 0.003 0.003 0.960 0.005 0.004 0.004 0.003 0.003 0.002 0.005 
156     2060    (0)   16 :  0.006 0.004 0.008 0.004 0.002 0.951 0.003 0.004 0.005 0.003 0.004 0.001 0.004 
157     2061    (0)   16 :  0.028 0.013 0.015 0.009 0.006 0.873 0.003 0.014 0.016 0.006 0.004 0.009 0.006 
158     2062    (0)   16 :  0.003 0.013 0.123 0.011 0.005 0.740 0.011 0.013 0.014 0.033 0.019 0.004 0.011 
159     2063    (0)   16 :  0.002 0.004 0.006 0.003 0.002 0.958 0.005 0.003 0.004 0.004 0.003 0.001 0.004 
160     2064    (0)   16 :  0.003 0.003 0.006 0.002 0.002 0.959 0.007 0.004 0.004 0.003 0.003 0.001 0.003 
161     2065    (0)   16 :  0.001 0.003 0.034 0.002 0.002 0.918 0.005 0.003 0.003 0.002 0.025 0.001 0.001 
162     2066    (0)   16 :  0.001 0.004 0.008 0.004 0.002 0.944 0.018 0.003 0.004 0.004 0.003 0.001 0.004 
163     2067    (0)   16 :  0.004 0.009 0.009 0.012 0.009 0.888 0.034 0.008 0.009 0.005 0.003 0.005 0.005 
164     2068    (0)   16 :  0.005 0.059 0.393 0.012 0.021 0.294 0.020 0.066 0.072 0.015 0.016 0.002 0.025 
165     2069    (0)   16 :  0.002 0.003 0.007 0.003 0.002 0.957 0.006 0.004 0.004 0.003 0.006 0.001 0.003 
166     2070    (0)   16 :  0.001 0.127 0.008 0.088 0.002 0.427 0.163 0.065 0.072 0.037 0.003 0.001 0.007 
167     2071    (0)   16 :  0.010 0.011 0.019 0.006 0.012 0.885 0.014 0.012 0.011 0.005 0.006 0.002 0.007 
168     2072    (0)   16 :  0.009 0.006 0.007 0.003 0.003 0.941 0.010 0.006 0.006 0.002 0.002 0.003 0.002 
169     2073    (0)   16 :  0.006 0.020 0.012 0.010 0.007 0.802 0.005 0.022 0.019 0.011 0.051 0.023 0.011 
170     2074    (0)   16 :  0.003 0.004 0.007 0.003 0.002 0.958 0.007 0.003 0.003 0.002 0.003 0.003 0.002 
171     2075    (0)   16 :  0.002 0.005 0.005 0.004 0.019 0.921 0.017 0.006 0.005 0.004 0.006 0.002 0.002 
172     2076    (0)   16 :  0.001 0.002 0.009 0.002 0.002 0.969 0.003 0.002 0.002 0.002 0.002 0.001 0.003 
173     2077    (0)   16 :  0.006 0.016 0.320 0.020 0.008 0.532 0.009 0.014 0.014 0.016 0.022 0.005 0.019 
174     2078    (0)   16 :  0.004 0.005 0.018 0.007 0.003 0.923 0.011 0.005 0.005 0.009 0.006 0.001 0.003 
175     2079    (0)   16 :  0.001 0.009 0.013 0.013 0.031 0.882 0.003 0.009 0.008 0.013 0.004 0.002 0.013 
176     2080    (0)   16 :  0.003 0.021 0.054 0.005 0.026 0.819 0.003 0.019 0.022 0.003 0.005 0.016 0.004 
177     2081    (0)   16 :  0.002 0.004 0.012 0.003 0.003 0.950 0.005 0.004 0.004 0.003 0.004 0.001 0.004 
178     2082    (0)   16 :  0.002 0.013 0.005 0.005 0.007 0.851 0.063 0.013 0.014 0.007 0.012 0.003 0.005 
179     2083    (0)   16 :  0.003 0.010 0.005 0.006 0.002 0.908 0.030 0.009 0.010 0.004 0.002 0.004 0.007 
180     2084    (0)   16 :  0.002 0.006 0.003 0.005 0.007 0.946 0.005 0.005 0.006 0.007 0.003 0.002 0.005 
181     2085    (0)   16 :  0.001 0.010 0.014 0.017 0.003 0.884 0.023 0.008 0.009 0.012 0.009 0.005 0.005 
182     2086    (0)   16 :  0.003 0.015 0.115 0.012 0.004 0.795 0.007 0.015 0.014 0.007 0.002 0.002 0.011 
183     2087    (0)   16 :  0.006 0.008 0.024 0.007 0.057 0.842 0.005 0.007 0.007 0.005 0.027 0.002 0.003 
184     2088    (0)   16 :  0.003 0.021 0.026 0.053 0.017 0.770 0.006 0.018 0.019 0.027 0.002 0.002 0.036 
185     2089    (0)   16 :  0.001 0.002 0.015 0.002 0.002 0.958 0.006 0.002 0.002 0.003 0.002 0.001 0.002 
186     2090    (0)   16 :  0.005 0.007 0.007 0.007 0.031 0.903 0.009 0.007 0.006 0.004 0.004 0.003 0.006 
187     2091    (0)   16 :  0.001 0.004 0.041 0.005 0.004 0.912 0.008 0.004 0.004 0.005 0.003 0.001 0.007 
188     2092    (0)   16 :  0.001 0.005 0.012 0.003 0.030 0.886 0.033 0.005 0.006 0.005 0.007 0.001 0.003 
189     2093    (0)   16 :  0.001 0.004 0.040 0.003 0.003 0.921 0.009 0.004 0.004 0.003 0.005 0.001 0.003 
190     2094    (0)   16 :  0.002 0.002 0.004 0.002 0.001 0.954 0.020 0.003 0.003 0.003 0.002 0.001 0.003 
191     2095    (0)   16 :  0.005 0.007 0.039 0.009 0.052 0.854 0.004 0.007 0.008 0.006 0.003 0.001 0.006 
192     2096    (0)   16 :  0.001 0.003 0.013 0.004 0.002 0.929 0.011 0.003 0.003 0.003 0.023 0.001 0.004 
193     2097    (0)   16 :  0.002 0.003 0.006 0.003 0.002 0.957 0.005 0.003 0.003 0.003 0.004 0.001 0.007 
194     2098    (0)   16 :  0.003 0.030 0.010 0.034 0.017 0.751 0.007 0.025 0.028 0.012 0.060 0.007 0.016 
195     2099    (0)   16 :  0.007 0.035 0.018 0.029 0.003 0.272 0.514 0.034 0.031 0.017 0.012 0.001 0.026 
196     2100    (0)   16 :  0.002 0.019 0.111 0.008 0.004 0.696 0.011 0.022 0.022 0.011 0.007 0.003 0.083 
197     2101    (0)   16 :  0.003 0.004 0.008 0.007 0.006 0.941 0.003 0.004 0.004 0.006 0.005 0.002 0.006 
198     2102    (2)   16 :  0.001 0.003 0.004 0.002 0.002 0.968 0.005 0.003 0.003 0.003 0.003 0.001 0.002 
199     2103    (0)   16 :  0.002 0.005 0.006 0.010 0.004 0.938 0.006 0.005 0.005 0.006 0.005 0.001 0.007 
200     2104    (0)   16 :  0.001 0.011 0.018 0.054 0.002 0.795 0.003 0.013 0.012 0.070 0.012 0.001 0.007 
201     2105    (0)   16 :  0.006 0.006 0.006 0.024 0.004 0.896 0.015 0.006 0.006 0.021 0.005 0.001 0.004 
202     2106    (0)   16 :  0.002 0.012 0.031 0.007 0.002 0.882 0.018 0.014 0.014 0.006 0.003 0.002 0.007 
203     2107    (0)   16 :  0.003 0.011 0.033 0.016 0.006 0.823 0.009 0.011 0.012 0.024 0.046 0.002 0.005 
204     2108    (0)   16 :  0.006 0.016 0.024 0.008 0.005 0.888 0.005 0.014 0.015 0.010 0.003 0.003 0.004 
205     2109    (0)   16 :  0.006 0.008 0.005 0.013 0.002 0.886 0.041 0.009 0.009 0.008 0.005 0.002 0.006 
206     2110    (0)   16 :  0.004 0.009 0.021 0.018 0.006 0.866 0.003 0.010 0.011 0.034 0.012 0.002 0.004 
207     2111    (0)   16 :  0.001 0.005 0.148 0.008 0.004 0.791 0.005 0.005 0.005 0.017 0.003 0.001 0.008 
208     2112    (0)   16 :  0.003 0.004 0.007 0.003 0.003 0.943 0.013 0.004 0.004 0.003 0.005 0.001 0.007 
209     2583    (2)   16 :  0.005 0.005 0.022 0.005 0.010 0.895 0.032 0.004 0.005 0.004 0.003 0.006 0.005 
210     2584    (4)   16 :  0.004 0.014 0.009 0.005 0.004 0.901 0.014 0.011 0.011 0.003 0.009 0.004 0.011 
211     2587    (2)   16 :  0.001 0.004 0.012 0.009 0.003 0.939 0.007 0.004 0.004 0.008 0.002 0.001 0.006 
212     2590    (2)   16 :  0.012 0.005 0.006 0.004 0.002 0.931 0.013 0.005 0.005 0.004 0.006 0.003 0.004 
213     2591    (6)   16 :  0.001 0.006 0.004 0.008 0.009 0.928 0.005 0.006 0.006 0.010 0.005 0.002 0.010 
214       87    (0)    2 :  0.006 0.013 0.015 0.008 0.016 0.017 0.864 0.011 0.009 0.015 0.012 0.005 0.010 
215       88    (0)    2 :  0.001 0.002 0.005 0.002 0.002 0.016 0.961 0.002 0.002 0.002 0.002 0.001 0.002 
216       90    (0)    2 :  0.001 0.002 0.005 0.002 0.001 0.923 0.044 0.002 0.002 0.003 0.009 0.001 0.002 
217       92    (0)    2 :  0.002 0.012 0.023 0.012 0.003 0.185 0.701 0.011 0.011 0.014 0.008 0.002 0.015 
218       96    (0)    2 :  0.002 0.009 0.014 0.007 0.022 0.825 0.017 0.008 0.008 0.007 0.007 0.002 0.072 
219       97    (0)    2 :  0.001 0.006 0.020 0.007 0.003 0.078 0.843 0.006 0.006 0.006 0.011 0.001 0.012 
220      105    (0)    2 :  0.002 0.005 0.006 0.005 0.008 0.026 0.918 0.005 0.005 0.004 0.011 0.001 0.004 
221      120    (0)    2 :  0.004 0.003 0.005 0.003 0.002 0.004 0.964 0.003 0.003 0.003 0.002 0.001 0.004 
222      123    (0)    2 :  0.001 0.004 0.019 0.006 0.003 0.911 0.037 0.003 0.004 0.004 0.003 0.001 0.003 
223      128    (0)    2 :  0.002 0.004 0.010 0.003 0.003 0.952 0.007 0.005 0.005 0.002 0.003 0.001 0.005 
224      129    (0)    2 :  0.002 0.006 0.311 0.011 0.003 0.443 0.188 0.006 0.006 0.013 0.003 0.002 0.004 
225      132    (0)    2 :  0.002 0.005 0.002 0.003 0.002 0.014 0.948 0.004 0.004 0.003 0.006 0.001 0.006 
226      504    (0)    2 :  0.001 0.005 0.099 0.008 0.003 0.305 0.550 0.005 0.005 0.010 0.003 0.001 0.004 
227      505    (0)    2 :  0.001 0.007 0.019 0.006 0.004 0.164 0.753 0.007 0.006 0.012 0.013 0.002 0.005 
228      506    (0)    2 :  0.002 0.014 0.119 0.007 0.003 0.146 0.626 0.013 0.011 0.005 0.010 0.022 0.023 
229      507    (0)    2 :  0.004 0.005 0.086 0.010 0.003 0.019 0.830 0.005 0.005 0.021 0.006 0.002 0.004 
230      508    (0)    2 :  0.022 0.013 0.004 0.010 0.003 0.017 0.870 0.014 0.012 0.008 0.004 0.003 0.019 
231      509    (0)    2 :  0.003 0.013 0.010 0.007 0.003 0.119 0.781 0.017 0.017 0.006 0.018 0.003 0.002 
232      510    (0)    2 :  0.002 0.004 0.009 0.006 0.002 0.004 0.954 0.004 0.004 0.005 0.002 0.001 0.003 
233      511    (0)    2 :  0.002 0.007 0.019 0.006 0.011 0.044 0.765 0.007 0.006 0.006 0.122 0.003 0.003 
234      512    (0)    2 :  0.002 0.004 0.282 0.005 0.004 0.072 0.609 0.004 0.004 0.005 0.004 0.002 0.004 
235      513    (0)    2 :  0.002 0.004 0.062 0.003 0.002 0.034 0.875 0.003 0.003 0.003 0.004 0.001 0.002 
236      514    (0)    2 :  0.003 0.010 0.012 0.005 0.013 0.819 0.082 0.010 0.010 0.005 0.004 0.003 0.023 
237      515    (0)    2 :  0.009 0.017 0.013 0.018 0.004 0.168 0.698 0.017 0.021 0.009 0.004 0.004 0.018 
238      558    (0)    2 :  0.004 0.007 0.007 0.013 0.003 0.143 0.708 0.006 0.006 0.015 0.080 0.001 0.006 
239      559    (0)    2 :  0.002 0.003 0.004 0.003 0.001 0.919 0.050 0.003 0.003 0.002 0.003 0.002 0.004 
240      560    (0)    2 :  0.009 0.004 0.006 0.003 0.006 0.879 0.065 0.004 0.004 0.004 0.009 0.001 0.004 
241      561    (0)    2 :  0.003 0.006 0.026 0.003 0.004 0.207 0.659 0.005 0.006 0.004 0.072 0.003 0.003 
242      562    (0)    2 :  0.003 0.009 0.009 0.009 0.002 0.040 0.882 0.009 0.009 0.006 0.004 0.003 0.016 
243      563    (0)    2 :  0.003 0.003 0.002 0.002 0.002 0.003 0.970 0.003 0.003 0.002 0.002 0.003 0.003 
244      564    (0)    2 :  0.009 0.006 0.006 0.007 0.003 0.380 0.555 0.006 0.006 0.007 0.005 0.002 0.009 
245      136    (0)    3 :  0.001 0.007 0.010 0.003 0.004 0.918 0.004 0.007 0.007 0.005 0.027 0.005 0.003 
246      138    (0)    3 :  0.003 0.005 0.010 0.007 0.003 0.937 0.008 0.005 0.005 0.006 0.006 0.002 0.003 
247      140    (0)    3 :  0.003 0.006 0.008 0.008 0.008 0.917 0.014 0.006 0.007 0.011 0.004 0.001 0.008 
248      141    (0)    3 :  0.006 0.028 0.015 0.014 0.004 0.854 0.007 0.028 0.027 0.008 0.005 0.002 0.004 
249      144    (0)    3 :  0.002 0.004 0.008 0.003 0.012 0.942 0.005 0.004 0.004 0.003 0.003 0.002 0.006 
250      146    (0)    3 :  0.003 0.004 0.006 0.002 0.004 0.945 0.012 0.004 0.004 0.003 0.002 0.002 0.010 
251      148    (0)    3 :  0.005 0.030 0.060 0.012 0.001 0.717 0.077 0.026 0.028 0.006 0.011 0.006 0.019 
252      150    (0)    3 :  0.010 0.006 0.013 0.006 0.002 0.926 0.006 0.005 0.006 0.010 0.005 0.002 0.004 
253      152    (0)    3 :  0.002 0.004 0.021 0.005 0.002 0.928 0.018 0.005 0.005 0.004 0.003 0.001 0.002 
254      666    (0)    3 :  0.002 0.004 0.005 0.005 0.002 0.957 0.005 0.004 0.004 0.007 0.001 0.001 0.002 
255      667    (0)    3 :  0.001 0.012 0.008 0.008 0.002 0.922 0.009 0.011 0.010 0.006 0.003 0.002 0.007 
256      668    (0)    3 :  0.012 0.016 0.051 0.012 0.005 0.767 0.057 0.013 0.012 0.034 0.012 0.004 0.006 
257      669    (0)    3 :  0.004 0.005 0.032 0.009 0.002 0.838 0.011 0.005 0.005 0.011 0.073 0.003 0.003 
258      670    (0)    3 :  0.014 0.018 0.024 0.178 0.003 0.588 0.039 0.018 0.018 0.070 0.007 0.001 0.021 
259      684    (0)    3 :  0.003 0.004 0.015 0.005 0.002 0.919 0.010 0.005 0.005 0.007 0.018 0.001 0.005 
260      685    (0)    3 :  0.009 0.007 0.006 0.004 0.003 0.935 0.004 0.007 0.006 0.003 0.005 0.005 0.006 
261      686    (0)    3 :  0.003 0.007 0.013 0.010 0.003 0.849 0.085 0.006 0.006 0.008 0.005 0.002 0.003 
262      687    (0)    3 :  0.001 0.005 0.015 0.004 0.005 0.942 0.004 0.005 0.005 0.005 0.005 0.001 0.004 
263      688    (2)    3 :  0.002 0.004 0.045 0.004 0.003 0.914 0.006 0.004 0.004 0.005 0.006 0.002 0.003 
264      689    (0)    3 :  0.004 0.010 0.028 0.010 0.004 0.869 0.009 0.009 0.009 0.011 0.004 0.023 0.009 
265      165    (0)    4 :  0.002 0.010 0.008 0.012 0.003 0.898 0.006 0.011 0.012 0.012 0.009 0.004 0.011 
266      167    (0)    4 :  0.049 0.029 0.014 0.012 0.003 0.517 0.010 0.034 0.033 0.020 0.010 0.002 0.268 
267      170    (0)    4 :  0.005 0.008 0.007 0.018 0.010 0.886 0.013 0.008 0.008 0.015 0.005 0.003 0.016 
268      714    (0)    4 :  0.003 0.010 0.028 0.015 0.002 0.369 0.494 0.009 0.009 0.006 0.046 0.003 0.007 
269      715    (2)    4 :  0.015 0.127 0.074 0.020 0.003 0.191 0.249 0.131 0.108 0.024 0.012 0.018 0.029 
270      716    (0)    4 :  0.012 0.015 0.009 0.023 0.003 0.820 0.005 0.014 0.014 0.028 0.006 0.035 0.016 
271      717    (2)    4 :  0.012 0.182 0.013 0.117 0.007 0.074 0.239 0.143 0.123 0.007 0.007 0.004 0.073 
272     2346    (2)    4 :  0.003 0.033 0.004 0.010 0.027 0.005 0.006 0.032 0.035 0.065 0.007 0.717 0.055 
273      189    (0)    5 :  0.006 0.007 0.011 0.007 0.888 0.008 0.010 0.006 0.006 0.006 0.004 0.002 0.039 
274      190    (0)    5 :  0.002 0.003 0.005 0.002 0.968 0.003 0.002 0.003 0.003 0.003 0.002 0.003 0.004 
275      193    (0)    5 :  0.001 0.008 0.002 0.005 0.950 0.004 0.005 0.008 0.008 0.003 0.002 0.003 0.003 
276      761    (0)    5 :  0.001 0.002 0.002 0.003 0.972 0.002 0.003 0.002 0.002 0.003 0.001 0.001 0.004 
277      762    (0)    5 :  0.002 0.004 0.002 0.006 0.955 0.005 0.002 0.003 0.004 0.006 0.008 0.002 0.003 
278      763    (0)    5 :  0.003 0.004 0.005 0.004 0.954 0.005 0.004 0.004 0.004 0.006 0.003 0.002 0.003 
279      764    (0)    5 :  0.002 0.003 0.008 0.004 0.962 0.003 0.002 0.003 0.003 0.004 0.004 0.001 0.003 
280      765    (0)    5 :  0.001 0.005 0.005 0.004 0.952 0.004 0.004 0.005 0.005 0.004 0.003 0.003 0.004 
281      778    (0)    5 :  0.015 0.017 0.012 0.006 0.856 0.015 0.015 0.017 0.018 0.008 0.003 0.008 0.011 
282      779    (0)    5 :  0.002 0.004 0.026 0.004 0.937 0.004 0.002 0.003 0.004 0.004 0.003 0.002 0.005 
283      780    (0)    5 :  0.002 0.003 0.003 0.003 0.969 0.002 0.002 0.003 0.003 0.005 0.001 0.002 0.002 
284      781    (0)    5 :  0.014 0.003 0.003 0.002 0.949 0.003 0.007 0.003 0.003 0.003 0.005 0.002 0.003 
285      782    (0)    5 :  0.002 0.004 0.017 0.003 0.942 0.007 0.007 0.005 0.005 0.002 0.001 0.002 0.003 
286      783    (0)    5 :  0.001 0.001 0.002 0.001 0.983 0.002 0.001 0.001 0.001 0.002 0.001 0.001 0.001 
287      784    (0)    5 :  0.001 0.005 0.004 0.003 0.957 0.003 0.005 0.004 0.005 0.003 0.002 0.001 0.007 
288      785    (0)    5 :  0.004 0.003 0.003 0.004 0.960 0.003 0.002 0.004 0.003 0.005 0.004 0.002 0.003 
289      786    (0)    5 :  0.001 0.004 0.003 0.004 0.960 0.003 0.002 0.004 0.004 0.006 0.001 0.002 0.006 
290      787    (0)    5 :  0.002 0.003 0.010 0.003 0.963 0.004 0.002 0.003 0.003 0.003 0.002 0.001 0.002 
291      788    (0)    5 :  0.004 0.009 0.005 0.007 0.923 0.008 0.009 0.010 0.010 0.008 0.003 0.003 0.003 
292      789    (0)    5 :  0.002 0.008 0.008 0.004 0.926 0.003 0.002 0.008 0.008 0.002 0.001 0.021 0.007 
293      790    (0)    5 :  0.005 0.004 0.008 0.005 0.944 0.003 0.002 0.004 0.004 0.004 0.002 0.002 0.010 
294      791    (0)    5 :  0.002 0.006 0.010 0.007 0.936 0.009 0.004 0.007 0.007 0.006 0.002 0.002 0.003 
295      792    (0)    5 :  0.003 0.002 0.002 0.002 0.974 0.002 0.002 0.002 0.002 0.002 0.003 0.002 0.002 
296      793    (0)    5 :  0.002 0.006 0.013 0.004 0.941 0.005 0.003 0.006 0.006 0.005 0.003 0.003 0.004 
297      794    (0)    5 :  0.002 0.005 0.002 0.004 0.958 0.002 0.003 0.005 0.005 0.005 0.002 0.002 0.004 
298      795    (0)    5 :  0.002 0.004 0.002 0.003 0.960 0.003 0.005 0.004 0.004 0.003 0.002 0.004 0.004 
299      796    (0)    5 :  0.003 0.002 0.002 0.002 0.975 0.002 0.002 0.002 0.002 0.002 0.002 0.004 0.002 
300      797    (0)    5 :  0.002 0.002 0.002 0.002 0.972 0.002 0.002 0.002 0.002 0.004 0.002 0.001 0.002 
301      798    (0)    5 :  0.002 0.003 0.003 0.007 0.957 0.007 0.004 0.003 0.003 0.005 0.002 0.001 0.003 
302      282    (0)    6 :  0.911 0.009 0.002 0.004 0.002 0.004 0.005 0.008 0.008 0.004 0.001 0.039 0.003 
303      284    (0)    6 :  0.939 0.004 0.003 0.004 0.013 0.003 0.002 0.004 0.004 0.004 0.016 0.002 0.003 
304      287    (0)    6 :  0.957 0.006 0.003 0.005 0.003 0.002 0.002 0.005 0.005 0.005 0.003 0.002 0.003 
305      295    (0)    6 :  0.985 0.001 0.001 0.001 0.001 0.001 0.001 0.001 0.001 0.001 0.001 0.002 0.001 
306      302    (0)    6 :  0.982 0.001 0.001 0.002 0.001 0.001 0.001 0.001 0.001 0.002 0.001 0.004 0.001 
307      306    (4)    6 :  0.770 0.009 0.005 0.006 0.004 0.005 0.003 0.009 0.008 0.006 0.005 0.167 0.002 
308      308    (0)    6 :  0.976 0.002 0.002 0.001 0.001 0.002 0.003 0.002 0.002 0.002 0.003 0.001 0.002 
309      867    (0)    6 :  0.935 0.002 0.001 0.002 0.001 0.002 0.002 0.002 0.002 0.002 0.002 0.048 0.001 
310      315    (0)    7 :  0.009 0.306 0.021 0.010 0.048 0.009 0.005 0.195 0.198 0.183 0.002 0.003 0.012 
311      565    (0)    7 :  0.002 0.449 0.004 0.008 0.023 0.009 0.011 0.220 0.256 0.004 0.003 0.005 0.006 
312      566    (2)    7 :  0.003 0.063 0.004 0.665 0.014 0.009 0.007 0.054 0.056 0.076 0.011 0.004 0.036 
313      567    (2)    7 :  0.002 0.229 0.013 0.007 0.004 0.023 0.008 0.370 0.312 0.005 0.007 0.004 0.017 
314      877    (0)    7 :  0.002 0.216 0.004 0.017 0.004 0.008 0.024 0.302 0.343 0.007 0.057 0.004 0.013 
315      878    (0)    7 :  0.009 0.231 0.006 0.015 0.006 0.004 0.004 0.314 0.329 0.005 0.007 0.020 0.051 
316      879    (0)    7 :  0.006 0.345 0.004 0.008 0.006 0.007 0.010 0.248 0.225 0.010 0.006 0.027 0.097 
317      880    (0)    7 :  0.002 0.234 0.004 0.008 0.005 0.006 0.010 0.389 0.308 0.007 0.008 0.009 0.010 
318      881    (0)    7 :  0.006 0.316 0.006 0.020 0.009 0.005 0.005 0.268 0.324 0.010 0.006 0.018 0.007 
319      882    (0)    7 :  0.025 0.188 0.006 0.008 0.009 0.005 0.006 0.308 0.357 0.005 0.003 0.050 0.030 
320      883    (0)    7 :  0.007 0.273 0.004 0.012 0.004 0.010 0.009 0.284 0.324 0.024 0.002 0.028 0.019 
321      884    (0)    7 :  0.002 0.146 0.015 0.190 0.003 0.018 0.014 0.238 0.262 0.096 0.004 0.003 0.010 
322      885    (0)    7 :  0.009 0.197 0.006 0.072 0.004 0.005 0.022 0.288 0.343 0.035 0.003 0.005 0.012 
323      886    (0)    7 :  0.008 0.208 0.004 0.022 0.185 0.011 0.004 0.232 0.298 0.014 0.003 0.007 0.004 
324      887    (0)    7 :  0.015 0.023 0.005 0.521 0.004 0.021 0.009 0.023 0.021 0.255 0.002 0.044 0.058 
325      888    (0)    7 :  0.004 0.188 0.013 0.006 0.006 0.018 0.086 0.299 0.365 0.005 0.004 0.002 0.003 
326      889    (0)    7 :  0.007 0.305 0.008 0.042 0.004 0.005 0.005 0.241 0.253 0.045 0.004 0.012 0.069 
327      890    (0)    7 :  0.004 0.318 0.012 0.014 0.015 0.004 0.004 0.311 0.247 0.010 0.044 0.006 0.010 
328      891    (0)    7 :  0.003 0.190 0.004 0.011 0.005 0.009 0.009 0.380 0.360 0.005 0.012 0.005 0.008 
329      892    (0)    7 :  0.007 0.252 0.007 0.017 0.004 0.007 0.009 0.287 0.323 0.009 0.003 0.002 0.070 
330      893    (0)    7 :  0.003 0.273 0.030 0.144 0.101 0.026 0.005 0.167 0.217 0.022 0.003 0.005 0.004 
331      319    (2)    8 :  0.002 0.323 0.010 0.112 0.006 0.007 0.005 0.251 0.232 0.004 0.003 0.004 0.040 
332      335    (0)    8 :  0.008 0.420 0.013 0.018 0.014 0.006 0.003 0.241 0.242 0.008 0.010 0.006 0.010 
333      895    (0)    8 :  0.006 0.283 0.004 0.045 0.006 0.007 0.004 0.206 0.247 0.008 0.004 0.160 0.020 
334      896    (0)    8 :  0.007 0.389 0.007 0.009 0.003 0.007 0.058 0.229 0.253 0.011 0.002 0.004 0.021 
335      897    (0)    8 :  0.002 0.208 0.002 0.008 0.006 0.005 0.011 0.327 0.414 0.007 0.001 0.005 0.004 
336      898    (0)    8 :  0.002 0.152 0.005 0.107 0.004 0.005 0.006 0.297 0.373 0.035 0.003 0.004 0.006 
337      899    (0)    8 :  0.004 0.227 0.019 0.037 0.003 0.140 0.008 0.219 0.277 0.048 0.002 0.007 0.009 
338      900    (0)    8 :  0.014 0.336 0.004 0.020 0.033 0.008 0.014 0.231 0.287 0.027 0.006 0.005 0.015 
339      901    (0)    8 :  0.003 0.299 0.030 0.041 0.025 0.121 0.008 0.181 0.207 0.017 0.004 0.029 0.035 
340      902    (0)    8 :  0.010 0.290 0.004 0.084 0.003 0.062 0.004 0.175 0.189 0.020 0.002 0.132 0.025 
341      903    (0)    8 :  0.027 0.330 0.003 0.013 0.003 0.004 0.010 0.272 0.324 0.004 0.002 0.004 0.005 
342      904    (0)    8 :  0.007 0.207 0.006 0.005 0.002 0.007 0.010 0.382 0.350 0.005 0.004 0.002 0.012 
343      905    (0)    8 :  0.010 0.293 0.008 0.005 0.003 0.080 0.026 0.224 0.207 0.007 0.008 0.097 0.033 
344      906    (0)    8 :  0.006 0.225 0.003 0.017 0.005 0.004 0.006 0.291 0.316 0.008 0.002 0.112 0.006 
345      907    (0)    8 :  0.011 0.284 0.004 0.036 0.007 0.006 0.032 0.282 0.241 0.025 0.007 0.054 0.011 
346      908    (0)    8 :  0.003 0.247 0.004 0.016 0.006 0.018 0.007 0.302 0.373 0.014 0.004 0.002 0.005 
347      909    (0)    8 :  0.005 0.016 0.010 0.101 0.287 0.017 0.005 0.020 0.019 0.508 0.003 0.005 0.004 
348      910    (0)    8 :  0.002 0.262 0.006 0.010 0.090 0.006 0.007 0.317 0.232 0.009 0.003 0.052 0.005 
349      911    (0)    8 :  0.008 0.273 0.013 0.017 0.034 0.010 0.003 0.321 0.272 0.009 0.023 0.010 0.006 
350      912    (0)    8 :  0.007 0.270 0.003 0.014 0.002 0.004 0.006 0.352 0.300 0.017 0.011 0.007 0.006 
351      913    (0)    8 :  0.100 0.169 0.026 0.095 0.045 0.041 0.009 0.163 0.216 0.123 0.002 0.005 0.005 
352     2411    (0)    8 :  0.004 0.194 0.002 0.007 0.004 0.010 0.007 0.315 0.437 0.006 0.003 0.005 0.005 
353     2412    (0)    8 :  0.018 0.057 0.010 0.584 0.007 0.008 0.017 0.042 0.054 0.178 0.002 0.003 0.020 
354     2413    (0)    8 :  0.007 0.305 0.018 0.005 0.018 0.008 0.013 0.279 0.298 0.005 0.004 0.031 0.008 
355     2414    (0)    8 :  0.004 0.418 0.005 0.012 0.002 0.005 0.004 0.225 0.276 0.029 0.010 0.004 0.006 
356     2415    (2)    8 :  0.003 0.270 0.013 0.018 0.026 0.018 0.027 0.275 0.285 0.031 0.003 0.003 0.027 
357     2417    (4)    8 :  0.005 0.231 0.012 0.138 0.007 0.062 0.012 0.205 0.254 0.047 0.011 0.011 0.005 
358     2418    (4)    8 :  0.004 0.242 0.007 0.007 0.007 0.005 0.009 0.377 0.309 0.008 0.003 0.014 0.008 
359     2419    (2)    8 :  0.002 0.347 0.005 0.045 0.004 0.004 0.004 0.252 0.289 0.020 0.009 0.003 0.015 
360     2420    (0)    8 :  0.058 0.325 0.002 0.013 0.006 0.003 0.006 0.280 0.280 0.011 0.004 0.006 0.007 
361     2421    (0)    8 :  0.005 0.238 0.003 0.021 0.013 0.007 0.013 0.236 0.264 0.148 0.002 0.006 0.044 
362     2422    (2)    8 :  0.004 0.215 0.004 0.008 0.229 0.006 0.003 0.238 0.243 0.008 0.006 0.009 0.026 
363     2423    (0)    8 :  0.006 0.317 0.017 0.019 0.010 0.015 0.015 0.223 0.277 0.009 0.065 0.008 0.019 
364     2576    (0)    8 :  0.069 0.316 0.005 0.018 0.009 0.010 0.011 0.266 0.254 0.011 0.013 0.010 0.008 
365      321    (0)    9 :  0.002 0.021 0.005 0.607 0.003 0.012 0.003 0.015 0.023 0.281 0.002 0.002 0.025 
366      338    (0)    9 :  0.002 0.003 0.003 0.004 0.002 0.003 0.002 0.003 0.003 0.964 0.005 0.002 0.005 
367      339    (0)    9 :  0.004 0.015 0.020 0.052 0.006 0.009 0.009 0.010 0.011 0.773 0.062 0.014 0.014 
368      363    (0)    9 :  0.010 0.020 0.006 0.017 0.007 0.004 0.003 0.024 0.020 0.019 0.007 0.006 0.860 
369      915    (0)    9 :  0.003 0.008 0.008 0.280 0.003 0.013 0.005 0.008 0.009 0.654 0.003 0.001 0.005 
370      917    (0)    9 :  0.001 0.029 0.019 0.301 0.003 0.004 0.003 0.024 0.024 0.437 0.004 0.002 0.147 
371      923    (0)    9 :  0.006 0.283 0.017 0.040 0.016 0.010 0.008 0.190 0.196 0.189 0.009 0.004 0.035 
372      925    (0)    9 :  0.002 0.003 0.005 0.374 0.004 0.003 0.006 0.003 0.003 0.589 0.003 0.002 0.003 
373      931    (0)    9 :  0.002 0.147 0.004 0.163 0.007 0.006 0.008 0.233 0.175 0.228 0.002 0.002 0.023 
374      935    (0)    9 :  0.003 0.012 0.007 0.017 0.004 0.007 0.004 0.010 0.010 0.913 0.002 0.004 0.008 
375      936    (0)    9 :  0.004 0.014 0.007 0.454 0.011 0.003 0.004 0.013 0.014 0.451 0.003 0.009 0.014 
376      937    (0)    9 :  0.001 0.009 0.004 0.875 0.002 0.003 0.005 0.008 0.008 0.074 0.002 0.002 0.008 
377      948    (0)    9 :  0.003 0.086 0.005 0.151 0.015 0.010 0.008 0.098 0.123 0.440 0.002 0.016 0.042 
378      956    (0)    9 :  0.001 0.014 0.006 0.339 0.003 0.019 0.021 0.013 0.013 0.560 0.002 0.004 0.005 
379      957    (0)    9 :  0.003 0.016 0.002 0.641 0.003 0.003 0.004 0.017 0.015 0.250 0.004 0.004 0.040 
380      967    (0)    9 :  0.003 0.012 0.004 0.575 0.004 0.003 0.005 0.014 0.014 0.349 0.005 0.002 0.010 
381      968    (2)    9 :  0.002 0.071 0.008 0.364 0.006 0.005 0.057 0.071 0.064 0.327 0.006 0.005 0.013 
382      969    (4)    9 :  0.003 0.054 0.009 0.211 0.013 0.010 0.005 0.066 0.052 0.535 0.011 0.007 0.026 
383      970    (2)    9 :  0.033 0.103 0.003 0.322 0.006 0.005 0.005 0.145 0.120 0.062 0.016 0.008 0.173 
384      971    (6)    9 :  0.002 0.010 0.027 0.062 0.003 0.008 0.005 0.010 0.009 0.519 0.018 0.002 0.325 
385      972    (0)    9 :  0.008 0.013 0.003 0.013 0.004 0.003 0.008 0.009 0.008 0.921 0.002 0.003 0.004 
386      973    (2)    9 :  0.004 0.367 0.005 0.016 0.014 0.005 0.012 0.244 0.255 0.042 0.009 0.022 0.006 
387      978    (0)    9 :  0.002 0.008 0.003 0.370 0.021 0.003 0.013 0.006 0.007 0.553 0.002 0.006 0.004 
388      979    (0)    9 :  0.004 0.064 0.015 0.053 0.002 0.488 0.027 0.066 0.062 0.069 0.015 0.050 0.083 
389      988    (6)    9 :  0.001 0.005 0.006 0.010 0.003 0.006 0.004 0.005 0.006 0.011 0.002 0.002 0.938 
390      989    (0)    9 :  0.004 0.099 0.021 0.212 0.005 0.011 0.019 0.099 0.093 0.369 0.011 0.003 0.055 
391      990    (0)    9 :  0.006 0.136 0.068 0.525 0.022 0.006 0.003 0.074 0.106 0.037 0.004 0.003 0.009 
392      991    (0)    9 :  0.002 0.006 0.003 0.303 0.005 0.003 0.004 0.007 0.007 0.635 0.003 0.003 0.020 
393      992    (0)    9 :  0.020 0.021 0.013 0.277 0.003 0.006 0.029 0.019 0.018 0.563 0.016 0.005 0.011 
394     1006    (2)    9 :  0.002 0.007 0.004 0.062 0.010 0.013 0.023 0.007 0.007 0.834 0.024 0.002 0.005 
395     1017    (0)    9 :  0.003 0.099 0.066 0.427 0.013 0.050 0.137 0.054 0.062 0.074 0.006 0.003 0.006 
396     2582    (4)    9 :  0.012 0.016 0.118 0.048 0.027 0.019 0.013 0.018 0.017 0.694 0.011 0.003 0.004 


Estimated Allele Frequencies in each cluster
First column gives estimated ancestral frequencies


Locus 1 : 1 
4 alleles
0.0% missing data
  89   (0.524) 0.072 0.537 0.622 0.487 0.641 0.632 0.274 0.538 0.539 0.556 0.679 0.289 0.465 
  93   (0.074) 0.034 0.068 0.164 0.054 0.046 0.027 0.154 0.067 0.070 0.039 0.008 0.043 0.023 
  91   (0.382) 0.738 0.374 0.213 0.449 0.312 0.341 0.569 0.373 0.372 0.382 0.311 0.667 0.506 
  99   (0.021) 0.155 0.021 0.002 0.011 0.001 0.001 0.002 0.022 0.019 0.022 0.002 0.001 0.006 

Locus 2 : 2 
6 alleles
1.3% missing data
 136   (0.327) 0.196 0.339 0.431 0.173 0.462 0.570 0.695 0.355 0.358 0.069 0.111 0.451 0.202 
 138   (0.298) 0.757 0.287 0.356 0.497 0.156 0.232 0.117 0.278 0.278 0.509 0.255 0.226 0.249 
 140   (0.083) 0.010 0.083 0.077 0.054 0.005 0.038 0.010 0.084 0.079 0.031 0.439 0.109 0.110 
 134   (0.240) 0.031 0.234 0.132 0.205 0.374 0.158 0.173 0.221 0.226 0.272 0.190 0.203 0.418 
 142   (0.028) 0.004 0.027 0.002 0.063 0.002 0.001 0.003 0.025 0.024 0.114 0.003 0.010 0.015 
 132   (0.023) 0.003 0.030 0.002 0.008 0.001 0.001 0.002 0.038 0.036 0.004 0.002 0.001 0.005 

Locus 3 : 3 
6 alleles
0.0% missing data
 187   (0.363) 0.753 0.361 0.664 0.258 0.259 0.460 0.542 0.364 0.353 0.170 0.698 0.358 0.346 
 179   (0.237) 0.031 0.249 0.167 0.270 0.015 0.247 0.358 0.263 0.261 0.216 0.213 0.056 0.267 
 181   (0.231) 0.195 0.223 0.156 0.226 0.070 0.261 0.084 0.206 0.215 0.388 0.072 0.079 0.298 
 175   (0.059) 0.007 0.059 0.004 0.081 0.004 0.002 0.005 0.063 0.065 0.152 0.006 0.231 0.026 
 185   (0.073) 0.010 0.073 0.006 0.152 0.456 0.002 0.007 0.074 0.075 0.064 0.007 0.266 0.054 
 191   (0.036) 0.005 0.035 0.003 0.013 0.196 0.028 0.004 0.030 0.030 0.010 0.004 0.010 0.009 

Locus 4 : 4 
10 alleles
0.0% missing data
 241   (0.145) 0.207 0.135 0.066 0.193 0.150 0.019 0.352 0.129 0.136 0.131 0.018 0.520 0.073 
 269   (0.166) 0.234 0.161 0.409 0.256 0.101 0.079 0.056 0.154 0.159 0.174 0.018 0.018 0.239 
 253   (0.508) 0.537 0.527 0.510 0.476 0.466 0.793 0.511 0.542 0.526 0.640 0.672 0.182 0.418 
 247   (0.067) 0.008 0.077 0.005 0.028 0.276 0.002 0.007 0.093 0.092 0.037 0.006 0.028 0.103 
 271   (0.043) 0.006 0.036 0.004 0.029 0.003 0.035 0.044 0.029 0.030 0.007 0.005 0.115 0.150 
 249   (0.034) 0.004 0.029 0.003 0.007 0.002 0.070 0.025 0.024 0.025 0.005 0.278 0.068 0.009 
 245   (0.012) 0.001 0.010 0.001 0.002 0.001 0.000 0.001 0.008 0.009 0.002 0.001 0.067 0.003 
 257   (0.008) 0.001 0.007 0.001 0.004 0.000 0.001 0.002 0.005 0.005 0.002 0.001 0.000 0.002 
 239   (0.008) 0.001 0.007 0.001 0.002 0.000 0.000 0.001 0.006 0.006 0.001 0.001 0.000 0.002 
 273   (0.011) 0.001 0.011 0.001 0.003 0.001 0.000 0.001 0.010 0.011 0.001 0.001 0.001 0.003 

Locus 5 : 5 
7 alleles
0.8% missing data
 103   (0.838) 0.978 0.819 0.985 0.898 0.963 0.990 0.982 0.802 0.812 0.950 0.984 0.743 0.949 
 104   (0.064) 0.009 0.079 0.008 0.052 0.004 0.007 0.009 0.091 0.078 0.024 0.006 0.059 0.020 
 105   (0.049) 0.006 0.058 0.004 0.030 0.003 0.002 0.005 0.069 0.072 0.019 0.005 0.170 0.018 
 102   (0.017) 0.003 0.017 0.001 0.013 0.001 0.001 0.002 0.018 0.018 0.003 0.001 0.001 0.004 
 107   (0.012) 0.001 0.010 0.001 0.002 0.001 0.000 0.001 0.008 0.008 0.002 0.001 0.026 0.003 
  99   (0.008) 0.001 0.006 0.001 0.002 0.013 0.000 0.001 0.004 0.005 0.001 0.001 0.001 0.002 
 101   (0.012) 0.001 0.010 0.001 0.004 0.014 0.000 0.001 0.008 0.008 0.002 0.001 0.001 0.004 

Locus 6 : 6 
5 alleles
0.3% missing data
 141   (0.300) 0.041 0.290 0.476 0.250 0.135 0.593 0.292 0.275 0.273 0.247 0.856 0.121 0.605 
 145   (0.377) 0.388 0.405 0.218 0.497 0.263 0.188 0.144 0.439 0.441 0.585 0.067 0.023 0.201 
 147   (0.071) 0.010 0.064 0.161 0.023 0.315 0.017 0.205 0.054 0.055 0.011 0.020 0.129 0.033 
 135   (0.241) 0.559 0.231 0.145 0.228 0.286 0.203 0.358 0.224 0.223 0.156 0.057 0.647 0.158 
 137   (0.012) 0.001 0.010 0.001 0.002 0.001 0.000 0.001 0.008 0.008 0.002 0.001 0.079 0.003 

Locus 7 : 7 
10 alleles
1.0% missing data
  93   (0.244) 0.728 0.229 0.305 0.292 0.070 0.327 0.390 0.218 0.219 0.296 0.615 0.120 0.257 
 103   (0.259) 0.037 0.271 0.564 0.344 0.502 0.376 0.298 0.293 0.281 0.367 0.076 0.016 0.239 
  97   (0.202) 0.140 0.207 0.061 0.119 0.258 0.185 0.149 0.208 0.212 0.139 0.027 0.275 0.200 
  91   (0.074) 0.064 0.071 0.049 0.024 0.156 0.031 0.008 0.062 0.066 0.045 0.007 0.056 0.029 
  83   (0.049) 0.007 0.061 0.004 0.035 0.003 0.001 0.004 0.072 0.069 0.038 0.005 0.003 0.013 
  89   (0.106) 0.015 0.098 0.011 0.150 0.007 0.023 0.138 0.089 0.094 0.087 0.263 0.305 0.243 
  85   (0.037) 0.005 0.037 0.004 0.030 0.002 0.055 0.009 0.037 0.040 0.022 0.005 0.002 0.013 
 105   (0.014) 0.002 0.013 0.001 0.003 0.001 0.000 0.001 0.013 0.011 0.003 0.002 0.083 0.003 
  99   (0.008) 0.002 0.006 0.001 0.002 0.001 0.000 0.001 0.004 0.004 0.001 0.001 0.011 0.002 
 101   (0.008) 0.001 0.006 0.001 0.002 0.000 0.000 0.001 0.004 0.004 0.001 0.001 0.129 0.002 

Locus 8 : 8 
8 alleles
0.0% missing data
 129   (0.527) 0.141 0.530 0.700 0.675 0.642 0.708 0.430 0.529 0.534 0.709 0.676 0.318 0.491 
 149   (0.105) 0.013 0.102 0.162 0.083 0.016 0.131 0.059 0.095 0.094 0.046 0.017 0.287 0.127 
 143   (0.255) 0.758 0.260 0.092 0.188 0.131 0.054 0.356 0.268 0.264 0.216 0.293 0.302 0.354 
 141   (0.063) 0.008 0.060 0.042 0.034 0.207 0.105 0.151 0.063 0.061 0.016 0.009 0.004 0.016 
 131   (0.011) 0.046 0.008 0.001 0.008 0.001 0.000 0.001 0.006 0.006 0.008 0.001 0.001 0.003 
 133   (0.015) 0.002 0.016 0.001 0.008 0.001 0.000 0.002 0.019 0.021 0.003 0.001 0.001 0.003 
 127   (0.016) 0.032 0.015 0.001 0.004 0.001 0.000 0.002 0.014 0.013 0.002 0.001 0.087 0.004 
 145   (0.008) 0.001 0.007 0.001 0.002 0.000 0.000 0.001 0.006 0.006 0.001 0.001 0.000 0.002 

Locus 9 : 9 
4 alleles
0.0% missing data
 191   (0.378) 0.256 0.382 0.586 0.248 0.546 0.550 0.612 0.385 0.370 0.321 0.840 0.319 0.251 
 195   (0.150) 0.401 0.136 0.243 0.132 0.054 0.182 0.039 0.126 0.127 0.281 0.030 0.339 0.228 
 189   (0.464) 0.342 0.476 0.170 0.618 0.399 0.265 0.348 0.485 0.498 0.397 0.129 0.341 0.519 
 193   (0.008) 0.001 0.006 0.001 0.002 0.000 0.003 0.001 0.005 0.005 0.001 0.001 0.000 0.002 

Locus 10 : 10 
7 alleles
0.3% missing data
 238   (0.563) 0.399 0.565 0.741 0.787 0.344 0.566 0.408 0.560 0.551 0.723 0.124 0.744 0.860 
 252   (0.109) 0.021 0.109 0.084 0.066 0.033 0.110 0.187 0.108 0.110 0.071 0.285 0.015 0.037 
 232   (0.239) 0.187 0.242 0.154 0.127 0.274 0.305 0.396 0.251 0.253 0.194 0.575 0.129 0.080 
 254   (0.048) 0.387 0.044 0.018 0.011 0.262 0.018 0.005 0.042 0.046 0.006 0.013 0.082 0.013 
 248   (0.020) 0.003 0.020 0.001 0.004 0.085 0.001 0.002 0.018 0.019 0.003 0.002 0.001 0.005 
 236   (0.008) 0.001 0.007 0.001 0.002 0.001 0.000 0.001 0.006 0.006 0.001 0.001 0.000 0.002 
 250   (0.014) 0.002 0.014 0.001 0.003 0.001 0.000 0.001 0.016 0.014 0.002 0.001 0.029 0.003 

Locus 11 : 11 
4 alleles
0.0% missing data
  87   (0.715) 0.964 0.725 0.591 0.772 0.534 0.659 0.562 0.733 0.736 0.852 0.357 0.521 0.905 
  89   (0.214) 0.028 0.213 0.403 0.201 0.382 0.286 0.329 0.214 0.212 0.111 0.610 0.154 0.066 
  91   (0.062) 0.008 0.056 0.005 0.025 0.084 0.054 0.108 0.049 0.048 0.036 0.032 0.168 0.028 
  85   (0.008) 0.001 0.006 0.001 0.002 0.000 0.000 0.001 0.004 0.004 0.001 0.001 0.157 0.002 

Locus 12 : 12 
12 alleles
0.3% missing data
 147   (0.055) 0.007 0.047 0.102 0.061 0.003 0.108 0.339 0.042 0.046 0.036 0.159 0.003 0.017 
 158   (0.232) 0.032 0.235 0.405 0.175 0.022 0.547 0.320 0.236 0.243 0.238 0.078 0.098 0.162 
 160   (0.226) 0.639 0.211 0.235 0.246 0.716 0.096 0.185 0.193 0.197 0.295 0.034 0.407 0.242 
 162   (0.232) 0.075 0.249 0.237 0.228 0.233 0.208 0.117 0.275 0.265 0.255 0.698 0.014 0.350 
 150   (0.008) 0.001 0.006 0.001 0.008 0.000 0.000 0.001 0.004 0.004 0.008 0.001 0.000 0.002 
 161   (0.110) 0.103 0.112 0.009 0.153 0.018 0.027 0.025 0.112 0.110 0.084 0.016 0.269 0.037 
 149   (0.022) 0.003 0.020 0.002 0.010 0.001 0.001 0.002 0.019 0.019 0.053 0.002 0.001 0.146 
 154   (0.019) 0.002 0.021 0.001 0.005 0.001 0.001 0.002 0.023 0.024 0.002 0.002 0.002 0.008 
 143   (0.025) 0.128 0.025 0.002 0.006 0.001 0.001 0.002 0.025 0.021 0.005 0.002 0.175 0.006 
 170   (0.054) 0.008 0.059 0.005 0.057 0.004 0.011 0.006 0.062 0.059 0.021 0.007 0.029 0.026 
 164   (0.008) 0.001 0.007 0.001 0.002 0.000 0.000 0.001 0.006 0.006 0.001 0.001 0.000 0.002 
 159   (0.010) 0.001 0.008 0.001 0.050 0.001 0.000 0.001 0.005 0.006 0.002 0.001 0.001 0.002 

Locus 13 : 13 
4 alleles
0.0% missing data
 108   (0.197) 0.304 0.192 0.153 0.129 0.198 0.168 0.165 0.182 0.185 0.101 0.421 0.291 0.071 
 115   (0.437) 0.082 0.434 0.765 0.538 0.286 0.530 0.365 0.432 0.434 0.521 0.511 0.376 0.579 
 113   (0.357) 0.613 0.367 0.081 0.331 0.515 0.301 0.469 0.380 0.375 0.378 0.067 0.332 0.348 
 109   (0.008) 0.001 0.007 0.001 0.002 0.000 0.000 0.001 0.006 0.006 0.001 0.001 0.000 0.002 

Locus 14 : 14 
7 alleles
2.5% missing data
 172   (0.419) 0.636 0.433 0.255 0.534 0.294 0.419 0.224 0.459 0.461 0.461 0.051 0.311 0.398 
 174   (0.325) 0.160 0.321 0.484 0.212 0.289 0.351 0.720 0.311 0.307 0.337 0.915 0.143 0.322 
 176   (0.104) 0.014 0.102 0.248 0.054 0.361 0.126 0.032 0.093 0.092 0.031 0.020 0.028 0.214 
 182   (0.061) 0.008 0.060 0.005 0.139 0.004 0.019 0.012 0.057 0.060 0.088 0.006 0.015 0.040 
 178   (0.044) 0.006 0.038 0.004 0.020 0.049 0.080 0.007 0.032 0.035 0.050 0.004 0.130 0.012 
 180   (0.040) 0.174 0.039 0.004 0.040 0.002 0.005 0.005 0.038 0.037 0.031 0.004 0.372 0.012 
 170   (0.008) 0.001 0.008 0.001 0.002 0.000 0.000 0.001 0.009 0.008 0.001 0.001 0.000 0.002 

Locus 15 : 15 
5 alleles
0.8% missing data
 225   (0.124) 0.251 0.117 0.297 0.139 0.209 0.052 0.024 0.108 0.110 0.064 0.015 0.060 0.105 
 229   (0.527) 0.117 0.545 0.341 0.464 0.417 0.489 0.409 0.561 0.553 0.530 0.879 0.479 0.766 
 227   (0.148) 0.232 0.137 0.253 0.330 0.018 0.259 0.316 0.129 0.128 0.335 0.049 0.009 0.072 
 231   (0.127) 0.308 0.129 0.060 0.041 0.350 0.107 0.110 0.129 0.140 0.020 0.023 0.348 0.036 
 233   (0.074) 0.092 0.072 0.049 0.027 0.006 0.093 0.141 0.073 0.069 0.050 0.034 0.103 0.021 

Locus 16 : 16 
5 alleles
0.5% missing data
 143   (0.832) 0.764 0.833 0.948 0.859 0.818 0.967 0.977 0.841 0.840 0.865 0.983 0.616 0.902 
 145   (0.096) 0.226 0.102 0.046 0.073 0.006 0.010 0.016 0.100 0.096 0.074 0.011 0.187 0.036 
 147   (0.046) 0.006 0.041 0.003 0.062 0.143 0.002 0.004 0.036 0.038 0.057 0.004 0.195 0.056 
 133   (0.017) 0.002 0.017 0.001 0.004 0.032 0.001 0.002 0.017 0.020 0.002 0.002 0.001 0.004 
 157   (0.010) 0.001 0.007 0.002 0.002 0.001 0.021 0.001 0.005 0.006 0.001 0.001 0.001 0.003 

Locus 17 : 17 
5 alleles
0.3% missing data
 158   (0.519) 0.202 0.526 0.507 0.611 0.201 0.505 0.687 0.524 0.524 0.659 0.323 0.328 0.449 
 156   (0.244) 0.599 0.246 0.254 0.208 0.502 0.314 0.099 0.253 0.255 0.231 0.207 0.166 0.101 
 160   (0.145) 0.018 0.135 0.207 0.145 0.114 0.132 0.204 0.123 0.120 0.081 0.458 0.124 0.418 
 154   (0.081) 0.179 0.085 0.031 0.022 0.183 0.048 0.010 0.094 0.095 0.013 0.011 0.382 0.029 
 152   (0.010) 0.001 0.008 0.001 0.013 0.001 0.000 0.001 0.005 0.006 0.016 0.001 0.001 0.003 

Locus 18 : 18 
5 alleles
0.0% missing data
  90   (0.661) 0.594 0.655 0.739 0.605 0.792 0.717 0.854 0.647 0.655 0.817 0.620 0.337 0.514 
 102   (0.221) 0.031 0.224 0.250 0.358 0.200 0.250 0.103 0.228 0.222 0.158 0.095 0.045 0.204 
  88   (0.076) 0.010 0.079 0.008 0.020 0.005 0.032 0.039 0.081 0.079 0.012 0.280 0.439 0.264 
 100   (0.034) 0.364 0.036 0.002 0.010 0.002 0.001 0.003 0.039 0.039 0.008 0.003 0.179 0.011 
 104   (0.008) 0.001 0.006 0.001 0.007 0.000 0.000 0.001 0.004 0.005 0.005 0.001 0.000 0.007 

Locus 19 : 19 
8 alleles
0.3% missing data
 142   (0.145) 0.023 0.148 0.409 0.104 0.009 0.407 0.362 0.155 0.152 0.063 0.783 0.023 0.118 
 146   (0.089) 0.012 0.084 0.319 0.172 0.222 0.154 0.031 0.077 0.073 0.059 0.048 0.005 0.152 
 127   (0.253) 0.485 0.261 0.141 0.228 0.061 0.195 0.078 0.262 0.266 0.382 0.063 0.155 0.119 
 138   (0.056) 0.055 0.054 0.070 0.054 0.004 0.012 0.024 0.052 0.053 0.032 0.015 0.004 0.022 
 140   (0.263) 0.324 0.269 0.045 0.257 0.180 0.102 0.430 0.274 0.274 0.214 0.043 0.309 0.351 
 150   (0.058) 0.008 0.054 0.004 0.093 0.308 0.002 0.006 0.052 0.053 0.181 0.006 0.215 0.017 
 148   (0.104) 0.014 0.098 0.009 0.084 0.214 0.067 0.048 0.092 0.097 0.064 0.037 0.069 0.213 
 128   (0.033) 0.080 0.033 0.003 0.007 0.002 0.063 0.022 0.037 0.032 0.004 0.005 0.219 0.009 

Locus 20 : 20 
7 alleles
0.3% missing data
 190   (0.150) 0.019 0.134 0.588 0.111 0.199 0.361 0.338 0.122 0.126 0.203 0.019 0.044 0.261 
 194   (0.568) 0.947 0.577 0.375 0.577 0.478 0.522 0.476 0.582 0.580 0.558 0.402 0.561 0.413 
 188   (0.181) 0.022 0.193 0.030 0.184 0.173 0.114 0.177 0.210 0.211 0.143 0.571 0.011 0.094 
 200   (0.065) 0.008 0.066 0.005 0.121 0.004 0.002 0.006 0.062 0.058 0.092 0.005 0.302 0.224 
 202   (0.019) 0.002 0.016 0.001 0.004 0.145 0.001 0.002 0.014 0.014 0.002 0.002 0.041 0.004 
 198   (0.008) 0.001 0.006 0.001 0.002 0.000 0.000 0.001 0.004 0.004 0.001 0.001 0.040 0.002 
 196   (0.008) 0.001 0.007 0.001 0.002 0.001 0.000 0.001 0.007 0.007 0.001 0.001 0.001 0.002 

Locus 21 : 21 
6 alleles
0.8% missing data
 252   (0.687) 0.388 0.711 0.921 0.811 0.728 0.825 0.717 0.735 0.736 0.742 0.819 0.078 0.697 
 244   (0.025) 0.003 0.020 0.044 0.006 0.002 0.003 0.002 0.014 0.015 0.009 0.147 0.040 0.006 
 246   (0.095) 0.186 0.094 0.008 0.029 0.048 0.007 0.202 0.092 0.093 0.077 0.010 0.211 0.109 
 254   (0.083) 0.084 0.075 0.013 0.061 0.084 0.038 0.010 0.067 0.066 0.095 0.010 0.241 0.115 
 250   (0.089) 0.336 0.078 0.012 0.081 0.137 0.115 0.066 0.065 0.066 0.074 0.012 0.428 0.068 
 248   (0.021) 0.003 0.023 0.002 0.012 0.001 0.013 0.003 0.027 0.024 0.003 0.002 0.001 0.005 

Locus 22 : 22 
7 alleles
0.0% missing data
 167   (0.187) 0.130 0.188 0.299 0.158 0.122 0.318 0.197 0.190 0.186 0.104 0.635 0.070 0.061 
 177   (0.286) 0.269 0.288 0.142 0.230 0.172 0.301 0.626 0.296 0.297 0.217 0.171 0.044 0.472 
 165   (0.044) 0.006 0.046 0.061 0.013 0.014 0.001 0.007 0.049 0.045 0.007 0.004 0.074 0.138 
 173   (0.281) 0.138 0.265 0.402 0.497 0.215 0.357 0.125 0.253 0.261 0.583 0.166 0.205 0.265 
 175   (0.135) 0.449 0.135 0.091 0.081 0.256 0.019 0.038 0.131 0.133 0.075 0.017 0.495 0.045 
 163   (0.046) 0.006 0.048 0.004 0.017 0.221 0.004 0.005 0.046 0.044 0.012 0.004 0.110 0.012 
 159   (0.021) 0.002 0.029 0.001 0.004 0.001 0.001 0.002 0.036 0.034 0.003 0.002 0.001 0.007 

Locus 23 : 23 
11 alleles
1.0% missing data
 152   (0.447) 0.476 0.438 0.909 0.556 0.371 0.573 0.454 0.425 0.431 0.584 0.133 0.107 0.565 
 154   (0.013) 0.001 0.009 0.021 0.003 0.001 0.077 0.005 0.006 0.007 0.002 0.001 0.001 0.003 
 146   (0.211) 0.081 0.211 0.044 0.320 0.138 0.270 0.233 0.210 0.207 0.311 0.832 0.014 0.203 
 166   (0.088) 0.119 0.095 0.008 0.034 0.005 0.032 0.241 0.103 0.105 0.021 0.009 0.005 0.151 
 156   (0.017) 0.002 0.012 0.001 0.009 0.306 0.001 0.002 0.009 0.009 0.012 0.002 0.103 0.004 
 162   (0.047) 0.006 0.053 0.003 0.015 0.070 0.001 0.005 0.058 0.060 0.010 0.004 0.135 0.019 
 142   (0.019) 0.002 0.018 0.001 0.005 0.001 0.001 0.002 0.016 0.014 0.024 0.002 0.030 0.005 
 150   (0.037) 0.088 0.038 0.003 0.017 0.002 0.009 0.010 0.042 0.038 0.009 0.004 0.113 0.013 
 164   (0.031) 0.004 0.027 0.002 0.008 0.002 0.016 0.040 0.024 0.027 0.005 0.003 0.067 0.007 
 158   (0.078) 0.011 0.089 0.006 0.032 0.103 0.020 0.008 0.098 0.094 0.020 0.008 0.424 0.028 
 148   (0.011) 0.209 0.009 0.001 0.002 0.001 0.000 0.001 0.007 0.008 0.002 0.001 0.001 0.002 

Locus 24 : 24 
7 alleles
0.5% missing data
 154   (0.543) 0.401 0.563 0.793 0.640 0.221 0.483 0.380 0.578 0.567 0.555 0.928 0.186 0.517 
 158   (0.027) 0.003 0.023 0.013 0.006 0.002 0.001 0.003 0.021 0.022 0.003 0.022 0.140 0.127 
 144   (0.168) 0.561 0.154 0.061 0.171 0.638 0.207 0.156 0.140 0.141 0.316 0.025 0.243 0.054 
 160   (0.114) 0.015 0.102 0.115 0.126 0.104 0.191 0.285 0.091 0.096 0.090 0.012 0.016 0.213 
 156   (0.122) 0.017 0.135 0.015 0.049 0.033 0.045 0.079 0.152 0.154 0.033 0.011 0.414 0.083 
 152   (0.016) 0.002 0.012 0.002 0.006 0.001 0.072 0.096 0.009 0.009 0.002 0.001 0.001 0.004 
 146   (0.010) 0.002 0.010 0.001 0.002 0.001 0.000 0.001 0.010 0.011 0.001 0.001 0.001 0.002 

Locus 25 : 25 
4 alleles
0.3% missing data
  81   (0.369) 0.257 0.387 0.153 0.407 0.025 0.163 0.337 0.404 0.391 0.407 0.719 0.373 0.448 
  83   (0.464) 0.721 0.454 0.727 0.364 0.919 0.443 0.602 0.446 0.452 0.400 0.227 0.592 0.484 
  77   (0.088) 0.012 0.081 0.111 0.122 0.051 0.367 0.022 0.071 0.076 0.076 0.041 0.005 0.042 
  85   (0.078) 0.011 0.078 0.009 0.107 0.005 0.026 0.039 0.079 0.081 0.117 0.012 0.030 0.027 

Locus 26 : 26 
6 alleles
0.3% missing data
 126   (0.034) 0.005 0.029 0.094 0.007 0.002 0.046 0.039 0.024 0.026 0.005 0.005 0.012 0.009 
 132   (0.323) 0.210 0.327 0.573 0.331 0.445 0.502 0.167 0.328 0.321 0.362 0.919 0.022 0.257 
 124   (0.529) 0.402 0.531 0.324 0.575 0.546 0.431 0.781 0.535 0.546 0.513 0.063 0.482 0.645 
 122   (0.076) 0.028 0.076 0.007 0.077 0.005 0.020 0.009 0.078 0.073 0.115 0.011 0.459 0.080 
 136   (0.015) 0.002 0.015 0.001 0.004 0.001 0.001 0.002 0.014 0.015 0.002 0.001 0.001 0.004 
 120   (0.024) 0.354 0.023 0.002 0.005 0.001 0.001 0.002 0.022 0.020 0.003 0.002 0.024 0.005 

Locus 27 : 27 
7 alleles
0.0% missing data
 183   (0.361) 0.332 0.358 0.792 0.293 0.421 0.528 0.472 0.359 0.357 0.336 0.194 0.204 0.337 
 175   (0.267) 0.036 0.277 0.168 0.339 0.448 0.258 0.256 0.293 0.289 0.286 0.098 0.017 0.405 
 165   (0.224) 0.307 0.225 0.027 0.178 0.056 0.145 0.161 0.220 0.225 0.317 0.685 0.106 0.212 
 179   (0.095) 0.319 0.091 0.009 0.175 0.006 0.068 0.106 0.082 0.079 0.054 0.018 0.289 0.034 
 181   (0.036) 0.004 0.036 0.003 0.012 0.069 0.001 0.003 0.036 0.040 0.005 0.003 0.268 0.008 
 185   (0.008) 0.001 0.006 0.001 0.002 0.000 0.000 0.001 0.004 0.004 0.001 0.001 0.117 0.002 
 157   (0.008) 0.001 0.007 0.001 0.002 0.000 0.000 0.001 0.006 0.006 0.001 0.001 0.000 0.002 

Locus 28 : 28 
4 alleles
0.0% missing data
 142   (0.643) 0.342 0.646 0.614 0.691 0.742 0.736 0.616 0.653 0.649 0.794 0.325 0.525 0.638 
 148   (0.194) 0.638 0.203 0.089 0.132 0.067 0.076 0.166 0.206 0.206 0.078 0.416 0.262 0.062 
 138   (0.051) 0.006 0.041 0.284 0.012 0.003 0.173 0.207 0.033 0.034 0.025 0.247 0.047 0.017 
 150   (0.113) 0.014 0.111 0.013 0.165 0.187 0.014 0.012 0.108 0.111 0.103 0.011 0.167 0.282 

Locus 29 : 29 
6 alleles
1.0% missing data
 260   (0.400) 0.076 0.401 0.664 0.527 0.375 0.287 0.457 0.400 0.395 0.526 0.263 0.231 0.451 
 262   (0.486) 0.909 0.482 0.326 0.390 0.550 0.703 0.531 0.482 0.486 0.381 0.724 0.683 0.459 
 264   (0.019) 0.002 0.018 0.001 0.028 0.001 0.001 0.002 0.018 0.020 0.025 0.002 0.001 0.006 
 256   (0.075) 0.011 0.079 0.007 0.052 0.072 0.008 0.008 0.079 0.077 0.055 0.010 0.083 0.078 
 258   (0.012) 0.001 0.014 0.001 0.002 0.001 0.000 0.001 0.017 0.018 0.002 0.001 0.001 0.003 
 266   (0.008) 0.001 0.006 0.001 0.002 0.000 0.000 0.001 0.004 0.004 0.012 0.001 0.000 0.002 

Locus 30 : 30 
7 alleles
0.5% missing data
 150   (0.437) 0.145 0.446 0.564 0.550 0.291 0.720 0.461 0.459 0.456 0.552 0.153 0.234 0.310 
 146   (0.265) 0.038 0.269 0.325 0.260 0.338 0.147 0.277 0.269 0.268 0.204 0.076 0.313 0.252 
 140   (0.185) 0.802 0.183 0.102 0.161 0.059 0.076 0.035 0.175 0.180 0.158 0.723 0.404 0.218 
 148   (0.072) 0.009 0.067 0.006 0.019 0.309 0.046 0.218 0.065 0.064 0.035 0.043 0.039 0.151 
 152   (0.024) 0.003 0.023 0.002 0.006 0.002 0.001 0.002 0.023 0.022 0.048 0.003 0.010 0.061 
 151   (0.008) 0.001 0.006 0.001 0.003 0.000 0.007 0.005 0.004 0.005 0.001 0.001 0.000 0.002 
 142   (0.008) 0.001 0.006 0.001 0.002 0.001 0.003 0.001 0.005 0.005 0.001 0.001 0.001 0.005 

Locus 31 : 31 
6 alleles
0.3% missing data
 125   (0.286) 0.159 0.306 0.305 0.152 0.031 0.511 0.279 0.325 0.327 0.080 0.628 0.144 0.125 
 129   (0.424) 0.226 0.411 0.654 0.592 0.782 0.432 0.639 0.399 0.394 0.589 0.305 0.068 0.572 
 123   (0.159) 0.022 0.155 0.031 0.169 0.105 0.053 0.070 0.148 0.149 0.263 0.055 0.113 0.138 
 131   (0.045) 0.007 0.051 0.004 0.044 0.003 0.001 0.004 0.060 0.057 0.018 0.004 0.141 0.031 
 127   (0.072) 0.540 0.067 0.005 0.040 0.078 0.002 0.007 0.060 0.064 0.048 0.008 0.532 0.131 
 121   (0.012) 0.046 0.010 0.001 0.003 0.001 0.000 0.001 0.008 0.008 0.002 0.001 0.001 0.003 

Locus 32 : 32 
6 alleles
0.3% missing data
 155   (0.560) 0.598 0.576 0.929 0.350 0.708 0.640 0.815 0.600 0.589 0.506 0.559 0.402 0.357 
 153   (0.083) 0.075 0.080 0.028 0.061 0.005 0.085 0.010 0.081 0.083 0.057 0.053 0.322 0.048 
 159   (0.144) 0.019 0.135 0.018 0.350 0.009 0.161 0.137 0.123 0.123 0.250 0.075 0.200 0.192 
 157   (0.171) 0.141 0.170 0.019 0.228 0.020 0.110 0.034 0.164 0.170 0.180 0.308 0.065 0.390 
 151   (0.034) 0.167 0.032 0.006 0.008 0.256 0.003 0.003 0.027 0.029 0.005 0.004 0.009 0.011 
 163   (0.008) 0.001 0.007 0.001 0.002 0.001 0.001 0.001 0.005 0.006 0.002 0.001 0.001 0.002 

Locus 33 : 33 
5 alleles
1.0% missing data
  92   (0.338) 0.139 0.329 0.613 0.440 0.438 0.180 0.231 0.310 0.323 0.345 0.398 0.487 0.202 
  95   (0.164) 0.296 0.172 0.151 0.103 0.409 0.117 0.031 0.189 0.178 0.058 0.017 0.224 0.399 
  91   (0.422) 0.555 0.417 0.227 0.434 0.148 0.642 0.654 0.412 0.412 0.583 0.538 0.249 0.375 
  94   (0.068) 0.009 0.076 0.008 0.021 0.005 0.061 0.083 0.085 0.083 0.012 0.046 0.030 0.022 
  90   (0.008) 0.001 0.006 0.001 0.002 0.001 0.000 0.001 0.004 0.005 0.001 0.001 0.010 0.002 

Locus 34 : 34 
5 alleles
0.0% missing data
 146   (0.290) 0.582 0.302 0.053 0.358 0.312 0.082 0.052 0.310 0.310 0.364 0.053 0.655 0.162 
 150   (0.588) 0.401 0.585 0.873 0.568 0.638 0.837 0.898 0.581 0.578 0.584 0.933 0.239 0.583 
 148   (0.069) 0.010 0.061 0.070 0.030 0.047 0.079 0.044 0.052 0.056 0.015 0.008 0.039 0.198 
 154   (0.038) 0.005 0.042 0.003 0.021 0.002 0.001 0.005 0.048 0.048 0.009 0.004 0.066 0.010 
 152   (0.014) 0.002 0.011 0.001 0.024 0.001 0.000 0.001 0.008 0.008 0.028 0.001 0.001 0.046 

Locus 35 : 35 
7 alleles
0.0% missing data
 180   (0.453) 0.724 0.462 0.342 0.296 0.669 0.667 0.371 0.476 0.479 0.380 0.418 0.360 0.363 
 184   (0.209) 0.234 0.198 0.213 0.229 0.073 0.135 0.145 0.187 0.192 0.350 0.423 0.180 0.208 
 196   (0.116) 0.015 0.109 0.289 0.187 0.007 0.160 0.174 0.103 0.108 0.104 0.134 0.028 0.038 
 198   (0.072) 0.009 0.080 0.063 0.027 0.066 0.006 0.250 0.090 0.080 0.015 0.009 0.258 0.023 
 194   (0.019) 0.002 0.015 0.082 0.005 0.001 0.024 0.047 0.010 0.011 0.003 0.002 0.001 0.006 
 192   (0.120) 0.015 0.128 0.009 0.178 0.183 0.008 0.012 0.128 0.123 0.126 0.014 0.172 0.359 
 190   (0.011) 0.001 0.008 0.001 0.077 0.001 0.000 0.001 0.006 0.006 0.022 0.001 0.001 0.003 

Locus 36 : 36 
6 alleles
0.0% missing data
 110   (0.187) 0.188 0.187 0.599 0.124 0.069 0.321 0.134 0.187 0.180 0.088 0.243 0.113 0.081 
 112   (0.352) 0.047 0.357 0.283 0.377 0.060 0.543 0.760 0.362 0.371 0.402 0.072 0.052 0.466 
 108   (0.127) 0.132 0.131 0.053 0.104 0.110 0.006 0.013 0.128 0.127 0.092 0.014 0.585 0.038 
  90   (0.039) 0.451 0.033 0.036 0.019 0.002 0.017 0.005 0.028 0.029 0.006 0.056 0.002 0.147 
 106   (0.287) 0.182 0.286 0.029 0.374 0.713 0.112 0.088 0.290 0.290 0.412 0.614 0.248 0.266 
  96   (0.008) 0.001 0.006 0.001 0.002 0.046 0.000 0.001 0.004 0.004 0.001 0.001 0.000 0.002 

Locus 37 : 37 
9 alleles
0.0% missing data
 172   (0.336) 0.047 0.338 0.461 0.342 0.583 0.449 0.193 0.342 0.328 0.403 0.424 0.155 0.463 
 176   (0.102) 0.014 0.099 0.098 0.028 0.016 0.129 0.389 0.096 0.100 0.015 0.024 0.099 0.112 
 166   (0.063) 0.008 0.053 0.360 0.051 0.004 0.257 0.194 0.046 0.046 0.119 0.012 0.004 0.059 
 170   (0.270) 0.584 0.276 0.042 0.241 0.324 0.155 0.188 0.288 0.298 0.217 0.502 0.348 0.131 
 174   (0.126) 0.017 0.133 0.030 0.206 0.067 0.005 0.016 0.133 0.134 0.166 0.012 0.045 0.165 
 178   (0.036) 0.005 0.038 0.003 0.061 0.002 0.003 0.013 0.034 0.036 0.032 0.020 0.002 0.022 
 186   (0.016) 0.002 0.012 0.001 0.058 0.001 0.000 0.002 0.009 0.009 0.029 0.001 0.022 0.005 
 168   (0.042) 0.322 0.043 0.003 0.012 0.002 0.001 0.004 0.045 0.041 0.017 0.004 0.324 0.042 
 158   (0.008) 0.001 0.007 0.001 0.002 0.000 0.000 0.001 0.007 0.008 0.001 0.001 0.000 0.002 

Locus 38 : 38 
6 alleles
0.0% missing data
  85   (0.174) 0.515 0.170 0.243 0.103 0.239 0.216 0.252 0.167 0.161 0.132 0.280 0.017 0.186 
  89   (0.554) 0.346 0.555 0.631 0.695 0.506 0.664 0.671 0.552 0.546 0.627 0.240 0.608 0.737 
  83   (0.140) 0.018 0.145 0.081 0.093 0.246 0.020 0.047 0.150 0.150 0.096 0.417 0.314 0.041 
  95   (0.061) 0.008 0.055 0.039 0.061 0.004 0.089 0.023 0.048 0.050 0.101 0.055 0.029 0.017 
  81   (0.053) 0.010 0.060 0.005 0.045 0.003 0.010 0.006 0.071 0.080 0.040 0.006 0.003 0.015 
  91   (0.018) 0.104 0.016 0.001 0.004 0.001 0.001 0.002 0.012 0.013 0.004 0.002 0.029 0.004 

Locus 39 : 39 
10 alleles
0.0% missing data
 161   (0.347) 0.418 0.339 0.538 0.276 0.372 0.557 0.552 0.332 0.338 0.256 0.096 0.696 0.449 
 169   (0.102) 0.233 0.103 0.235 0.155 0.006 0.061 0.102 0.110 0.102 0.142 0.650 0.006 0.035 
 159   (0.022) 0.003 0.019 0.046 0.005 0.001 0.031 0.013 0.017 0.016 0.006 0.002 0.001 0.005 
 173   (0.252) 0.192 0.253 0.140 0.374 0.514 0.137 0.080 0.240 0.240 0.235 0.185 0.176 0.427 
 165   (0.214) 0.147 0.222 0.037 0.164 0.102 0.201 0.248 0.236 0.236 0.298 0.062 0.117 0.065 
 175   (0.010) 0.001 0.007 0.001 0.013 0.001 0.000 0.001 0.005 0.005 0.056 0.001 0.001 0.002 
 155   (0.017) 0.002 0.020 0.001 0.004 0.001 0.001 0.002 0.022 0.025 0.003 0.001 0.001 0.007 
 167   (0.018) 0.002 0.020 0.002 0.004 0.001 0.012 0.002 0.022 0.020 0.003 0.002 0.001 0.005 
 177   (0.008) 0.001 0.007 0.001 0.003 0.000 0.000 0.001 0.005 0.005 0.001 0.001 0.000 0.002 
 168   (0.010) 0.001 0.010 0.001 0.002 0.001 0.000 0.001 0.011 0.012 0.001 0.001 0.001 0.002 

Locus 40 : 40 
6 alleles
0.8% missing data
  89   (0.423) 0.055 0.426 0.434 0.484 0.094 0.593 0.693 0.435 0.434 0.615 0.772 0.232 0.506 
  91   (0.158) 0.167 0.167 0.254 0.113 0.186 0.112 0.022 0.180 0.175 0.054 0.175 0.105 0.085 
  85   (0.183) 0.117 0.180 0.070 0.210 0.475 0.033 0.081 0.174 0.182 0.221 0.026 0.235 0.186 
  83   (0.008) 0.001 0.006 0.017 0.002 0.000 0.000 0.001 0.004 0.004 0.001 0.001 0.000 0.002 
  87   (0.115) 0.646 0.101 0.214 0.098 0.129 0.160 0.121 0.090 0.093 0.036 0.015 0.420 0.079 
  81   (0.114) 0.015 0.119 0.012 0.094 0.116 0.102 0.083 0.116 0.112 0.073 0.011 0.007 0.141 

Locus 41 : 41 
4 alleles
0.5% missing data
 167   (0.753) 0.640 0.755 0.851 0.868 0.861 0.930 0.903 0.760 0.759 0.725 0.917 0.409 0.840 
 161   (0.206) 0.356 0.206 0.145 0.103 0.136 0.068 0.093 0.204 0.207 0.200 0.077 0.468 0.148 
 165   (0.033) 0.004 0.032 0.003 0.025 0.002 0.002 0.003 0.031 0.028 0.074 0.005 0.123 0.010 
 177   (0.008) 0.001 0.007 0.001 0.004 0.001 0.000 0.001 0.006 0.006 0.001 0.001 0.000 0.002 

Locus 42 : 42 
6 alleles
0.5% missing data
 228   (0.445) 0.640 0.436 0.709 0.523 0.232 0.477 0.671 0.426 0.424 0.501 0.718 0.113 0.603 
 238   (0.328) 0.095 0.343 0.271 0.331 0.115 0.339 0.249 0.363 0.367 0.317 0.065 0.073 0.199 
 236   (0.098) 0.250 0.091 0.010 0.052 0.392 0.073 0.015 0.081 0.084 0.038 0.205 0.297 0.079 
 224   (0.030) 0.004 0.024 0.003 0.007 0.002 0.107 0.055 0.019 0.019 0.004 0.003 0.013 0.081 
 240   (0.088) 0.010 0.095 0.006 0.083 0.258 0.003 0.008 0.102 0.097 0.138 0.008 0.504 0.035 
 232   (0.012) 0.001 0.011 0.001 0.005 0.001 0.001 0.003 0.009 0.010 0.002 0.001 0.001 0.003 

Locus 43 : 43 
7 alleles
0.0% missing data
 130   (0.552) 0.073 0.566 0.844 0.446 0.773 0.561 0.552 0.577 0.577 0.405 0.662 0.732 0.573 
 134   (0.100) 0.236 0.104 0.072 0.086 0.006 0.004 0.012 0.110 0.114 0.053 0.010 0.178 0.105 
 114   (0.054) 0.430 0.049 0.059 0.013 0.003 0.116 0.044 0.042 0.044 0.007 0.034 0.003 0.097 
 128   (0.122) 0.016 0.117 0.010 0.181 0.034 0.166 0.073 0.111 0.110 0.236 0.271 0.008 0.165 
 132   (0.097) 0.012 0.094 0.009 0.186 0.050 0.149 0.311 0.096 0.093 0.199 0.012 0.006 0.031 
 118   (0.066) 0.233 0.063 0.005 0.086 0.133 0.003 0.006 0.058 0.056 0.098 0.009 0.073 0.027 
 136   (0.008) 0.001 0.007 0.001 0.002 0.000 0.000 0.001 0.006 0.006 0.001 0.001 0.000 0.002 

Locus 44 : 44 
6 alleles
0.8% missing data
  98   (0.125) 0.256 0.114 0.169 0.032 0.098 0.230 0.070 0.103 0.103 0.083 0.080 0.252 0.170 
 104   (0.402) 0.057 0.425 0.228 0.475 0.415 0.203 0.131 0.445 0.438 0.513 0.101 0.227 0.546 
 102   (0.266) 0.542 0.258 0.525 0.377 0.474 0.382 0.454 0.255 0.256 0.325 0.069 0.017 0.217 
 106   (0.008) 0.001 0.006 0.014 0.002 0.001 0.000 0.001 0.005 0.005 0.001 0.001 0.000 0.002 
  92   (0.129) 0.054 0.133 0.043 0.091 0.008 0.112 0.307 0.134 0.140 0.054 0.017 0.324 0.040 
  96   (0.070) 0.089 0.065 0.021 0.023 0.004 0.072 0.037 0.059 0.059 0.024 0.732 0.180 0.025 

Locus 45 : 45 
5 alleles
0.3% missing data
 101   (0.308) 0.041 0.306 0.604 0.269 0.182 0.426 0.265 0.307 0.318 0.237 0.074 0.354 0.439 
 103   (0.302) 0.251 0.299 0.213 0.425 0.348 0.182 0.344 0.284 0.287 0.453 0.446 0.102 0.170 
  95   (0.235) 0.097 0.235 0.119 0.230 0.460 0.359 0.172 0.245 0.239 0.220 0.397 0.351 0.096 
  99   (0.144) 0.416 0.151 0.064 0.073 0.009 0.032 0.218 0.158 0.149 0.088 0.082 0.189 0.291 
  97   (0.011) 0.195 0.009 0.001 0.003 0.001 0.000 0.001 0.007 0.007 0.002 0.001 0.004 0.002 

Locus 46 : 46 
7 alleles
0.3% missing data
 181   (0.589) 0.537 0.581 0.948 0.634 0.859 0.711 0.699 0.569 0.570 0.726 0.944 0.145 0.551 
 191   (0.270) 0.248 0.284 0.038 0.276 0.101 0.217 0.107 0.304 0.304 0.155 0.043 0.637 0.412 
 177   (0.065) 0.009 0.059 0.009 0.070 0.004 0.070 0.187 0.054 0.053 0.048 0.007 0.096 0.018 
 193   (0.014) 0.002 0.010 0.001 0.005 0.001 0.000 0.001 0.007 0.008 0.062 0.001 0.011 0.003 
 179   (0.043) 0.202 0.049 0.003 0.011 0.003 0.001 0.004 0.051 0.049 0.006 0.004 0.109 0.012 
 189   (0.008) 0.001 0.006 0.001 0.002 0.031 0.000 0.001 0.004 0.004 0.001 0.001 0.000 0.002 
 183   (0.011) 0.002 0.011 0.001 0.002 0.001 0.000 0.001 0.011 0.011 0.003 0.001 0.001 0.003 

Locus 47 : 47 
6 alleles
0.8% missing data
 205   (0.458) 0.271 0.475 0.734 0.524 0.407 0.456 0.549 0.498 0.488 0.545 0.869 0.305 0.413 
 207   (0.147) 0.019 0.138 0.068 0.195 0.202 0.140 0.190 0.128 0.138 0.217 0.069 0.074 0.071 
 211   (0.226) 0.320 0.226 0.161 0.118 0.270 0.266 0.142 0.226 0.225 0.117 0.041 0.386 0.419 
 201   (0.073) 0.377 0.068 0.027 0.105 0.005 0.082 0.056 0.059 0.062 0.039 0.011 0.044 0.033 
 215   (0.083) 0.011 0.079 0.009 0.055 0.115 0.055 0.061 0.074 0.072 0.080 0.009 0.183 0.058 
 202   (0.014) 0.002 0.014 0.001 0.003 0.001 0.000 0.001 0.015 0.014 0.003 0.001 0.009 0.004 

Locus 48 : 48 
9 alleles
1.0% missing data
 144   (0.083) 0.013 0.077 0.144 0.075 0.131 0.267 0.109 0.069 0.070 0.033 0.062 0.011 0.030 
 166   (0.146) 0.062 0.134 0.219 0.110 0.384 0.323 0.158 0.120 0.122 0.263 0.471 0.017 0.046 
 168   (0.150) 0.197 0.144 0.343 0.077 0.108 0.197 0.073 0.132 0.140 0.044 0.062 0.225 0.082 
 142   (0.341) 0.050 0.360 0.268 0.520 0.286 0.064 0.270 0.387 0.372 0.538 0.354 0.148 0.654 
 158   (0.162) 0.026 0.171 0.016 0.146 0.083 0.143 0.356 0.181 0.177 0.056 0.039 0.126 0.156 
 162   (0.032) 0.083 0.032 0.002 0.008 0.002 0.001 0.003 0.031 0.028 0.046 0.003 0.168 0.008 
 164   (0.044) 0.006 0.045 0.003 0.047 0.003 0.001 0.017 0.049 0.056 0.012 0.005 0.180 0.012 
 170   (0.015) 0.002 0.013 0.002 0.003 0.001 0.002 0.002 0.013 0.013 0.002 0.002 0.042 0.004 
 156   (0.028) 0.561 0.024 0.002 0.014 0.002 0.001 0.012 0.020 0.021 0.005 0.002 0.083 0.008 

Locus 49 : 49 
7 alleles
7.6% missing data
 151   (0.183) 0.063 0.177 0.053 0.194 0.012 0.228 0.573 0.169 0.175 0.138 0.139 0.094 0.387 
 153   (0.215) 0.027 0.225 0.507 0.283 0.027 0.317 0.156 0.241 0.236 0.363 0.118 0.041 0.211 
 149   (0.364) 0.331 0.365 0.262 0.332 0.332 0.210 0.169 0.369 0.365 0.407 0.431 0.763 0.325 
 145   (0.183) 0.528 0.182 0.173 0.174 0.625 0.199 0.069 0.178 0.182 0.084 0.306 0.039 0.061 
 147   (0.029) 0.047 0.026 0.003 0.011 0.002 0.041 0.030 0.022 0.022 0.005 0.003 0.005 0.009 
 143   (0.018) 0.002 0.018 0.001 0.004 0.001 0.001 0.002 0.015 0.015 0.002 0.002 0.058 0.004 
 152   (0.008) 0.001 0.006 0.001 0.002 0.001 0.004 0.001 0.005 0.005 0.001 0.002 0.001 0.003 

Values of parameters used in structure:
DATAFILE=temp3.str,	OUTFILE=k13/temp3_k13_run3,	NUMINDS=396,	NUMLOCI=49,	MISSING=-9,	LABEL=1,	POPDATA=1,	POPFLAG=0,	PHENOTYPE=0,	EXTRACOLS=0,	MAXPOPS=13,	BURNIN=500000,	NUMREPS=750000,	USEPOPINFO=0,	INFERALPHA=1,	INFERLAMBDA=0,	POPSPECIFICLAMBDA=0,	POPALPHAS=0,	COMPUTEPROB=1,	NOADMIX=0,	ADMBURNIN=500,	UPDATEFREQ=100,	PRINTLIKES=0,	INTERMEDSAVE=0,	PRINTKLD=0,	PRINTNET=1,	PRINTLAMBDA=1,	ANCESTDIST=0,	NUMBOXES=1000,	ANCESTPINT=0.90000,	GENSBACK=2,	MIGRPRIOR=0.01000,	PRINTQHAT=0,	PRINTQSUM=1,	ALPHA=1.0000,	FREQSCORR=1,	FPRIORMEAN=0.0100,	FPRIORSD=0.0500,	ONEFST=0,	LAMBDA=1.0000,	UNIFPRIORALPHA=1,	ALPHAMAX=10.0000,	ALPHAPRIORA=1.0000,	ALPHAPRIORB=2.0000,	ALPHAPROPSD=0.0250,	STARTATPOPINFO=0,	RANDOMIZE=0,	LINKAGE=0,	METROFREQ=10,	REPORTHITRATE=0,	MARKOVPHASE=0,	PHASED=1,	PLOIDY=2,	PHASEINFO=0	LOCPRIOR=0, 	LOCPRIORINIT=1.000000, 	LOCDATA=0, 	LOCISPOP=1, 	LOCPRIORSTEP=0.100000, 	MAXLOCPRIOR=20.000000, 	SEED=302962,	
[STRAT parameters]:    NUMSIMSTATS=1000,	PHENOTYPECOL=-9,	POOLFREQ=10,	LOCUSxONLY=0,	EMERROR=0.00100,	MISSINGPHENO=-9,	