

----------------------------------------------------
STRUCTURE by Pritchard, Stephens and Donnelly (2000)
     and Falush, Stephens and Pritchard (2003)
       Code by Pritchard, Falush and Hubisz
             Version 2.3.4 (Jul 2012)
----------------------------------------------------



Command line arguments:   structure -D 243299 -K 4 -m mainparams -o k4/a2_k4_run3 
Input File:    a2.str

Run parameters:
   200 individuals
   48 loci
   4 populations assumed
   500000 Burn-in period
   750000 Reps
RANDOMIZE turned off


--------------------------------------------
Proportion of membership of each pre-defined
 population in each of the 4 clusters

Given    Inferred Clusters              Number of
 Pop       1      2      3      4      Individuals

  1:     0.005  0.005  0.983  0.007       35
  2:     0.967  0.014  0.003  0.016       19
  3:     0.077  0.130  0.012  0.781       21
  4:     0.042  0.371  0.017  0.569       30
  5:     0.049  0.810  0.004  0.138       25
  6:     0.044  0.801  0.007  0.149       32
  7:     0.088  0.115  0.025  0.773       34
  8:     0.136  0.022  0.009  0.833        4
--------------------------------------------

Allele-freq. divergence among pops (Net nucleotide distance),
computed using point estimates of P.

      1       2       3       4      
 1      -    0.0288  0.1084  0.0179  
 2   0.0288     -    0.1062  0.0135  
 3   0.1084  0.1062     -    0.0716  
 4   0.0179  0.0135  0.0716     -    

Average distances (expected heterozygosity) between individuals in same cluster:
cluster  1  : 0.5878 
cluster  2  : 0.5875 
cluster  3  : 0.6369 
cluster  4  : 0.6524 

--------------------------------------------
Estimated Ln Prob of Data   = -23123.1
Mean value of ln likelihood = -22791.9
Variance of ln likelihood   = 662.5
Mean value of alpha         = 0.0387

Mean value of Fst_1         = 0.0859
Mean value of Fst_2         = 0.0660
Mean value of Fst_3         = 0.1665
Mean value of Fst_4         = 0.0058


Inferred ancestry of individuals:
        Label (%Miss) Pop:  Inferred clusters
  1     2470    (4)    1 :  0.002 0.003 0.992 0.003 
  2     2471    (0)    1 :  0.006 0.003 0.985 0.006 
  3     2472    (0)    1 :  0.003 0.007 0.986 0.004 
  4     2484    (0)    1 :  0.004 0.005 0.979 0.012 
  5     2486    (2)    1 :  0.003 0.002 0.992 0.003 
  6     2487    (2)    1 :  0.004 0.007 0.983 0.006 
  7     2489    (0)    1 :  0.007 0.005 0.981 0.008 
  8     2596    (2)    1 :  0.004 0.010 0.974 0.012 
  9     1366    (0)    1 :  0.003 0.002 0.991 0.004 
 10     1367    (0)    1 :  0.004 0.002 0.990 0.004 
 11     1368    (0)    1 :  0.013 0.007 0.952 0.028 
 12     1369    (0)    1 :  0.005 0.007 0.982 0.007 
 13     1370    (0)    1 :  0.003 0.003 0.989 0.005 
 14     1371    (0)    1 :  0.003 0.002 0.991 0.003 
 15     1372    (0)    1 :  0.004 0.003 0.986 0.006 
 16     1373    (0)    1 :  0.005 0.004 0.984 0.007 
 17     1374    (0)    1 :  0.002 0.003 0.992 0.004 
 18     1375    (0)    1 :  0.002 0.002 0.994 0.003 
 19     2476    (0)    1 :  0.012 0.004 0.974 0.010 
 20     2478    (2)    1 :  0.003 0.004 0.987 0.006 
 21     2479    (4)    1 :  0.003 0.002 0.991 0.003 
 22     2481    (0)    1 :  0.005 0.008 0.979 0.008 
 23     2483    (4)    1 :  0.003 0.003 0.991 0.003 
 24     2485    (0)    1 :  0.002 0.007 0.986 0.005 
 25     2488    (0)    1 :  0.001 0.004 0.993 0.002 
 26     2490    (0)    1 :  0.003 0.003 0.991 0.004 
 27     2492    (2)    1 :  0.003 0.002 0.991 0.003 
 28     2493    (0)    1 :  0.015 0.020 0.955 0.010 
 29     2494    (2)    1 :  0.007 0.005 0.981 0.007 
 30     2495    (0)    1 :  0.041 0.019 0.911 0.028 
 31     2496    (0)    1 :  0.002 0.002 0.993 0.003 
 32     2497    (2)    1 :  0.003 0.002 0.992 0.003 
 33     2592    (2)    1 :  0.003 0.002 0.992 0.003 
 34     2593    (4)    1 :  0.002 0.003 0.992 0.003 
 35     2595    (2)    1 :  0.003 0.003 0.991 0.004 
 36     2498    (2)    2 :  0.951 0.022 0.009 0.017 
 37     2513    (2)    2 :  0.970 0.021 0.002 0.008 
 38     2514    (2)    2 :  0.930 0.014 0.004 0.052 
 39     2597    (4)    2 :  0.929 0.034 0.002 0.035 
 40     2499    (4)    2 :  0.975 0.009 0.002 0.014 
 41     2500    (0)    2 :  0.982 0.004 0.006 0.009 
 42     2506    (2)    2 :  0.981 0.005 0.005 0.009 
 43     2509    (6)    2 :  0.976 0.010 0.003 0.011 
 44     2511    (2)    2 :  0.987 0.005 0.002 0.006 
 45     2512    (2)    2 :  0.983 0.008 0.002 0.007 
 46     2515    (2)    2 :  0.993 0.003 0.001 0.002 
 47     2516    (2)    2 :  0.977 0.011 0.002 0.011 
 48     2517    (2)    2 :  0.960 0.029 0.003 0.007 
 49     2518    (2)    2 :  0.966 0.022 0.003 0.010 
 50     2519    (0)    2 :  0.914 0.035 0.002 0.048 
 51     2520    (2)    2 :  0.989 0.005 0.003 0.004 
 52     2521    (2)    2 :  0.936 0.021 0.003 0.040 
 53     2603    (4)    2 :  0.980 0.005 0.003 0.012 
 54     2606    (2)    2 :  0.986 0.007 0.001 0.006 
 55      315    (0)    3 :  0.022 0.157 0.004 0.817 
 56      565    (0)    3 :  0.039 0.008 0.006 0.947 
 57      566    (2)    3 :  0.030 0.828 0.009 0.133 
 58      567    (2)    3 :  0.116 0.007 0.004 0.873 
 59      877    (0)    3 :  0.045 0.018 0.004 0.934 
 60      878    (0)    3 :  0.018 0.008 0.017 0.956 
 61      879    (0)    3 :  0.012 0.024 0.023 0.941 
 62      880    (0)    3 :  0.008 0.012 0.008 0.972 
 63      881    (0)    3 :  0.009 0.026 0.020 0.946 
 64      882    (0)    3 :  0.012 0.008 0.039 0.941 
 65      883    (0)    3 :  0.021 0.025 0.014 0.939 
 66      884    (0)    3 :  0.482 0.323 0.002 0.193 
 67      885    (0)    3 :  0.060 0.193 0.009 0.738 
 68      886    (0)    3 :  0.036 0.022 0.008 0.934 
 69      887    (0)    3 :  0.090 0.839 0.041 0.030 
 70      888    (0)    3 :  0.270 0.010 0.003 0.717 
 71      889    (0)    3 :  0.008 0.081 0.012 0.899 
 72      890    (0)    3 :  0.006 0.019 0.005 0.970 
 73      891    (0)    3 :  0.095 0.008 0.007 0.890 
 74      892    (0)    3 :  0.034 0.017 0.003 0.946 
 75      893    (0)    3 :  0.213 0.101 0.010 0.676 
 76      341    (0)    4 :  0.013 0.008 0.036 0.943 
 77      343    (0)    4 :  0.008 0.091 0.031 0.869 
 78      914    (0)    4 :  0.007 0.985 0.001 0.007 
 79      916    (0)    4 :  0.178 0.019 0.037 0.767 
 80      924    (0)    4 :  0.019 0.841 0.020 0.120 
 81      938    (0)    4 :  0.025 0.156 0.005 0.813 
 82      939    (0)    4 :  0.010 0.978 0.002 0.010 
 83      940    (0)    4 :  0.009 0.861 0.014 0.117 
 84      941    (2)    4 :  0.005 0.890 0.041 0.065 
 85      942    (0)    4 :  0.011 0.050 0.011 0.928 
 86      943    (0)    4 :  0.072 0.197 0.003 0.727 
 87      944    (0)    4 :  0.075 0.903 0.002 0.020 
 88      945    (0)    4 :  0.005 0.985 0.002 0.008 
 89      946    (0)    4 :  0.012 0.123 0.013 0.852 
 90      947    (0)    4 :  0.006 0.081 0.005 0.907 
 91      951    (0)    4 :  0.013 0.027 0.025 0.936 
 92      952    (0)    4 :  0.007 0.095 0.002 0.896 
 93      953    (0)    4 :  0.019 0.779 0.019 0.182 
 94      954    (0)    4 :  0.013 0.832 0.021 0.135 
 95      955    (0)    4 :  0.011 0.105 0.012 0.871 
 96      961    (4)    4 :  0.192 0.027 0.006 0.775 
 97      974    (0)    4 :  0.010 0.182 0.003 0.805 
 98      975    (4)    4 :  0.052 0.147 0.013 0.788 
 99      980    (0)    4 :  0.081 0.345 0.009 0.565 
100      981    (0)    4 :  0.047 0.013 0.023 0.917 
101      982    (0)    4 :  0.172 0.765 0.003 0.061 
102      984    (0)    4 :  0.039 0.040 0.010 0.912 
103      985    (0)    4 :  0.011 0.017 0.006 0.966 
104     2578    (4)    4 :  0.014 0.583 0.142 0.260 
105     2580    (2)    4 :  0.138 0.016 0.005 0.840 
106      328    (0)    5 :  0.598 0.171 0.005 0.226 
107      333    (0)    5 :  0.004 0.985 0.002 0.008 
108      918    (0)    5 :  0.006 0.980 0.003 0.010 
109      919    (0)    5 :  0.005 0.986 0.002 0.006 
110      920    (0)    5 :  0.007 0.983 0.002 0.008 
111      921    (0)    5 :  0.195 0.029 0.004 0.772 
112      922    (0)    5 :  0.021 0.968 0.003 0.008 
113      926    (0)    5 :  0.003 0.992 0.001 0.004 
114      927    (0)    5 :  0.007 0.986 0.003 0.004 
115      928    (0)    5 :  0.074 0.906 0.003 0.017 
116      929    (0)    5 :  0.017 0.958 0.003 0.021 
117      930    (0)    5 :  0.032 0.879 0.003 0.085 
118      932    (0)    5 :  0.020 0.219 0.005 0.756 
119      933    (0)    5 :  0.014 0.954 0.003 0.028 
120      949    (0)    5 :  0.009 0.059 0.004 0.928 
121      950    (0)    5 :  0.016 0.842 0.003 0.139 
122      964    (4)    5 :  0.006 0.977 0.007 0.011 
123      986    (0)    5 :  0.019 0.962 0.004 0.015 
124      987    (0)    5 :  0.092 0.859 0.006 0.042 
125     1001    (4)    5 :  0.009 0.983 0.002 0.006 
126     1002    (4)    5 :  0.010 0.977 0.007 0.007 
127     1003    (2)    5 :  0.022 0.654 0.003 0.321 
128     1004    (0)    5 :  0.006 0.985 0.003 0.006 
129     1005    (0)    5 :  0.014 0.978 0.001 0.007 
130     1010    (0)    5 :  0.005 0.989 0.002 0.003 
131      321    (0)    6 :  0.021 0.957 0.003 0.019 
132      338    (0)    6 :  0.005 0.988 0.003 0.005 
133      339    (0)    6 :  0.008 0.958 0.019 0.015 
134      363    (0)    6 :  0.012 0.070 0.009 0.910 
135      915    (0)    6 :  0.006 0.987 0.002 0.005 
136      917    (0)    6 :  0.006 0.952 0.002 0.039 
137      923    (0)    6 :  0.045 0.563 0.006 0.386 
138      925    (0)    6 :  0.005 0.988 0.002 0.005 
139      931    (0)    6 :  0.011 0.720 0.004 0.265 
140      935    (0)    6 :  0.012 0.974 0.003 0.011 
141      936    (0)    6 :  0.003 0.983 0.005 0.008 
142      937    (0)    6 :  0.004 0.985 0.003 0.008 
143      948    (0)    6 :  0.042 0.783 0.016 0.159 
144      956    (0)    6 :  0.015 0.975 0.003 0.007 
145      957    (0)    6 :  0.003 0.980 0.004 0.012 
146      967    (0)    6 :  0.006 0.982 0.002 0.010 
147      968    (2)    6 :  0.010 0.855 0.007 0.129 
148      969    (2)    6 :  0.009 0.958 0.006 0.027 
149      970    (2)    6 :  0.022 0.501 0.017 0.459 
150      971    (4)    6 :  0.014 0.977 0.002 0.008 
151      972    (0)    6 :  0.005 0.979 0.004 0.011 
152      973    (0)    6 :  0.006 0.054 0.024 0.915 
153      978    (0)    6 :  0.015 0.973 0.005 0.007 
154      979    (0)    6 :  0.701 0.192 0.024 0.083 
155      988    (6)    6 :  0.175 0.071 0.008 0.746 
156      989    (0)    6 :  0.094 0.859 0.004 0.043 
157      990    (0)    6 :  0.016 0.766 0.006 0.212 
158      991    (0)    6 :  0.004 0.987 0.003 0.006 
159      992    (0)    6 :  0.006 0.980 0.004 0.011 
160     1006    (2)    6 :  0.017 0.975 0.002 0.007 
161     1017    (0)    6 :  0.071 0.695 0.005 0.228 
162     2582    (4)    6 :  0.030 0.952 0.004 0.014 
163      319    (2)    7 :  0.024 0.012 0.004 0.960 
164      335    (0)    7 :  0.020 0.020 0.007 0.954 
165      895    (0)    7 :  0.005 0.013 0.067 0.915 
166      896    (0)    7 :  0.041 0.016 0.005 0.938 
167      897    (0)    7 :  0.025 0.010 0.004 0.961 
168      898    (0)    7 :  0.028 0.319 0.008 0.646 
169      899    (0)    7 :  0.579 0.132 0.026 0.264 
170      900    (0)    7 :  0.011 0.037 0.008 0.944 
171      901    (0)    7 :  0.379 0.023 0.069 0.529 
172      902    (0)    7 :  0.264 0.042 0.148 0.546 
173      903    (0)    7 :  0.021 0.007 0.007 0.966 
174      904    (0)    7 :  0.046 0.006 0.002 0.946 
175      905    (0)    7 :  0.224 0.009 0.105 0.662 
176      906    (0)    7 :  0.015 0.011 0.033 0.941 
177      907    (0)    7 :  0.012 0.053 0.051 0.885 
178      908    (0)    7 :  0.231 0.024 0.003 0.742 
179      909    (0)    7 :  0.039 0.921 0.010 0.030 
180      910    (0)    7 :  0.032 0.038 0.084 0.846 
181      911    (0)    7 :  0.029 0.033 0.007 0.931 
182      912    (0)    7 :  0.008 0.070 0.006 0.916 
183      913    (0)    7 :  0.172 0.473 0.025 0.330 
184     2411    (0)    7 :  0.053 0.010 0.007 0.930 
185     2412    (0)    7 :  0.014 0.931 0.005 0.051 
186     2413    (0)    7 :  0.038 0.009 0.033 0.921 
187     2414    (0)    7 :  0.011 0.039 0.005 0.944 
188     2415    (2)    7 :  0.049 0.156 0.004 0.790 
189     2417    (4)    7 :  0.483 0.145 0.038 0.334 
190     2418    (4)    7 :  0.008 0.009 0.016 0.967 
191     2419    (2)    7 :  0.009 0.059 0.003 0.929 
192     2420    (0)    7 :  0.005 0.014 0.008 0.973 
193     2421    (0)    7 :  0.013 0.201 0.008 0.778 
194     2422    (2)    7 :  0.011 0.012 0.011 0.967 
195     2423    (0)    7 :  0.064 0.017 0.011 0.908 
196     2576    (0)    7 :  0.014 0.034 0.015 0.938 
197     1079    (0)    8 :  0.105 0.025 0.008 0.862 
198     1081    (0)    8 :  0.190 0.021 0.004 0.786 
199     1082    (2)    8 :  0.040 0.007 0.021 0.932 
200     1083    (0)    8 :  0.208 0.036 0.004 0.752 


Estimated Allele Frequencies in each cluster
First column gives estimated ancestral frequencies


Locus 1 : 1 
4 alleles
0.0% missing data
  91   (0.372) 0.320 0.426 0.676 0.367 
  89   (0.539) 0.599 0.511 0.292 0.556 
  93   (0.065) 0.077 0.041 0.030 0.057 
  99   (0.024) 0.004 0.022 0.002 0.020 

Locus 2 : 2 
6 alleles
2.5% missing data
 134   (0.237) 0.106 0.258 0.191 0.242 
 136   (0.332) 0.658 0.097 0.451 0.344 
 138   (0.268) 0.170 0.500 0.231 0.257 
 140   (0.093) 0.043 0.043 0.111 0.092 
 142   (0.034) 0.006 0.096 0.013 0.025 
 132   (0.036) 0.017 0.006 0.002 0.039 

Locus 3 : 3 
6 alleles
0.0% missing data
 175   (0.080) 0.024 0.124 0.233 0.071 
 185   (0.085) 0.025 0.107 0.244 0.080 
 187   (0.333) 0.438 0.208 0.364 0.343 
 179   (0.238) 0.307 0.240 0.064 0.243 
 191   (0.042) 0.025 0.013 0.014 0.038 
 181   (0.222) 0.181 0.307 0.081 0.224 

Locus 4 : 4 
9 alleles
0.0% missing data
 253   (0.508) 0.727 0.567 0.192 0.519 
 271   (0.053) 0.035 0.015 0.116 0.049 
 241   (0.134) 0.054 0.153 0.516 0.129 
 249   (0.026) 0.004 0.003 0.068 0.023 
 269   (0.145) 0.141 0.218 0.022 0.143 
 245   (0.017) 0.003 0.002 0.067 0.012 
 247   (0.091) 0.031 0.040 0.019 0.101 
 239   (0.011) 0.002 0.001 0.001 0.009 
 273   (0.015) 0.003 0.002 0.001 0.014 

Locus 5 : 5 
6 alleles
0.5% missing data
 103   (0.794) 0.944 0.926 0.742 0.796 
 105   (0.078) 0.030 0.030 0.167 0.078 
 104   (0.076) 0.015 0.037 0.063 0.080 
 107   (0.017) 0.003 0.002 0.027 0.013 
 102   (0.023) 0.006 0.003 0.002 0.024 
 101   (0.011) 0.002 0.001 0.001 0.009 

Locus 6 : 6 
5 alleles
0.0% missing data
 135   (0.219) 0.193 0.190 0.647 0.206 
 147   (0.063) 0.029 0.016 0.124 0.060 
 141   (0.304) 0.560 0.272 0.135 0.293 
 137   (0.017) 0.003 0.002 0.067 0.012 
 145   (0.396) 0.215 0.521 0.027 0.429 

Locus 7 : 7 
10 alleles
1.0% missing data
  97   (0.212) 0.253 0.124 0.265 0.217 
  89   (0.114) 0.044 0.122 0.293 0.112 
  99   (0.011) 0.002 0.001 0.013 0.006 
 105   (0.019) 0.003 0.003 0.086 0.015 
 101   (0.012) 0.002 0.001 0.128 0.007 
  91   (0.066) 0.017 0.032 0.059 0.067 
  93   (0.210) 0.292 0.298 0.132 0.202 
 103   (0.246) 0.293 0.352 0.017 0.260 
  85   (0.043) 0.078 0.025 0.003 0.038 
  83   (0.067) 0.015 0.043 0.005 0.077 

Locus 8 : 8 
8 alleles
0.0% missing data
 143   (0.261) 0.168 0.221 0.299 0.275 
 149   (0.110) 0.098 0.056 0.284 0.107 
 129   (0.512) 0.637 0.680 0.325 0.517 
 127   (0.020) 0.004 0.002 0.085 0.015 
 141   (0.053) 0.067 0.027 0.004 0.051 
 145   (0.011) 0.002 0.001 0.001 0.009 
 133   (0.022) 0.021 0.005 0.002 0.020 
 131   (0.011) 0.002 0.007 0.001 0.006 

Locus 9 : 9 
3 alleles
0.0% missing data
 189   (0.489) 0.399 0.473 0.354 0.505 
 191   (0.367) 0.504 0.310 0.330 0.365 
 195   (0.144) 0.097 0.216 0.316 0.130 

Locus 10 : 10 
7 alleles
0.5% missing data
 238   (0.580) 0.625 0.758 0.740 0.579 
 254   (0.045) 0.044 0.005 0.083 0.042 
 232   (0.226) 0.239 0.164 0.126 0.234 
 250   (0.021) 0.004 0.002 0.030 0.017 
 252   (0.094) 0.083 0.067 0.019 0.094 
 248   (0.022) 0.004 0.002 0.001 0.024 
 236   (0.011) 0.002 0.001 0.001 0.009 

Locus 11 : 11 
4 alleles
0.0% missing data
  85   (0.012) 0.002 0.001 0.156 0.007 
  87   (0.728) 0.666 0.826 0.520 0.747 
  89   (0.199) 0.229 0.142 0.158 0.198 
  91   (0.060) 0.103 0.031 0.166 0.048 

Locus 12 : 12 
12 alleles
0.5% missing data
 143   (0.028) 0.006 0.005 0.179 0.024 
 161   (0.112) 0.046 0.106 0.252 0.111 
 160   (0.193) 0.102 0.288 0.418 0.190 
 158   (0.231) 0.388 0.196 0.094 0.236 
 170   (0.068) 0.029 0.037 0.031 0.067 
 147   (0.038) 0.132 0.040 0.003 0.029 
 162   (0.236) 0.275 0.246 0.016 0.258 
 149   (0.035) 0.007 0.049 0.002 0.033 
 154   (0.025) 0.008 0.003 0.002 0.029 
 150   (0.011) 0.002 0.008 0.001 0.006 
 159   (0.013) 0.002 0.021 0.001 0.008 
 164   (0.011) 0.002 0.001 0.001 0.009 

Locus 13 : 13 
4 alleles
0.0% missing data
 113   (0.359) 0.294 0.383 0.347 0.362 
 115   (0.447) 0.589 0.516 0.373 0.441 
 108   (0.183) 0.116 0.100 0.279 0.188 
 109   (0.011) 0.002 0.002 0.001 0.009 

Locus 14 : 14 
5 alleles
1.5% missing data
 229   (0.570) 0.598 0.524 0.497 0.582 
 225   (0.117) 0.073 0.099 0.064 0.114 
 231   (0.132) 0.143 0.020 0.344 0.141 
 233   (0.069) 0.053 0.043 0.087 0.061 
 227   (0.112) 0.132 0.315 0.008 0.103 

Locus 15 : 15 
5 alleles
1.0% missing data
 143   (0.816) 0.933 0.866 0.643 0.829 
 145   (0.099) 0.029 0.069 0.187 0.099 
 147   (0.056) 0.019 0.061 0.168 0.047 
 157   (0.011) 0.016 0.001 0.001 0.007 
 133   (0.019) 0.003 0.002 0.001 0.019 

Locus 16 : 16 
5 alleles
0.0% missing data
 158   (0.504) 0.543 0.618 0.337 0.508 
 156   (0.241) 0.204 0.226 0.163 0.246 
 160   (0.151) 0.157 0.126 0.130 0.146 
 154   (0.092) 0.094 0.015 0.370 0.093 
 152   (0.012) 0.002 0.015 0.001 0.007 

Locus 17 : 17 
5 alleles
0.0% missing data
  90   (0.623) 0.567 0.734 0.348 0.629 
 100   (0.048) 0.009 0.012 0.164 0.046 
  88   (0.101) 0.048 0.015 0.437 0.108 
 102   (0.217) 0.374 0.231 0.051 0.210 
 104   (0.011) 0.002 0.007 0.001 0.007 

Locus 18 : 18 
8 alleles
0.5% missing data
 128   (0.038) 0.076 0.004 0.212 0.032 
 148   (0.112) 0.107 0.081 0.074 0.110 
 150   (0.068) 0.018 0.147 0.206 0.059 
 140   (0.278) 0.173 0.230 0.316 0.294 
 127   (0.228) 0.106 0.296 0.151 0.238 
 142   (0.141) 0.375 0.090 0.031 0.140 
 146   (0.080) 0.102 0.114 0.006 0.076 
 138   (0.054) 0.043 0.039 0.004 0.052 

Locus 19 : 19 
7 alleles
0.5% missing data
 194   (0.539) 0.591 0.557 0.561 0.544 
 200   (0.101) 0.029 0.116 0.294 0.097 
 202   (0.021) 0.004 0.002 0.043 0.017 
 190   (0.141) 0.282 0.164 0.049 0.130 
 198   (0.012) 0.002 0.001 0.040 0.007 
 188   (0.175) 0.089 0.158 0.012 0.196 
 196   (0.011) 0.002 0.001 0.001 0.009 

Locus 20 : 20 
6 alleles
1.0% missing data
 246   (0.108) 0.049 0.059 0.218 0.106 
 250   (0.083) 0.143 0.064 0.418 0.067 
 254   (0.085) 0.057 0.074 0.226 0.074 
 252   (0.678) 0.739 0.788 0.094 0.714 
 244   (0.022) 0.004 0.009 0.043 0.015 
 248   (0.024) 0.009 0.006 0.002 0.023 

Locus 21 : 21 
7 alleles
0.0% missing data
 165   (0.053) 0.014 0.009 0.075 0.056 
 173   (0.256) 0.397 0.526 0.200 0.231 
 175   (0.133) 0.048 0.082 0.489 0.133 
 163   (0.056) 0.014 0.017 0.112 0.055 
 167   (0.181) 0.232 0.122 0.077 0.181 
 177   (0.288) 0.289 0.241 0.046 0.305 
 159   (0.032) 0.006 0.003 0.002 0.039 

Locus 22 : 22 
11 alleles
2.0% missing data
 152   (0.418) 0.559 0.565 0.106 0.425 
 156   (0.019) 0.003 0.016 0.105 0.011 
 162   (0.064) 0.016 0.015 0.136 0.068 
 150   (0.039) 0.012 0.013 0.109 0.035 
 158   (0.096) 0.029 0.026 0.421 0.102 
 164   (0.032) 0.021 0.004 0.067 0.027 
 142   (0.026) 0.005 0.017 0.035 0.019 
 154   (0.012) 0.048 0.001 0.001 0.007 
 166   (0.098) 0.157 0.033 0.007 0.106 
 146   (0.185) 0.148 0.309 0.013 0.192 
 148   (0.011) 0.002 0.001 0.001 0.009 

Locus 23 : 23 
7 alleles
1.0% missing data
 144   (0.155) 0.262 0.237 0.238 0.136 
 156   (0.150) 0.131 0.035 0.401 0.158 
 158   (0.038) 0.011 0.004 0.136 0.038 
 154   (0.530) 0.522 0.608 0.205 0.548 
 160   (0.101) 0.067 0.109 0.019 0.099 
 152   (0.011) 0.003 0.005 0.001 0.007 
 146   (0.015) 0.003 0.002 0.001 0.014 

Locus 24 : 24 
4 alleles
0.5% missing data
  83   (0.441) 0.423 0.401 0.590 0.446 
  81   (0.405) 0.267 0.409 0.374 0.420 
  85   (0.084) 0.104 0.103 0.032 0.074 
  77   (0.069) 0.206 0.087 0.005 0.060 

Locus 25 : 25 
6 alleles
0.0% missing data
 122   (0.094) 0.050 0.101 0.438 0.082 
 120   (0.030) 0.005 0.003 0.028 0.029 
 124   (0.532) 0.485 0.543 0.498 0.539 
 126   (0.029) 0.031 0.003 0.014 0.023 
 132   (0.297) 0.419 0.347 0.020 0.309 
 136   (0.019) 0.010 0.003 0.002 0.018 

Locus 26 : 26 
7 alleles
0.0% missing data
 179   (0.098) 0.070 0.095 0.286 0.088 
 183   (0.346) 0.451 0.318 0.214 0.349 
 185   (0.012) 0.002 0.001 0.104 0.007 
 165   (0.224) 0.164 0.265 0.105 0.227 
 181   (0.047) 0.017 0.007 0.271 0.045 
 175   (0.261) 0.295 0.312 0.018 0.276 
 157   (0.011) 0.002 0.001 0.001 0.009 

Locus 27 : 27 
4 alleles
0.0% missing data
 142   (0.622) 0.651 0.747 0.534 0.629 
 148   (0.195) 0.156 0.091 0.267 0.203 
 150   (0.142) 0.093 0.137 0.170 0.138 
 138   (0.041) 0.100 0.024 0.029 0.029 

Locus 28 : 28 
6 alleles
1.0% missing data
 262   (0.469) 0.567 0.389 0.676 0.476 
 256   (0.090) 0.050 0.056 0.085 0.087 
 260   (0.385) 0.371 0.519 0.236 0.388 
 258   (0.019) 0.006 0.002 0.001 0.019 
 264   (0.026) 0.005 0.026 0.002 0.023 
 266   (0.011) 0.002 0.008 0.001 0.006 

Locus 29 : 29 
7 alleles
1.0% missing data
 146   (0.265) 0.203 0.222 0.313 0.276 
 150   (0.418) 0.543 0.544 0.240 0.422 
 140   (0.189) 0.140 0.168 0.401 0.188 
 148   (0.077) 0.057 0.034 0.043 0.076 
 151   (0.012) 0.034 0.001 0.001 0.007 
 142   (0.011) 0.017 0.001 0.001 0.006 
 152   (0.028) 0.006 0.029 0.002 0.026 

Locus 30 : 30 
6 alleles
0.0% missing data
 123   (0.155) 0.057 0.214 0.115 0.153 
 127   (0.086) 0.023 0.055 0.528 0.081 
 129   (0.389) 0.449 0.588 0.083 0.386 
 125   (0.294) 0.446 0.103 0.141 0.311 
 131   (0.065) 0.022 0.039 0.132 0.059 
 121   (0.011) 0.002 0.001 0.001 0.009 

Locus 31 : 31 
6 alleles
0.5% missing data
 155   (0.534) 0.602 0.451 0.411 0.556 
 159   (0.151) 0.168 0.278 0.198 0.136 
 157   (0.189) 0.169 0.203 0.064 0.191 
 153   (0.083) 0.039 0.062 0.312 0.077 
 151   (0.032) 0.006 0.004 0.014 0.033 
 163   (0.011) 0.015 0.001 0.001 0.007 

Locus 32 : 32 
5 alleles
1.0% missing data
  92   (0.321) 0.256 0.390 0.489 0.316 
  95   (0.191) 0.116 0.087 0.228 0.203 
  91   (0.398) 0.546 0.508 0.238 0.391 
  94   (0.079) 0.080 0.014 0.033 0.083 
  90   (0.011) 0.002 0.001 0.013 0.007 

Locus 33 : 33 
5 alleles
0.0% missing data
 146   (0.309) 0.144 0.360 0.641 0.312 
 154   (0.054) 0.037 0.014 0.068 0.051 
 148   (0.072) 0.125 0.022 0.042 0.067 
 150   (0.546) 0.691 0.574 0.248 0.557 
 152   (0.019) 0.003 0.030 0.001 0.013 

Locus 34 : 34 
7 alleles
0.0% missing data
 192   (0.163) 0.036 0.165 0.174 0.176 
 198   (0.078) 0.096 0.018 0.248 0.074 
 184   (0.205) 0.200 0.281 0.171 0.199 
 196   (0.109) 0.209 0.129 0.032 0.100 
 180   (0.419) 0.424 0.363 0.373 0.436 
 194   (0.012) 0.032 0.001 0.001 0.007 
 190   (0.014) 0.003 0.042 0.001 0.008 

Locus 35 : 35 
5 alleles
0.0% missing data
 108   (0.137) 0.038 0.100 0.586 0.138 
 110   (0.176) 0.197 0.099 0.117 0.176 
 106   (0.293) 0.243 0.401 0.233 0.284 
 112   (0.364) 0.517 0.395 0.062 0.368 
  90   (0.030) 0.005 0.005 0.002 0.034 

Locus 36 : 36 
9 alleles
0.0% missing data
 170   (0.271) 0.285 0.223 0.339 0.274 
 174   (0.140) 0.038 0.187 0.049 0.150 
 168   (0.055) 0.013 0.017 0.322 0.053 
 172   (0.319) 0.360 0.382 0.168 0.324 
 176   (0.095) 0.100 0.012 0.103 0.104 
 186   (0.019) 0.003 0.037 0.013 0.011 
 166   (0.050) 0.176 0.099 0.003 0.039 
 178   (0.041) 0.022 0.042 0.003 0.037 
 158   (0.011) 0.004 0.001 0.001 0.009 

Locus 37 : 37 
6 alleles
0.0% missing data
  89   (0.549) 0.620 0.666 0.607 0.551 
  83   (0.146) 0.060 0.089 0.306 0.152 
  95   (0.057) 0.072 0.080 0.030 0.044 
  85   (0.156) 0.191 0.121 0.021 0.162 
  91   (0.020) 0.005 0.003 0.031 0.016 
  81   (0.072) 0.052 0.042 0.005 0.075 

Locus 38 : 38 
10 alleles
0.0% missing data
 161   (0.343) 0.537 0.280 0.689 0.337 
 173   (0.251) 0.104 0.298 0.175 0.265 
 165   (0.218) 0.269 0.234 0.124 0.216 
 169   (0.090) 0.070 0.138 0.006 0.089 
 167   (0.018) 0.004 0.002 0.001 0.019 
 168   (0.015) 0.005 0.002 0.001 0.014 
 155   (0.025) 0.005 0.003 0.002 0.029 
 159   (0.016) 0.003 0.006 0.001 0.013 
 177   (0.011) 0.002 0.001 0.001 0.009 
 175   (0.013) 0.002 0.036 0.001 0.007 

Locus 39 : 39 
5 alleles
1.5% missing data
  87   (0.097) 0.072 0.068 0.419 0.087 
  89   (0.449) 0.675 0.548 0.244 0.442 
  85   (0.190) 0.099 0.215 0.221 0.189 
  91   (0.160) 0.103 0.078 0.108 0.169 
  81   (0.104) 0.051 0.090 0.007 0.112 

Locus 40 : 40 
4 alleles
1.0% missing data
 161   (0.215) 0.149 0.156 0.445 0.215 
 167   (0.728) 0.821 0.789 0.429 0.742 
 165   (0.046) 0.025 0.053 0.124 0.034 
 177   (0.011) 0.004 0.002 0.001 0.009 

Locus 41 : 41 
6 alleles
1.0% missing data
 236   (0.093) 0.057 0.054 0.268 0.086 
 240   (0.115) 0.023 0.127 0.506 0.113 
 228   (0.413) 0.501 0.513 0.131 0.415 
 238   (0.335) 0.387 0.300 0.078 0.349 
 224   (0.033) 0.030 0.005 0.017 0.028 
 232   (0.011) 0.002 0.001 0.001 0.009 

Locus 42 : 42 
7 alleles
0.0% missing data
 130   (0.542) 0.587 0.440 0.729 0.555 
 134   (0.127) 0.065 0.076 0.180 0.128 
 118   (0.066) 0.013 0.095 0.073 0.060 
 132   (0.095) 0.123 0.179 0.006 0.089 
 114   (0.043) 0.086 0.005 0.003 0.045 
 128   (0.116) 0.123 0.203 0.008 0.113 
 136   (0.011) 0.002 0.001 0.001 0.009 

Locus 43 : 43 
5 alleles
0.5% missing data
  98   (0.113) 0.194 0.053 0.259 0.103 
 104   (0.445) 0.232 0.512 0.243 0.466 
  96   (0.071) 0.121 0.022 0.179 0.062 
  92   (0.140) 0.130 0.066 0.303 0.137 
 102   (0.230) 0.323 0.346 0.016 0.231 

Locus 44 : 44 
5 alleles
0.0% missing data
  95   (0.227) 0.343 0.209 0.347 0.217 
 101   (0.322) 0.413 0.264 0.347 0.323 
 103   (0.271) 0.144 0.434 0.109 0.279 
  99   (0.163) 0.094 0.089 0.182 0.171 
  97   (0.016) 0.006 0.004 0.014 0.010 

Locus 45 : 45 
6 alleles
0.5% missing data
 179   (0.054) 0.011 0.006 0.110 0.059 
 191   (0.321) 0.239 0.206 0.638 0.331 
 181   (0.525) 0.673 0.693 0.152 0.530 
 177   (0.066) 0.071 0.056 0.085 0.055 
 193   (0.019) 0.003 0.037 0.013 0.011 
 183   (0.015) 0.003 0.002 0.001 0.014 

Locus 46 : 46 
6 alleles
1.5% missing data
 211   (0.241) 0.246 0.126 0.366 0.252 
 215   (0.081) 0.057 0.068 0.183 0.073 
 201   (0.066) 0.075 0.059 0.045 0.056 
 205   (0.459) 0.404 0.550 0.320 0.478 
 207   (0.133) 0.214 0.194 0.074 0.122 
 202   (0.020) 0.004 0.003 0.012 0.018 

Locus 47 : 47 
9 alleles
1.5% missing data
 164   (0.060) 0.012 0.027 0.180 0.059 
 168   (0.138) 0.215 0.052 0.226 0.137 
 158   (0.160) 0.074 0.100 0.120 0.173 
 142   (0.366) 0.204 0.540 0.156 0.387 
 162   (0.044) 0.008 0.028 0.161 0.038 
 156   (0.030) 0.007 0.009 0.086 0.025 
 170   (0.017) 0.005 0.002 0.040 0.012 
 166   (0.118) 0.220 0.199 0.017 0.110 
 144   (0.066) 0.254 0.042 0.012 0.058 

Locus 48 : 48 
6 alleles
14.0% missing data
 149   (0.360) 0.166 0.369 0.749 0.371 
 153   (0.225) 0.370 0.339 0.049 0.216 
 143   (0.027) 0.009 0.003 0.054 0.024 
 145   (0.170) 0.224 0.124 0.047 0.170 
 151   (0.198) 0.224 0.162 0.099 0.198 
 147   (0.020) 0.007 0.003 0.002 0.020 

Values of parameters used in structure:
DATAFILE=a2.str,	OUTFILE=k4/a2_k4_run3,	NUMINDS=200,	NUMLOCI=48,	MISSING=-9,	LABEL=1,	POPDATA=1,	POPFLAG=0,	PHENOTYPE=0,	EXTRACOLS=0,	MAXPOPS=4,	BURNIN=500000,	NUMREPS=750000,	USEPOPINFO=0,	INFERALPHA=1,	INFERLAMBDA=0,	POPSPECIFICLAMBDA=0,	POPALPHAS=0,	COMPUTEPROB=1,	NOADMIX=0,	ADMBURNIN=500,	UPDATEFREQ=100,	PRINTLIKES=0,	INTERMEDSAVE=0,	PRINTKLD=0,	PRINTNET=1,	PRINTLAMBDA=1,	ANCESTDIST=0,	NUMBOXES=1000,	ANCESTPINT=0.90000,	GENSBACK=2,	MIGRPRIOR=0.01000,	PRINTQHAT=0,	PRINTQSUM=1,	ALPHA=1.0000,	FREQSCORR=1,	FPRIORMEAN=0.0100,	FPRIORSD=0.0500,	ONEFST=0,	LAMBDA=1.0000,	UNIFPRIORALPHA=1,	ALPHAMAX=10.0000,	ALPHAPRIORA=1.0000,	ALPHAPRIORB=2.0000,	ALPHAPROPSD=0.0250,	STARTATPOPINFO=0,	RANDOMIZE=0,	LINKAGE=0,	METROFREQ=10,	REPORTHITRATE=0,	MARKOVPHASE=0,	PHASED=1,	PLOIDY=2,	PHASEINFO=0	LOCPRIOR=0, 	LOCPRIORINIT=1.000000, 	LOCDATA=0, 	LOCISPOP=1, 	LOCPRIORSTEP=0.100000, 	MAXLOCPRIOR=20.000000, 	SEED=243299,	
[STRAT parameters]:    NUMSIMSTATS=1000,	PHENOTYPECOL=-9,	POOLFREQ=10,	LOCUSxONLY=0,	EMERROR=0.00100,	MISSINGPHENO=-9,	