

----------------------------------------------------
STRUCTURE by Pritchard, Stephens and Donnelly (2000)
     and Falush, Stephens and Pritchard (2003)
       Code by Pritchard, Falush and Hubisz
             Version 2.3.4 (Jul 2012)
----------------------------------------------------



Command line arguments:   structure -D 790058 -K 5 -m mainparams -o k5/temp1_k5_run9 
Input File:    temp1.str

Run parameters:
   178 individuals
   49 loci
   5 populations assumed
   1000 Burn-in period
   20000 Reps
RANDOMIZE turned off


--------------------------------------------
Proportion of membership of each pre-defined
 population in each of the 5 clusters

Given    Inferred Clusters                     Number of
 Pop       1      2      3      4      5      Individuals

  1:     0.033  0.384  0.024  0.042  0.517       10
  2:     0.108  0.403  0.076  0.066  0.347       24
  3:     0.016  0.215  0.127  0.031  0.611       13
  4:     0.017  0.172  0.041  0.069  0.701       11
  5:     0.038  0.518  0.109  0.067  0.268       23
  6:     0.971  0.008  0.005  0.009  0.007       30
  7:     0.005  0.024  0.919  0.026  0.025       39
  8:     0.031  0.066  0.018  0.837  0.048       28
--------------------------------------------

Allele-freq. divergence among pops (Net nucleotide distance),
computed using point estimates of P.

      1       2       3       4       5      
 1      -    0.0612  0.1182  0.0808  0.0739  
 2   0.0612     -    0.0296  0.0151  0.0064  
 3   0.1182  0.0296     -    0.0380  0.0341  
 4   0.0808  0.0151  0.0380     -    0.0159  
 5   0.0739  0.0064  0.0341  0.0159     -    

Average distances (expected heterozygosity) between individuals in same cluster:
cluster  1  : 0.6422 
cluster  2  : 0.6473 
cluster  3  : 0.5561 
cluster  4  : 0.6075 
cluster  5  : 0.6243 

--------------------------------------------
Estimated Ln Prob of Data   = -21040.4
Mean value of ln likelihood = -20560.0
Variance of ln likelihood   = 960.9
Mean value of alpha         = 0.0478

Mean value of Fst_1         = 0.1521
Mean value of Fst_2         = 0.0128
Mean value of Fst_3         = 0.1230
Mean value of Fst_4         = 0.0827
Mean value of Fst_5         = 0.0363


Inferred ancestry of individuals:
        Label (%Miss) Pop:  Inferred clusters
  1     2355    (0)    1 :  0.030 0.195 0.014 0.104 0.657 
  2     2356    (0)    1 :  0.019 0.164 0.003 0.023 0.790 
  3     2357    (0)    1 :  0.002 0.041 0.057 0.121 0.778 
  4     2358    (0)    1 :  0.009 0.944 0.008 0.005 0.034 
  5     2359    (0)    1 :  0.004 0.487 0.026 0.076 0.408 
  6     2360    (0)    1 :  0.058 0.081 0.013 0.010 0.838 
  7     2361    (2)    1 :  0.003 0.926 0.037 0.012 0.022 
  8     2362    (0)    1 :  0.009 0.582 0.024 0.011 0.374 
  9     2363    (0)    1 :  0.176 0.164 0.011 0.009 0.640 
 10     2364    (0)    1 :  0.025 0.252 0.045 0.044 0.633 
 11     2434    (0)    2 :  0.087 0.677 0.024 0.023 0.189 
 12     2435    (0)    2 :  0.189 0.554 0.009 0.030 0.219 
 13     2436    (0)    2 :  0.207 0.135 0.006 0.134 0.517 
 14     2437    (0)    2 :  0.263 0.428 0.008 0.185 0.115 
 15     2438    (0)    2 :  0.010 0.968 0.007 0.005 0.010 
 16     2439    (0)    2 :  0.008 0.064 0.009 0.012 0.907 
 17     2440    (0)    2 :  0.082 0.058 0.012 0.376 0.473 
 18     2441    (0)    2 :  0.083 0.784 0.033 0.059 0.041 
 19     2442    (0)    2 :  0.252 0.621 0.020 0.024 0.083 
 20     2443    (0)    2 :  0.012 0.741 0.015 0.133 0.099 
 21     2444    (0)    2 :  0.109 0.053 0.021 0.071 0.746 
 22     2446    (0)    2 :  0.019 0.072 0.018 0.026 0.864 
 23     2447    (0)    2 :  0.014 0.941 0.015 0.011 0.019 
 24     2448    (0)    2 :  0.007 0.064 0.812 0.015 0.102 
 25     2449    (0)    2 :  0.272 0.053 0.004 0.031 0.639 
 26     2450    (0)    2 :  0.217 0.147 0.003 0.015 0.617 
 27     2451    (0)    2 :  0.239 0.569 0.017 0.067 0.109 
 28     2452    (0)    2 :  0.005 0.052 0.109 0.058 0.775 
 29     2453    (0)    2 :  0.009 0.917 0.043 0.006 0.025 
 30     2454    (0)    2 :  0.005 0.123 0.527 0.051 0.294 
 31     2455    (0)    2 :  0.017 0.178 0.007 0.143 0.655 
 32     2456    (0)    2 :  0.009 0.850 0.033 0.075 0.034 
 33     2457    (0)    2 :  0.152 0.042 0.017 0.011 0.778 
 34     2458    (0)    2 :  0.322 0.576 0.057 0.014 0.031 
 35     2398    (0)    3 :  0.003 0.228 0.022 0.068 0.679 
 36     2399    (0)    3 :  0.029 0.248 0.015 0.008 0.701 
 37     2400    (0)    3 :  0.006 0.702 0.063 0.014 0.215 
 38     2401    (0)    3 :  0.003 0.083 0.075 0.028 0.812 
 39     2402    (0)    3 :  0.136 0.062 0.324 0.034 0.445 
 40     2403    (0)    3 :  0.002 0.010 0.004 0.026 0.958 
 41     2404    (0)    3 :  0.002 0.020 0.029 0.026 0.922 
 42     2405    (0)    3 :  0.006 0.850 0.006 0.016 0.122 
 43     2406    (0)    3 :  0.003 0.151 0.277 0.011 0.558 
 44     2407    (0)    3 :  0.007 0.154 0.574 0.107 0.159 
 45     2408    (0)    3 :  0.007 0.181 0.107 0.010 0.695 
 46     2409    (0)    3 :  0.005 0.093 0.133 0.042 0.726 
 47     2410    (0)    3 :  0.002 0.010 0.025 0.008 0.954 
 48     2459    (0)    4 :  0.015 0.066 0.027 0.064 0.829 
 49     2460    (0)    4 :  0.011 0.632 0.163 0.010 0.184 
 50     2461    (0)    4 :  0.006 0.037 0.006 0.091 0.861 
 51     2462    (4)    4 :  0.013 0.076 0.100 0.071 0.740 
 52     2463    (0)    4 :  0.004 0.054 0.019 0.018 0.904 
 53     2464    (2)    4 :  0.061 0.045 0.014 0.022 0.858 
 54     2465    (0)    4 :  0.007 0.202 0.039 0.035 0.717 
 55     2466    (2)    4 :  0.004 0.048 0.022 0.114 0.811 
 56     2467    (0)    4 :  0.048 0.601 0.028 0.251 0.073 
 57     2468    (0)    4 :  0.009 0.111 0.023 0.063 0.794 
 58     2469    (0)    4 :  0.011 0.016 0.009 0.024 0.939 
 59     2369    (0)    5 :  0.009 0.369 0.412 0.049 0.161 
 60     2370    (0)    5 :  0.003 0.646 0.023 0.005 0.323 
 61     2372    (0)    5 :  0.008 0.208 0.012 0.497 0.275 
 62     2373    (0)    5 :  0.337 0.315 0.308 0.018 0.021 
 63     2374    (0)    5 :  0.003 0.007 0.009 0.008 0.973 
 64     2375    (0)    5 :  0.009 0.343 0.012 0.043 0.593 
 65     2376    (0)    5 :  0.008 0.469 0.086 0.267 0.170 
 66     2377    (0)    5 :  0.034 0.198 0.343 0.015 0.410 
 67     2378    (0)    5 :  0.002 0.747 0.119 0.049 0.083 
 68     2379    (0)    5 :  0.013 0.916 0.012 0.041 0.018 
 69     2380    (0)    5 :  0.002 0.059 0.010 0.091 0.837 
 70     2381    (0)    5 :  0.004 0.692 0.147 0.025 0.132 
 71     2382    (0)    5 :  0.076 0.211 0.003 0.015 0.695 
 72     2383    (0)    5 :  0.012 0.274 0.265 0.036 0.413 
 73     2384    (0)    5 :  0.019 0.752 0.009 0.021 0.200 
 74     2385    (0)    5 :  0.012 0.907 0.010 0.017 0.054 
 75     2386    (0)    5 :  0.004 0.574 0.085 0.018 0.319 
 76     2387    (0)    5 :  0.004 0.866 0.047 0.029 0.054 
 77     2388    (0)    5 :  0.012 0.955 0.004 0.017 0.013 
 78     2389    (2)    5 :  0.259 0.390 0.006 0.137 0.207 
 79     2390    (0)    5 :  0.031 0.919 0.009 0.028 0.013 
 80     2391    (0)    5 :  0.002 0.715 0.222 0.042 0.019 
 81     2392    (0)    5 :  0.009 0.378 0.351 0.074 0.188 
 82     1408    (0)    6 :  0.981 0.008 0.002 0.005 0.004 
 83     1409    (0)    6 :  0.986 0.003 0.002 0.004 0.004 
 84     1410    (0)    6 :  0.988 0.004 0.003 0.003 0.003 
 85     1411    (0)    6 :  0.980 0.005 0.003 0.007 0.005 
 86     1412    (0)    6 :  0.983 0.004 0.003 0.004 0.006 
 87     1413    (0)    6 :  0.980 0.008 0.003 0.004 0.006 
 88     1414    (0)    6 :  0.991 0.003 0.002 0.003 0.002 
 89     1415    (0)    6 :  0.986 0.004 0.004 0.002 0.004 
 90     1416    (0)    6 :  0.984 0.004 0.004 0.004 0.004 
 91     1417    (0)    6 :  0.987 0.005 0.002 0.003 0.003 
 92     1418    (0)    6 :  0.978 0.007 0.003 0.006 0.006 
 93     1419    (0)    6 :  0.986 0.005 0.002 0.004 0.003 
 94     1420    (0)    6 :  0.976 0.005 0.004 0.009 0.005 
 95     1421    (0)    6 :  0.939 0.012 0.004 0.037 0.008 
 96     1422    (0)    6 :  0.986 0.004 0.002 0.004 0.005 
 97     1423    (0)    6 :  0.983 0.007 0.003 0.004 0.003 
 98     1424    (0)    6 :  0.947 0.013 0.005 0.015 0.019 
 99     1425    (0)    6 :  0.943 0.009 0.009 0.033 0.006 
100     1426    (0)    6 :  0.968 0.010 0.007 0.006 0.008 
101     1427    (0)    6 :  0.911 0.020 0.021 0.030 0.019 
102     1428    (0)    6 :  0.986 0.004 0.002 0.004 0.004 
103     1429    (0)    6 :  0.980 0.005 0.008 0.003 0.004 
104     1430    (0)    6 :  0.982 0.007 0.003 0.003 0.005 
105     1431    (0)    6 :  0.936 0.020 0.014 0.019 0.011 
106     1432    (0)    6 :  0.988 0.003 0.003 0.003 0.002 
107     1433    (0)    6 :  0.975 0.006 0.003 0.011 0.006 
108     1434    (0)    6 :  0.952 0.015 0.017 0.005 0.011 
109     1435    (0)    6 :  0.948 0.025 0.007 0.007 0.014 
110     1436    (0)    6 :  0.947 0.015 0.012 0.013 0.013 
111     1437    (0)    6 :  0.988 0.003 0.002 0.005 0.002 
112     2229    (0)    7 :  0.002 0.003 0.987 0.004 0.003 
113     2230    (0)    7 :  0.002 0.010 0.938 0.032 0.018 
114     2235    (0)    7 :  0.018 0.034 0.919 0.014 0.014 
115     2236    (0)    7 :  0.005 0.083 0.771 0.032 0.109 
116     2237    (0)    7 :  0.010 0.008 0.909 0.034 0.039 
117     2238    (0)    7 :  0.002 0.004 0.981 0.008 0.005 
118     2239    (0)    7 :  0.002 0.005 0.983 0.005 0.005 
119     2240    (0)    7 :  0.004 0.014 0.954 0.009 0.018 
120     2241    (0)    7 :  0.025 0.055 0.868 0.022 0.030 
121     2242    (0)    7 :  0.003 0.030 0.920 0.019 0.028 
122     2243    (0)    7 :  0.003 0.010 0.875 0.087 0.026 
123     2244    (0)    7 :  0.002 0.014 0.916 0.045 0.024 
124     2245    (0)    7 :  0.005 0.005 0.951 0.034 0.006 
125     2246    (0)    7 :  0.004 0.010 0.957 0.022 0.007 
126     2247    (0)    7 :  0.002 0.008 0.972 0.008 0.010 
127     2248    (0)    7 :  0.002 0.004 0.986 0.004 0.004 
128     2249    (0)    7 :  0.009 0.062 0.899 0.014 0.017 
129     2250    (0)    7 :  0.001 0.004 0.990 0.003 0.003 
130     2251    (0)    7 :  0.008 0.015 0.946 0.021 0.010 
131     2252    (0)    7 :  0.004 0.006 0.980 0.006 0.004 
132     2253    (0)    7 :  0.003 0.053 0.894 0.020 0.030 
133     2254    (0)    7 :  0.003 0.045 0.714 0.094 0.143 
134     2255    (0)    7 :  0.003 0.023 0.939 0.024 0.012 
135     2256    (0)    7 :  0.002 0.208 0.501 0.033 0.256 
136     2257    (0)    7 :  0.017 0.006 0.961 0.009 0.008 
137     2258    (0)    7 :  0.003 0.025 0.884 0.071 0.017 
138     2259    (0)    7 :  0.002 0.004 0.985 0.005 0.004 
139     2260    (0)    7 :  0.002 0.008 0.976 0.007 0.008 
140     2261    (0)    7 :  0.005 0.009 0.971 0.006 0.010 
141     2262    (0)    7 :  0.002 0.004 0.986 0.004 0.005 
142     2263    (0)    7 :  0.006 0.005 0.961 0.023 0.005 
143     2264    (0)    7 :  0.003 0.014 0.972 0.004 0.007 
144     2265    (0)    7 :  0.006 0.021 0.937 0.015 0.022 
145     2266    (0)    7 :  0.003 0.024 0.927 0.007 0.039 
146     2267    (0)    7 :  0.002 0.006 0.969 0.014 0.009 
147     2268    (0)    7 :  0.007 0.015 0.956 0.006 0.017 
148     2269    (0)    7 :  0.004 0.006 0.981 0.004 0.005 
149     2270    (0)    7 :  0.006 0.006 0.975 0.008 0.005 
150     2271    (0)    7 :  0.006 0.078 0.664 0.241 0.011 
151     2302    (0)    8 :  0.003 0.003 0.006 0.983 0.006 
152     2303    (0)    8 :  0.018 0.024 0.006 0.911 0.042 
153     2304    (0)    8 :  0.007 0.012 0.027 0.940 0.013 
154     2305    (0)    8 :  0.003 0.031 0.025 0.931 0.011 
155     2306    (0)    8 :  0.007 0.023 0.020 0.938 0.012 
156     2307    (0)    8 :  0.003 0.014 0.015 0.942 0.025 
157     2308    (0)    8 :  0.703 0.238 0.004 0.020 0.036 
158     2309    (0)    8 :  0.002 0.006 0.008 0.976 0.008 
159     2310    (0)    8 :  0.002 0.029 0.019 0.909 0.041 
160     2311    (0)    8 :  0.002 0.005 0.005 0.980 0.008 
161     2312    (0)    8 :  0.003 0.005 0.008 0.978 0.006 
162     2313    (0)    8 :  0.003 0.067 0.038 0.835 0.057 
163     2314    (0)    8 :  0.004 0.023 0.014 0.882 0.077 
164     2315    (0)    8 :  0.010 0.046 0.008 0.918 0.018 
165     2316    (0)    8 :  0.010 0.045 0.036 0.877 0.031 
166     2317    (0)    8 :  0.003 0.012 0.011 0.965 0.009 
167     2318    (0)    8 :  0.004 0.011 0.012 0.962 0.012 
168     2319    (0)    8 :  0.032 0.006 0.006 0.948 0.008 
169     2320    (0)    8 :  0.005 0.011 0.005 0.966 0.013 
170     2321    (0)    8 :  0.005 0.010 0.013 0.944 0.027 
171     2322    (0)    8 :  0.007 0.089 0.011 0.395 0.498 
172     2323    (0)    8 :  0.008 0.010 0.004 0.969 0.009 
173     2324    (0)    8 :  0.004 0.018 0.011 0.952 0.015 
174     2325    (0)    8 :  0.005 0.009 0.017 0.944 0.026 
175     2326    (0)    8 :  0.005 0.415 0.092 0.274 0.213 
176     2327    (0)    8 :  0.008 0.043 0.013 0.908 0.028 
177     2328    (0)    8 :  0.003 0.579 0.016 0.349 0.052 
178     2329    (0)    8 :  0.003 0.060 0.046 0.852 0.039 


Estimated Allele Frequencies in each cluster
First column gives estimated ancestral frequencies


Locus 1 : 
4 alleles
0.0% missing data
  91   (0.351) 0.547 0.329 0.361 0.517 0.313 
  89   (0.515) 0.401 0.532 0.576 0.439 0.536 
  93   (0.113) 0.050 0.108 0.061 0.040 0.145 
  99   (0.022) 0.002 0.032 0.002 0.004 0.006 

Locus 2 : 
6 alleles
0.0% missing data
 134   (0.261) 0.114 0.253 0.156 0.288 0.347 
 136   (0.374) 0.548 0.361 0.561 0.520 0.330 
 140   (0.082) 0.055 0.081 0.041 0.020 0.093 
 138   (0.223) 0.242 0.245 0.237 0.099 0.206 
 142   (0.033) 0.038 0.025 0.003 0.066 0.010 
 132   (0.027) 0.003 0.035 0.003 0.007 0.013 

Locus 3 : 
6 alleles
0.0% missing data
 179   (0.327) 0.148 0.321 0.305 0.367 0.397 
 187   (0.294) 0.344 0.314 0.480 0.231 0.213 
 185   (0.087) 0.232 0.086 0.007 0.032 0.101 
 191   (0.029) 0.002 0.019 0.010 0.005 0.066 
 181   (0.200) 0.087 0.188 0.193 0.342 0.186 
 175   (0.063) 0.187 0.072 0.005 0.023 0.037 

Locus 4 : 
10 alleles
0.0% missing data
 241   (0.178) 0.447 0.179 0.075 0.196 0.157 
 247   (0.061) 0.021 0.076 0.005 0.013 0.065 
 253   (0.395) 0.132 0.389 0.679 0.585 0.461 
 273   (0.018) 0.002 0.015 0.001 0.003 0.015 
 269   (0.192) 0.043 0.212 0.139 0.173 0.203 
 271   (0.063) 0.193 0.054 0.024 0.011 0.060 
 249   (0.043) 0.059 0.034 0.069 0.009 0.023 
 245   (0.021) 0.097 0.018 0.002 0.003 0.006 
 265   (0.013) 0.001 0.012 0.002 0.002 0.005 
 239   (0.014) 0.005 0.011 0.004 0.003 0.004 

Locus 5 : 
4 alleles
0.0% missing data
 103   (0.885) 0.777 0.904 0.958 0.897 0.929 
 105   (0.067) 0.193 0.053 0.006 0.095 0.054 
 102   (0.018) 0.001 0.022 0.002 0.003 0.006 
 104   (0.030) 0.029 0.021 0.034 0.005 0.011 

Locus 6 : 
5 alleles
0.0% missing data
 135   (0.313) 0.687 0.325 0.187 0.208 0.249 
 145   (0.314) 0.027 0.318 0.150 0.331 0.494 
 141   (0.283) 0.085 0.276 0.606 0.414 0.224 
 147   (0.068) 0.118 0.064 0.055 0.042 0.026 
 137   (0.022) 0.084 0.017 0.002 0.004 0.006 

Locus 7 : 
10 alleles
0.6% missing data
  97   (0.179) 0.119 0.192 0.193 0.098 0.182 
 103   (0.299) 0.030 0.324 0.296 0.479 0.382 
  89   (0.084) 0.180 0.074 0.064 0.047 0.065 
  93   (0.243) 0.331 0.259 0.375 0.236 0.186 
  83   (0.043) 0.003 0.038 0.004 0.021 0.086 
  99   (0.024) 0.034 0.021 0.002 0.004 0.010 
  85   (0.039) 0.004 0.028 0.006 0.070 0.052 
  91   (0.047) 0.110 0.036 0.049 0.037 0.016 
 105   (0.016) 0.077 0.009 0.001 0.003 0.008 
 101   (0.027) 0.114 0.017 0.009 0.005 0.015 

Locus 8 : 
8 alleles
0.0% missing data
 129   (0.564) 0.395 0.579 0.740 0.559 0.645 
 143   (0.243) 0.296 0.250 0.066 0.334 0.249 
 141   (0.069) 0.006 0.065 0.079 0.068 0.049 
 149   (0.048) 0.268 0.043 0.101 0.008 0.021 
 133   (0.023) 0.003 0.026 0.002 0.004 0.014 
 145   (0.020) 0.002 0.013 0.002 0.018 0.012 
 127   (0.020) 0.030 0.015 0.002 0.005 0.006 
 131   (0.014) 0.001 0.009 0.009 0.003 0.004 

Locus 9 : 
4 alleles
0.0% missing data
 189   (0.431) 0.335 0.481 0.266 0.239 0.471 
 191   (0.344) 0.269 0.320 0.624 0.460 0.317 
 195   (0.206) 0.394 0.183 0.099 0.296 0.204 
 193   (0.020) 0.002 0.016 0.011 0.005 0.007 

Locus 10 : 
6 alleles
0.0% missing data
 250   (0.041) 0.159 0.041 0.003 0.007 0.025 
 254   (0.057) 0.022 0.047 0.013 0.078 0.041 
 252   (0.114) 0.068 0.088 0.179 0.191 0.106 
 238   (0.564) 0.681 0.572 0.442 0.606 0.627 
 232   (0.204) 0.069 0.226 0.359 0.113 0.188 
 248   (0.022) 0.002 0.027 0.004 0.004 0.012 

Locus 11 : 
4 alleles
0.0% missing data
  87   (0.730) 0.516 0.771 0.655 0.750 0.749 
  89   (0.195) 0.104 0.172 0.267 0.237 0.206 
  91   (0.053) 0.324 0.038 0.076 0.009 0.039 
  85   (0.022) 0.057 0.019 0.002 0.004 0.006 

Locus 12 : 
12 alleles
0.0% missing data
 160   (0.243) 0.503 0.240 0.229 0.176 0.284 
 158   (0.214) 0.059 0.230 0.416 0.235 0.195 
 162   (0.191) 0.018 0.204 0.161 0.201 0.268 
 170   (0.063) 0.124 0.075 0.015 0.016 0.046 
 161   (0.118) 0.211 0.115 0.052 0.184 0.079 
 154   (0.029) 0.015 0.035 0.003 0.006 0.010 
 143   (0.030) 0.056 0.022 0.002 0.010 0.024 
 149   (0.024) 0.003 0.020 0.002 0.005 0.034 
 147   (0.047) 0.004 0.029 0.117 0.161 0.037 
 159   (0.014) 0.001 0.008 0.001 0.003 0.013 
 134   (0.014) 0.001 0.012 0.001 0.002 0.007 
 165   (0.013) 0.005 0.011 0.001 0.002 0.004 

Locus 13 : 
4 alleles
0.0% missing data
 113   (0.342) 0.289 0.351 0.343 0.384 0.321 
 115   (0.478) 0.467 0.481 0.491 0.442 0.529 
 108   (0.167) 0.242 0.156 0.165 0.169 0.145 
 110   (0.014) 0.002 0.011 0.001 0.005 0.005 

Locus 14 : 
7 alleles
0.0% missing data
 172   (0.430) 0.580 0.436 0.267 0.365 0.514 
 176   (0.132) 0.061 0.136 0.084 0.136 0.102 
 182   (0.075) 0.006 0.077 0.012 0.080 0.100 
 174   (0.240) 0.099 0.233 0.556 0.233 0.240 
 170   (0.023) 0.002 0.039 0.002 0.004 0.007 
 180   (0.033) 0.133 0.025 0.022 0.006 0.014 
 178   (0.067) 0.119 0.055 0.056 0.176 0.024 

Locus 15 : 
8 alleles
0.0% missing data
 225   (0.133) 0.074 0.142 0.078 0.066 0.138 
 229   (0.445) 0.359 0.488 0.584 0.329 0.413 
 227   (0.122) 0.011 0.096 0.153 0.157 0.262 
 231   (0.201) 0.428 0.195 0.108 0.388 0.143 
 213   (0.013) 0.002 0.012 0.001 0.002 0.005 
 233   (0.059) 0.120 0.048 0.074 0.053 0.023 
 203   (0.013) 0.001 0.008 0.001 0.003 0.012 
 223   (0.014) 0.005 0.011 0.001 0.003 0.004 

Locus 16 : 
4 alleles
0.6% missing data
 143   (0.899) 0.811 0.917 0.987 0.923 0.936 
 145   (0.063) 0.111 0.054 0.010 0.070 0.042 
 147   (0.024) 0.077 0.015 0.002 0.005 0.018 
 157   (0.014) 0.001 0.014 0.001 0.002 0.004 

Locus 17 : 
5 alleles
0.0% missing data
 158   (0.501) 0.305 0.526 0.662 0.481 0.531 
 156   (0.253) 0.267 0.235 0.187 0.292 0.288 
 154   (0.084) 0.332 0.081 0.048 0.072 0.038 
 160   (0.149) 0.095 0.149 0.101 0.153 0.133 
 152   (0.014) 0.001 0.009 0.002 0.002 0.010 

Locus 18 : 
5 alleles
0.0% missing data
  90   (0.668) 0.448 0.671 0.773 0.817 0.684 
 100   (0.092) 0.166 0.101 0.010 0.020 0.123 
 102   (0.157) 0.097 0.152 0.201 0.124 0.144 
 104   (0.013) 0.001 0.014 0.001 0.002 0.004 
  88   (0.069) 0.288 0.062 0.014 0.036 0.045 

Locus 19 : 
7 alleles
0.0% missing data
 127   (0.287) 0.406 0.295 0.167 0.389 0.238 
 140   (0.287) 0.240 0.269 0.114 0.413 0.359 
 142   (0.122) 0.022 0.159 0.489 0.025 0.073 
 148   (0.093) 0.067 0.076 0.098 0.043 0.105 
 146   (0.094) 0.009 0.097 0.111 0.058 0.088 
 138   (0.065) 0.005 0.064 0.016 0.056 0.063 
 150   (0.053) 0.250 0.041 0.005 0.015 0.074 

Locus 20 : 
6 alleles
0.0% missing data
 190   (0.118) 0.035 0.085 0.329 0.264 0.120 
 194   (0.581) 0.594 0.606 0.521 0.610 0.544 
 202   (0.042) 0.059 0.045 0.004 0.008 0.024 
 188   (0.143) 0.013 0.162 0.135 0.066 0.155 
 200   (0.102) 0.296 0.092 0.010 0.047 0.151 
 198   (0.013) 0.002 0.011 0.001 0.005 0.005 

Locus 21 : 
6 alleles
0.0% missing data
 252   (0.634) 0.120 0.659 0.776 0.665 0.745 
 246   (0.128) 0.177 0.119 0.013 0.246 0.126 
 248   (0.018) 0.001 0.023 0.002 0.003 0.006 
 244   (0.043) 0.073 0.031 0.062 0.008 0.022 
 250   (0.090) 0.351 0.092 0.117 0.019 0.044 
 254   (0.088) 0.278 0.076 0.030 0.059 0.057 

Locus 22 : 
7 alleles
0.0% missing data
 167   (0.243) 0.097 0.227 0.262 0.182 0.372 
 173   (0.284) 0.266 0.282 0.315 0.241 0.300 
 163   (0.047) 0.114 0.059 0.004 0.008 0.021 
 177   (0.201) 0.076 0.248 0.351 0.106 0.126 
 175   (0.137) 0.235 0.115 0.060 0.274 0.126 
 165   (0.073) 0.171 0.060 0.007 0.186 0.051 
 159   (0.015) 0.040 0.009 0.001 0.003 0.004 

Locus 23 : 
11 alleles
0.0% missing data
 152   (0.410) 0.127 0.452 0.536 0.433 0.436 
 158   (0.095) 0.398 0.086 0.011 0.064 0.125 
 146   (0.192) 0.020 0.190 0.272 0.312 0.236 
 150   (0.059) 0.146 0.051 0.026 0.061 0.028 
 156   (0.025) 0.032 0.018 0.002 0.005 0.017 
 162   (0.030) 0.194 0.024 0.002 0.005 0.024 
 166   (0.073) 0.007 0.067 0.050 0.065 0.075 
 164   (0.048) 0.014 0.055 0.008 0.043 0.025 
 148   (0.026) 0.019 0.032 0.003 0.005 0.009 
 142   (0.024) 0.042 0.016 0.002 0.005 0.021 
 154   (0.016) 0.001 0.009 0.087 0.003 0.004 

Locus 24 : 
6 alleles
0.6% missing data
 144   (0.180) 0.302 0.163 0.131 0.206 0.197 
 156   (0.160) 0.299 0.172 0.070 0.109 0.124 
 154   (0.509) 0.214 0.537 0.571 0.605 0.575 
 160   (0.104) 0.090 0.092 0.166 0.072 0.088 
 152   (0.017) 0.001 0.011 0.051 0.003 0.006 
 158   (0.030) 0.094 0.026 0.010 0.006 0.010 

Locus 25 : 
4 alleles
0.6% missing data
  81   (0.364) 0.303 0.370 0.235 0.335 0.413 
  83   (0.493) 0.590 0.491 0.463 0.588 0.466 
  77   (0.083) 0.007 0.092 0.268 0.017 0.088 
  85   (0.060) 0.101 0.047 0.034 0.060 0.032 

Locus 26 : 
6 alleles
0.6% missing data
 124   (0.537) 0.619 0.535 0.295 0.625 0.601 
 132   (0.244) 0.021 0.264 0.630 0.200 0.243 
 122   (0.133) 0.323 0.137 0.023 0.156 0.090 
 126   (0.052) 0.022 0.042 0.048 0.013 0.044 
 120   (0.021) 0.014 0.013 0.002 0.004 0.013 
 136   (0.013) 0.001 0.010 0.001 0.003 0.009 

Locus 27 : 
6 alleles
0.0% missing data
 165   (0.250) 0.112 0.243 0.160 0.276 0.298 
 183   (0.350) 0.360 0.365 0.472 0.353 0.277 
 179   (0.076) 0.246 0.052 0.080 0.017 0.130 
 175   (0.239) 0.021 0.275 0.281 0.314 0.210 
 181   (0.064) 0.177 0.052 0.006 0.037 0.074 
 185   (0.022) 0.085 0.014 0.002 0.004 0.011 

Locus 28 : 
4 alleles
0.0% missing data
 142   (0.526) 0.413 0.484 0.635 0.666 0.617 
 150   (0.148) 0.197 0.156 0.015 0.109 0.162 
 148   (0.250) 0.309 0.297 0.140 0.208 0.154 
 138   (0.076) 0.080 0.064 0.210 0.017 0.067 

Locus 29 : 
5 alleles
0.0% missing data
 260   (0.454) 0.301 0.509 0.262 0.381 0.459 
 262   (0.439) 0.529 0.393 0.692 0.569 0.478 
 258   (0.023) 0.002 0.021 0.002 0.004 0.021 
 256   (0.071) 0.166 0.064 0.043 0.044 0.036 
 264   (0.013) 0.001 0.013 0.001 0.002 0.005 

Locus 30 : 
5 alleles
0.0% missing data
 140   (0.150) 0.450 0.117 0.070 0.180 0.183 
 150   (0.472) 0.207 0.459 0.709 0.459 0.575 
 148   (0.086) 0.023 0.080 0.076 0.094 0.062 
 146   (0.259) 0.313 0.304 0.139 0.259 0.164 
 152   (0.033) 0.007 0.040 0.006 0.008 0.016 

Locus 31 : 
6 alleles
0.0% missing data
 125   (0.273) 0.123 0.302 0.281 0.261 0.222 
 129   (0.487) 0.240 0.484 0.584 0.496 0.589 
 123   (0.110) 0.067 0.089 0.123 0.085 0.116 
 127   (0.077) 0.356 0.071 0.007 0.148 0.043 
 121   (0.018) 0.001 0.023 0.001 0.003 0.005 
 131   (0.036) 0.213 0.031 0.004 0.007 0.026 

Locus 32 : 
5 alleles
0.0% missing data
 155   (0.566) 0.607 0.640 0.656 0.438 0.468 
 159   (0.137) 0.095 0.101 0.092 0.211 0.211 
 157   (0.207) 0.087 0.193 0.161 0.334 0.223 
 153   (0.059) 0.165 0.040 0.082 0.011 0.082 
 151   (0.032) 0.045 0.025 0.009 0.006 0.016 

Locus 33 : 
4 alleles
0.0% missing data
  92   (0.247) 0.470 0.249 0.295 0.126 0.212 
  94   (0.089) 0.048 0.071 0.074 0.199 0.057 
  95   (0.167) 0.320 0.194 0.127 0.031 0.144 
  91   (0.497) 0.162 0.485 0.505 0.644 0.588 

Locus 34 : 
4 alleles
0.0% missing data
 146   (0.310) 0.526 0.322 0.105 0.302 0.308 
 148   (0.086) 0.128 0.060 0.096 0.093 0.082 
 150   (0.541) 0.296 0.565 0.794 0.536 0.545 
 154   (0.063) 0.050 0.053 0.005 0.069 0.065 

Locus 35 : 
7 alleles
0.0% missing data
 180   (0.392) 0.320 0.383 0.529 0.453 0.411 
 192   (0.149) 0.157 0.149 0.015 0.153 0.211 
 184   (0.215) 0.133 0.216 0.214 0.286 0.181 
 196   (0.156) 0.019 0.183 0.172 0.082 0.159 
 198   (0.041) 0.326 0.030 0.023 0.008 0.024 
 190   (0.033) 0.045 0.032 0.003 0.017 0.009 
 194   (0.014) 0.001 0.008 0.044 0.002 0.004 

Locus 36 : 
6 alleles
0.0% missing data
 106   (0.276) 0.139 0.261 0.187 0.296 0.343 
 112   (0.288) 0.074 0.275 0.506 0.301 0.336 
  94   (0.024) 0.002 0.040 0.002 0.004 0.007 
 110   (0.245) 0.176 0.252 0.281 0.317 0.175 
 108   (0.129) 0.604 0.136 0.021 0.054 0.111 
  90   (0.038) 0.005 0.037 0.003 0.028 0.028 

Locus 37 : 
8 alleles
0.0% missing data
 168   (0.070) 0.330 0.059 0.006 0.016 0.130 
 178   (0.041) 0.004 0.035 0.010 0.013 0.058 
 170   (0.300) 0.331 0.314 0.158 0.458 0.240 
 174   (0.124) 0.058 0.117 0.032 0.118 0.163 
 172   (0.275) 0.164 0.269 0.475 0.210 0.295 
 176   (0.119) 0.010 0.157 0.106 0.140 0.061 
 166   (0.051) 0.004 0.036 0.212 0.040 0.042 
 186   (0.020) 0.099 0.012 0.002 0.003 0.012 

Locus 38 : 
6 alleles
0.0% missing data
  85   (0.190) 0.045 0.195 0.183 0.126 0.233 
  95   (0.088) 0.022 0.086 0.087 0.149 0.046 
  89   (0.526) 0.517 0.511 0.711 0.552 0.571 
  83   (0.124) 0.375 0.140 0.013 0.071 0.103 
  81   (0.054) 0.005 0.056 0.004 0.099 0.041 
  91   (0.018) 0.036 0.013 0.001 0.003 0.005 

Locus 39 : 
7 alleles
0.0% missing data
 161   (0.363) 0.540 0.353 0.476 0.446 0.349 
 165   (0.228) 0.195 0.251 0.177 0.193 0.193 
 167   (0.032) 0.003 0.022 0.013 0.006 0.059 
 169   (0.080) 0.006 0.095 0.129 0.017 0.087 
 173   (0.266) 0.254 0.262 0.192 0.333 0.285 
 175   (0.016) 0.001 0.009 0.001 0.003 0.024 
 159   (0.014) 0.001 0.008 0.011 0.002 0.004 

Locus 40 : 
5 alleles
0.0% missing data
  85   (0.221) 0.081 0.219 0.124 0.291 0.243 
  87   (0.119) 0.402 0.108 0.147 0.052 0.091 
  91   (0.163) 0.258 0.167 0.036 0.242 0.130 
  81   (0.080) 0.007 0.078 0.025 0.116 0.079 
  89   (0.416) 0.253 0.428 0.668 0.299 0.456 

Locus 41 : 
3 alleles
0.0% missing data
 167   (0.779) 0.488 0.770 0.922 0.920 0.813 
 161   (0.173) 0.478 0.175 0.065 0.071 0.169 
 165   (0.048) 0.033 0.055 0.013 0.009 0.018 

Locus 42 : 
6 alleles
0.0% missing data
 224   (0.045) 0.016 0.028 0.056 0.070 0.026 
 228   (0.401) 0.399 0.404 0.572 0.371 0.386 
 238   (0.348) 0.101 0.363 0.250 0.388 0.401 
 240   (0.107) 0.398 0.114 0.011 0.024 0.154 
 236   (0.084) 0.085 0.078 0.110 0.144 0.030 
 242   (0.014) 0.001 0.014 0.001 0.003 0.004 

Locus 43 : 
7 alleles
0.6% missing data
 130   (0.531) 0.580 0.586 0.481 0.452 0.496 
 118   (0.052) 0.096 0.042 0.006 0.026 0.052 
 128   (0.071) 0.006 0.060 0.138 0.068 0.074 
 132   (0.092) 0.007 0.091 0.258 0.135 0.057 
 114   (0.107) 0.009 0.098 0.081 0.159 0.122 
 134   (0.131) 0.301 0.112 0.015 0.157 0.194 
 122   (0.015) 0.001 0.010 0.021 0.003 0.005 

Locus 44 : 
5 alleles
0.0% missing data
 104   (0.366) 0.104 0.400 0.169 0.275 0.465 
  98   (0.160) 0.256 0.150 0.212 0.145 0.107 
 102   (0.230) 0.019 0.216 0.438 0.357 0.288 
  92   (0.173) 0.441 0.179 0.110 0.183 0.095 
  96   (0.071) 0.180 0.054 0.070 0.039 0.045 

Locus 45 : 
5 alleles
0.0% missing data
  95   (0.221) 0.395 0.195 0.351 0.227 0.216 
 101   (0.362) 0.215 0.354 0.396 0.382 0.428 
 103   (0.290) 0.096 0.318 0.239 0.296 0.277 
  99   (0.097) 0.250 0.111 0.012 0.089 0.052 
  97   (0.030) 0.042 0.022 0.002 0.006 0.027 

Locus 46 : 
7 alleles
0.0% missing data
 181   (0.543) 0.265 0.582 0.733 0.600 0.552 
 191   (0.297) 0.591 0.278 0.178 0.352 0.322 
 179   (0.032) 0.089 0.020 0.003 0.006 0.050 
 177   (0.066) 0.035 0.061 0.082 0.025 0.045 
 189   (0.019) 0.002 0.020 0.002 0.003 0.011 
 183   (0.019) 0.001 0.016 0.002 0.008 0.011 
 193   (0.023) 0.018 0.023 0.002 0.005 0.008 

Locus 47 : 
6 alleles
0.0% missing data
 211   (0.200) 0.383 0.179 0.175 0.242 0.225 
 215   (0.082) 0.031 0.073 0.076 0.143 0.054 
 205   (0.445) 0.366 0.468 0.499 0.450 0.501 
 207   (0.197) 0.128 0.232 0.177 0.121 0.159 
 201   (0.055) 0.064 0.036 0.071 0.040 0.046 
 202   (0.021) 0.028 0.012 0.002 0.004 0.014 

Locus 48 : 
10 alleles
0.0% missing data
 142   (0.271) 0.129 0.274 0.202 0.251 0.393 
 162   (0.063) 0.050 0.053 0.005 0.182 0.053 
 164   (0.054) 0.101 0.051 0.005 0.053 0.036 
 168   (0.164) 0.322 0.169 0.259 0.159 0.110 
 158   (0.177) 0.178 0.196 0.075 0.238 0.143 
 170   (0.033) 0.105 0.032 0.013 0.007 0.010 
 166   (0.146) 0.032 0.154 0.290 0.091 0.157 
 156   (0.035) 0.068 0.029 0.005 0.010 0.030 
 144   (0.044) 0.003 0.034 0.143 0.008 0.065 
 160   (0.013) 0.012 0.008 0.001 0.003 0.004 

Locus 49 : 
6 alleles
0.0% missing data
 149   (0.292) 0.752 0.299 0.121 0.118 0.349 
 151   (0.250) 0.089 0.251 0.231 0.357 0.213 
 145   (0.237) 0.118 0.220 0.246 0.436 0.214 
 153   (0.178) 0.016 0.186 0.399 0.080 0.211 
 147   (0.014) 0.001 0.014 0.001 0.003 0.004 
 143   (0.028) 0.023 0.031 0.002 0.005 0.009 

Values of parameters used in structure:
DATAFILE=temp1.str,	OUTFILE=k5/temp1_k5_run9,	NUMINDS=178,	NUMLOCI=49,	MISSING=-9,	LABEL=1,	POPDATA=1,	POPFLAG=0,	PHENOTYPE=0,	EXTRACOLS=0,	MAXPOPS=5,	BURNIN=1000,	NUMREPS=20000,	USEPOPINFO=0,	INFERALPHA=1,	INFERLAMBDA=0,	POPSPECIFICLAMBDA=0,	POPALPHAS=0,	COMPUTEPROB=1,	NOADMIX=0,	ADMBURNIN=500,	UPDATEFREQ=100,	PRINTLIKES=0,	INTERMEDSAVE=0,	PRINTKLD=0,	PRINTNET=1,	PRINTLAMBDA=1,	ANCESTDIST=0,	NUMBOXES=1000,	ANCESTPINT=0.90000,	GENSBACK=2,	MIGRPRIOR=0.01000,	PRINTQHAT=0,	PRINTQSUM=1,	ALPHA=1.0000,	FREQSCORR=1,	FPRIORMEAN=0.0100,	FPRIORSD=0.0500,	ONEFST=0,	LAMBDA=1.0000,	UNIFPRIORALPHA=1,	ALPHAMAX=10.0000,	ALPHAPRIORA=1.0000,	ALPHAPRIORB=2.0000,	ALPHAPROPSD=0.0250,	STARTATPOPINFO=0,	RANDOMIZE=0,	LINKAGE=0,	METROFREQ=10,	REPORTHITRATE=0,	MARKOVPHASE=0,	PHASED=1,	PLOIDY=2,	PHASEINFO=0	LOCPRIOR=0, 	LOCPRIORINIT=1.000000, 	LOCDATA=0, 	LOCISPOP=1, 	LOCPRIORSTEP=0.100000, 	MAXLOCPRIOR=20.000000, 	SEED=790058,	
[STRAT parameters]:    NUMSIMSTATS=1000,	PHENOTYPECOL=-9,	POOLFREQ=10,	LOCUSxONLY=0,	EMERROR=0.00100,	MISSINGPHENO=-9,	