

----------------------------------------------------
STRUCTURE by Pritchard, Stephens and Donnelly (2000)
     and Falush, Stephens and Pritchard (2003)
       Code by Pritchard, Falush and Hubisz
             Version 2.3.4 (Jul 2012)
----------------------------------------------------



Command line arguments:   structure -D 197746 -K 3 -m mainparams -o k3/temp1_k3_run6 
Input File:    temp1.str

Run parameters:
   178 individuals
   49 loci
   3 populations assumed
   1000 Burn-in period
   20000 Reps
RANDOMIZE turned off


--------------------------------------------
Proportion of membership of each pre-defined
 population in each of the 3 clusters

Given    Inferred Clusters       Number of
 Pop       1      2      3      Individuals

  1:     0.865  0.057  0.078       10
  2:     0.681  0.136  0.183       24
  3:     0.778  0.189  0.032       13
  4:     0.868  0.086  0.047       11
  5:     0.763  0.167  0.070       23
  6:     0.013  0.011  0.976       30
  7:     0.055  0.935  0.010       39
  8:     0.922  0.036  0.042       28
--------------------------------------------

Allele-freq. divergence among pops (Net nucleotide distance),
computed using point estimates of P.

      1       2       3      
 1      -    0.0319  0.0724  
 2   0.0319     -    0.1167  
 3   0.0724  0.1167     -    

Average distances (expected heterozygosity) between individuals in same cluster:
cluster  1  : 0.6255 
cluster  2  : 0.5590 
cluster  3  : 0.6457 

--------------------------------------------
Estimated Ln Prob of Data   = -21093.5
Mean value of ln likelihood = -20854.7
Variance of ln likelihood   = 477.6
Mean value of alpha         = 0.0959

Mean value of Fst_1         = 0.0502
Mean value of Fst_2         = 0.1473
Mean value of Fst_3         = 0.1402


Inferred ancestry of individuals:
        Label (%Miss) Pop:  Inferred clusters
  1     2355    (0)    1 :  0.938 0.015 0.047 
  2     2356    (0)    1 :  0.939 0.007 0.054 
  3     2357    (0)    1 :  0.929 0.068 0.003 
  4     2358    (0)    1 :  0.882 0.042 0.075 
  5     2359    (0)    1 :  0.962 0.030 0.007 
  6     2360    (0)    1 :  0.824 0.035 0.142 
  7     2361    (2)    1 :  0.792 0.193 0.015 
  8     2362    (0)    1 :  0.912 0.057 0.031 
  9     2363    (0)    1 :  0.620 0.033 0.347 
 10     2364    (0)    1 :  0.856 0.088 0.056 
 11     2434    (0)    2 :  0.664 0.092 0.245 
 12     2435    (0)    2 :  0.609 0.022 0.369 
 13     2436    (0)    2 :  0.690 0.011 0.299 
 14     2437    (0)    2 :  0.624 0.023 0.353 
 15     2438    (0)    2 :  0.886 0.028 0.086 
 16     2439    (0)    2 :  0.967 0.020 0.012 
 17     2440    (0)    2 :  0.894 0.015 0.092 
 18     2441    (0)    2 :  0.537 0.184 0.279 
 19     2442    (0)    2 :  0.565 0.058 0.377 
 20     2443    (0)    2 :  0.929 0.044 0.026 
 21     2444    (0)    2 :  0.779 0.036 0.184 
 22     2446    (0)    2 :  0.898 0.043 0.059 
 23     2447    (0)    2 :  0.749 0.132 0.119 
 24     2448    (0)    2 :  0.093 0.895 0.012 
 25     2449    (0)    2 :  0.628 0.013 0.359 
 26     2450    (0)    2 :  0.683 0.010 0.307 
 27     2451    (0)    2 :  0.597 0.049 0.354 
 28     2452    (0)    2 :  0.785 0.201 0.015 
 29     2453    (0)    2 :  0.531 0.378 0.092 
 30     2454    (0)    2 :  0.480 0.511 0.009 
 31     2455    (0)    2 :  0.961 0.012 0.027 
 32     2456    (0)    2 :  0.790 0.161 0.048 
 33     2457    (0)    2 :  0.724 0.047 0.229 
 34     2458    (0)    2 :  0.286 0.271 0.444 
 35     2398    (0)    3 :  0.943 0.052 0.005 
 36     2399    (0)    3 :  0.873 0.053 0.075 
 37     2400    (0)    3 :  0.778 0.199 0.024 
 38     2401    (0)    3 :  0.853 0.141 0.006 
 39     2402    (0)    3 :  0.314 0.468 0.218 
 40     2403    (0)    3 :  0.987 0.008 0.005 
 41     2404    (0)    3 :  0.949 0.047 0.004 
 42     2405    (0)    3 :  0.962 0.013 0.025 
 43     2406    (0)    3 :  0.526 0.468 0.006 
 44     2407    (0)    3 :  0.444 0.547 0.010 
 45     2408    (0)    3 :  0.739 0.231 0.030 
 46     2409    (0)    3 :  0.828 0.163 0.008 
 47     2410    (0)    3 :  0.923 0.071 0.006 
 48     2459    (0)    4 :  0.925 0.044 0.031 
 49     2460    (0)    4 :  0.577 0.380 0.043 
 50     2461    (0)    4 :  0.981 0.009 0.011 
 51     2462    (4)    4 :  0.768 0.202 0.030 
 52     2463    (0)    4 :  0.952 0.038 0.010 
 53     2464    (2)    4 :  0.746 0.049 0.205 
 54     2465    (0)    4 :  0.920 0.062 0.018 
 55     2466    (2)    4 :  0.954 0.034 0.012 
 56     2467    (0)    4 :  0.835 0.071 0.095 
 57     2468    (0)    4 :  0.954 0.029 0.017 
 58     2469    (0)    4 :  0.932 0.026 0.041 
 59     2369    (0)    5 :  0.534 0.451 0.015 
 60     2370    (0)    5 :  0.869 0.124 0.007 
 61     2372    (0)    5 :  0.970 0.017 0.013 
 62     2373    (0)    5 :  0.056 0.488 0.456 
 63     2374    (0)    5 :  0.954 0.032 0.013 
 64     2375    (0)    5 :  0.950 0.026 0.024 
 65     2376    (0)    5 :  0.888 0.097 0.015 
 66     2377    (0)    5 :  0.418 0.486 0.097 
 67     2378    (0)    5 :  0.796 0.199 0.005 
 68     2379    (0)    5 :  0.899 0.044 0.058 
 69     2380    (0)    5 :  0.977 0.018 0.005 
 70     2381    (0)    5 :  0.732 0.258 0.011 
 71     2382    (0)    5 :  0.861 0.006 0.133 
 72     2383    (0)    5 :  0.639 0.331 0.030 
 73     2384    (0)    5 :  0.890 0.041 0.069 
 74     2385    (0)    5 :  0.879 0.046 0.075 
 75     2386    (0)    5 :  0.753 0.235 0.012 
 76     2387    (0)    5 :  0.856 0.129 0.015 
 77     2388    (0)    5 :  0.917 0.009 0.074 
 78     2389    (2)    5 :  0.645 0.012 0.343 
 79     2390    (0)    5 :  0.877 0.023 0.100 
 80     2391    (0)    5 :  0.645 0.347 0.008 
 81     2392    (0)    5 :  0.555 0.422 0.023 
 82     1408    (0)    6 :  0.011 0.006 0.983 
 83     1409    (0)    6 :  0.008 0.005 0.987 
 84     1410    (0)    6 :  0.006 0.005 0.989 
 85     1411    (0)    6 :  0.011 0.007 0.982 
 86     1412    (0)    6 :  0.009 0.006 0.985 
 87     1413    (0)    6 :  0.010 0.005 0.985 
 88     1414    (0)    6 :  0.004 0.003 0.992 
 89     1415    (0)    6 :  0.006 0.006 0.987 
 90     1416    (0)    6 :  0.007 0.009 0.984 
 91     1417    (0)    6 :  0.006 0.004 0.990 
 92     1418    (0)    6 :  0.011 0.006 0.982 
 93     1419    (0)    6 :  0.008 0.004 0.987 
 94     1420    (0)    6 :  0.010 0.007 0.983 
 95     1421    (0)    6 :  0.029 0.009 0.962 
 96     1422    (0)    6 :  0.006 0.004 0.990 
 97     1423    (0)    6 :  0.008 0.006 0.986 
 98     1424    (0)    6 :  0.031 0.011 0.958 
 99     1425    (0)    6 :  0.024 0.016 0.960 
100     1426    (0)    6 :  0.014 0.011 0.975 
101     1427    (0)    6 :  0.033 0.048 0.918 
102     1428    (0)    6 :  0.007 0.004 0.988 
103     1429    (0)    6 :  0.006 0.014 0.980 
104     1430    (0)    6 :  0.007 0.006 0.987 
105     1431    (0)    6 :  0.035 0.026 0.940 
106     1432    (0)    6 :  0.005 0.005 0.990 
107     1433    (0)    6 :  0.012 0.006 0.981 
108     1434    (0)    6 :  0.020 0.029 0.951 
109     1435    (0)    6 :  0.023 0.015 0.962 
110     1436    (0)    6 :  0.024 0.024 0.952 
111     1437    (0)    6 :  0.006 0.005 0.990 
112     2229    (0)    7 :  0.006 0.989 0.005 
113     2230    (0)    7 :  0.054 0.942 0.005 
114     2235    (0)    7 :  0.029 0.940 0.030 
115     2236    (0)    7 :  0.198 0.791 0.011 
116     2237    (0)    7 :  0.051 0.928 0.021 
117     2238    (0)    7 :  0.013 0.982 0.004 
118     2239    (0)    7 :  0.008 0.989 0.002 
119     2240    (0)    7 :  0.032 0.960 0.008 
120     2241    (0)    7 :  0.036 0.927 0.037 
121     2242    (0)    7 :  0.054 0.941 0.005 
122     2243    (0)    7 :  0.112 0.882 0.006 
123     2244    (0)    7 :  0.057 0.939 0.003 
124     2245    (0)    7 :  0.022 0.967 0.011 
125     2246    (0)    7 :  0.025 0.967 0.009 
126     2247    (0)    7 :  0.017 0.978 0.005 
127     2248    (0)    7 :  0.008 0.988 0.004 
128     2249    (0)    7 :  0.046 0.938 0.016 
129     2250    (0)    7 :  0.006 0.991 0.002 
130     2251    (0)    7 :  0.027 0.959 0.014 
131     2252    (0)    7 :  0.009 0.983 0.008 
132     2253    (0)    7 :  0.070 0.923 0.006 
133     2254    (0)    7 :  0.245 0.748 0.008 
134     2255    (0)    7 :  0.036 0.957 0.006 
135     2256    (0)    7 :  0.396 0.600 0.004 
136     2257    (0)    7 :  0.017 0.950 0.033 
137     2258    (0)    7 :  0.102 0.892 0.007 
138     2259    (0)    7 :  0.010 0.987 0.003 
139     2260    (0)    7 :  0.011 0.984 0.005 
140     2261    (0)    7 :  0.013 0.976 0.011 
141     2262    (0)    7 :  0.008 0.987 0.004 
142     2263    (0)    7 :  0.014 0.974 0.012 
143     2264    (0)    7 :  0.012 0.981 0.007 
144     2265    (0)    7 :  0.054 0.935 0.011 
145     2266    (0)    7 :  0.061 0.933 0.006 
146     2267    (0)    7 :  0.024 0.972 0.004 
147     2268    (0)    7 :  0.022 0.964 0.014 
148     2269    (0)    7 :  0.007 0.986 0.006 
149     2270    (0)    7 :  0.014 0.975 0.011 
150     2271    (0)    7 :  0.218 0.762 0.020 
151     2302    (0)    8 :  0.969 0.021 0.009 
152     2303    (0)    8 :  0.965 0.017 0.018 
153     2304    (0)    8 :  0.934 0.055 0.011 
154     2305    (0)    8 :  0.925 0.068 0.007 
155     2306    (0)    8 :  0.928 0.057 0.015 
156     2307    (0)    8 :  0.954 0.038 0.008 
157     2308    (0)    8 :  0.172 0.014 0.814 
158     2309    (0)    8 :  0.979 0.017 0.005 
159     2310    (0)    8 :  0.954 0.041 0.006 
160     2311    (0)    8 :  0.978 0.018 0.004 
161     2312    (0)    8 :  0.966 0.026 0.008 
162     2313    (0)    8 :  0.948 0.046 0.006 
163     2314    (0)    8 :  0.968 0.026 0.007 
164     2315    (0)    8 :  0.970 0.016 0.014 
165     2316    (0)    8 :  0.910 0.075 0.015 
166     2317    (0)    8 :  0.966 0.028 0.006 
167     2318    (0)    8 :  0.958 0.037 0.006 
168     2319    (0)    8 :  0.878 0.024 0.098 
169     2320    (0)    8 :  0.973 0.015 0.012 
170     2321    (0)    8 :  0.962 0.028 0.011 
171     2322    (0)    8 :  0.964 0.019 0.016 
172     2323    (0)    8 :  0.968 0.015 0.017 
173     2324    (0)    8 :  0.972 0.018 0.010 
174     2325    (0)    8 :  0.946 0.044 0.010 
175     2326    (0)    8 :  0.874 0.114 0.012 
176     2327    (0)    8 :  0.966 0.023 0.012 
177     2328    (0)    8 :  0.964 0.028 0.009 
178     2329    (0)    8 :  0.914 0.081 0.005 


Estimated Allele Frequencies in each cluster
First column gives estimated ancestral frequencies


Locus 1 : 
4 alleles
0.0% missing data
  91   (0.385) 0.370 0.364 0.545 
  89   (0.463) 0.507 0.573 0.400 
  93   (0.122) 0.105 0.060 0.053 
  99   (0.031) 0.017 0.003 0.003 

Locus 2 : 
6 alleles
0.0% missing data
 134   (0.225) 0.320 0.150 0.111 
 136   (0.385) 0.388 0.553 0.529 
 140   (0.097) 0.063 0.046 0.068 
 138   (0.208) 0.176 0.245 0.249 
 142   (0.053) 0.030 0.003 0.039 
 132   (0.032) 0.022 0.003 0.004 

Locus 3 : 
6 alleles
0.0% missing data
 179   (0.298) 0.376 0.312 0.144 
 187   (0.288) 0.235 0.475 0.340 
 185   (0.090) 0.068 0.006 0.243 
 191   (0.048) 0.035 0.011 0.004 
 181   (0.206) 0.243 0.190 0.088 
 175   (0.071) 0.043 0.005 0.180 

Locus 4 : 
10 alleles
0.0% missing data
 241   (0.185) 0.171 0.078 0.439 
 247   (0.062) 0.061 0.005 0.025 
 253   (0.344) 0.491 0.664 0.125 
 273   (0.028) 0.011 0.002 0.005 
 269   (0.156) 0.203 0.149 0.042 
 271   (0.079) 0.032 0.024 0.202 
 249   (0.068) 0.018 0.066 0.058 
 245   (0.032) 0.005 0.003 0.094 
 265   (0.023) 0.005 0.004 0.002 
 239   (0.022) 0.002 0.006 0.008 

Locus 5 : 
4 alleles
0.0% missing data
 103   (0.834) 0.917 0.956 0.783 
 105   (0.087) 0.064 0.006 0.186 
 102   (0.029) 0.012 0.003 0.003 
 104   (0.050) 0.007 0.036 0.028 

Locus 6 : 
5 alleles
0.0% missing data
 135   (0.329) 0.241 0.189 0.696 
 145   (0.230) 0.426 0.148 0.021 
 141   (0.306) 0.290 0.604 0.084 
 147   (0.103) 0.039 0.056 0.114 
 137   (0.032) 0.004 0.002 0.084 

Locus 7 : 
10 alleles
0.6% missing data
  97   (0.170) 0.164 0.191 0.119 
 103   (0.211) 0.419 0.295 0.026 
  89   (0.104) 0.053 0.063 0.187 
  93   (0.242) 0.215 0.373 0.330 
  83   (0.041) 0.058 0.003 0.004 
  99   (0.039) 0.010 0.003 0.037 
  85   (0.048) 0.052 0.007 0.005 
  91   (0.071) 0.019 0.052 0.111 
 105   (0.030) 0.004 0.002 0.074 
 101   (0.044) 0.007 0.011 0.108 

Locus 8 : 
8 alleles
0.0% missing data
 129   (0.506) 0.601 0.743 0.400 
 143   (0.237) 0.289 0.064 0.299 
 141   (0.073) 0.059 0.075 0.006 
 149   (0.074) 0.013 0.102 0.256 
 133   (0.030) 0.017 0.003 0.003 
 145   (0.027) 0.012 0.002 0.002 
 127   (0.030) 0.006 0.002 0.031 
 131   (0.022) 0.002 0.010 0.002 

Locus 9 : 
4 alleles
0.0% missing data
 189   (0.365) 0.411 0.274 0.352 
 191   (0.365) 0.358 0.611 0.261 
 195   (0.237) 0.225 0.103 0.381 
 193   (0.034) 0.007 0.012 0.006 

Locus 10 : 
6 alleles
0.0% missing data
 250   (0.055) 0.021 0.004 0.157 
 254   (0.073) 0.053 0.015 0.027 
 252   (0.148) 0.120 0.180 0.071 
 238   (0.508) 0.612 0.443 0.676 
 232   (0.185) 0.178 0.353 0.068 
 248   (0.030) 0.016 0.006 0.002 

Locus 11 : 
4 alleles
0.0% missing data
  87   (0.659) 0.773 0.667 0.519 
  89   (0.224) 0.205 0.259 0.109 
  91   (0.082) 0.017 0.071 0.314 
  85   (0.035) 0.006 0.002 0.058 

Locus 12 : 
12 alleles
0.0% missing data
 160   (0.235) 0.228 0.233 0.497 
 158   (0.184) 0.222 0.403 0.056 
 162   (0.124) 0.244 0.164 0.013 
 170   (0.075) 0.049 0.014 0.121 
 161   (0.131) 0.121 0.053 0.206 
 154   (0.042) 0.017 0.005 0.016 
 143   (0.040) 0.013 0.002 0.065 
 149   (0.032) 0.020 0.004 0.006 
 147   (0.070) 0.069 0.115 0.006 
 159   (0.023) 0.007 0.002 0.002 
 134   (0.023) 0.006 0.003 0.002 
 165   (0.022) 0.003 0.001 0.011 

Locus 13 : 
4 alleles
0.0% missing data
 113   (0.332) 0.349 0.348 0.293 
 115   (0.450) 0.492 0.490 0.463 
 108   (0.195) 0.153 0.161 0.238 
 110   (0.024) 0.006 0.002 0.005 

Locus 14 : 
7 alleles
0.0% missing data
 172   (0.383) 0.446 0.274 0.577 
 176   (0.131) 0.124 0.085 0.064 
 182   (0.057) 0.096 0.009 0.005 
 174   (0.232) 0.225 0.549 0.103 
 170   (0.034) 0.022 0.003 0.003 
 180   (0.048) 0.006 0.021 0.134 
 178   (0.115) 0.080 0.058 0.115 

Locus 15 : 
8 alleles
0.0% missing data
 225   (0.126) 0.118 0.083 0.081 
 229   (0.367) 0.401 0.590 0.356 
 227   (0.124) 0.193 0.147 0.012 
 231   (0.229) 0.241 0.102 0.415 
 213   (0.022) 0.005 0.002 0.005 
 233   (0.085) 0.031 0.073 0.118 
 203   (0.024) 0.007 0.001 0.002 
 223   (0.023) 0.003 0.001 0.011 

Locus 16 : 
4 alleles
0.6% missing data
 143   (0.850) 0.932 0.982 0.816 
 145   (0.085) 0.054 0.010 0.106 
 147   (0.040) 0.009 0.003 0.075 
 157   (0.025) 0.005 0.004 0.003 

Locus 17 : 
5 alleles
0.0% missing data
 158   (0.445) 0.519 0.663 0.304 
 156   (0.263) 0.278 0.180 0.274 
 154   (0.112) 0.051 0.050 0.326 
 160   (0.157) 0.147 0.102 0.095 
 152   (0.023) 0.005 0.005 0.002 

Locus 18 : 
5 alleles
0.0% missing data
  90   (0.614) 0.729 0.763 0.454 
 100   (0.102) 0.091 0.010 0.168 
 102   (0.171) 0.130 0.210 0.101 
 104   (0.023) 0.006 0.003 0.002 
  88   (0.089) 0.043 0.014 0.275 

Locus 19 : 
7 alleles
0.0% missing data
 127   (0.280) 0.310 0.163 0.395 
 140   (0.270) 0.363 0.109 0.247 
 142   (0.117) 0.072 0.493 0.023 
 148   (0.113) 0.073 0.096 0.071 
 146   (0.088) 0.080 0.115 0.010 
 138   (0.060) 0.064 0.015 0.005 
 150   (0.073) 0.038 0.007 0.250 

Locus 20 : 
6 alleles
0.0% missing data
 190   (0.169) 0.154 0.314 0.039 
 194   (0.530) 0.592 0.520 0.576 
 202   (0.056) 0.025 0.005 0.062 
 188   (0.114) 0.130 0.151 0.012 
 200   (0.108) 0.093 0.009 0.305 
 198   (0.024) 0.006 0.001 0.005 

Locus 21 : 
6 alleles
0.0% missing data
 252   (0.533) 0.727 0.768 0.117 
 246   (0.146) 0.167 0.014 0.176 
 248   (0.030) 0.012 0.003 0.003 
 244   (0.067) 0.013 0.065 0.069 
 250   (0.110) 0.029 0.119 0.361 
 254   (0.115) 0.052 0.031 0.275 

Locus 22 : 
7 alleles
0.0% missing data
 167   (0.224) 0.275 0.260 0.103 
 173   (0.262) 0.270 0.314 0.267 
 163   (0.058) 0.030 0.004 0.115 
 177   (0.169) 0.149 0.358 0.080 
 175   (0.167) 0.172 0.056 0.233 
 165   (0.094) 0.100 0.007 0.163 
 159   (0.025) 0.003 0.001 0.039 

Locus 23 : 
11 alleles
0.0% missing data
 152   (0.321) 0.451 0.536 0.127 
 158   (0.105) 0.090 0.010 0.393 
 146   (0.161) 0.255 0.269 0.020 
 150   (0.087) 0.043 0.026 0.140 
 156   (0.037) 0.009 0.003 0.036 
 162   (0.047) 0.013 0.003 0.191 
 166   (0.076) 0.068 0.057 0.008 
 164   (0.055) 0.042 0.008 0.016 
 148   (0.041) 0.013 0.004 0.026 
 142   (0.044) 0.013 0.003 0.041 
 154   (0.026) 0.003 0.080 0.002 

Locus 24 : 
6 alleles
0.6% missing data
 144   (0.208) 0.190 0.130 0.294 
 156   (0.162) 0.127 0.072 0.307 
 154   (0.428) 0.598 0.567 0.212 
 160   (0.126) 0.073 0.170 0.094 
 152   (0.029) 0.003 0.049 0.002 
 158   (0.048) 0.009 0.011 0.091 

Locus 25 : 
4 alleles
0.6% missing data
  81   (0.337) 0.389 0.233 0.303 
  83   (0.488) 0.514 0.454 0.591 
  77   (0.086) 0.057 0.277 0.007 
  85   (0.089) 0.039 0.036 0.099 

Locus 26 : 
6 alleles
0.6% missing data
 124   (0.524) 0.603 0.293 0.621 
 132   (0.195) 0.224 0.632 0.018 
 122   (0.147) 0.127 0.022 0.316 
 126   (0.074) 0.030 0.048 0.027 
 120   (0.035) 0.007 0.003 0.016 
 136   (0.024) 0.007 0.002 0.002 

Locus 27 : 
6 alleles
0.0% missing data
 165   (0.233) 0.287 0.159 0.111 
 183   (0.349) 0.321 0.467 0.363 
 179   (0.127) 0.060 0.080 0.260 
 175   (0.176) 0.271 0.286 0.017 
 181   (0.080) 0.054 0.006 0.169 
 185   (0.035) 0.006 0.002 0.080 

Locus 28 : 
4 alleles
0.0% missing data
 142   (0.524) 0.588 0.640 0.412 
 150   (0.129) 0.156 0.010 0.188 
 148   (0.240) 0.215 0.146 0.315 
 138   (0.107) 0.041 0.204 0.085 

Locus 29 : 
5 alleles
0.0% missing data
 260   (0.374) 0.468 0.272 0.304 
 262   (0.475) 0.468 0.680 0.527 
 258   (0.031) 0.017 0.002 0.003 
 256   (0.096) 0.040 0.044 0.163 
 264   (0.024) 0.006 0.003 0.002 

Locus 30 : 
5 alleles
0.0% missing data
 140   (0.190) 0.156 0.067 0.440 
 150   (0.420) 0.509 0.700 0.204 
 148   (0.098) 0.072 0.081 0.025 
 146   (0.248) 0.241 0.145 0.315 
 152   (0.044) 0.021 0.007 0.016 

Locus 31 : 
6 alleles
0.0% missing data
 125   (0.248) 0.261 0.286 0.126 
 129   (0.437) 0.534 0.582 0.249 
 123   (0.130) 0.094 0.118 0.072 
 127   (0.100) 0.081 0.007 0.345 
 121   (0.028) 0.012 0.002 0.003 
 131   (0.057) 0.018 0.005 0.205 

Locus 32 : 
5 alleles
0.0% missing data
 155   (0.485) 0.511 0.656 0.600 
 159   (0.166) 0.182 0.093 0.098 
 157   (0.205) 0.259 0.158 0.086 
 153   (0.099) 0.039 0.083 0.162 
 151   (0.044) 0.009 0.010 0.054 

Locus 33 : 
4 alleles
0.0% missing data
  92   (0.257) 0.173 0.300 0.472 
  94   (0.127) 0.106 0.073 0.049 
  95   (0.185) 0.125 0.131 0.317 
  91   (0.431) 0.596 0.497 0.161 

Locus 34 : 
4 alleles
0.0% missing data
 146   (0.301) 0.318 0.105 0.523 
 148   (0.128) 0.072 0.093 0.132 
 150   (0.497) 0.546 0.797 0.296 
 154   (0.074) 0.064 0.005 0.049 

Locus 35 : 
7 alleles
0.0% missing data
 180   (0.388) 0.416 0.521 0.321 
 192   (0.132) 0.188 0.013 0.154 
 184   (0.218) 0.218 0.226 0.138 
 196   (0.129) 0.148 0.176 0.022 
 198   (0.059) 0.010 0.021 0.316 
 190   (0.047) 0.017 0.003 0.046 
 194   (0.027) 0.003 0.041 0.002 

Locus 36 : 
6 alleles
0.0% missing data
 106   (0.267) 0.310 0.195 0.142 
 112   (0.269) 0.307 0.497 0.074 
  94   (0.034) 0.022 0.002 0.004 
 110   (0.254) 0.238 0.282 0.179 
 108   (0.136) 0.090 0.021 0.594 
  90   (0.040) 0.032 0.003 0.007 

Locus 37 : 
8 alleles
0.0% missing data
 168   (0.089) 0.070 0.006 0.326 
 178   (0.050) 0.040 0.011 0.005 
 170   (0.285) 0.337 0.158 0.336 
 174   (0.120) 0.142 0.033 0.058 
 172   (0.254) 0.246 0.484 0.162 
 176   (0.103) 0.126 0.108 0.010 
 166   (0.069) 0.034 0.199 0.007 
 186   (0.030) 0.004 0.002 0.097 

Locus 38 : 
6 alleles
0.0% missing data
  85   (0.177) 0.193 0.191 0.049 
  95   (0.108) 0.092 0.086 0.026 
  89   (0.519) 0.543 0.705 0.508 
  83   (0.118) 0.101 0.011 0.376 
  81   (0.049) 0.068 0.004 0.005 
  91   (0.028) 0.003 0.002 0.037 

Locus 39 : 
7 alleles
0.0% missing data
 161   (0.362) 0.372 0.469 0.529 
 165   (0.207) 0.213 0.177 0.197 
 167   (0.049) 0.033 0.015 0.006 
 169   (0.078) 0.066 0.141 0.006 
 173   (0.254) 0.301 0.186 0.258 
 175   (0.027) 0.013 0.002 0.002 
 159   (0.023) 0.002 0.011 0.002 

Locus 40 : 
5 alleles
0.0% missing data
  85   (0.209) 0.260 0.127 0.086 
  87   (0.150) 0.068 0.141 0.402 
  91   (0.173) 0.183 0.034 0.255 
  81   (0.079) 0.095 0.028 0.007 
  89   (0.390) 0.394 0.670 0.249 

Locus 41 : 
3 alleles
0.0% missing data
 167   (0.742) 0.845 0.921 0.480 
 161   (0.190) 0.129 0.065 0.481 
 165   (0.068) 0.027 0.014 0.040 

Locus 42 : 
6 alleles
0.0% missing data
 224   (0.075) 0.036 0.054 0.018 
 228   (0.389) 0.378 0.568 0.393 
 238   (0.278) 0.403 0.259 0.098 
 240   (0.112) 0.098 0.010 0.400 
 236   (0.123) 0.077 0.108 0.088 
 242   (0.023) 0.007 0.002 0.002 

Locus 43 : 
7 alleles
0.6% missing data
 130   (0.486) 0.517 0.484 0.581 
 118   (0.066) 0.039 0.006 0.093 
 128   (0.082) 0.067 0.132 0.007 
 132   (0.096) 0.082 0.262 0.008 
 114   (0.104) 0.131 0.081 0.010 
 134   (0.141) 0.161 0.014 0.299 
 122   (0.026) 0.003 0.021 0.002 

Locus 44 : 
5 alleles
0.0% missing data
 104   (0.293) 0.422 0.170 0.105 
  98   (0.194) 0.117 0.214 0.256 
 102   (0.204) 0.290 0.434 0.018 
  92   (0.206) 0.135 0.114 0.439 
  96   (0.103) 0.036 0.068 0.181 

Locus 45 : 
5 alleles
0.0% missing data
  95   (0.263) 0.198 0.349 0.388 
 101   (0.344) 0.405 0.391 0.207 
 103   (0.250) 0.307 0.246 0.097 
  99   (0.103) 0.079 0.012 0.252 
  97   (0.040) 0.011 0.002 0.057 

Locus 46 : 
7 alleles
0.0% missing data
 181   (0.465) 0.596 0.718 0.260 
 191   (0.309) 0.316 0.176 0.579 
 179   (0.051) 0.021 0.003 0.098 
 177   (0.082) 0.033 0.094 0.036 
 189   (0.029) 0.011 0.004 0.003 
 183   (0.029) 0.012 0.002 0.002 
 193   (0.036) 0.010 0.002 0.022 

Locus 47 : 
6 alleles
0.0% missing data
 211   (0.224) 0.214 0.173 0.376 
 215   (0.102) 0.088 0.075 0.032 
 205   (0.384) 0.485 0.493 0.368 
 207   (0.174) 0.173 0.181 0.132 
 201   (0.081) 0.032 0.076 0.064 
 202   (0.036) 0.008 0.002 0.027 

Locus 48 : 
10 alleles
0.0% missing data
 142   (0.223) 0.336 0.197 0.126 
 162   (0.074) 0.098 0.005 0.050 
 164   (0.061) 0.043 0.004 0.104 
 168   (0.173) 0.131 0.255 0.317 
 158   (0.161) 0.190 0.086 0.180 
 170   (0.048) 0.009 0.015 0.107 
 166   (0.129) 0.138 0.284 0.028 
 156   (0.050) 0.019 0.008 0.070 
 144   (0.060) 0.034 0.144 0.005 
 160   (0.022) 0.002 0.002 0.012 

Locus 49 : 
6 alleles
0.0% missing data
 149   (0.290) 0.262 0.113 0.741 
 151   (0.241) 0.276 0.231 0.089 
 145   (0.257) 0.291 0.239 0.120 
 153   (0.145) 0.153 0.411 0.014 
 147   (0.024) 0.005 0.003 0.005 
 143   (0.042) 0.013 0.003 0.030 

Values of parameters used in structure:
DATAFILE=temp1.str,	OUTFILE=k3/temp1_k3_run6,	NUMINDS=178,	NUMLOCI=49,	MISSING=-9,	LABEL=1,	POPDATA=1,	POPFLAG=0,	PHENOTYPE=0,	EXTRACOLS=0,	MAXPOPS=3,	BURNIN=1000,	NUMREPS=20000,	USEPOPINFO=0,	INFERALPHA=1,	INFERLAMBDA=0,	POPSPECIFICLAMBDA=0,	POPALPHAS=0,	COMPUTEPROB=1,	NOADMIX=0,	ADMBURNIN=500,	UPDATEFREQ=100,	PRINTLIKES=0,	INTERMEDSAVE=0,	PRINTKLD=0,	PRINTNET=1,	PRINTLAMBDA=1,	ANCESTDIST=0,	NUMBOXES=1000,	ANCESTPINT=0.90000,	GENSBACK=2,	MIGRPRIOR=0.01000,	PRINTQHAT=0,	PRINTQSUM=1,	ALPHA=1.0000,	FREQSCORR=1,	FPRIORMEAN=0.0100,	FPRIORSD=0.0500,	ONEFST=0,	LAMBDA=1.0000,	UNIFPRIORALPHA=1,	ALPHAMAX=10.0000,	ALPHAPRIORA=1.0000,	ALPHAPRIORB=2.0000,	ALPHAPROPSD=0.0250,	STARTATPOPINFO=0,	RANDOMIZE=0,	LINKAGE=0,	METROFREQ=10,	REPORTHITRATE=0,	MARKOVPHASE=0,	PHASED=1,	PLOIDY=2,	PHASEINFO=0	LOCPRIOR=0, 	LOCPRIORINIT=1.000000, 	LOCDATA=0, 	LOCISPOP=1, 	LOCPRIORSTEP=0.100000, 	MAXLOCPRIOR=20.000000, 	SEED=197746,	
[STRAT parameters]:    NUMSIMSTATS=1000,	PHENOTYPECOL=-9,	POOLFREQ=10,	LOCUSxONLY=0,	EMERROR=0.00100,	MISSINGPHENO=-9,	