

----------------------------------------------------
STRUCTURE by Pritchard, Stephens and Donnelly (2000)
     and Falush, Stephens and Pritchard (2003)
       Code by Pritchard, Falush and Hubisz
             Version 2.3.4 (Jul 2012)
----------------------------------------------------



Command line arguments:   structure -D 452890 -K 2 -m mainparams -o k2/temp2_k2_run5 
Input File:    temp2.str

Run parameters:
   118 individuals
   48 loci
   2 populations assumed
   500000 Burn-in period
   750000 Reps
RANDOMIZE turned off


--------------------------------------------
Proportion of membership of each pre-defined
 population in each of the 2 clusters

Given    Inferred Clusters       Number of
 Pop       1      2             Individuals

  1:     0.995  0.005              33
  2:     0.042  0.958              19
  3:     0.004  0.996              10
  4:     0.990  0.010              51
  5:     0.906  0.094               5
--------------------------------------------

Allele-freq. divergence among pops (Net nucleotide distance),
computed using point estimates of P.

      1       2      
 1      -    0.0466  
 2   0.0466     -    

Average distances (expected heterozygosity) between individuals in same cluster:
cluster  1  : 0.6106 
cluster  2  : 0.6214 

--------------------------------------------
Estimated Ln Prob of Data   = -13378.7
Mean value of ln likelihood = -13258.7
Variance of ln likelihood   = 240.0
Mean value of alpha         = 0.0374

Mean value of Fst_1         = 0.0856
Mean value of Fst_2         = 0.0959


Inferred ancestry of individuals:
        Label (%Miss) Pop:  Inferred clusters
  1      382    (0)    1 :  0.996 0.004 
  2      383    (0)    1 :  0.996 0.004 
  3      647    (0)    1 :  0.997 0.003 
  4      648    (0)    1 :  0.998 0.002 
  5      649    (0)    1 :  0.997 0.003 
  6      650    (0)    1 :  0.997 0.003 
  7      651    (0)    1 :  0.997 0.003 
  8      652    (0)    1 :  0.998 0.002 
  9      653    (0)    1 :  0.997 0.003 
 10      654    (0)    1 :  0.995 0.005 
 11      658    (0)    1 :  0.996 0.004 
 12      659    (0)    1 :  0.997 0.003 
 13      660    (0)    1 :  0.995 0.005 
 14      661    (0)    1 :  0.994 0.006 
 15      662    (0)    1 :  0.967 0.033 
 16      663    (0)    1 :  0.997 0.003 
 17      664    (0)    1 :  0.997 0.003 
 18      665    (0)    1 :  0.997 0.003 
 19      671    (0)    1 :  0.998 0.002 
 20      672    (0)    1 :  0.997 0.003 
 21      673    (0)    1 :  0.995 0.005 
 22      674    (0)    1 :  0.994 0.006 
 23      675    (0)    1 :  0.991 0.009 
 24      676    (0)    1 :  0.997 0.003 
 25      677    (0)    1 :  0.998 0.002 
 26      678    (0)    1 :  0.994 0.006 
 27      679    (0)    1 :  0.990 0.010 
 28      680    (0)    1 :  0.996 0.004 
 29      681    (0)    1 :  0.994 0.006 
 30      682    (0)    1 :  0.997 0.003 
 31      683    (0)    1 :  0.995 0.005 
 32      755    (0)    1 :  0.989 0.011 
 33     2286    (0)    1 :  0.995 0.005 
 34      195    (0)    2 :  0.049 0.951 
 35      364    (0)    2 :  0.007 0.993 
 36      756    (0)    2 :  0.005 0.995 
 37      757    (0)    2 :  0.221 0.779 
 38      758    (0)    2 :  0.015 0.985 
 39      759    (0)    2 :  0.050 0.950 
 40      760    (0)    2 :  0.025 0.975 
 41      766    (0)    2 :  0.007 0.993 
 42      767    (0)    2 :  0.010 0.990 
 43      768    (0)    2 :  0.014 0.986 
 44      769    (0)    2 :  0.009 0.991 
 45      770    (0)    2 :  0.068 0.932 
 46      771    (0)    2 :  0.005 0.995 
 47      772    (0)    2 :  0.273 0.727 
 48      773    (0)    2 :  0.004 0.996 
 49      774    (0)    2 :  0.008 0.992 
 50      775    (0)    2 :  0.004 0.996 
 51      776    (0)    2 :  0.005 0.995 
 52      777    (0)    2 :  0.012 0.988 
 53      857    (0)    3 :  0.002 0.998 
 54      858    (0)    3 :  0.004 0.996 
 55      859    (0)    3 :  0.002 0.998 
 56      860    (0)    3 :  0.002 0.998 
 57      861    (0)    3 :  0.002 0.998 
 58      862    (0)    3 :  0.005 0.995 
 59      863    (0)    3 :  0.002 0.998 
 60      864    (0)    3 :  0.003 0.997 
 61      865    (0)    3 :  0.012 0.988 
 62      866    (0)    3 :  0.002 0.998 
 63      690    (0)    4 :  0.992 0.008 
 64      691    (0)    4 :  0.991 0.009 
 65      692    (0)    4 :  0.976 0.024 
 66      693    (0)    4 :  0.997 0.003 
 67      694    (0)    4 :  0.998 0.002 
 68      695    (0)    4 :  0.986 0.014 
 69      696    (0)    4 :  0.975 0.025 
 70      697    (0)    4 :  0.997 0.003 
 71      698    (0)    4 :  0.997 0.003 
 72      699    (0)    4 :  0.987 0.013 
 73      700    (0)    4 :  0.992 0.008 
 74      701    (0)    4 :  0.971 0.029 
 75      703    (0)    4 :  0.975 0.025 
 76      704    (0)    4 :  0.992 0.008 
 77      705    (0)    4 :  0.985 0.015 
 78      706    (0)    4 :  0.996 0.004 
 79      707    (0)    4 :  0.998 0.002 
 80      708    (0)    4 :  0.991 0.009 
 81      709    (0)    4 :  0.992 0.008 
 82      710    (0)    4 :  0.971 0.029 
 83      711    (0)    4 :  0.995 0.005 
 84     2287    (0)    4 :  0.996 0.004 
 85     2288    (0)    4 :  0.992 0.008 
 86     2289    (0)    4 :  0.980 0.020 
 87     2290    (0)    4 :  0.992 0.008 
 88     2291    (0)    4 :  0.998 0.002 
 89     2292    (0)    4 :  0.997 0.003 
 90     2293    (0)    4 :  0.993 0.007 
 91     2294    (0)    4 :  0.942 0.058 
 92     2295    (0)    4 :  0.995 0.005 
 93     2296    (0)    4 :  0.994 0.006 
 94     2297    (0)    4 :  0.997 0.003 
 95     2298    (0)    4 :  0.993 0.007 
 96     2299    (0)    4 :  0.981 0.019 
 97     2300    (0)    4 :  0.994 0.006 
 98     2301    (0)    4 :  0.998 0.002 
 99     2330    (0)    4 :  0.998 0.002 
100     2331    (0)    4 :  0.991 0.009 
101     2332    (0)    4 :  0.998 0.002 
102     2333    (0)    4 :  0.974 0.026 
103     2334    (0)    4 :  0.996 0.004 
104     2335    (0)    4 :  0.986 0.014 
105     2336    (0)    4 :  0.997 0.003 
106     2337    (0)    4 :  0.996 0.004 
107     2338    (0)    4 :  0.992 0.008 
108     2339    (0)    4 :  0.997 0.003 
109     2340    (0)    4 :  0.997 0.003 
110     2341    (0)    4 :  0.993 0.007 
111     2342    (2)    4 :  0.992 0.008 
112     2343    (0)    4 :  0.995 0.005 
113     2344    (0)    4 :  0.998 0.002 
114     1074    (0)    5 :  0.964 0.036 
115     1075    (0)    5 :  0.787 0.213 
116     1076    (0)    5 :  0.818 0.182 
117     1077    (0)    5 :  0.993 0.007 
118     1078    (0)    5 :  0.966 0.034 


Estimated Allele Frequencies in each cluster
First column gives estimated ancestral frequencies


Locus 1 : 1 
4 alleles
0.0% missing data
  89   (0.441) 0.525 0.413 
  91   (0.374) 0.366 0.407 
  93   (0.132) 0.106 0.070 
  99   (0.054) 0.003 0.111 

Locus 2 : 2 
6 alleles
0.0% missing data
 136   (0.362) 0.457 0.373 
 138   (0.270) 0.221 0.381 
 134   (0.219) 0.210 0.219 
 140   (0.059) 0.062 0.009 
 142   (0.054) 0.046 0.008 
 132   (0.035) 0.005 0.010 

Locus 3 : 3 
6 alleles
0.0% missing data
 187   (0.409) 0.323 0.580 
 179   (0.126) 0.401 0.018 
 191   (0.144) 0.066 0.153 
 181   (0.167) 0.164 0.097 
 185   (0.088) 0.014 0.133 
 175   (0.066) 0.032 0.019 

Locus 4 : 4 
9 alleles
0.0% missing data
 241   (0.123) 0.098 0.090 
 253   (0.387) 0.594 0.398 
 249   (0.103) 0.102 0.044 
 269   (0.182) 0.177 0.181 
 267   (0.034) 0.007 0.005 
 235   (0.034) 0.007 0.005 
 247   (0.064) 0.005 0.238 
 239   (0.038) 0.002 0.034 
 271   (0.034) 0.007 0.005 

Locus 5 : 5 
5 alleles
0.0% missing data
 103   (0.787) 0.866 0.911 
 107   (0.037) 0.007 0.005 
 104   (0.057) 0.040 0.008 
 102   (0.048) 0.003 0.065 
 105   (0.070) 0.084 0.010 

Locus 6 : 6 
6 alleles
0.0% missing data
 135   (0.320) 0.207 0.567 
 141   (0.234) 0.423 0.106 
 145   (0.262) 0.317 0.200 
 143   (0.036) 0.007 0.005 
 147   (0.111) 0.043 0.104 
 137   (0.036) 0.003 0.018 

Locus 7 : 7 
8 alleles
0.0% missing data
  97   (0.182) 0.129 0.256 
 103   (0.292) 0.514 0.223 
  93   (0.208) 0.203 0.236 
  85   (0.062) 0.083 0.009 
  89   (0.045) 0.024 0.006 
  83   (0.069) 0.019 0.040 
  91   (0.101) 0.026 0.179 
 105   (0.041) 0.002 0.050 

Locus 8 : 8 
8 alleles
0.0% missing data
 141   (0.123) 0.146 0.060 
 149   (0.091) 0.064 0.042 
 129   (0.399) 0.526 0.500 
 143   (0.237) 0.250 0.274 
 121   (0.034) 0.007 0.005 
 127   (0.038) 0.002 0.035 
 131   (0.043) 0.002 0.065 
 128   (0.034) 0.002 0.019 

Locus 9 : 9 
3 alleles
0.0% missing data
 195   (0.209) 0.299 0.089 
 189   (0.337) 0.229 0.465 
 191   (0.455) 0.472 0.446 

Locus 10 : 10 
7 alleles
0.0% missing data
 232   (0.268) 0.306 0.261 
 252   (0.146) 0.119 0.112 
 238   (0.322) 0.502 0.250 
 240   (0.035) 0.007 0.005 
 254   (0.153) 0.051 0.345 
 248   (0.035) 0.002 0.019 
 250   (0.040) 0.013 0.006 

Locus 11 : 11 
4 alleles
0.0% missing data
  87   (0.602) 0.719 0.659 
  89   (0.242) 0.208 0.246 
  91   (0.119) 0.070 0.076 
  83   (0.037) 0.002 0.020 

Locus 12 : 12 
7 alleles
0.0% missing data
 147   (0.073) 0.095 0.010 
 158   (0.182) 0.354 0.052 
 161   (0.081) 0.128 0.011 
 164   (0.043) 0.013 0.006 
 162   (0.310) 0.322 0.260 
 160   (0.229) 0.074 0.573 
 143   (0.081) 0.014 0.088 

Locus 13 : 13 
3 alleles
0.0% missing data
 113   (0.391) 0.361 0.455 
 115   (0.395) 0.469 0.348 
 108   (0.214) 0.169 0.198 

Locus 14 : 14 
7 alleles
0.0% missing data
 227   (0.173) 0.216 0.131 
 233   (0.095) 0.059 0.057 
 229   (0.264) 0.356 0.271 
 225   (0.120) 0.068 0.128 
 231   (0.279) 0.289 0.399 
 255   (0.034) 0.007 0.005 
 221   (0.034) 0.006 0.009 

Locus 15 : 15 
4 alleles
0.0% missing data
 143   (0.777) 0.930 0.790 
 145   (0.133) 0.065 0.109 
 133   (0.048) 0.003 0.066 
 147   (0.042) 0.002 0.035 

Locus 16 : 16 
4 alleles
0.0% missing data
 156   (0.350) 0.362 0.395 
 158   (0.415) 0.469 0.458 
 160   (0.125) 0.120 0.057 
 154   (0.109) 0.048 0.090 

Locus 17 : 17 
3 alleles
0.0% missing data
  90   (0.657) 0.759 0.594 
 102   (0.281) 0.237 0.250 
 100   (0.062) 0.004 0.156 

Locus 18 : 18 
8 alleles
0.0% missing data
 140   (0.240) 0.266 0.218 
 146   (0.139) 0.135 0.079 
 127   (0.210) 0.331 0.116 
 142   (0.088) 0.141 0.019 
 138   (0.066) 0.083 0.010 
 150   (0.099) 0.015 0.253 
 148   (0.102) 0.026 0.150 
 128   (0.055) 0.003 0.155 

Locus 19 : 19 
5 alleles
0.0% missing data
 190   (0.173) 0.240 0.078 
 194   (0.554) 0.657 0.625 
 188   (0.121) 0.063 0.096 
 202   (0.054) 0.003 0.125 
 200   (0.098) 0.036 0.076 

Locus 20 : 20 
6 alleles
0.0% missing data
 252   (0.434) 0.632 0.406 
 250   (0.170) 0.077 0.294 
 254   (0.126) 0.117 0.067 
 246   (0.199) 0.164 0.208 
 248   (0.035) 0.002 0.020 
 244   (0.035) 0.007 0.006 

Locus 21 : 21 
9 alleles
0.0% missing data
 173   (0.187) 0.234 0.157 
 177   (0.198) 0.153 0.297 
 167   (0.218) 0.320 0.180 
 175   (0.151) 0.168 0.109 
 169   (0.034) 0.007 0.005 
 163   (0.077) 0.009 0.219 
 161   (0.034) 0.002 0.019 
 171   (0.039) 0.013 0.006 
 165   (0.063) 0.094 0.009 

Locus 22 : 22 
10 alleles
0.0% missing data
 152   (0.316) 0.505 0.341 
 158   (0.094) 0.085 0.043 
 146   (0.191) 0.242 0.181 
 154   (0.041) 0.018 0.006 
 166   (0.105) 0.089 0.063 
 156   (0.048) 0.003 0.125 
 162   (0.070) 0.018 0.059 
 150   (0.040) 0.002 0.050 
 148   (0.048) 0.003 0.125 
 164   (0.048) 0.034 0.008 

Locus 23 : 23 
5 alleles
0.0% missing data
 144   (0.304) 0.168 0.554 
 152   (0.049) 0.024 0.007 
 154   (0.387) 0.570 0.270 
 160   (0.187) 0.143 0.158 
 156   (0.073) 0.094 0.011 

Locus 24 : 24 
4 alleles
0.0% missing data
  83   (0.598) 0.573 0.796 
  81   (0.253) 0.312 0.168 
  77   (0.093) 0.074 0.028 
  85   (0.056) 0.040 0.008 

Locus 25 : 25 
6 alleles
0.0% missing data
 124   (0.407) 0.550 0.363 
 132   (0.362) 0.342 0.454 
 122   (0.091) 0.074 0.028 
 126   (0.048) 0.024 0.007 
 120   (0.055) 0.003 0.140 
 136   (0.036) 0.006 0.009 

Locus 26 : 26 
5 alleles
0.0% missing data
 175   (0.212) 0.232 0.171 
 165   (0.241) 0.298 0.187 
 183   (0.400) 0.425 0.502 
 179   (0.106) 0.032 0.134 
 181   (0.041) 0.013 0.006 

Locus 27 : 27 
4 alleles
0.0% missing data
 142   (0.564) 0.654 0.637 
 148   (0.246) 0.230 0.232 
 138   (0.059) 0.051 0.008 
 150   (0.132) 0.065 0.123 

Locus 28 : 28 
4 alleles
0.0% missing data
 260   (0.289) 0.342 0.227 
 262   (0.562) 0.609 0.658 
 256   (0.113) 0.043 0.105 
 264   (0.037) 0.006 0.009 

Locus 29 : 29 
4 alleles
0.0% missing data
 148   (0.140) 0.088 0.106 
 150   (0.354) 0.562 0.227 
 140   (0.257) 0.162 0.380 
 146   (0.248) 0.188 0.288 

Locus 30 : 30 
5 alleles
0.0% missing data
 123   (0.129) 0.110 0.073 
 125   (0.261) 0.365 0.185 
 129   (0.416) 0.444 0.513 
 127   (0.158) 0.076 0.220 
 131   (0.036) 0.006 0.009 

Locus 31 : 31 
5 alleles
0.0% missing data
 155   (0.525) 0.512 0.607 
 153   (0.093) 0.063 0.030 
 157   (0.232) 0.278 0.137 
 159   (0.085) 0.143 0.012 
 151   (0.065) 0.004 0.214 

Locus 32 : 32 
5 alleles
0.0% missing data
  91   (0.444) 0.615 0.330 
  94   (0.085) 0.143 0.012 
  92   (0.260) 0.182 0.309 
  95   (0.174) 0.058 0.329 
  90   (0.037) 0.002 0.020 

Locus 33 : 33 
4 alleles
0.0% missing data
 150   (0.544) 0.626 0.577 
 146   (0.300) 0.227 0.386 
 148   (0.071) 0.094 0.010 
 154   (0.085) 0.053 0.027 

Locus 34 : 34 
6 alleles
0.0% missing data
 180   (0.506) 0.536 0.726 
 184   (0.177) 0.213 0.109 
 196   (0.068) 0.094 0.010 
 198   (0.062) 0.009 0.054 
 192   (0.144) 0.130 0.095 
 190   (0.044) 0.018 0.006 

Locus 35 : 35 
6 alleles
0.0% missing data
 112   (0.190) 0.333 0.077 
 110   (0.237) 0.359 0.137 
 106   (0.333) 0.246 0.533 
 108   (0.106) 0.038 0.102 
  96   (0.044) 0.003 0.050 
  90   (0.090) 0.021 0.101 

Locus 36 : 36 
6 alleles
0.0% missing data
 166   (0.080) 0.127 0.011 
 176   (0.096) 0.203 0.014 
 170   (0.417) 0.348 0.557 
 172   (0.287) 0.283 0.258 
 168   (0.064) 0.005 0.151 
 174   (0.056) 0.035 0.009 

Locus 37 : 37 
6 alleles
0.0% missing data
  83   (0.091) 0.067 0.032 
  89   (0.541) 0.684 0.575 
  95   (0.061) 0.056 0.009 
  85   (0.186) 0.106 0.249 
  91   (0.054) 0.003 0.125 
  81   (0.067) 0.083 0.010 

Locus 38 : 38 
5 alleles
0.0% missing data
 161   (0.313) 0.375 0.291 
 169   (0.091) 0.060 0.036 
 165   (0.157) 0.221 0.066 
 173   (0.351) 0.329 0.459 
 168   (0.088) 0.015 0.148 

Locus 39 : 39 
7 alleles
0.0% missing data
  89   (0.151) 0.281 0.060 
  87   (0.234) 0.177 0.390 
  91   (0.206) 0.217 0.212 
  95   (0.039) 0.013 0.006 
  93   (0.054) 0.051 0.008 
  81   (0.132) 0.110 0.104 
  85   (0.184) 0.153 0.221 

Locus 40 : 40 
3 alleles
0.0% missing data
 167   (0.811) 0.916 0.853 
 161   (0.152) 0.077 0.142 
 155   (0.038) 0.007 0.005 

Locus 41 : 41 
7 alleles
0.8% missing data
 228   (0.344) 0.432 0.302 
 238   (0.199) 0.352 0.081 
 236   (0.200) 0.079 0.432 
 246   (0.036) 0.007 0.005 
 224   (0.070) 0.095 0.010 
 240   (0.105) 0.032 0.119 
 242   (0.044) 0.003 0.050 

Locus 42 : 42 
9 alleles
0.0% missing data
 114   (0.158) 0.124 0.189 
 132   (0.180) 0.174 0.203 
 128   (0.081) 0.129 0.019 
 130   (0.281) 0.448 0.268 
 122   (0.044) 0.024 0.006 
 118   (0.072) 0.008 0.191 
 134   (0.119) 0.078 0.113 
 120   (0.033) 0.007 0.005 
 119   (0.034) 0.007 0.005 

Locus 43 : 43 
8 alleles
0.0% missing data
  92   (0.104) 0.074 0.076 
 102   (0.320) 0.429 0.438 
 104   (0.222) 0.311 0.221 
  98   (0.140) 0.103 0.170 
  96   (0.089) 0.053 0.057 
 100   (0.055) 0.014 0.023 
  94   (0.037) 0.013 0.005 
 106   (0.033) 0.005 0.010 

Locus 44 : 44 
6 alleles
0.0% missing data
 101   (0.218) 0.345 0.122 
 103   (0.270) 0.253 0.321 
  95   (0.303) 0.354 0.301 
  99   (0.102) 0.032 0.120 
 105   (0.036) 0.007 0.005 
  97   (0.071) 0.008 0.132 

Locus 45 : 45 
6 alleles
0.0% missing data
 181   (0.612) 0.595 0.783 
 191   (0.195) 0.330 0.072 
 177   (0.064) 0.062 0.009 
 189   (0.037) 0.002 0.020 
 179   (0.054) 0.003 0.110 
 187   (0.037) 0.007 0.005 

Locus 46 : 46 
5 alleles
0.0% missing data
 207   (0.187) 0.105 0.294 
 211   (0.225) 0.308 0.157 
 215   (0.126) 0.102 0.078 
 201   (0.146) 0.082 0.170 
 205   (0.315) 0.403 0.301 

Locus 47 : 47 
8 alleles
0.0% missing data
 144   (0.067) 0.075 0.017 
 166   (0.173) 0.172 0.222 
 142   (0.201) 0.289 0.200 
 168   (0.135) 0.135 0.123 
 158   (0.187) 0.216 0.222 
 156   (0.055) 0.008 0.054 
 162   (0.118) 0.075 0.137 
 164   (0.064) 0.030 0.025 

Locus 48 : 48 
5 alleles
0.0% missing data
 145   (0.377) 0.293 0.550 
 147   (0.042) 0.013 0.006 
 153   (0.184) 0.320 0.067 
 149   (0.223) 0.139 0.299 
 151   (0.174) 0.235 0.077 

Values of parameters used in structure:
DATAFILE=temp2.str,	OUTFILE=k2/temp2_k2_run5,	NUMINDS=118,	NUMLOCI=48,	MISSING=-9,	LABEL=1,	POPDATA=1,	POPFLAG=0,	PHENOTYPE=0,	EXTRACOLS=0,	MAXPOPS=2,	BURNIN=500000,	NUMREPS=750000,	USEPOPINFO=0,	INFERALPHA=1,	INFERLAMBDA=0,	POPSPECIFICLAMBDA=0,	POPALPHAS=0,	COMPUTEPROB=1,	NOADMIX=0,	ADMBURNIN=500,	UPDATEFREQ=100,	PRINTLIKES=0,	INTERMEDSAVE=0,	PRINTKLD=0,	PRINTNET=1,	PRINTLAMBDA=1,	ANCESTDIST=0,	NUMBOXES=1000,	ANCESTPINT=0.90000,	GENSBACK=2,	MIGRPRIOR=0.01000,	PRINTQHAT=0,	PRINTQSUM=1,	ALPHA=1.0000,	FREQSCORR=1,	FPRIORMEAN=0.0100,	FPRIORSD=0.0500,	ONEFST=0,	LAMBDA=1.0000,	UNIFPRIORALPHA=1,	ALPHAMAX=10.0000,	ALPHAPRIORA=1.0000,	ALPHAPRIORB=2.0000,	ALPHAPROPSD=0.0250,	STARTATPOPINFO=0,	RANDOMIZE=0,	LINKAGE=0,	METROFREQ=10,	REPORTHITRATE=0,	MARKOVPHASE=0,	PHASED=1,	PLOIDY=2,	PHASEINFO=0	LOCPRIOR=0, 	LOCPRIORINIT=1.000000, 	LOCDATA=0, 	LOCISPOP=1, 	LOCPRIORSTEP=0.100000, 	MAXLOCPRIOR=20.000000, 	SEED=452890,	
[STRAT parameters]:    NUMSIMSTATS=1000,	PHENOTYPECOL=-9,	POOLFREQ=10,	LOCUSxONLY=0,	EMERROR=0.00100,	MISSINGPHENO=-9,	