

----------------------------------------------------
STRUCTURE by Pritchard, Stephens and Donnelly (2000)
     and Falush, Stephens and Pritchard (2003)
       Code by Pritchard, Falush and Hubisz
             Version 2.3.4 (Jul 2012)
----------------------------------------------------



Command line arguments:   structure -D 618013 -K 4 -m mainparams -o k4/temp2_k4_run1 
Input File:    temp2.str

Run parameters:
   118 individuals
   48 loci
   4 populations assumed
   500000 Burn-in period
   750000 Reps
RANDOMIZE turned off


--------------------------------------------
Proportion of membership of each pre-defined
 population in each of the 4 clusters

Given    Inferred Clusters              Number of
 Pop       1      2      3      4      Individuals

  1:     0.007  0.003  0.053  0.937       33
  2:     0.973  0.003  0.007  0.018       19
  3:     0.012  0.980  0.004  0.005       10
  4:     0.011  0.004  0.976  0.010       51
  5:     0.239  0.007  0.321  0.432        5
--------------------------------------------

Allele-freq. divergence among pops (Net nucleotide distance),
computed using point estimates of P.

      1       2       3       4      
 1      -    0.1254  0.0642  0.0723  
 2   0.1254     -    0.1138  0.1339  
 3   0.0642  0.1138     -    0.0477  
 4   0.0723  0.1339  0.0477     -    

Average distances (expected heterozygosity) between individuals in same cluster:
cluster  1  : 0.5666 
cluster  2  : 0.5511 
cluster  3  : 0.6052 
cluster  4  : 0.5626 

--------------------------------------------
Estimated Ln Prob of Data   = -12436.4
Mean value of ln likelihood = -12219.5
Variance of ln likelihood   = 433.8
Mean value of alpha         = 0.0330

Mean value of Fst_1         = 0.1743
Mean value of Fst_2         = 0.2776
Mean value of Fst_3         = 0.0996
Mean value of Fst_4         = 0.1361


Inferred ancestry of individuals:
        Label (%Miss) Pop:  Inferred clusters
  1      382    (0)    1 :  0.006 0.003 0.132 0.859 
  2      383    (0)    1 :  0.003 0.007 0.483 0.507 
  3      647    (0)    1 :  0.004 0.002 0.021 0.973 
  4      648    (0)    1 :  0.002 0.002 0.010 0.986 
  5      649    (0)    1 :  0.002 0.002 0.003 0.994 
  6      650    (0)    1 :  0.003 0.002 0.009 0.986 
  7      651    (0)    1 :  0.002 0.001 0.003 0.993 
  8      652    (0)    1 :  0.002 0.001 0.011 0.986 
  9      653    (0)    1 :  0.003 0.001 0.004 0.992 
 10      654    (0)    1 :  0.002 0.003 0.003 0.992 
 11      658    (0)    1 :  0.003 0.001 0.003 0.993 
 12      659    (0)    1 :  0.002 0.001 0.008 0.989 
 13      660    (0)    1 :  0.004 0.001 0.002 0.992 
 14      661    (0)    1 :  0.005 0.001 0.003 0.991 
 15      662    (0)    1 :  0.031 0.018 0.009 0.942 
 16      663    (0)    1 :  0.001 0.003 0.004 0.992 
 17      664    (0)    1 :  0.006 0.001 0.016 0.977 
 18      665    (0)    1 :  0.003 0.002 0.031 0.965 
 19      671    (0)    1 :  0.003 0.001 0.028 0.968 
 20      672    (0)    1 :  0.002 0.002 0.004 0.992 
 21      673    (0)    1 :  0.002 0.002 0.003 0.993 
 22      674    (0)    1 :  0.019 0.004 0.072 0.905 
 23      675    (0)    1 :  0.032 0.008 0.023 0.937 
 24      676    (0)    1 :  0.004 0.002 0.011 0.984 
 25      677    (0)    1 :  0.002 0.002 0.006 0.991 
 26      678    (0)    1 :  0.004 0.002 0.003 0.990 
 27      679    (0)    1 :  0.002 0.005 0.002 0.991 
 28      680    (0)    1 :  0.002 0.002 0.003 0.993 
 29      681    (0)    1 :  0.002 0.004 0.003 0.990 
 30      682    (0)    1 :  0.002 0.002 0.005 0.991 
 31      683    (0)    1 :  0.008 0.003 0.015 0.974 
 32      755    (0)    1 :  0.061 0.002 0.798 0.140 
 33     2286    (0)    1 :  0.013 0.002 0.012 0.972 
 34      195    (0)    2 :  0.981 0.001 0.004 0.014 
 35      364    (0)    2 :  0.993 0.001 0.002 0.003 
 36      756    (0)    2 :  0.988 0.003 0.004 0.004 
 37      757    (0)    2 :  0.845 0.003 0.025 0.128 
 38      758    (0)    2 :  0.988 0.002 0.006 0.004 
 39      759    (0)    2 :  0.965 0.003 0.011 0.021 
 40      760    (0)    2 :  0.985 0.002 0.007 0.006 
 41      766    (0)    2 :  0.991 0.002 0.004 0.003 
 42      767    (0)    2 :  0.984 0.005 0.007 0.004 
 43      768    (0)    2 :  0.983 0.004 0.006 0.008 
 44      769    (0)    2 :  0.982 0.010 0.005 0.004 
 45      770    (0)    2 :  0.979 0.003 0.012 0.006 
 46      771    (0)    2 :  0.995 0.002 0.002 0.002 
 47      772    (0)    2 :  0.853 0.003 0.028 0.115 
 48      773    (0)    2 :  0.996 0.001 0.002 0.001 
 49      774    (0)    2 :  0.995 0.001 0.002 0.002 
 50      775    (0)    2 :  0.994 0.001 0.002 0.002 
 51      776    (0)    2 :  0.995 0.001 0.002 0.002 
 52      777    (0)    2 :  0.990 0.002 0.004 0.004 
 53      857    (0)    3 :  0.010 0.984 0.004 0.003 
 54      858    (0)    3 :  0.002 0.995 0.001 0.001 
 55      859    (0)    3 :  0.003 0.994 0.002 0.001 
 56      860    (0)    3 :  0.031 0.963 0.004 0.002 
 57      861    (0)    3 :  0.002 0.995 0.002 0.001 
 58      862    (0)    3 :  0.017 0.959 0.005 0.020 
 59      863    (0)    3 :  0.002 0.994 0.002 0.002 
 60      864    (0)    3 :  0.001 0.995 0.002 0.002 
 61      865    (0)    3 :  0.002 0.987 0.005 0.005 
 62      866    (0)    3 :  0.049 0.932 0.011 0.009 
 63      690    (0)    4 :  0.014 0.001 0.964 0.020 
 64      691    (0)    4 :  0.004 0.005 0.988 0.002 
 65      692    (0)    4 :  0.011 0.010 0.968 0.011 
 66      693    (0)    4 :  0.002 0.002 0.992 0.004 
 67      694    (0)    4 :  0.002 0.001 0.980 0.017 
 68      695    (0)    4 :  0.010 0.002 0.985 0.003 
 69      696    (0)    4 :  0.118 0.002 0.837 0.042 
 70      697    (0)    4 :  0.004 0.001 0.988 0.007 
 71      698    (0)    4 :  0.002 0.003 0.991 0.004 
 72      699    (0)    4 :  0.010 0.006 0.974 0.010 
 73      700    (0)    4 :  0.125 0.001 0.799 0.075 
 74      701    (0)    4 :  0.005 0.006 0.986 0.003 
 75      703    (0)    4 :  0.005 0.006 0.986 0.002 
 76      704    (0)    4 :  0.018 0.004 0.965 0.014 
 77      705    (0)    4 :  0.016 0.002 0.976 0.006 
 78      706    (0)    4 :  0.004 0.003 0.987 0.007 
 79      707    (0)    4 :  0.004 0.002 0.977 0.017 
 80      708    (0)    4 :  0.011 0.005 0.964 0.021 
 81      709    (0)    4 :  0.009 0.002 0.984 0.005 
 82      710    (0)    4 :  0.003 0.018 0.977 0.002 
 83      711    (0)    4 :  0.003 0.003 0.985 0.009 
 84     2287    (0)    4 :  0.005 0.002 0.988 0.006 
 85     2288    (0)    4 :  0.007 0.013 0.973 0.007 
 86     2289    (0)    4 :  0.005 0.005 0.987 0.002 
 87     2290    (0)    4 :  0.010 0.002 0.981 0.007 
 88     2291    (0)    4 :  0.002 0.002 0.989 0.007 
 89     2292    (0)    4 :  0.003 0.001 0.989 0.007 
 90     2293    (0)    4 :  0.004 0.003 0.989 0.004 
 91     2294    (0)    4 :  0.017 0.005 0.974 0.003 
 92     2295    (0)    4 :  0.023 0.002 0.929 0.045 
 93     2296    (0)    4 :  0.004 0.002 0.992 0.002 
 94     2297    (0)    4 :  0.002 0.002 0.989 0.007 
 95     2298    (0)    4 :  0.003 0.003 0.991 0.003 
 96     2299    (0)    4 :  0.012 0.002 0.983 0.003 
 97     2300    (0)    4 :  0.003 0.005 0.989 0.003 
 98     2301    (0)    4 :  0.002 0.001 0.989 0.008 
 99     2330    (0)    4 :  0.003 0.001 0.983 0.012 
100     2331    (0)    4 :  0.005 0.013 0.976 0.006 
101     2332    (0)    4 :  0.001 0.001 0.990 0.007 
102     2333    (0)    4 :  0.005 0.008 0.984 0.003 
103     2334    (0)    4 :  0.004 0.002 0.991 0.004 
104     2335    (0)    4 :  0.008 0.004 0.985 0.004 
105     2336    (0)    4 :  0.003 0.001 0.991 0.004 
106     2337    (0)    4 :  0.002 0.003 0.991 0.004 
107     2338    (0)    4 :  0.007 0.002 0.987 0.004 
108     2339    (0)    4 :  0.002 0.003 0.991 0.005 
109     2340    (0)    4 :  0.003 0.002 0.984 0.011 
110     2341    (0)    4 :  0.004 0.004 0.976 0.015 
111     2342    (2)    4 :  0.004 0.003 0.987 0.006 
112     2343    (0)    4 :  0.002 0.005 0.989 0.004 
113     2344    (0)    4 :  0.002 0.003 0.989 0.006 
114     1074    (0)    5 :  0.280 0.002 0.303 0.415 
115     1075    (0)    5 :  0.225 0.016 0.293 0.465 
116     1076    (0)    5 :  0.417 0.003 0.339 0.242 
117     1077    (0)    5 :  0.142 0.001 0.319 0.538 
118     1078    (0)    5 :  0.133 0.015 0.351 0.501 


Estimated Allele Frequencies in each cluster
First column gives estimated ancestral frequencies


Locus 1 : 1 
4 alleles
0.0% missing data
  89   (0.442) 0.580 0.089 0.415 0.690 
  91   (0.367) 0.336 0.543 0.515 0.137 
  93   (0.154) 0.081 0.055 0.068 0.170 
  99   (0.037) 0.004 0.313 0.003 0.003 

Locus 2 : 2 
6 alleles
0.0% missing data
 136   (0.400) 0.537 0.078 0.491 0.403 
 138   (0.269) 0.119 0.882 0.135 0.359 
 134   (0.202) 0.324 0.024 0.292 0.075 
 140   (0.048) 0.006 0.006 0.005 0.149 
 142   (0.048) 0.005 0.006 0.073 0.004 
 132   (0.033) 0.009 0.005 0.005 0.009 

Locus 3 : 3 
6 alleles
0.0% missing data
 187   (0.405) 0.484 0.800 0.179 0.532 
 179   (0.196) 0.023 0.023 0.498 0.262 
 191   (0.088) 0.209 0.010 0.007 0.152 
 181   (0.177) 0.062 0.151 0.250 0.040 
 185   (0.068) 0.187 0.008 0.021 0.006 
 175   (0.067) 0.036 0.008 0.044 0.008 

Locus 4 : 4 
9 alleles
0.0% missing data
 241   (0.130) 0.106 0.058 0.140 0.032 
 253   (0.437) 0.415 0.402 0.609 0.567 
 249   (0.067) 0.007 0.095 0.005 0.252 
 269   (0.198) 0.109 0.337 0.223 0.105 
 267   (0.030) 0.003 0.004 0.002 0.016 
 235   (0.031) 0.003 0.004 0.002 0.016 
 247   (0.043) 0.349 0.005 0.004 0.006 
 239   (0.032) 0.003 0.091 0.003 0.003 
 271   (0.031) 0.003 0.004 0.011 0.003 

Locus 5 : 5 
5 alleles
0.0% missing data
 103   (0.801) 0.889 0.977 0.832 0.913 
 107   (0.033) 0.003 0.004 0.003 0.016 
 104   (0.069) 0.007 0.008 0.031 0.060 
 102   (0.038) 0.092 0.004 0.003 0.003 
 105   (0.059) 0.009 0.007 0.132 0.007 

Locus 6 : 6 
6 alleles
0.0% missing data
 135   (0.295) 0.448 0.788 0.235 0.159 
 141   (0.257) 0.146 0.031 0.366 0.513 
 145   (0.291) 0.232 0.163 0.336 0.288 
 143   (0.032) 0.003 0.004 0.003 0.016 
 147   (0.093) 0.148 0.012 0.057 0.020 
 137   (0.032) 0.022 0.004 0.003 0.004 

Locus 7 : 7 
8 alleles
0.0% missing data
  97   (0.185) 0.300 0.191 0.089 0.185 
 103   (0.286) 0.335 0.034 0.606 0.353 
  93   (0.222) 0.178 0.340 0.154 0.287 
  85   (0.076) 0.008 0.009 0.049 0.142 
  89   (0.052) 0.006 0.006 0.030 0.018 
  83   (0.056) 0.050 0.007 0.030 0.005 
  91   (0.091) 0.119 0.279 0.040 0.008 
 105   (0.032) 0.003 0.135 0.003 0.003 

Locus 8 : 8 
8 alleles
0.0% missing data
 141   (0.137) 0.079 0.017 0.105 0.217 
 149   (0.065) 0.049 0.008 0.005 0.156 
 129   (0.436) 0.592 0.360 0.509 0.546 
 143   (0.223) 0.243 0.340 0.370 0.055 
 121   (0.031) 0.003 0.004 0.002 0.016 
 127   (0.045) 0.027 0.046 0.004 0.004 
 131   (0.033) 0.003 0.179 0.003 0.003 
 128   (0.030) 0.003 0.047 0.002 0.003 

Locus 9 : 9 
3 alleles
0.0% missing data
 195   (0.229) 0.047 0.159 0.374 0.192 
 189   (0.317) 0.487 0.437 0.208 0.250 
 191   (0.454) 0.466 0.404 0.418 0.557 

Locus 10 : 10 
7 alleles
0.0% missing data
 232   (0.275) 0.303 0.194 0.194 0.481 
 252   (0.125) 0.158 0.015 0.164 0.042 
 238   (0.358) 0.224 0.309 0.560 0.417 
 240   (0.031) 0.003 0.004 0.002 0.016 
 254   (0.142) 0.281 0.469 0.061 0.034 
 248   (0.031) 0.025 0.004 0.002 0.003 
 250   (0.039) 0.007 0.005 0.016 0.008 

Locus 11 : 11 
4 alleles
0.0% missing data
  87   (0.631) 0.597 0.782 0.750 0.676 
  89   (0.260) 0.275 0.205 0.241 0.157 
  91   (0.077) 0.103 0.009 0.006 0.164 
  83   (0.033) 0.025 0.004 0.003 0.003 

Locus 12 : 12 
7 alleles
0.0% missing data
 147   (0.091) 0.009 0.011 0.106 0.084 
 158   (0.214) 0.064 0.025 0.292 0.459 
 161   (0.099) 0.010 0.012 0.164 0.076 
 164   (0.035) 0.004 0.004 0.003 0.030 
 162   (0.319) 0.286 0.214 0.369 0.249 
 160   (0.185) 0.620 0.504 0.044 0.096 
 143   (0.058) 0.006 0.229 0.021 0.005 

Locus 13 : 13 
3 alleles
0.0% missing data
 113   (0.391) 0.450 0.439 0.369 0.358 
 115   (0.400) 0.481 0.135 0.449 0.484 
 108   (0.209) 0.070 0.426 0.182 0.158 

Locus 14 : 14 
7 alleles
0.0% missing data
 227   (0.167) 0.021 0.336 0.148 0.322 
 233   (0.081) 0.009 0.142 0.014 0.128 
 229   (0.288) 0.387 0.075 0.332 0.384 
 225   (0.132) 0.176 0.053 0.072 0.059 
 231   (0.270) 0.391 0.387 0.425 0.086 
 255   (0.031) 0.003 0.004 0.003 0.016 
 221   (0.031) 0.013 0.004 0.005 0.006 

Locus 15 : 15 
4 alleles
0.0% missing data
 143   (0.812) 0.848 0.708 0.918 0.944 
 145   (0.115) 0.012 0.284 0.076 0.050 
 133   (0.038) 0.092 0.004 0.003 0.003 
 147   (0.036) 0.048 0.004 0.003 0.003 

Locus 16 : 16 
4 alleles
0.0% missing data
 156   (0.344) 0.360 0.442 0.365 0.364 
 158   (0.407) 0.482 0.444 0.468 0.455 
 160   (0.130) 0.078 0.015 0.115 0.130 
 154   (0.120) 0.080 0.099 0.052 0.050 

Locus 17 : 17 
3 alleles
0.0% missing data
  90   (0.706) 0.627 0.524 0.797 0.714 
 102   (0.255) 0.368 0.031 0.200 0.283 
 100   (0.039) 0.004 0.446 0.003 0.003 

Locus 18 : 18 
8 alleles
0.0% missing data
 140   (0.221) 0.079 0.474 0.403 0.046 
 146   (0.161) 0.115 0.019 0.091 0.207 
 127   (0.265) 0.178 0.031 0.352 0.299 
 142   (0.064) 0.017 0.008 0.005 0.347 
 138   (0.098) 0.017 0.012 0.085 0.084 
 150   (0.073) 0.375 0.009 0.021 0.007 
 148   (0.079) 0.215 0.009 0.039 0.007 
 128   (0.038) 0.004 0.439 0.003 0.003 

Locus 19 : 19 
5 alleles
0.0% missing data
 190   (0.189) 0.102 0.022 0.221 0.277 
 194   (0.571) 0.604 0.685 0.658 0.652 
 188   (0.113) 0.149 0.014 0.060 0.060 
 202   (0.058) 0.137 0.093 0.005 0.005 
 200   (0.068) 0.007 0.186 0.057 0.006 

Locus 20 : 20 
6 alleles
0.0% missing data
 252   (0.476) 0.563 0.144 0.587 0.696 
 250   (0.156) 0.059 0.733 0.061 0.107 
 254   (0.138) 0.090 0.016 0.090 0.164 
 246   (0.165) 0.280 0.055 0.248 0.027 
 248   (0.032) 0.003 0.047 0.003 0.003 
 244   (0.032) 0.003 0.005 0.011 0.003 

Locus 21 : 21 
9 alleles
0.0% missing data
 173   (0.209) 0.137 0.200 0.170 0.339 
 177   (0.199) 0.165 0.555 0.156 0.150 
 167   (0.237) 0.246 0.070 0.254 0.419 
 175   (0.160) 0.090 0.152 0.237 0.061 
 169   (0.029) 0.003 0.003 0.002 0.016 
 163   (0.051) 0.321 0.006 0.011 0.004 
 161   (0.029) 0.025 0.003 0.002 0.003 
 171   (0.033) 0.005 0.004 0.019 0.003 
 165   (0.052) 0.008 0.006 0.148 0.006 

Locus 22 : 22 
10 alleles
0.0% missing data
 152   (0.341) 0.388 0.260 0.481 0.542 
 158   (0.102) 0.068 0.012 0.062 0.118 
 146   (0.215) 0.201 0.154 0.251 0.230 
 154   (0.032) 0.003 0.004 0.003 0.043 
 166   (0.101) 0.014 0.149 0.119 0.045 
 156   (0.035) 0.179 0.004 0.003 0.003 
 162   (0.055) 0.086 0.007 0.023 0.006 
 150   (0.045) 0.049 0.048 0.004 0.004 
 148   (0.032) 0.003 0.357 0.002 0.003 
 164   (0.043) 0.007 0.005 0.052 0.006 

Locus 23 : 23 
5 alleles
0.0% missing data
 144   (0.288) 0.465 0.694 0.150 0.200 
 152   (0.039) 0.004 0.004 0.003 0.057 
 154   (0.444) 0.272 0.274 0.652 0.460 
 160   (0.152) 0.249 0.018 0.052 0.262 
 156   (0.077) 0.010 0.009 0.144 0.021 

Locus 24 : 24 
4 alleles
0.0% missing data
  83   (0.594) 0.917 0.598 0.587 0.540 
  81   (0.252) 0.044 0.384 0.271 0.381 
  77   (0.108) 0.034 0.013 0.078 0.075 
  85   (0.046) 0.005 0.005 0.064 0.004 

Locus 25 : 25 
6 alleles
0.0% missing data
 124   (0.441) 0.361 0.361 0.592 0.494 
 132   (0.353) 0.581 0.216 0.303 0.393 
 122   (0.101) 0.036 0.012 0.093 0.048 
 126   (0.038) 0.004 0.004 0.003 0.057 
 120   (0.036) 0.004 0.402 0.003 0.003 
 136   (0.031) 0.013 0.004 0.005 0.006 

Locus 26 : 26 
5 alleles
0.0% missing data
 175   (0.204) 0.253 0.024 0.313 0.097 
 165   (0.271) 0.077 0.392 0.371 0.200 
 183   (0.422) 0.659 0.219 0.292 0.627 
 179   (0.067) 0.007 0.360 0.005 0.073 
 181   (0.037) 0.004 0.004 0.020 0.003 

Locus 27 : 27 
4 alleles
0.0% missing data
 142   (0.598) 0.718 0.504 0.559 0.803 
 148   (0.228) 0.097 0.475 0.329 0.075 
 138   (0.068) 0.007 0.008 0.022 0.102 
 150   (0.106) 0.177 0.013 0.090 0.020 

Locus 28 : 28 
4 alleles
0.0% missing data
 260   (0.322) 0.271 0.169 0.328 0.364 
 262   (0.567) 0.569 0.818 0.603 0.623 
 256   (0.078) 0.147 0.009 0.064 0.007 
 264   (0.032) 0.014 0.004 0.005 0.006 

Locus 29 : 29 
4 alleles
0.0% missing data
 148   (0.137) 0.149 0.016 0.091 0.086 
 150   (0.425) 0.266 0.181 0.456 0.734 
 140   (0.232) 0.155 0.778 0.221 0.077 
 146   (0.206) 0.430 0.024 0.232 0.104 

Locus 30 : 30 
5 alleles
0.0% missing data
 123   (0.138) 0.102 0.017 0.129 0.083 
 125   (0.300) 0.264 0.069 0.329 0.417 
 129   (0.444) 0.611 0.316 0.420 0.487 
 127   (0.087) 0.009 0.595 0.118 0.008 
 131   (0.032) 0.013 0.004 0.005 0.006 

Locus 31 : 31 
5 alleles
0.0% missing data
 155   (0.513) 0.600 0.643 0.472 0.563 
 153   (0.073) 0.017 0.045 0.008 0.144 
 157   (0.252) 0.075 0.252 0.316 0.227 
 159   (0.101) 0.011 0.012 0.199 0.060 
 151   (0.061) 0.296 0.049 0.005 0.005 

Locus 32 : 32 
5 alleles
0.0% missing data
  91   (0.457) 0.116 0.728 0.598 0.655 
  94   (0.114) 0.013 0.014 0.169 0.111 
  92   (0.257) 0.400 0.115 0.208 0.144 
  95   (0.139) 0.468 0.096 0.022 0.088 
  90   (0.033) 0.003 0.047 0.003 0.003 

Locus 33 : 33 
4 alleles
0.0% missing data
 150   (0.567) 0.578 0.595 0.498 0.823 
 146   (0.255) 0.403 0.341 0.331 0.055 
 148   (0.093) 0.010 0.011 0.094 0.102 
 154   (0.085) 0.009 0.053 0.077 0.019 

Locus 34 : 34 
6 alleles
0.0% missing data
 180   (0.515) 0.697 0.765 0.418 0.726 
 184   (0.204) 0.057 0.202 0.247 0.173 
 196   (0.088) 0.009 0.010 0.110 0.076 
 198   (0.048) 0.075 0.006 0.009 0.006 
 192   (0.107) 0.158 0.013 0.187 0.015 
 190   (0.038) 0.004 0.004 0.029 0.003 

Locus 35 : 35 
6 alleles
0.0% missing data
 112   (0.226) 0.104 0.027 0.250 0.477 
 110   (0.286) 0.073 0.254 0.332 0.424 
 106   (0.287) 0.671 0.294 0.330 0.078 
 108   (0.102) 0.078 0.148 0.055 0.012 
  96   (0.036) 0.067 0.004 0.003 0.003 
  90   (0.063) 0.007 0.273 0.030 0.006 

Locus 36 : 36 
6 alleles
0.0% missing data
 166   (0.101) 0.011 0.012 0.049 0.257 
 176   (0.129) 0.014 0.015 0.290 0.077 
 170   (0.409) 0.561 0.534 0.497 0.117 
 172   (0.252) 0.396 0.029 0.105 0.533 
 168   (0.055) 0.010 0.403 0.006 0.010 
 174   (0.054) 0.008 0.007 0.054 0.007 

Locus 37 : 37 
6 alleles
0.0% missing data
  83   (0.094) 0.050 0.012 0.086 0.034 
  89   (0.551) 0.723 0.286 0.600 0.815 
  95   (0.076) 0.011 0.009 0.061 0.054 
  85   (0.191) 0.206 0.333 0.117 0.090 
  91   (0.036) 0.004 0.353 0.003 0.003 
  81   (0.051) 0.005 0.006 0.133 0.005 

Locus 38 : 38 
5 alleles
0.0% missing data
 161   (0.334) 0.411 0.076 0.305 0.480 
 169   (0.074) 0.018 0.051 0.006 0.149 
 165   (0.207) 0.067 0.069 0.211 0.250 
 173   (0.326) 0.497 0.393 0.473 0.091 
 168   (0.059) 0.006 0.411 0.005 0.030 

Locus 39 : 39 
7 alleles
0.0% missing data
  89   (0.183) 0.092 0.022 0.219 0.375 
  87   (0.221) 0.197 0.746 0.093 0.312 
  91   (0.208) 0.295 0.056 0.268 0.133 
  95   (0.033) 0.004 0.004 0.003 0.029 
  93   (0.068) 0.007 0.008 0.040 0.073 
  81   (0.127) 0.148 0.015 0.146 0.052 
  85   (0.160) 0.256 0.148 0.231 0.025 

Locus 40 : 40 
3 alleles
0.0% missing data
 167   (0.812) 0.887 0.801 0.953 0.850 
 161   (0.155) 0.109 0.195 0.044 0.134 
 155   (0.033) 0.004 0.004 0.003 0.016 

Locus 41 : 41 
7 alleles
0.8% missing data
 228   (0.355) 0.215 0.488 0.313 0.602 
 238   (0.225) 0.041 0.161 0.411 0.259 
 236   (0.182) 0.578 0.148 0.082 0.080 
 246   (0.032) 0.004 0.004 0.003 0.016 
 224   (0.080) 0.009 0.010 0.138 0.032 
 240   (0.092) 0.149 0.054 0.050 0.008 
 242   (0.034) 0.004 0.135 0.003 0.003 

Locus 42 : 42 
9 alleles
0.0% missing data
 114   (0.139) 0.015 0.511 0.132 0.114 
 132   (0.174) 0.298 0.021 0.214 0.110 
 128   (0.104) 0.029 0.012 0.064 0.231 
 130   (0.329) 0.382 0.081 0.436 0.466 
 122   (0.037) 0.005 0.004 0.003 0.056 
 118   (0.065) 0.248 0.081 0.009 0.006 
 134   (0.090) 0.016 0.282 0.120 0.012 
 120   (0.031) 0.003 0.004 0.011 0.003 
 119   (0.031) 0.004 0.004 0.011 0.003 

Locus 43 : 43 
8 alleles
0.0% missing data
  92   (0.098) 0.011 0.193 0.068 0.087 
 102   (0.330) 0.511 0.302 0.415 0.445 
 104   (0.225) 0.324 0.058 0.323 0.276 
  98   (0.152) 0.105 0.288 0.100 0.115 
  96   (0.087) 0.009 0.145 0.050 0.062 
 100   (0.047) 0.026 0.006 0.021 0.004 
  94   (0.032) 0.005 0.004 0.019 0.003 
 106   (0.029) 0.008 0.004 0.005 0.009 

Locus 44 : 44 
6 alleles
0.0% missing data
 101   (0.241) 0.181 0.028 0.400 0.260 
 103   (0.289) 0.351 0.253 0.309 0.175 
  95   (0.301) 0.430 0.070 0.231 0.534 
  99   (0.072) 0.008 0.320 0.046 0.009 
 105   (0.032) 0.003 0.004 0.003 0.016 
  97   (0.065) 0.026 0.325 0.012 0.006 

Locus 45 : 45 
6 alleles
0.0% missing data
 181   (0.596) 0.911 0.560 0.524 0.688 
 191   (0.230) 0.049 0.112 0.434 0.179 
 177   (0.071) 0.008 0.008 0.025 0.124 
 189   (0.033) 0.025 0.004 0.003 0.003 
 179   (0.037) 0.004 0.312 0.003 0.003 
 187   (0.033) 0.003 0.004 0.011 0.003 

Locus 46 : 46 
5 alleles
0.0% missing data
 207   (0.168) 0.410 0.056 0.088 0.127 
 211   (0.258) 0.154 0.164 0.294 0.337 
 215   (0.126) 0.107 0.015 0.106 0.099 
 201   (0.113) 0.013 0.460 0.053 0.126 
 205   (0.335) 0.317 0.305 0.459 0.310 

Locus 47 : 47 
8 alleles
0.0% missing data
 144   (0.047) 0.014 0.006 0.004 0.186 
 166   (0.199) 0.266 0.157 0.131 0.236 
 142   (0.195) 0.306 0.023 0.371 0.146 
 168   (0.162) 0.133 0.102 0.098 0.201 
 158   (0.221) 0.261 0.160 0.220 0.215 
 156   (0.046) 0.005 0.140 0.011 0.004 
 162   (0.075) 0.008 0.362 0.117 0.007 
 164   (0.055) 0.007 0.049 0.047 0.005 

Locus 48 : 48 
5 alleles
0.0% missing data
 145   (0.361) 0.621 0.393 0.291 0.296 
 147   (0.037) 0.004 0.004 0.006 0.024 
 153   (0.206) 0.089 0.024 0.210 0.497 
 149   (0.219) 0.254 0.426 0.158 0.097 
 151   (0.177) 0.033 0.152 0.335 0.085 

Values of parameters used in structure:
DATAFILE=temp2.str,	OUTFILE=k4/temp2_k4_run1,	NUMINDS=118,	NUMLOCI=48,	MISSING=-9,	LABEL=1,	POPDATA=1,	POPFLAG=0,	PHENOTYPE=0,	EXTRACOLS=0,	MAXPOPS=4,	BURNIN=500000,	NUMREPS=750000,	USEPOPINFO=0,	INFERALPHA=1,	INFERLAMBDA=0,	POPSPECIFICLAMBDA=0,	POPALPHAS=0,	COMPUTEPROB=1,	NOADMIX=0,	ADMBURNIN=500,	UPDATEFREQ=100,	PRINTLIKES=0,	INTERMEDSAVE=0,	PRINTKLD=0,	PRINTNET=1,	PRINTLAMBDA=1,	ANCESTDIST=0,	NUMBOXES=1000,	ANCESTPINT=0.90000,	GENSBACK=2,	MIGRPRIOR=0.01000,	PRINTQHAT=0,	PRINTQSUM=1,	ALPHA=1.0000,	FREQSCORR=1,	FPRIORMEAN=0.0100,	FPRIORSD=0.0500,	ONEFST=0,	LAMBDA=1.0000,	UNIFPRIORALPHA=1,	ALPHAMAX=10.0000,	ALPHAPRIORA=1.0000,	ALPHAPRIORB=2.0000,	ALPHAPROPSD=0.0250,	STARTATPOPINFO=0,	RANDOMIZE=0,	LINKAGE=0,	METROFREQ=10,	REPORTHITRATE=0,	MARKOVPHASE=0,	PHASED=1,	PLOIDY=2,	PHASEINFO=0	LOCPRIOR=0, 	LOCPRIORINIT=1.000000, 	LOCDATA=0, 	LOCISPOP=1, 	LOCPRIORSTEP=0.100000, 	MAXLOCPRIOR=20.000000, 	SEED=618013,	
[STRAT parameters]:    NUMSIMSTATS=1000,	PHENOTYPECOL=-9,	POOLFREQ=10,	LOCUSxONLY=0,	EMERROR=0.00100,	MISSINGPHENO=-9,	