

----------------------------------------------------
STRUCTURE by Pritchard, Stephens and Donnelly (2000)
     and Falush, Stephens and Pritchard (2003)
       Code by Pritchard, Falush and Hubisz
             Version 2.3.4 (Jul 2012)
----------------------------------------------------



Command line arguments:   structure -D 898483 -K 8 -m mainparams -o k8/temp3_k8_run6 
Input File:    temp3.str

Run parameters:
   361 individuals
   48 loci
   8 populations assumed
   500000 Burn-in period
   750000 Reps
RANDOMIZE turned off


--------------------------------------------
Proportion of membership of each pre-defined
 population in each of the 8 clusters

Given    Inferred Clusters                                          Number of
 Pop       1      2      3      4      5      6      7      8      Individuals

  1:     0.016  0.920  0.011  0.006  0.009  0.017  0.013  0.009       20
  2:     0.007  0.274  0.009  0.004  0.004  0.007  0.689  0.007       31
  3:     0.007  0.927  0.006  0.004  0.004  0.008  0.035  0.009       20
  4:     0.104  0.515  0.060  0.014  0.014  0.109  0.169  0.015        8
  5:     0.005  0.005  0.005  0.003  0.969  0.005  0.004  0.004       29
  6:     0.005  0.003  0.002  0.976  0.003  0.005  0.002  0.004        8
  7:     0.414  0.012  0.032  0.007  0.021  0.399  0.017  0.099       21
  8:     0.424  0.022  0.018  0.013  0.027  0.411  0.012  0.074       34
  9:     0.076  0.024  0.100  0.005  0.009  0.079  0.019  0.688       32
 10:     0.037  0.016  0.134  0.004  0.014  0.038  0.022  0.735       25
 11:     0.299  0.012  0.145  0.007  0.011  0.304  0.011  0.210       30
 12:     0.022  0.763  0.017  0.004  0.006  0.022  0.154  0.013       19
 13:     0.013  0.819  0.015  0.007  0.004  0.015  0.104  0.024       17
 14:     0.457  0.023  0.011  0.003  0.006  0.478  0.011  0.010        4
 15:     0.011  0.875  0.008  0.004  0.008  0.011  0.073  0.010       63
--------------------------------------------

Allele-freq. divergence among pops (Net nucleotide distance),
computed using point estimates of P.

      1       2       3       4       5       6       7       8      
 1      -    0.0262  0.0223  0.0926  0.0517  0.0000  0.0306  0.0144  
 2   0.0262     -    0.0490  0.1323  0.0755  0.0261  0.0260  0.0383  
 3   0.0223  0.0490     -    0.1262  0.0783  0.0222  0.0512  0.0295  
 4   0.0926  0.1323  0.1262     -    0.1284  0.0927  0.1268  0.1176  
 5   0.0517  0.0755  0.0783  0.1284     -    0.0517  0.0850  0.0694  
 6   0.0000  0.0261  0.0222  0.0927  0.0517     -    0.0308  0.0143  
 7   0.0306  0.0260  0.0512  0.1268  0.0850  0.0308     -    0.0472  
 8   0.0144  0.0383  0.0295  0.1176  0.0694  0.0143  0.0472     -    

Average distances (expected heterozygosity) between individuals in same cluster:
cluster  1  : 0.6459 
cluster  2  : 0.5489 
cluster  3  : 0.5830 
cluster  4  : 0.5417 
cluster  5  : 0.5502 
cluster  6  : 0.6455 
cluster  7  : 0.5552 
cluster  8  : 0.5829 

--------------------------------------------
Estimated Ln Prob of Data   = -39020.5
Mean value of ln likelihood = -37832.4
Variance of ln likelihood   = 2376.2
Mean value of alpha         = 0.0330

Mean value of Fst_1         = 0.0091
Mean value of Fst_2         = 0.1171
Mean value of Fst_3         = 0.1216
Mean value of Fst_4         = 0.2895
Mean value of Fst_5         = 0.2036
Mean value of Fst_6         = 0.0097
Mean value of Fst_7         = 0.1454
Mean value of Fst_8         = 0.0663


Inferred ancestry of individuals:
        Label (%Miss) Pop:  Inferred clusters
  1       34    (0)    1 :  0.008 0.941 0.024 0.002 0.002 0.008 0.010 0.005 
  2       38    (0)    1 :  0.031 0.836 0.012 0.006 0.050 0.034 0.013 0.018 
  3       41    (0)    1 :  0.003 0.980 0.002 0.001 0.002 0.003 0.004 0.003 
  4       44    (0)    1 :  0.006 0.970 0.005 0.001 0.003 0.006 0.006 0.004 
  5       45    (0)    1 :  0.003 0.974 0.002 0.002 0.002 0.003 0.010 0.005 
  6       47    (0)    1 :  0.155 0.571 0.048 0.011 0.028 0.155 0.011 0.022 
  7       50    (0)    1 :  0.035 0.828 0.013 0.010 0.004 0.038 0.068 0.004 
  8      384    (0)    1 :  0.006 0.930 0.018 0.003 0.003 0.006 0.019 0.014 
  9      385    (2)    1 :  0.014 0.924 0.005 0.009 0.010 0.015 0.014 0.008 
 10      386    (0)    1 :  0.003 0.980 0.003 0.001 0.003 0.002 0.007 0.002 
 11      387    (0)    1 :  0.006 0.960 0.004 0.002 0.007 0.007 0.009 0.006 
 12      388    (0)    1 :  0.003 0.976 0.003 0.001 0.006 0.003 0.004 0.004 
 13      389    (0)    1 :  0.003 0.977 0.003 0.002 0.004 0.003 0.003 0.006 
 14      390    (4)    1 :  0.017 0.877 0.005 0.032 0.018 0.016 0.015 0.020 
 15      391    (0)    1 :  0.006 0.941 0.007 0.003 0.007 0.006 0.007 0.023 
 16      392    (0)    1 :  0.004 0.963 0.007 0.002 0.002 0.004 0.010 0.008 
 17      393    (2)    1 :  0.003 0.965 0.004 0.002 0.011 0.003 0.005 0.005 
 18      394    (0)    1 :  0.002 0.982 0.003 0.002 0.002 0.002 0.004 0.003 
 19      395    (0)    1 :  0.015 0.918 0.013 0.013 0.009 0.015 0.007 0.009 
 20      396    (0)    1 :  0.004 0.896 0.037 0.011 0.014 0.005 0.027 0.005 
 21      328    (0)   10 :  0.222 0.081 0.008 0.012 0.015 0.187 0.367 0.109 
 22      333    (0)   10 :  0.007 0.004 0.007 0.001 0.005 0.007 0.003 0.966 
 23      918    (0)   10 :  0.010 0.007 0.004 0.007 0.069 0.011 0.003 0.888 
 24      919    (0)   10 :  0.007 0.008 0.004 0.002 0.004 0.007 0.005 0.963 
 25      920    (0)   10 :  0.008 0.005 0.006 0.003 0.002 0.007 0.009 0.960 
 26      921    (0)   10 :  0.005 0.005 0.971 0.002 0.002 0.005 0.006 0.004 
 27      922    (0)   10 :  0.008 0.020 0.007 0.001 0.003 0.008 0.015 0.937 
 28      926    (0)   10 :  0.004 0.003 0.011 0.002 0.002 0.004 0.004 0.970 
 29      927    (0)   10 :  0.005 0.007 0.024 0.001 0.004 0.005 0.003 0.951 
 30      928    (0)   10 :  0.033 0.056 0.023 0.002 0.004 0.030 0.009 0.843 
 31      929    (0)   10 :  0.037 0.035 0.023 0.007 0.002 0.052 0.021 0.822 
 32      930    (0)   10 :  0.066 0.015 0.058 0.008 0.004 0.069 0.025 0.754 
 33      932    (0)   10 :  0.006 0.005 0.951 0.002 0.005 0.006 0.012 0.014 
 34      933    (0)   10 :  0.017 0.009 0.009 0.006 0.160 0.017 0.004 0.778 
 35      949    (0)   10 :  0.003 0.003 0.982 0.001 0.002 0.003 0.004 0.003 
 36      950    (0)   10 :  0.083 0.006 0.168 0.003 0.019 0.094 0.004 0.622 
 37      964    (4)   10 :  0.018 0.010 0.024 0.012 0.002 0.020 0.006 0.909 
 38      986    (0)   10 :  0.018 0.015 0.020 0.002 0.005 0.020 0.007 0.914 
 39      987    (0)   10 :  0.063 0.033 0.006 0.002 0.008 0.075 0.024 0.788 
 40     1001    (4)   10 :  0.005 0.010 0.005 0.003 0.002 0.005 0.004 0.967 
 41     1002    (4)   10 :  0.005 0.008 0.003 0.006 0.009 0.006 0.003 0.961 
 42     1003    (2)   10 :  0.277 0.038 0.013 0.007 0.003 0.297 0.012 0.354 
 43     1004    (0)   10 :  0.006 0.003 0.004 0.003 0.005 0.006 0.003 0.970 
 44     1005    (0)   10 :  0.009 0.012 0.005 0.003 0.005 0.009 0.004 0.955 
 45     1010    (0)   10 :  0.003 0.005 0.003 0.001 0.005 0.003 0.004 0.974 
 46      341    (0)   11 :  0.428 0.005 0.069 0.004 0.010 0.475 0.004 0.005 
 47      343    (0)   11 :  0.441 0.010 0.008 0.004 0.008 0.503 0.003 0.024 
 48      914    (0)   11 :  0.006 0.010 0.005 0.002 0.004 0.007 0.005 0.962 
 49      916    (0)   11 :  0.476 0.020 0.004 0.003 0.004 0.428 0.055 0.010 
 50      924    (0)   11 :  0.169 0.004 0.010 0.002 0.017 0.202 0.006 0.589 
 51      938    (0)   11 :  0.008 0.015 0.930 0.004 0.002 0.009 0.010 0.023 
 52      939    (0)   11 :  0.010 0.016 0.770 0.002 0.017 0.010 0.004 0.171 
 53      940    (0)   11 :  0.098 0.004 0.064 0.005 0.003 0.087 0.006 0.733 
 54      941    (2)   11 :  0.007 0.003 0.948 0.009 0.010 0.006 0.004 0.013 
 55      942    (0)   11 :  0.460 0.005 0.009 0.004 0.015 0.483 0.006 0.017 
 56      943    (0)   11 :  0.451 0.014 0.004 0.002 0.003 0.410 0.046 0.070 
 57      944    (0)   11 :  0.038 0.039 0.007 0.004 0.004 0.033 0.013 0.862 
 58      945    (0)   11 :  0.006 0.003 0.015 0.002 0.002 0.006 0.004 0.962 
 59      946    (0)   11 :  0.354 0.007 0.010 0.072 0.003 0.396 0.008 0.149 
 60      947    (0)   11 :  0.463 0.005 0.005 0.002 0.036 0.444 0.005 0.039 
 61      951    (0)   11 :  0.487 0.004 0.013 0.004 0.011 0.450 0.006 0.024 
 62      952    (0)   11 :  0.385 0.007 0.025 0.011 0.084 0.428 0.006 0.054 
 63      953    (0)   11 :  0.019 0.011 0.891 0.004 0.010 0.021 0.019 0.025 
 64      954    (0)   11 :  0.312 0.012 0.047 0.010 0.008 0.323 0.004 0.283 
 65      955    (0)   11 :  0.475 0.004 0.016 0.009 0.016 0.413 0.003 0.064 
 66      961    (4)   11 :  0.490 0.019 0.013 0.002 0.004 0.443 0.015 0.014 
 67      974    (0)   11 :  0.394 0.006 0.084 0.011 0.025 0.408 0.003 0.069 
 68      975    (4)   11 :  0.441 0.018 0.011 0.003 0.002 0.435 0.019 0.071 
 69      980    (0)   11 :  0.401 0.009 0.030 0.002 0.017 0.358 0.012 0.172 
 70      981    (0)   11 :  0.340 0.014 0.232 0.004 0.003 0.391 0.007 0.008 
 71      982    (0)   11 :  0.119 0.041 0.005 0.002 0.002 0.113 0.016 0.703 
 72      984    (0)   11 :  0.424 0.024 0.071 0.012 0.004 0.434 0.012 0.018 
 73      985    (0)   11 :  0.487 0.009 0.015 0.004 0.008 0.462 0.004 0.011 
 74     2578    (4)   11 :  0.354 0.007 0.016 0.010 0.002 0.452 0.005 0.154 
 75     2580    (2)   11 :  0.422 0.027 0.010 0.007 0.004 0.494 0.028 0.008 
 76     2498    (2)   12 :  0.009 0.912 0.029 0.005 0.008 0.009 0.023 0.006 
 77     2513    (2)   12 :  0.005 0.941 0.005 0.002 0.011 0.006 0.024 0.006 
 78     2514    (2)   12 :  0.039 0.806 0.033 0.002 0.004 0.039 0.062 0.015 
 79     2597    (4)   12 :  0.015 0.906 0.020 0.009 0.004 0.015 0.016 0.016 
 80     2499    (4)   12 :  0.055 0.761 0.009 0.004 0.012 0.051 0.098 0.011 
 81     2500    (0)   12 :  0.007 0.942 0.006 0.004 0.008 0.007 0.023 0.003 
 82     2506    (2)   12 :  0.006 0.880 0.005 0.004 0.004 0.006 0.090 0.005 
 83     2509    (6)   12 :  0.045 0.775 0.075 0.009 0.023 0.042 0.018 0.013 
 84     2511    (2)   12 :  0.006 0.633 0.004 0.001 0.005 0.006 0.341 0.004 
 85     2512    (2)   12 :  0.005 0.918 0.003 0.007 0.002 0.005 0.054 0.005 
 86     2515    (2)   12 :  0.004 0.540 0.003 0.002 0.002 0.004 0.442 0.003 
 87     2516    (2)   12 :  0.016 0.759 0.010 0.001 0.002 0.016 0.185 0.012 
 88     2517    (2)   12 :  0.008 0.666 0.006 0.002 0.003 0.008 0.279 0.028 
 89     2518    (2)   12 :  0.013 0.778 0.009 0.004 0.008 0.013 0.146 0.030 
 90     2519    (0)   12 :  0.098 0.624 0.011 0.002 0.018 0.101 0.091 0.055 
 91     2520    (2)   12 :  0.003 0.696 0.002 0.002 0.002 0.003 0.289 0.003 
 92     2521    (2)   12 :  0.047 0.148 0.056 0.002 0.003 0.040 0.691 0.014 
 93     2603    (4)   12 :  0.028 0.877 0.024 0.003 0.003 0.030 0.030 0.005 
 94     2606    (2)   12 :  0.009 0.941 0.007 0.005 0.002 0.009 0.017 0.009 
 95      718    (0)   13 :  0.010 0.873 0.008 0.014 0.005 0.010 0.072 0.008 
 96      719    (0)   13 :  0.027 0.882 0.010 0.005 0.009 0.028 0.017 0.022 
 97      720    (0)   13 :  0.007 0.911 0.004 0.001 0.001 0.006 0.062 0.007 
 98      721    (0)   13 :  0.023 0.772 0.005 0.016 0.013 0.022 0.129 0.021 
 99      722    (0)   13 :  0.006 0.790 0.008 0.004 0.002 0.006 0.173 0.011 
100      723    (0)   13 :  0.005 0.887 0.015 0.001 0.004 0.005 0.070 0.013 
101      724    (0)   13 :  0.005 0.967 0.003 0.004 0.002 0.005 0.008 0.007 
102      725    (0)   13 :  0.004 0.895 0.003 0.003 0.006 0.004 0.080 0.004 
103      726    (0)   13 :  0.015 0.794 0.124 0.003 0.002 0.017 0.038 0.007 
104      727    (0)   13 :  0.002 0.979 0.003 0.002 0.002 0.002 0.005 0.003 
105      728    (2)   13 :  0.015 0.850 0.007 0.005 0.003 0.014 0.095 0.012 
106      729    (0)   13 :  0.014 0.602 0.018 0.009 0.004 0.015 0.112 0.226 
107      730    (0)   13 :  0.064 0.732 0.022 0.023 0.003 0.085 0.047 0.024 
108      731    (0)   13 :  0.012 0.695 0.005 0.004 0.006 0.012 0.252 0.014 
109      732    (0)   13 :  0.008 0.956 0.007 0.002 0.003 0.009 0.011 0.004 
110      733    (0)   13 :  0.005 0.713 0.013 0.012 0.003 0.005 0.235 0.015 
111      734    (0)   13 :  0.003 0.626 0.002 0.002 0.002 0.003 0.357 0.005 
112     1079    (0)   14 :  0.459 0.014 0.007 0.002 0.003 0.498 0.006 0.010 
113     1081    (0)   14 :  0.449 0.036 0.008 0.003 0.007 0.476 0.010 0.011 
114     1082    (2)   14 :  0.477 0.006 0.019 0.004 0.008 0.473 0.010 0.004 
115     1083    (0)   14 :  0.445 0.036 0.010 0.003 0.007 0.466 0.019 0.014 
116     2055    (0)   15 :  0.005 0.730 0.003 0.003 0.002 0.005 0.242 0.010 
117     2056    (0)   15 :  0.008 0.160 0.007 0.004 0.008 0.008 0.797 0.007 
118     2057    (0)   15 :  0.013 0.916 0.021 0.003 0.002 0.012 0.025 0.007 
119     2058    (0)   15 :  0.003 0.976 0.003 0.001 0.005 0.003 0.008 0.002 
120     2059    (0)   15 :  0.004 0.963 0.006 0.002 0.003 0.004 0.014 0.003 
121     2060    (0)   15 :  0.004 0.970 0.004 0.004 0.002 0.004 0.008 0.003 
122     2061    (0)   15 :  0.011 0.941 0.005 0.018 0.005 0.010 0.004 0.006 
123     2062    (0)   15 :  0.008 0.950 0.007 0.002 0.004 0.008 0.008 0.012 
124     2063    (0)   15 :  0.004 0.964 0.004 0.003 0.002 0.004 0.014 0.004 
125     2064    (0)   15 :  0.004 0.972 0.003 0.004 0.002 0.004 0.009 0.003 
126     2065    (0)   15 :  0.002 0.980 0.001 0.001 0.002 0.002 0.010 0.002 
127     2066    (0)   15 :  0.004 0.952 0.005 0.002 0.002 0.004 0.028 0.004 
128     2067    (0)   15 :  0.010 0.904 0.006 0.004 0.009 0.009 0.050 0.007 
129     2068    (0)   15 :  0.056 0.801 0.010 0.007 0.027 0.051 0.033 0.015 
130     2069    (0)   15 :  0.003 0.977 0.002 0.002 0.002 0.003 0.007 0.003 
131     2070    (0)   15 :  0.136 0.207 0.010 0.001 0.002 0.139 0.414 0.090 
132     2071    (0)   15 :  0.009 0.934 0.008 0.010 0.009 0.009 0.016 0.005 
133     2072    (0)   15 :  0.007 0.937 0.002 0.011 0.003 0.007 0.029 0.003 
134     2073    (0)   15 :  0.022 0.901 0.016 0.011 0.009 0.025 0.005 0.012 
135     2074    (0)   15 :  0.004 0.932 0.002 0.003 0.003 0.004 0.050 0.003 
136     2075    (0)   15 :  0.007 0.733 0.003 0.003 0.019 0.008 0.222 0.005 
137     2076    (0)   15 :  0.002 0.983 0.003 0.001 0.002 0.002 0.005 0.002 
138     2077    (0)   15 :  0.011 0.924 0.015 0.006 0.009 0.011 0.009 0.014 
139     2078    (0)   15 :  0.004 0.947 0.003 0.004 0.003 0.005 0.025 0.010 
140     2079    (0)   15 :  0.010 0.904 0.018 0.001 0.039 0.009 0.006 0.013 
141     2080    (0)   15 :  0.026 0.911 0.005 0.003 0.021 0.027 0.003 0.004 
142     2081    (0)   15 :  0.005 0.971 0.004 0.002 0.003 0.005 0.007 0.004 
143     2082    (0)   15 :  0.020 0.575 0.007 0.003 0.009 0.020 0.357 0.009 
144     2083    (0)   15 :  0.012 0.835 0.006 0.003 0.002 0.012 0.123 0.006 
145     2084    (0)   15 :  0.010 0.939 0.007 0.003 0.008 0.009 0.016 0.009 
146     2085    (0)   15 :  0.009 0.768 0.005 0.002 0.003 0.009 0.189 0.015 
147     2086    (0)   15 :  0.013 0.943 0.008 0.003 0.003 0.014 0.007 0.008 
148     2087    (0)   15 :  0.005 0.926 0.004 0.005 0.045 0.006 0.005 0.005 
149     2088    (0)   15 :  0.019 0.849 0.036 0.003 0.012 0.019 0.021 0.041 
150     2089    (0)   15 :  0.002 0.977 0.002 0.001 0.002 0.002 0.010 0.002 
151     2090    (0)   15 :  0.007 0.916 0.006 0.005 0.040 0.006 0.016 0.004 
152     2091    (0)   15 :  0.004 0.956 0.008 0.001 0.003 0.004 0.018 0.006 
153     2092    (0)   15 :  0.005 0.910 0.004 0.002 0.024 0.006 0.046 0.004 
154     2093    (0)   15 :  0.003 0.975 0.002 0.001 0.002 0.003 0.010 0.003 
155     2094    (0)   15 :  0.003 0.716 0.003 0.002 0.001 0.003 0.269 0.003 
156     2095    (0)   15 :  0.006 0.932 0.006 0.005 0.037 0.005 0.004 0.005 
157     2096    (0)   15 :  0.002 0.910 0.004 0.001 0.002 0.003 0.074 0.003 
158     2097    (0)   15 :  0.003 0.974 0.005 0.002 0.002 0.003 0.007 0.004 
159     2098    (0)   15 :  0.025 0.880 0.022 0.003 0.012 0.025 0.013 0.019 
160     2099    (0)   15 :  0.045 0.453 0.030 0.008 0.004 0.044 0.393 0.023 
161     2100    (0)   15 :  0.014 0.919 0.026 0.002 0.003 0.015 0.012 0.009 
162     2101    (0)   15 :  0.005 0.953 0.007 0.003 0.005 0.004 0.016 0.007 
163     2102    (2)   15 :  0.004 0.920 0.002 0.002 0.002 0.004 0.061 0.004 
164     2103    (0)   15 :  0.006 0.820 0.010 0.002 0.004 0.006 0.143 0.009 
165     2104    (0)   15 :  0.009 0.924 0.008 0.001 0.002 0.009 0.004 0.043 
166     2105    (0)   15 :  0.007 0.920 0.005 0.006 0.004 0.007 0.022 0.031 
167     2106    (0)   15 :  0.014 0.906 0.007 0.002 0.002 0.015 0.048 0.006 
168     2107    (0)   15 :  0.007 0.937 0.005 0.002 0.004 0.007 0.020 0.018 
169     2108    (0)   15 :  0.012 0.951 0.004 0.004 0.004 0.011 0.007 0.007 
170     2109    (0)   15 :  0.010 0.543 0.007 0.005 0.002 0.010 0.412 0.011 
171     2110    (0)   15 :  0.008 0.942 0.004 0.004 0.005 0.008 0.007 0.024 
172     2111    (0)   15 :  0.004 0.965 0.006 0.001 0.003 0.004 0.005 0.012 
173     2112    (0)   15 :  0.004 0.930 0.006 0.003 0.003 0.004 0.047 0.003 
174     2583    (2)   15 :  0.005 0.890 0.005 0.006 0.008 0.005 0.077 0.004 
175     2584    (4)   15 :  0.014 0.927 0.014 0.004 0.004 0.014 0.020 0.003 
176     2587    (2)   15 :  0.005 0.947 0.011 0.001 0.003 0.005 0.017 0.011 
177     2590    (2)   15 :  0.005 0.956 0.004 0.012 0.002 0.005 0.013 0.004 
178     2591    (6)   15 :  0.008 0.905 0.013 0.001 0.012 0.008 0.041 0.010 
179       87    (0)    2 :  0.008 0.010 0.006 0.006 0.007 0.008 0.944 0.011 
180       88    (0)    2 :  0.002 0.013 0.002 0.001 0.002 0.002 0.975 0.002 
181       90    (0)    2 :  0.003 0.724 0.002 0.001 0.002 0.003 0.262 0.003 
182       92    (0)    2 :  0.011 0.118 0.015 0.002 0.003 0.011 0.825 0.017 
183       96    (0)    2 :  0.009 0.753 0.070 0.002 0.018 0.009 0.132 0.007 
184       97    (0)    2 :  0.005 0.046 0.011 0.001 0.003 0.005 0.924 0.005 
185      105    (0)    2 :  0.004 0.014 0.003 0.002 0.006 0.004 0.962 0.004 
186      120    (0)    2 :  0.003 0.003 0.004 0.003 0.002 0.002 0.981 0.002 
187      123    (0)    2 :  0.003 0.749 0.003 0.001 0.003 0.004 0.232 0.005 
188      128    (0)    2 :  0.005 0.966 0.006 0.002 0.003 0.005 0.011 0.002 
189      129    (0)    2 :  0.008 0.832 0.005 0.002 0.004 0.007 0.124 0.017 
190      132    (0)    2 :  0.006 0.013 0.008 0.002 0.002 0.006 0.960 0.003 
191      504    (0)    2 :  0.005 0.387 0.004 0.001 0.003 0.005 0.584 0.010 
192      505    (0)    2 :  0.006 0.144 0.004 0.001 0.003 0.006 0.828 0.008 
193      506    (0)    2 :  0.013 0.539 0.019 0.003 0.003 0.013 0.405 0.006 
194      507    (0)    2 :  0.006 0.037 0.004 0.003 0.004 0.006 0.922 0.017 
195      508    (0)    2 :  0.011 0.009 0.012 0.024 0.003 0.011 0.923 0.008 
196      509    (0)    2 :  0.015 0.095 0.003 0.003 0.003 0.015 0.860 0.006 
197      510    (0)    2 :  0.005 0.005 0.004 0.002 0.002 0.005 0.970 0.007 
198      511    (0)    2 :  0.007 0.095 0.003 0.002 0.013 0.006 0.868 0.005 
199      512    (0)    2 :  0.004 0.194 0.004 0.002 0.004 0.004 0.783 0.005 
200      513    (0)    2 :  0.004 0.054 0.003 0.002 0.002 0.004 0.928 0.003 
201      514    (0)    2 :  0.010 0.493 0.018 0.002 0.013 0.010 0.448 0.005 
202      515    (0)    2 :  0.017 0.089 0.018 0.008 0.004 0.015 0.836 0.013 
203      558    (0)    2 :  0.007 0.142 0.007 0.005 0.003 0.007 0.809 0.018 
204      559    (0)    2 :  0.003 0.703 0.004 0.003 0.001 0.003 0.281 0.002 
205      560    (0)    2 :  0.004 0.634 0.004 0.008 0.007 0.004 0.336 0.003 
206      561    (0)    2 :  0.005 0.286 0.003 0.003 0.004 0.004 0.692 0.003 
207      562    (0)    2 :  0.009 0.050 0.020 0.003 0.002 0.010 0.901 0.006 
208      563    (0)    2 :  0.003 0.003 0.003 0.003 0.002 0.003 0.981 0.002 
209      564    (0)    2 :  0.006 0.296 0.009 0.011 0.003 0.007 0.658 0.008 
210      136    (0)    3 :  0.006 0.970 0.003 0.002 0.004 0.006 0.007 0.004 
211      138    (0)    3 :  0.005 0.954 0.004 0.003 0.003 0.005 0.019 0.006 
212      140    (0)    3 :  0.008 0.938 0.009 0.003 0.007 0.007 0.018 0.011 
213      141    (0)    3 :  0.027 0.911 0.004 0.005 0.004 0.030 0.011 0.008 
214      144    (0)    3 :  0.005 0.955 0.006 0.002 0.014 0.005 0.010 0.003 
215      146    (0)    3 :  0.004 0.809 0.010 0.003 0.005 0.004 0.162 0.002 
216      148    (0)    3 :  0.009 0.886 0.009 0.002 0.001 0.008 0.081 0.004 
217      150    (0)    3 :  0.004 0.968 0.003 0.007 0.002 0.005 0.006 0.006 
218      152    (0)    3 :  0.004 0.967 0.002 0.002 0.002 0.004 0.016 0.004 
219      666    (0)    3 :  0.005 0.969 0.003 0.002 0.002 0.005 0.008 0.007 
220      667    (0)    3 :  0.013 0.945 0.007 0.001 0.002 0.013 0.012 0.006 
221      668    (0)    3 :  0.008 0.876 0.004 0.011 0.003 0.008 0.064 0.025 
222      669    (0)    3 :  0.004 0.928 0.002 0.003 0.002 0.004 0.050 0.007 
223      670    (0)    3 :  0.017 0.802 0.026 0.014 0.003 0.017 0.059 0.062 
224      684    (0)    3 :  0.003 0.969 0.003 0.003 0.002 0.003 0.012 0.004 
225      685    (0)    3 :  0.006 0.967 0.004 0.006 0.004 0.006 0.005 0.003 
226      686    (0)    3 :  0.005 0.828 0.003 0.003 0.003 0.005 0.147 0.006 
227      687    (0)    3 :  0.004 0.974 0.003 0.001 0.004 0.004 0.005 0.004 
228      688    (2)    3 :  0.003 0.974 0.003 0.002 0.003 0.003 0.007 0.004 
229      689    (0)    3 :  0.008 0.945 0.009 0.004 0.006 0.009 0.009 0.010 
230      165    (0)    4 :  0.013 0.918 0.012 0.003 0.004 0.012 0.025 0.014 
231      167    (0)    4 :  0.039 0.573 0.240 0.053 0.003 0.038 0.034 0.021 
232      170    (0)    4 :  0.007 0.920 0.012 0.004 0.010 0.007 0.024 0.015 
233      714    (0)    4 :  0.008 0.404 0.009 0.003 0.002 0.008 0.559 0.007 
234      715    (2)    4 :  0.126 0.277 0.051 0.025 0.004 0.155 0.336 0.028 
235      716    (0)    4 :  0.007 0.943 0.014 0.003 0.003 0.007 0.013 0.010 
236      717    (2)    4 :  0.178 0.086 0.137 0.013 0.008 0.208 0.357 0.014 
237     2346    (2)    4 :  0.451 0.002 0.008 0.009 0.078 0.437 0.004 0.011 
238      189    (0)    5 :  0.008 0.009 0.036 0.007 0.918 0.007 0.007 0.008 
239      190    (0)    5 :  0.003 0.003 0.003 0.002 0.983 0.002 0.002 0.003 
240      193    (0)    5 :  0.008 0.003 0.003 0.001 0.968 0.008 0.005 0.003 
241      761    (0)    5 :  0.002 0.002 0.004 0.001 0.983 0.002 0.003 0.003 
242      762    (0)    5 :  0.004 0.004 0.003 0.002 0.975 0.004 0.002 0.006 
243      763    (0)    5 :  0.004 0.004 0.003 0.003 0.974 0.004 0.005 0.004 
244      764    (0)    5 :  0.003 0.004 0.003 0.002 0.979 0.003 0.002 0.004 
245      765    (0)    5 :  0.005 0.004 0.005 0.001 0.973 0.005 0.004 0.004 
246      778    (0)    5 :  0.017 0.016 0.012 0.013 0.902 0.016 0.017 0.007 
247      779    (0)    5 :  0.004 0.006 0.006 0.003 0.971 0.004 0.002 0.004 
248      780    (0)    5 :  0.003 0.002 0.002 0.002 0.982 0.003 0.002 0.005 
249      781    (0)    5 :  0.003 0.003 0.003 0.015 0.966 0.003 0.005 0.002 
250      782    (0)    5 :  0.005 0.008 0.004 0.002 0.965 0.005 0.008 0.003 
251      783    (0)    5 :  0.001 0.002 0.001 0.001 0.991 0.001 0.001 0.001 
252      784    (0)    5 :  0.005 0.003 0.007 0.001 0.971 0.005 0.004 0.003 
253      785    (0)    5 :  0.004 0.003 0.003 0.004 0.974 0.004 0.002 0.005 
254      786    (0)    5 :  0.004 0.003 0.007 0.001 0.975 0.004 0.002 0.005 
255      787    (0)    5 :  0.003 0.005 0.002 0.002 0.980 0.003 0.002 0.003 
256      788    (0)    5 :  0.012 0.008 0.003 0.004 0.943 0.011 0.011 0.008 
257      789    (0)    5 :  0.010 0.004 0.010 0.002 0.957 0.010 0.003 0.004 
258      790    (0)    5 :  0.004 0.004 0.011 0.005 0.964 0.004 0.002 0.005 
259      791    (0)    5 :  0.006 0.008 0.003 0.002 0.965 0.006 0.004 0.005 
260      792    (0)    5 :  0.002 0.002 0.002 0.004 0.984 0.002 0.002 0.002 
261      793    (0)    5 :  0.006 0.007 0.004 0.002 0.968 0.006 0.003 0.005 
262      794    (0)    5 :  0.005 0.002 0.005 0.003 0.970 0.005 0.003 0.006 
263      795    (0)    5 :  0.005 0.003 0.003 0.003 0.973 0.005 0.005 0.003 
264      796    (0)    5 :  0.002 0.002 0.002 0.003 0.986 0.002 0.002 0.002 
265      797    (0)    5 :  0.002 0.002 0.002 0.002 0.983 0.002 0.002 0.003 
266      798    (0)    5 :  0.003 0.006 0.003 0.002 0.974 0.003 0.004 0.005 
267      282    (0)    6 :  0.007 0.003 0.003 0.969 0.002 0.007 0.005 0.003 
268      284    (0)    6 :  0.003 0.003 0.003 0.975 0.009 0.003 0.002 0.003 
269      287    (0)    6 :  0.006 0.003 0.003 0.973 0.003 0.006 0.002 0.005 
270      295    (0)    6 :  0.001 0.001 0.001 0.991 0.001 0.001 0.001 0.001 
271      302    (0)    6 :  0.001 0.001 0.001 0.991 0.001 0.001 0.001 0.002 
272      306    (2)    6 :  0.015 0.011 0.003 0.934 0.005 0.016 0.004 0.012 
273      308    (0)    6 :  0.002 0.002 0.001 0.988 0.001 0.002 0.002 0.001 
274      867    (0)    6 :  0.002 0.001 0.001 0.990 0.001 0.002 0.002 0.002 
275      315    (0)    7 :  0.397 0.012 0.009 0.010 0.045 0.386 0.006 0.135 
276      565    (0)    7 :  0.434 0.008 0.005 0.003 0.027 0.509 0.008 0.005 
277      566    (2)    7 :  0.141 0.010 0.058 0.004 0.017 0.158 0.020 0.592 
278      567    (2)    7 :  0.459 0.024 0.014 0.002 0.004 0.485 0.007 0.005 
279      877    (0)    7 :  0.520 0.008 0.009 0.002 0.003 0.425 0.023 0.010 
280      878    (0)    7 :  0.463 0.005 0.050 0.012 0.007 0.454 0.004 0.005 
281      879    (0)    7 :  0.407 0.007 0.067 0.007 0.005 0.481 0.012 0.013 
282      880    (0)    7 :  0.438 0.006 0.014 0.002 0.004 0.522 0.008 0.006 
283      881    (0)    7 :  0.522 0.005 0.007 0.007 0.009 0.433 0.004 0.014 
284      882    (0)    7 :  0.495 0.005 0.032 0.024 0.010 0.423 0.007 0.004 
285      883    (0)    7 :  0.508 0.007 0.023 0.007 0.004 0.427 0.012 0.012 
286      884    (0)    7 :  0.346 0.025 0.019 0.002 0.003 0.280 0.026 0.299 
287      885    (0)    7 :  0.455 0.005 0.017 0.006 0.004 0.431 0.027 0.054 
288      886    (0)    7 :  0.446 0.008 0.004 0.011 0.131 0.377 0.004 0.018 
289      887    (0)    7 :  0.042 0.020 0.113 0.013 0.006 0.040 0.021 0.745 
290      888    (0)    7 :  0.453 0.026 0.003 0.004 0.008 0.365 0.134 0.005 
291      889    (0)    7 :  0.380 0.007 0.119 0.010 0.005 0.409 0.005 0.065 
292      890    (0)    7 :  0.419 0.005 0.011 0.005 0.015 0.528 0.004 0.014 
293      891    (0)    7 :  0.513 0.011 0.008 0.002 0.006 0.445 0.009 0.006 
294      892    (0)    7 :  0.437 0.008 0.082 0.007 0.004 0.442 0.011 0.009 
295      893    (0)    7 :  0.423 0.038 0.005 0.003 0.119 0.352 0.006 0.054 
296      319    (2)    8 :  0.477 0.008 0.049 0.002 0.005 0.443 0.007 0.009 
297      335    (0)    8 :  0.431 0.009 0.014 0.010 0.011 0.510 0.004 0.012 
298      895    (0)    8 :  0.456 0.004 0.045 0.007 0.005 0.473 0.003 0.008 
299      896    (0)    8 :  0.510 0.008 0.015 0.007 0.003 0.411 0.037 0.010 
300      897    (0)    8 :  0.533 0.004 0.005 0.002 0.006 0.428 0.014 0.008 
301      898    (0)    8 :  0.440 0.006 0.008 0.002 0.005 0.381 0.007 0.151 
302      899    (0)    8 :  0.383 0.213 0.010 0.005 0.005 0.313 0.013 0.057 
303      900    (0)    8 :  0.442 0.010 0.020 0.016 0.044 0.412 0.023 0.034 
304      901    (0)    8 :  0.366 0.147 0.070 0.004 0.042 0.350 0.009 0.012 
305      902    (0)    8 :  0.508 0.007 0.022 0.011 0.003 0.424 0.005 0.019 
306      903    (0)    8 :  0.518 0.004 0.006 0.025 0.003 0.428 0.010 0.006 
307      904    (0)    8 :  0.507 0.009 0.010 0.006 0.002 0.444 0.016 0.006 
308      905    (0)    8 :  0.449 0.032 0.040 0.021 0.004 0.426 0.022 0.005 
309      906    (0)    8 :  0.495 0.003 0.008 0.005 0.006 0.470 0.005 0.008 
310      907    (0)    8 :  0.445 0.006 0.010 0.014 0.008 0.476 0.028 0.014 
311      908    (0)    8 :  0.521 0.017 0.004 0.003 0.007 0.425 0.009 0.014 
312      909    (0)    8 :  0.018 0.013 0.004 0.004 0.285 0.016 0.005 0.656 
313      910    (0)    8 :  0.419 0.004 0.004 0.003 0.039 0.516 0.006 0.010 
314      911    (0)    8 :  0.403 0.021 0.008 0.007 0.037 0.505 0.005 0.013 
315      912    (0)    8 :  0.425 0.005 0.007 0.006 0.002 0.525 0.006 0.023 
316      913    (0)    8 :  0.321 0.038 0.007 0.080 0.048 0.285 0.017 0.205 
317     2411    (0)    8 :  0.515 0.007 0.005 0.004 0.004 0.451 0.008 0.007 
318     2412    (0)    8 :  0.061 0.008 0.038 0.021 0.007 0.060 0.024 0.779 
319     2413    (0)    8 :  0.503 0.008 0.007 0.008 0.019 0.440 0.011 0.005 
320     2414    (0)    8 :  0.510 0.008 0.006 0.004 0.002 0.441 0.004 0.024 
321     2415    (2)    8 :  0.440 0.014 0.025 0.003 0.016 0.437 0.026 0.039 
322     2417    (4)    8 :  0.435 0.062 0.006 0.005 0.007 0.398 0.012 0.075 
323     2418    (4)    8 :  0.445 0.005 0.008 0.003 0.007 0.514 0.011 0.006 
324     2419    (2)    8 :  0.431 0.006 0.019 0.002 0.005 0.478 0.004 0.055 
325     2420    (0)    8 :  0.450 0.003 0.007 0.073 0.006 0.442 0.005 0.013 
326     2421    (0)    8 :  0.370 0.005 0.029 0.005 0.010 0.363 0.012 0.206 
327     2422    (2)    8 :  0.337 0.008 0.052 0.005 0.239 0.349 0.003 0.007 
328     2423    (0)    8 :  0.463 0.020 0.020 0.006 0.009 0.458 0.013 0.010 
329     2576    (0)    8 :  0.399 0.010 0.012 0.073 0.010 0.471 0.010 0.015 
330      321    (0)    9 :  0.063 0.026 0.113 0.003 0.005 0.073 0.005 0.711 
331      338    (0)    9 :  0.004 0.004 0.005 0.002 0.002 0.004 0.002 0.977 
332      339    (0)    9 :  0.019 0.034 0.019 0.004 0.007 0.021 0.013 0.884 
333      363    (0)    9 :  0.023 0.004 0.909 0.011 0.005 0.022 0.003 0.024 
334      915    (0)    9 :  0.006 0.011 0.004 0.003 0.003 0.006 0.006 0.960 
335      917    (0)    9 :  0.035 0.005 0.210 0.001 0.003 0.039 0.003 0.703 
336      923    (0)    9 :  0.226 0.013 0.018 0.011 0.014 0.210 0.012 0.497 
337      925    (0)    9 :  0.005 0.005 0.006 0.002 0.006 0.005 0.010 0.961 
338      931    (0)    9 :  0.264 0.005 0.035 0.002 0.007 0.295 0.007 0.385 
339      935    (0)    9 :  0.015 0.007 0.008 0.003 0.004 0.015 0.005 0.944 
340      936    (0)    9 :  0.009 0.003 0.010 0.004 0.008 0.010 0.003 0.953 
341      937    (0)    9 :  0.013 0.003 0.012 0.001 0.002 0.013 0.005 0.952 
342      948    (0)    9 :  0.148 0.009 0.038 0.004 0.015 0.139 0.008 0.639 
343      956    (0)    9 :  0.010 0.007 0.006 0.001 0.003 0.009 0.012 0.952 
344      957    (0)    9 :  0.014 0.003 0.054 0.003 0.003 0.015 0.003 0.905 
345      967    (0)    9 :  0.013 0.004 0.012 0.003 0.004 0.015 0.003 0.947 
346      968    (2)    9 :  0.184 0.007 0.019 0.003 0.011 0.214 0.110 0.452 
347      969    (2)    9 :  0.055 0.009 0.024 0.003 0.016 0.060 0.006 0.827 
348      970    (2)    9 :  0.216 0.005 0.306 0.036 0.006 0.245 0.006 0.180 
349      971    (4)    9 :  0.008 0.013 0.195 0.002 0.003 0.007 0.006 0.766 
350      972    (0)    9 :  0.015 0.003 0.005 0.012 0.005 0.014 0.007 0.938 
351      973    (0)    9 :  0.455 0.006 0.006 0.004 0.015 0.468 0.014 0.033 
352      978    (0)    9 :  0.011 0.006 0.006 0.002 0.038 0.010 0.034 0.892 
353      979    (0)    9 :  0.121 0.368 0.121 0.004 0.003 0.117 0.131 0.135 
354      988    (6)    9 :  0.006 0.006 0.965 0.002 0.003 0.006 0.004 0.009 
355      989    (0)    9 :  0.065 0.018 0.042 0.004 0.005 0.059 0.017 0.790 
356      990    (0)    9 :  0.267 0.014 0.016 0.008 0.024 0.294 0.004 0.372 
357      991    (0)    9 :  0.005 0.003 0.014 0.002 0.004 0.005 0.004 0.964 
358      992    (0)    9 :  0.010 0.006 0.009 0.012 0.003 0.011 0.019 0.930 
359     1006    (2)    9 :  0.006 0.011 0.005 0.002 0.013 0.006 0.022 0.935 
360     1017    (0)    9 :  0.107 0.095 0.007 0.003 0.016 0.108 0.121 0.542 
361     2582    (4)    9 :  0.022 0.045 0.004 0.011 0.029 0.020 0.018 0.851 


Estimated Allele Frequencies in each cluster
First column gives estimated ancestral frequencies


Locus 1 : 1 
4 alleles
0.0% missing data
  89   (0.533) 0.548 0.635 0.443 0.077 0.638 0.547 0.345 0.531 
  93   (0.075) 0.071 0.056 0.021 0.050 0.050 0.068 0.117 0.043 
  91   (0.368) 0.361 0.309 0.530 0.722 0.311 0.364 0.536 0.404 
  99   (0.023) 0.020 0.001 0.006 0.150 0.001 0.022 0.002 0.021 

Locus 2 : 2 
6 alleles
1.4% missing data
 136   (0.336) 0.352 0.519 0.201 0.203 0.457 0.346 0.668 0.096 
 138   (0.295) 0.281 0.257 0.281 0.748 0.160 0.283 0.136 0.513 
 140   (0.077) 0.079 0.066 0.104 0.010 0.005 0.084 0.015 0.036 
 134   (0.242) 0.232 0.156 0.390 0.033 0.375 0.232 0.177 0.248 
 142   (0.023) 0.021 0.001 0.017 0.003 0.001 0.021 0.002 0.103 
 132   (0.027) 0.035 0.001 0.006 0.003 0.002 0.033 0.003 0.005 

Locus 3 : 3 
6 alleles
0.0% missing data
 187   (0.361) 0.359 0.513 0.386 0.751 0.262 0.364 0.514 0.185 
 179   (0.237) 0.247 0.233 0.269 0.034 0.015 0.246 0.346 0.229 
 181   (0.235) 0.221 0.228 0.261 0.194 0.073 0.221 0.123 0.341 
 175   (0.053) 0.061 0.001 0.019 0.007 0.004 0.057 0.005 0.138 
 185   (0.078) 0.080 0.002 0.056 0.010 0.452 0.080 0.007 0.099 
 191   (0.036) 0.031 0.023 0.009 0.005 0.194 0.032 0.004 0.008 

Locus 4 : 4 
10 alleles
0.0% missing data
 241   (0.137) 0.132 0.029 0.103 0.205 0.150 0.129 0.280 0.153 
 269   (0.166) 0.160 0.138 0.238 0.232 0.102 0.157 0.054 0.219 
 253   (0.514) 0.524 0.734 0.424 0.540 0.467 0.536 0.555 0.573 
 247   (0.078) 0.093 0.002 0.084 0.010 0.274 0.089 0.007 0.035 
 271   (0.041) 0.034 0.024 0.135 0.006 0.003 0.034 0.054 0.013 
 249   (0.028) 0.024 0.071 0.007 0.004 0.002 0.023 0.042 0.004 
 257   (0.008) 0.006 0.000 0.002 0.001 0.001 0.006 0.004 0.002 
 239   (0.008) 0.007 0.000 0.002 0.001 0.001 0.007 0.001 0.001 
 245   (0.008) 0.007 0.000 0.002 0.001 0.001 0.007 0.001 0.001 
 273   (0.012) 0.012 0.000 0.003 0.001 0.001 0.011 0.001 0.001 

Locus 5 : 5 
7 alleles
0.8% missing data
 103   (0.834) 0.814 0.989 0.942 0.976 0.962 0.809 0.979 0.939 
 104   (0.067) 0.076 0.008 0.024 0.011 0.004 0.085 0.011 0.032 
 105   (0.050) 0.066 0.002 0.021 0.006 0.003 0.065 0.005 0.023 
 102   (0.018) 0.020 0.001 0.005 0.003 0.001 0.019 0.002 0.003 
  99   (0.009) 0.006 0.000 0.002 0.001 0.014 0.005 0.001 0.001 
 101   (0.013) 0.010 0.000 0.004 0.002 0.014 0.010 0.001 0.002 
 107   (0.009) 0.007 0.000 0.002 0.001 0.001 0.007 0.001 0.001 

Locus 6 : 6 
5 alleles
0.3% missing data
 141   (0.283) 0.269 0.586 0.582 0.040 0.139 0.272 0.346 0.238 
 145   (0.407) 0.436 0.198 0.201 0.386 0.264 0.433 0.137 0.565 
 147   (0.069) 0.061 0.042 0.042 0.010 0.311 0.063 0.162 0.011 
 135   (0.229) 0.222 0.174 0.173 0.562 0.285 0.221 0.354 0.184 
 137   (0.012) 0.012 0.000 0.003 0.002 0.001 0.012 0.001 0.001 

Locus 7 : 7 
8 alleles
1.1% missing data
  93   (0.231) 0.219 0.337 0.256 0.707 0.072 0.217 0.391 0.294 
 103   (0.285) 0.289 0.390 0.270 0.045 0.506 0.293 0.313 0.353 
  97   (0.207) 0.210 0.154 0.172 0.150 0.255 0.209 0.158 0.134 
  91   (0.067) 0.063 0.036 0.022 0.065 0.154 0.063 0.007 0.036 
  83   (0.054) 0.065 0.002 0.015 0.008 0.003 0.068 0.005 0.043 
  89   (0.104) 0.102 0.035 0.250 0.017 0.007 0.100 0.117 0.109 
  85   (0.041) 0.041 0.046 0.012 0.006 0.003 0.038 0.009 0.029 
 105   (0.011) 0.011 0.000 0.003 0.002 0.001 0.013 0.001 0.002 

Locus 8 : 8 
8 alleles
0.0% missing data
 129   (0.527) 0.530 0.703 0.545 0.161 0.638 0.530 0.490 0.700 
 149   (0.096) 0.092 0.127 0.114 0.013 0.019 0.094 0.084 0.058 
 143   (0.259) 0.267 0.077 0.312 0.723 0.135 0.270 0.293 0.204 
 141   (0.065) 0.061 0.092 0.017 0.009 0.204 0.059 0.128 0.024 
 131   (0.012) 0.008 0.000 0.003 0.046 0.002 0.008 0.001 0.008 
 133   (0.017) 0.020 0.000 0.004 0.002 0.001 0.018 0.002 0.004 
 127   (0.016) 0.015 0.000 0.004 0.045 0.001 0.014 0.001 0.002 
 145   (0.008) 0.007 0.000 0.002 0.001 0.001 0.007 0.001 0.001 

Locus 9 : 9 
4 alleles
0.0% missing data
 191   (0.367) 0.364 0.561 0.220 0.265 0.542 0.372 0.617 0.317 
 195   (0.148) 0.134 0.190 0.198 0.396 0.056 0.134 0.052 0.237 
 189   (0.476) 0.497 0.246 0.580 0.338 0.401 0.488 0.330 0.444 
 193   (0.009) 0.006 0.003 0.003 0.001 0.001 0.006 0.001 0.001 

Locus 10 : 10 
7 alleles
0.0% missing data
 238   (0.562) 0.560 0.583 0.864 0.415 0.351 0.563 0.416 0.748 
 252   (0.106) 0.104 0.117 0.037 0.018 0.037 0.105 0.168 0.068 
 232   (0.249) 0.257 0.275 0.077 0.193 0.275 0.253 0.408 0.173 
 254   (0.042) 0.039 0.023 0.011 0.368 0.252 0.038 0.004 0.005 
 248   (0.022) 0.021 0.001 0.006 0.003 0.084 0.021 0.002 0.003 
 236   (0.009) 0.007 0.000 0.002 0.001 0.001 0.007 0.001 0.001 
 250   (0.011) 0.012 0.000 0.002 0.001 0.001 0.013 0.001 0.001 

Locus 11 : 11 
3 alleles
0.0% missing data
  87   (0.736) 0.741 0.635 0.912 0.964 0.537 0.740 0.572 0.818 
  89   (0.206) 0.210 0.321 0.065 0.029 0.381 0.209 0.332 0.150 
  91   (0.058) 0.049 0.044 0.023 0.008 0.082 0.051 0.096 0.032 

Locus 12 : 12 
12 alleles
0.0% missing data
 147   (0.046) 0.039 0.103 0.016 0.006 0.003 0.037 0.316 0.047 
 158   (0.232) 0.238 0.505 0.155 0.032 0.024 0.236 0.322 0.210 
 160   (0.213) 0.198 0.113 0.276 0.581 0.708 0.198 0.184 0.272 
 162   (0.251) 0.265 0.242 0.355 0.086 0.235 0.266 0.134 0.239 
 150   (0.008) 0.005 0.000 0.002 0.001 0.000 0.005 0.001 0.009 
 161   (0.109) 0.112 0.024 0.038 0.130 0.021 0.113 0.028 0.120 
 149   (0.024) 0.020 0.001 0.113 0.003 0.001 0.020 0.002 0.045 
 154   (0.020) 0.024 0.001 0.007 0.003 0.001 0.023 0.002 0.002 
 143   (0.024) 0.025 0.001 0.006 0.149 0.001 0.026 0.002 0.004 
 170   (0.053) 0.058 0.009 0.027 0.007 0.003 0.061 0.007 0.031 
 164   (0.008) 0.007 0.000 0.002 0.001 0.000 0.007 0.001 0.001 
 159   (0.012) 0.009 0.000 0.003 0.001 0.001 0.009 0.001 0.021 

Locus 13 : 13 
4 alleles
0.0% missing data
 108   (0.188) 0.187 0.178 0.071 0.312 0.200 0.189 0.164 0.108 
 115   (0.431) 0.434 0.578 0.539 0.100 0.290 0.429 0.394 0.537 
 113   (0.372) 0.372 0.243 0.388 0.587 0.509 0.375 0.441 0.353 
 109   (0.009) 0.007 0.000 0.002 0.001 0.001 0.007 0.001 0.001 

Locus 14 : 14 
5 alleles
0.3% missing data
 225   (0.126) 0.118 0.091 0.123 0.246 0.208 0.118 0.030 0.081 
 229   (0.527) 0.544 0.488 0.749 0.123 0.419 0.548 0.418 0.511 
 227   (0.152) 0.138 0.248 0.075 0.229 0.020 0.136 0.306 0.342 
 231   (0.126) 0.134 0.086 0.035 0.292 0.348 0.131 0.133 0.021 
 233   (0.070) 0.066 0.088 0.018 0.110 0.005 0.067 0.112 0.046 

Locus 15 : 15 
5 alleles
0.3% missing data
 143   (0.830) 0.832 0.963 0.901 0.762 0.816 0.830 0.974 0.862 
 145   (0.091) 0.096 0.017 0.036 0.228 0.006 0.099 0.019 0.072 
 147   (0.050) 0.047 0.001 0.056 0.007 0.146 0.046 0.005 0.062 
 133   (0.019) 0.019 0.001 0.005 0.002 0.032 0.019 0.002 0.002 
 157   (0.010) 0.006 0.018 0.002 0.001 0.001 0.006 0.001 0.001 

Locus 16 : 16 
5 alleles
0.3% missing data
 158   (0.522) 0.525 0.496 0.441 0.226 0.206 0.521 0.651 0.652 
 156   (0.252) 0.256 0.296 0.115 0.573 0.498 0.258 0.140 0.219 
 160   (0.129) 0.117 0.165 0.406 0.017 0.113 0.120 0.190 0.102 
 154   (0.087) 0.095 0.043 0.033 0.183 0.182 0.094 0.019 0.013 
 152   (0.010) 0.007 0.000 0.004 0.001 0.001 0.007 0.001 0.015 

Locus 17 : 17 
5 alleles
0.0% missing data
  90   (0.657) 0.650 0.715 0.480 0.595 0.791 0.649 0.819 0.765 
 102   (0.226) 0.225 0.237 0.262 0.034 0.201 0.224 0.148 0.211 
  88   (0.072) 0.076 0.047 0.237 0.010 0.005 0.079 0.029 0.011 
 100   (0.036) 0.042 0.001 0.013 0.360 0.002 0.042 0.003 0.007 
 104   (0.009) 0.006 0.000 0.008 0.001 0.001 0.006 0.001 0.006 

Locus 18 : 18 
8 alleles
0.3% missing data
 142   (0.145) 0.151 0.423 0.120 0.020 0.009 0.150 0.376 0.079 
 146   (0.093) 0.081 0.184 0.169 0.013 0.222 0.085 0.039 0.096 
 127   (0.251) 0.260 0.181 0.117 0.471 0.064 0.256 0.108 0.329 
 138   (0.057) 0.055 0.022 0.022 0.059 0.004 0.054 0.021 0.043 
 140   (0.263) 0.271 0.089 0.301 0.312 0.181 0.271 0.365 0.235 
 150   (0.058) 0.059 0.002 0.018 0.008 0.306 0.057 0.005 0.155 
 148   (0.101) 0.094 0.052 0.245 0.014 0.211 0.093 0.057 0.060 
 128   (0.033) 0.031 0.048 0.009 0.104 0.002 0.032 0.029 0.004 

Locus 19 : 19 
6 alleles
0.0% missing data
 190   (0.143) 0.125 0.379 0.222 0.019 0.202 0.123 0.339 0.175 
 194   (0.565) 0.573 0.496 0.430 0.943 0.481 0.578 0.464 0.561 
 188   (0.202) 0.214 0.122 0.096 0.027 0.173 0.209 0.189 0.166 
 200   (0.066) 0.066 0.002 0.246 0.008 0.004 0.069 0.006 0.096 
 202   (0.017) 0.014 0.000 0.004 0.002 0.140 0.015 0.001 0.002 
 196   (0.008) 0.008 0.000 0.002 0.001 0.001 0.007 0.001 0.001 

Locus 20 : 20 
6 alleles
0.8% missing data
 252   (0.702) 0.728 0.840 0.742 0.373 0.725 0.729 0.732 0.765 
 244   (0.018) 0.014 0.018 0.006 0.003 0.001 0.014 0.002 0.009 
 246   (0.089) 0.088 0.005 0.090 0.174 0.048 0.086 0.174 0.062 
 254   (0.081) 0.074 0.035 0.093 0.116 0.083 0.074 0.011 0.084 
 250   (0.086) 0.072 0.091 0.064 0.332 0.141 0.072 0.078 0.074 
 248   (0.023) 0.023 0.012 0.005 0.003 0.001 0.024 0.003 0.006 

Locus 21 : 21 
7 alleles
0.0% missing data
 167   (0.182) 0.181 0.341 0.069 0.130 0.122 0.186 0.197 0.127 
 177   (0.303) 0.303 0.253 0.470 0.266 0.171 0.300 0.589 0.209 
 165   (0.047) 0.048 0.007 0.136 0.008 0.019 0.050 0.010 0.007 
 173   (0.270) 0.257 0.361 0.262 0.140 0.214 0.252 0.166 0.568 
 175   (0.131) 0.134 0.034 0.043 0.447 0.253 0.131 0.031 0.077 
 163   (0.043) 0.044 0.003 0.013 0.006 0.219 0.047 0.006 0.010 
 159   (0.024) 0.032 0.001 0.008 0.003 0.001 0.033 0.002 0.003 

Locus 22 : 22 
11 alleles
1.1% missing data
 152   (0.443) 0.433 0.615 0.561 0.459 0.373 0.433 0.461 0.574 
 154   (0.012) 0.007 0.057 0.003 0.001 0.001 0.007 0.025 0.001 
 146   (0.222) 0.218 0.260 0.228 0.086 0.142 0.219 0.247 0.322 
 166   (0.098) 0.103 0.024 0.133 0.118 0.006 0.098 0.208 0.031 
 156   (0.013) 0.008 0.000 0.003 0.002 0.297 0.008 0.001 0.012 
 162   (0.045) 0.055 0.001 0.018 0.006 0.070 0.053 0.004 0.011 
 142   (0.017) 0.016 0.000 0.004 0.002 0.001 0.018 0.002 0.013 
 150   (0.035) 0.035 0.008 0.015 0.113 0.002 0.036 0.008 0.010 
 164   (0.026) 0.024 0.013 0.006 0.004 0.002 0.023 0.034 0.004 
 158   (0.077) 0.091 0.019 0.027 0.011 0.105 0.094 0.008 0.021 
 148   (0.012) 0.009 0.000 0.003 0.197 0.001 0.009 0.001 0.002 

Locus 23 : 23 
7 alleles
0.6% missing data
 154   (0.550) 0.565 0.560 0.520 0.409 0.228 0.572 0.413 0.598 
 158   (0.023) 0.022 0.004 0.116 0.003 0.001 0.022 0.002 0.003 
 144   (0.157) 0.142 0.170 0.050 0.549 0.626 0.142 0.170 0.267 
 160   (0.111) 0.098 0.175 0.225 0.015 0.106 0.094 0.243 0.093 
 156   (0.130) 0.150 0.036 0.083 0.019 0.037 0.148 0.083 0.035 
 152   (0.018) 0.012 0.054 0.004 0.002 0.001 0.011 0.087 0.003 
 146   (0.011) 0.012 0.000 0.002 0.002 0.001 0.010 0.001 0.001 

Locus 24 : 24 
4 alleles
0.3% missing data
  81   (0.369) 0.386 0.194 0.421 0.270 0.025 0.391 0.308 0.420 
  83   (0.466) 0.458 0.478 0.492 0.706 0.917 0.455 0.580 0.376 
  77   (0.089) 0.078 0.309 0.062 0.013 0.052 0.077 0.063 0.091 
  85   (0.076) 0.078 0.019 0.025 0.011 0.005 0.076 0.048 0.113 

Locus 25 : 25 
6 alleles
0.3% missing data
 126   (0.027) 0.023 0.052 0.007 0.004 0.002 0.022 0.033 0.003 
 132   (0.335) 0.333 0.538 0.235 0.214 0.450 0.338 0.235 0.366 
 124   (0.520) 0.526 0.388 0.649 0.393 0.541 0.521 0.719 0.527 
 122   (0.083) 0.083 0.021 0.100 0.058 0.005 0.085 0.010 0.100 
 136   (0.015) 0.016 0.000 0.005 0.002 0.001 0.014 0.002 0.002 
 120   (0.020) 0.019 0.001 0.004 0.329 0.001 0.020 0.002 0.003 

Locus 26 : 26 
7 alleles
0.0% missing data
 183   (0.353) 0.354 0.557 0.333 0.319 0.423 0.354 0.479 0.307 
 175   (0.285) 0.290 0.237 0.417 0.040 0.446 0.290 0.249 0.302 
 165   (0.222) 0.219 0.148 0.205 0.303 0.057 0.220 0.166 0.286 
 179   (0.090) 0.084 0.056 0.035 0.331 0.006 0.086 0.101 0.098 
 181   (0.033) 0.039 0.001 0.008 0.004 0.067 0.036 0.003 0.005 
 185   (0.008) 0.007 0.000 0.002 0.001 0.001 0.007 0.001 0.001 
 157   (0.008) 0.007 0.000 0.002 0.001 0.000 0.007 0.001 0.001 

Locus 27 : 27 
4 alleles
0.0% missing data
 142   (0.652) 0.651 0.696 0.641 0.354 0.740 0.653 0.617 0.758 
 148   (0.192) 0.203 0.093 0.065 0.624 0.070 0.205 0.165 0.089 
 138   (0.047) 0.039 0.195 0.014 0.006 0.003 0.038 0.207 0.024 
 150   (0.109) 0.108 0.016 0.281 0.015 0.186 0.105 0.012 0.129 

Locus 28 : 28 
6 alleles
1.1% missing data
 260   (0.391) 0.390 0.359 0.443 0.094 0.379 0.390 0.422 0.531 
 262   (0.493) 0.495 0.630 0.457 0.890 0.547 0.494 0.567 0.380 
 264   (0.021) 0.020 0.001 0.008 0.002 0.001 0.019 0.002 0.028 
 256   (0.073) 0.073 0.010 0.086 0.011 0.072 0.076 0.007 0.051 
 258   (0.014) 0.017 0.000 0.004 0.002 0.001 0.016 0.001 0.002 
 266   (0.009) 0.006 0.000 0.002 0.002 0.001 0.006 0.001 0.008 

Locus 29 : 29 
7 alleles
0.6% missing data
 150   (0.446) 0.453 0.655 0.366 0.162 0.295 0.451 0.503 0.554 
 146   (0.257) 0.265 0.182 0.222 0.038 0.336 0.267 0.247 0.224 
 140   (0.178) 0.177 0.118 0.233 0.784 0.062 0.177 0.055 0.163 
 148   (0.071) 0.064 0.039 0.130 0.010 0.304 0.064 0.177 0.028 
 152   (0.031) 0.029 0.001 0.042 0.004 0.002 0.029 0.003 0.029 
 151   (0.009) 0.006 0.003 0.002 0.001 0.001 0.006 0.014 0.001 
 142   (0.008) 0.006 0.002 0.004 0.001 0.001 0.006 0.001 0.001 

Locus 30 : 30 
6 alleles
0.3% missing data
 125   (0.291) 0.317 0.473 0.113 0.158 0.033 0.317 0.345 0.107 
 129   (0.423) 0.399 0.471 0.584 0.228 0.779 0.402 0.580 0.588 
 123   (0.152) 0.147 0.052 0.123 0.022 0.104 0.147 0.064 0.231 
 131   (0.050) 0.059 0.001 0.042 0.008 0.003 0.059 0.005 0.027 
 127   (0.070) 0.068 0.002 0.135 0.537 0.080 0.065 0.006 0.045 
 121   (0.013) 0.010 0.000 0.003 0.048 0.001 0.010 0.001 0.002 

Locus 31 : 31 
6 alleles
0.3% missing data
 155   (0.571) 0.587 0.681 0.335 0.580 0.715 0.589 0.791 0.454 
 153   (0.076) 0.076 0.080 0.055 0.106 0.005 0.076 0.008 0.058 
 159   (0.137) 0.128 0.126 0.222 0.018 0.009 0.127 0.154 0.285 
 157   (0.174) 0.173 0.107 0.375 0.137 0.022 0.172 0.043 0.197 
 151   (0.034) 0.030 0.004 0.010 0.157 0.248 0.030 0.003 0.005 
 163   (0.008) 0.006 0.001 0.002 0.001 0.001 0.006 0.001 0.002 

Locus 32 : 32 
4 alleles
1.1% missing data
  92   (0.328) 0.324 0.270 0.237 0.143 0.436 0.324 0.220 0.387 
  95   (0.171) 0.178 0.121 0.339 0.297 0.406 0.180 0.042 0.076 
  91   (0.431) 0.418 0.559 0.402 0.551 0.153 0.419 0.662 0.526 
  94   (0.070) 0.080 0.050 0.022 0.009 0.005 0.078 0.077 0.012 

Locus 33 : 33 
5 alleles
0.0% missing data
 146   (0.296) 0.309 0.072 0.172 0.579 0.312 0.311 0.079 0.377 
 150   (0.593) 0.587 0.850 0.619 0.405 0.637 0.588 0.871 0.558 
 148   (0.061) 0.052 0.077 0.164 0.009 0.048 0.050 0.043 0.019 
 154   (0.035) 0.043 0.001 0.009 0.005 0.002 0.042 0.005 0.013 
 152   (0.015) 0.010 0.000 0.035 0.002 0.001 0.009 0.001 0.032 

Locus 34 : 34 
7 alleles
0.0% missing data
 180   (0.458) 0.465 0.600 0.363 0.712 0.664 0.462 0.414 0.346 
 184   (0.205) 0.198 0.164 0.188 0.244 0.076 0.196 0.147 0.315 
 196   (0.107) 0.104 0.174 0.037 0.015 0.007 0.101 0.186 0.144 
 198   (0.078) 0.081 0.019 0.023 0.010 0.068 0.086 0.198 0.019 
 194   (0.016) 0.010 0.035 0.004 0.002 0.001 0.010 0.043 0.002 
 192   (0.126) 0.134 0.007 0.381 0.016 0.184 0.138 0.012 0.124 
 190   (0.011) 0.007 0.000 0.003 0.001 0.001 0.007 0.001 0.049 

Locus 35 : 35 
6 alleles
0.0% missing data
 110   (0.176) 0.173 0.368 0.112 0.190 0.075 0.177 0.165 0.094 
 112   (0.357) 0.357 0.473 0.421 0.050 0.063 0.358 0.705 0.406 
 108   (0.123) 0.131 0.012 0.037 0.133 0.113 0.130 0.013 0.097 
  90   (0.036) 0.030 0.024 0.133 0.425 0.002 0.029 0.008 0.005 
 106   (0.300) 0.304 0.123 0.294 0.202 0.702 0.301 0.108 0.396 
  96   (0.009) 0.006 0.000 0.002 0.001 0.045 0.006 0.001 0.001 

Locus 36 : 36 
9 alleles
0.0% missing data
 172   (0.334) 0.328 0.451 0.481 0.049 0.579 0.335 0.255 0.366 
 176   (0.098) 0.099 0.115 0.099 0.014 0.018 0.095 0.329 0.014 
 166   (0.059) 0.046 0.260 0.049 0.008 0.004 0.047 0.204 0.106 
 170   (0.275) 0.288 0.162 0.122 0.588 0.323 0.282 0.170 0.238 
 174   (0.129) 0.138 0.006 0.181 0.019 0.069 0.139 0.016 0.179 
 178   (0.040) 0.039 0.003 0.022 0.006 0.003 0.040 0.021 0.040 
 186   (0.015) 0.011 0.000 0.003 0.002 0.001 0.011 0.001 0.042 
 168   (0.041) 0.042 0.001 0.040 0.314 0.003 0.044 0.004 0.014 
 158   (0.009) 0.008 0.000 0.002 0.001 0.001 0.007 0.001 0.001 

Locus 37 : 37 
6 alleles
0.0% missing data
  85   (0.177) 0.166 0.226 0.162 0.515 0.236 0.170 0.235 0.124 
  89   (0.550) 0.545 0.633 0.759 0.348 0.508 0.550 0.672 0.647 
  83   (0.142) 0.152 0.051 0.044 0.020 0.246 0.151 0.053 0.099 
  95   (0.054) 0.049 0.079 0.014 0.007 0.004 0.047 0.032 0.085 
  81   (0.062) 0.074 0.011 0.017 0.011 0.004 0.069 0.006 0.043 
  91   (0.016) 0.014 0.000 0.004 0.100 0.001 0.013 0.001 0.003 

Locus 38 : 38 
10 alleles
0.0% missing data
 161   (0.335) 0.334 0.527 0.426 0.418 0.376 0.328 0.545 0.263 
 169   (0.103) 0.104 0.126 0.041 0.234 0.007 0.108 0.099 0.155 
 159   (0.021) 0.017 0.032 0.005 0.003 0.001 0.017 0.018 0.004 
 173   (0.246) 0.241 0.136 0.441 0.191 0.507 0.247 0.103 0.288 
 165   (0.226) 0.237 0.168 0.066 0.145 0.105 0.233 0.229 0.240 
 175   (0.009) 0.006 0.000 0.002 0.001 0.001 0.006 0.001 0.043 
 155   (0.020) 0.023 0.001 0.007 0.002 0.001 0.023 0.002 0.003 
 167   (0.020) 0.020 0.011 0.006 0.003 0.002 0.021 0.002 0.003 
 177   (0.008) 0.007 0.000 0.003 0.001 0.001 0.007 0.001 0.001 
 168   (0.011) 0.012 0.000 0.002 0.001 0.001 0.011 0.001 0.001 

Locus 39 : 39 
6 alleles
0.6% missing data
  89   (0.412) 0.419 0.576 0.476 0.056 0.098 0.419 0.671 0.581 
  91   (0.158) 0.169 0.144 0.091 0.178 0.184 0.171 0.032 0.073 
  85   (0.188) 0.189 0.034 0.203 0.124 0.473 0.185 0.082 0.212 
  83   (0.009) 0.006 0.003 0.002 0.001 0.001 0.006 0.001 0.001 
  87   (0.109) 0.098 0.159 0.104 0.623 0.128 0.097 0.134 0.049 
  81   (0.124) 0.119 0.084 0.123 0.018 0.116 0.123 0.081 0.084 

Locus 40 : 40 
4 alleles
0.3% missing data
 167   (0.755) 0.753 0.918 0.854 0.645 0.858 0.755 0.899 0.776 
 161   (0.210) 0.215 0.081 0.137 0.351 0.139 0.212 0.098 0.162 
 165   (0.026) 0.024 0.001 0.007 0.003 0.002 0.026 0.003 0.061 
 177   (0.009) 0.008 0.000 0.002 0.001 0.001 0.007 0.001 0.001 

Locus 41 : 41 
6 alleles
0.3% missing data
 228   (0.436) 0.421 0.528 0.578 0.611 0.239 0.425 0.650 0.512 
 238   (0.337) 0.358 0.312 0.195 0.098 0.118 0.350 0.271 0.323 
 236   (0.098) 0.090 0.071 0.099 0.274 0.387 0.091 0.020 0.043 
 224   (0.029) 0.021 0.086 0.072 0.004 0.002 0.021 0.047 0.004 
 240   (0.088) 0.099 0.002 0.053 0.011 0.254 0.103 0.008 0.115 
 232   (0.012) 0.011 0.000 0.003 0.001 0.001 0.011 0.004 0.002 

Locus 42 : 42 
7 alleles
0.0% missing data
 130   (0.539) 0.557 0.636 0.565 0.076 0.772 0.561 0.525 0.411 
 134   (0.098) 0.108 0.013 0.097 0.239 0.006 0.102 0.011 0.079 
 114   (0.052) 0.046 0.106 0.081 0.417 0.003 0.045 0.046 0.006 
 128   (0.131) 0.122 0.128 0.173 0.018 0.037 0.123 0.135 0.217 
 132   (0.105) 0.099 0.113 0.032 0.015 0.052 0.098 0.277 0.201 
 118   (0.066) 0.062 0.003 0.050 0.234 0.129 0.065 0.006 0.085 
 136   (0.009) 0.007 0.000 0.002 0.001 0.001 0.007 0.001 0.001 

Locus 43 : 43 
6 alleles
0.8% missing data
  98   (0.112) 0.098 0.213 0.148 0.237 0.099 0.099 0.094 0.059 
 104   (0.403) 0.427 0.206 0.537 0.058 0.412 0.431 0.142 0.504 
 102   (0.279) 0.266 0.388 0.241 0.519 0.476 0.263 0.439 0.345 
 106   (0.009) 0.007 0.001 0.005 0.001 0.001 0.007 0.001 0.001 
  92   (0.134) 0.143 0.092 0.045 0.067 0.009 0.141 0.268 0.064 
  96   (0.064) 0.059 0.100 0.024 0.118 0.004 0.060 0.055 0.027 

Locus 44 : 44 
5 alleles
0.3% missing data
 101   (0.310) 0.317 0.440 0.425 0.043 0.190 0.307 0.290 0.248 
 103   (0.300) 0.290 0.194 0.198 0.256 0.347 0.295 0.334 0.453 
  95   (0.233) 0.235 0.328 0.122 0.131 0.453 0.236 0.191 0.210 
  99   (0.145) 0.150 0.037 0.253 0.412 0.009 0.154 0.184 0.087 
  97   (0.011) 0.008 0.000 0.002 0.158 0.001 0.008 0.001 0.002 

Locus 45 : 45 
7 alleles
0.3% missing data
 181   (0.587) 0.573 0.764 0.539 0.529 0.859 0.573 0.711 0.709 
 191   (0.281) 0.300 0.179 0.428 0.256 0.103 0.299 0.126 0.181 
 177   (0.062) 0.057 0.055 0.015 0.009 0.004 0.057 0.158 0.060 
 193   (0.010) 0.006 0.000 0.002 0.001 0.001 0.006 0.001 0.042 
 179   (0.040) 0.047 0.001 0.011 0.203 0.003 0.048 0.004 0.005 
 189   (0.009) 0.005 0.000 0.002 0.001 0.030 0.005 0.001 0.001 
 183   (0.012) 0.012 0.000 0.003 0.002 0.001 0.011 0.001 0.002 

Locus 46 : 46 
6 alleles
0.8% missing data
 205   (0.468) 0.483 0.517 0.439 0.279 0.408 0.490 0.559 0.546 
 207   (0.136) 0.130 0.121 0.056 0.018 0.202 0.125 0.187 0.218 
 211   (0.228) 0.231 0.243 0.388 0.319 0.271 0.229 0.143 0.111 
 201   (0.073) 0.066 0.072 0.056 0.371 0.005 0.066 0.058 0.055 
 215   (0.084) 0.079 0.047 0.058 0.012 0.114 0.078 0.052 0.067 
 202   (0.012) 0.012 0.000 0.003 0.001 0.001 0.012 0.001 0.002 

Locus 47 : 47 
9 alleles
1.1% missing data
 144   (0.080) 0.071 0.221 0.029 0.012 0.130 0.071 0.163 0.046 
 166   (0.137) 0.122 0.315 0.041 0.067 0.381 0.121 0.170 0.227 
 168   (0.142) 0.140 0.224 0.079 0.188 0.110 0.137 0.078 0.047 
 142   (0.356) 0.371 0.122 0.626 0.053 0.286 0.377 0.239 0.537 
 158   (0.172) 0.182 0.113 0.192 0.026 0.085 0.182 0.319 0.075 
 162   (0.031) 0.028 0.001 0.008 0.116 0.002 0.030 0.003 0.031 
 164   (0.045) 0.051 0.001 0.014 0.006 0.003 0.049 0.016 0.027 
 170   (0.012) 0.011 0.003 0.003 0.002 0.001 0.011 0.001 0.002 
 156   (0.025) 0.022 0.001 0.007 0.529 0.002 0.021 0.011 0.007 

Locus 48 : 48 
7 alleles
6.1% missing data
 151   (0.180) 0.175 0.187 0.367 0.073 0.012 0.174 0.514 0.143 
 153   (0.217) 0.224 0.350 0.220 0.029 0.029 0.226 0.157 0.356 
 149   (0.358) 0.365 0.229 0.327 0.333 0.336 0.363 0.199 0.382 
 145   (0.188) 0.188 0.198 0.067 0.508 0.619 0.187 0.103 0.112 
 147   (0.032) 0.026 0.033 0.011 0.054 0.002 0.027 0.025 0.005 
 152   (0.009) 0.006 0.003 0.003 0.001 0.001 0.006 0.001 0.001 
 143   (0.015) 0.016 0.000 0.004 0.002 0.001 0.017 0.001 0.002 

Values of parameters used in structure:
DATAFILE=temp3.str,	OUTFILE=k8/temp3_k8_run6,	NUMINDS=361,	NUMLOCI=48,	MISSING=-9,	LABEL=1,	POPDATA=1,	POPFLAG=0,	PHENOTYPE=0,	EXTRACOLS=0,	MAXPOPS=8,	BURNIN=500000,	NUMREPS=750000,	USEPOPINFO=0,	INFERALPHA=1,	INFERLAMBDA=0,	POPSPECIFICLAMBDA=0,	POPALPHAS=0,	COMPUTEPROB=1,	NOADMIX=0,	ADMBURNIN=500,	UPDATEFREQ=100,	PRINTLIKES=0,	INTERMEDSAVE=0,	PRINTKLD=0,	PRINTNET=1,	PRINTLAMBDA=1,	ANCESTDIST=0,	NUMBOXES=1000,	ANCESTPINT=0.90000,	GENSBACK=2,	MIGRPRIOR=0.01000,	PRINTQHAT=0,	PRINTQSUM=1,	ALPHA=1.0000,	FREQSCORR=1,	FPRIORMEAN=0.0100,	FPRIORSD=0.0500,	ONEFST=0,	LAMBDA=1.0000,	UNIFPRIORALPHA=1,	ALPHAMAX=10.0000,	ALPHAPRIORA=1.0000,	ALPHAPRIORB=2.0000,	ALPHAPROPSD=0.0250,	STARTATPOPINFO=0,	RANDOMIZE=0,	LINKAGE=0,	METROFREQ=10,	REPORTHITRATE=0,	MARKOVPHASE=0,	PHASED=1,	PLOIDY=2,	PHASEINFO=0	LOCPRIOR=0, 	LOCPRIORINIT=1.000000, 	LOCDATA=0, 	LOCISPOP=1, 	LOCPRIORSTEP=0.100000, 	MAXLOCPRIOR=20.000000, 	SEED=898483,	
[STRAT parameters]:    NUMSIMSTATS=1000,	PHENOTYPECOL=-9,	POOLFREQ=10,	LOCUSxONLY=0,	EMERROR=0.00100,	MISSINGPHENO=-9,	