

----------------------------------------------------
STRUCTURE by Pritchard, Stephens and Donnelly (2000)
     and Falush, Stephens and Pritchard (2003)
       Code by Pritchard, Falush and Hubisz
             Version 2.3.4 (Jul 2012)
----------------------------------------------------



Command line arguments:   structure -D 604591 -K 11 -m mainparams -o k11/temp3_k11_run1 
Input File:    temp3.str

Run parameters:
   361 individuals
   49 loci
   11 populations assumed
   500000 Burn-in period
   750000 Reps
RANDOMIZE turned off


--------------------------------------------
Proportion of membership of each pre-defined
 population in each of the 11 clusters

Given    Inferred Clusters                                                               Number of
 Pop       1      2      3      4      5      6      7      8      9     10     11      Individuals

  1:     0.010  0.008  0.005  0.011  0.012  0.009  0.015  0.011  0.012  0.895  0.013       20
  2:     0.005  0.006  0.004  0.011  0.007  0.006  0.007  0.726  0.010  0.211  0.007       31
  3:     0.004  0.020  0.005  0.010  0.009  0.008  0.009  0.031  0.007  0.890  0.009       20
  4:     0.014  0.036  0.014  0.013  0.075  0.020  0.092  0.174  0.056  0.423  0.083        8
  5:     0.957  0.004  0.003  0.003  0.005  0.004  0.005  0.004  0.005  0.005  0.005       29
  6:     0.003  0.003  0.965  0.003  0.005  0.004  0.005  0.002  0.002  0.003  0.005        8
  7:     0.024  0.112  0.007  0.009  0.270  0.027  0.247  0.012  0.031  0.011  0.250       21
  8:     0.028  0.060  0.014  0.007  0.256  0.038  0.280  0.011  0.018  0.018  0.271       34
  9:     0.008  0.236  0.005  0.009  0.049  0.463  0.055  0.021  0.087  0.016  0.050       32
 10:     0.013  0.148  0.004  0.007  0.037  0.538  0.042  0.024  0.130  0.015  0.041       25
 11:     0.011  0.185  0.008  0.012  0.184  0.111  0.186  0.011  0.089  0.010  0.190       30
 12:     0.007  0.018  0.004  0.012  0.021  0.014  0.023  0.246  0.019  0.614  0.021       19
 13:     0.005  0.011  0.004  0.354  0.008  0.032  0.009  0.203  0.012  0.354  0.008       17
 14:     0.006  0.014  0.003  0.022  0.393  0.007  0.243  0.009  0.028  0.015  0.259        4
 15:     0.008  0.011  0.004  0.009  0.011  0.009  0.012  0.069  0.008  0.849  0.011       63
--------------------------------------------

Allele-freq. divergence among pops (Net nucleotide distance),
computed using point estimates of P.

      1       2       3       4       5       6       7       8       9      10      11      
 1      -    0.0706  0.1310  0.1613  0.0540  0.0709  0.0526  0.0882  0.0798  0.0765  0.0536  
 2   0.0706     -    0.1168  0.1246  0.0131  0.0177  0.0124  0.0500  0.0268  0.0410  0.0128  
 3   0.1310  0.1168     -    0.2029  0.0949  0.1199  0.0931  0.1317  0.1266  0.1362  0.0941  
 4   0.1613  0.1246  0.2029     -    0.1032  0.1248  0.1018  0.1140  0.1300  0.1053  0.1021  
 5   0.0540  0.0131  0.0949  0.1032     -    0.0177  0.0002  0.0325  0.0216  0.0277  0.0001  
 6   0.0709  0.0177  0.1199  0.1248  0.0177     -    0.0165  0.0495  0.0339  0.0419  0.0171  
 7   0.0526  0.0124  0.0931  0.1018  0.0002  0.0165     -    0.0313  0.0208  0.0266  0.0001  
 8   0.0882  0.0500  0.1317  0.1140  0.0325  0.0495  0.0313     -    0.0514  0.0249  0.0321  
 9   0.0798  0.0268  0.1266  0.1300  0.0216  0.0339  0.0208  0.0514     -    0.0487  0.0212  
10   0.0765  0.0410  0.1362  0.1053  0.0277  0.0419  0.0266  0.0249  0.0487     -    0.0274  
11   0.0536  0.0128  0.0941  0.1021  0.0001  0.0171  0.0001  0.0321  0.0212  0.0274     -    

Average distances (expected heterozygosity) between individuals in same cluster:
cluster  1  : 0.5517 
cluster  2  : 0.5966 
cluster  3  : 0.5394 
cluster  4  : 0.4271 
cluster  5  : 0.6423 
cluster  6  : 0.5735 
cluster  7  : 0.6461 
cluster  8  : 0.5540 
cluster  9  : 0.5901 
cluster 10  : 0.5443 
cluster 11  : 0.6446 

--------------------------------------------
Estimated Ln Prob of Data   = -39785.9
Mean value of ln likelihood = -38363.2
Variance of ln likelihood   = 2845.3
Mean value of alpha         = 0.0340

Mean value of Fst_1         = 0.2063
Mean value of Fst_2         = 0.0754
Mean value of Fst_3         = 0.2948
Mean value of Fst_4         = 0.4108
Mean value of Fst_5         = 0.0189
Mean value of Fst_6         = 0.0841
Mean value of Fst_7         = 0.0087
Mean value of Fst_8         = 0.1479
Mean value of Fst_9         = 0.1315
Mean value of Fst_10         = 0.1203
Mean value of Fst_11         = 0.0158


Inferred ancestry of individuals:
        Label (%Miss) Pop:  Inferred clusters
  1       34    (0)    1 :  0.002 0.006 0.003 0.013 0.008 0.005 0.009 0.015 0.027 0.903 0.008 
  2       38    (0)    1 :  0.048 0.010 0.005 0.022 0.029 0.021 0.035 0.012 0.015 0.774 0.030 
  3       41    (0)    1 :  0.002 0.003 0.001 0.003 0.003 0.003 0.003 0.005 0.003 0.971 0.003 
  4       44    (0)    1 :  0.003 0.004 0.001 0.004 0.005 0.004 0.006 0.007 0.004 0.956 0.005 
  5       45    (0)    1 :  0.002 0.005 0.002 0.022 0.003 0.005 0.003 0.017 0.002 0.935 0.003 
  6       47    (0)    1 :  0.030 0.030 0.010 0.003 0.076 0.014 0.119 0.008 0.035 0.590 0.087 
  7       50    (0)    1 :  0.004 0.005 0.009 0.008 0.030 0.004 0.028 0.036 0.016 0.828 0.034 
  8      384    (0)    1 :  0.003 0.006 0.004 0.004 0.006 0.023 0.007 0.019 0.019 0.902 0.006 
  9      385    (2)    1 :  0.011 0.006 0.007 0.007 0.013 0.007 0.013 0.011 0.007 0.904 0.014 
 10      386    (0)    1 :  0.002 0.003 0.001 0.004 0.003 0.002 0.003 0.010 0.003 0.967 0.003 
 11      387    (0)    1 :  0.007 0.006 0.002 0.011 0.006 0.005 0.006 0.011 0.004 0.936 0.006 
 12      388    (0)    1 :  0.006 0.004 0.001 0.060 0.003 0.004 0.003 0.005 0.003 0.907 0.003 
 13      389    (0)    1 :  0.004 0.008 0.002 0.007 0.003 0.005 0.003 0.003 0.003 0.959 0.003 
 14      390    (4)    1 :  0.020 0.014 0.026 0.003 0.013 0.015 0.015 0.012 0.004 0.865 0.013 
 15      391    (0)    1 :  0.008 0.008 0.003 0.010 0.006 0.032 0.007 0.006 0.008 0.904 0.007 
 16      392    (0)    1 :  0.002 0.009 0.002 0.002 0.004 0.006 0.004 0.008 0.006 0.954 0.004 
 17      393    (2)    1 :  0.012 0.004 0.002 0.003 0.003 0.005 0.003 0.004 0.004 0.956 0.003 
 18      394    (0)    1 :  0.002 0.004 0.002 0.012 0.003 0.003 0.003 0.004 0.003 0.963 0.003 
 19      395    (0)    1 :  0.010 0.008 0.010 0.006 0.014 0.008 0.016 0.008 0.015 0.891 0.015 
 20      396    (0)    1 :  0.016 0.009 0.016 0.026 0.005 0.005 0.006 0.022 0.057 0.832 0.005 
 21      328    (0)   10 :  0.013 0.013 0.011 0.003 0.122 0.147 0.130 0.391 0.009 0.049 0.112 
 22      333    (0)   10 :  0.005 0.217 0.001 0.002 0.014 0.710 0.013 0.006 0.011 0.005 0.015 
 23      918    (0)   10 :  0.109 0.034 0.007 0.021 0.015 0.765 0.016 0.003 0.007 0.008 0.013 
 24      919    (0)   10 :  0.004 0.088 0.002 0.020 0.015 0.821 0.015 0.006 0.006 0.008 0.015 
 25      920    (0)   10 :  0.002 0.007 0.002 0.004 0.006 0.950 0.007 0.006 0.005 0.004 0.007 
 26      921    (0)   10 :  0.002 0.006 0.002 0.002 0.008 0.004 0.005 0.006 0.954 0.006 0.005 
 27      922    (0)   10 :  0.004 0.592 0.001 0.008 0.013 0.296 0.014 0.028 0.010 0.021 0.014 
 28      926    (0)   10 :  0.002 0.017 0.002 0.003 0.005 0.945 0.005 0.003 0.010 0.003 0.006 
 29      927    (0)   10 :  0.004 0.440 0.001 0.006 0.007 0.505 0.007 0.004 0.013 0.008 0.007 
 30      928    (0)   10 :  0.004 0.763 0.002 0.018 0.027 0.070 0.035 0.009 0.011 0.033 0.028 
 31      929    (0)   10 :  0.002 0.210 0.008 0.019 0.086 0.366 0.089 0.032 0.047 0.048 0.093 
 32      930    (0)   10 :  0.004 0.136 0.011 0.004 0.093 0.442 0.111 0.015 0.068 0.014 0.103 
 33      932    (0)   10 :  0.005 0.035 0.002 0.001 0.006 0.015 0.007 0.007 0.910 0.005 0.006 
 34      933    (0)   10 :  0.102 0.008 0.005 0.002 0.013 0.817 0.018 0.004 0.009 0.008 0.015 
 35      949    (0)   10 :  0.002 0.030 0.002 0.002 0.003 0.003 0.004 0.003 0.945 0.003 0.003 
 36      950    (0)   10 :  0.015 0.101 0.003 0.005 0.070 0.534 0.058 0.004 0.142 0.005 0.064 
 37      964    (4)   10 :  0.002 0.437 0.016 0.006 0.037 0.366 0.045 0.006 0.022 0.014 0.049 
 38      986    (0)   10 :  0.004 0.018 0.002 0.008 0.022 0.856 0.021 0.009 0.019 0.011 0.029 
 39      987    (0)   10 :  0.015 0.391 0.002 0.007 0.099 0.108 0.152 0.016 0.011 0.040 0.159 
 40     1001    (4)   10 :  0.002 0.017 0.003 0.004 0.007 0.929 0.008 0.005 0.006 0.013 0.007 
 41     1002    (4)   10 :  0.007 0.006 0.005 0.010 0.005 0.943 0.006 0.003 0.003 0.007 0.006 
 42     1003    (2)   10 :  0.003 0.029 0.005 0.011 0.219 0.177 0.255 0.012 0.019 0.036 0.234 
 43     1004    (0)   10 :  0.005 0.013 0.004 0.001 0.007 0.945 0.008 0.003 0.003 0.003 0.008 
 44     1005    (0)   10 :  0.012 0.083 0.003 0.005 0.018 0.800 0.018 0.004 0.011 0.028 0.018 
 45     1010    (0)   10 :  0.007 0.010 0.001 0.004 0.004 0.949 0.004 0.006 0.003 0.006 0.004 
 46      341    (0)   11 :  0.018 0.010 0.004 0.023 0.214 0.004 0.358 0.004 0.091 0.004 0.271 
 47      343    (0)   11 :  0.012 0.034 0.004 0.013 0.217 0.012 0.388 0.002 0.008 0.008 0.301 
 48      914    (0)   11 :  0.003 0.007 0.002 0.119 0.006 0.835 0.006 0.005 0.006 0.007 0.005 
 49      916    (0)   11 :  0.004 0.014 0.003 0.006 0.265 0.009 0.260 0.083 0.005 0.018 0.332 
 50      924    (0)   11 :  0.016 0.350 0.002 0.003 0.130 0.223 0.112 0.005 0.010 0.004 0.144 
 51      938    (0)   11 :  0.002 0.037 0.004 0.013 0.008 0.017 0.009 0.010 0.881 0.011 0.008 
 52      939    (0)   11 :  0.006 0.855 0.001 0.002 0.004 0.008 0.004 0.003 0.105 0.006 0.004 
 53      940    (0)   11 :  0.003 0.082 0.005 0.002 0.149 0.450 0.113 0.005 0.073 0.004 0.114 
 54      941    (2)   11 :  0.013 0.462 0.008 0.003 0.008 0.011 0.008 0.004 0.471 0.004 0.009 
 55      942    (0)   11 :  0.014 0.015 0.004 0.003 0.284 0.014 0.304 0.007 0.010 0.005 0.341 
 56      943    (0)   11 :  0.003 0.019 0.002 0.003 0.297 0.086 0.274 0.037 0.007 0.015 0.257 
 57      944    (0)   11 :  0.003 0.914 0.003 0.014 0.012 0.013 0.010 0.009 0.004 0.010 0.009 
 58      945    (0)   11 :  0.002 0.008 0.002 0.001 0.007 0.947 0.006 0.003 0.014 0.003 0.006 
 59      946    (0)   11 :  0.003 0.266 0.093 0.004 0.186 0.020 0.191 0.008 0.013 0.007 0.208 
 60      947    (0)   11 :  0.036 0.016 0.002 0.041 0.331 0.040 0.260 0.004 0.012 0.004 0.255 
 61      951    (0)   11 :  0.010 0.013 0.005 0.004 0.273 0.019 0.309 0.006 0.018 0.003 0.338 
 62      952    (0)   11 :  0.079 0.060 0.013 0.007 0.197 0.036 0.346 0.004 0.016 0.006 0.237 
 63      953    (0)   11 :  0.014 0.393 0.003 0.004 0.024 0.011 0.028 0.031 0.446 0.017 0.029 
 64      954    (0)   11 :  0.007 0.701 0.009 0.005 0.091 0.014 0.064 0.003 0.011 0.008 0.086 
 65      955    (0)   11 :  0.015 0.018 0.017 0.009 0.323 0.081 0.250 0.003 0.027 0.004 0.254 
 66      961    (6)   11 :  0.004 0.016 0.002 0.004 0.412 0.012 0.230 0.012 0.030 0.021 0.257 
 67      974    (0)   11 :  0.021 0.567 0.014 0.007 0.133 0.013 0.093 0.003 0.029 0.005 0.115 
 68      975    (4)   11 :  0.003 0.088 0.003 0.007 0.242 0.022 0.260 0.020 0.012 0.015 0.330 
 69      980    (0)   11 :  0.013 0.041 0.002 0.005 0.276 0.137 0.234 0.009 0.021 0.006 0.254 
 70      981    (0)   11 :  0.004 0.013 0.003 0.016 0.191 0.008 0.243 0.006 0.237 0.008 0.271 
 71      982    (0)   11 :  0.002 0.293 0.002 0.029 0.130 0.199 0.133 0.016 0.005 0.034 0.159 
 72      984    (0)   11 :  0.004 0.175 0.012 0.004 0.172 0.007 0.315 0.011 0.042 0.034 0.223 
 73      985    (0)   11 :  0.008 0.023 0.004 0.002 0.325 0.011 0.287 0.005 0.027 0.009 0.299 
 74     2578    (6)   11 :  0.002 0.053 0.007 0.009 0.256 0.076 0.238 0.005 0.015 0.005 0.333 
 75     2580    (2)   11 :  0.004 0.019 0.008 0.012 0.373 0.006 0.248 0.017 0.036 0.023 0.255 
 76     2498    (4)   12 :  0.008 0.006 0.005 0.002 0.007 0.006 0.008 0.018 0.016 0.917 0.008 
 77     2513    (2)   12 :  0.011 0.005 0.002 0.010 0.007 0.008 0.007 0.033 0.005 0.906 0.006 
 78     2514    (2)   12 :  0.004 0.022 0.002 0.003 0.035 0.012 0.033 0.067 0.027 0.763 0.032 
 79     2597    (6)   12 :  0.004 0.017 0.011 0.018 0.019 0.020 0.024 0.020 0.034 0.814 0.020 
 80     2499    (4)   12 :  0.016 0.045 0.004 0.018 0.050 0.005 0.044 0.141 0.011 0.625 0.041 
 81     2500    (0)   12 :  0.007 0.003 0.005 0.004 0.008 0.003 0.007 0.021 0.009 0.927 0.007 
 82     2506    (2)   12 :  0.004 0.005 0.005 0.021 0.007 0.006 0.008 0.233 0.007 0.696 0.008 
 83     2509    (6)   12 :  0.023 0.008 0.008 0.015 0.037 0.018 0.044 0.037 0.091 0.684 0.036 
 84     2511    (2)   12 :  0.006 0.006 0.001 0.021 0.008 0.006 0.008 0.746 0.004 0.188 0.008 
 85     2512    (2)   12 :  0.002 0.004 0.007 0.059 0.006 0.006 0.006 0.110 0.004 0.789 0.007 
 86     2515    (2)   12 :  0.002 0.012 0.001 0.003 0.005 0.005 0.006 0.783 0.003 0.175 0.005 
 87     2516    (2)   12 :  0.002 0.016 0.001 0.012 0.023 0.011 0.020 0.223 0.017 0.651 0.024 
 88     2517    (4)   12 :  0.003 0.012 0.002 0.008 0.008 0.042 0.009 0.580 0.007 0.321 0.008 
 89     2518    (2)   12 :  0.006 0.106 0.004 0.008 0.023 0.036 0.022 0.347 0.007 0.420 0.021 
 90     2519    (0)   12 :  0.018 0.020 0.002 0.016 0.077 0.063 0.122 0.096 0.010 0.483 0.092 
 91     2520    (2)   12 :  0.002 0.003 0.002 0.006 0.004 0.003 0.004 0.585 0.002 0.387 0.004 
 92     2521    (2)   12 :  0.004 0.040 0.002 0.005 0.041 0.007 0.039 0.574 0.064 0.182 0.042 
 93     2603    (4)   12 :  0.003 0.008 0.003 0.004 0.019 0.004 0.025 0.042 0.037 0.834 0.021 
 94     2606    (2)   12 :  0.002 0.011 0.005 0.004 0.010 0.007 0.010 0.025 0.009 0.906 0.011 
 95      718    (0)   13 :  0.006 0.004 0.004 0.571 0.006 0.011 0.007 0.085 0.009 0.291 0.006 
 96      719    (0)   13 :  0.010 0.026 0.005 0.324 0.016 0.012 0.017 0.019 0.006 0.547 0.017 
 97      720    (0)   13 :  0.001 0.006 0.001 0.644 0.007 0.006 0.006 0.089 0.004 0.229 0.007 
 98      721    (0)   13 :  0.021 0.018 0.012 0.040 0.024 0.026 0.025 0.240 0.006 0.563 0.023 
 99      722    (0)   13 :  0.002 0.017 0.002 0.400 0.004 0.005 0.004 0.398 0.007 0.156 0.004 
100      723    (0)   13 :  0.004 0.019 0.001 0.010 0.006 0.014 0.006 0.085 0.016 0.832 0.006 
101      724    (0)   13 :  0.002 0.008 0.005 0.297 0.004 0.006 0.004 0.006 0.002 0.662 0.004 
102      725    (0)   13 :  0.006 0.004 0.003 0.343 0.004 0.006 0.004 0.178 0.003 0.445 0.004 
103      726    (0)   13 :  0.003 0.006 0.003 0.667 0.016 0.008 0.017 0.055 0.103 0.108 0.015 
104      727    (0)   13 :  0.003 0.003 0.002 0.008 0.003 0.004 0.003 0.006 0.003 0.964 0.003 
105      728    (2)   13 :  0.002 0.038 0.002 0.629 0.008 0.004 0.009 0.105 0.004 0.191 0.009 
106      729    (0)   13 :  0.004 0.010 0.008 0.070 0.014 0.373 0.016 0.232 0.014 0.244 0.014 
107      730    (0)   13 :  0.001 0.002 0.003 0.981 0.002 0.002 0.002 0.002 0.002 0.001 0.002 
108      731    (0)   13 :  0.007 0.012 0.004 0.051 0.012 0.018 0.015 0.635 0.006 0.225 0.015 
109      732    (0)   13 :  0.005 0.002 0.002 0.958 0.003 0.003 0.004 0.004 0.005 0.011 0.003 
110      733    (0)   13 :  0.003 0.006 0.015 0.018 0.005 0.034 0.006 0.562 0.019 0.325 0.005 
111      734    (0)   13 :  0.002 0.003 0.003 0.005 0.003 0.006 0.003 0.754 0.002 0.217 0.003 
112     1079    (0)   14 :  0.003 0.018 0.002 0.045 0.424 0.007 0.208 0.005 0.025 0.010 0.253 
113     1081    (0)   14 :  0.007 0.018 0.003 0.011 0.383 0.008 0.263 0.007 0.021 0.023 0.256 
114     1082    (2)   14 :  0.008 0.007 0.004 0.004 0.382 0.004 0.259 0.014 0.036 0.005 0.276 
115     1083    (0)   14 :  0.006 0.012 0.003 0.028 0.382 0.011 0.244 0.012 0.030 0.021 0.251 
116     2055    (0)   15 :  0.002 0.032 0.003 0.004 0.008 0.022 0.009 0.475 0.003 0.433 0.009 
117     2056    (0)   15 :  0.011 0.007 0.004 0.003 0.009 0.005 0.009 0.469 0.008 0.464 0.009 
118     2057    (0)   15 :  0.003 0.010 0.003 0.008 0.014 0.007 0.014 0.032 0.034 0.863 0.014 
119     2058    (0)   15 :  0.005 0.002 0.001 0.005 0.003 0.003 0.003 0.009 0.003 0.963 0.003 
120     2059    (0)   15 :  0.003 0.004 0.002 0.003 0.005 0.004 0.006 0.013 0.007 0.947 0.005 
121     2060    (0)   15 :  0.002 0.005 0.007 0.005 0.005 0.003 0.006 0.016 0.007 0.939 0.005 
122     2061    (0)   15 :  0.005 0.009 0.022 0.004 0.011 0.006 0.012 0.004 0.005 0.912 0.011 
123     2062    (0)   15 :  0.005 0.010 0.003 0.014 0.010 0.016 0.010 0.011 0.011 0.900 0.010 
124     2063    (0)   15 :  0.002 0.003 0.003 0.004 0.004 0.005 0.004 0.015 0.005 0.952 0.004 
125     2064    (0)   15 :  0.002 0.003 0.003 0.004 0.004 0.003 0.004 0.009 0.003 0.962 0.004 
126     2065    (0)   15 :  0.002 0.002 0.001 0.018 0.002 0.002 0.002 0.025 0.002 0.942 0.002 
127     2066    (0)   15 :  0.002 0.005 0.001 0.003 0.004 0.004 0.004 0.033 0.004 0.936 0.004 
128     2067    (0)   15 :  0.008 0.016 0.004 0.003 0.009 0.005 0.009 0.037 0.005 0.894 0.009 
129     2068    (0)   15 :  0.028 0.019 0.005 0.019 0.046 0.015 0.043 0.039 0.020 0.720 0.045 
130     2069    (0)   15 :  0.002 0.003 0.002 0.006 0.003 0.003 0.003 0.009 0.002 0.963 0.004 
131     2070    (0)   15 :  0.002 0.105 0.001 0.003 0.068 0.031 0.143 0.307 0.008 0.241 0.091 
132     2071    (0)   15 :  0.008 0.006 0.010 0.006 0.009 0.005 0.008 0.012 0.006 0.923 0.008 
133     2072    (0)   15 :  0.004 0.003 0.011 0.002 0.008 0.003 0.007 0.033 0.002 0.920 0.007 
134     2073    (0)   15 :  0.008 0.014 0.009 0.043 0.024 0.011 0.024 0.006 0.011 0.826 0.024 
135     2074    (0)   15 :  0.003 0.003 0.003 0.003 0.004 0.003 0.004 0.028 0.002 0.944 0.004 
136     2075    (0)   15 :  0.025 0.005 0.003 0.008 0.007 0.005 0.007 0.163 0.003 0.767 0.007 
137     2076    (0)   15 :  0.002 0.002 0.001 0.003 0.002 0.002 0.002 0.005 0.003 0.975 0.002 
138     2077    (0)   15 :  0.009 0.019 0.006 0.023 0.012 0.012 0.012 0.016 0.016 0.862 0.012 
139     2078    (0)   15 :  0.003 0.010 0.005 0.005 0.005 0.008 0.005 0.031 0.003 0.920 0.005 
140     2079    (0)   15 :  0.031 0.018 0.002 0.004 0.009 0.012 0.009 0.006 0.011 0.888 0.010 
141     2080    (0)   15 :  0.018 0.006 0.003 0.005 0.023 0.003 0.022 0.003 0.005 0.892 0.021 
142     2081    (0)   15 :  0.003 0.004 0.002 0.004 0.005 0.003 0.004 0.009 0.004 0.957 0.004 
143     2082    (0)   15 :  0.009 0.005 0.002 0.010 0.024 0.010 0.024 0.190 0.006 0.694 0.026 
144     2083    (0)   15 :  0.002 0.008 0.003 0.002 0.012 0.005 0.012 0.067 0.009 0.868 0.013 
145     2084    (0)   15 :  0.009 0.006 0.002 0.003 0.009 0.010 0.009 0.012 0.006 0.923 0.009 
146     2085    (0)   15 :  0.003 0.016 0.002 0.010 0.012 0.017 0.011 0.269 0.005 0.643 0.012 
147     2086    (0)   15 :  0.004 0.009 0.003 0.002 0.013 0.007 0.012 0.007 0.008 0.922 0.012 
148     2087    (0)   15 :  0.041 0.007 0.005 0.018 0.006 0.004 0.006 0.006 0.004 0.897 0.006 
149     2088    (0)   15 :  0.015 0.038 0.003 0.003 0.017 0.032 0.020 0.020 0.029 0.806 0.018 
150     2089    (0)   15 :  0.002 0.002 0.001 0.002 0.002 0.003 0.002 0.010 0.002 0.970 0.002 
151     2090    (0)   15 :  0.032 0.007 0.007 0.004 0.008 0.004 0.007 0.010 0.006 0.908 0.007 
152     2091    (0)   15 :  0.003 0.004 0.001 0.003 0.004 0.005 0.004 0.012 0.007 0.953 0.004 
153     2092    (0)   15 :  0.028 0.004 0.002 0.009 0.007 0.006 0.006 0.051 0.003 0.879 0.006 
154     2093    (0)   15 :  0.002 0.003 0.001 0.005 0.003 0.003 0.003 0.008 0.002 0.966 0.003 
155     2094    (0)   15 :  0.001 0.003 0.002 0.002 0.003 0.004 0.003 0.313 0.003 0.663 0.003 
156     2095    (0)   15 :  0.033 0.007 0.005 0.003 0.006 0.005 0.006 0.004 0.005 0.921 0.006 
157     2096    (0)   15 :  0.002 0.003 0.001 0.034 0.003 0.005 0.003 0.113 0.005 0.828 0.003 
158     2097    (0)   15 :  0.002 0.003 0.002 0.004 0.004 0.003 0.004 0.009 0.007 0.959 0.003 
159     2098    (0)   15 :  0.015 0.030 0.003 0.062 0.025 0.013 0.028 0.011 0.018 0.769 0.027 
160     2099    (0)   15 :  0.004 0.015 0.007 0.014 0.051 0.024 0.054 0.388 0.035 0.361 0.048 
161     2100    (0)   15 :  0.003 0.007 0.002 0.006 0.014 0.009 0.013 0.012 0.068 0.850 0.015 
162     2101    (0)   15 :  0.006 0.007 0.003 0.006 0.005 0.008 0.005 0.008 0.007 0.939 0.005 
163     2102    (2)   15 :  0.002 0.003 0.002 0.003 0.004 0.004 0.004 0.047 0.002 0.924 0.004 
164     2103    (0)   15 :  0.005 0.018 0.002 0.007 0.007 0.010 0.007 0.212 0.009 0.718 0.007 
165     2104    (0)   15 :  0.002 0.044 0.001 0.010 0.009 0.033 0.010 0.004 0.007 0.870 0.010 
166     2105    (0)   15 :  0.004 0.033 0.006 0.005 0.007 0.021 0.007 0.023 0.004 0.885 0.006 
167     2106    (0)   15 :  0.002 0.009 0.002 0.003 0.016 0.006 0.014 0.048 0.008 0.879 0.015 
168     2107    (0)   15 :  0.005 0.013 0.003 0.050 0.011 0.021 0.011 0.015 0.005 0.858 0.010 
169     2108    (0)   15 :  0.005 0.007 0.004 0.004 0.011 0.008 0.012 0.007 0.004 0.928 0.011 
170     2109    (0)   15 :  0.003 0.012 0.005 0.005 0.011 0.011 0.012 0.386 0.007 0.536 0.012 
171     2110    (0)   15 :  0.005 0.015 0.004 0.013 0.010 0.036 0.011 0.006 0.004 0.886 0.011 
172     2111    (0)   15 :  0.003 0.005 0.001 0.002 0.004 0.011 0.004 0.004 0.006 0.956 0.004 
173     2112    (0)   15 :  0.004 0.005 0.004 0.007 0.005 0.003 0.005 0.125 0.008 0.830 0.005 
174     2583    (2)   15 :  0.009 0.005 0.005 0.003 0.004 0.004 0.004 0.028 0.004 0.928 0.005 
175     2584    (4)   15 :  0.004 0.006 0.004 0.010 0.011 0.003 0.015 0.011 0.010 0.915 0.011 
176     2587    (2)   15 :  0.002 0.011 0.001 0.002 0.004 0.008 0.004 0.010 0.006 0.946 0.004 
177     2590    (2)   15 :  0.002 0.003 0.014 0.006 0.005 0.005 0.005 0.021 0.004 0.929 0.006 
178     2591    (6)   15 :  0.011 0.011 0.001 0.006 0.008 0.011 0.008 0.046 0.011 0.878 0.008 
179       87    (0)    2 :  0.012 0.005 0.005 0.009 0.009 0.014 0.010 0.909 0.008 0.009 0.010 
180       88    (0)    2 :  0.002 0.002 0.001 0.002 0.002 0.002 0.002 0.971 0.002 0.011 0.002 
181       90    (0)    2 :  0.002 0.003 0.001 0.012 0.003 0.004 0.003 0.554 0.003 0.413 0.003 
182       92    (0)    2 :  0.002 0.007 0.002 0.009 0.009 0.013 0.010 0.862 0.014 0.061 0.010 
183       96    (0)    2 :  0.022 0.009 0.002 0.006 0.010 0.008 0.010 0.090 0.078 0.754 0.010 
184       97    (0)    2 :  0.003 0.008 0.001 0.007 0.006 0.004 0.006 0.910 0.010 0.040 0.005 
185      105    (0)    2 :  0.006 0.004 0.002 0.008 0.004 0.004 0.004 0.951 0.004 0.009 0.004 
186      120    (0)    2 :  0.002 0.002 0.004 0.002 0.002 0.003 0.003 0.973 0.005 0.003 0.003 
187      123    (0)    2 :  0.003 0.007 0.001 0.003 0.004 0.004 0.004 0.373 0.003 0.595 0.004 
188      128    (0)    2 :  0.003 0.003 0.002 0.003 0.005 0.002 0.005 0.015 0.005 0.952 0.005 
189      129    (0)    2 :  0.004 0.013 0.002 0.003 0.007 0.013 0.008 0.126 0.004 0.813 0.007 
190      132    (0)    2 :  0.002 0.003 0.002 0.004 0.005 0.003 0.006 0.949 0.008 0.012 0.006 
191      504    (0)    2 :  0.003 0.009 0.001 0.003 0.005 0.010 0.005 0.741 0.005 0.212 0.005 
192      505    (0)    2 :  0.003 0.004 0.001 0.009 0.005 0.008 0.006 0.905 0.004 0.049 0.005 
193      506    (0)    2 :  0.003 0.009 0.003 0.012 0.015 0.004 0.014 0.443 0.029 0.454 0.015 
194      507    (0)    2 :  0.003 0.004 0.003 0.006 0.006 0.026 0.006 0.912 0.005 0.023 0.006 
195      508    (0)    2 :  0.003 0.014 0.032 0.003 0.013 0.007 0.013 0.873 0.018 0.011 0.013 
196      509    (0)    2 :  0.003 0.008 0.003 0.017 0.019 0.006 0.016 0.842 0.003 0.067 0.017 
197      510    (0)    2 :  0.002 0.005 0.002 0.002 0.006 0.008 0.006 0.954 0.004 0.004 0.006 
198      511    (0)    2 :  0.016 0.006 0.002 0.098 0.008 0.007 0.008 0.750 0.003 0.095 0.007 
199      512    (0)    2 :  0.005 0.006 0.002 0.004 0.004 0.005 0.004 0.838 0.004 0.124 0.004 
200      513    (0)    2 :  0.002 0.003 0.002 0.003 0.004 0.003 0.004 0.918 0.003 0.053 0.004 
201      514    (0)    2 :  0.017 0.006 0.002 0.005 0.011 0.005 0.012 0.301 0.026 0.602 0.011 
202      515    (0)    2 :  0.004 0.014 0.009 0.003 0.015 0.007 0.012 0.859 0.017 0.044 0.015 
203      558    (0)    2 :  0.003 0.010 0.004 0.038 0.005 0.008 0.005 0.892 0.005 0.025 0.005 
204      559    (0)    2 :  0.002 0.003 0.003 0.003 0.003 0.003 0.003 0.556 0.004 0.419 0.003 
205      560    (0)    2 :  0.008 0.004 0.011 0.010 0.005 0.004 0.005 0.492 0.005 0.452 0.005 
206      561    (0)    2 :  0.005 0.003 0.003 0.050 0.005 0.004 0.005 0.816 0.003 0.102 0.005 
207      562    (0)    2 :  0.002 0.007 0.003 0.005 0.008 0.005 0.008 0.912 0.022 0.021 0.007 
208      563    (0)    2 :  0.003 0.003 0.004 0.002 0.003 0.002 0.004 0.969 0.003 0.003 0.004 
209      564    (0)    2 :  0.004 0.006 0.009 0.004 0.005 0.008 0.006 0.836 0.009 0.107 0.006 
210      136    (0)    3 :  0.004 0.004 0.002 0.031 0.007 0.005 0.008 0.007 0.004 0.921 0.008 
211      138    (0)    3 :  0.004 0.008 0.003 0.006 0.006 0.006 0.006 0.017 0.004 0.932 0.006 
212      140    (0)    3 :  0.007 0.009 0.003 0.004 0.008 0.012 0.009 0.018 0.008 0.915 0.008 
213      141    (0)    3 :  0.004 0.018 0.006 0.006 0.032 0.008 0.033 0.013 0.005 0.839 0.036 
214      144    (0)    3 :  0.014 0.003 0.002 0.003 0.005 0.004 0.005 0.008 0.006 0.945 0.005 
215      146    (0)    3 :  0.005 0.002 0.003 0.002 0.005 0.003 0.004 0.152 0.014 0.805 0.004 
216      148    (0)    3 :  0.001 0.007 0.006 0.010 0.022 0.007 0.022 0.062 0.019 0.821 0.023 
217      150    (0)    3 :  0.002 0.004 0.009 0.005 0.005 0.007 0.005 0.005 0.004 0.949 0.005 
218      152    (0)    3 :  0.002 0.005 0.002 0.003 0.004 0.004 0.004 0.012 0.002 0.959 0.004 
219      666    (0)    3 :  0.002 0.006 0.002 0.001 0.004 0.007 0.004 0.006 0.003 0.961 0.004 
220      667    (0)    3 :  0.002 0.006 0.001 0.002 0.011 0.006 0.013 0.010 0.006 0.932 0.011 
221      668    (0)    3 :  0.004 0.010 0.011 0.010 0.009 0.021 0.011 0.037 0.005 0.873 0.011 
222      669    (0)    3 :  0.002 0.006 0.004 0.065 0.004 0.011 0.005 0.041 0.002 0.856 0.004 
223      670    (0)    3 :  0.003 0.268 0.016 0.007 0.017 0.026 0.019 0.056 0.020 0.552 0.017 
224      684    (0)    3 :  0.002 0.004 0.003 0.014 0.004 0.006 0.004 0.013 0.004 0.943 0.004 
225      685    (0)    3 :  0.003 0.003 0.009 0.005 0.007 0.003 0.006 0.005 0.006 0.947 0.006 
226      686    (0)    3 :  0.003 0.012 0.003 0.004 0.006 0.006 0.007 0.124 0.004 0.824 0.006 
227      687    (0)    3 :  0.004 0.004 0.001 0.005 0.004 0.004 0.004 0.004 0.004 0.960 0.004 
228      688    (2)    3 :  0.003 0.003 0.002 0.005 0.004 0.004 0.004 0.006 0.003 0.962 0.004 
229      689    (0)    3 :  0.005 0.011 0.004 0.005 0.011 0.011 0.012 0.019 0.011 0.900 0.011 
230      165    (0)    4 :  0.003 0.023 0.003 0.013 0.019 0.014 0.016 0.038 0.015 0.839 0.016 
231      167    (0)    4 :  0.003 0.019 0.043 0.010 0.042 0.017 0.040 0.026 0.278 0.486 0.035 
232      170    (0)    4 :  0.010 0.017 0.005 0.005 0.008 0.020 0.010 0.017 0.014 0.886 0.009 
233      714    (0)    4 :  0.002 0.016 0.003 0.046 0.006 0.004 0.007 0.777 0.006 0.124 0.007 
234      715    (2)    4 :  0.004 0.024 0.017 0.010 0.116 0.025 0.114 0.323 0.028 0.184 0.156 
235      716    (0)    4 :  0.003 0.008 0.020 0.007 0.023 0.059 0.023 0.021 0.019 0.790 0.027 
236      717    (2)    4 :  0.007 0.178 0.011 0.008 0.131 0.005 0.164 0.187 0.076 0.075 0.157 
237     2346    (2)    4 :  0.078 0.003 0.008 0.002 0.257 0.015 0.361 0.003 0.012 0.002 0.259 
238      189    (0)    5 :  0.900 0.007 0.006 0.004 0.007 0.007 0.007 0.010 0.037 0.009 0.006 
239      190    (0)    5 :  0.974 0.003 0.002 0.002 0.003 0.003 0.003 0.002 0.004 0.003 0.003 
240      193    (0)    5 :  0.955 0.005 0.001 0.002 0.007 0.003 0.009 0.004 0.003 0.004 0.008 
241      761    (0)    5 :  0.976 0.003 0.001 0.002 0.002 0.003 0.002 0.002 0.004 0.002 0.002 
242      762    (0)    5 :  0.959 0.006 0.002 0.007 0.004 0.006 0.004 0.003 0.003 0.004 0.004 
243      763    (0)    5 :  0.959 0.004 0.003 0.003 0.004 0.006 0.004 0.006 0.003 0.005 0.004 
244      764    (0)    5 :  0.969 0.004 0.002 0.004 0.003 0.004 0.003 0.002 0.003 0.004 0.003 
245      765    (0)    5 :  0.959 0.004 0.001 0.003 0.005 0.004 0.005 0.004 0.004 0.004 0.005 
246      778    (0)    5 :  0.867 0.006 0.017 0.004 0.018 0.010 0.018 0.014 0.012 0.016 0.018 
247      779    (0)    5 :  0.960 0.004 0.003 0.003 0.004 0.004 0.004 0.002 0.005 0.007 0.004 
248      780    (0)    5 :  0.973 0.003 0.002 0.001 0.003 0.006 0.003 0.002 0.003 0.002 0.003 
249      781    (0)    5 :  0.954 0.003 0.014 0.006 0.003 0.003 0.003 0.006 0.003 0.003 0.003 
250      782    (0)    5 :  0.955 0.003 0.002 0.002 0.005 0.003 0.005 0.008 0.004 0.009 0.005 
251      783    (0)    5 :  0.986 0.001 0.001 0.001 0.001 0.002 0.001 0.001 0.001 0.002 0.001 
252      784    (0)    5 :  0.961 0.004 0.001 0.002 0.004 0.003 0.005 0.004 0.007 0.003 0.005 
253      785    (0)    5 :  0.963 0.004 0.004 0.005 0.004 0.005 0.004 0.003 0.003 0.003 0.004 
254      786    (0)    5 :  0.965 0.004 0.001 0.001 0.004 0.006 0.004 0.002 0.006 0.004 0.004 
255      787    (0)    5 :  0.972 0.003 0.002 0.002 0.003 0.003 0.003 0.002 0.002 0.005 0.003 
256      788    (0)    5 :  0.929 0.007 0.004 0.003 0.011 0.007 0.010 0.009 0.003 0.007 0.010 
257      789    (0)    5 :  0.943 0.006 0.002 0.001 0.009 0.003 0.010 0.003 0.009 0.005 0.010 
258      790    (0)    5 :  0.952 0.006 0.005 0.002 0.004 0.005 0.005 0.002 0.010 0.004 0.005 
259      791    (0)    5 :  0.945 0.008 0.002 0.002 0.007 0.005 0.007 0.004 0.003 0.011 0.007 
260      792    (0)    5 :  0.977 0.002 0.003 0.004 0.002 0.002 0.002 0.002 0.002 0.002 0.002 
261      793    (0)    5 :  0.953 0.004 0.002 0.004 0.006 0.005 0.006 0.003 0.004 0.007 0.006 
262      794    (0)    5 :  0.962 0.004 0.002 0.002 0.005 0.005 0.005 0.002 0.004 0.002 0.005 
263      795    (0)    5 :  0.966 0.003 0.002 0.003 0.004 0.003 0.004 0.004 0.004 0.002 0.004 
264      796    (0)    5 :  0.980 0.002 0.003 0.002 0.002 0.002 0.002 0.002 0.002 0.002 0.002 
265      797    (0)    5 :  0.975 0.002 0.002 0.002 0.003 0.004 0.003 0.002 0.002 0.002 0.003 
266      798    (0)    5 :  0.962 0.005 0.002 0.002 0.003 0.007 0.003 0.004 0.003 0.006 0.003 
267      282    (0)    6 :  0.002 0.004 0.957 0.001 0.007 0.004 0.007 0.004 0.003 0.003 0.007 
268      284    (0)    6 :  0.011 0.004 0.954 0.010 0.004 0.003 0.003 0.002 0.003 0.003 0.003 
269      287    (0)    6 :  0.003 0.003 0.960 0.003 0.006 0.006 0.006 0.002 0.003 0.003 0.006 
270      295    (0)    6 :  0.001 0.001 0.988 0.001 0.001 0.001 0.001 0.001 0.001 0.001 0.001 
271      302    (0)    6 :  0.001 0.002 0.987 0.001 0.001 0.002 0.001 0.001 0.001 0.001 0.001 
272      306    (4)    6 :  0.005 0.008 0.911 0.006 0.014 0.012 0.014 0.003 0.002 0.010 0.014 
273      308    (0)    6 :  0.001 0.001 0.980 0.003 0.002 0.002 0.002 0.003 0.002 0.002 0.002 
274      867    (0)    6 :  0.001 0.001 0.985 0.002 0.002 0.001 0.002 0.002 0.001 0.001 0.002 
275      315    (0)    7 :  0.047 0.011 0.011 0.002 0.189 0.196 0.309 0.006 0.014 0.011 0.203 
276      565    (0)    7 :  0.028 0.008 0.003 0.003 0.215 0.004 0.417 0.012 0.011 0.007 0.291 
277      566    (2)    7 :  0.013 0.736 0.003 0.009 0.044 0.055 0.050 0.008 0.026 0.005 0.052 
278      567    (2)    7 :  0.004 0.008 0.002 0.008 0.376 0.004 0.241 0.010 0.043 0.026 0.277 
279      877    (0)    7 :  0.004 0.022 0.002 0.051 0.335 0.007 0.256 0.016 0.024 0.008 0.275 
280      878    (0)    7 :  0.006 0.010 0.010 0.005 0.351 0.005 0.264 0.005 0.075 0.004 0.266 
281      879    (0)    7 :  0.006 0.010 0.006 0.005 0.219 0.010 0.288 0.011 0.084 0.006 0.355 
282      880    (0)    7 :  0.005 0.009 0.002 0.009 0.361 0.006 0.235 0.007 0.028 0.006 0.331 
283      881    (0)    7 :  0.009 0.016 0.006 0.005 0.283 0.011 0.382 0.005 0.008 0.005 0.269 
284      882    (0)    7 :  0.010 0.009 0.031 0.003 0.375 0.005 0.237 0.006 0.046 0.005 0.274 
285      883    (0)    7 :  0.004 0.010 0.008 0.002 0.347 0.016 0.296 0.007 0.021 0.009 0.281 
286      884    (0)    7 :  0.003 0.282 0.002 0.004 0.242 0.072 0.167 0.019 0.015 0.018 0.177 
287      885    (0)    7 :  0.004 0.038 0.007 0.003 0.346 0.036 0.241 0.015 0.018 0.005 0.286 
288      886    (0)    7 :  0.196 0.033 0.009 0.003 0.260 0.012 0.219 0.005 0.008 0.010 0.245 
289      887    (0)    7 :  0.004 0.806 0.022 0.002 0.019 0.039 0.021 0.014 0.044 0.011 0.019 
290      888    (0)    7 :  0.006 0.008 0.004 0.004 0.342 0.005 0.245 0.087 0.007 0.021 0.271 
291      889    (0)    7 :  0.005 0.058 0.009 0.004 0.208 0.037 0.273 0.005 0.055 0.006 0.340 
292      890    (0)    7 :  0.017 0.022 0.005 0.057 0.269 0.010 0.255 0.003 0.022 0.005 0.336 
293      891    (0)    7 :  0.005 0.016 0.003 0.012 0.430 0.004 0.231 0.006 0.028 0.010 0.255 
294      892    (0)    7 :  0.005 0.026 0.008 0.003 0.300 0.007 0.284 0.008 0.070 0.009 0.281 
295      893    (0)    7 :  0.121 0.203 0.003 0.003 0.161 0.022 0.268 0.005 0.006 0.039 0.169 
296      319    (2)    8 :  0.006 0.158 0.002 0.003 0.223 0.003 0.270 0.007 0.044 0.007 0.276 
297      335    (0)    8 :  0.016 0.029 0.009 0.011 0.206 0.006 0.337 0.004 0.010 0.008 0.364 
298      895    (0)    8 :  0.006 0.039 0.008 0.004 0.277 0.006 0.335 0.003 0.023 0.005 0.296 
299      896    (0)    8 :  0.003 0.010 0.007 0.002 0.234 0.009 0.407 0.032 0.024 0.008 0.264 
300      897    (0)    8 :  0.006 0.007 0.002 0.001 0.377 0.007 0.258 0.011 0.006 0.004 0.319 
301      898    (0)    8 :  0.005 0.190 0.002 0.004 0.328 0.039 0.183 0.006 0.011 0.006 0.227 
302      899    (0)    8 :  0.004 0.024 0.004 0.002 0.237 0.072 0.260 0.016 0.013 0.166 0.204 
303      900    (0)    8 :  0.035 0.025 0.013 0.005 0.255 0.028 0.319 0.016 0.014 0.007 0.283 
304      901    (0)    8 :  0.030 0.068 0.003 0.004 0.195 0.008 0.293 0.015 0.035 0.117 0.233 
305      902    (0)    8 :  0.003 0.094 0.023 0.002 0.230 0.010 0.371 0.004 0.026 0.006 0.231 
306      903    (0)    8 :  0.003 0.019 0.027 0.002 0.271 0.005 0.377 0.012 0.008 0.004 0.272 
307      904    (0)    8 :  0.002 0.006 0.008 0.004 0.382 0.006 0.248 0.011 0.024 0.008 0.301 
308      905    (0)    8 :  0.004 0.004 0.016 0.008 0.228 0.006 0.352 0.017 0.033 0.034 0.298 
309      906    (0)    8 :  0.006 0.009 0.008 0.002 0.316 0.007 0.272 0.005 0.015 0.003 0.357 
310      907    (0)    8 :  0.007 0.020 0.013 0.006 0.282 0.012 0.315 0.016 0.017 0.004 0.309 
311      908    (0)    8 :  0.006 0.011 0.003 0.004 0.327 0.014 0.333 0.008 0.007 0.013 0.272 
312      909    (0)    8 :  0.283 0.156 0.005 0.003 0.020 0.470 0.017 0.006 0.004 0.017 0.018 
313      910    (0)    8 :  0.101 0.016 0.002 0.002 0.273 0.008 0.248 0.006 0.009 0.005 0.330 
314      911    (0)    8 :  0.033 0.012 0.010 0.024 0.266 0.010 0.251 0.005 0.006 0.012 0.370 
315      912    (0)    8 :  0.002 0.008 0.008 0.012 0.290 0.019 0.244 0.005 0.007 0.004 0.400 
316      913    (0)    8 :  0.043 0.091 0.083 0.003 0.183 0.097 0.231 0.021 0.006 0.039 0.205 
317     2411    (0)    8 :  0.004 0.007 0.004 0.003 0.397 0.006 0.251 0.008 0.009 0.007 0.305 
318     2412    (0)    8 :  0.006 0.586 0.016 0.002 0.042 0.197 0.062 0.016 0.017 0.008 0.047 
319     2413    (0)    8 :  0.018 0.005 0.008 0.004 0.310 0.005 0.318 0.010 0.012 0.009 0.302 
320     2414    (0)    8 :  0.002 0.017 0.004 0.011 0.214 0.018 0.459 0.004 0.006 0.006 0.259 
321     2415    (2)    8 :  0.024 0.025 0.003 0.003 0.275 0.025 0.281 0.020 0.029 0.018 0.295 
322     2417    (4)    8 :  0.007 0.208 0.005 0.011 0.228 0.016 0.251 0.021 0.006 0.042 0.204 
323     2418    (4)    8 :  0.007 0.008 0.004 0.003 0.387 0.007 0.253 0.007 0.020 0.006 0.298 
324     2419    (2)    8 :  0.005 0.093 0.002 0.010 0.222 0.015 0.326 0.004 0.015 0.005 0.304 
325     2420    (0)    8 :  0.006 0.016 0.076 0.004 0.259 0.010 0.308 0.004 0.011 0.003 0.303 
326     2421    (0)    8 :  0.014 0.020 0.005 0.002 0.248 0.126 0.261 0.012 0.056 0.006 0.250 
327     2422    (2)    8 :  0.231 0.009 0.005 0.007 0.245 0.007 0.204 0.003 0.039 0.006 0.242 
328     2423    (0)    8 :  0.012 0.026 0.007 0.067 0.230 0.007 0.345 0.019 0.023 0.015 0.249 
329     2576    (0)    8 :  0.009 0.015 0.075 0.014 0.241 0.011 0.280 0.011 0.011 0.009 0.324 
330      321    (0)    9 :  0.002 0.961 0.002 0.002 0.005 0.007 0.005 0.003 0.003 0.005 0.005 
331      338    (0)    9 :  0.002 0.005 0.002 0.005 0.004 0.964 0.004 0.002 0.006 0.003 0.004 
332      339    (0)    9 :  0.007 0.045 0.004 0.087 0.012 0.790 0.013 0.007 0.013 0.009 0.012 
333      363    (0)    9 :  0.008 0.018 0.010 0.007 0.026 0.019 0.023 0.003 0.860 0.004 0.023 
334      915    (0)    9 :  0.003 0.048 0.003 0.003 0.009 0.895 0.009 0.006 0.004 0.011 0.009 
335      917    (0)    9 :  0.004 0.059 0.001 0.005 0.035 0.662 0.040 0.003 0.149 0.006 0.036 
336      923    (0)    9 :  0.016 0.036 0.007 0.009 0.178 0.216 0.265 0.007 0.045 0.013 0.209 
337      925    (0)    9 :  0.004 0.005 0.003 0.003 0.004 0.962 0.004 0.005 0.004 0.003 0.004 
338      931    (0)    9 :  0.007 0.097 0.002 0.002 0.202 0.300 0.157 0.006 0.035 0.005 0.188 
339      935    (0)    9 :  0.004 0.029 0.003 0.002 0.017 0.883 0.019 0.005 0.011 0.007 0.019 
340      936    (0)    9 :  0.010 0.516 0.004 0.003 0.016 0.397 0.017 0.004 0.013 0.003 0.016 
341      937    (0)    9 :  0.002 0.886 0.001 0.001 0.007 0.078 0.006 0.004 0.005 0.003 0.007 
342      948    (0)    9 :  0.012 0.021 0.004 0.002 0.095 0.636 0.095 0.007 0.033 0.009 0.087 
343      956    (0)    9 :  0.003 0.063 0.001 0.002 0.016 0.834 0.018 0.029 0.006 0.013 0.016 
344      957    (0)    9 :  0.003 0.920 0.002 0.004 0.009 0.025 0.009 0.003 0.015 0.003 0.008 
345      967    (0)    9 :  0.003 0.902 0.003 0.005 0.009 0.043 0.010 0.004 0.007 0.003 0.010 
346      968    (2)    9 :  0.006 0.041 0.002 0.006 0.120 0.502 0.124 0.038 0.026 0.006 0.126 
347      969    (4)    9 :  0.013 0.033 0.003 0.009 0.065 0.706 0.058 0.006 0.028 0.008 0.071 
348      970    (2)    9 :  0.006 0.448 0.043 0.011 0.130 0.036 0.092 0.007 0.116 0.004 0.108 
349      971    (6)    9 :  0.003 0.022 0.002 0.015 0.008 0.639 0.009 0.006 0.276 0.011 0.008 
350      972    (0)    9 :  0.005 0.019 0.009 0.002 0.012 0.909 0.017 0.007 0.005 0.003 0.013 
351      973    (2)    9 :  0.014 0.017 0.004 0.009 0.241 0.035 0.369 0.008 0.009 0.005 0.290 
352      978    (0)    9 :  0.030 0.009 0.003 0.003 0.010 0.895 0.013 0.018 0.005 0.004 0.010 
353      979    (0)    9 :  0.003 0.091 0.004 0.015 0.108 0.044 0.097 0.230 0.086 0.215 0.109 
354      988    (6)    9 :  0.003 0.006 0.001 0.002 0.010 0.014 0.006 0.005 0.940 0.006 0.007 
355      989    (0)    9 :  0.005 0.319 0.004 0.012 0.078 0.335 0.089 0.020 0.046 0.015 0.076 
356      990    (0)    9 :  0.024 0.856 0.006 0.004 0.024 0.009 0.026 0.004 0.007 0.009 0.029 
357      991    (0)    9 :  0.005 0.501 0.002 0.002 0.008 0.437 0.009 0.005 0.020 0.003 0.008 
358      992    (0)    9 :  0.003 0.018 0.017 0.016 0.016 0.862 0.018 0.017 0.010 0.007 0.016 
359     1006    (2)    9 :  0.009 0.010 0.002 0.022 0.007 0.898 0.007 0.024 0.006 0.008 0.007 
360     1017    (0)    9 :  0.015 0.483 0.003 0.005 0.058 0.033 0.106 0.158 0.006 0.070 0.063 
361     2582    (4)    9 :  0.029 0.068 0.014 0.014 0.022 0.737 0.020 0.021 0.004 0.051 0.019 


Estimated Allele Frequencies in each cluster
First column gives estimated ancestral frequencies


Locus 1 : 1 
4 alleles
0.0% missing data
  89   (0.536) 0.639 0.490 0.077 0.702 0.542 0.552 0.543 0.368 0.481 0.636 0.547 
  93   (0.072) 0.048 0.023 0.047 0.008 0.072 0.058 0.071 0.099 0.024 0.061 0.067 
  91   (0.370) 0.311 0.479 0.724 0.288 0.365 0.369 0.364 0.532 0.488 0.302 0.362 
  99   (0.023) 0.001 0.008 0.152 0.002 0.021 0.021 0.022 0.002 0.007 0.001 0.023 

Locus 2 : 2 
6 alleles
1.4% missing data
 136   (0.322) 0.461 0.218 0.200 0.111 0.349 0.062 0.334 0.678 0.218 0.538 0.343 
 138   (0.309) 0.158 0.457 0.751 0.248 0.286 0.508 0.298 0.169 0.244 0.250 0.294 
 140   (0.075) 0.005 0.062 0.010 0.448 0.078 0.031 0.076 0.013 0.114 0.046 0.076 
 134   (0.242) 0.372 0.207 0.032 0.188 0.228 0.276 0.238 0.136 0.403 0.165 0.233 
 142   (0.026) 0.002 0.047 0.003 0.003 0.022 0.119 0.024 0.002 0.013 0.001 0.022 
 132   (0.026) 0.002 0.009 0.003 0.002 0.036 0.004 0.030 0.002 0.007 0.001 0.032 

Locus 3 : 3 
6 alleles
0.0% missing data
 187   (0.355) 0.262 0.306 0.751 0.737 0.359 0.158 0.357 0.487 0.335 0.512 0.352 
 179   (0.237) 0.015 0.321 0.033 0.162 0.255 0.188 0.241 0.351 0.261 0.227 0.247 
 181   (0.240) 0.071 0.136 0.194 0.085 0.216 0.427 0.232 0.148 0.314 0.232 0.233 
 175   (0.057) 0.004 0.110 0.007 0.006 0.063 0.131 0.059 0.004 0.026 0.002 0.058 
 185   (0.076) 0.455 0.116 0.010 0.007 0.080 0.084 0.078 0.006 0.055 0.002 0.078 
 191   (0.035) 0.193 0.011 0.005 0.004 0.028 0.012 0.033 0.003 0.010 0.025 0.032 

Locus 4 : 4 
10 alleles
0.0% missing data
 241   (0.134) 0.151 0.178 0.210 0.017 0.126 0.141 0.130 0.249 0.066 0.028 0.129 
 269   (0.171) 0.101 0.201 0.230 0.018 0.160 0.216 0.166 0.039 0.233 0.153 0.161 
 253   (0.519) 0.465 0.531 0.538 0.668 0.537 0.596 0.527 0.633 0.434 0.726 0.539 
 247   (0.072) 0.276 0.035 0.009 0.006 0.097 0.031 0.083 0.006 0.098 0.002 0.085 
 271   (0.040) 0.003 0.037 0.006 0.005 0.029 0.006 0.035 0.044 0.152 0.027 0.032 
 249   (0.030) 0.002 0.007 0.004 0.283 0.023 0.005 0.027 0.025 0.008 0.062 0.024 
 257   (0.008) 0.000 0.004 0.001 0.001 0.005 0.001 0.007 0.002 0.002 0.000 0.006 
 239   (0.008) 0.001 0.002 0.001 0.001 0.006 0.001 0.007 0.001 0.002 0.000 0.007 
 245   (0.008) 0.000 0.002 0.001 0.001 0.006 0.001 0.007 0.001 0.002 0.000 0.006 
 273   (0.011) 0.001 0.003 0.001 0.001 0.011 0.001 0.011 0.001 0.003 0.000 0.011 

Locus 5 : 5 
7 alleles
0.8% missing data
 103   (0.846) 0.964 0.884 0.978 0.985 0.813 0.957 0.830 0.986 0.945 0.990 0.815 
 104   (0.062) 0.004 0.057 0.009 0.006 0.079 0.023 0.071 0.006 0.022 0.007 0.084 
 105   (0.046) 0.003 0.033 0.006 0.005 0.072 0.014 0.058 0.004 0.020 0.002 0.064 
 102   (0.018) 0.001 0.018 0.003 0.002 0.017 0.003 0.017 0.001 0.005 0.001 0.017 
  99   (0.008) 0.013 0.002 0.001 0.001 0.005 0.001 0.006 0.001 0.002 0.000 0.005 
 101   (0.012) 0.014 0.005 0.001 0.001 0.009 0.002 0.010 0.001 0.004 0.000 0.009 
 107   (0.008) 0.000 0.002 0.001 0.001 0.006 0.001 0.007 0.001 0.002 0.000 0.006 

Locus 6 : 6 
5 alleles
0.3% missing data
 141   (0.293) 0.135 0.311 0.040 0.852 0.268 0.212 0.282 0.385 0.581 0.574 0.281 
 145   (0.399) 0.262 0.496 0.386 0.074 0.439 0.589 0.414 0.128 0.223 0.205 0.421 
 147   (0.064) 0.317 0.027 0.009 0.014 0.053 0.010 0.061 0.137 0.031 0.047 0.059 
 135   (0.233) 0.286 0.163 0.563 0.060 0.230 0.187 0.231 0.348 0.163 0.173 0.228 
 137   (0.011) 0.001 0.003 0.001 0.001 0.011 0.002 0.012 0.001 0.003 0.000 0.011 

Locus 7 : 7 
8 alleles
1.1% missing data
  93   (0.239) 0.071 0.346 0.711 0.611 0.215 0.262 0.227 0.372 0.250 0.324 0.217 
 103   (0.287) 0.504 0.328 0.045 0.091 0.304 0.378 0.290 0.328 0.261 0.409 0.287 
  97   (0.199) 0.259 0.065 0.148 0.026 0.205 0.177 0.204 0.162 0.207 0.161 0.204 
  91   (0.065) 0.153 0.025 0.064 0.006 0.059 0.040 0.064 0.006 0.026 0.039 0.066 
  83   (0.052) 0.003 0.032 0.008 0.005 0.067 0.038 0.061 0.004 0.016 0.002 0.073 
  89   (0.104) 0.007 0.184 0.017 0.253 0.097 0.071 0.103 0.118 0.222 0.015 0.101 
  85   (0.042) 0.003 0.016 0.006 0.006 0.041 0.032 0.041 0.009 0.015 0.050 0.040 
 105   (0.011) 0.001 0.003 0.001 0.001 0.011 0.002 0.011 0.001 0.003 0.000 0.013 

Locus 8 : 8 
8 alleles
0.0% missing data
 129   (0.533) 0.642 0.715 0.153 0.706 0.532 0.695 0.531 0.491 0.477 0.713 0.525 
 149   (0.097) 0.017 0.089 0.013 0.015 0.090 0.041 0.095 0.124 0.130 0.125 0.099 
 143   (0.256) 0.132 0.141 0.733 0.266 0.270 0.232 0.265 0.261 0.360 0.061 0.274 
 141   (0.063) 0.204 0.036 0.009 0.008 0.062 0.015 0.061 0.120 0.019 0.099 0.058 
 131   (0.011) 0.001 0.003 0.044 0.001 0.007 0.011 0.009 0.001 0.003 0.000 0.007 
 133   (0.016) 0.001 0.011 0.002 0.001 0.020 0.003 0.017 0.001 0.004 0.001 0.018 
 127   (0.014) 0.001 0.004 0.046 0.001 0.014 0.002 0.014 0.001 0.004 0.000 0.013 
 145   (0.008) 0.001 0.002 0.001 0.001 0.006 0.001 0.007 0.001 0.002 0.000 0.007 

Locus 9 : 9 
4 alleles
0.0% missing data
 191   (0.373) 0.543 0.198 0.263 0.850 0.372 0.350 0.374 0.632 0.271 0.545 0.381 
 195   (0.147) 0.057 0.074 0.399 0.031 0.132 0.318 0.140 0.057 0.236 0.204 0.136 
 189   (0.471) 0.399 0.727 0.337 0.117 0.491 0.331 0.479 0.310 0.491 0.249 0.478 
 193   (0.008) 0.001 0.002 0.001 0.001 0.005 0.001 0.007 0.001 0.003 0.003 0.005 

Locus 10 : 10 
7 alleles
0.0% missing data
 238   (0.566) 0.349 0.820 0.416 0.135 0.562 0.699 0.564 0.403 0.844 0.622 0.562 
 252   (0.109) 0.035 0.054 0.019 0.303 0.107 0.079 0.108 0.158 0.042 0.104 0.111 
 232   (0.246) 0.275 0.105 0.189 0.549 0.257 0.210 0.251 0.433 0.091 0.248 0.250 
 254   (0.040) 0.256 0.010 0.370 0.010 0.038 0.006 0.038 0.004 0.012 0.024 0.037 
 248   (0.021) 0.084 0.006 0.003 0.002 0.018 0.003 0.020 0.002 0.006 0.001 0.020 
 236   (0.008) 0.001 0.002 0.001 0.001 0.006 0.001 0.007 0.001 0.002 0.000 0.006 
 250   (0.010) 0.001 0.002 0.001 0.001 0.013 0.001 0.012 0.001 0.003 0.000 0.013 

Locus 11 : 11 
3 alleles
0.0% missing data
  87   (0.737) 0.535 0.739 0.965 0.370 0.750 0.856 0.743 0.588 0.895 0.646 0.747 
  89   (0.205) 0.381 0.235 0.028 0.597 0.204 0.110 0.203 0.306 0.073 0.314 0.202 
  91   (0.058) 0.084 0.025 0.007 0.033 0.046 0.034 0.053 0.105 0.032 0.040 0.051 

Locus 12 : 12 
12 alleles
0.0% missing data
 147   (0.051) 0.003 0.067 0.006 0.102 0.042 0.030 0.046 0.329 0.017 0.091 0.041 
 158   (0.232) 0.023 0.113 0.032 0.090 0.241 0.268 0.237 0.326 0.162 0.546 0.241 
 160   (0.215) 0.713 0.239 0.590 0.034 0.192 0.303 0.205 0.164 0.232 0.117 0.198 
 162   (0.251) 0.233 0.297 0.079 0.741 0.277 0.214 0.257 0.146 0.360 0.211 0.256 
 150   (0.008) 0.000 0.002 0.001 0.001 0.004 0.012 0.006 0.001 0.002 0.000 0.005 
 161   (0.111) 0.020 0.148 0.130 0.016 0.112 0.084 0.115 0.023 0.041 0.024 0.119 
 149   (0.022) 0.001 0.010 0.003 0.002 0.018 0.059 0.020 0.002 0.140 0.001 0.018 
 154   (0.019) 0.001 0.006 0.003 0.002 0.023 0.003 0.021 0.001 0.008 0.001 0.023 
 143   (0.023) 0.001 0.007 0.148 0.002 0.024 0.004 0.024 0.002 0.006 0.001 0.027 
 170   (0.051) 0.003 0.059 0.007 0.007 0.056 0.020 0.055 0.006 0.026 0.009 0.061 
 164   (0.008) 0.000 0.002 0.001 0.001 0.006 0.001 0.007 0.001 0.002 0.000 0.006 
 159   (0.009) 0.001 0.051 0.001 0.001 0.005 0.002 0.007 0.001 0.002 0.000 0.005 

Locus 13 : 13 
4 alleles
0.0% missing data
 108   (0.189) 0.199 0.127 0.311 0.418 0.179 0.104 0.187 0.168 0.073 0.163 0.187 
 115   (0.439) 0.288 0.565 0.097 0.519 0.435 0.507 0.435 0.399 0.592 0.587 0.430 
 113   (0.365) 0.513 0.306 0.592 0.062 0.380 0.388 0.371 0.433 0.333 0.249 0.377 
 109   (0.008) 0.000 0.002 0.001 0.001 0.006 0.001 0.007 0.001 0.002 0.000 0.007 

Locus 14 : 14 
7 alleles
2.5% missing data
 172   (0.427) 0.294 0.545 0.618 0.055 0.464 0.446 0.441 0.228 0.397 0.404 0.441 
 174   (0.319) 0.289 0.240 0.162 0.910 0.301 0.324 0.312 0.656 0.326 0.364 0.311 
 176   (0.101) 0.361 0.066 0.015 0.020 0.089 0.034 0.096 0.053 0.216 0.151 0.099 
 182   (0.061) 0.004 0.115 0.008 0.005 0.059 0.093 0.061 0.045 0.031 0.005 0.061 
 178   (0.046) 0.050 0.019 0.007 0.004 0.040 0.051 0.043 0.015 0.014 0.069 0.040 
 180   (0.039) 0.002 0.013 0.189 0.004 0.039 0.050 0.039 0.004 0.014 0.007 0.041 
 170   (0.008) 0.000 0.002 0.001 0.001 0.008 0.001 0.008 0.001 0.002 0.000 0.007 

Locus 15 : 15 
5 alleles
0.3% missing data
 225   (0.121) 0.209 0.155 0.245 0.015 0.106 0.063 0.115 0.031 0.102 0.097 0.110 
 229   (0.532) 0.416 0.463 0.121 0.885 0.557 0.535 0.544 0.420 0.753 0.464 0.557 
 227   (0.158) 0.020 0.314 0.230 0.051 0.136 0.331 0.146 0.287 0.083 0.263 0.135 
 231   (0.119) 0.350 0.040 0.295 0.022 0.131 0.021 0.125 0.151 0.039 0.083 0.128 
 233   (0.070) 0.005 0.028 0.109 0.027 0.071 0.050 0.070 0.111 0.022 0.092 0.069 

Locus 16 : 16 
5 alleles
0.3% missing data
 143   (0.834) 0.816 0.920 0.765 0.984 0.836 0.836 0.832 0.983 0.896 0.960 0.827 
 145   (0.090) 0.006 0.051 0.226 0.010 0.094 0.084 0.094 0.011 0.038 0.018 0.102 
 147   (0.048) 0.146 0.023 0.006 0.004 0.045 0.077 0.048 0.004 0.059 0.002 0.048 
 133   (0.018) 0.032 0.004 0.002 0.002 0.019 0.003 0.019 0.001 0.005 0.001 0.018 
 157   (0.009) 0.001 0.002 0.001 0.001 0.005 0.001 0.007 0.001 0.003 0.020 0.006 

Locus 17 : 17 
5 alleles
0.3% missing data
 158   (0.528) 0.202 0.653 0.220 0.311 0.525 0.615 0.526 0.630 0.461 0.504 0.528 
 156   (0.241) 0.498 0.167 0.579 0.211 0.251 0.267 0.246 0.151 0.099 0.308 0.247 
 160   (0.137) 0.113 0.134 0.018 0.465 0.118 0.093 0.129 0.185 0.402 0.146 0.126 
 154   (0.083) 0.185 0.027 0.182 0.012 0.099 0.014 0.090 0.033 0.035 0.041 0.091 
 152   (0.012) 0.001 0.020 0.002 0.001 0.007 0.011 0.009 0.001 0.003 0.000 0.007 

Locus 18 : 18 
5 alleles
0.0% missing data
  90   (0.664) 0.793 0.574 0.590 0.629 0.654 0.827 0.661 0.783 0.531 0.730 0.655 
 102   (0.225) 0.199 0.387 0.033 0.088 0.219 0.148 0.220 0.191 0.174 0.235 0.221 
  88   (0.071) 0.005 0.024 0.009 0.279 0.078 0.011 0.075 0.024 0.276 0.034 0.079 
 100   (0.033) 0.002 0.012 0.367 0.003 0.044 0.006 0.038 0.002 0.011 0.001 0.039 
 104   (0.008) 0.000 0.003 0.001 0.001 0.005 0.008 0.007 0.001 0.007 0.000 0.005 

Locus 19 : 19 
8 alleles
0.3% missing data
 142   (0.146) 0.010 0.079 0.020 0.784 0.157 0.077 0.150 0.379 0.123 0.408 0.150 
 146   (0.088) 0.222 0.236 0.012 0.048 0.073 0.019 0.082 0.048 0.150 0.197 0.082 
 127   (0.258) 0.063 0.254 0.466 0.068 0.263 0.360 0.261 0.104 0.130 0.188 0.266 
 138   (0.057) 0.004 0.034 0.056 0.010 0.052 0.048 0.055 0.017 0.024 0.023 0.055 
 140   (0.258) 0.179 0.238 0.319 0.041 0.270 0.228 0.264 0.325 0.360 0.089 0.264 
 150   (0.058) 0.307 0.051 0.008 0.006 0.057 0.197 0.058 0.004 0.019 0.002 0.058 
 148   (0.104) 0.213 0.101 0.014 0.038 0.092 0.067 0.099 0.074 0.184 0.046 0.096 
 128   (0.031) 0.002 0.008 0.105 0.004 0.035 0.004 0.031 0.047 0.010 0.047 0.029 

Locus 20 : 20 
6 alleles
0.0% missing data
 190   (0.139) 0.200 0.108 0.019 0.017 0.119 0.213 0.127 0.371 0.269 0.403 0.118 
 194   (0.570) 0.477 0.557 0.944 0.407 0.583 0.563 0.578 0.454 0.415 0.502 0.585 
 188   (0.202) 0.174 0.147 0.026 0.568 0.216 0.168 0.207 0.168 0.110 0.091 0.208 
 200   (0.067) 0.004 0.183 0.008 0.006 0.063 0.052 0.067 0.005 0.200 0.002 0.069 
 202   (0.015) 0.144 0.003 0.002 0.002 0.011 0.002 0.013 0.001 0.004 0.000 0.012 
 196   (0.008) 0.001 0.002 0.001 0.001 0.007 0.001 0.008 0.001 0.002 0.000 0.007 

Locus 21 : 21 
6 alleles
0.8% missing data
 252   (0.704) 0.726 0.828 0.368 0.807 0.735 0.735 0.717 0.736 0.691 0.850 0.731 
 244   (0.019) 0.001 0.005 0.003 0.161 0.012 0.008 0.016 0.002 0.007 0.009 0.014 
 246   (0.088) 0.048 0.035 0.178 0.009 0.089 0.070 0.088 0.144 0.113 0.006 0.086 
 254   (0.083) 0.084 0.082 0.116 0.010 0.072 0.077 0.079 0.009 0.114 0.037 0.074 
 250   (0.085) 0.139 0.037 0.332 0.011 0.067 0.107 0.077 0.107 0.069 0.086 0.074 
 248   (0.022) 0.001 0.013 0.003 0.002 0.026 0.003 0.023 0.002 0.007 0.012 0.022 

Locus 22 : 22 
7 alleles
0.0% missing data
 167   (0.178) 0.121 0.183 0.126 0.637 0.180 0.090 0.178 0.195 0.066 0.335 0.175 
 177   (0.303) 0.172 0.222 0.266 0.168 0.309 0.226 0.305 0.567 0.456 0.250 0.305 
 165   (0.044) 0.018 0.018 0.007 0.005 0.050 0.007 0.047 0.006 0.149 0.006 0.049 
 173   (0.284) 0.214 0.452 0.141 0.168 0.261 0.589 0.272 0.197 0.261 0.370 0.263 
 175   (0.127) 0.255 0.106 0.452 0.016 0.124 0.070 0.127 0.029 0.046 0.034 0.131 
 163   (0.041) 0.219 0.014 0.005 0.004 0.042 0.014 0.043 0.004 0.013 0.003 0.045 
 159   (0.022) 0.001 0.005 0.003 0.002 0.034 0.003 0.029 0.002 0.009 0.001 0.032 

Locus 23 : 23 
11 alleles
1.1% missing data
 152   (0.448) 0.375 0.545 0.461 0.128 0.427 0.614 0.439 0.494 0.541 0.644 0.430 
 154   (0.012) 0.001 0.003 0.001 0.001 0.007 0.002 0.010 0.048 0.003 0.057 0.008 
 146   (0.234) 0.138 0.337 0.085 0.839 0.219 0.279 0.229 0.221 0.216 0.232 0.227 
 166   (0.094) 0.006 0.040 0.118 0.010 0.103 0.025 0.097 0.188 0.160 0.022 0.098 
 156   (0.012) 0.301 0.003 0.001 0.001 0.007 0.016 0.009 0.001 0.003 0.000 0.007 
 162   (0.042) 0.070 0.016 0.005 0.004 0.057 0.011 0.048 0.003 0.020 0.001 0.053 
 142   (0.017) 0.001 0.006 0.002 0.002 0.016 0.015 0.017 0.001 0.005 0.001 0.018 
 150   (0.033) 0.002 0.020 0.113 0.004 0.037 0.008 0.033 0.005 0.013 0.009 0.034 
 164   (0.025) 0.002 0.007 0.004 0.003 0.023 0.004 0.024 0.032 0.007 0.013 0.024 
 158   (0.073) 0.104 0.021 0.010 0.008 0.096 0.025 0.085 0.006 0.031 0.020 0.094 
 148   (0.011) 0.001 0.003 0.199 0.001 0.008 0.002 0.010 0.001 0.003 0.000 0.008 

Locus 24 : 24 
7 alleles
0.6% missing data
 154   (0.554) 0.224 0.644 0.405 0.934 0.570 0.548 0.564 0.424 0.514 0.537 0.577 
 158   (0.022) 0.001 0.005 0.003 0.017 0.022 0.003 0.022 0.002 0.136 0.003 0.021 
 144   (0.162) 0.633 0.188 0.555 0.023 0.141 0.287 0.151 0.202 0.055 0.171 0.144 
 160   (0.111) 0.105 0.090 0.015 0.012 0.093 0.123 0.102 0.201 0.197 0.197 0.095 
 156   (0.123) 0.035 0.063 0.018 0.012 0.155 0.034 0.137 0.076 0.091 0.036 0.143 
 152   (0.017) 0.001 0.007 0.002 0.001 0.010 0.003 0.013 0.095 0.004 0.056 0.011 
 146   (0.010) 0.001 0.003 0.002 0.001 0.009 0.001 0.010 0.001 0.003 0.000 0.010 

Locus 25 : 25 
4 alleles
0.3% missing data
  81   (0.375) 0.026 0.435 0.265 0.694 0.398 0.365 0.387 0.292 0.456 0.159 0.397 
  83   (0.457) 0.918 0.328 0.712 0.246 0.453 0.434 0.455 0.541 0.479 0.502 0.449 
  77   (0.093) 0.051 0.149 0.013 0.049 0.076 0.068 0.084 0.101 0.039 0.328 0.080 
  85   (0.075) 0.005 0.087 0.010 0.012 0.074 0.133 0.073 0.066 0.027 0.011 0.074 

Locus 26 : 26 
6 alleles
0.3% missing data
 126   (0.027) 0.002 0.007 0.004 0.003 0.020 0.004 0.024 0.046 0.008 0.054 0.021 
 132   (0.346) 0.447 0.303 0.209 0.924 0.340 0.369 0.344 0.284 0.277 0.511 0.344 
 124   (0.513) 0.544 0.578 0.392 0.059 0.526 0.514 0.517 0.659 0.636 0.414 0.517 
 122   (0.080) 0.005 0.103 0.056 0.011 0.083 0.108 0.082 0.008 0.070 0.020 0.085 
 136   (0.015) 0.001 0.004 0.002 0.001 0.014 0.002 0.015 0.001 0.005 0.000 0.014 
 120   (0.018) 0.001 0.005 0.338 0.002 0.017 0.003 0.018 0.001 0.005 0.001 0.019 

Locus 27 : 27 
7 alleles
0.0% missing data
 183   (0.352) 0.422 0.280 0.318 0.187 0.360 0.340 0.355 0.505 0.345 0.580 0.350 
 175   (0.287) 0.446 0.286 0.040 0.107 0.298 0.328 0.290 0.241 0.403 0.243 0.294 
 165   (0.229) 0.056 0.207 0.303 0.686 0.222 0.296 0.227 0.166 0.206 0.115 0.227 
 179   (0.085) 0.005 0.206 0.332 0.016 0.073 0.028 0.081 0.084 0.034 0.061 0.080 
 181   (0.032) 0.069 0.016 0.004 0.003 0.035 0.005 0.033 0.003 0.008 0.001 0.036 
 185   (0.008) 0.001 0.002 0.001 0.001 0.006 0.001 0.008 0.001 0.002 0.000 0.007 
 157   (0.008) 0.000 0.002 0.001 0.001 0.006 0.001 0.007 0.001 0.002 0.000 0.006 

Locus 28 : 28 
4 alleles
0.0% missing data
 142   (0.655) 0.743 0.656 0.354 0.322 0.658 0.804 0.656 0.612 0.650 0.726 0.656 
 148   (0.185) 0.068 0.148 0.624 0.385 0.196 0.078 0.191 0.173 0.067 0.066 0.195 
 138   (0.048) 0.003 0.013 0.007 0.282 0.038 0.026 0.044 0.203 0.015 0.194 0.039 
 150   (0.111) 0.186 0.184 0.015 0.011 0.108 0.092 0.109 0.012 0.268 0.014 0.109 

Locus 29 : 29 
6 alleles
1.1% missing data
 260   (0.399) 0.375 0.518 0.090 0.281 0.396 0.524 0.396 0.391 0.450 0.366 0.395 
 262   (0.489) 0.551 0.413 0.894 0.706 0.490 0.370 0.491 0.600 0.462 0.623 0.492 
 264   (0.020) 0.001 0.010 0.002 0.002 0.019 0.037 0.019 0.001 0.007 0.001 0.019 
 256   (0.071) 0.072 0.055 0.011 0.010 0.072 0.056 0.072 0.006 0.074 0.009 0.074 
 258   (0.013) 0.001 0.003 0.002 0.001 0.018 0.002 0.015 0.001 0.005 0.000 0.015 
 266   (0.008) 0.000 0.002 0.001 0.001 0.005 0.011 0.006 0.001 0.002 0.000 0.005 

Locus 30 : 30 
7 alleles
0.6% missing data
 150   (0.446) 0.294 0.606 0.156 0.155 0.460 0.514 0.450 0.530 0.311 0.693 0.451 
 146   (0.260) 0.339 0.211 0.039 0.086 0.264 0.238 0.263 0.221 0.265 0.189 0.267 
 140   (0.180) 0.059 0.148 0.790 0.715 0.172 0.174 0.178 0.062 0.210 0.077 0.181 
 148   (0.069) 0.305 0.022 0.010 0.039 0.064 0.035 0.066 0.163 0.158 0.037 0.062 
 152   (0.029) 0.002 0.008 0.004 0.003 0.030 0.037 0.031 0.002 0.048 0.001 0.029 
 151   (0.008) 0.001 0.002 0.001 0.001 0.005 0.001 0.006 0.020 0.002 0.001 0.005 
 142   (0.008) 0.001 0.002 0.001 0.001 0.005 0.001 0.006 0.001 0.005 0.002 0.005 

Locus 31 : 31 
6 alleles
0.3% missing data
 125   (0.288) 0.032 0.160 0.154 0.630 0.325 0.082 0.307 0.360 0.137 0.468 0.320 
 129   (0.425) 0.780 0.563 0.224 0.314 0.395 0.615 0.409 0.557 0.561 0.482 0.395 
 123   (0.159) 0.104 0.157 0.023 0.042 0.149 0.247 0.154 0.074 0.142 0.046 0.156 
 131   (0.046) 0.003 0.058 0.007 0.004 0.060 0.015 0.053 0.004 0.029 0.001 0.056 
 127   (0.069) 0.079 0.058 0.546 0.008 0.064 0.040 0.067 0.005 0.127 0.002 0.064 
 121   (0.012) 0.001 0.004 0.046 0.001 0.008 0.002 0.010 0.001 0.003 0.000 0.009 

Locus 32 : 32 
6 alleles
0.3% missing data
 155   (0.563) 0.712 0.379 0.582 0.554 0.598 0.488 0.578 0.731 0.385 0.708 0.588 
 153   (0.074) 0.005 0.048 0.105 0.051 0.076 0.068 0.075 0.006 0.046 0.086 0.073 
 159   (0.144) 0.010 0.294 0.019 0.072 0.124 0.275 0.136 0.210 0.177 0.109 0.132 
 157   (0.179) 0.022 0.268 0.136 0.317 0.170 0.161 0.175 0.049 0.380 0.092 0.171 
 151   (0.032) 0.251 0.009 0.157 0.003 0.025 0.005 0.029 0.002 0.010 0.004 0.029 
 163   (0.008) 0.001 0.002 0.001 0.001 0.006 0.002 0.007 0.001 0.002 0.001 0.006 

Locus 33 : 33 
4 alleles
1.1% missing data
  92   (0.332) 0.438 0.442 0.140 0.398 0.311 0.344 0.325 0.246 0.197 0.257 0.324 
  95   (0.157) 0.408 0.131 0.302 0.017 0.179 0.055 0.164 0.026 0.405 0.134 0.163 
  91   (0.442) 0.149 0.403 0.549 0.552 0.427 0.588 0.436 0.646 0.373 0.560 0.434 
  94   (0.069) 0.005 0.024 0.009 0.032 0.082 0.013 0.075 0.082 0.025 0.048 0.079 

Locus 34 : 34 
5 alleles
0.0% missing data
 146   (0.294) 0.312 0.339 0.585 0.061 0.310 0.375 0.303 0.066 0.169 0.072 0.313 
 150   (0.599) 0.638 0.606 0.400 0.927 0.589 0.558 0.593 0.885 0.580 0.844 0.588 
 148   (0.060) 0.047 0.031 0.008 0.007 0.048 0.016 0.054 0.044 0.197 0.082 0.049 
 154   (0.034) 0.002 0.019 0.005 0.004 0.045 0.010 0.038 0.004 0.011 0.001 0.041 
 152   (0.014) 0.001 0.005 0.002 0.001 0.009 0.042 0.011 0.001 0.044 0.000 0.009 

Locus 35 : 35 
7 alleles
0.0% missing data
 180   (0.462) 0.667 0.355 0.718 0.439 0.478 0.348 0.466 0.421 0.373 0.616 0.467 
 184   (0.204) 0.073 0.098 0.239 0.421 0.192 0.417 0.200 0.140 0.217 0.153 0.196 
 196   (0.114) 0.007 0.171 0.015 0.112 0.105 0.119 0.109 0.226 0.040 0.165 0.105 
 198   (0.074) 0.069 0.037 0.010 0.009 0.087 0.013 0.080 0.167 0.026 0.019 0.084 
 194   (0.015) 0.001 0.004 0.002 0.002 0.009 0.002 0.012 0.036 0.006 0.040 0.010 
 192   (0.121) 0.182 0.236 0.015 0.015 0.123 0.099 0.124 0.010 0.335 0.007 0.131 
 190   (0.010) 0.001 0.099 0.001 0.001 0.006 0.002 0.008 0.001 0.003 0.000 0.006 

Locus 36 : 36 
6 alleles
0.0% missing data
 110   (0.175) 0.072 0.165 0.188 0.274 0.176 0.069 0.175 0.174 0.073 0.386 0.178 
 112   (0.359) 0.061 0.326 0.050 0.067 0.367 0.423 0.363 0.692 0.468 0.498 0.369 
 108   (0.120) 0.113 0.118 0.132 0.014 0.123 0.089 0.123 0.011 0.043 0.011 0.124 
  90   (0.038) 0.002 0.026 0.438 0.063 0.028 0.006 0.033 0.013 0.160 0.016 0.029 
 106   (0.298) 0.705 0.363 0.191 0.581 0.302 0.413 0.299 0.109 0.253 0.089 0.295 
  96   (0.009) 0.046 0.002 0.001 0.001 0.005 0.001 0.007 0.001 0.002 0.000 0.005 

Locus 37 : 37 
9 alleles
0.0% missing data
 172   (0.336) 0.582 0.334 0.049 0.444 0.330 0.418 0.332 0.247 0.447 0.462 0.332 
 176   (0.094) 0.017 0.031 0.013 0.020 0.094 0.015 0.094 0.325 0.115 0.116 0.096 
 166   (0.062) 0.004 0.042 0.009 0.011 0.047 0.124 0.055 0.243 0.065 0.273 0.051 
 170   (0.276) 0.322 0.246 0.586 0.484 0.296 0.222 0.283 0.158 0.143 0.138 0.285 
 174   (0.129) 0.068 0.272 0.018 0.012 0.134 0.114 0.134 0.012 0.153 0.007 0.139 
 178   (0.040) 0.003 0.032 0.005 0.022 0.037 0.045 0.040 0.010 0.026 0.003 0.039 
 186   (0.017) 0.001 0.028 0.002 0.001 0.012 0.044 0.015 0.001 0.004 0.001 0.013 
 168   (0.038) 0.002 0.012 0.317 0.004 0.042 0.017 0.040 0.003 0.046 0.001 0.040 
 158   (0.008) 0.000 0.002 0.001 0.001 0.007 0.001 0.007 0.001 0.002 0.000 0.007 

Locus 38 : 38 
6 alleles
0.0% missing data
  85   (0.174) 0.237 0.099 0.515 0.261 0.161 0.148 0.168 0.228 0.197 0.226 0.165 
  89   (0.557) 0.507 0.652 0.345 0.244 0.554 0.652 0.556 0.671 0.715 0.655 0.564 
  83   (0.138) 0.246 0.116 0.019 0.441 0.151 0.071 0.144 0.040 0.047 0.031 0.144 
  95   (0.057) 0.004 0.067 0.007 0.046 0.046 0.098 0.051 0.054 0.017 0.077 0.047 
  81   (0.059) 0.004 0.063 0.011 0.007 0.077 0.027 0.067 0.005 0.020 0.010 0.067 
  91   (0.015) 0.001 0.004 0.103 0.001 0.011 0.003 0.013 0.001 0.004 0.000 0.012 

Locus 39 : 39 
10 alleles
0.0% missing data
 161   (0.334) 0.375 0.315 0.422 0.090 0.333 0.248 0.333 0.590 0.446 0.545 0.330 
 169   (0.107) 0.007 0.131 0.231 0.648 0.111 0.158 0.107 0.075 0.042 0.099 0.102 
 159   (0.020) 0.001 0.005 0.002 0.002 0.016 0.004 0.018 0.015 0.005 0.036 0.017 
 173   (0.251) 0.511 0.352 0.188 0.190 0.235 0.251 0.248 0.091 0.408 0.136 0.252 
 165   (0.225) 0.102 0.181 0.149 0.064 0.240 0.268 0.231 0.224 0.077 0.171 0.235 
 175   (0.009) 0.001 0.002 0.001 0.001 0.005 0.062 0.007 0.001 0.002 0.000 0.005 
 155   (0.018) 0.001 0.004 0.002 0.002 0.023 0.003 0.021 0.001 0.008 0.001 0.022 
 167   (0.019) 0.002 0.005 0.002 0.002 0.021 0.003 0.019 0.002 0.007 0.011 0.020 
 177   (0.008) 0.000 0.004 0.001 0.001 0.006 0.001 0.007 0.001 0.003 0.000 0.006 
 168   (0.011) 0.001 0.003 0.001 0.001 0.011 0.002 0.011 0.001 0.003 0.000 0.010 

Locus 40 : 40 
6 alleles
0.6% missing data
  89   (0.432) 0.095 0.451 0.058 0.754 0.441 0.606 0.435 0.716 0.515 0.546 0.438 
  91   (0.153) 0.186 0.140 0.175 0.191 0.173 0.041 0.161 0.021 0.092 0.149 0.164 
  85   (0.181) 0.474 0.187 0.122 0.026 0.179 0.247 0.181 0.065 0.177 0.036 0.178 
  83   (0.008) 0.001 0.002 0.001 0.001 0.005 0.001 0.006 0.001 0.002 0.004 0.005 
  87   (0.102) 0.129 0.130 0.627 0.015 0.086 0.029 0.094 0.137 0.068 0.171 0.089 
  81   (0.124) 0.116 0.090 0.017 0.013 0.115 0.076 0.123 0.061 0.146 0.094 0.126 

Locus 41 : 41 
4 alleles
0.3% missing data
 167   (0.758) 0.859 0.827 0.639 0.913 0.757 0.758 0.755 0.896 0.831 0.920 0.754 
 161   (0.205) 0.138 0.136 0.356 0.081 0.210 0.174 0.209 0.101 0.157 0.079 0.211 
 165   (0.029) 0.002 0.032 0.004 0.005 0.027 0.066 0.029 0.002 0.009 0.001 0.029 
 177   (0.008) 0.001 0.005 0.001 0.001 0.006 0.001 0.007 0.001 0.002 0.000 0.006 

Locus 42 : 42 
6 alleles
0.3% missing data
 228   (0.441) 0.233 0.466 0.618 0.709 0.422 0.539 0.430 0.649 0.599 0.510 0.427 
 238   (0.337) 0.116 0.344 0.098 0.063 0.365 0.303 0.349 0.280 0.217 0.325 0.351 
 236   (0.098) 0.392 0.066 0.269 0.216 0.086 0.034 0.094 0.017 0.070 0.066 0.092 
 224   (0.027) 0.002 0.008 0.004 0.003 0.018 0.004 0.023 0.045 0.081 0.096 0.020 
 240   (0.085) 0.256 0.112 0.011 0.008 0.099 0.119 0.093 0.006 0.031 0.003 0.099 
 232   (0.012) 0.001 0.005 0.001 0.001 0.009 0.002 0.011 0.002 0.003 0.001 0.010 

Locus 43 : 43 
7 alleles
0.0% missing data
 130   (0.530) 0.773 0.475 0.073 0.683 0.560 0.411 0.545 0.485 0.561 0.649 0.555 
 134   (0.098) 0.006 0.093 0.240 0.010 0.111 0.052 0.103 0.009 0.112 0.014 0.106 
 114   (0.053) 0.003 0.014 0.421 0.038 0.043 0.008 0.048 0.065 0.101 0.107 0.043 
 128   (0.140) 0.035 0.187 0.019 0.245 0.123 0.220 0.131 0.159 0.163 0.114 0.128 
 132   (0.110) 0.051 0.123 0.015 0.015 0.103 0.227 0.105 0.275 0.040 0.114 0.101 
 118   (0.062) 0.131 0.107 0.230 0.009 0.055 0.081 0.060 0.005 0.021 0.003 0.061 
 136   (0.008) 0.000 0.002 0.001 0.001 0.006 0.001 0.007 0.001 0.002 0.000 0.006 

Locus 44 : 44 
6 alleles
0.8% missing data
  98   (0.111) 0.098 0.032 0.240 0.092 0.096 0.082 0.104 0.110 0.176 0.224 0.096 
 104   (0.406) 0.412 0.494 0.059 0.103 0.436 0.488 0.422 0.141 0.533 0.212 0.434 
 102   (0.281) 0.477 0.379 0.526 0.074 0.263 0.337 0.269 0.438 0.216 0.408 0.262 
 106   (0.008) 0.001 0.003 0.001 0.001 0.006 0.001 0.007 0.001 0.004 0.001 0.006 
  92   (0.130) 0.008 0.070 0.066 0.015 0.143 0.068 0.137 0.264 0.045 0.091 0.142 
  96   (0.064) 0.004 0.024 0.108 0.716 0.056 0.024 0.061 0.046 0.026 0.063 0.060 

Locus 45 : 45 
5 alleles
0.3% missing data
 101   (0.307) 0.187 0.239 0.043 0.083 0.315 0.263 0.311 0.295 0.434 0.474 0.309 
 103   (0.308) 0.346 0.379 0.256 0.447 0.289 0.456 0.303 0.330 0.171 0.172 0.304 
  95   (0.233) 0.457 0.284 0.128 0.390 0.236 0.195 0.230 0.215 0.096 0.319 0.229 
  99   (0.142) 0.009 0.095 0.412 0.081 0.153 0.085 0.148 0.159 0.297 0.035 0.150 
  97   (0.010) 0.001 0.003 0.161 0.001 0.007 0.002 0.009 0.001 0.002 0.000 0.007 

Locus 46 : 46 
7 alleles
0.3% missing data
 181   (0.599) 0.859 0.595 0.526 0.945 0.572 0.753 0.587 0.720 0.556 0.751 0.584 
 191   (0.270) 0.102 0.314 0.255 0.043 0.305 0.139 0.284 0.115 0.406 0.192 0.283 
 177   (0.065) 0.004 0.072 0.009 0.007 0.057 0.038 0.062 0.160 0.019 0.055 0.061 
 193   (0.009) 0.001 0.002 0.001 0.001 0.005 0.061 0.007 0.001 0.002 0.000 0.006 
 179   (0.037) 0.003 0.012 0.206 0.003 0.044 0.005 0.042 0.003 0.012 0.001 0.049 
 189   (0.008) 0.031 0.002 0.001 0.001 0.005 0.001 0.006 0.001 0.002 0.000 0.005 
 183   (0.011) 0.001 0.003 0.002 0.001 0.011 0.003 0.011 0.001 0.003 0.000 0.011 

Locus 47 : 47 
6 alleles
0.8% missing data
 205   (0.468) 0.407 0.448 0.275 0.885 0.495 0.601 0.478 0.566 0.416 0.492 0.488 
 207   (0.147) 0.203 0.200 0.020 0.056 0.130 0.205 0.139 0.208 0.077 0.113 0.133 
 211   (0.226) 0.271 0.126 0.317 0.040 0.232 0.118 0.230 0.145 0.414 0.262 0.232 
 201   (0.065) 0.004 0.142 0.375 0.010 0.056 0.016 0.062 0.039 0.025 0.081 0.058 
 215   (0.083) 0.114 0.082 0.012 0.009 0.074 0.057 0.080 0.041 0.064 0.052 0.078 
 202   (0.011) 0.001 0.003 0.001 0.001 0.012 0.002 0.011 0.001 0.004 0.000 0.011 

Locus 48 : 48 
9 alleles
1.1% missing data
 144   (0.082) 0.131 0.100 0.013 0.062 0.068 0.017 0.076 0.243 0.031 0.212 0.073 
 166   (0.148) 0.382 0.087 0.062 0.476 0.123 0.276 0.137 0.206 0.052 0.304 0.131 
 168   (0.140) 0.110 0.100 0.186 0.068 0.129 0.037 0.137 0.063 0.090 0.247 0.134 
 142   (0.360) 0.286 0.466 0.052 0.350 0.388 0.555 0.370 0.203 0.652 0.107 0.374 
 158   (0.166) 0.084 0.179 0.025 0.033 0.183 0.049 0.175 0.263 0.145 0.124 0.180 
 162   (0.028) 0.002 0.009 0.121 0.003 0.026 0.044 0.028 0.002 0.008 0.001 0.030 
 164   (0.042) 0.003 0.042 0.006 0.005 0.051 0.016 0.046 0.012 0.013 0.001 0.049 
 170   (0.012) 0.001 0.003 0.002 0.001 0.012 0.002 0.011 0.001 0.004 0.003 0.010 
 156   (0.023) 0.001 0.014 0.534 0.002 0.019 0.005 0.022 0.007 0.007 0.001 0.019 

Locus 49 : 49 
7 alleles
6.1% missing data
 151   (0.183) 0.012 0.173 0.073 0.113 0.173 0.150 0.179 0.545 0.372 0.168 0.177 
 153   (0.224) 0.028 0.294 0.029 0.139 0.241 0.354 0.230 0.170 0.218 0.369 0.232 
 149   (0.357) 0.332 0.315 0.335 0.428 0.367 0.404 0.360 0.169 0.327 0.226 0.365 
 145   (0.184) 0.624 0.199 0.506 0.315 0.176 0.083 0.181 0.093 0.065 0.197 0.179 
 147   (0.030) 0.002 0.013 0.054 0.003 0.023 0.005 0.027 0.021 0.011 0.037 0.025 
 152   (0.008) 0.001 0.002 0.001 0.002 0.005 0.001 0.007 0.001 0.003 0.003 0.006 
 143   (0.015) 0.001 0.004 0.002 0.001 0.014 0.002 0.016 0.001 0.004 0.000 0.017 

Values of parameters used in structure:
DATAFILE=temp3.str,	OUTFILE=k11/temp3_k11_run1,	NUMINDS=361,	NUMLOCI=49,	MISSING=-9,	LABEL=1,	POPDATA=1,	POPFLAG=0,	PHENOTYPE=0,	EXTRACOLS=0,	MAXPOPS=11,	BURNIN=500000,	NUMREPS=750000,	USEPOPINFO=0,	INFERALPHA=1,	INFERLAMBDA=0,	POPSPECIFICLAMBDA=0,	POPALPHAS=0,	COMPUTEPROB=1,	NOADMIX=0,	ADMBURNIN=500,	UPDATEFREQ=100,	PRINTLIKES=0,	INTERMEDSAVE=0,	PRINTKLD=0,	PRINTNET=1,	PRINTLAMBDA=1,	ANCESTDIST=0,	NUMBOXES=1000,	ANCESTPINT=0.90000,	GENSBACK=2,	MIGRPRIOR=0.01000,	PRINTQHAT=0,	PRINTQSUM=1,	ALPHA=1.0000,	FREQSCORR=1,	FPRIORMEAN=0.0100,	FPRIORSD=0.0500,	ONEFST=0,	LAMBDA=1.0000,	UNIFPRIORALPHA=1,	ALPHAMAX=10.0000,	ALPHAPRIORA=1.0000,	ALPHAPRIORB=2.0000,	ALPHAPROPSD=0.0250,	STARTATPOPINFO=0,	RANDOMIZE=0,	LINKAGE=0,	METROFREQ=10,	REPORTHITRATE=0,	MARKOVPHASE=0,	PHASED=1,	PLOIDY=2,	PHASEINFO=0	LOCPRIOR=0, 	LOCPRIORINIT=1.000000, 	LOCDATA=0, 	LOCISPOP=1, 	LOCPRIORSTEP=0.100000, 	MAXLOCPRIOR=20.000000, 	SEED=604591,	
[STRAT parameters]:    NUMSIMSTATS=1000,	PHENOTYPECOL=-9,	POOLFREQ=10,	LOCUSxONLY=0,	EMERROR=0.00100,	MISSINGPHENO=-9,	