

----------------------------------------------------
STRUCTURE by Pritchard, Stephens and Donnelly (2000)
     and Falush, Stephens and Pritchard (2003)
       Code by Pritchard, Falush and Hubisz
             Version 2.3.4 (Jul 2012)
----------------------------------------------------



Command line arguments:   structure -D 711375 -K 3 -m mainparams -o k3/temp3_k3_run10 
Input File:    temp3.str

Run parameters:
   361 individuals
   48 loci
   3 populations assumed
   500000 Burn-in period
   750000 Reps
RANDOMIZE turned off


--------------------------------------------
Proportion of membership of each pre-defined
 population in each of the 3 clusters

Given    Inferred Clusters       Number of
 Pop       1      2      3      Individuals

  1:     0.024  0.966  0.010       20
  2:     0.011  0.984  0.005       31
  3:     0.007  0.989  0.004       20
  4:     0.203  0.779  0.017        8
  5:     0.005  0.005  0.990       29
  6:     0.977  0.003  0.020        8
  7:     0.946  0.027  0.027       21
  8:     0.945  0.029  0.026       34
  9:     0.960  0.032  0.008       32
 10:     0.952  0.035  0.013       25
 11:     0.970  0.019  0.012       30
 12:     0.018  0.975  0.007       19
 13:     0.014  0.981  0.004       17
 14:     0.942  0.049  0.009        4
 15:     0.013  0.978  0.009       63
--------------------------------------------

Allele-freq. divergence among pops (Net nucleotide distance),
computed using point estimates of P.

      1       2       3      
 1      -    0.0254  0.0524  
 2   0.0254     -    0.0712  
 3   0.0524  0.0712     -    

Average distances (expected heterozygosity) between individuals in same cluster:
cluster  1  : 0.6353 
cluster  2  : 0.5593 
cluster  3  : 0.5534 

--------------------------------------------
Estimated Ln Prob of Data   = -39290.2
Mean value of ln likelihood = -39075.8
Variance of ln likelihood   = 428.9
Mean value of alpha         = 0.0332

Mean value of Fst_1         = 0.0070
Mean value of Fst_2         = 0.1095
Mean value of Fst_3         = 0.1960


Inferred ancestry of individuals:
        Label (%Miss) Pop:  Inferred clusters
  1       34    (0)    1 :  0.006 0.992 0.002 
  2       38    (0)    1 :  0.027 0.929 0.044 
  3       41    (0)    1 :  0.003 0.994 0.002 
  4       44    (0)    1 :  0.006 0.991 0.003 
  5       45    (0)    1 :  0.003 0.995 0.002 
  6       47    (0)    1 :  0.318 0.630 0.051 
  7       50    (0)    1 :  0.014 0.983 0.004 
  8      384    (0)    1 :  0.008 0.989 0.003 
  9      385    (2)    1 :  0.010 0.984 0.007 
 10      386    (0)    1 :  0.002 0.995 0.003 
 11      387    (0)    1 :  0.005 0.989 0.007 
 12      388    (0)    1 :  0.003 0.991 0.006 
 13      389    (0)    1 :  0.004 0.991 0.005 
 14      390    (4)    1 :  0.024 0.952 0.024 
 15      391    (0)    1 :  0.008 0.985 0.006 
 16      392    (0)    1 :  0.004 0.993 0.002 
 17      393    (2)    1 :  0.004 0.985 0.011 
 18      394    (0)    1 :  0.003 0.995 0.002 
 19      395    (0)    1 :  0.015 0.975 0.010 
 20      396    (0)    1 :  0.005 0.985 0.010 
 21      328    (0)   10 :  0.567 0.419 0.014 
 22      333    (0)   10 :  0.988 0.008 0.004 
 23      918    (0)   10 :  0.908 0.008 0.084 
 24      919    (0)   10 :  0.978 0.017 0.005 
 25      920    (0)   10 :  0.986 0.011 0.003 
 26      921    (0)   10 :  0.968 0.028 0.004 
 27      922    (0)   10 :  0.955 0.041 0.004 
 28      926    (0)   10 :  0.991 0.006 0.003 
 29      927    (0)   10 :  0.984 0.012 0.004 
 30      928    (0)   10 :  0.960 0.037 0.003 
 31      929    (0)   10 :  0.952 0.047 0.002 
 32      930    (0)   10 :  0.985 0.012 0.004 
 33      932    (0)   10 :  0.980 0.016 0.005 
 34      933    (0)   10 :  0.863 0.021 0.116 
 35      949    (0)   10 :  0.982 0.013 0.005 
 36      950    (0)   10 :  0.985 0.006 0.009 
 37      964    (4)   10 :  0.986 0.012 0.002 
 38      986    (0)   10 :  0.969 0.025 0.005 
 39      987    (0)   10 :  0.959 0.035 0.005 
 40     1001    (4)   10 :  0.980 0.017 0.003 
 41     1002    (4)   10 :  0.975 0.010 0.015 
 42     1003    (2)   10 :  0.958 0.039 0.003 
 43     1004    (0)   10 :  0.988 0.004 0.008 
 44     1005    (0)   10 :  0.973 0.022 0.005 
 45     1010    (0)   10 :  0.973 0.020 0.006 
 46      341    (0)   11 :  0.977 0.006 0.016 
 47      343    (0)   11 :  0.982 0.009 0.010 
 48      914    (0)   11 :  0.968 0.026 0.006 
 49      916    (0)   11 :  0.924 0.071 0.005 
 50      924    (0)   11 :  0.980 0.005 0.015 
 51      938    (0)   11 :  0.978 0.020 0.002 
 52      939    (0)   11 :  0.966 0.017 0.018 
 53      940    (0)   11 :  0.993 0.004 0.002 
 54      941    (2)   11 :  0.973 0.005 0.022 
 55      942    (0)   11 :  0.981 0.008 0.011 
 56      943    (0)   11 :  0.975 0.022 0.003 
 57      944    (0)   11 :  0.968 0.028 0.003 
 58      945    (0)   11 :  0.993 0.005 0.003 
 59      946    (0)   11 :  0.990 0.007 0.003 
 60      947    (0)   11 :  0.954 0.006 0.039 
 61      951    (0)   11 :  0.982 0.005 0.012 
 62      952    (0)   11 :  0.915 0.006 0.079 
 63      953    (0)   11 :  0.974 0.018 0.007 
 64      954    (0)   11 :  0.986 0.007 0.007 
 65      955    (0)   11 :  0.982 0.004 0.013 
 66      961    (4)   11 :  0.951 0.044 0.005 
 67      974    (0)   11 :  0.968 0.005 0.026 
 68      975    (4)   11 :  0.974 0.024 0.003 
 69      980    (0)   11 :  0.978 0.009 0.012 
 70      981    (0)   11 :  0.976 0.019 0.004 
 71      982    (0)   11 :  0.946 0.052 0.002 
 72      984    (0)   11 :  0.968 0.028 0.004 
 73      985    (0)   11 :  0.979 0.010 0.011 
 74     2578    (4)   11 :  0.992 0.006 0.002 
 75     2580    (2)   11 :  0.916 0.079 0.005 
 76     2498    (2)   12 :  0.007 0.986 0.007 
 77     2513    (2)   12 :  0.005 0.986 0.010 
 78     2514    (2)   12 :  0.023 0.972 0.004 
 79     2597    (4)   12 :  0.013 0.984 0.003 
 80     2499    (4)   12 :  0.019 0.971 0.010 
 81     2500    (0)   12 :  0.005 0.988 0.007 
 82     2506    (2)   12 :  0.004 0.992 0.003 
 83     2509    (6)   12 :  0.033 0.936 0.031 
 84     2511    (2)   12 :  0.004 0.992 0.004 
 85     2512    (2)   12 :  0.005 0.994 0.002 
 86     2515    (2)   12 :  0.003 0.995 0.002 
 87     2516    (2)   12 :  0.010 0.989 0.002 
 88     2517    (2)   12 :  0.007 0.990 0.003 
 89     2518    (2)   12 :  0.014 0.978 0.008 
 90     2519    (0)   12 :  0.142 0.835 0.023 
 91     2520    (2)   12 :  0.003 0.996 0.002 
 92     2521    (2)   12 :  0.032 0.965 0.002 
 93     2603    (4)   12 :  0.014 0.982 0.003 
 94     2606    (2)   12 :  0.008 0.990 0.002 
 95      718    (0)   13 :  0.008 0.988 0.005 
 96      719    (0)   13 :  0.020 0.970 0.010 
 97      720    (0)   13 :  0.005 0.993 0.001 
 98      721    (0)   13 :  0.023 0.960 0.017 
 99      722    (0)   13 :  0.006 0.992 0.002 
100      723    (0)   13 :  0.005 0.992 0.003 
101      724    (0)   13 :  0.005 0.993 0.002 
102      725    (0)   13 :  0.004 0.991 0.005 
103      726    (0)   13 :  0.023 0.975 0.003 
104      727    (0)   13 :  0.003 0.995 0.002 
105      728    (2)   13 :  0.010 0.988 0.002 
106      729    (0)   13 :  0.054 0.942 0.004 
107      730    (0)   13 :  0.052 0.945 0.004 
108      731    (0)   13 :  0.010 0.983 0.006 
109      732    (0)   13 :  0.007 0.990 0.003 
110      733    (0)   13 :  0.007 0.990 0.003 
111      734    (0)   13 :  0.003 0.995 0.002 
112     1079    (0)   14 :  0.966 0.029 0.005 
113     1081    (0)   14 :  0.917 0.074 0.009 
114     1082    (2)   14 :  0.974 0.014 0.012 
115     1083    (0)   14 :  0.911 0.079 0.010 
116     2055    (0)   15 :  0.005 0.992 0.002 
117     2056    (0)   15 :  0.006 0.988 0.006 
118     2057    (0)   15 :  0.010 0.987 0.002 
119     2058    (0)   15 :  0.002 0.992 0.006 
120     2059    (0)   15 :  0.004 0.993 0.003 
121     2060    (0)   15 :  0.004 0.994 0.002 
122     2061    (0)   15 :  0.011 0.982 0.006 
123     2062    (0)   15 :  0.009 0.986 0.005 
124     2063    (0)   15 :  0.004 0.994 0.002 
125     2064    (0)   15 :  0.003 0.994 0.002 
126     2065    (0)   15 :  0.002 0.996 0.002 
127     2066    (0)   15 :  0.003 0.995 0.002 
128     2067    (0)   15 :  0.006 0.987 0.007 
129     2068    (0)   15 :  0.043 0.910 0.046 
130     2069    (0)   15 :  0.003 0.995 0.002 
131     2070    (0)   15 :  0.296 0.701 0.003 
132     2071    (0)   15 :  0.008 0.981 0.011 
133     2072    (0)   15 :  0.004 0.993 0.003 
134     2073    (0)   15 :  0.032 0.953 0.016 
135     2074    (0)   15 :  0.003 0.995 0.002 
136     2075    (0)   15 :  0.008 0.968 0.025 
137     2076    (0)   15 :  0.002 0.996 0.002 
138     2077    (0)   15 :  0.014 0.975 0.011 
139     2078    (0)   15 :  0.004 0.993 0.003 
140     2079    (0)   15 :  0.012 0.930 0.058 
141     2080    (0)   15 :  0.023 0.927 0.050 
142     2081    (0)   15 :  0.004 0.993 0.003 
143     2082    (0)   15 :  0.007 0.988 0.005 
144     2083    (0)   15 :  0.005 0.994 0.002 
145     2084    (0)   15 :  0.008 0.984 0.008 
146     2085    (0)   15 :  0.006 0.991 0.003 
147     2086    (0)   15 :  0.012 0.984 0.004 
148     2087    (0)   15 :  0.006 0.941 0.053 
149     2088    (0)   15 :  0.027 0.957 0.016 
150     2089    (0)   15 :  0.002 0.996 0.002 
151     2090    (0)   15 :  0.005 0.964 0.030 
152     2091    (0)   15 :  0.004 0.993 0.003 
153     2092    (0)   15 :  0.004 0.978 0.018 
154     2093    (0)   15 :  0.003 0.996 0.002 
155     2094    (0)   15 :  0.002 0.996 0.001 
156     2095    (0)   15 :  0.007 0.942 0.051 
157     2096    (0)   15 :  0.003 0.995 0.002 
158     2097    (0)   15 :  0.003 0.995 0.002 
159     2098    (0)   15 :  0.019 0.969 0.012 
160     2099    (0)   15 :  0.020 0.976 0.004 
161     2100    (0)   15 :  0.012 0.984 0.004 
162     2101    (0)   15 :  0.005 0.990 0.005 
163     2102    (2)   15 :  0.003 0.995 0.002 
164     2103    (0)   15 :  0.006 0.990 0.004 
165     2104    (0)   15 :  0.018 0.980 0.002 
166     2105    (0)   15 :  0.010 0.986 0.004 
167     2106    (0)   15 :  0.007 0.991 0.002 
168     2107    (0)   15 :  0.007 0.989 0.003 
169     2108    (0)   15 :  0.009 0.986 0.005 
170     2109    (0)   15 :  0.008 0.990 0.002 
171     2110    (0)   15 :  0.012 0.983 0.005 
172     2111    (0)   15 :  0.005 0.991 0.004 
173     2112    (0)   15 :  0.004 0.993 0.003 
174     2583    (2)   15 :  0.004 0.990 0.007 
175     2584    (4)   15 :  0.010 0.986 0.004 
176     2587    (2)   15 :  0.007 0.991 0.003 
177     2590    (2)   15 :  0.004 0.994 0.002 
178     2591    (6)   15 :  0.011 0.976 0.013 
179       87    (0)    2 :  0.023 0.963 0.014 
180       88    (0)    2 :  0.003 0.994 0.003 
181       90    (0)    2 :  0.002 0.996 0.002 
182       92    (0)    2 :  0.011 0.986 0.003 
183       96    (0)    2 :  0.007 0.977 0.016 
184       97    (0)    2 :  0.004 0.993 0.002 
185      105    (0)    2 :  0.005 0.990 0.005 
186      120    (0)    2 :  0.017 0.978 0.004 
187      123    (0)    2 :  0.003 0.994 0.003 
188      128    (0)    2 :  0.003 0.993 0.003 
189      129    (0)    2 :  0.010 0.985 0.005 
190      132    (0)    2 :  0.006 0.991 0.002 
191      504    (0)    2 :  0.005 0.992 0.003 
192      505    (0)    2 :  0.005 0.992 0.003 
193      506    (0)    2 :  0.007 0.990 0.003 
194      507    (0)    2 :  0.009 0.988 0.003 
195      508    (0)    2 :  0.076 0.920 0.003 
196      509    (0)    2 :  0.019 0.979 0.002 
197      510    (0)    2 :  0.024 0.972 0.005 
198      511    (0)    2 :  0.005 0.973 0.022 
199      512    (0)    2 :  0.004 0.992 0.004 
200      513    (0)    2 :  0.003 0.995 0.002 
201      514    (0)    2 :  0.006 0.985 0.009 
202      515    (0)    2 :  0.030 0.966 0.004 
203      558    (0)    2 :  0.008 0.990 0.002 
204      559    (0)    2 :  0.002 0.996 0.002 
205      560    (0)    2 :  0.003 0.991 0.005 
206      561    (0)    2 :  0.003 0.994 0.003 
207      562    (0)    2 :  0.009 0.989 0.002 
208      563    (0)    2 :  0.016 0.977 0.007 
209      564    (0)    2 :  0.008 0.990 0.003 
210      136    (0)    3 :  0.006 0.990 0.004 
211      138    (0)    3 :  0.005 0.991 0.004 
212      140    (0)    3 :  0.008 0.984 0.008 
213      141    (0)    3 :  0.018 0.977 0.005 
214      144    (0)    3 :  0.004 0.980 0.016 
215      146    (0)    3 :  0.003 0.993 0.004 
216      148    (0)    3 :  0.004 0.994 0.002 
217      150    (0)    3 :  0.005 0.993 0.002 
218      152    (0)    3 :  0.003 0.995 0.002 
219      666    (0)    3 :  0.005 0.993 0.002 
220      667    (0)    3 :  0.011 0.987 0.002 
221      668    (0)    3 :  0.008 0.989 0.003 
222      669    (0)    3 :  0.004 0.995 0.002 
223      670    (0)    3 :  0.032 0.966 0.003 
224      684    (0)    3 :  0.003 0.994 0.002 
225      685    (0)    3 :  0.005 0.991 0.004 
226      686    (0)    3 :  0.004 0.993 0.003 
227      687    (0)    3 :  0.004 0.991 0.005 
228      688    (2)    3 :  0.003 0.994 0.003 
229      689    (0)    3 :  0.010 0.984 0.007 
230      165    (0)    4 :  0.011 0.985 0.004 
231      167    (0)    4 :  0.134 0.863 0.003 
232      170    (0)    4 :  0.008 0.982 0.010 
233      714    (0)    4 :  0.006 0.993 0.001 
234      715    (2)    4 :  0.205 0.790 0.005 
235      716    (0)    4 :  0.008 0.989 0.003 
236      717    (2)    4 :  0.360 0.630 0.010 
237     2346    (2)    4 :  0.895 0.004 0.101 
238      189    (0)    5 :  0.011 0.012 0.976 
239      190    (0)    5 :  0.003 0.002 0.995 
240      193    (0)    5 :  0.005 0.003 0.992 
241      761    (0)    5 :  0.003 0.002 0.995 
242      762    (0)    5 :  0.004 0.004 0.992 
243      763    (0)    5 :  0.004 0.004 0.992 
244      764    (0)    5 :  0.003 0.003 0.994 
245      765    (0)    5 :  0.004 0.004 0.992 
246      778    (0)    5 :  0.018 0.022 0.960 
247      779    (0)    5 :  0.004 0.005 0.991 
248      780    (0)    5 :  0.003 0.002 0.995 
249      781    (0)    5 :  0.003 0.004 0.994 
250      782    (0)    5 :  0.004 0.011 0.984 
251      783    (0)    5 :  0.001 0.001 0.997 
252      784    (0)    5 :  0.004 0.003 0.992 
253      785    (0)    5 :  0.004 0.003 0.993 
254      786    (0)    5 :  0.004 0.003 0.994 
255      787    (0)    5 :  0.003 0.004 0.993 
256      788    (0)    5 :  0.012 0.011 0.978 
257      789    (0)    5 :  0.010 0.005 0.985 
258      790    (0)    5 :  0.005 0.004 0.992 
259      791    (0)    5 :  0.006 0.007 0.987 
260      792    (0)    5 :  0.002 0.002 0.996 
261      793    (0)    5 :  0.005 0.005 0.990 
262      794    (0)    5 :  0.005 0.003 0.992 
263      795    (0)    5 :  0.004 0.003 0.993 
264      796    (0)    5 :  0.002 0.002 0.996 
265      797    (0)    5 :  0.003 0.002 0.995 
266      798    (0)    5 :  0.003 0.005 0.992 
267      282    (0)    6 :  0.993 0.004 0.003 
268      284    (0)    6 :  0.945 0.003 0.052 
269      287    (0)    6 :  0.988 0.003 0.009 
270      295    (0)    6 :  0.957 0.003 0.040 
271      302    (0)    6 :  0.982 0.002 0.015 
272      306    (2)    6 :  0.966 0.003 0.031 
273      308    (0)    6 :  0.990 0.004 0.006 
274      867    (0)    6 :  0.994 0.003 0.003 
275      315    (0)    7 :  0.945 0.010 0.045 
276      565    (0)    7 :  0.942 0.013 0.046 
277      566    (2)    7 :  0.984 0.007 0.009 
278      567    (2)    7 :  0.947 0.048 0.005 
279      877    (0)    7 :  0.972 0.024 0.004 
280      878    (0)    7 :  0.984 0.006 0.009 
281      879    (0)    7 :  0.985 0.010 0.005 
282      880    (0)    7 :  0.986 0.009 0.006 
283      881    (0)    7 :  0.982 0.006 0.012 
284      882    (0)    7 :  0.976 0.007 0.017 
285      883    (0)    7 :  0.985 0.012 0.004 
286      884    (0)    7 :  0.969 0.028 0.003 
287      885    (0)    7 :  0.989 0.008 0.004 
288      886    (0)    7 :  0.820 0.009 0.171 
289      887    (0)    7 :  0.981 0.015 0.004 
290      888    (0)    7 :  0.702 0.277 0.021 
291      889    (0)    7 :  0.989 0.007 0.004 
292      890    (0)    7 :  0.974 0.006 0.020 
293      891    (0)    7 :  0.961 0.026 0.013 
294      892    (0)    7 :  0.984 0.011 0.005 
295      893    (0)    7 :  0.805 0.031 0.164 
296      319    (2)    8 :  0.983 0.011 0.006 
297      335    (0)    8 :  0.969 0.011 0.020 
298      895    (0)    8 :  0.991 0.005 0.004 
299      896    (0)    8 :  0.983 0.014 0.003 
300      897    (0)    8 :  0.986 0.008 0.006 
301      898    (0)    8 :  0.989 0.007 0.005 
302      899    (0)    8 :  0.747 0.246 0.007 
303      900    (0)    8 :  0.928 0.013 0.059 
304      901    (0)    8 :  0.777 0.185 0.038 
305      902    (0)    8 :  0.989 0.008 0.003 
306      903    (0)    8 :  0.989 0.007 0.004 
307      904    (0)    8 :  0.980 0.017 0.002 
308      905    (0)    8 :  0.887 0.109 0.004 
309      906    (0)    8 :  0.988 0.005 0.007 
310      907    (0)    8 :  0.980 0.010 0.010 
311      908    (0)    8 :  0.968 0.023 0.009 
312      909    (0)    8 :  0.747 0.014 0.239 
313      910    (0)    8 :  0.939 0.006 0.055 
314      911    (0)    8 :  0.929 0.021 0.050 
315      912    (0)    8 :  0.990 0.007 0.002 
316      913    (0)    8 :  0.935 0.026 0.039 
317     2411    (0)    8 :  0.985 0.010 0.005 
318     2412    (0)    8 :  0.984 0.010 0.006 
319     2413    (0)    8 :  0.945 0.026 0.029 
320     2414    (0)    8 :  0.987 0.011 0.002 
321     2415    (2)    8 :  0.960 0.024 0.016 
322     2417    (4)    8 :  0.935 0.058 0.007 
323     2418    (4)    8 :  0.979 0.010 0.011 
324     2419    (2)    8 :  0.988 0.006 0.006 
325     2420    (0)    8 :  0.989 0.003 0.007 
326     2421    (0)    8 :  0.987 0.006 0.007 
327     2422    (2)    8 :  0.786 0.009 0.205 
328     2423    (0)    8 :  0.947 0.038 0.016 
329     2576    (0)    8 :  0.977 0.013 0.010 
330      321    (0)    9 :  0.983 0.012 0.005 
331      338    (0)    9 :  0.990 0.008 0.003 
332      339    (0)    9 :  0.973 0.019 0.008 
333      363    (0)    9 :  0.991 0.004 0.005 
334      915    (0)    9 :  0.962 0.035 0.003 
335      917    (0)    9 :  0.991 0.006 0.004 
336      923    (0)    9 :  0.981 0.011 0.008 
337      925    (0)    9 :  0.981 0.011 0.008 
338      931    (0)    9 :  0.989 0.005 0.006 
339      935    (0)    9 :  0.986 0.010 0.005 
340      936    (0)    9 :  0.989 0.004 0.007 
341      937    (0)    9 :  0.993 0.005 0.002 
342      948    (0)    9 :  0.979 0.008 0.013 
343      956    (0)    9 :  0.980 0.017 0.003 
344      957    (0)    9 :  0.994 0.003 0.003 
345      967    (0)    9 :  0.993 0.004 0.003 
346      968    (2)    9 :  0.980 0.013 0.007 
347      969    (2)    9 :  0.978 0.012 0.010 
348      970    (2)    9 :  0.990 0.005 0.005 
349      971    (4)    9 :  0.982 0.015 0.003 
350      972    (0)    9 :  0.987 0.006 0.007 
351      973    (0)    9 :  0.977 0.010 0.014 
352      978    (0)    9 :  0.948 0.010 0.042 
353      979    (0)    9 :  0.534 0.463 0.002 
354      988    (6)    9 :  0.978 0.018 0.003 
355      989    (0)    9 :  0.981 0.014 0.004 
356      990    (0)    9 :  0.970 0.011 0.019 
357      991    (0)    9 :  0.990 0.004 0.006 
358      992    (0)    9 :  0.988 0.008 0.004 
359     1006    (2)    9 :  0.948 0.033 0.020 
360     1017    (0)    9 :  0.804 0.185 0.011 
361     2582    (4)    9 :  0.928 0.045 0.027 


Estimated Allele Frequencies in each cluster
First column gives estimated ancestral frequencies


Locus 1 : 1 
4 alleles
0.0% missing data
  89   (0.510) 0.513 0.574 0.631 
  93   (0.065) 0.053 0.066 0.051 
  91   (0.399) 0.409 0.359 0.316 
  99   (0.026) 0.026 0.001 0.002 

Locus 2 : 2 
6 alleles
1.4% missing data
 136   (0.256) 0.237 0.544 0.450 
 138   (0.371) 0.389 0.238 0.172 
 140   (0.066) 0.063 0.057 0.004 
 134   (0.241) 0.239 0.160 0.370 
 142   (0.042) 0.048 0.001 0.003 
 132   (0.024) 0.024 0.001 0.002 

Locus 3 : 3 
6 alleles
0.0% missing data
 187   (0.336) 0.322 0.511 0.269 
 179   (0.220) 0.228 0.257 0.015 
 181   (0.258) 0.261 0.211 0.080 
 175   (0.068) 0.082 0.002 0.005 
 185   (0.082) 0.084 0.002 0.442 
 191   (0.036) 0.023 0.018 0.190 

Locus 4 : 4 
10 alleles
0.0% missing data
 241   (0.140) 0.140 0.077 0.151 
 269   (0.180) 0.185 0.124 0.106 
 253   (0.513) 0.532 0.701 0.468 
 247   (0.068) 0.073 0.002 0.268 
 271   (0.038) 0.033 0.031 0.002 
 249   (0.022) 0.014 0.064 0.001 
 257   (0.009) 0.005 0.001 0.001 
 239   (0.009) 0.005 0.000 0.001 
 245   (0.009) 0.005 0.000 0.001 
 273   (0.012) 0.008 0.000 0.001 

Locus 5 : 5 
7 alleles
0.8% missing data
 103   (0.849) 0.861 0.988 0.961 
 104   (0.058) 0.059 0.010 0.004 
 105   (0.043) 0.050 0.001 0.003 
 102   (0.017) 0.014 0.000 0.002 
  99   (0.009) 0.003 0.000 0.015 
 101   (0.014) 0.007 0.000 0.015 
 107   (0.009) 0.005 0.000 0.001 

Locus 6 : 6 
5 alleles
0.3% missing data
 141   (0.276) 0.269 0.539 0.141 
 145   (0.431) 0.462 0.187 0.266 
 147   (0.055) 0.040 0.063 0.306 
 135   (0.226) 0.221 0.211 0.286 
 137   (0.012) 0.008 0.000 0.001 

Locus 7 : 7 
8 alleles
1.1% missing data
  93   (0.260) 0.268 0.350 0.079 
 103   (0.298) 0.296 0.374 0.497 
  97   (0.179) 0.176 0.155 0.257 
  91   (0.062) 0.052 0.028 0.154 
  83   (0.046) 0.056 0.001 0.003 
  89   (0.104) 0.112 0.054 0.007 
  85   (0.038) 0.032 0.038 0.002 
 105   (0.012) 0.008 0.000 0.001 

Locus 8 : 8 
8 alleles
0.0% missing data
 129   (0.550) 0.565 0.660 0.639 
 149   (0.084) 0.077 0.119 0.020 
 143   (0.260) 0.278 0.123 0.142 
 141   (0.055) 0.040 0.097 0.196 
 131   (0.012) 0.008 0.000 0.001 
 133   (0.016) 0.014 0.000 0.001 
 127   (0.014) 0.011 0.000 0.001 
 145   (0.009) 0.005 0.000 0.001 

Locus 9 : 9 
4 alleles
0.0% missing data
 191   (0.346) 0.331 0.566 0.535 
 195   (0.186) 0.186 0.164 0.063 
 189   (0.459) 0.479 0.267 0.401 
 193   (0.009) 0.003 0.003 0.001 

Locus 10 : 10 
7 alleles
0.0% missing data
 238   (0.602) 0.641 0.550 0.354 
 252   (0.088) 0.079 0.127 0.037 
 232   (0.213) 0.208 0.302 0.271 
 254   (0.055) 0.044 0.020 0.256 
 248   (0.022) 0.015 0.000 0.081 
 236   (0.009) 0.005 0.000 0.001 
 250   (0.012) 0.008 0.000 0.001 

Locus 11 : 11 
3 alleles
0.0% missing data
  87   (0.767) 0.797 0.627 0.543 
  89   (0.183) 0.166 0.319 0.376 
  91   (0.051) 0.037 0.055 0.082 

Locus 12 : 12 
12 alleles
0.0% missing data
 147   (0.042) 0.034 0.147 0.003 
 158   (0.206) 0.210 0.460 0.026 
 160   (0.244) 0.247 0.133 0.699 
 162   (0.247) 0.251 0.224 0.239 
 150   (0.009) 0.005 0.000 0.001 
 161   (0.106) 0.112 0.025 0.023 
 149   (0.031) 0.035 0.001 0.002 
 154   (0.019) 0.017 0.000 0.001 
 143   (0.025) 0.026 0.001 0.002 
 170   (0.047) 0.047 0.009 0.003 
 164   (0.009) 0.005 0.000 0.001 
 159   (0.014) 0.011 0.000 0.001 

Locus 13 : 13 
4 alleles
0.0% missing data
 108   (0.166) 0.158 0.175 0.200 
 115   (0.448) 0.454 0.542 0.295 
 113   (0.376) 0.382 0.282 0.505 
 109   (0.009) 0.005 0.000 0.001 

Locus 14 : 14 
5 alleles
0.3% missing data
 225   (0.121) 0.113 0.077 0.208 
 229   (0.509) 0.527 0.478 0.416 
 227   (0.199) 0.205 0.257 0.027 
 231   (0.112) 0.100 0.097 0.344 
 233   (0.060) 0.054 0.091 0.005 

Locus 15 : 15 
5 alleles
0.3% missing data
 143   (0.831) 0.840 0.965 0.819 
 145   (0.086) 0.092 0.019 0.006 
 147   (0.053) 0.051 0.001 0.143 
 133   (0.020) 0.013 0.000 0.032 
 157   (0.010) 0.004 0.014 0.001 

Locus 16 : 16 
5 alleles
0.3% missing data
 158   (0.513) 0.540 0.526 0.209 
 156   (0.256) 0.251 0.263 0.491 
 160   (0.138) 0.129 0.172 0.115 
 154   (0.081) 0.071 0.039 0.184 
 152   (0.012) 0.008 0.000 0.001 

Locus 17 : 17 
5 alleles
0.0% missing data
  90   (0.661) 0.666 0.732 0.790 
 102   (0.218) 0.212 0.221 0.202 
  88   (0.069) 0.067 0.045 0.005 
 100   (0.043) 0.049 0.001 0.003 
 104   (0.009) 0.005 0.000 0.001 

Locus 18 : 18 
8 alleles
0.3% missing data
 142   (0.119) 0.116 0.407 0.008 
 146   (0.104) 0.091 0.151 0.221 
 127   (0.265) 0.284 0.172 0.069 
 138   (0.049) 0.046 0.022 0.004 
 140   (0.253) 0.264 0.145 0.183 
 150   (0.082) 0.089 0.002 0.302 
 148   (0.097) 0.088 0.056 0.212 
 128   (0.031) 0.023 0.046 0.002 

Locus 19 : 19 
6 alleles
0.0% missing data
 190   (0.154) 0.137 0.370 0.202 
 194   (0.564) 0.579 0.491 0.483 
 188   (0.181) 0.176 0.137 0.172 
 200   (0.075) 0.093 0.002 0.005 
 202   (0.017) 0.009 0.000 0.137 
 196   (0.009) 0.005 0.000 0.001 

Locus 20 : 20 
6 alleles
0.8% missing data
 252   (0.693) 0.724 0.817 0.722 
 244   (0.018) 0.011 0.014 0.001 
 246   (0.089) 0.087 0.036 0.052 
 254   (0.084) 0.080 0.031 0.084 
 250   (0.092) 0.082 0.092 0.138 
 248   (0.023) 0.016 0.009 0.001 

Locus 21 : 21 
7 alleles
0.0% missing data
 167   (0.156) 0.148 0.307 0.123 
 177   (0.271) 0.277 0.322 0.175 
 165   (0.047) 0.041 0.010 0.022 
 173   (0.337) 0.352 0.324 0.217 
 175   (0.126) 0.127 0.034 0.253 
 163   (0.040) 0.033 0.003 0.209 
 159   (0.023) 0.023 0.001 0.001 

Locus 22 : 22 
11 alleles
1.1% missing data
 152   (0.460) 0.484 0.585 0.382 
 154   (0.010) 0.004 0.053 0.001 
 146   (0.231) 0.239 0.260 0.145 
 166   (0.080) 0.084 0.059 0.005 
 156   (0.016) 0.008 0.000 0.289 
 162   (0.041) 0.039 0.001 0.069 
 142   (0.016) 0.014 0.000 0.001 
 150   (0.033) 0.029 0.009 0.002 
 164   (0.022) 0.014 0.017 0.002 
 158   (0.072) 0.067 0.015 0.104 
 148   (0.019) 0.017 0.000 0.001 

Locus 23 : 23 
7 alleles
0.6% missing data
 154   (0.527) 0.561 0.535 0.232 
 158   (0.028) 0.023 0.006 0.002 
 144   (0.205) 0.200 0.171 0.619 
 160   (0.109) 0.098 0.183 0.106 
 156   (0.105) 0.104 0.045 0.039 
 152   (0.014) 0.006 0.060 0.001 
 146   (0.012) 0.008 0.000 0.001 

Locus 24 : 24 
4 alleles
0.3% missing data
  81   (0.364) 0.397 0.221 0.026 
  83   (0.464) 0.447 0.494 0.915 
  77   (0.091) 0.074 0.258 0.054 
  85   (0.081) 0.082 0.027 0.006 

Locus 25 : 25 
6 alleles
0.3% missing data
 126   (0.022) 0.013 0.048 0.001 
 132   (0.335) 0.327 0.478 0.448 
 124   (0.516) 0.528 0.453 0.542 
 122   (0.083) 0.088 0.020 0.006 
 136   (0.015) 0.011 0.000 0.001 
 120   (0.030) 0.032 0.001 0.002 

Locus 26 : 26 
7 alleles
0.0% missing data
 183   (0.337) 0.332 0.536 0.423 
 175   (0.288) 0.290 0.243 0.439 
 165   (0.230) 0.243 0.154 0.062 
 179   (0.095) 0.098 0.065 0.006 
 181   (0.032) 0.027 0.001 0.068 
 185   (0.009) 0.005 0.000 0.001 
 157   (0.009) 0.005 0.000 0.001 

Locus 27 : 27 
4 alleles
0.0% missing data
 142   (0.657) 0.663 0.680 0.737 
 148   (0.179) 0.181 0.110 0.077 
 138   (0.038) 0.028 0.194 0.003 
 150   (0.125) 0.128 0.016 0.183 

Locus 28 : 28 
6 alleles
1.1% missing data
 260   (0.413) 0.425 0.369 0.377 
 262   (0.472) 0.473 0.618 0.549 
 264   (0.021) 0.020 0.000 0.001 
 256   (0.070) 0.065 0.011 0.071 
 258   (0.015) 0.011 0.000 0.001 
 266   (0.009) 0.005 0.000 0.001 

Locus 29 : 29 
7 alleles
0.6% missing data
 150   (0.452) 0.464 0.619 0.302 
 146   (0.237) 0.238 0.191 0.335 
 140   (0.199) 0.210 0.114 0.065 
 148   (0.066) 0.052 0.066 0.295 
 152   (0.028) 0.029 0.001 0.002 
 151   (0.010) 0.003 0.006 0.001 
 142   (0.009) 0.003 0.003 0.001 

Locus 30 : 30 
6 alleles
0.3% missing data
 125   (0.225) 0.222 0.448 0.031 
 129   (0.472) 0.462 0.493 0.778 
 123   (0.165) 0.167 0.056 0.105 
 131   (0.041) 0.047 0.001 0.003 
 127   (0.085) 0.094 0.002 0.083 
 121   (0.012) 0.008 0.000 0.001 

Locus 31 : 31 
6 alleles
0.3% missing data
 155   (0.528) 0.523 0.694 0.704 
 153   (0.073) 0.070 0.063 0.005 
 159   (0.171) 0.182 0.137 0.012 
 157   (0.183) 0.194 0.100 0.028 
 151   (0.036) 0.027 0.004 0.251 
 163   (0.009) 0.004 0.002 0.001 

Locus 32 : 32 
4 alleles
1.1% missing data
  92   (0.329) 0.330 0.259 0.430 
  95   (0.171) 0.164 0.107 0.405 
  91   (0.444) 0.455 0.579 0.161 
  94   (0.057) 0.052 0.055 0.004 

Locus 33 : 33 
5 alleles
0.0% missing data
 146   (0.321) 0.344 0.076 0.311 
 150   (0.571) 0.562 0.851 0.636 
 148   (0.058) 0.045 0.071 0.049 
 154   (0.031) 0.032 0.001 0.002 
 152   (0.019) 0.017 0.000 0.001 

Locus 34 : 34 
7 alleles
0.0% missing data
 180   (0.432) 0.428 0.562 0.658 
 184   (0.226) 0.234 0.164 0.079 
 196   (0.106) 0.105 0.177 0.007 
 198   (0.066) 0.054 0.053 0.070 
 194   (0.011) 0.004 0.036 0.001 
 192   (0.139) 0.155 0.007 0.184 
 190   (0.021) 0.020 0.001 0.001 

Locus 35 : 35 
6 alleles
0.0% missing data
 110   (0.152) 0.140 0.320 0.076 
 112   (0.353) 0.363 0.514 0.070 
 108   (0.113) 0.118 0.012 0.113 
  90   (0.053) 0.050 0.027 0.004 
 106   (0.319) 0.326 0.127 0.693 
  96   (0.010) 0.003 0.000 0.044 

Locus 36 : 36 
9 alleles
0.0% missing data
 172   (0.340) 0.334 0.415 0.575 
 176   (0.077) 0.067 0.157 0.019 
 166   (0.068) 0.060 0.247 0.005 
 170   (0.267) 0.272 0.166 0.321 
 174   (0.136) 0.156 0.007 0.073 
 178   (0.040) 0.037 0.007 0.003 
 186   (0.021) 0.020 0.000 0.001 
 168   (0.042) 0.049 0.001 0.003 
 158   (0.009) 0.005 0.000 0.001 

Locus 37 : 37 
6 alleles
0.0% missing data
  85   (0.174) 0.165 0.229 0.237 
  89   (0.569) 0.586 0.639 0.510 
  83   (0.125) 0.121 0.051 0.243 
  95   (0.059) 0.054 0.071 0.004 
  81   (0.057) 0.059 0.010 0.004 
  91   (0.017) 0.014 0.000 0.001 

Locus 38 : 38 
10 alleles
0.0% missing data
 161   (0.318) 0.318 0.528 0.376 
 169   (0.113) 0.119 0.121 0.008 
 159   (0.018) 0.010 0.028 0.001 
 173   (0.262) 0.273 0.133 0.502 
 165   (0.210) 0.218 0.179 0.107 
 175   (0.019) 0.017 0.000 0.001 
 155   (0.019) 0.017 0.000 0.001 
 167   (0.020) 0.013 0.009 0.002 
 177   (0.009) 0.005 0.000 0.001 
 168   (0.012) 0.008 0.000 0.001 

Locus 39 : 39 
6 alleles
0.6% missing data
  89   (0.433) 0.455 0.598 0.104 
  91   (0.140) 0.133 0.119 0.183 
  85   (0.188) 0.194 0.044 0.465 
  83   (0.009) 0.003 0.003 0.001 
  87   (0.120) 0.110 0.155 0.133 
  81   (0.110) 0.104 0.081 0.114 

Locus 40 : 40 
4 alleles
0.3% missing data
 167   (0.758) 0.759 0.913 0.857 
 161   (0.198) 0.201 0.085 0.139 
 165   (0.035) 0.035 0.002 0.003 
 177   (0.009) 0.005 0.000 0.001 

Locus 41 : 41 
6 alleles
0.3% missing data
 228   (0.463) 0.472 0.556 0.248 
 238   (0.310) 0.318 0.304 0.118 
 236   (0.096) 0.083 0.061 0.387 
 224   (0.025) 0.016 0.077 0.002 
 240   (0.094) 0.103 0.002 0.245 
 232   (0.013) 0.008 0.001 0.001 

Locus 42 : 42 
7 alleles
0.0% missing data
 130   (0.482) 0.481 0.608 0.763 
 134   (0.094) 0.106 0.014 0.006 
 114   (0.060) 0.055 0.096 0.004 
 128   (0.149) 0.149 0.135 0.040 
 132   (0.129) 0.124 0.144 0.055 
 118   (0.077) 0.080 0.004 0.131 
 136   (0.009) 0.005 0.000 0.001 

Locus 43 : 43 
6 alleles
0.8% missing data
  98   (0.104) 0.091 0.189 0.101 
 104   (0.424) 0.453 0.197 0.413 
 102   (0.306) 0.300 0.398 0.475 
 106   (0.009) 0.005 0.001 0.002 
  92   (0.105) 0.106 0.124 0.007 
  96   (0.052) 0.045 0.091 0.003 

Locus 44 : 44 
5 alleles
0.3% missing data
 101   (0.291) 0.287 0.407 0.193 
 103   (0.332) 0.339 0.223 0.346 
  95   (0.221) 0.208 0.298 0.450 
  99   (0.140) 0.151 0.071 0.009 
  97   (0.017) 0.014 0.000 0.001 

Locus 45 : 45 
7 alleles
0.3% missing data
 181   (0.605) 0.605 0.754 0.857 
 191   (0.260) 0.271 0.169 0.105 
 177   (0.056) 0.051 0.074 0.004 
 193   (0.019) 0.017 0.000 0.001 
 179   (0.038) 0.043 0.001 0.003 
 189   (0.010) 0.003 0.000 0.030 
 183   (0.012) 0.008 0.000 0.001 

Locus 46 : 46 
6 alleles
0.8% missing data
 205   (0.472) 0.491 0.524 0.410 
 207   (0.151) 0.146 0.136 0.201 
 211   (0.212) 0.210 0.223 0.271 
 201   (0.076) 0.076 0.069 0.005 
 215   (0.077) 0.068 0.048 0.111 
 202   (0.012) 0.008 0.000 0.001 

Locus 47 : 47 
9 alleles
1.1% missing data
 144   (0.068) 0.053 0.212 0.130 
 166   (0.156) 0.144 0.287 0.375 
 168   (0.115) 0.105 0.193 0.107 
 142   (0.393) 0.433 0.149 0.292 
 158   (0.142) 0.139 0.150 0.087 
 162   (0.029) 0.032 0.001 0.002 
 164   (0.040) 0.040 0.003 0.003 
 170   (0.013) 0.007 0.003 0.002 
 156   (0.043) 0.046 0.003 0.003 

Locus 48 : 48 
7 alleles
6.1% missing data
 151   (0.165) 0.171 0.255 0.011 
 153   (0.248) 0.259 0.307 0.034 
 149   (0.353) 0.366 0.225 0.336 
 145   (0.183) 0.171 0.178 0.615 
 147   (0.026) 0.018 0.031 0.002 
 152   (0.010) 0.004 0.003 0.001 
 143   (0.015) 0.012 0.000 0.001 

Values of parameters used in structure:
DATAFILE=temp3.str,	OUTFILE=k3/temp3_k3_run10,	NUMINDS=361,	NUMLOCI=48,	MISSING=-9,	LABEL=1,	POPDATA=1,	POPFLAG=0,	PHENOTYPE=0,	EXTRACOLS=0,	MAXPOPS=3,	BURNIN=500000,	NUMREPS=750000,	USEPOPINFO=0,	INFERALPHA=1,	INFERLAMBDA=0,	POPSPECIFICLAMBDA=0,	POPALPHAS=0,	COMPUTEPROB=1,	NOADMIX=0,	ADMBURNIN=500,	UPDATEFREQ=100,	PRINTLIKES=0,	INTERMEDSAVE=0,	PRINTKLD=0,	PRINTNET=1,	PRINTLAMBDA=1,	ANCESTDIST=0,	NUMBOXES=1000,	ANCESTPINT=0.90000,	GENSBACK=2,	MIGRPRIOR=0.01000,	PRINTQHAT=0,	PRINTQSUM=1,	ALPHA=1.0000,	FREQSCORR=1,	FPRIORMEAN=0.0100,	FPRIORSD=0.0500,	ONEFST=0,	LAMBDA=1.0000,	UNIFPRIORALPHA=1,	ALPHAMAX=10.0000,	ALPHAPRIORA=1.0000,	ALPHAPRIORB=2.0000,	ALPHAPROPSD=0.0250,	STARTATPOPINFO=0,	RANDOMIZE=0,	LINKAGE=0,	METROFREQ=10,	REPORTHITRATE=0,	MARKOVPHASE=0,	PHASED=1,	PLOIDY=2,	PHASEINFO=0	LOCPRIOR=0, 	LOCPRIORINIT=1.000000, 	LOCDATA=0, 	LOCISPOP=1, 	LOCPRIORSTEP=0.100000, 	MAXLOCPRIOR=20.000000, 	SEED=711375,	
[STRAT parameters]:    NUMSIMSTATS=1000,	PHENOTYPECOL=-9,	POOLFREQ=10,	LOCUSxONLY=0,	EMERROR=0.00100,	MISSINGPHENO=-9,	