

----------------------------------------------------
STRUCTURE by Pritchard, Stephens and Donnelly (2000)
     and Falush, Stephens and Pritchard (2003)
       Code by Pritchard, Falush and Hubisz
             Version 2.3.4 (Jul 2012)
----------------------------------------------------



Command line arguments:   structure -D 764448 -K 8 -m mainparams -o k8/temp3_k8_run4 
Input File:    temp3.str

Run parameters:
   361 individuals
   48 loci
   8 populations assumed
   500000 Burn-in period
   750000 Reps
RANDOMIZE turned off


--------------------------------------------
Proportion of membership of each pre-defined
 population in each of the 8 clusters

Given    Inferred Clusters                                          Number of
 Pop       1      2      3      4      5      6      7      8      Individuals

  1:     0.914  0.013  0.011  0.013  0.009  0.009  0.024  0.006       20
  2:     0.331  0.630  0.009  0.007  0.004  0.007  0.007  0.004       31
  3:     0.942  0.020  0.006  0.007  0.004  0.009  0.008  0.004       20
  4:     0.540  0.149  0.060  0.061  0.014  0.015  0.148  0.014        8
  5:     0.004  0.004  0.005  0.005  0.969  0.004  0.005  0.003       29
  6:     0.003  0.002  0.002  0.004  0.003  0.004  0.005  0.976        8
  7:     0.012  0.018  0.033  0.478  0.020  0.098  0.334  0.007       21
  8:     0.022  0.012  0.017  0.371  0.027  0.074  0.464  0.013       34
  9:     0.026  0.018  0.101  0.073  0.009  0.685  0.083  0.005       32
 10:     0.017  0.020  0.134  0.035  0.014  0.734  0.042  0.004       25
 11:     0.013  0.011  0.144  0.309  0.011  0.218  0.287  0.007       30
 12:     0.835  0.082  0.016  0.019  0.006  0.012  0.025  0.004       19
 13:     0.902  0.024  0.015  0.014  0.004  0.022  0.013  0.006       17
 14:     0.022  0.011  0.010  0.743  0.006  0.010  0.194  0.003        4
 15:     0.901  0.046  0.007  0.010  0.008  0.010  0.014  0.004       63
--------------------------------------------

Allele-freq. divergence among pops (Net nucleotide distance),
computed using point estimates of P.

      1       2       3       4       5       6       7       8      
 1      -    0.0316  0.0494  0.0277  0.0761  0.0385  0.0252  0.1321  
 2   0.0316     -    0.0539  0.0348  0.0878  0.0510  0.0325  0.1289  
 3   0.0494  0.0539     -    0.0234  0.0786  0.0296  0.0216  0.1262  
 4   0.0277  0.0348  0.0234     -    0.0532  0.0157  0.0009  0.0951  
 5   0.0761  0.0878  0.0786  0.0532     -    0.0696  0.0504  0.1283  
 6   0.0385  0.0510  0.0296  0.0157  0.0696     -    0.0135  0.1175  
 7   0.0252  0.0325  0.0216  0.0009  0.0504  0.0135     -    0.0900  
 8   0.1321  0.1289  0.1262  0.0951  0.1283  0.1175  0.0900     -    

Average distances (expected heterozygosity) between individuals in same cluster:
cluster  1  : 0.5493 
cluster  2  : 0.5498 
cluster  3  : 0.5828 
cluster  4  : 0.6403 
cluster  5  : 0.5501 
cluster  6  : 0.5830 
cluster  7  : 0.6500 
cluster  8  : 0.5420 

--------------------------------------------
Estimated Ln Prob of Data   = -38636.7
Mean value of ln likelihood = -37851.8
Variance of ln likelihood   = 1569.9
Mean value of alpha         = 0.0331

Mean value of Fst_1         = 0.1197
Mean value of Fst_2         = 0.1521
Mean value of Fst_3         = 0.1228
Mean value of Fst_4         = 0.0160
Mean value of Fst_5         = 0.2035
Mean value of Fst_6         = 0.0667
Mean value of Fst_7         = 0.0000
Mean value of Fst_8         = 0.2887


Inferred ancestry of individuals:
        Label (%Miss) Pop:  Inferred clusters
  1       34    (0)    1 :  0.942 0.007 0.026 0.008 0.002 0.005 0.008 0.002 
  2       38    (0)    1 :  0.826 0.013 0.013 0.030 0.052 0.019 0.041 0.006 
  3       41    (0)    1 :  0.980 0.004 0.003 0.003 0.002 0.004 0.003 0.001 
  4       44    (0)    1 :  0.968 0.005 0.005 0.005 0.003 0.004 0.009 0.001 
  5       45    (0)    1 :  0.977 0.007 0.002 0.003 0.002 0.005 0.003 0.002 
  6       47    (0)    1 :  0.524 0.009 0.044 0.082 0.025 0.020 0.286 0.011 
  7       50    (0)    1 :  0.816 0.073 0.014 0.043 0.004 0.004 0.036 0.010 
  8      384    (0)    1 :  0.927 0.020 0.019 0.006 0.003 0.014 0.006 0.003 
  9      385    (2)    1 :  0.918 0.016 0.006 0.017 0.009 0.009 0.016 0.009 
 10      386    (0)    1 :  0.982 0.004 0.003 0.003 0.003 0.002 0.002 0.001 
 11      387    (0)    1 :  0.957 0.010 0.005 0.007 0.007 0.006 0.007 0.002 
 12      388    (0)    1 :  0.975 0.004 0.003 0.003 0.006 0.004 0.003 0.002 
 13      389    (0)    1 :  0.976 0.003 0.003 0.003 0.004 0.006 0.003 0.002 
 14      390    (4)    1 :  0.868 0.014 0.005 0.014 0.018 0.022 0.022 0.036 
 15      391    (0)    1 :  0.940 0.006 0.008 0.006 0.007 0.024 0.006 0.003 
 16      392    (0)    1 :  0.962 0.011 0.008 0.004 0.002 0.008 0.004 0.002 
 17      393    (2)    1 :  0.962 0.006 0.004 0.003 0.013 0.005 0.004 0.002 
 18      394    (0)    1 :  0.982 0.003 0.003 0.003 0.002 0.003 0.003 0.002 
 19      395    (0)    1 :  0.910 0.008 0.015 0.015 0.011 0.010 0.020 0.013 
 20      396    (0)    1 :  0.893 0.028 0.040 0.004 0.014 0.005 0.006 0.010 
 21      328    (0)   10 :  0.097 0.321 0.007 0.147 0.014 0.117 0.284 0.011 
 22      333    (0)   10 :  0.004 0.004 0.007 0.007 0.005 0.966 0.007 0.001 
 23      918    (0)   10 :  0.007 0.003 0.004 0.010 0.068 0.890 0.011 0.007 
 24      919    (0)   10 :  0.008 0.005 0.004 0.007 0.004 0.964 0.007 0.002 
 25      920    (0)   10 :  0.005 0.010 0.005 0.006 0.002 0.958 0.011 0.003 
 26      921    (0)   10 :  0.005 0.006 0.972 0.005 0.002 0.004 0.004 0.002 
 27      922    (0)   10 :  0.020 0.014 0.008 0.008 0.003 0.937 0.008 0.001 
 28      926    (0)   10 :  0.003 0.004 0.012 0.004 0.002 0.969 0.005 0.002 
 29      927    (0)   10 :  0.006 0.003 0.026 0.005 0.004 0.950 0.005 0.001 
 30      928    (0)   10 :  0.055 0.006 0.024 0.027 0.004 0.850 0.033 0.002 
 31      929    (0)   10 :  0.034 0.020 0.022 0.055 0.002 0.817 0.043 0.007 
 32      930    (0)   10 :  0.014 0.025 0.059 0.066 0.005 0.748 0.075 0.008 
 33      932    (0)   10 :  0.005 0.012 0.951 0.005 0.005 0.013 0.006 0.002 
 34      933    (0)   10 :  0.010 0.004 0.009 0.012 0.158 0.777 0.024 0.006 
 35      949    (0)   10 :  0.003 0.004 0.981 0.003 0.002 0.003 0.003 0.002 
 36      950    (0)   10 :  0.006 0.005 0.180 0.146 0.018 0.592 0.050 0.004 
 37      964    (4)   10 :  0.009 0.006 0.025 0.016 0.002 0.911 0.020 0.011 
 38      986    (0)   10 :  0.015 0.006 0.022 0.021 0.005 0.908 0.020 0.002 
 39      987    (0)   10 :  0.034 0.025 0.006 0.046 0.008 0.812 0.066 0.002 
 40     1001    (4)   10 :  0.010 0.004 0.005 0.005 0.002 0.967 0.005 0.003 
 41     1002    (4)   10 :  0.007 0.003 0.003 0.005 0.009 0.960 0.006 0.005 
 42     1003    (2)   10 :  0.040 0.008 0.013 0.254 0.003 0.343 0.331 0.007 
 43     1004    (0)   10 :  0.003 0.003 0.004 0.006 0.005 0.969 0.006 0.003 
 44     1005    (0)   10 :  0.013 0.003 0.005 0.009 0.005 0.954 0.008 0.003 
 45     1010    (0)   10 :  0.005 0.004 0.003 0.003 0.005 0.974 0.004 0.001 
 46      341    (0)   11 :  0.005 0.005 0.074 0.303 0.010 0.005 0.594 0.004 
 47      343    (0)   11 :  0.008 0.002 0.007 0.193 0.008 0.024 0.753 0.004 
 48      914    (0)   11 :  0.011 0.004 0.004 0.006 0.004 0.962 0.007 0.002 
 49      916    (0)   11 :  0.021 0.058 0.004 0.497 0.004 0.011 0.403 0.003 
 50      924    (0)   11 :  0.004 0.007 0.010 0.227 0.018 0.621 0.111 0.002 
 51      938    (0)   11 :  0.016 0.010 0.929 0.008 0.002 0.023 0.008 0.004 
 52      939    (0)   11 :  0.016 0.004 0.758 0.010 0.017 0.184 0.009 0.002 
 53      940    (0)   11 :  0.004 0.006 0.064 0.098 0.003 0.751 0.069 0.005 
 54      941    (2)   11 :  0.003 0.004 0.947 0.006 0.009 0.014 0.007 0.009 
 55      942    (0)   11 :  0.006 0.006 0.010 0.468 0.014 0.018 0.474 0.004 
 56      943    (0)   11 :  0.015 0.055 0.004 0.441 0.003 0.079 0.402 0.002 
 57      944    (0)   11 :  0.041 0.009 0.006 0.031 0.004 0.865 0.039 0.004 
 58      945    (0)   11 :  0.003 0.004 0.015 0.006 0.002 0.962 0.006 0.002 
 59      946    (0)   11 :  0.007 0.009 0.011 0.291 0.003 0.165 0.439 0.075 
 60      947    (0)   11 :  0.005 0.005 0.005 0.616 0.034 0.035 0.297 0.002 
 61      951    (0)   11 :  0.004 0.006 0.014 0.520 0.011 0.025 0.417 0.004 
 62      952    (0)   11 :  0.006 0.006 0.021 0.214 0.075 0.043 0.625 0.010 
 63      953    (0)   11 :  0.011 0.020 0.890 0.017 0.010 0.025 0.022 0.004 
 64      954    (0)   11 :  0.012 0.004 0.050 0.397 0.009 0.316 0.203 0.010 
 65      955    (0)   11 :  0.004 0.003 0.015 0.663 0.017 0.067 0.220 0.010 
 66      961    (4)   11 :  0.018 0.015 0.014 0.739 0.004 0.014 0.194 0.003 
 67      974    (0)   11 :  0.006 0.003 0.085 0.514 0.025 0.076 0.280 0.011 
 68      975    (4)   11 :  0.021 0.013 0.011 0.485 0.002 0.078 0.387 0.003 
 69      980    (0)   11 :  0.009 0.011 0.029 0.437 0.018 0.192 0.302 0.002 
 70      981    (0)   11 :  0.015 0.006 0.240 0.295 0.003 0.008 0.427 0.004 
 71      982    (0)   11 :  0.046 0.012 0.004 0.105 0.002 0.733 0.097 0.002 
 72      984    (0)   11 :  0.021 0.012 0.058 0.147 0.004 0.017 0.731 0.010 
 73      985    (0)   11 :  0.009 0.004 0.020 0.485 0.009 0.012 0.458 0.004 
 74     2578    (4)   11 :  0.007 0.004 0.020 0.402 0.002 0.194 0.359 0.011 
 75     2580    (2)   11 :  0.027 0.029 0.010 0.637 0.004 0.008 0.277 0.008 
 76     2498    (2)   12 :  0.912 0.023 0.028 0.008 0.008 0.006 0.010 0.005 
 77     2513    (2)   12 :  0.959 0.008 0.005 0.006 0.010 0.006 0.005 0.002 
 78     2514    (2)   12 :  0.814 0.056 0.035 0.036 0.004 0.015 0.039 0.002 
 79     2597    (4)   12 :  0.903 0.014 0.020 0.014 0.004 0.017 0.019 0.009 
 80     2499    (4)   12 :  0.798 0.065 0.008 0.058 0.012 0.011 0.044 0.004 
 81     2500    (0)   12 :  0.953 0.013 0.006 0.008 0.007 0.003 0.006 0.004 
 82     2506    (2)   12 :  0.961 0.012 0.005 0.005 0.004 0.004 0.006 0.004 
 83     2509    (6)   12 :  0.780 0.012 0.074 0.033 0.024 0.014 0.054 0.009 
 84     2511    (2)   12 :  0.849 0.123 0.004 0.007 0.005 0.004 0.007 0.002 
 85     2512    (2)   12 :  0.964 0.009 0.003 0.005 0.002 0.005 0.005 0.007 
 86     2515    (2)   12 :  0.725 0.255 0.003 0.004 0.002 0.003 0.005 0.002 
 87     2516    (2)   12 :  0.923 0.024 0.008 0.018 0.002 0.011 0.013 0.001 
 88     2517    (2)   12 :  0.865 0.076 0.006 0.008 0.003 0.030 0.009 0.002 
 89     2518    (2)   12 :  0.877 0.046 0.008 0.012 0.008 0.031 0.014 0.004 
 90     2519    (0)   12 :  0.678 0.035 0.010 0.063 0.016 0.047 0.150 0.002 
 91     2520    (2)   12 :  0.933 0.052 0.002 0.004 0.002 0.003 0.004 0.002 
 92     2521    (2)   12 :  0.159 0.691 0.054 0.039 0.003 0.014 0.039 0.002 
 93     2603    (4)   12 :  0.873 0.026 0.025 0.023 0.003 0.005 0.043 0.003 
 94     2606    (2)   12 :  0.945 0.014 0.007 0.009 0.002 0.009 0.010 0.004 
 95      718    (0)   13 :  0.930 0.016 0.007 0.011 0.005 0.008 0.010 0.013 
 96      719    (0)   13 :  0.882 0.014 0.010 0.029 0.010 0.022 0.028 0.006 
 97      720    (0)   13 :  0.967 0.008 0.004 0.006 0.001 0.007 0.006 0.001 
 98      721    (0)   13 :  0.882 0.026 0.005 0.020 0.013 0.018 0.022 0.015 
 99      722    (0)   13 :  0.940 0.025 0.008 0.006 0.002 0.010 0.007 0.004 
100      723    (0)   13 :  0.911 0.048 0.014 0.005 0.004 0.013 0.005 0.001 
101      724    (0)   13 :  0.973 0.003 0.003 0.004 0.002 0.006 0.004 0.004 
102      725    (0)   13 :  0.967 0.009 0.003 0.004 0.006 0.004 0.004 0.003 
103      726    (0)   13 :  0.827 0.005 0.122 0.016 0.002 0.007 0.017 0.003 
104      727    (0)   13 :  0.982 0.003 0.002 0.002 0.003 0.003 0.003 0.002 
105      728    (2)   13 :  0.926 0.019 0.007 0.017 0.003 0.012 0.011 0.005 
106      729    (0)   13 :  0.726 0.013 0.018 0.012 0.004 0.201 0.017 0.009 
107      730    (0)   13 :  0.776 0.009 0.023 0.080 0.003 0.023 0.062 0.023 
108      731    (0)   13 :  0.911 0.035 0.005 0.011 0.006 0.012 0.014 0.004 
109      732    (0)   13 :  0.964 0.004 0.007 0.009 0.003 0.005 0.007 0.002 
110      733    (0)   13 :  0.924 0.027 0.012 0.004 0.003 0.014 0.005 0.009 
111      734    (0)   13 :  0.839 0.144 0.002 0.003 0.002 0.005 0.003 0.002 
112     1079    (0)   14 :  0.014 0.006 0.007 0.877 0.003 0.010 0.081 0.002 
113     1081    (0)   14 :  0.032 0.010 0.007 0.742 0.007 0.012 0.187 0.003 
114     1082    (2)   14 :  0.005 0.010 0.019 0.682 0.008 0.004 0.268 0.004 
115     1083    (0)   14 :  0.036 0.020 0.009 0.672 0.006 0.015 0.239 0.003 
116     2055    (0)   15 :  0.955 0.018 0.003 0.005 0.002 0.009 0.005 0.003 
117     2056    (0)   15 :  0.195 0.761 0.007 0.008 0.008 0.008 0.009 0.004 
118     2057    (0)   15 :  0.935 0.010 0.019 0.012 0.002 0.008 0.010 0.003 
119     2058    (0)   15 :  0.977 0.006 0.003 0.002 0.005 0.002 0.003 0.001 
120     2059    (0)   15 :  0.969 0.009 0.005 0.004 0.003 0.003 0.005 0.002 
121     2060    (0)   15 :  0.976 0.004 0.004 0.004 0.002 0.003 0.004 0.004 
122     2061    (0)   15 :  0.939 0.003 0.006 0.011 0.005 0.007 0.012 0.017 
123     2062    (0)   15 :  0.953 0.006 0.007 0.007 0.004 0.012 0.008 0.002 
124     2063    (0)   15 :  0.972 0.007 0.004 0.004 0.002 0.004 0.004 0.003 
125     2064    (0)   15 :  0.972 0.009 0.003 0.004 0.002 0.003 0.004 0.003 
126     2065    (0)   15 :  0.986 0.004 0.001 0.002 0.002 0.002 0.002 0.001 
127     2066    (0)   15 :  0.963 0.018 0.004 0.004 0.002 0.004 0.004 0.002 
128     2067    (0)   15 :  0.907 0.047 0.007 0.008 0.009 0.007 0.011 0.004 
129     2068    (0)   15 :  0.829 0.017 0.010 0.050 0.028 0.013 0.046 0.007 
130     2069    (0)   15 :  0.978 0.007 0.002 0.003 0.002 0.003 0.003 0.001 
131     2070    (0)   15 :  0.237 0.360 0.008 0.060 0.002 0.081 0.251 0.001 
132     2071    (0)   15 :  0.932 0.015 0.008 0.010 0.009 0.005 0.010 0.011 
133     2072    (0)   15 :  0.950 0.017 0.002 0.007 0.003 0.003 0.007 0.010 
134     2073    (0)   15 :  0.899 0.004 0.016 0.024 0.009 0.013 0.024 0.011 
135     2074    (0)   15 :  0.966 0.015 0.002 0.004 0.002 0.003 0.004 0.004 
136     2075    (0)   15 :  0.870 0.084 0.003 0.008 0.019 0.005 0.007 0.003 
137     2076    (0)   15 :  0.985 0.003 0.003 0.002 0.002 0.002 0.002 0.001 
138     2077    (0)   15 :  0.927 0.005 0.015 0.009 0.009 0.014 0.012 0.006 
139     2078    (0)   15 :  0.960 0.013 0.003 0.004 0.003 0.009 0.004 0.004 
140     2079    (0)   15 :  0.904 0.004 0.018 0.010 0.041 0.012 0.010 0.001 
141     2080    (0)   15 :  0.902 0.003 0.005 0.033 0.024 0.004 0.026 0.003 
142     2081    (0)   15 :  0.972 0.006 0.004 0.005 0.003 0.004 0.004 0.002 
143     2082    (0)   15 :  0.678 0.260 0.007 0.017 0.008 0.008 0.019 0.003 
144     2083    (0)   15 :  0.868 0.089 0.007 0.011 0.002 0.007 0.013 0.004 
145     2084    (0)   15 :  0.946 0.009 0.007 0.009 0.007 0.010 0.009 0.003 
146     2085    (0)   15 :  0.924 0.034 0.005 0.007 0.003 0.015 0.010 0.002 
147     2086    (0)   15 :  0.943 0.006 0.008 0.014 0.003 0.009 0.013 0.003 
148     2087    (0)   15 :  0.919 0.005 0.004 0.005 0.051 0.005 0.006 0.005 
149     2088    (0)   15 :  0.866 0.007 0.031 0.018 0.013 0.040 0.022 0.003 
150     2089    (0)   15 :  0.981 0.007 0.002 0.002 0.002 0.002 0.002 0.001 
151     2090    (0)   15 :  0.916 0.015 0.006 0.006 0.040 0.004 0.007 0.005 
152     2091    (0)   15 :  0.963 0.012 0.007 0.004 0.003 0.005 0.005 0.001 
153     2092    (0)   15 :  0.932 0.025 0.004 0.005 0.023 0.004 0.005 0.002 
154     2093    (0)   15 :  0.978 0.008 0.002 0.003 0.002 0.003 0.003 0.001 
155     2094    (0)   15 :  0.938 0.047 0.003 0.003 0.001 0.003 0.003 0.002 
156     2095    (0)   15 :  0.930 0.004 0.006 0.006 0.038 0.005 0.006 0.005 
157     2096    (0)   15 :  0.975 0.010 0.004 0.002 0.002 0.003 0.003 0.001 
158     2097    (0)   15 :  0.976 0.005 0.006 0.003 0.002 0.003 0.003 0.002 
159     2098    (0)   15 :  0.883 0.010 0.022 0.023 0.013 0.020 0.026 0.003 
160     2099    (0)   15 :  0.401 0.449 0.027 0.035 0.004 0.020 0.055 0.010 
161     2100    (0)   15 :  0.921 0.011 0.025 0.016 0.004 0.009 0.013 0.002 
162     2101    (0)   15 :  0.965 0.005 0.006 0.004 0.005 0.007 0.005 0.003 
163     2102    (2)   15 :  0.971 0.011 0.002 0.004 0.002 0.004 0.004 0.002 
164     2103    (0)   15 :  0.958 0.009 0.008 0.005 0.004 0.007 0.005 0.002 
165     2104    (0)   15 :  0.922 0.003 0.008 0.009 0.002 0.046 0.009 0.001 
166     2105    (0)   15 :  0.923 0.019 0.005 0.007 0.004 0.030 0.007 0.006 
167     2106    (0)   15 :  0.936 0.018 0.007 0.016 0.002 0.006 0.011 0.002 
168     2107    (0)   15 :  0.950 0.009 0.004 0.007 0.004 0.016 0.007 0.002 
169     2108    (0)   15 :  0.951 0.005 0.003 0.011 0.005 0.007 0.013 0.004 
170     2109    (0)   15 :  0.716 0.236 0.007 0.010 0.002 0.012 0.011 0.005 
171     2110    (0)   15 :  0.945 0.004 0.004 0.007 0.005 0.023 0.008 0.003 
172     2111    (0)   15 :  0.964 0.004 0.006 0.004 0.004 0.012 0.004 0.001 
173     2112    (0)   15 :  0.964 0.014 0.005 0.003 0.003 0.003 0.004 0.003 
174     2583    (2)   15 :  0.900 0.066 0.006 0.004 0.008 0.004 0.006 0.006 
175     2584    (4)   15 :  0.921 0.021 0.014 0.012 0.004 0.003 0.021 0.004 
176     2587    (2)   15 :  0.950 0.013 0.011 0.006 0.003 0.011 0.005 0.002 
177     2590    (2)   15 :  0.959 0.011 0.003 0.005 0.002 0.004 0.005 0.011 
178     2591    (6)   15 :  0.939 0.007 0.013 0.009 0.012 0.010 0.008 0.001 
179       87    (0)    2 :  0.013 0.938 0.006 0.007 0.007 0.012 0.009 0.007 
180       88    (0)    2 :  0.015 0.973 0.002 0.002 0.002 0.002 0.002 0.001 
181       90    (0)    2 :  0.945 0.043 0.002 0.002 0.002 0.003 0.003 0.001 
182       92    (0)    2 :  0.161 0.774 0.016 0.012 0.003 0.019 0.013 0.002 
183       96    (0)    2 :  0.845 0.040 0.069 0.008 0.019 0.007 0.009 0.002 
184       97    (0)    2 :  0.065 0.903 0.012 0.006 0.003 0.006 0.005 0.001 
185      105    (0)    2 :  0.018 0.957 0.003 0.005 0.007 0.004 0.005 0.002 
186      120    (0)    2 :  0.004 0.980 0.004 0.002 0.002 0.003 0.003 0.003 
187      123    (0)    2 :  0.942 0.039 0.003 0.003 0.003 0.005 0.003 0.001 
188      128    (0)    2 :  0.969 0.007 0.005 0.006 0.003 0.002 0.005 0.002 
189      129    (0)    2 :  0.876 0.081 0.005 0.006 0.004 0.017 0.009 0.002 
190      132    (0)    2 :  0.013 0.964 0.007 0.005 0.002 0.003 0.006 0.002 
191      504    (0)    2 :  0.499 0.472 0.004 0.005 0.003 0.010 0.006 0.001 
192      505    (0)    2 :  0.203 0.766 0.004 0.006 0.004 0.009 0.007 0.001 
193      506    (0)    2 :  0.493 0.450 0.018 0.014 0.003 0.006 0.014 0.002 
194      507    (0)    2 :  0.048 0.908 0.005 0.007 0.004 0.019 0.007 0.004 
195      508    (0)    2 :  0.011 0.925 0.012 0.011 0.003 0.008 0.011 0.020 
196      509    (0)    2 :  0.119 0.837 0.003 0.017 0.003 0.006 0.012 0.003 
197      510    (0)    2 :  0.005 0.973 0.003 0.005 0.002 0.006 0.004 0.002 
198      511    (0)    2 :  0.109 0.856 0.003 0.006 0.012 0.005 0.007 0.002 
199      512    (0)    2 :  0.275 0.700 0.004 0.004 0.005 0.006 0.004 0.002 
200      513    (0)    2 :  0.069 0.912 0.003 0.004 0.002 0.003 0.005 0.002 
201      514    (0)    2 :  0.614 0.324 0.019 0.010 0.013 0.005 0.012 0.003 
202      515    (0)    2 :  0.132 0.786 0.021 0.017 0.004 0.014 0.019 0.007 
203      558    (0)    2 :  0.199 0.744 0.008 0.008 0.004 0.023 0.008 0.006 
204      559    (0)    2 :  0.930 0.054 0.005 0.003 0.001 0.002 0.003 0.002 
205      560    (0)    2 :  0.824 0.146 0.004 0.004 0.006 0.003 0.005 0.008 
206      561    (0)    2 :  0.390 0.587 0.002 0.005 0.004 0.003 0.005 0.003 
207      562    (0)    2 :  0.068 0.883 0.019 0.009 0.002 0.006 0.011 0.003 
208      563    (0)    2 :  0.003 0.982 0.003 0.003 0.002 0.002 0.003 0.002 
209      564    (0)    2 :  0.415 0.537 0.010 0.007 0.003 0.009 0.008 0.012 
210      136    (0)    3 :  0.972 0.005 0.003 0.005 0.004 0.004 0.006 0.002 
211      138    (0)    3 :  0.962 0.011 0.004 0.005 0.004 0.005 0.005 0.003 
212      140    (0)    3 :  0.939 0.017 0.008 0.006 0.008 0.011 0.009 0.003 
213      141    (0)    3 :  0.913 0.009 0.004 0.027 0.004 0.009 0.029 0.005 
214      144    (0)    3 :  0.957 0.007 0.006 0.005 0.015 0.003 0.005 0.002 
215      146    (0)    3 :  0.951 0.022 0.008 0.004 0.005 0.002 0.004 0.003 
216      148    (0)    3 :  0.924 0.043 0.009 0.008 0.001 0.004 0.009 0.002 
217      150    (0)    3 :  0.966 0.006 0.004 0.004 0.002 0.006 0.005 0.007 
218      152    (0)    3 :  0.968 0.015 0.002 0.004 0.002 0.004 0.004 0.002 
219      666    (0)    3 :  0.969 0.007 0.003 0.005 0.002 0.007 0.005 0.002 
220      667    (0)    3 :  0.941 0.012 0.007 0.012 0.002 0.006 0.018 0.001 
221      668    (0)    3 :  0.880 0.058 0.004 0.007 0.003 0.025 0.010 0.012 
222      669    (0)    3 :  0.968 0.011 0.003 0.003 0.002 0.007 0.004 0.003 
223      670    (0)    3 :  0.816 0.049 0.025 0.014 0.003 0.062 0.019 0.013 
224      684    (0)    3 :  0.970 0.010 0.004 0.003 0.002 0.005 0.003 0.003 
225      685    (0)    3 :  0.966 0.005 0.005 0.007 0.004 0.003 0.005 0.007 
226      686    (0)    3 :  0.878 0.096 0.003 0.004 0.003 0.006 0.006 0.003 
227      687    (0)    3 :  0.974 0.005 0.003 0.004 0.004 0.004 0.004 0.001 
228      688    (2)    3 :  0.975 0.006 0.003 0.003 0.004 0.004 0.003 0.002 
229      689    (0)    3 :  0.946 0.008 0.009 0.008 0.006 0.010 0.009 0.004 
230      165    (0)    4 :  0.939 0.007 0.012 0.012 0.004 0.013 0.010 0.003 
231      167    (0)    4 :  0.594 0.018 0.236 0.039 0.003 0.022 0.036 0.053 
232      170    (0)    4 :  0.923 0.021 0.012 0.006 0.011 0.015 0.008 0.004 
233      714    (0)    4 :  0.547 0.413 0.010 0.007 0.002 0.007 0.011 0.003 
234      715    (2)    4 :  0.287 0.333 0.056 0.132 0.004 0.028 0.136 0.025 
235      716    (0)    4 :  0.953 0.006 0.014 0.006 0.003 0.009 0.007 0.003 
236      717    (2)    4 :  0.074 0.391 0.133 0.129 0.008 0.014 0.239 0.013 
237     2346    (2)    4 :  0.002 0.004 0.007 0.154 0.076 0.009 0.739 0.009 
238      189    (0)    5 :  0.009 0.008 0.036 0.007 0.918 0.007 0.008 0.007 
239      190    (0)    5 :  0.003 0.002 0.003 0.003 0.983 0.002 0.003 0.002 
240      193    (0)    5 :  0.003 0.005 0.003 0.008 0.966 0.003 0.010 0.001 
241      761    (0)    5 :  0.002 0.003 0.004 0.002 0.982 0.003 0.002 0.001 
242      762    (0)    5 :  0.004 0.002 0.003 0.004 0.974 0.007 0.004 0.002 
243      763    (0)    5 :  0.004 0.004 0.003 0.003 0.973 0.005 0.004 0.003 
244      764    (0)    5 :  0.004 0.002 0.003 0.003 0.979 0.004 0.003 0.002 
245      765    (0)    5 :  0.004 0.004 0.005 0.005 0.973 0.003 0.005 0.001 
246      778    (0)    5 :  0.015 0.018 0.011 0.015 0.902 0.007 0.019 0.013 
247      779    (0)    5 :  0.006 0.002 0.006 0.004 0.971 0.004 0.004 0.003 
248      780    (0)    5 :  0.002 0.002 0.002 0.003 0.981 0.005 0.003 0.002 
249      781    (0)    5 :  0.003 0.005 0.003 0.003 0.966 0.002 0.003 0.014 
250      782    (0)    5 :  0.008 0.009 0.004 0.005 0.966 0.002 0.005 0.002 
251      783    (0)    5 :  0.002 0.001 0.001 0.001 0.991 0.002 0.001 0.001 
252      784    (0)    5 :  0.003 0.004 0.008 0.005 0.970 0.003 0.006 0.001 
253      785    (0)    5 :  0.003 0.002 0.003 0.004 0.974 0.005 0.004 0.004 
254      786    (0)    5 :  0.003 0.002 0.007 0.004 0.975 0.005 0.003 0.001 
255      787    (0)    5 :  0.004 0.002 0.002 0.003 0.980 0.003 0.003 0.002 
256      788    (0)    5 :  0.008 0.012 0.003 0.012 0.942 0.008 0.011 0.005 
257      789    (0)    5 :  0.004 0.003 0.009 0.011 0.957 0.004 0.010 0.002 
258      790    (0)    5 :  0.004 0.002 0.011 0.004 0.964 0.005 0.004 0.005 
259      791    (0)    5 :  0.007 0.004 0.003 0.007 0.966 0.005 0.006 0.002 
260      792    (0)    5 :  0.002 0.002 0.002 0.002 0.984 0.002 0.002 0.004 
261      793    (0)    5 :  0.006 0.003 0.004 0.005 0.969 0.005 0.006 0.002 
262      794    (0)    5 :  0.002 0.003 0.005 0.006 0.970 0.006 0.005 0.003 
263      795    (0)    5 :  0.003 0.006 0.003 0.005 0.973 0.003 0.004 0.003 
264      796    (0)    5 :  0.002 0.002 0.002 0.002 0.986 0.002 0.002 0.003 
265      797    (0)    5 :  0.002 0.002 0.002 0.002 0.984 0.003 0.002 0.002 
266      798    (0)    5 :  0.006 0.004 0.003 0.003 0.973 0.006 0.003 0.002 
267      282    (0)    6 :  0.003 0.005 0.003 0.007 0.002 0.003 0.008 0.968 
268      284    (0)    6 :  0.003 0.002 0.003 0.003 0.009 0.003 0.003 0.974 
269      287    (0)    6 :  0.003 0.002 0.003 0.005 0.003 0.005 0.007 0.972 
270      295    (0)    6 :  0.001 0.001 0.001 0.001 0.001 0.001 0.001 0.991 
271      302    (0)    6 :  0.001 0.001 0.001 0.001 0.002 0.002 0.001 0.991 
272      306    (2)    6 :  0.010 0.004 0.003 0.013 0.006 0.012 0.017 0.936 
273      308    (0)    6 :  0.002 0.002 0.001 0.002 0.001 0.001 0.002 0.988 
274      867    (0)    6 :  0.001 0.002 0.001 0.002 0.001 0.002 0.002 0.990 
275      315    (0)    7 :  0.010 0.005 0.009 0.177 0.037 0.103 0.650 0.008 
276      565    (0)    7 :  0.007 0.008 0.006 0.246 0.027 0.005 0.699 0.003 
277      566    (2)    7 :  0.010 0.019 0.063 0.140 0.017 0.598 0.149 0.004 
278      567    (2)    7 :  0.021 0.007 0.016 0.741 0.004 0.005 0.204 0.002 
279      877    (0)    7 :  0.008 0.029 0.009 0.669 0.003 0.012 0.268 0.002 
280      878    (0)    7 :  0.005 0.004 0.048 0.717 0.007 0.005 0.203 0.012 
281      879    (0)    7 :  0.007 0.012 0.061 0.413 0.005 0.014 0.480 0.007 
282      880    (0)    7 :  0.005 0.009 0.014 0.846 0.004 0.006 0.113 0.002 
283      881    (0)    7 :  0.005 0.004 0.006 0.267 0.009 0.013 0.690 0.006 
284      882    (0)    7 :  0.005 0.007 0.033 0.693 0.010 0.005 0.221 0.025 
285      883    (0)    7 :  0.007 0.014 0.022 0.572 0.004 0.013 0.360 0.008 
286      884    (0)    7 :  0.027 0.024 0.018 0.422 0.003 0.314 0.191 0.002 
287      885    (0)    7 :  0.005 0.032 0.017 0.665 0.004 0.055 0.216 0.007 
288      886    (0)    7 :  0.009 0.004 0.004 0.549 0.127 0.019 0.278 0.011 
289      887    (0)    7 :  0.023 0.015 0.114 0.029 0.005 0.739 0.061 0.013 
290      888    (0)    7 :  0.029 0.149 0.003 0.509 0.008 0.005 0.292 0.005 
291      889    (0)    7 :  0.007 0.005 0.137 0.309 0.005 0.075 0.452 0.012 
292      890    (0)    7 :  0.005 0.004 0.013 0.682 0.017 0.014 0.260 0.005 
293      891    (0)    7 :  0.011 0.010 0.008 0.758 0.006 0.006 0.200 0.002 
294      892    (0)    7 :  0.008 0.011 0.082 0.460 0.004 0.008 0.419 0.007 
295      893    (0)    7 :  0.034 0.006 0.005 0.179 0.109 0.047 0.616 0.003 
296      319    (2)    8 :  0.008 0.006 0.043 0.385 0.005 0.009 0.542 0.002 
297      335    (0)    8 :  0.008 0.004 0.014 0.247 0.011 0.012 0.696 0.009 
298      895    (0)    8 :  0.004 0.003 0.038 0.468 0.005 0.008 0.467 0.007 
299      896    (0)    8 :  0.007 0.040 0.014 0.155 0.003 0.010 0.764 0.006 
300      897    (0)    8 :  0.004 0.017 0.006 0.546 0.006 0.008 0.411 0.002 
301      898    (0)    8 :  0.006 0.007 0.007 0.666 0.005 0.143 0.164 0.002 
302      899    (0)    8 :  0.230 0.011 0.011 0.239 0.005 0.060 0.439 0.005 
303      900    (0)    8 :  0.010 0.022 0.019 0.267 0.043 0.037 0.586 0.014 
304      901    (0)    8 :  0.148 0.008 0.070 0.187 0.040 0.014 0.530 0.004 
305      902    (0)    8 :  0.007 0.004 0.020 0.184 0.003 0.018 0.755 0.009 
306      903    (0)    8 :  0.004 0.011 0.006 0.198 0.003 0.006 0.752 0.021 
307      904    (0)    8 :  0.009 0.015 0.010 0.777 0.002 0.006 0.175 0.006 
308      905    (0)    8 :  0.032 0.023 0.039 0.220 0.004 0.005 0.657 0.020 
309      906    (0)    8 :  0.004 0.006 0.008 0.686 0.006 0.008 0.279 0.005 
310      907    (0)    8 :  0.005 0.034 0.010 0.446 0.008 0.015 0.469 0.013 
311      908    (0)    8 :  0.018 0.008 0.004 0.399 0.007 0.014 0.546 0.003 
312      909    (0)    8 :  0.013 0.004 0.004 0.018 0.288 0.655 0.014 0.004 
313      910    (0)    8 :  0.004 0.007 0.004 0.530 0.041 0.010 0.402 0.003 
314      911    (0)    8 :  0.022 0.004 0.009 0.509 0.037 0.014 0.399 0.007 
315      912    (0)    8 :  0.006 0.006 0.008 0.627 0.003 0.028 0.315 0.007 
316      913    (0)    8 :  0.039 0.011 0.007 0.190 0.046 0.204 0.424 0.078 
317     2411    (0)    8 :  0.007 0.008 0.005 0.604 0.004 0.008 0.360 0.004 
318     2412    (0)    8 :  0.008 0.026 0.037 0.035 0.008 0.771 0.094 0.021 
319     2413    (0)    8 :  0.009 0.012 0.006 0.341 0.019 0.005 0.600 0.008 
320     2414    (0)    8 :  0.007 0.004 0.006 0.096 0.002 0.024 0.857 0.004 
321     2415    (2)    8 :  0.014 0.029 0.021 0.464 0.016 0.041 0.411 0.003 
322     2417    (4)    8 :  0.067 0.009 0.006 0.315 0.007 0.078 0.512 0.005 
323     2418    (4)    8 :  0.005 0.014 0.009 0.660 0.007 0.006 0.296 0.003 
324     2419    (2)    8 :  0.005 0.004 0.020 0.318 0.005 0.059 0.587 0.002 
325     2420    (0)    8 :  0.003 0.006 0.007 0.317 0.006 0.013 0.577 0.071 
326     2421    (0)    8 :  0.005 0.013 0.031 0.387 0.010 0.198 0.352 0.006 
327     2422    (2)    8 :  0.007 0.003 0.051 0.450 0.240 0.007 0.237 0.005 
328     2423    (0)    8 :  0.021 0.011 0.019 0.311 0.008 0.009 0.613 0.007 
329     2576    (0)    8 :  0.011 0.011 0.013 0.362 0.010 0.015 0.505 0.072 
330      321    (0)    9 :  0.024 0.004 0.092 0.053 0.006 0.764 0.054 0.003 
331      338    (0)    9 :  0.004 0.002 0.005 0.004 0.002 0.977 0.004 0.002 
332      339    (0)    9 :  0.033 0.012 0.018 0.014 0.007 0.887 0.025 0.004 
333      363    (0)    9 :  0.004 0.003 0.910 0.024 0.005 0.024 0.020 0.011 
334      915    (0)    9 :  0.012 0.006 0.005 0.006 0.003 0.959 0.006 0.003 
335      917    (0)    9 :  0.006 0.003 0.211 0.037 0.004 0.693 0.045 0.001 
336      923    (0)    9 :  0.012 0.012 0.019 0.182 0.013 0.477 0.274 0.011 
337      925    (0)    9 :  0.006 0.011 0.005 0.004 0.005 0.961 0.005 0.003 
338      931    (0)    9 :  0.005 0.008 0.039 0.320 0.008 0.417 0.201 0.002 
339      935    (0)    9 :  0.006 0.005 0.008 0.013 0.004 0.946 0.015 0.003 
340      936    (0)    9 :  0.003 0.003 0.010 0.010 0.008 0.954 0.008 0.004 
341      937    (0)    9 :  0.003 0.006 0.013 0.011 0.002 0.952 0.012 0.001 
342      948    (0)    9 :  0.009 0.008 0.040 0.136 0.015 0.631 0.155 0.004 
343      956    (0)    9 :  0.007 0.012 0.006 0.009 0.003 0.953 0.009 0.001 
344      957    (0)    9 :  0.003 0.004 0.057 0.014 0.003 0.901 0.015 0.003 
345      967    (0)    9 :  0.004 0.003 0.013 0.016 0.004 0.943 0.014 0.003 
346      968    (2)    9 :  0.007 0.135 0.023 0.232 0.011 0.419 0.169 0.003 
347      969    (2)    9 :  0.010 0.006 0.024 0.064 0.016 0.818 0.059 0.003 
348      970    (2)    9 :  0.006 0.005 0.292 0.360 0.006 0.180 0.116 0.035 
349      971    (4)    9 :  0.013 0.005 0.229 0.008 0.003 0.730 0.008 0.002 
350      972    (0)    9 :  0.003 0.008 0.005 0.011 0.005 0.936 0.020 0.012 
351      973    (0)    9 :  0.006 0.015 0.006 0.332 0.014 0.032 0.591 0.004 
352      978    (0)    9 :  0.006 0.040 0.007 0.007 0.037 0.879 0.020 0.002 
353      979    (0)    9 :  0.440 0.045 0.124 0.126 0.002 0.151 0.107 0.004 
354      988    (6)    9 :  0.006 0.004 0.965 0.006 0.003 0.009 0.006 0.002 
355      989    (0)    9 :  0.017 0.017 0.047 0.066 0.005 0.769 0.074 0.004 
356      990    (0)    9 :  0.014 0.004 0.017 0.174 0.022 0.386 0.373 0.008 
357      991    (0)    9 :  0.003 0.004 0.014 0.005 0.004 0.964 0.005 0.002 
358      992    (0)    9 :  0.006 0.021 0.009 0.011 0.003 0.923 0.014 0.012 
359     1006    (2)    9 :  0.011 0.022 0.005 0.006 0.014 0.935 0.006 0.002 
360     1017    (0)    9 :  0.096 0.112 0.006 0.056 0.015 0.514 0.197 0.003 
361     2582    (4)    9 :  0.044 0.017 0.004 0.022 0.030 0.849 0.022 0.011 


Estimated Allele Frequencies in each cluster
First column gives estimated ancestral frequencies


Locus 1 : 1 
4 alleles
0.0% missing data
  89   (0.543) 0.631 0.315 0.445 0.544 0.638 0.534 0.543 0.079 
  93   (0.074) 0.054 0.131 0.021 0.068 0.050 0.042 0.074 0.050 
  91   (0.360) 0.315 0.552 0.529 0.368 0.311 0.404 0.360 0.720 
  99   (0.023) 0.001 0.002 0.006 0.021 0.001 0.021 0.023 0.150 

Locus 2 : 2 
6 alleles
1.4% missing data
 136   (0.336) 0.525 0.676 0.200 0.363 0.458 0.096 0.336 0.202 
 138   (0.297) 0.256 0.122 0.283 0.270 0.159 0.514 0.297 0.748 
 140   (0.075) 0.066 0.010 0.103 0.088 0.005 0.036 0.075 0.010 
 134   (0.243) 0.153 0.188 0.391 0.217 0.375 0.247 0.243 0.033 
 142   (0.022) 0.001 0.002 0.016 0.021 0.001 0.102 0.021 0.003 
 132   (0.028) 0.001 0.003 0.007 0.041 0.002 0.005 0.028 0.003 

Locus 3 : 3 
6 alleles
0.0% missing data
 187   (0.372) 0.508 0.529 0.387 0.370 0.263 0.186 0.372 0.752 
 179   (0.220) 0.237 0.352 0.265 0.259 0.014 0.229 0.220 0.031 
 181   (0.238) 0.230 0.101 0.263 0.200 0.073 0.341 0.238 0.195 
 175   (0.054) 0.001 0.005 0.020 0.064 0.004 0.137 0.054 0.007 
 185   (0.078) 0.002 0.008 0.056 0.082 0.453 0.098 0.078 0.010 
 191   (0.037) 0.022 0.004 0.009 0.025 0.193 0.008 0.037 0.005 

Locus 4 : 4 
10 alleles
0.0% missing data
 241   (0.140) 0.029 0.320 0.103 0.125 0.150 0.153 0.140 0.205 
 269   (0.172) 0.130 0.063 0.243 0.150 0.103 0.217 0.172 0.232 
 253   (0.507) 0.742 0.506 0.419 0.550 0.467 0.574 0.507 0.540 
 247   (0.079) 0.002 0.008 0.084 0.105 0.274 0.035 0.079 0.010 
 271   (0.040) 0.025 0.054 0.136 0.026 0.003 0.012 0.040 0.006 
 249   (0.027) 0.070 0.041 0.006 0.019 0.002 0.003 0.027 0.003 
 257   (0.008) 0.000 0.004 0.002 0.004 0.000 0.002 0.008 0.001 
 239   (0.008) 0.000 0.001 0.002 0.005 0.001 0.001 0.008 0.001 
 245   (0.008) 0.000 0.001 0.002 0.005 0.000 0.001 0.008 0.001 
 273   (0.011) 0.000 0.001 0.003 0.011 0.001 0.001 0.011 0.001 

Locus 5 : 5 
7 alleles
0.8% missing data
 103   (0.832) 0.990 0.976 0.941 0.796 0.962 0.937 0.832 0.975 
 104   (0.071) 0.008 0.014 0.025 0.086 0.005 0.033 0.071 0.011 
 105   (0.048) 0.001 0.005 0.021 0.083 0.003 0.023 0.048 0.006 
 102   (0.020) 0.001 0.002 0.006 0.018 0.002 0.003 0.020 0.003 
  99   (0.009) 0.000 0.001 0.002 0.004 0.014 0.001 0.009 0.001 
 101   (0.012) 0.000 0.001 0.004 0.008 0.014 0.002 0.012 0.002 
 107   (0.008) 0.000 0.001 0.002 0.004 0.001 0.001 0.008 0.001 

Locus 6 : 6 
5 alleles
0.3% missing data
 141   (0.281) 0.588 0.304 0.584 0.255 0.139 0.238 0.281 0.040 
 145   (0.407) 0.192 0.143 0.200 0.466 0.264 0.565 0.407 0.386 
 147   (0.072) 0.040 0.186 0.042 0.051 0.311 0.011 0.072 0.011 
 135   (0.228) 0.180 0.366 0.171 0.218 0.285 0.184 0.228 0.562 
 137   (0.012) 0.000 0.001 0.003 0.010 0.001 0.001 0.012 0.002 

Locus 7 : 7 
8 alleles
1.1% missing data
  93   (0.229) 0.339 0.394 0.257 0.206 0.072 0.294 0.229 0.707 
 103   (0.275) 0.389 0.303 0.265 0.305 0.506 0.352 0.275 0.044 
  97   (0.212) 0.155 0.157 0.173 0.212 0.254 0.133 0.212 0.150 
  91   (0.068) 0.033 0.008 0.022 0.057 0.155 0.036 0.068 0.065 
  83   (0.055) 0.001 0.005 0.016 0.075 0.003 0.044 0.055 0.008 
  89   (0.107) 0.038 0.122 0.252 0.095 0.007 0.110 0.107 0.017 
  85   (0.043) 0.044 0.010 0.012 0.037 0.003 0.029 0.043 0.006 
 105   (0.011) 0.000 0.001 0.003 0.013 0.001 0.002 0.011 0.002 

Locus 8 : 8 
8 alleles
0.0% missing data
 129   (0.527) 0.701 0.466 0.543 0.530 0.638 0.700 0.527 0.161 
 149   (0.093) 0.131 0.066 0.113 0.091 0.019 0.058 0.093 0.012 
 143   (0.261) 0.076 0.327 0.316 0.277 0.135 0.204 0.261 0.723 
 141   (0.065) 0.091 0.137 0.017 0.056 0.204 0.024 0.065 0.009 
 131   (0.012) 0.000 0.001 0.003 0.006 0.002 0.008 0.012 0.046 
 133   (0.017) 0.000 0.002 0.004 0.022 0.001 0.004 0.017 0.002 
 127   (0.016) 0.000 0.002 0.004 0.013 0.001 0.002 0.016 0.045 
 145   (0.008) 0.000 0.001 0.002 0.005 0.001 0.001 0.008 0.001 

Locus 9 : 9 
4 alleles
0.0% missing data
 191   (0.368) 0.565 0.614 0.221 0.373 0.541 0.316 0.368 0.265 
 195   (0.145) 0.186 0.044 0.199 0.122 0.056 0.236 0.145 0.396 
 189   (0.479) 0.246 0.341 0.577 0.500 0.402 0.447 0.479 0.338 
 193   (0.009) 0.003 0.001 0.003 0.004 0.001 0.001 0.009 0.001 

Locus 10 : 10 
7 alleles
0.0% missing data
 238   (0.558) 0.574 0.418 0.863 0.557 0.350 0.750 0.558 0.414 
 252   (0.105) 0.117 0.177 0.037 0.104 0.037 0.068 0.105 0.018 
 232   (0.253) 0.288 0.396 0.079 0.263 0.275 0.172 0.253 0.193 
 254   (0.042) 0.021 0.005 0.011 0.039 0.253 0.005 0.042 0.370 
 248   (0.023) 0.001 0.002 0.006 0.018 0.084 0.003 0.023 0.003 
 236   (0.008) 0.000 0.001 0.002 0.005 0.001 0.001 0.008 0.001 
 250   (0.011) 0.000 0.001 0.002 0.015 0.001 0.001 0.011 0.001 

Locus 11 : 11 
3 alleles
0.0% missing data
  87   (0.740) 0.635 0.564 0.914 0.743 0.537 0.818 0.740 0.964 
  89   (0.203) 0.319 0.338 0.063 0.214 0.380 0.149 0.203 0.028 
  91   (0.057) 0.046 0.098 0.023 0.043 0.082 0.033 0.057 0.008 

Locus 12 : 12 
12 alleles
0.0% missing data
 147   (0.045) 0.112 0.325 0.015 0.035 0.003 0.047 0.045 0.006 
 158   (0.236) 0.499 0.315 0.157 0.234 0.025 0.211 0.236 0.033 
 160   (0.214) 0.112 0.196 0.276 0.183 0.708 0.271 0.214 0.580 
 162   (0.242) 0.242 0.118 0.351 0.291 0.234 0.239 0.242 0.084 
 150   (0.008) 0.000 0.001 0.002 0.004 0.000 0.009 0.008 0.001 
 161   (0.113) 0.023 0.030 0.039 0.108 0.021 0.121 0.113 0.131 
 149   (0.024) 0.001 0.002 0.116 0.018 0.001 0.043 0.024 0.003 
 154   (0.021) 0.001 0.002 0.007 0.026 0.001 0.003 0.021 0.003 
 143   (0.025) 0.001 0.002 0.006 0.025 0.001 0.005 0.025 0.150 
 170   (0.053) 0.010 0.006 0.027 0.066 0.004 0.030 0.053 0.007 
 164   (0.008) 0.000 0.001 0.002 0.004 0.000 0.001 0.008 0.001 
 159   (0.012) 0.000 0.001 0.003 0.006 0.001 0.021 0.012 0.001 

Locus 13 : 13 
4 alleles
0.0% missing data
 108   (0.193) 0.180 0.158 0.073 0.177 0.200 0.109 0.193 0.313 
 115   (0.431) 0.573 0.379 0.539 0.436 0.290 0.537 0.431 0.101 
 113   (0.368) 0.247 0.462 0.386 0.381 0.509 0.353 0.368 0.586 
 109   (0.009) 0.000 0.001 0.002 0.005 0.001 0.001 0.009 0.001 

Locus 14 : 14 
5 alleles
0.3% missing data
 225   (0.130) 0.088 0.029 0.124 0.110 0.208 0.081 0.130 0.246 
 229   (0.528) 0.487 0.412 0.751 0.563 0.419 0.512 0.528 0.123 
 227   (0.149) 0.248 0.315 0.073 0.124 0.020 0.342 0.149 0.228 
 231   (0.126) 0.092 0.125 0.035 0.136 0.348 0.021 0.126 0.292 
 233   (0.067) 0.086 0.119 0.017 0.068 0.005 0.045 0.067 0.110 

Locus 15 : 15 
5 alleles
0.3% missing data
 143   (0.828) 0.965 0.970 0.900 0.834 0.816 0.863 0.828 0.761 
 145   (0.094) 0.016 0.022 0.037 0.098 0.006 0.072 0.094 0.228 
 147   (0.050) 0.001 0.005 0.056 0.044 0.146 0.062 0.050 0.007 
 133   (0.019) 0.000 0.002 0.004 0.020 0.032 0.002 0.019 0.002 
 157   (0.009) 0.017 0.001 0.002 0.004 0.001 0.001 0.009 0.001 

Locus 16 : 16 
5 alleles
0.3% missing data
 158   (0.533) 0.495 0.677 0.444 0.509 0.206 0.654 0.533 0.228 
 156   (0.245) 0.295 0.119 0.114 0.266 0.498 0.217 0.245 0.572 
 160   (0.127) 0.165 0.193 0.407 0.116 0.113 0.100 0.127 0.017 
 154   (0.086) 0.045 0.011 0.032 0.104 0.182 0.013 0.086 0.182 
 152   (0.010) 0.000 0.001 0.003 0.005 0.001 0.016 0.010 0.001 

Locus 17 : 17 
5 alleles
0.0% missing data
  90   (0.661) 0.712 0.844 0.485 0.642 0.791 0.762 0.661 0.595 
 102   (0.227) 0.242 0.120 0.259 0.220 0.201 0.215 0.227 0.034 
  88   (0.070) 0.045 0.032 0.235 0.085 0.005 0.011 0.070 0.010 
 100   (0.034) 0.001 0.003 0.012 0.050 0.002 0.007 0.034 0.360 
 104   (0.008) 0.000 0.001 0.008 0.004 0.001 0.006 0.008 0.001 

Locus 18 : 18 
8 alleles
0.3% missing data
 142   (0.141) 0.424 0.368 0.119 0.159 0.009 0.078 0.141 0.019 
 146   (0.090) 0.178 0.032 0.169 0.073 0.222 0.097 0.090 0.013 
 127   (0.258) 0.180 0.100 0.117 0.258 0.065 0.330 0.258 0.470 
 138   (0.058) 0.021 0.023 0.023 0.051 0.004 0.043 0.058 0.060 
 140   (0.262) 0.090 0.402 0.301 0.281 0.180 0.234 0.262 0.312 
 150   (0.060) 0.002 0.006 0.019 0.056 0.306 0.155 0.060 0.008 
 148   (0.102) 0.056 0.050 0.245 0.087 0.211 0.059 0.102 0.014 
 128   (0.030) 0.050 0.019 0.008 0.035 0.002 0.004 0.030 0.104 

Locus 19 : 19 
6 alleles
0.0% missing data
 190   (0.140) 0.381 0.325 0.222 0.113 0.202 0.173 0.140 0.019 
 194   (0.568) 0.491 0.474 0.429 0.586 0.481 0.563 0.568 0.943 
 188   (0.198) 0.125 0.192 0.096 0.223 0.172 0.164 0.198 0.027 
 200   (0.069) 0.002 0.007 0.248 0.061 0.004 0.097 0.069 0.009 
 202   (0.016) 0.000 0.002 0.004 0.012 0.140 0.002 0.016 0.002 
 196   (0.009) 0.000 0.001 0.002 0.006 0.001 0.001 0.009 0.001 

Locus 20 : 20 
6 alleles
0.8% missing data
 252   (0.700) 0.838 0.720 0.741 0.755 0.725 0.766 0.700 0.373 
 244   (0.018) 0.017 0.002 0.006 0.010 0.001 0.009 0.018 0.003 
 246   (0.090) 0.005 0.199 0.090 0.086 0.048 0.062 0.090 0.174 
 254   (0.084) 0.034 0.011 0.094 0.064 0.083 0.084 0.084 0.116 
 250   (0.087) 0.096 0.064 0.063 0.058 0.141 0.074 0.087 0.331 
 248   (0.022) 0.011 0.004 0.005 0.027 0.001 0.006 0.022 0.003 

Locus 21 : 21 
7 alleles
0.0% missing data
 167   (0.183) 0.336 0.191 0.067 0.189 0.122 0.127 0.183 0.131 
 177   (0.304) 0.263 0.615 0.469 0.303 0.171 0.207 0.304 0.266 
 165   (0.048) 0.006 0.012 0.136 0.052 0.019 0.007 0.048 0.008 
 173   (0.263) 0.360 0.140 0.263 0.241 0.214 0.568 0.263 0.139 
 175   (0.134) 0.033 0.034 0.044 0.128 0.254 0.077 0.134 0.447 
 163   (0.044) 0.003 0.006 0.013 0.044 0.219 0.011 0.044 0.006 
 159   (0.023) 0.001 0.002 0.007 0.043 0.001 0.003 0.023 0.003 

Locus 22 : 22 
11 alleles
1.1% missing data
 152   (0.449) 0.610 0.452 0.565 0.411 0.374 0.575 0.449 0.460 
 154   (0.010) 0.064 0.003 0.002 0.005 0.001 0.001 0.010 0.001 
 146   (0.222) 0.260 0.247 0.226 0.218 0.141 0.322 0.222 0.086 
 166   (0.097) 0.025 0.233 0.133 0.104 0.006 0.030 0.097 0.117 
 156   (0.013) 0.000 0.001 0.003 0.006 0.297 0.012 0.013 0.002 
 162   (0.043) 0.001 0.005 0.017 0.066 0.070 0.010 0.043 0.006 
 142   (0.018) 0.000 0.002 0.005 0.015 0.001 0.014 0.018 0.002 
 150   (0.033) 0.008 0.009 0.014 0.039 0.002 0.010 0.033 0.115 
 164   (0.026) 0.013 0.038 0.006 0.022 0.002 0.003 0.026 0.004 
 158   (0.077) 0.018 0.009 0.027 0.108 0.105 0.021 0.077 0.011 
 148   (0.012) 0.000 0.001 0.003 0.006 0.001 0.001 0.012 0.196 

Locus 23 : 23 
7 alleles
0.6% missing data
 154   (0.554) 0.562 0.388 0.522 0.581 0.228 0.599 0.554 0.410 
 158   (0.022) 0.004 0.002 0.116 0.025 0.001 0.003 0.022 0.003 
 144   (0.154) 0.173 0.160 0.048 0.132 0.626 0.267 0.154 0.548 
 160   (0.110) 0.167 0.275 0.224 0.083 0.106 0.092 0.110 0.015 
 156   (0.132) 0.038 0.087 0.084 0.163 0.037 0.035 0.132 0.019 
 152   (0.017) 0.056 0.086 0.004 0.008 0.001 0.003 0.017 0.002 
 146   (0.012) 0.000 0.001 0.003 0.008 0.001 0.001 0.012 0.002 

Locus 24 : 24 
4 alleles
0.3% missing data
  81   (0.372) 0.195 0.323 0.424 0.402 0.026 0.421 0.372 0.271 
  83   (0.463) 0.473 0.607 0.490 0.455 0.917 0.375 0.463 0.706 
  77   (0.086) 0.309 0.031 0.061 0.067 0.052 0.091 0.086 0.012 
  85   (0.079) 0.023 0.040 0.025 0.077 0.005 0.113 0.079 0.011 

Locus 25 : 25 
6 alleles
0.3% missing data
 126   (0.027) 0.053 0.028 0.007 0.016 0.002 0.003 0.027 0.004 
 132   (0.338) 0.541 0.187 0.236 0.338 0.450 0.366 0.338 0.214 
 124   (0.518) 0.386 0.770 0.646 0.532 0.541 0.526 0.518 0.393 
 122   (0.082) 0.020 0.011 0.102 0.083 0.005 0.100 0.082 0.059 
 136   (0.015) 0.000 0.002 0.005 0.013 0.001 0.002 0.016 0.002 
 120   (0.020) 0.001 0.002 0.004 0.019 0.001 0.003 0.020 0.329 

Locus 26 : 26 
7 alleles
0.0% missing data
 183   (0.351) 0.557 0.466 0.331 0.362 0.423 0.308 0.351 0.319 
 175   (0.283) 0.236 0.257 0.417 0.297 0.446 0.300 0.283 0.040 
 165   (0.222) 0.151 0.162 0.206 0.215 0.058 0.285 0.222 0.303 
 179   (0.093) 0.055 0.110 0.034 0.075 0.006 0.100 0.093 0.332 
 181   (0.035) 0.001 0.003 0.008 0.042 0.067 0.005 0.035 0.004 
 185   (0.008) 0.000 0.001 0.002 0.005 0.001 0.001 0.008 0.001 
 157   (0.008) 0.000 0.001 0.002 0.004 0.000 0.001 0.008 0.001 

Locus 27 : 27 
4 alleles
0.0% missing data
 142   (0.651) 0.692 0.615 0.640 0.657 0.740 0.757 0.651 0.355 
 148   (0.192) 0.098 0.163 0.064 0.214 0.070 0.089 0.192 0.624 
 138   (0.048) 0.195 0.210 0.014 0.028 0.003 0.024 0.048 0.007 
 150   (0.109) 0.015 0.012 0.282 0.101 0.186 0.130 0.109 0.015 

Locus 28 : 28 
6 alleles
1.1% missing data
 260   (0.389) 0.352 0.448 0.443 0.393 0.379 0.530 0.389 0.094 
 262   (0.494) 0.637 0.540 0.455 0.491 0.546 0.382 0.494 0.889 
 264   (0.020) 0.001 0.002 0.008 0.020 0.001 0.027 0.020 0.002 
 256   (0.075) 0.010 0.008 0.088 0.072 0.072 0.051 0.075 0.011 
 258   (0.013) 0.000 0.001 0.004 0.020 0.001 0.002 0.013 0.002 
 266   (0.009) 0.000 0.001 0.002 0.004 0.001 0.008 0.009 0.001 

Locus 29 : 29 
7 alleles
0.6% missing data
 150   (0.445) 0.657 0.475 0.363 0.459 0.295 0.556 0.445 0.162 
 146   (0.260) 0.177 0.269 0.223 0.267 0.336 0.223 0.260 0.039 
 140   (0.177) 0.120 0.042 0.236 0.174 0.062 0.161 0.177 0.783 
 148   (0.068) 0.039 0.197 0.128 0.064 0.304 0.028 0.068 0.010 
 152   (0.033) 0.001 0.003 0.043 0.027 0.002 0.030 0.033 0.004 
 151   (0.009) 0.004 0.013 0.002 0.004 0.001 0.001 0.009 0.001 
 142   (0.008) 0.002 0.001 0.004 0.004 0.001 0.001 0.008 0.001 

Locus 30 : 30 
6 alleles
0.3% missing data
 125   (0.297) 0.477 0.317 0.114 0.337 0.033 0.108 0.297 0.159 
 129   (0.416) 0.467 0.606 0.581 0.389 0.779 0.587 0.416 0.227 
 123   (0.152) 0.053 0.063 0.124 0.136 0.104 0.231 0.152 0.022 
 131   (0.051) 0.001 0.005 0.043 0.066 0.003 0.027 0.051 0.008 
 127   (0.071) 0.002 0.007 0.135 0.063 0.079 0.045 0.071 0.537 
 121   (0.013) 0.000 0.001 0.003 0.007 0.001 0.002 0.013 0.048 

Locus 31 : 31 
6 alleles
0.3% missing data
 155   (0.567) 0.675 0.823 0.335 0.606 0.715 0.454 0.567 0.580 
 153   (0.074) 0.076 0.008 0.055 0.079 0.005 0.058 0.074 0.106 
 159   (0.140) 0.137 0.129 0.223 0.118 0.009 0.284 0.140 0.019 
 157   (0.175) 0.107 0.035 0.374 0.166 0.022 0.198 0.175 0.136 
 151   (0.036) 0.004 0.004 0.011 0.026 0.247 0.005 0.036 0.158 
 163   (0.008) 0.001 0.001 0.002 0.005 0.001 0.002 0.008 0.001 

Locus 32 : 32 
4 alleles
1.1% missing data
  92   (0.331) 0.271 0.208 0.240 0.315 0.436 0.387 0.331 0.144 
  95   (0.171) 0.116 0.043 0.340 0.195 0.406 0.075 0.171 0.296 
  91   (0.429) 0.562 0.671 0.399 0.403 0.153 0.527 0.429 0.551 
  94   (0.069) 0.051 0.078 0.021 0.087 0.005 0.012 0.069 0.009 

Locus 33 : 33 
5 alleles
0.0% missing data
 146   (0.299) 0.073 0.076 0.175 0.318 0.312 0.377 0.299 0.579 
 150   (0.590) 0.850 0.874 0.615 0.587 0.637 0.559 0.590 0.405 
 148   (0.060) 0.076 0.042 0.164 0.041 0.048 0.019 0.060 0.009 
 154   (0.036) 0.001 0.006 0.009 0.047 0.002 0.014 0.036 0.005 
 152   (0.015) 0.000 0.002 0.037 0.007 0.001 0.031 0.015 0.002 

Locus 34 : 34 
7 alleles
0.0% missing data
 180   (0.457) 0.598 0.390 0.365 0.470 0.664 0.345 0.457 0.712 
 184   (0.204) 0.163 0.147 0.188 0.192 0.075 0.315 0.204 0.244 
 196   (0.106) 0.180 0.172 0.036 0.095 0.007 0.145 0.106 0.014 
 198   (0.079) 0.018 0.230 0.023 0.088 0.068 0.020 0.079 0.011 
 194   (0.015) 0.033 0.047 0.004 0.007 0.001 0.002 0.015 0.002 
 192   (0.128) 0.007 0.013 0.380 0.142 0.184 0.126 0.128 0.017 
 190   (0.011) 0.000 0.001 0.003 0.005 0.001 0.048 0.010 0.001 

Locus 35 : 35 
6 alleles
0.0% missing data
 110   (0.176) 0.361 0.152 0.110 0.178 0.075 0.096 0.176 0.190 
 112   (0.350) 0.477 0.725 0.422 0.365 0.062 0.404 0.350 0.049 
 108   (0.130) 0.011 0.014 0.039 0.123 0.113 0.099 0.130 0.135 
  90   (0.036) 0.025 0.006 0.133 0.023 0.002 0.005 0.036 0.422 
 106   (0.300) 0.125 0.102 0.293 0.306 0.702 0.396 0.300 0.202 
  96   (0.009) 0.000 0.001 0.002 0.004 0.045 0.001 0.009 0.001 

Locus 36 : 36 
9 alleles
0.0% missing data
 172   (0.328) 0.447 0.236 0.481 0.333 0.580 0.366 0.328 0.048 
 176   (0.098) 0.122 0.346 0.099 0.092 0.018 0.014 0.098 0.014 
 166   (0.059) 0.261 0.194 0.051 0.038 0.004 0.105 0.058 0.008 
 170   (0.275) 0.160 0.175 0.121 0.301 0.323 0.237 0.275 0.586 
 174   (0.136) 0.006 0.018 0.181 0.138 0.069 0.182 0.136 0.020 
 178   (0.041) 0.003 0.024 0.023 0.039 0.003 0.038 0.041 0.006 
 186   (0.015) 0.000 0.001 0.004 0.008 0.001 0.042 0.015 0.002 
 168   (0.041) 0.001 0.004 0.041 0.045 0.002 0.014 0.041 0.315 
 158   (0.008) 0.000 0.001 0.002 0.006 0.000 0.001 0.008 0.001 

Locus 37 : 37 
6 alleles
0.0% missing data
  85   (0.172) 0.225 0.240 0.162 0.163 0.236 0.122 0.172 0.515 
  89   (0.551) 0.633 0.677 0.759 0.552 0.508 0.648 0.551 0.348 
  83   (0.145) 0.050 0.055 0.045 0.154 0.247 0.100 0.145 0.021 
  95   (0.052) 0.081 0.021 0.013 0.041 0.004 0.085 0.052 0.007 
  81   (0.063) 0.010 0.007 0.017 0.080 0.004 0.043 0.063 0.011 
  91   (0.017) 0.000 0.002 0.004 0.010 0.001 0.002 0.017 0.099 

Locus 38 : 38 
10 alleles
0.0% missing data
 161   (0.333) 0.532 0.531 0.429 0.329 0.375 0.261 0.333 0.418 
 169   (0.102) 0.122 0.106 0.041 0.116 0.007 0.153 0.102 0.234 
 159   (0.020) 0.031 0.018 0.005 0.014 0.001 0.004 0.020 0.003 
 173   (0.248) 0.135 0.099 0.439 0.239 0.507 0.289 0.248 0.191 
 165   (0.229) 0.169 0.239 0.067 0.237 0.105 0.242 0.229 0.146 
 175   (0.009) 0.000 0.001 0.002 0.004 0.001 0.042 0.009 0.001 
 155   (0.020) 0.001 0.002 0.007 0.025 0.001 0.003 0.020 0.002 
 167   (0.019) 0.010 0.002 0.006 0.022 0.002 0.003 0.019 0.002 
 177   (0.008) 0.000 0.001 0.002 0.005 0.000 0.001 0.008 0.001 
 168   (0.012) 0.000 0.001 0.002 0.010 0.001 0.001 0.012 0.001 

Locus 39 : 39 
6 alleles
0.6% missing data
  89   (0.406) 0.587 0.657 0.475 0.430 0.098 0.580 0.406 0.056 
  91   (0.156) 0.137 0.032 0.091 0.186 0.183 0.072 0.156 0.179 
  85   (0.192) 0.033 0.089 0.204 0.182 0.474 0.212 0.192 0.125 
  83   (0.009) 0.003 0.001 0.002 0.004 0.001 0.001 0.008 0.001 
  87   (0.108) 0.159 0.129 0.103 0.085 0.129 0.050 0.108 0.621 
  81   (0.129) 0.080 0.091 0.125 0.114 0.116 0.084 0.129 0.019 

Locus 40 : 40 
4 alleles
0.3% missing data
 167   (0.750) 0.916 0.902 0.852 0.758 0.858 0.774 0.750 0.645 
 161   (0.216) 0.083 0.094 0.139 0.210 0.139 0.163 0.216 0.351 
 165   (0.025) 0.001 0.003 0.007 0.026 0.002 0.061 0.025 0.003 
 177   (0.008) 0.000 0.001 0.002 0.005 0.001 0.001 0.008 0.001 

Locus 41 : 41 
6 alleles
0.3% missing data
 228   (0.435) 0.534 0.653 0.581 0.414 0.239 0.511 0.435 0.610 
 238   (0.337) 0.311 0.268 0.193 0.367 0.118 0.323 0.337 0.099 
 236   (0.098) 0.069 0.017 0.099 0.081 0.387 0.043 0.098 0.275 
 224   (0.028) 0.083 0.049 0.072 0.015 0.002 0.003 0.028 0.004 
 240   (0.089) 0.002 0.009 0.053 0.113 0.254 0.117 0.089 0.011 
 232   (0.013) 0.000 0.004 0.003 0.009 0.001 0.002 0.013 0.002 

Locus 42 : 42 
7 alleles
0.0% missing data
 130   (0.542) 0.622 0.549 0.569 0.577 0.772 0.409 0.542 0.077 
 134   (0.100) 0.012 0.013 0.099 0.112 0.006 0.079 0.101 0.239 
 114   (0.053) 0.106 0.036 0.081 0.038 0.003 0.006 0.053 0.417 
 128   (0.129) 0.138 0.107 0.171 0.114 0.037 0.218 0.129 0.018 
 132   (0.101) 0.118 0.287 0.031 0.096 0.051 0.200 0.101 0.014 
 118   (0.066) 0.003 0.007 0.048 0.059 0.129 0.087 0.066 0.234 
 136   (0.008) 0.000 0.001 0.002 0.004 0.000 0.001 0.008 0.001 

Locus 43 : 43 
6 alleles
0.8% missing data
  98   (0.110) 0.211 0.082 0.148 0.085 0.099 0.059 0.110 0.236 
 104   (0.408) 0.204 0.138 0.542 0.451 0.412 0.504 0.408 0.059 
 102   (0.271) 0.389 0.445 0.237 0.257 0.475 0.344 0.271 0.518 
 106   (0.008) 0.001 0.001 0.004 0.005 0.001 0.001 0.008 0.001 
  92   (0.138) 0.095 0.285 0.044 0.147 0.009 0.065 0.138 0.067 
  96   (0.065) 0.101 0.050 0.025 0.056 0.004 0.027 0.065 0.118 

Locus 44 : 44 
5 alleles
0.3% missing data
 101   (0.316) 0.439 0.271 0.426 0.311 0.190 0.249 0.316 0.044 
 103   (0.304) 0.199 0.342 0.199 0.285 0.347 0.453 0.304 0.257 
  95   (0.228) 0.325 0.181 0.119 0.240 0.453 0.211 0.228 0.131 
  99   (0.142) 0.037 0.205 0.254 0.159 0.009 0.086 0.142 0.411 
  97   (0.010) 0.000 0.001 0.002 0.006 0.001 0.001 0.010 0.158 

Locus 45 : 45 
7 alleles
0.3% missing data
 181   (0.589) 0.763 0.708 0.542 0.555 0.859 0.710 0.589 0.529 
 191   (0.276) 0.178 0.120 0.425 0.321 0.102 0.180 0.276 0.255 
 177   (0.064) 0.057 0.165 0.016 0.052 0.004 0.060 0.064 0.009 
 193   (0.010) 0.000 0.001 0.002 0.005 0.001 0.042 0.010 0.001 
 179   (0.042) 0.001 0.004 0.011 0.053 0.003 0.005 0.042 0.203 
 189   (0.008) 0.000 0.001 0.002 0.004 0.030 0.001 0.008 0.001 
 183   (0.012) 0.000 0.001 0.003 0.011 0.001 0.002 0.012 0.002 

Locus 46 : 46 
6 alleles
0.8% missing data
 205   (0.464) 0.521 0.554 0.437 0.517 0.408 0.544 0.464 0.279 
 207   (0.137) 0.127 0.183 0.057 0.117 0.202 0.218 0.137 0.019 
 211   (0.229) 0.238 0.139 0.392 0.226 0.271 0.111 0.229 0.320 
 201   (0.073) 0.068 0.065 0.053 0.058 0.005 0.055 0.073 0.369 
 215   (0.085) 0.045 0.057 0.057 0.070 0.114 0.069 0.085 0.012 
 202   (0.012) 0.000 0.001 0.003 0.013 0.001 0.002 0.012 0.001 

Locus 47 : 47 
9 alleles
1.1% missing data
 144   (0.080) 0.233 0.120 0.029 0.064 0.130 0.046 0.080 0.013 
 166   (0.132) 0.316 0.146 0.040 0.106 0.381 0.227 0.132 0.066 
 168   (0.147) 0.217 0.078 0.079 0.127 0.110 0.048 0.147 0.190 
 142   (0.357) 0.117 0.267 0.630 0.398 0.286 0.536 0.357 0.053 
 158   (0.171) 0.111 0.352 0.190 0.193 0.085 0.075 0.171 0.026 
 162   (0.031) 0.001 0.003 0.009 0.028 0.002 0.031 0.031 0.117 
 164   (0.045) 0.001 0.019 0.014 0.055 0.003 0.027 0.045 0.006 
 170   (0.012) 0.002 0.001 0.003 0.012 0.001 0.002 0.012 0.002 
 156   (0.025) 0.001 0.014 0.007 0.018 0.002 0.007 0.025 0.527 

Locus 48 : 48 
7 alleles
6.1% missing data
 151   (0.181) 0.198 0.529 0.368 0.168 0.012 0.141 0.181 0.073 
 153   (0.210) 0.343 0.147 0.218 0.244 0.029 0.355 0.210 0.028 
 149   (0.362) 0.228 0.198 0.329 0.362 0.336 0.383 0.362 0.333 
 145   (0.191) 0.196 0.094 0.066 0.186 0.620 0.113 0.191 0.507 
 147   (0.031) 0.032 0.028 0.010 0.022 0.002 0.004 0.031 0.055 
 152   (0.009) 0.003 0.001 0.003 0.004 0.001 0.001 0.009 0.001 
 143   (0.017) 0.000 0.002 0.004 0.015 0.001 0.002 0.017 0.002 

Values of parameters used in structure:
DATAFILE=temp3.str,	OUTFILE=k8/temp3_k8_run4,	NUMINDS=361,	NUMLOCI=48,	MISSING=-9,	LABEL=1,	POPDATA=1,	POPFLAG=0,	PHENOTYPE=0,	EXTRACOLS=0,	MAXPOPS=8,	BURNIN=500000,	NUMREPS=750000,	USEPOPINFO=0,	INFERALPHA=1,	INFERLAMBDA=0,	POPSPECIFICLAMBDA=0,	POPALPHAS=0,	COMPUTEPROB=1,	NOADMIX=0,	ADMBURNIN=500,	UPDATEFREQ=100,	PRINTLIKES=0,	INTERMEDSAVE=0,	PRINTKLD=0,	PRINTNET=1,	PRINTLAMBDA=1,	ANCESTDIST=0,	NUMBOXES=1000,	ANCESTPINT=0.90000,	GENSBACK=2,	MIGRPRIOR=0.01000,	PRINTQHAT=0,	PRINTQSUM=1,	ALPHA=1.0000,	FREQSCORR=1,	FPRIORMEAN=0.0100,	FPRIORSD=0.0500,	ONEFST=0,	LAMBDA=1.0000,	UNIFPRIORALPHA=1,	ALPHAMAX=10.0000,	ALPHAPRIORA=1.0000,	ALPHAPRIORB=2.0000,	ALPHAPROPSD=0.0250,	STARTATPOPINFO=0,	RANDOMIZE=0,	LINKAGE=0,	METROFREQ=10,	REPORTHITRATE=0,	MARKOVPHASE=0,	PHASED=1,	PLOIDY=2,	PHASEINFO=0	LOCPRIOR=0, 	LOCPRIORINIT=1.000000, 	LOCDATA=0, 	LOCISPOP=1, 	LOCPRIORSTEP=0.100000, 	MAXLOCPRIOR=20.000000, 	SEED=764448,	
[STRAT parameters]:    NUMSIMSTATS=1000,	PHENOTYPECOL=-9,	POOLFREQ=10,	LOCUSxONLY=0,	EMERROR=0.00100,	MISSINGPHENO=-9,	