

----------------------------------------------------
STRUCTURE by Pritchard, Stephens and Donnelly (2000)
     and Falush, Stephens and Pritchard (2003)
       Code by Pritchard, Falush and Hubisz
             Version 2.3.4 (Jul 2012)
----------------------------------------------------



Command line arguments:   structure -D 899820 -K 13 -m mainparams -o k13/temp3_k13_run3 
Input File:    temp3.str

Run parameters:
   361 individuals
   49 loci
   13 populations assumed
   500000 Burn-in period
   750000 Reps
RANDOMIZE turned off


--------------------------------------------
Proportion of membership of each pre-defined
 population in each of the 13 clusters

Given    Inferred Clusters                                                                             Number of
 Pop       1      2      3      4      5      6      7      8      9     10     11     12     13      Individuals

  1:     0.008  0.006  0.006  0.007  0.005  0.863  0.006  0.006  0.014  0.008  0.005  0.008  0.058       20
  2:     0.015  0.004  0.007  0.007  0.006  0.039  0.007  0.007  0.603  0.006  0.005  0.010  0.282       31
  3:     0.011  0.005  0.010  0.008  0.021  0.020  0.010  0.010  0.020  0.012  0.004  0.007  0.862       20
  4:     0.013  0.013  0.077  0.026  0.029  0.021  0.080  0.090  0.126  0.010  0.016  0.059  0.441        8
  5:     0.003  0.003  0.005  0.004  0.004  0.007  0.005  0.005  0.004  0.004  0.946  0.005  0.004       29
  6:     0.003  0.960  0.004  0.003  0.003  0.003  0.004  0.005  0.003  0.003  0.003  0.002  0.003        8
  7:     0.009  0.008  0.250  0.030  0.093  0.008  0.271  0.244  0.012  0.019  0.023  0.023  0.010       21
  8:     0.008  0.015  0.269  0.023  0.050  0.008  0.257  0.271  0.010  0.030  0.029  0.014  0.017       34
  9:     0.009  0.006  0.056  0.240  0.226  0.015  0.048  0.055  0.013  0.212  0.008  0.092  0.020       32
 10:     0.008  0.004  0.048  0.221  0.151  0.014  0.044  0.048  0.015  0.279  0.016  0.136  0.018       25
 11:     0.012  0.009  0.178  0.038  0.187  0.009  0.176  0.178  0.011  0.119  0.012  0.061  0.010       30
 12:     0.015  0.004  0.027  0.016  0.019  0.067  0.025  0.027  0.067  0.009  0.006  0.021  0.698       19
 13:     0.367  0.004  0.009  0.022  0.011  0.043  0.008  0.009  0.029  0.012  0.005  0.011  0.469       17
 14:     0.021  0.003  0.238  0.007  0.011  0.017  0.378  0.280  0.009  0.008  0.006  0.009  0.011        4
 15:     0.010  0.004  0.012  0.009  0.011  0.036  0.011  0.012  0.029  0.009  0.008  0.010  0.838       63
--------------------------------------------

Allele-freq. divergence among pops (Net nucleotide distance),
computed using point estimates of P.

      1       2       3       4       5       6       7       8       9      10      11      12      13      
 1      -    0.1972  0.0963  0.1258  0.1221  0.1205  0.0970  0.0959  0.1207  0.1224  0.1572  0.1243  0.1000  
 2   0.1972     -    0.0949  0.1250  0.1211  0.1685  0.0960  0.0949  0.1381  0.1263  0.1324  0.1312  0.1350  
 3   0.0963  0.0949     -    0.0220  0.0152  0.0511  0.0001  0.0000  0.0385  0.0231  0.0541  0.0232  0.0271  
 4   0.1258  0.1250  0.0220     -    0.0254  0.0658  0.0233  0.0220  0.0608  0.0296  0.0775  0.0383  0.0529  
 5   0.1221  0.1211  0.0152  0.0254     -    0.0658  0.0159  0.0152  0.0620  0.0271  0.0739  0.0306  0.0464  
 6   0.1205  0.1685  0.0511  0.0658  0.0658     -    0.0525  0.0509  0.0655  0.0704  0.0932  0.0712  0.0372  
 7   0.0970  0.0960  0.0001  0.0233  0.0159  0.0525     -    0.0001  0.0394  0.0241  0.0549  0.0238  0.0281  
 8   0.0959  0.0949  0.0000  0.0220  0.0152  0.0509  0.0001     -    0.0385  0.0230  0.0540  0.0231  0.0270  
 9   0.1207  0.1381  0.0385  0.0608  0.0620  0.0655  0.0394  0.0385     -    0.0663  0.0967  0.0585  0.0379  
10   0.1224  0.1263  0.0231  0.0296  0.0271  0.0704  0.0241  0.0230  0.0663     -    0.0796  0.0464  0.0471  
11   0.1572  0.1324  0.0541  0.0775  0.0739  0.0932  0.0549  0.0540  0.0967  0.0796     -    0.0854  0.0811  
12   0.1243  0.1312  0.0232  0.0383  0.0306  0.0712  0.0238  0.0231  0.0585  0.0464  0.0854     -    0.0523  
13   0.1000  0.1350  0.0271  0.0529  0.0464  0.0372  0.0281  0.0270  0.0379  0.0471  0.0811  0.0523     -    

Average distances (expected heterozygosity) between individuals in same cluster:
cluster  1  : 0.4395 
cluster  2  : 0.5384 
cluster  3  : 0.6443 
cluster  4  : 0.5779 
cluster  5  : 0.5875 
cluster  6  : 0.4873 
cluster  7  : 0.6420 
cluster  8  : 0.6441 
cluster  9  : 0.5394 
cluster 10  : 0.5519 
cluster 11  : 0.5506 
cluster 12  : 0.5854 
cluster 13  : 0.5470 

--------------------------------------------
Estimated Ln Prob of Data   = -39551.8
Mean value of ln likelihood = -37982.5
Variance of ln likelihood   = 3138.7
Mean value of alpha         = 0.0349

Mean value of Fst_1         = 0.3888
Mean value of Fst_2         = 0.2971
Mean value of Fst_3         = 0.0137
Mean value of Fst_4         = 0.1179
Mean value of Fst_5         = 0.0884
Mean value of Fst_6         = 0.2135
Mean value of Fst_7         = 0.0212
Mean value of Fst_8         = 0.0134
Mean value of Fst_9         = 0.1670
Mean value of Fst_10         = 0.1282
Mean value of Fst_11         = 0.2092
Mean value of Fst_12         = 0.1384
Mean value of Fst_13         = 0.1234


Inferred ancestry of individuals:
        Label (%Miss) Pop:  Inferred clusters
  1       34    (0)    1 :  0.011 0.002 0.007 0.005 0.004 0.903 0.007 0.007 0.013 0.004 0.002 0.022 0.014 
  2       38    (0)    1 :  0.007 0.005 0.008 0.005 0.004 0.908 0.007 0.008 0.008 0.014 0.015 0.005 0.007 
  3       41    (0)    1 :  0.002 0.001 0.003 0.003 0.002 0.967 0.003 0.003 0.003 0.002 0.001 0.003 0.007 
  4       44    (0)    1 :  0.003 0.001 0.005 0.002 0.003 0.886 0.004 0.004 0.004 0.003 0.002 0.003 0.079 
  5       45    (0)    1 :  0.035 0.005 0.005 0.007 0.008 0.835 0.006 0.006 0.017 0.007 0.002 0.002 0.063 
  6       47    (0)    1 :  0.002 0.008 0.018 0.015 0.009 0.877 0.015 0.018 0.004 0.006 0.011 0.011 0.005 
  7       50    (0)    1 :  0.017 0.005 0.013 0.010 0.003 0.792 0.013 0.012 0.087 0.003 0.002 0.006 0.037 
  8      384    (0)    1 :  0.004 0.004 0.009 0.023 0.008 0.520 0.009 0.009 0.050 0.024 0.003 0.029 0.307 
  9      385    (2)    1 :  0.004 0.004 0.004 0.003 0.002 0.958 0.004 0.004 0.004 0.003 0.004 0.003 0.004 
 10      386    (0)    1 :  0.005 0.001 0.004 0.003 0.003 0.497 0.004 0.004 0.010 0.003 0.003 0.005 0.458 
 11      387    (0)    1 :  0.004 0.001 0.002 0.002 0.002 0.971 0.002 0.002 0.003 0.002 0.003 0.002 0.003 
 12      388    (0)    1 :  0.008 0.001 0.002 0.003 0.002 0.965 0.002 0.002 0.003 0.002 0.003 0.002 0.005 
 13      389    (0)    1 :  0.002 0.001 0.002 0.003 0.004 0.970 0.002 0.002 0.002 0.003 0.002 0.002 0.005 
 14      390    (4)    1 :  0.003 0.031 0.011 0.012 0.006 0.820 0.011 0.011 0.022 0.007 0.015 0.004 0.048 
 15      391    (0)    1 :  0.013 0.005 0.009 0.014 0.009 0.811 0.010 0.010 0.008 0.056 0.010 0.010 0.034 
 16      392    (0)    1 :  0.002 0.002 0.005 0.007 0.009 0.894 0.006 0.006 0.015 0.006 0.002 0.008 0.038 
 17      393    (2)    1 :  0.003 0.004 0.004 0.005 0.006 0.939 0.003 0.003 0.004 0.004 0.005 0.004 0.016 
 18      394    (0)    1 :  0.021 0.002 0.004 0.003 0.003 0.931 0.004 0.004 0.007 0.002 0.002 0.003 0.015 
 19      395    (0)    1 :  0.004 0.014 0.011 0.003 0.003 0.893 0.011 0.010 0.006 0.006 0.007 0.011 0.019 
 20      396    (0)    1 :  0.009 0.012 0.003 0.003 0.004 0.923 0.003 0.003 0.007 0.003 0.005 0.020 0.005 
 21      328    (0)   10 :  0.004 0.010 0.185 0.050 0.009 0.016 0.165 0.171 0.191 0.067 0.012 0.008 0.111 
 22      333    (0)   10 :  0.002 0.001 0.023 0.046 0.201 0.011 0.018 0.020 0.006 0.642 0.005 0.018 0.005 
 23      918    (0)   10 :  0.027 0.007 0.016 0.017 0.025 0.006 0.014 0.014 0.003 0.703 0.155 0.008 0.006 
 24      919    (0)   10 :  0.016 0.003 0.016 0.024 0.060 0.050 0.015 0.015 0.005 0.779 0.005 0.007 0.006 
 25      920    (0)   10 :  0.005 0.002 0.006 0.902 0.006 0.004 0.005 0.006 0.005 0.046 0.002 0.004 0.004 
 26      921    (0)   10 :  0.002 0.002 0.004 0.005 0.005 0.006 0.005 0.005 0.007 0.004 0.003 0.949 0.005 
 27      922    (0)   10 :  0.008 0.001 0.013 0.468 0.354 0.061 0.011 0.012 0.016 0.025 0.004 0.010 0.018 
 28      926    (0)   10 :  0.004 0.002 0.006 0.840 0.040 0.002 0.006 0.006 0.003 0.075 0.002 0.011 0.003 
 29      927    (0)   10 :  0.007 0.002 0.007 0.037 0.804 0.004 0.006 0.006 0.003 0.106 0.003 0.007 0.008 
 30      928    (0)   10 :  0.022 0.002 0.034 0.020 0.710 0.034 0.028 0.033 0.006 0.069 0.004 0.010 0.029 
 31      929    (0)   10 :  0.020 0.010 0.094 0.120 0.194 0.016 0.097 0.106 0.032 0.181 0.002 0.077 0.052 
 32      930    (0)   10 :  0.004 0.010 0.135 0.238 0.135 0.005 0.117 0.128 0.016 0.094 0.004 0.098 0.017 
 33      932    (0)   10 :  0.001 0.002 0.006 0.009 0.009 0.006 0.006 0.006 0.008 0.008 0.005 0.931 0.004 
 34      933    (0)   10 :  0.003 0.004 0.015 0.732 0.009 0.012 0.013 0.017 0.003 0.063 0.109 0.010 0.011 
 35      949    (0)   10 :  0.002 0.002 0.003 0.003 0.005 0.003 0.003 0.003 0.003 0.003 0.003 0.966 0.003 
 36      950    (0)   10 :  0.004 0.003 0.084 0.202 0.251 0.006 0.101 0.086 0.004 0.084 0.016 0.154 0.005 
 37      964    (4)   10 :  0.006 0.016 0.042 0.048 0.509 0.006 0.037 0.041 0.008 0.252 0.002 0.019 0.014 
 38      986    (0)   10 :  0.008 0.002 0.063 0.171 0.049 0.008 0.061 0.066 0.008 0.498 0.005 0.040 0.020 
 39      987    (0)   10 :  0.007 0.002 0.191 0.025 0.233 0.016 0.158 0.173 0.013 0.116 0.014 0.012 0.039 
 40     1001    (4)   10 :  0.003 0.002 0.006 0.007 0.013 0.007 0.006 0.006 0.005 0.929 0.002 0.006 0.009 
 41     1002    (4)   10 :  0.009 0.003 0.004 0.004 0.004 0.003 0.004 0.004 0.003 0.949 0.004 0.002 0.006 
 42     1003    (2)   10 :  0.013 0.008 0.215 0.036 0.022 0.011 0.186 0.245 0.006 0.196 0.003 0.025 0.033 
 43     1004    (0)   10 :  0.002 0.005 0.007 0.939 0.012 0.002 0.006 0.006 0.003 0.008 0.005 0.003 0.003 
 44     1005    (0)   10 :  0.006 0.003 0.022 0.571 0.094 0.059 0.021 0.024 0.003 0.149 0.013 0.011 0.022 
 45     1010    (0)   10 :  0.004 0.001 0.004 0.010 0.015 0.003 0.004 0.004 0.006 0.933 0.006 0.003 0.007 
 46      341    (0)   11 :  0.022 0.004 0.336 0.007 0.010 0.004 0.243 0.292 0.004 0.003 0.019 0.053 0.005 
 47      343    (0)   11 :  0.010 0.005 0.311 0.005 0.031 0.019 0.192 0.310 0.002 0.089 0.014 0.006 0.006 
 48      914    (0)   11 :  0.089 0.002 0.005 0.009 0.006 0.006 0.005 0.005 0.004 0.850 0.004 0.006 0.008 
 49      916    (0)   11 :  0.007 0.003 0.305 0.019 0.008 0.018 0.266 0.267 0.079 0.005 0.004 0.005 0.014 
 50      924    (0)   11 :  0.003 0.002 0.121 0.030 0.299 0.004 0.155 0.143 0.007 0.209 0.016 0.007 0.004 
 51      938    (0)   11 :  0.012 0.004 0.007 0.007 0.014 0.005 0.007 0.008 0.008 0.024 0.002 0.893 0.010 
 52      939    (0)   11 :  0.002 0.001 0.003 0.005 0.937 0.004 0.003 0.003 0.003 0.004 0.005 0.024 0.005 
 53      940    (0)   11 :  0.002 0.004 0.093 0.028 0.091 0.003 0.109 0.089 0.005 0.483 0.003 0.085 0.004 
 54      941    (2)   11 :  0.002 0.007 0.007 0.010 0.796 0.003 0.006 0.007 0.005 0.004 0.012 0.138 0.003 
 55      942    (0)   11 :  0.004 0.004 0.315 0.010 0.016 0.003 0.282 0.313 0.006 0.017 0.015 0.009 0.006 
 56      943    (0)   11 :  0.003 0.002 0.257 0.149 0.011 0.038 0.224 0.236 0.042 0.024 0.003 0.004 0.008 
 57      944    (0)   11 :  0.023 0.003 0.013 0.005 0.863 0.007 0.014 0.015 0.007 0.029 0.003 0.004 0.014 
 58      945    (0)   11 :  0.001 0.002 0.006 0.011 0.010 0.002 0.006 0.006 0.004 0.924 0.002 0.022 0.003 
 59      946    (0)   11 :  0.005 0.095 0.189 0.006 0.190 0.008 0.189 0.211 0.012 0.077 0.004 0.009 0.006 
 60      947    (0)   11 :  0.043 0.002 0.251 0.056 0.014 0.004 0.321 0.246 0.004 0.014 0.036 0.005 0.004 
 61      951    (0)   11 :  0.005 0.005 0.306 0.017 0.012 0.003 0.317 0.292 0.005 0.011 0.012 0.013 0.004 
 62      952    (0)   11 :  0.007 0.013 0.262 0.022 0.059 0.003 0.187 0.290 0.005 0.042 0.088 0.014 0.007 
 63      953    (0)   11 :  0.004 0.003 0.022 0.017 0.658 0.018 0.021 0.022 0.045 0.006 0.016 0.154 0.016 
 64      954    (0)   11 :  0.005 0.010 0.086 0.005 0.575 0.023 0.109 0.097 0.003 0.066 0.007 0.010 0.005 
 65      955    (0)   11 :  0.009 0.019 0.249 0.011 0.018 0.003 0.311 0.258 0.004 0.080 0.015 0.020 0.004 
 66      961    (6)   11 :  0.004 0.002 0.262 0.008 0.012 0.007 0.368 0.250 0.014 0.017 0.004 0.029 0.024 
 67      974    (0)   11 :  0.008 0.015 0.092 0.008 0.573 0.008 0.125 0.108 0.003 0.011 0.021 0.024 0.005 
 68      975    (4)   11 :  0.008 0.003 0.304 0.022 0.048 0.005 0.255 0.289 0.009 0.021 0.003 0.012 0.022 
 69      980    (0)   11 :  0.006 0.002 0.228 0.152 0.032 0.003 0.257 0.228 0.007 0.042 0.015 0.018 0.010 
 70      981    (0)   11 :  0.016 0.003 0.254 0.018 0.014 0.005 0.227 0.255 0.004 0.004 0.004 0.186 0.010 
 71      982    (0)   11 :  0.029 0.002 0.113 0.462 0.127 0.006 0.094 0.096 0.006 0.024 0.002 0.004 0.037 
 72      984    (0)   11 :  0.003 0.014 0.270 0.005 0.144 0.010 0.150 0.295 0.013 0.013 0.004 0.045 0.033 
 73      985    (0)   11 :  0.002 0.004 0.313 0.015 0.023 0.010 0.330 0.267 0.004 0.007 0.008 0.009 0.007 
 74     2578    (6)   11 :  0.015 0.014 0.142 0.008 0.018 0.005 0.165 0.155 0.005 0.449 0.003 0.013 0.008 
 75     2580    (2)   11 :  0.011 0.008 0.227 0.003 0.010 0.036 0.355 0.281 0.022 0.016 0.004 0.015 0.013 
 76     2498    (4)   12 :  0.002 0.007 0.018 0.006 0.010 0.254 0.017 0.018 0.025 0.007 0.010 0.023 0.603 
 77     2513    (2)   12 :  0.010 0.002 0.005 0.004 0.005 0.004 0.005 0.005 0.007 0.009 0.008 0.004 0.933 
 78     2514    (2)   12 :  0.004 0.002 0.049 0.010 0.029 0.054 0.053 0.050 0.078 0.009 0.004 0.022 0.637 
 79     2597    (6)   12 :  0.020 0.014 0.050 0.025 0.020 0.259 0.036 0.051 0.021 0.018 0.004 0.063 0.420 
 80     2499    (4)   12 :  0.029 0.004 0.073 0.006 0.049 0.179 0.078 0.073 0.079 0.004 0.017 0.010 0.399 
 81     2500    (0)   12 :  0.004 0.004 0.006 0.002 0.003 0.006 0.007 0.006 0.009 0.003 0.006 0.010 0.935 
 82     2506    (2)   12 :  0.028 0.006 0.011 0.004 0.005 0.033 0.009 0.011 0.032 0.007 0.007 0.008 0.840 
 83     2509    (6)   12 :  0.018 0.008 0.059 0.012 0.009 0.048 0.050 0.060 0.021 0.014 0.023 0.094 0.583 
 84     2511    (2)   12 :  0.020 0.001 0.012 0.011 0.009 0.010 0.011 0.013 0.136 0.005 0.005 0.004 0.763 
 85     2512    (2)   12 :  0.066 0.008 0.008 0.008 0.004 0.023 0.007 0.007 0.016 0.004 0.002 0.004 0.843 
 86     2515    (2)   12 :  0.004 0.002 0.007 0.014 0.014 0.003 0.007 0.007 0.095 0.003 0.002 0.004 0.837 
 87     2516    (2)   12 :  0.012 0.001 0.015 0.013 0.010 0.020 0.015 0.015 0.015 0.007 0.002 0.011 0.864 
 88     2517    (4)   12 :  0.012 0.002 0.011 0.093 0.014 0.014 0.010 0.011 0.099 0.019 0.003 0.009 0.702 
 89     2518    (2)   12 :  0.008 0.004 0.017 0.044 0.100 0.006 0.017 0.018 0.022 0.012 0.005 0.006 0.741 
 90     2519    (0)   12 :  0.016 0.002 0.085 0.028 0.017 0.006 0.064 0.084 0.025 0.026 0.012 0.009 0.625 
 91     2520    (2)   12 :  0.005 0.002 0.003 0.003 0.003 0.007 0.003 0.003 0.023 0.003 0.002 0.002 0.942 
 92     2521    (2)   12 :  0.007 0.002 0.047 0.014 0.035 0.054 0.044 0.041 0.501 0.004 0.003 0.052 0.196 
 93     2603    (4)   12 :  0.004 0.003 0.022 0.004 0.006 0.011 0.019 0.021 0.026 0.004 0.003 0.057 0.820 
 94     2606    (2)   12 :  0.005 0.005 0.016 0.009 0.011 0.279 0.015 0.017 0.035 0.011 0.002 0.015 0.579 
 95      718    (0)   13 :  0.592 0.004 0.006 0.009 0.005 0.029 0.006 0.007 0.019 0.008 0.007 0.009 0.300 
 96      719    (0)   13 :  0.343 0.006 0.020 0.019 0.029 0.026 0.018 0.023 0.014 0.006 0.017 0.006 0.473 
 97      720    (0)   13 :  0.660 0.001 0.007 0.005 0.006 0.154 0.007 0.006 0.023 0.005 0.001 0.004 0.120 
 98      721    (0)   13 :  0.051 0.013 0.024 0.018 0.015 0.044 0.022 0.025 0.032 0.022 0.018 0.004 0.711 
 99      722    (0)   13 :  0.497 0.002 0.006 0.005 0.024 0.156 0.005 0.006 0.058 0.011 0.002 0.010 0.219 
100      723    (0)   13 :  0.015 0.001 0.008 0.010 0.040 0.141 0.008 0.008 0.088 0.013 0.004 0.026 0.637 
101      724    (0)   13 :  0.291 0.005 0.004 0.005 0.007 0.027 0.004 0.005 0.003 0.005 0.002 0.002 0.639 
102      725    (0)   13 :  0.309 0.003 0.004 0.004 0.003 0.006 0.004 0.004 0.011 0.005 0.005 0.003 0.639 
103      726    (0)   13 :  0.669 0.003 0.012 0.005 0.005 0.005 0.012 0.013 0.011 0.007 0.003 0.077 0.179 
104      727    (0)   13 :  0.009 0.002 0.003 0.003 0.003 0.010 0.003 0.003 0.003 0.004 0.003 0.003 0.952 
105      728    (2)   13 :  0.695 0.002 0.010 0.003 0.026 0.070 0.010 0.011 0.034 0.007 0.002 0.004 0.126 
106      729    (0)   13 :  0.098 0.007 0.015 0.252 0.012 0.014 0.013 0.016 0.020 0.078 0.004 0.014 0.459 
107      730    (0)   13 :  0.979 0.003 0.002 0.002 0.001 0.002 0.002 0.002 0.002 0.002 0.001 0.002 0.001 
108      731    (0)   13 :  0.073 0.004 0.014 0.015 0.009 0.007 0.013 0.014 0.055 0.016 0.007 0.004 0.768 
109      732    (0)   13 :  0.934 0.002 0.003 0.002 0.002 0.028 0.003 0.003 0.003 0.003 0.004 0.004 0.007 
110      733    (0)   13 :  0.023 0.012 0.005 0.017 0.005 0.005 0.004 0.005 0.026 0.015 0.003 0.013 0.867 
111      734    (0)   13 :  0.006 0.002 0.003 0.004 0.003 0.006 0.002 0.003 0.088 0.006 0.002 0.002 0.873 
112     1079    (0)   14 :  0.043 0.002 0.213 0.006 0.015 0.008 0.410 0.270 0.004 0.011 0.003 0.006 0.008 
113     1081    (0)   14 :  0.010 0.003 0.258 0.008 0.013 0.049 0.339 0.283 0.006 0.006 0.007 0.006 0.012 
114     1082    (2)   14 :  0.004 0.004 0.253 0.004 0.007 0.004 0.384 0.294 0.013 0.005 0.009 0.013 0.006 
115     1083    (0)   14 :  0.028 0.004 0.229 0.010 0.008 0.008 0.381 0.274 0.013 0.010 0.006 0.011 0.020 
116     2055    (0)   15 :  0.004 0.003 0.006 0.030 0.014 0.005 0.006 0.006 0.009 0.007 0.002 0.003 0.906 
117     2056    (0)   15 :  0.003 0.004 0.010 0.004 0.006 0.018 0.008 0.009 0.415 0.007 0.012 0.007 0.496 
118     2057    (0)   15 :  0.009 0.002 0.011 0.005 0.008 0.007 0.012 0.011 0.009 0.008 0.003 0.033 0.883 
119     2058    (0)   15 :  0.004 0.001 0.003 0.003 0.003 0.026 0.003 0.003 0.005 0.003 0.005 0.003 0.936 
120     2059    (0)   15 :  0.003 0.002 0.005 0.003 0.003 0.004 0.004 0.004 0.006 0.005 0.003 0.005 0.953 
121     2060    (0)   15 :  0.005 0.007 0.005 0.002 0.004 0.009 0.005 0.005 0.004 0.004 0.002 0.006 0.943 
122     2061    (0)   15 :  0.004 0.030 0.015 0.008 0.011 0.017 0.015 0.015 0.003 0.005 0.006 0.007 0.863 
123     2062    (0)   15 :  0.024 0.003 0.014 0.006 0.012 0.156 0.013 0.014 0.012 0.060 0.005 0.017 0.664 
124     2063    (0)   15 :  0.003 0.002 0.004 0.004 0.003 0.007 0.004 0.004 0.005 0.005 0.002 0.005 0.953 
125     2064    (0)   15 :  0.004 0.003 0.004 0.002 0.003 0.007 0.004 0.004 0.008 0.003 0.002 0.003 0.955 
126     2065    (0)   15 :  0.028 0.001 0.003 0.002 0.002 0.037 0.003 0.003 0.005 0.003 0.002 0.002 0.911 
127     2066    (0)   15 :  0.003 0.001 0.004 0.004 0.005 0.008 0.004 0.004 0.021 0.004 0.002 0.005 0.935 
128     2067    (0)   15 :  0.003 0.004 0.010 0.006 0.013 0.010 0.009 0.009 0.037 0.005 0.009 0.005 0.880 
129     2068    (0)   15 :  0.016 0.004 0.064 0.007 0.013 0.436 0.071 0.063 0.021 0.024 0.019 0.044 0.218 
130     2069    (0)   15 :  0.007 0.002 0.004 0.003 0.003 0.007 0.004 0.004 0.007 0.003 0.002 0.003 0.951 
131     2070    (0)   15 :  0.003 0.001 0.107 0.051 0.062 0.008 0.067 0.111 0.155 0.017 0.002 0.006 0.408 
132     2071    (0)   15 :  0.007 0.012 0.011 0.006 0.007 0.021 0.011 0.011 0.015 0.005 0.012 0.007 0.876 
133     2072    (0)   15 :  0.003 0.009 0.006 0.002 0.003 0.007 0.007 0.006 0.010 0.003 0.003 0.002 0.939 
134     2073    (0)   15 :  0.057 0.009 0.024 0.006 0.018 0.011 0.023 0.024 0.005 0.012 0.007 0.011 0.794 
135     2074    (0)   15 :  0.003 0.003 0.004 0.002 0.003 0.007 0.004 0.004 0.008 0.003 0.003 0.002 0.954 
136     2075    (0)   15 :  0.007 0.002 0.006 0.005 0.004 0.006 0.006 0.006 0.018 0.003 0.022 0.003 0.911 
137     2076    (0)   15 :  0.003 0.001 0.002 0.002 0.003 0.010 0.002 0.002 0.003 0.002 0.002 0.003 0.965 
138     2077    (0)   15 :  0.027 0.006 0.018 0.016 0.024 0.367 0.015 0.016 0.009 0.011 0.007 0.021 0.464 
139     2078    (0)   15 :  0.007 0.004 0.005 0.005 0.008 0.020 0.005 0.005 0.012 0.009 0.003 0.003 0.912 
140     2079    (0)   15 :  0.005 0.001 0.009 0.005 0.022 0.013 0.008 0.009 0.003 0.012 0.030 0.010 0.872 
141     2080    (0)   15 :  0.006 0.003 0.024 0.004 0.006 0.051 0.026 0.023 0.003 0.004 0.027 0.005 0.819 
142     2081    (0)   15 :  0.005 0.002 0.005 0.003 0.004 0.013 0.005 0.005 0.005 0.004 0.003 0.004 0.943 
143     2082    (0)   15 :  0.013 0.002 0.016 0.007 0.005 0.005 0.017 0.016 0.070 0.008 0.007 0.005 0.828 
144     2083    (0)   15 :  0.002 0.003 0.011 0.005 0.006 0.006 0.010 0.011 0.030 0.004 0.002 0.009 0.900 
145     2084    (0)   15 :  0.003 0.002 0.006 0.007 0.005 0.003 0.006 0.006 0.005 0.008 0.008 0.005 0.936 
146     2085    (0)   15 :  0.011 0.001 0.010 0.021 0.012 0.015 0.009 0.010 0.025 0.009 0.003 0.005 0.869 
147     2086    (0)   15 :  0.003 0.003 0.015 0.012 0.008 0.121 0.016 0.016 0.007 0.006 0.004 0.015 0.774 
148     2087    (0)   15 :  0.032 0.006 0.008 0.004 0.007 0.023 0.007 0.008 0.005 0.006 0.058 0.004 0.831 
149     2088    (0)   15 :  0.003 0.003 0.021 0.052 0.062 0.031 0.018 0.022 0.006 0.011 0.015 0.025 0.732 
150     2089    (0)   15 :  0.002 0.001 0.002 0.002 0.002 0.017 0.002 0.002 0.007 0.003 0.002 0.002 0.954 
151     2090    (0)   15 :  0.004 0.006 0.007 0.007 0.008 0.008 0.008 0.007 0.009 0.003 0.032 0.007 0.895 
152     2091    (0)   15 :  0.004 0.001 0.005 0.008 0.004 0.048 0.004 0.005 0.008 0.005 0.004 0.008 0.897 
153     2092    (0)   15 :  0.009 0.002 0.006 0.004 0.003 0.015 0.006 0.006 0.036 0.007 0.033 0.003 0.868 
154     2093    (0)   15 :  0.006 0.001 0.004 0.003 0.003 0.046 0.004 0.004 0.010 0.003 0.003 0.003 0.909 
155     2094    (0)   15 :  0.002 0.002 0.003 0.002 0.002 0.004 0.003 0.003 0.021 0.004 0.001 0.003 0.949 
156     2095    (0)   15 :  0.004 0.005 0.008 0.006 0.012 0.043 0.007 0.008 0.004 0.005 0.052 0.007 0.839 
157     2096    (0)   15 :  0.027 0.001 0.003 0.009 0.003 0.015 0.003 0.003 0.012 0.003 0.002 0.004 0.914 
158     2097    (0)   15 :  0.005 0.002 0.004 0.002 0.003 0.007 0.003 0.004 0.005 0.005 0.002 0.008 0.951 
159     2098    (0)   15 :  0.067 0.003 0.031 0.030 0.034 0.011 0.028 0.028 0.007 0.007 0.016 0.011 0.727 
160     2099    (0)   15 :  0.015 0.009 0.045 0.039 0.010 0.019 0.038 0.046 0.533 0.009 0.003 0.028 0.206 
161     2100    (0)   15 :  0.008 0.002 0.021 0.008 0.007 0.145 0.020 0.020 0.011 0.011 0.004 0.152 0.593 
162     2101    (0)   15 :  0.005 0.003 0.005 0.007 0.006 0.008 0.004 0.004 0.004 0.006 0.006 0.006 0.935 
163     2102    (2)   15 :  0.003 0.001 0.003 0.003 0.003 0.004 0.003 0.003 0.005 0.004 0.002 0.002 0.963 
164     2103    (0)   15 :  0.006 0.002 0.006 0.010 0.012 0.007 0.005 0.006 0.006 0.005 0.004 0.006 0.926 
165     2104    (0)   15 :  0.013 0.001 0.013 0.034 0.072 0.019 0.013 0.014 0.003 0.042 0.002 0.007 0.767 
166     2105    (0)   15 :  0.005 0.005 0.007 0.012 0.034 0.007 0.007 0.007 0.015 0.022 0.004 0.003 0.872 
167     2106    (0)   15 :  0.003 0.002 0.014 0.006 0.007 0.037 0.016 0.015 0.019 0.007 0.002 0.007 0.865 
168     2107    (0)   15 :  0.052 0.003 0.013 0.016 0.016 0.042 0.013 0.012 0.009 0.029 0.006 0.005 0.784 
169     2108    (0)   15 :  0.004 0.006 0.017 0.009 0.007 0.025 0.016 0.017 0.005 0.013 0.006 0.004 0.872 
170     2109    (0)   15 :  0.005 0.005 0.010 0.017 0.010 0.006 0.010 0.011 0.046 0.006 0.003 0.007 0.864 
171     2110    (0)   15 :  0.013 0.004 0.012 0.019 0.018 0.023 0.012 0.012 0.004 0.042 0.006 0.004 0.831 
172     2111    (0)   15 :  0.003 0.001 0.006 0.009 0.008 0.182 0.006 0.006 0.005 0.020 0.004 0.009 0.739 
173     2112    (0)   15 :  0.007 0.004 0.004 0.003 0.004 0.008 0.004 0.004 0.015 0.003 0.003 0.007 0.934 
174     2583    (2)   15 :  0.003 0.006 0.005 0.004 0.006 0.025 0.005 0.005 0.035 0.004 0.011 0.005 0.887 
175     2584    (4)   15 :  0.010 0.004 0.013 0.004 0.007 0.011 0.011 0.013 0.013 0.003 0.004 0.011 0.897 
176     2587    (2)   15 :  0.002 0.001 0.005 0.010 0.014 0.013 0.005 0.005 0.007 0.006 0.003 0.005 0.925 
177     2590    (2)   15 :  0.007 0.013 0.005 0.005 0.003 0.007 0.005 0.005 0.013 0.005 0.002 0.004 0.924 
178     2591    (6)   15 :  0.005 0.001 0.007 0.005 0.010 0.005 0.007 0.007 0.005 0.013 0.009 0.009 0.918 
179       87    (0)    2 :  0.013 0.006 0.013 0.016 0.006 0.014 0.011 0.013 0.854 0.012 0.017 0.009 0.016 
180       88    (0)    2 :  0.002 0.001 0.002 0.002 0.002 0.005 0.002 0.002 0.956 0.002 0.002 0.002 0.018 
181       90    (0)    2 :  0.010 0.001 0.003 0.003 0.002 0.005 0.003 0.003 0.046 0.003 0.001 0.002 0.918 
182       92    (0)    2 :  0.008 0.002 0.014 0.018 0.009 0.023 0.011 0.012 0.689 0.010 0.003 0.020 0.182 
183       96    (0)    2 :  0.008 0.002 0.009 0.007 0.009 0.017 0.009 0.010 0.018 0.009 0.024 0.065 0.814 
184       97    (0)    2 :  0.012 0.001 0.006 0.005 0.009 0.019 0.007 0.006 0.843 0.005 0.003 0.011 0.071 
185      105    (0)    2 :  0.012 0.002 0.005 0.006 0.005 0.006 0.005 0.006 0.912 0.004 0.008 0.005 0.025 
186      120    (0)    2 :  0.002 0.004 0.003 0.004 0.002 0.004 0.003 0.003 0.962 0.002 0.002 0.005 0.004 
187      123    (0)    2 :  0.003 0.002 0.004 0.004 0.007 0.021 0.004 0.004 0.043 0.005 0.003 0.003 0.898 
188      128    (0)    2 :  0.003 0.002 0.005 0.003 0.003 0.010 0.005 0.004 0.007 0.002 0.003 0.005 0.948 
189      129    (0)    2 :  0.004 0.002 0.008 0.016 0.010 0.300 0.007 0.007 0.183 0.009 0.004 0.004 0.448 
190      132    (0)    2 :  0.005 0.002 0.005 0.003 0.003 0.002 0.005 0.005 0.944 0.003 0.002 0.006 0.015 
191      504    (0)    2 :  0.003 0.001 0.006 0.007 0.008 0.091 0.005 0.006 0.547 0.011 0.003 0.005 0.306 
192      505    (0)    2 :  0.015 0.002 0.008 0.012 0.004 0.022 0.007 0.008 0.759 0.013 0.004 0.007 0.140 
193      506    (0)    2 :  0.012 0.002 0.014 0.004 0.007 0.120 0.014 0.015 0.641 0.006 0.003 0.039 0.124 
194      507    (0)    2 :  0.006 0.004 0.006 0.031 0.004 0.079 0.006 0.006 0.817 0.017 0.003 0.005 0.017 
195      508    (0)    2 :  0.004 0.024 0.013 0.006 0.011 0.004 0.013 0.013 0.859 0.008 0.003 0.023 0.019 
196      509    (0)    2 :  0.019 0.003 0.018 0.004 0.007 0.011 0.017 0.017 0.792 0.007 0.003 0.003 0.098 
197      510    (0)    2 :  0.002 0.002 0.004 0.007 0.005 0.008 0.004 0.005 0.949 0.004 0.002 0.003 0.004 
198      511    (0)    2 :  0.123 0.002 0.007 0.006 0.005 0.019 0.007 0.008 0.755 0.007 0.011 0.003 0.046 
199      512    (0)    2 :  0.004 0.002 0.004 0.004 0.007 0.273 0.004 0.004 0.615 0.005 0.004 0.004 0.070 
200      513    (0)    2 :  0.005 0.002 0.004 0.003 0.003 0.060 0.004 0.004 0.878 0.002 0.002 0.003 0.030 
201      514    (0)    2 :  0.005 0.003 0.011 0.005 0.005 0.013 0.011 0.011 0.083 0.006 0.014 0.024 0.810 
202      515    (0)    2 :  0.004 0.008 0.021 0.010 0.017 0.012 0.023 0.019 0.696 0.008 0.004 0.019 0.159 
203      558    (0)    2 :  0.087 0.004 0.007 0.007 0.018 0.007 0.007 0.007 0.712 0.011 0.004 0.006 0.122 
204      559    (0)    2 :  0.003 0.002 0.003 0.003 0.004 0.004 0.003 0.003 0.050 0.002 0.002 0.004 0.917 
205      560    (0)    2 :  0.010 0.010 0.005 0.004 0.003 0.006 0.004 0.005 0.064 0.004 0.006 0.004 0.875 
206      561    (0)    2 :  0.071 0.003 0.006 0.004 0.003 0.027 0.006 0.006 0.641 0.004 0.004 0.004 0.220 
207      562    (0)    2 :  0.005 0.003 0.009 0.010 0.008 0.010 0.008 0.009 0.874 0.005 0.002 0.017 0.042 
208      563    (0)    2 :  0.002 0.003 0.003 0.002 0.003 0.002 0.003 0.003 0.970 0.002 0.002 0.003 0.003 
209      564    (0)    2 :  0.005 0.010 0.007 0.008 0.007 0.006 0.006 0.007 0.548 0.007 0.004 0.010 0.375 
210      136    (0)    3 :  0.028 0.002 0.008 0.004 0.003 0.010 0.007 0.007 0.004 0.005 0.004 0.004 0.915 
211      138    (0)    3 :  0.007 0.003 0.005 0.006 0.007 0.010 0.005 0.005 0.009 0.006 0.003 0.003 0.929 
212      140    (0)    3 :  0.004 0.003 0.008 0.006 0.010 0.008 0.007 0.008 0.015 0.019 0.007 0.008 0.896 
213      141    (0)    3 :  0.005 0.005 0.028 0.006 0.015 0.013 0.029 0.030 0.007 0.009 0.004 0.004 0.846 
214      144    (0)    3 :  0.003 0.002 0.005 0.005 0.003 0.009 0.005 0.005 0.005 0.002 0.012 0.005 0.940 
215      146    (0)    3 :  0.002 0.003 0.004 0.003 0.002 0.007 0.004 0.004 0.013 0.003 0.004 0.014 0.936 
216      148    (0)    3 :  0.012 0.006 0.030 0.024 0.006 0.058 0.028 0.033 0.067 0.004 0.002 0.026 0.705 
217      150    (0)    3 :  0.005 0.012 0.006 0.005 0.006 0.015 0.006 0.006 0.006 0.015 0.002 0.005 0.911 
218      152    (0)    3 :  0.003 0.002 0.005 0.006 0.005 0.025 0.005 0.005 0.017 0.004 0.002 0.002 0.918 
219      666    (0)    3 :  0.002 0.002 0.005 0.006 0.005 0.006 0.005 0.005 0.005 0.006 0.002 0.003 0.950 
220      667    (0)    3 :  0.003 0.001 0.012 0.010 0.007 0.009 0.010 0.012 0.009 0.005 0.002 0.007 0.914 
221      668    (0)    3 :  0.012 0.012 0.016 0.008 0.009 0.054 0.013 0.016 0.064 0.075 0.005 0.008 0.708 
222      669    (0)    3 :  0.081 0.005 0.005 0.010 0.008 0.032 0.005 0.006 0.010 0.013 0.002 0.002 0.821 
223      670    (0)    3 :  0.008 0.015 0.020 0.007 0.304 0.028 0.020 0.021 0.048 0.046 0.003 0.023 0.459 
224      684    (0)    3 :  0.019 0.004 0.005 0.007 0.005 0.016 0.005 0.005 0.011 0.008 0.002 0.005 0.908 
225      685    (0)    3 :  0.006 0.011 0.006 0.004 0.003 0.006 0.007 0.007 0.005 0.003 0.004 0.006 0.932 
226      686    (0)    3 :  0.005 0.003 0.006 0.008 0.011 0.014 0.007 0.007 0.079 0.007 0.003 0.004 0.846 
227      687    (0)    3 :  0.006 0.001 0.005 0.004 0.004 0.017 0.005 0.005 0.005 0.005 0.005 0.005 0.933 
228      688    (2)    3 :  0.006 0.002 0.004 0.005 0.004 0.044 0.004 0.004 0.006 0.005 0.003 0.004 0.909 
229      689    (0)    3 :  0.005 0.005 0.012 0.019 0.012 0.026 0.012 0.012 0.009 0.006 0.005 0.009 0.868 
230      165    (0)    4 :  0.010 0.003 0.012 0.007 0.018 0.009 0.014 0.014 0.007 0.011 0.004 0.015 0.878 
231      167    (0)    4 :  0.010 0.039 0.032 0.009 0.015 0.016 0.037 0.034 0.009 0.019 0.003 0.310 0.466 
232      170    (0)    4 :  0.005 0.005 0.009 0.027 0.014 0.007 0.008 0.009 0.014 0.010 0.010 0.019 0.862 
233      714    (0)    4 :  0.052 0.003 0.010 0.004 0.023 0.034 0.008 0.010 0.497 0.006 0.002 0.006 0.344 
234      715    (2)    4 :  0.013 0.017 0.134 0.021 0.024 0.079 0.141 0.135 0.240 0.016 0.004 0.029 0.148 
235      716    (0)    4 :  0.006 0.015 0.018 0.114 0.007 0.009 0.016 0.018 0.005 0.007 0.003 0.016 0.765 
236      717    (2)    4 :  0.008 0.012 0.151 0.014 0.125 0.013 0.138 0.165 0.231 0.004 0.007 0.066 0.066 
237     2346    (2)    4 :  0.002 0.009 0.246 0.015 0.003 0.002 0.277 0.332 0.004 0.008 0.092 0.008 0.002 
238      189    (0)    5 :  0.004 0.006 0.007 0.007 0.007 0.011 0.006 0.007 0.010 0.005 0.879 0.042 0.007 
239      190    (0)    5 :  0.002 0.002 0.003 0.002 0.003 0.005 0.003 0.003 0.002 0.003 0.966 0.004 0.003 
240      193    (0)    5 :  0.002 0.001 0.008 0.004 0.005 0.002 0.008 0.008 0.005 0.003 0.947 0.003 0.004 
241      761    (0)    5 :  0.002 0.001 0.002 0.003 0.003 0.002 0.003 0.002 0.003 0.003 0.969 0.004 0.002 
242      762    (0)    5 :  0.008 0.002 0.004 0.006 0.007 0.002 0.004 0.004 0.002 0.005 0.951 0.003 0.005 
243      763    (0)    5 :  0.003 0.003 0.004 0.004 0.004 0.005 0.004 0.004 0.005 0.008 0.948 0.003 0.005 
244      764    (0)    5 :  0.004 0.002 0.003 0.004 0.004 0.008 0.003 0.003 0.002 0.004 0.958 0.003 0.004 
245      765    (0)    5 :  0.003 0.002 0.005 0.004 0.004 0.005 0.006 0.006 0.004 0.004 0.949 0.004 0.004 
246      778    (0)    5 :  0.004 0.017 0.016 0.007 0.006 0.012 0.016 0.017 0.014 0.011 0.853 0.012 0.014 
247      779    (0)    5 :  0.003 0.003 0.004 0.003 0.005 0.028 0.004 0.004 0.002 0.004 0.932 0.005 0.005 
248      780    (0)    5 :  0.001 0.002 0.003 0.005 0.003 0.003 0.003 0.003 0.002 0.005 0.964 0.003 0.002 
249      781    (0)    5 :  0.005 0.014 0.003 0.002 0.003 0.003 0.003 0.003 0.007 0.003 0.947 0.003 0.003 
250      782    (0)    5 :  0.002 0.002 0.005 0.002 0.003 0.019 0.005 0.005 0.008 0.003 0.936 0.004 0.007 
251      783    (0)    5 :  0.001 0.001 0.001 0.002 0.001 0.002 0.001 0.001 0.001 0.002 0.982 0.001 0.002 
252      784    (0)    5 :  0.002 0.001 0.005 0.003 0.004 0.004 0.005 0.005 0.005 0.004 0.953 0.007 0.003 
253      785    (0)    5 :  0.005 0.004 0.004 0.004 0.004 0.003 0.004 0.004 0.002 0.004 0.958 0.003 0.003 
254      786    (0)    5 :  0.001 0.001 0.004 0.003 0.005 0.003 0.004 0.004 0.002 0.008 0.955 0.006 0.003 
255      787    (0)    5 :  0.002 0.002 0.003 0.003 0.003 0.010 0.003 0.003 0.002 0.003 0.960 0.002 0.004 
256      788    (0)    5 :  0.003 0.004 0.009 0.006 0.005 0.005 0.009 0.009 0.008 0.009 0.922 0.002 0.007 
257      789    (0)    5 :  0.001 0.002 0.010 0.004 0.005 0.009 0.010 0.009 0.002 0.002 0.932 0.009 0.004 
258      790    (0)    5 :  0.002 0.006 0.004 0.005 0.006 0.009 0.004 0.005 0.002 0.004 0.939 0.009 0.003 
259      791    (0)    5 :  0.002 0.002 0.007 0.004 0.007 0.011 0.008 0.007 0.004 0.006 0.929 0.003 0.009 
260      792    (0)    5 :  0.004 0.003 0.002 0.002 0.002 0.002 0.002 0.002 0.003 0.002 0.972 0.002 0.002 
261      793    (0)    5 :  0.004 0.002 0.006 0.005 0.005 0.013 0.006 0.006 0.003 0.004 0.937 0.004 0.005 
262      794    (0)    5 :  0.002 0.003 0.005 0.004 0.005 0.002 0.005 0.005 0.003 0.006 0.955 0.004 0.002 
263      795    (0)    5 :  0.002 0.002 0.004 0.003 0.003 0.002 0.005 0.004 0.005 0.003 0.960 0.004 0.003 
264      796    (0)    5 :  0.002 0.003 0.002 0.002 0.002 0.002 0.002 0.002 0.002 0.002 0.976 0.002 0.002 
265      797    (0)    5 :  0.002 0.002 0.003 0.003 0.002 0.002 0.003 0.003 0.002 0.007 0.966 0.002 0.003 
266      798    (0)    5 :  0.002 0.002 0.003 0.014 0.006 0.003 0.003 0.003 0.004 0.003 0.947 0.003 0.006 
267      282    (0)    6 :  0.001 0.949 0.007 0.003 0.004 0.002 0.007 0.008 0.005 0.004 0.002 0.003 0.003 
268      284    (0)    6 :  0.009 0.949 0.003 0.003 0.004 0.003 0.004 0.004 0.002 0.004 0.011 0.002 0.003 
269      287    (0)    6 :  0.003 0.953 0.005 0.008 0.003 0.003 0.005 0.006 0.002 0.004 0.003 0.003 0.002 
270      295    (0)    6 :  0.001 0.986 0.001 0.001 0.001 0.001 0.001 0.001 0.001 0.001 0.001 0.001 0.001 
271      302    (0)    6 :  0.001 0.984 0.001 0.002 0.002 0.001 0.001 0.001 0.001 0.002 0.001 0.001 0.001 
272      306    (4)    6 :  0.006 0.906 0.013 0.008 0.008 0.007 0.012 0.014 0.004 0.009 0.005 0.002 0.006 
273      308    (0)    6 :  0.003 0.975 0.002 0.002 0.001 0.002 0.002 0.002 0.003 0.002 0.002 0.002 0.002 
274      867    (0)    6 :  0.002 0.982 0.002 0.002 0.001 0.001 0.002 0.002 0.002 0.002 0.001 0.001 0.002 
275      315    (0)    7 :  0.002 0.011 0.248 0.012 0.007 0.019 0.168 0.248 0.005 0.203 0.052 0.017 0.008 
276      565    (0)    7 :  0.003 0.003 0.336 0.007 0.007 0.004 0.230 0.354 0.010 0.004 0.028 0.006 0.009 
277      566    (2)    7 :  0.010 0.003 0.036 0.268 0.556 0.004 0.033 0.034 0.007 0.007 0.013 0.021 0.008 
278      567    (2)    7 :  0.007 0.002 0.238 0.004 0.007 0.014 0.371 0.288 0.008 0.005 0.004 0.028 0.022 
279      877    (0)    7 :  0.057 0.002 0.300 0.009 0.013 0.004 0.319 0.242 0.025 0.005 0.004 0.013 0.008 
280      878    (0)    7 :  0.006 0.010 0.282 0.011 0.013 0.006 0.340 0.268 0.004 0.003 0.007 0.047 0.004 
281      879    (0)    7 :  0.005 0.007 0.305 0.008 0.007 0.004 0.248 0.286 0.010 0.011 0.006 0.097 0.006 
282      880    (0)    7 :  0.008 0.002 0.252 0.005 0.008 0.004 0.412 0.271 0.009 0.007 0.005 0.011 0.005 
283      881    (0)    7 :  0.006 0.007 0.344 0.019 0.011 0.005 0.263 0.315 0.005 0.007 0.009 0.006 0.004 
284      882    (0)    7 :  0.003 0.031 0.266 0.006 0.007 0.006 0.382 0.250 0.006 0.004 0.010 0.024 0.005 
285      883    (0)    7 :  0.003 0.008 0.280 0.010 0.011 0.004 0.330 0.299 0.008 0.016 0.004 0.018 0.009 
286      884    (0)    7 :  0.005 0.002 0.218 0.104 0.185 0.014 0.218 0.185 0.014 0.021 0.003 0.014 0.017 
287      885    (0)    7 :  0.003 0.008 0.254 0.054 0.032 0.005 0.338 0.251 0.020 0.015 0.004 0.011 0.004 
288      886    (0)    7 :  0.003 0.009 0.255 0.008 0.024 0.004 0.249 0.223 0.004 0.011 0.194 0.005 0.011 
289      887    (0)    7 :  0.002 0.022 0.023 0.030 0.785 0.004 0.021 0.022 0.007 0.014 0.004 0.050 0.016 
290      888    (0)    7 :  0.005 0.004 0.274 0.005 0.007 0.013 0.327 0.250 0.081 0.005 0.006 0.003 0.018 
291      889    (0)    7 :  0.005 0.010 0.284 0.022 0.077 0.008 0.228 0.278 0.005 0.019 0.004 0.055 0.005 
292      890    (0)    7 :  0.043 0.005 0.265 0.008 0.013 0.012 0.322 0.288 0.004 0.010 0.017 0.010 0.004 
293      891    (0)    7 :  0.012 0.003 0.241 0.004 0.015 0.004 0.410 0.273 0.009 0.004 0.005 0.010 0.010 
294      892    (0)    7 :  0.003 0.008 0.290 0.006 0.035 0.007 0.315 0.275 0.008 0.006 0.005 0.034 0.007 
295      893    (0)    7 :  0.003 0.003 0.258 0.020 0.139 0.026 0.167 0.235 0.004 0.012 0.106 0.004 0.023 
296      319    (2)    8 :  0.004 0.002 0.285 0.004 0.099 0.009 0.245 0.293 0.005 0.003 0.006 0.039 0.007 
297      335    (0)    8 :  0.011 0.009 0.352 0.006 0.026 0.013 0.222 0.320 0.004 0.007 0.017 0.008 0.006 
298      895    (0)    8 :  0.004 0.008 0.314 0.007 0.033 0.003 0.278 0.317 0.003 0.006 0.006 0.017 0.004 
299      896    (0)    8 :  0.002 0.008 0.315 0.006 0.008 0.006 0.215 0.341 0.050 0.017 0.003 0.022 0.006 
300      897    (0)    8 :  0.002 0.002 0.302 0.008 0.007 0.002 0.365 0.280 0.012 0.005 0.007 0.004 0.005 
301      898    (0)    8 :  0.004 0.002 0.226 0.051 0.130 0.006 0.327 0.222 0.006 0.009 0.004 0.007 0.005 
302      899    (0)    8 :  0.002 0.004 0.231 0.075 0.023 0.019 0.226 0.237 0.008 0.013 0.004 0.010 0.149 
303      900    (0)    8 :  0.006 0.015 0.294 0.017 0.031 0.004 0.269 0.277 0.014 0.016 0.036 0.013 0.008 
304      901    (0)    8 :  0.004 0.003 0.258 0.005 0.076 0.024 0.198 0.268 0.008 0.008 0.026 0.028 0.094 
305      902    (0)    8 :  0.002 0.021 0.312 0.012 0.052 0.003 0.229 0.323 0.003 0.009 0.003 0.023 0.008 
306      903    (0)    8 :  0.002 0.027 0.331 0.006 0.013 0.003 0.264 0.328 0.011 0.004 0.003 0.006 0.004 
307      904    (0)    8 :  0.004 0.008 0.284 0.004 0.005 0.007 0.368 0.278 0.011 0.005 0.002 0.015 0.008 
308      905    (0)    8 :  0.007 0.016 0.320 0.007 0.005 0.006 0.243 0.317 0.018 0.006 0.003 0.019 0.033 
309      906    (0)    8 :  0.002 0.009 0.307 0.021 0.008 0.003 0.335 0.290 0.005 0.004 0.006 0.008 0.003 
310      907    (0)    8 :  0.006 0.014 0.248 0.030 0.020 0.003 0.320 0.305 0.024 0.006 0.007 0.012 0.005 
311      908    (0)    8 :  0.004 0.003 0.337 0.023 0.008 0.004 0.279 0.297 0.006 0.010 0.007 0.006 0.017 
312      909    (0)    8 :  0.004 0.006 0.020 0.015 0.064 0.010 0.019 0.017 0.005 0.527 0.295 0.005 0.014 
313      910    (0)    8 :  0.002 0.002 0.260 0.007 0.008 0.005 0.310 0.268 0.006 0.010 0.112 0.004 0.005 
314      911    (0)    8 :  0.025 0.012 0.282 0.030 0.010 0.011 0.265 0.302 0.003 0.005 0.039 0.005 0.010 
315      912    (0)    8 :  0.012 0.009 0.298 0.032 0.008 0.003 0.296 0.312 0.006 0.009 0.003 0.006 0.004 
316      913    (0)    8 :  0.003 0.102 0.194 0.125 0.072 0.026 0.151 0.197 0.009 0.033 0.045 0.005 0.037 
317     2411    (0)    8 :  0.003 0.004 0.302 0.006 0.006 0.002 0.380 0.267 0.007 0.006 0.004 0.005 0.009 
318     2412    (0)    8 :  0.002 0.016 0.048 0.162 0.615 0.008 0.039 0.045 0.016 0.027 0.006 0.010 0.007 
319     2413    (0)    8 :  0.003 0.008 0.293 0.005 0.005 0.015 0.316 0.304 0.011 0.005 0.018 0.008 0.007 
320     2414    (0)    8 :  0.011 0.004 0.332 0.009 0.016 0.005 0.209 0.373 0.004 0.023 0.002 0.006 0.006 
321     2415    (2)    8 :  0.003 0.003 0.274 0.012 0.015 0.013 0.258 0.266 0.028 0.054 0.029 0.026 0.018 
322     2417    (4)    8 :  0.012 0.005 0.250 0.007 0.149 0.010 0.225 0.253 0.012 0.020 0.007 0.004 0.044 
323     2418    (4)    8 :  0.003 0.004 0.263 0.005 0.008 0.007 0.379 0.291 0.010 0.011 0.007 0.008 0.005 
324     2419    (2)    8 :  0.009 0.002 0.314 0.014 0.098 0.006 0.219 0.302 0.005 0.010 0.005 0.013 0.005 
325     2420    (0)    8 :  0.004 0.077 0.290 0.008 0.012 0.002 0.296 0.277 0.006 0.010 0.006 0.009 0.003 
326     2421    (0)    8 :  0.002 0.005 0.250 0.019 0.019 0.003 0.243 0.228 0.012 0.133 0.014 0.065 0.006 
327     2422    (2)    8 :  0.007 0.005 0.214 0.005 0.010 0.004 0.261 0.219 0.003 0.008 0.234 0.024 0.006 
328     2423    (0)    8 :  0.069 0.006 0.285 0.007 0.024 0.016 0.243 0.289 0.016 0.006 0.012 0.015 0.012 
329     2576    (0)    8 :  0.014 0.083 0.269 0.020 0.015 0.005 0.245 0.306 0.011 0.006 0.010 0.007 0.009 
330      321    (0)    9 :  0.002 0.002 0.005 0.004 0.954 0.003 0.004 0.005 0.002 0.009 0.002 0.003 0.005 
331      338    (0)    9 :  0.005 0.001 0.003 0.003 0.003 0.002 0.003 0.003 0.002 0.968 0.001 0.004 0.003 
332      339    (0)    9 :  0.059 0.005 0.020 0.065 0.134 0.019 0.018 0.021 0.010 0.615 0.008 0.015 0.011 
333      363    (0)    9 :  0.006 0.012 0.022 0.017 0.020 0.006 0.022 0.022 0.003 0.008 0.011 0.848 0.004 
334      915    (0)    9 :  0.003 0.003 0.014 0.694 0.090 0.010 0.012 0.013 0.005 0.132 0.003 0.005 0.015 
335      917    (0)    9 :  0.005 0.001 0.034 0.635 0.106 0.017 0.032 0.035 0.003 0.026 0.004 0.099 0.004 
336      923    (0)    9 :  0.008 0.006 0.269 0.030 0.021 0.014 0.205 0.254 0.006 0.110 0.013 0.052 0.008 
337      925    (0)    9 :  0.002 0.002 0.003 0.965 0.003 0.004 0.002 0.003 0.004 0.004 0.003 0.003 0.003 
338      931    (0)    9 :  0.002 0.002 0.185 0.161 0.119 0.004 0.229 0.196 0.007 0.058 0.006 0.026 0.005 
339      935    (0)    9 :  0.002 0.003 0.010 0.007 0.011 0.007 0.009 0.010 0.004 0.917 0.004 0.010 0.007 
340      936    (0)    9 :  0.003 0.004 0.022 0.205 0.423 0.008 0.021 0.021 0.004 0.261 0.012 0.014 0.003 
341      937    (0)    9 :  0.002 0.001 0.008 0.187 0.765 0.004 0.006 0.007 0.005 0.007 0.002 0.005 0.003 
342      948    (0)    9 :  0.002 0.004 0.182 0.186 0.030 0.005 0.189 0.179 0.008 0.129 0.016 0.061 0.010 
343      956    (0)    9 :  0.003 0.001 0.023 0.758 0.070 0.006 0.022 0.023 0.021 0.034 0.003 0.005 0.031 
344      957    (0)    9 :  0.003 0.002 0.008 0.018 0.927 0.002 0.007 0.007 0.003 0.009 0.003 0.007 0.003 
345      967    (0)    9 :  0.005 0.003 0.013 0.012 0.845 0.004 0.011 0.011 0.005 0.077 0.004 0.007 0.003 
346      968    (2)    9 :  0.006 0.002 0.012 0.899 0.007 0.006 0.013 0.013 0.021 0.004 0.005 0.007 0.005 
347      969    (4)    9 :  0.012 0.003 0.050 0.607 0.022 0.009 0.050 0.053 0.005 0.146 0.010 0.024 0.010 
348      970    (2)    9 :  0.015 0.054 0.078 0.035 0.558 0.003 0.090 0.082 0.005 0.014 0.006 0.054 0.005 
349      971    (6)    9 :  0.020 0.002 0.013 0.189 0.036 0.024 0.011 0.012 0.005 0.138 0.003 0.540 0.008 
350      972    (0)    9 :  0.002 0.006 0.008 0.006 0.010 0.003 0.006 0.008 0.006 0.936 0.003 0.004 0.003 
351      973    (2)    9 :  0.009 0.004 0.345 0.012 0.012 0.005 0.220 0.306 0.011 0.051 0.014 0.007 0.005 
352      978    (0)    9 :  0.002 0.002 0.003 0.940 0.004 0.002 0.003 0.003 0.005 0.003 0.028 0.003 0.002 
353      979    (0)    9 :  0.019 0.004 0.111 0.018 0.059 0.018 0.102 0.111 0.031 0.040 0.003 0.112 0.373 
354      988    (6)    9 :  0.002 0.001 0.006 0.027 0.005 0.006 0.006 0.006 0.005 0.005 0.003 0.922 0.006 
355      989    (0)    9 :  0.012 0.004 0.114 0.069 0.351 0.020 0.096 0.120 0.018 0.123 0.005 0.057 0.010 
356      990    (0)    9 :  0.005 0.006 0.054 0.009 0.701 0.075 0.038 0.056 0.003 0.015 0.022 0.007 0.006 
357      991    (0)    9 :  0.003 0.002 0.009 0.018 0.622 0.003 0.008 0.008 0.005 0.286 0.006 0.025 0.003 
358      992    (0)    9 :  0.016 0.037 0.030 0.658 0.026 0.013 0.028 0.033 0.029 0.108 0.003 0.011 0.007 
359     1006    (2)    9 :  0.034 0.002 0.008 0.060 0.010 0.004 0.008 0.009 0.030 0.806 0.008 0.007 0.013 
360     1017    (0)    9 :  0.006 0.003 0.103 0.189 0.275 0.066 0.056 0.103 0.121 0.014 0.014 0.005 0.046 
361     2582    (4)    9 :  0.009 0.013 0.015 0.013 0.020 0.108 0.017 0.016 0.013 0.736 0.022 0.004 0.014 


Estimated Allele Frequencies in each cluster
First column gives estimated ancestral frequencies


Locus 1 : 1 
4 alleles
0.0% missing data
  89   (0.536) 0.674 0.076 0.548 0.510 0.467 0.624 0.546 0.545 0.274 0.592 0.641 0.512 0.630 
  93   (0.072) 0.008 0.044 0.068 0.122 0.021 0.161 0.069 0.069 0.151 0.015 0.046 0.023 0.027 
  91   (0.370) 0.315 0.727 0.363 0.339 0.503 0.213 0.364 0.363 0.573 0.383 0.312 0.457 0.342 
  99   (0.022) 0.003 0.153 0.022 0.029 0.008 0.002 0.021 0.022 0.002 0.011 0.001 0.008 0.001 

Locus 2 : 2 
6 alleles
1.4% missing data
 136   (0.320) 0.123 0.197 0.342 0.092 0.191 0.436 0.353 0.339 0.695 0.071 0.462 0.218 0.575 
 138   (0.303) 0.260 0.753 0.287 0.573 0.466 0.351 0.276 0.287 0.116 0.466 0.155 0.227 0.228 
 140   (0.077) 0.424 0.010 0.076 0.040 0.049 0.076 0.080 0.079 0.010 0.035 0.005 0.114 0.038 
 134   (0.246) 0.188 0.033 0.238 0.224 0.218 0.132 0.231 0.238 0.174 0.302 0.375 0.418 0.157 
 142   (0.030) 0.003 0.004 0.026 0.063 0.069 0.002 0.025 0.027 0.003 0.121 0.002 0.016 0.001 
 132   (0.025) 0.002 0.003 0.032 0.008 0.007 0.002 0.034 0.031 0.002 0.004 0.001 0.006 0.001 

Locus 3 : 3 
6 alleles
0.0% missing data
 187   (0.357) 0.679 0.753 0.352 0.172 0.320 0.664 0.363 0.359 0.545 0.168 0.258 0.293 0.462 
 179   (0.245) 0.228 0.033 0.254 0.138 0.336 0.166 0.263 0.254 0.355 0.209 0.016 0.276 0.247 
 181   (0.236) 0.077 0.193 0.229 0.437 0.109 0.157 0.210 0.222 0.084 0.437 0.068 0.332 0.259 
 175   (0.060) 0.006 0.007 0.063 0.046 0.126 0.004 0.064 0.062 0.006 0.160 0.004 0.039 0.002 
 185   (0.069) 0.007 0.009 0.072 0.188 0.101 0.006 0.073 0.073 0.007 0.018 0.461 0.052 0.002 
 191   (0.034) 0.004 0.004 0.031 0.018 0.009 0.003 0.027 0.030 0.003 0.008 0.194 0.009 0.028 

Locus 4 : 4 
10 alleles
0.0% missing data
 241   (0.133) 0.018 0.211 0.130 0.222 0.186 0.065 0.125 0.127 0.350 0.077 0.150 0.045 0.019 
 269   (0.177) 0.020 0.230 0.169 0.327 0.204 0.406 0.162 0.167 0.057 0.100 0.099 0.229 0.076 
 253   (0.522) 0.677 0.538 0.530 0.402 0.529 0.515 0.539 0.534 0.515 0.771 0.465 0.452 0.793 
 247   (0.067) 0.006 0.008 0.083 0.022 0.032 0.005 0.097 0.085 0.007 0.035 0.280 0.101 0.002 
 271   (0.039) 0.005 0.006 0.033 0.012 0.034 0.003 0.029 0.033 0.043 0.006 0.003 0.156 0.036 
 249   (0.028) 0.271 0.004 0.024 0.006 0.006 0.003 0.021 0.024 0.024 0.005 0.002 0.008 0.072 
 257   (0.008) 0.001 0.001 0.006 0.003 0.003 0.001 0.005 0.006 0.002 0.001 0.000 0.002 0.001 
 239   (0.008) 0.001 0.001 0.007 0.001 0.002 0.001 0.006 0.007 0.001 0.001 0.001 0.002 0.000 
 245   (0.008) 0.001 0.001 0.007 0.002 0.002 0.001 0.006 0.007 0.001 0.001 0.000 0.002 0.000 
 273   (0.010) 0.001 0.001 0.011 0.002 0.002 0.001 0.011 0.011 0.001 0.002 0.001 0.003 0.000 

Locus 5 : 5 
7 alleles
0.8% missing data
 103   (0.853) 0.985 0.979 0.826 0.947 0.901 0.986 0.811 0.824 0.983 0.945 0.965 0.946 0.990 
 104   (0.059) 0.006 0.009 0.074 0.023 0.051 0.007 0.081 0.076 0.009 0.030 0.004 0.021 0.007 
 105   (0.043) 0.005 0.006 0.061 0.021 0.025 0.003 0.072 0.061 0.004 0.017 0.003 0.021 0.002 
 102   (0.017) 0.002 0.003 0.017 0.004 0.016 0.001 0.017 0.017 0.002 0.003 0.001 0.005 0.001 
  99   (0.008) 0.001 0.001 0.006 0.002 0.002 0.001 0.004 0.006 0.001 0.001 0.013 0.002 0.000 
 101   (0.012) 0.001 0.001 0.010 0.002 0.004 0.001 0.008 0.010 0.001 0.002 0.014 0.004 0.000 
 107   (0.008) 0.001 0.001 0.006 0.002 0.002 0.001 0.005 0.007 0.001 0.001 0.000 0.002 0.000 

Locus 6 : 6 
5 alleles
0.3% missing data
 141   (0.298) 0.846 0.041 0.284 0.163 0.343 0.480 0.269 0.284 0.294 0.216 0.133 0.620 0.594 
 145   (0.402) 0.074 0.385 0.427 0.466 0.474 0.218 0.447 0.426 0.145 0.682 0.261 0.228 0.185 
 147   (0.063) 0.020 0.009 0.058 0.015 0.026 0.159 0.051 0.057 0.205 0.013 0.320 0.020 0.016 
 135   (0.226) 0.060 0.563 0.221 0.353 0.154 0.143 0.222 0.222 0.355 0.087 0.286 0.129 0.205 
 137   (0.011) 0.001 0.001 0.011 0.002 0.002 0.001 0.011 0.011 0.001 0.002 0.001 0.003 0.000 

Locus 7 : 7 
8 alleles
1.1% missing data
  93   (0.244) 0.599 0.712 0.222 0.201 0.338 0.309 0.215 0.224 0.390 0.330 0.069 0.276 0.325 
 103   (0.288) 0.093 0.044 0.283 0.377 0.332 0.564 0.298 0.290 0.300 0.382 0.501 0.248 0.376 
  97   (0.197) 0.028 0.149 0.208 0.242 0.057 0.060 0.208 0.205 0.147 0.102 0.261 0.217 0.188 
  91   (0.067) 0.007 0.063 0.066 0.019 0.020 0.047 0.061 0.064 0.008 0.069 0.156 0.031 0.032 
  83   (0.051) 0.005 0.007 0.066 0.047 0.027 0.004 0.070 0.066 0.005 0.029 0.003 0.016 0.002 
  89   (0.103) 0.260 0.016 0.102 0.058 0.212 0.011 0.097 0.100 0.139 0.070 0.007 0.194 0.023 
  85   (0.041) 0.006 0.006 0.042 0.054 0.011 0.004 0.040 0.040 0.010 0.010 0.003 0.016 0.055 
 105   (0.010) 0.002 0.002 0.011 0.002 0.002 0.001 0.012 0.011 0.001 0.008 0.001 0.003 0.000 

Locus 8 : 8 
8 alleles
0.0% missing data
 129   (0.539) 0.680 0.150 0.536 0.592 0.754 0.700 0.538 0.536 0.431 0.723 0.642 0.426 0.709 
 149   (0.099) 0.020 0.013 0.099 0.052 0.083 0.163 0.093 0.098 0.061 0.037 0.017 0.139 0.132 
 143   (0.247) 0.286 0.740 0.257 0.297 0.118 0.091 0.261 0.259 0.351 0.215 0.130 0.404 0.051 
 141   (0.066) 0.010 0.009 0.061 0.027 0.030 0.043 0.064 0.063 0.153 0.016 0.208 0.019 0.106 
 131   (0.011) 0.001 0.042 0.008 0.021 0.002 0.001 0.006 0.008 0.001 0.003 0.001 0.003 0.000 
 133   (0.016) 0.001 0.002 0.018 0.007 0.007 0.001 0.019 0.017 0.002 0.003 0.001 0.004 0.001 
 127   (0.014) 0.001 0.044 0.013 0.003 0.003 0.001 0.014 0.014 0.001 0.002 0.001 0.004 0.000 
 145   (0.008) 0.001 0.001 0.007 0.002 0.002 0.001 0.006 0.007 0.001 0.001 0.001 0.002 0.000 

Locus 9 : 9 
4 alleles
0.0% missing data
 191   (0.376) 0.825 0.264 0.375 0.405 0.159 0.592 0.374 0.376 0.612 0.324 0.545 0.295 0.552 
 195   (0.155) 0.035 0.400 0.143 0.272 0.070 0.238 0.136 0.143 0.039 0.316 0.055 0.261 0.183 
 189   (0.461) 0.139 0.335 0.477 0.321 0.769 0.169 0.485 0.475 0.349 0.358 0.399 0.441 0.262 
 193   (0.008) 0.001 0.001 0.006 0.002 0.002 0.001 0.005 0.006 0.001 0.001 0.001 0.003 0.003 

Locus 10 : 10 
7 alleles
0.0% missing data
 238   (0.565) 0.135 0.413 0.561 0.660 0.838 0.744 0.561 0.563 0.409 0.726 0.343 0.838 0.565 
 252   (0.112) 0.286 0.020 0.111 0.113 0.056 0.084 0.108 0.110 0.186 0.047 0.033 0.043 0.108 
 232   (0.244) 0.562 0.186 0.250 0.211 0.087 0.153 0.255 0.250 0.397 0.214 0.274 0.096 0.307 
 254   (0.041) 0.013 0.376 0.040 0.009 0.010 0.017 0.039 0.039 0.005 0.007 0.263 0.013 0.019 
 248   (0.020) 0.002 0.003 0.020 0.004 0.005 0.001 0.018 0.019 0.002 0.003 0.085 0.006 0.001 
 236   (0.008) 0.001 0.001 0.007 0.002 0.002 0.001 0.006 0.007 0.001 0.002 0.001 0.002 0.000 
 250   (0.010) 0.001 0.001 0.011 0.002 0.002 0.001 0.014 0.012 0.001 0.002 0.001 0.002 0.000 

Locus 11 : 11 
3 alleles
0.0% missing data
  87   (0.733) 0.368 0.964 0.742 0.842 0.773 0.587 0.744 0.742 0.561 0.852 0.533 0.898 0.658 
  89   (0.210) 0.598 0.028 0.206 0.129 0.205 0.408 0.207 0.206 0.328 0.108 0.382 0.073 0.287 
  91   (0.057) 0.034 0.007 0.051 0.029 0.022 0.005 0.048 0.052 0.110 0.040 0.085 0.028 0.055 

Locus 12 : 12 
12 alleles
0.0% missing data
 147   (0.056) 0.172 0.007 0.047 0.034 0.085 0.102 0.044 0.047 0.341 0.015 0.003 0.018 0.106 
 158   (0.237) 0.086 0.033 0.244 0.327 0.111 0.406 0.241 0.240 0.321 0.228 0.022 0.153 0.552 
 160   (0.216) 0.034 0.587 0.200 0.268 0.245 0.232 0.190 0.199 0.182 0.341 0.714 0.189 0.094 
 162   (0.248) 0.676 0.077 0.256 0.120 0.299 0.239 0.275 0.262 0.118 0.292 0.233 0.373 0.206 
 150   (0.008) 0.001 0.001 0.005 0.023 0.002 0.001 0.004 0.005 0.001 0.002 0.000 0.002 0.000 
 161   (0.106) 0.017 0.130 0.114 0.143 0.133 0.009 0.115 0.115 0.025 0.035 0.019 0.042 0.027 
 149   (0.023) 0.002 0.003 0.021 0.015 0.009 0.002 0.020 0.021 0.002 0.053 0.001 0.187 0.001 
 154   (0.019) 0.002 0.002 0.023 0.004 0.004 0.001 0.023 0.022 0.002 0.003 0.001 0.006 0.001 
 143   (0.022) 0.002 0.152 0.023 0.004 0.005 0.002 0.022 0.023 0.002 0.018 0.001 0.006 0.001 
 170   (0.048) 0.006 0.006 0.054 0.053 0.058 0.005 0.055 0.054 0.005 0.010 0.003 0.019 0.011 
 164   (0.008) 0.001 0.001 0.007 0.002 0.002 0.001 0.006 0.007 0.001 0.001 0.000 0.002 0.000 
 159   (0.009) 0.001 0.001 0.006 0.007 0.048 0.001 0.005 0.006 0.001 0.001 0.001 0.002 0.000 

Locus 13 : 13 
4 alleles
0.0% missing data
 108   (0.191) 0.414 0.311 0.187 0.123 0.139 0.152 0.183 0.186 0.165 0.081 0.198 0.073 0.169 
 115   (0.444) 0.512 0.096 0.437 0.500 0.515 0.765 0.437 0.438 0.365 0.529 0.286 0.650 0.528 
 113   (0.357) 0.073 0.593 0.369 0.376 0.344 0.082 0.374 0.369 0.469 0.388 0.516 0.276 0.303 
 109   (0.008) 0.001 0.001 0.007 0.001 0.002 0.001 0.006 0.007 0.001 0.002 0.000 0.002 0.000 

Locus 14 : 14 
7 alleles
2.5% missing data
 172   (0.426) 0.057 0.625 0.441 0.442 0.549 0.255 0.461 0.445 0.222 0.448 0.293 0.404 0.421 
 174   (0.327) 0.906 0.163 0.318 0.191 0.236 0.485 0.309 0.318 0.721 0.430 0.287 0.321 0.349 
 176   (0.101) 0.022 0.015 0.099 0.035 0.056 0.249 0.091 0.095 0.033 0.036 0.364 0.218 0.126 
 182   (0.056) 0.006 0.008 0.056 0.188 0.123 0.004 0.056 0.056 0.011 0.018 0.003 0.028 0.017 
 178   (0.046) 0.004 0.006 0.041 0.026 0.025 0.004 0.039 0.042 0.008 0.060 0.050 0.014 0.081 
 180   (0.035) 0.004 0.183 0.037 0.115 0.010 0.003 0.036 0.037 0.004 0.007 0.002 0.013 0.005 
 170   (0.008) 0.001 0.001 0.007 0.002 0.002 0.001 0.008 0.008 0.001 0.001 0.000 0.002 0.000 

Locus 15 : 15 
5 alleles
0.3% missing data
 225   (0.114) 0.014 0.244 0.106 0.101 0.178 0.295 0.098 0.105 0.023 0.027 0.208 0.075 0.051 
 229   (0.530) 0.861 0.118 0.552 0.468 0.457 0.343 0.564 0.551 0.410 0.579 0.415 0.777 0.488 
 227   (0.165) 0.060 0.229 0.143 0.367 0.304 0.255 0.132 0.144 0.312 0.311 0.019 0.088 0.259 
 231   (0.117) 0.025 0.295 0.129 0.036 0.034 0.059 0.132 0.126 0.111 0.021 0.352 0.036 0.109 
 233   (0.074) 0.039 0.114 0.071 0.029 0.027 0.049 0.073 0.074 0.144 0.061 0.006 0.024 0.093 

Locus 16 : 16 
5 alleles
0.3% missing data
 143   (0.838) 0.983 0.764 0.833 0.708 0.932 0.948 0.837 0.836 0.978 0.931 0.814 0.897 0.967 
 145   (0.090) 0.010 0.226 0.097 0.135 0.046 0.046 0.096 0.095 0.015 0.049 0.006 0.036 0.010 
 147   (0.044) 0.004 0.006 0.044 0.150 0.016 0.003 0.043 0.044 0.004 0.016 0.148 0.059 0.002 
 133   (0.017) 0.002 0.002 0.018 0.004 0.004 0.001 0.019 0.018 0.002 0.003 0.032 0.004 0.001 
 157   (0.010) 0.001 0.002 0.007 0.003 0.002 0.002 0.006 0.007 0.001 0.002 0.001 0.004 0.021 

Locus 17 : 17 
5 alleles
0.3% missing data
 158   (0.528) 0.331 0.216 0.531 0.481 0.630 0.505 0.524 0.528 0.689 0.740 0.199 0.466 0.502 
 156   (0.243) 0.211 0.576 0.245 0.333 0.169 0.252 0.253 0.249 0.098 0.185 0.503 0.114 0.318 
 160   (0.140) 0.444 0.018 0.128 0.164 0.158 0.210 0.122 0.128 0.202 0.035 0.112 0.389 0.130 
 154   (0.078) 0.013 0.189 0.088 0.019 0.024 0.032 0.095 0.088 0.010 0.020 0.186 0.028 0.049 
 152   (0.011) 0.001 0.001 0.008 0.002 0.020 0.001 0.006 0.008 0.001 0.021 0.001 0.003 0.000 

Locus 18 : 18 
5 alleles
0.0% missing data
  90   (0.670) 0.616 0.586 0.662 0.702 0.562 0.739 0.658 0.660 0.851 0.905 0.794 0.545 0.718 
 102   (0.222) 0.107 0.032 0.220 0.260 0.405 0.250 0.217 0.221 0.104 0.070 0.198 0.143 0.249 
  88   (0.069) 0.274 0.009 0.075 0.017 0.019 0.009 0.078 0.075 0.041 0.017 0.005 0.297 0.032 
 100   (0.031) 0.003 0.372 0.037 0.007 0.011 0.002 0.042 0.038 0.003 0.007 0.002 0.009 0.001 
 104   (0.008) 0.001 0.001 0.006 0.015 0.003 0.001 0.005 0.006 0.001 0.002 0.000 0.005 0.000 

Locus 19 : 19 
8 alleles
0.3% missing data
 142   (0.146) 0.757 0.020 0.147 0.177 0.065 0.407 0.151 0.148 0.359 0.034 0.009 0.123 0.412 
 146   (0.093) 0.058 0.013 0.083 0.032 0.220 0.319 0.076 0.084 0.032 0.034 0.223 0.156 0.154 
 127   (0.260) 0.069 0.467 0.268 0.181 0.271 0.143 0.267 0.264 0.080 0.483 0.061 0.144 0.189 
 138   (0.057) 0.016 0.055 0.055 0.083 0.031 0.068 0.053 0.055 0.023 0.014 0.004 0.024 0.011 
 140   (0.258) 0.045 0.319 0.267 0.274 0.230 0.046 0.274 0.268 0.430 0.159 0.179 0.405 0.099 
 150   (0.057) 0.006 0.007 0.056 0.191 0.035 0.004 0.054 0.056 0.006 0.207 0.309 0.017 0.002 
 148   (0.101) 0.044 0.014 0.097 0.056 0.142 0.009 0.091 0.095 0.049 0.064 0.214 0.121 0.067 
 128   (0.028) 0.005 0.104 0.027 0.006 0.006 0.002 0.033 0.030 0.020 0.004 0.002 0.008 0.066 

Locus 20 : 20 
6 alleles
0.0% missing data
 190   (0.151) 0.022 0.020 0.132 0.113 0.092 0.590 0.125 0.132 0.341 0.285 0.197 0.298 0.362 
 194   (0.567) 0.406 0.944 0.577 0.603 0.557 0.372 0.581 0.578 0.477 0.549 0.479 0.398 0.521 
 188   (0.198) 0.564 0.025 0.208 0.265 0.121 0.032 0.215 0.206 0.174 0.094 0.174 0.119 0.113 
 200   (0.062) 0.006 0.008 0.064 0.015 0.225 0.005 0.060 0.064 0.006 0.069 0.004 0.179 0.002 
 202   (0.014) 0.002 0.002 0.012 0.003 0.003 0.001 0.011 0.012 0.001 0.002 0.146 0.004 0.000 
 196   (0.008) 0.001 0.001 0.007 0.001 0.002 0.001 0.007 0.007 0.001 0.001 0.001 0.002 0.000 

Locus 21 : 21 
6 alleles
0.8% missing data
 252   (0.712) 0.824 0.369 0.732 0.749 0.843 0.922 0.738 0.728 0.720 0.720 0.726 0.661 0.824 
 244   (0.020) 0.141 0.003 0.014 0.005 0.006 0.043 0.012 0.014 0.002 0.013 0.001 0.005 0.002 
 246   (0.084) 0.010 0.176 0.086 0.021 0.032 0.007 0.087 0.086 0.200 0.113 0.048 0.120 0.007 
 254   (0.081) 0.010 0.116 0.074 0.021 0.078 0.013 0.071 0.075 0.010 0.128 0.085 0.134 0.037 
 250   (0.082) 0.013 0.333 0.073 0.197 0.033 0.012 0.066 0.073 0.065 0.022 0.139 0.074 0.116 
 248   (0.021) 0.002 0.003 0.022 0.008 0.009 0.003 0.025 0.024 0.003 0.004 0.001 0.006 0.013 

Locus 22 : 22 
7 alleles
0.0% missing data
 167   (0.182) 0.617 0.127 0.179 0.083 0.178 0.299 0.182 0.181 0.196 0.123 0.121 0.063 0.322 
 177   (0.300) 0.170 0.265 0.303 0.261 0.234 0.143 0.305 0.303 0.628 0.216 0.171 0.431 0.300 
 165   (0.040) 0.004 0.005 0.043 0.010 0.011 0.060 0.047 0.045 0.007 0.007 0.015 0.145 0.001 
 173   (0.292) 0.185 0.140 0.272 0.568 0.469 0.398 0.262 0.272 0.125 0.552 0.214 0.288 0.355 
 175   (0.125) 0.017 0.455 0.130 0.052 0.090 0.096 0.126 0.127 0.038 0.091 0.255 0.054 0.018 
 163   (0.040) 0.004 0.005 0.042 0.021 0.013 0.003 0.042 0.043 0.004 0.008 0.222 0.012 0.004 
 159   (0.021) 0.002 0.002 0.030 0.004 0.004 0.002 0.036 0.030 0.002 0.003 0.001 0.007 0.001 

Locus 23 : 23 
11 alleles
1.1% missing data
 152   (0.463) 0.152 0.461 0.449 0.529 0.546 0.909 0.437 0.445 0.457 0.664 0.370 0.531 0.570 
 154   (0.012) 0.001 0.001 0.008 0.003 0.003 0.020 0.007 0.008 0.005 0.002 0.001 0.003 0.080 
 146   (0.232) 0.815 0.085 0.225 0.323 0.353 0.047 0.219 0.225 0.234 0.213 0.137 0.232 0.269 
 166   (0.091) 0.010 0.115 0.099 0.031 0.034 0.008 0.102 0.098 0.241 0.021 0.006 0.165 0.031 
 156   (0.012) 0.001 0.001 0.008 0.018 0.003 0.001 0.006 0.008 0.001 0.006 0.308 0.003 0.000 
 162   (0.040) 0.004 0.005 0.051 0.014 0.014 0.003 0.058 0.050 0.004 0.008 0.070 0.018 0.001 
 142   (0.013) 0.001 0.002 0.012 0.003 0.003 0.001 0.011 0.012 0.001 0.057 0.001 0.003 0.000 
 150   (0.032) 0.004 0.118 0.032 0.011 0.019 0.003 0.035 0.034 0.009 0.009 0.002 0.011 0.009 
 164   (0.025) 0.003 0.003 0.024 0.006 0.006 0.002 0.022 0.023 0.040 0.004 0.002 0.006 0.017 
 158   (0.069) 0.008 0.010 0.085 0.061 0.017 0.005 0.095 0.087 0.007 0.014 0.103 0.026 0.022 
 148   (0.011) 0.001 0.199 0.009 0.002 0.002 0.001 0.007 0.009 0.001 0.002 0.001 0.003 0.000 

Locus 24 : 24 
7 alleles
0.6% missing data
 154   (0.553) 0.925 0.401 0.565 0.611 0.624 0.793 0.570 0.567 0.379 0.510 0.220 0.521 0.479 
 158   (0.022) 0.021 0.003 0.022 0.005 0.005 0.013 0.022 0.021 0.002 0.004 0.001 0.139 0.001 
 144   (0.165) 0.027 0.560 0.151 0.122 0.199 0.059 0.143 0.150 0.156 0.409 0.640 0.059 0.208 
 160   (0.116) 0.013 0.016 0.102 0.223 0.109 0.118 0.093 0.100 0.286 0.034 0.103 0.173 0.192 
 156   (0.117) 0.012 0.017 0.140 0.032 0.056 0.015 0.153 0.139 0.079 0.040 0.034 0.102 0.046 
 152   (0.017) 0.002 0.002 0.011 0.005 0.005 0.002 0.009 0.012 0.096 0.003 0.001 0.004 0.074 
 146   (0.010) 0.001 0.002 0.010 0.002 0.002 0.001 0.009 0.010 0.001 0.002 0.001 0.002 0.000 

Locus 25 : 25 
4 alleles
0.3% missing data
  81   (0.369) 0.696 0.265 0.386 0.307 0.438 0.153 0.400 0.389 0.337 0.428 0.025 0.483 0.158 
  83   (0.459) 0.233 0.712 0.453 0.469 0.318 0.722 0.446 0.451 0.600 0.422 0.920 0.450 0.446 
  77   (0.094) 0.057 0.013 0.084 0.062 0.162 0.116 0.077 0.083 0.023 0.049 0.050 0.039 0.371 
  85   (0.079) 0.014 0.011 0.077 0.163 0.082 0.010 0.077 0.077 0.040 0.100 0.005 0.028 0.025 

Locus 26 : 26 
6 alleles
0.3% missing data
 126   (0.030) 0.004 0.004 0.024 0.006 0.006 0.094 0.021 0.024 0.037 0.005 0.002 0.008 0.046 
 132   (0.345) 0.914 0.208 0.338 0.385 0.265 0.575 0.338 0.341 0.171 0.395 0.446 0.294 0.500 
 124   (0.516) 0.067 0.390 0.526 0.558 0.584 0.321 0.527 0.522 0.779 0.458 0.545 0.636 0.431 
 122   (0.078) 0.012 0.056 0.080 0.043 0.136 0.007 0.083 0.082 0.010 0.137 0.005 0.054 0.021 
 136   (0.014) 0.001 0.002 0.015 0.005 0.004 0.001 0.013 0.014 0.002 0.002 0.001 0.004 0.001 
 120   (0.017) 0.002 0.340 0.017 0.003 0.004 0.001 0.017 0.018 0.002 0.003 0.001 0.004 0.001 

Locus 27 : 27 
7 alleles
0.0% missing data
 183   (0.359) 0.218 0.317 0.354 0.323 0.268 0.788 0.359 0.357 0.471 0.377 0.419 0.355 0.531 
 175   (0.287) 0.116 0.040 0.291 0.482 0.317 0.172 0.299 0.294 0.257 0.154 0.450 0.393 0.255 
 165   (0.223) 0.644 0.303 0.226 0.122 0.214 0.027 0.220 0.221 0.159 0.435 0.055 0.205 0.144 
 179   (0.085) 0.017 0.334 0.080 0.063 0.187 0.009 0.074 0.080 0.108 0.027 0.005 0.036 0.068 
 181   (0.031) 0.003 0.004 0.036 0.007 0.012 0.002 0.035 0.034 0.003 0.005 0.070 0.008 0.001 
 185   (0.008) 0.001 0.001 0.007 0.002 0.002 0.001 0.007 0.007 0.001 0.001 0.001 0.002 0.000 
 157   (0.008) 0.001 0.001 0.006 0.001 0.002 0.001 0.005 0.006 0.001 0.001 0.000 0.002 0.000 

Locus 28 : 28 
4 alleles
0.0% missing data
 142   (0.654) 0.334 0.352 0.651 0.754 0.639 0.619 0.651 0.652 0.616 0.862 0.742 0.659 0.735 
 148   (0.185) 0.415 0.627 0.195 0.098 0.143 0.088 0.200 0.195 0.166 0.061 0.067 0.061 0.076 
 138   (0.054) 0.240 0.007 0.044 0.014 0.014 0.281 0.041 0.046 0.207 0.039 0.004 0.017 0.175 
 150   (0.107) 0.011 0.014 0.109 0.133 0.204 0.013 0.108 0.107 0.011 0.038 0.187 0.263 0.014 

Locus 29 : 29 
6 alleles
1.1% missing data
 260   (0.405) 0.266 0.088 0.397 0.540 0.533 0.657 0.394 0.399 0.453 0.501 0.373 0.464 0.284 
 262   (0.486) 0.721 0.897 0.490 0.342 0.385 0.334 0.492 0.489 0.535 0.418 0.552 0.470 0.707 
 264   (0.019) 0.002 0.002 0.018 0.071 0.008 0.001 0.018 0.018 0.002 0.003 0.001 0.006 0.001 
 256   (0.070) 0.010 0.010 0.074 0.043 0.070 0.007 0.076 0.074 0.008 0.056 0.073 0.055 0.008 
 258   (0.013) 0.001 0.002 0.015 0.003 0.003 0.001 0.017 0.015 0.001 0.002 0.001 0.004 0.000 
 266   (0.008) 0.001 0.001 0.005 0.002 0.002 0.001 0.004 0.005 0.001 0.021 0.000 0.002 0.000 

Locus 30 : 30 
7 alleles
0.6% missing data
 150   (0.449) 0.174 0.156 0.452 0.410 0.593 0.563 0.457 0.455 0.463 0.641 0.290 0.279 0.726 
 146   (0.263) 0.075 0.039 0.268 0.335 0.201 0.325 0.268 0.265 0.275 0.144 0.339 0.298 0.144 
 140   (0.179) 0.705 0.791 0.181 0.230 0.180 0.103 0.173 0.177 0.036 0.087 0.061 0.201 0.074 
 148   (0.066) 0.041 0.009 0.061 0.015 0.016 0.006 0.063 0.062 0.217 0.058 0.307 0.163 0.046 
 152   (0.027) 0.003 0.003 0.028 0.006 0.006 0.002 0.029 0.029 0.003 0.067 0.002 0.049 0.001 
 151   (0.008) 0.001 0.001 0.005 0.003 0.003 0.001 0.005 0.006 0.005 0.001 0.000 0.003 0.007 
 142   (0.008) 0.001 0.001 0.006 0.002 0.002 0.001 0.005 0.006 0.001 0.001 0.000 0.007 0.003 

Locus 31 : 31 
6 alleles
0.3% missing data
 125   (0.284) 0.628 0.154 0.315 0.133 0.123 0.310 0.327 0.313 0.281 0.078 0.032 0.136 0.515 
 129   (0.440) 0.301 0.222 0.409 0.597 0.579 0.652 0.400 0.413 0.640 0.583 0.781 0.567 0.431 
 123   (0.155) 0.058 0.022 0.150 0.222 0.163 0.029 0.143 0.148 0.067 0.277 0.104 0.159 0.051 
 131   (0.043) 0.004 0.007 0.052 0.027 0.059 0.003 0.061 0.054 0.004 0.010 0.003 0.017 0.001 
 127   (0.066) 0.007 0.549 0.064 0.018 0.072 0.005 0.061 0.063 0.006 0.050 0.079 0.118 0.002 
 121   (0.012) 0.001 0.046 0.009 0.003 0.003 0.001 0.008 0.009 0.001 0.002 0.001 0.003 0.000 

Locus 32 : 32 
6 alleles
0.3% missing data
 155   (0.564) 0.562 0.583 0.579 0.360 0.340 0.928 0.597 0.584 0.815 0.619 0.710 0.400 0.642 
 153   (0.078) 0.056 0.106 0.079 0.082 0.071 0.027 0.081 0.079 0.010 0.023 0.005 0.034 0.087 
 159   (0.145) 0.081 0.019 0.134 0.427 0.295 0.018 0.124 0.133 0.137 0.166 0.010 0.153 0.160 
 157   (0.174) 0.297 0.134 0.172 0.122 0.284 0.019 0.168 0.170 0.034 0.184 0.021 0.399 0.107 
 151   (0.031) 0.003 0.157 0.029 0.006 0.008 0.006 0.026 0.028 0.003 0.006 0.254 0.011 0.003 
 163   (0.008) 0.001 0.001 0.006 0.003 0.002 0.001 0.005 0.006 0.001 0.002 0.001 0.002 0.001 

Locus 33 : 33 
4 alleles
1.1% missing data
  92   (0.332) 0.396 0.138 0.325 0.434 0.443 0.610 0.307 0.318 0.228 0.282 0.439 0.175 0.180 
  95   (0.156) 0.017 0.299 0.162 0.068 0.126 0.154 0.180 0.167 0.030 0.037 0.408 0.451 0.115 
  91   (0.447) 0.538 0.554 0.437 0.482 0.412 0.228 0.430 0.438 0.660 0.669 0.148 0.353 0.643 
  94   (0.065) 0.049 0.009 0.076 0.016 0.019 0.007 0.083 0.077 0.082 0.013 0.005 0.022 0.061 

Locus 34 : 34 
5 alleles
0.0% missing data
 146   (0.289) 0.056 0.588 0.307 0.391 0.319 0.052 0.312 0.307 0.052 0.349 0.314 0.157 0.082 
 150   (0.601) 0.931 0.397 0.587 0.502 0.635 0.875 0.584 0.588 0.899 0.628 0.637 0.558 0.837 
 148   (0.064) 0.008 0.009 0.055 0.022 0.030 0.069 0.050 0.054 0.043 0.013 0.046 0.213 0.079 
 154   (0.032) 0.004 0.004 0.041 0.021 0.012 0.002 0.045 0.040 0.004 0.007 0.002 0.009 0.001 
 152   (0.015) 0.001 0.002 0.010 0.064 0.004 0.001 0.008 0.010 0.001 0.004 0.001 0.063 0.000 

Locus 35 : 35 
7 alleles
0.0% missing data
 180   (0.451) 0.423 0.719 0.460 0.238 0.364 0.344 0.467 0.459 0.371 0.463 0.667 0.373 0.672 
 184   (0.213) 0.401 0.238 0.202 0.534 0.097 0.212 0.197 0.202 0.142 0.289 0.072 0.228 0.133 
 196   (0.121) 0.151 0.016 0.114 0.148 0.143 0.289 0.107 0.112 0.176 0.101 0.008 0.042 0.157 
 198   (0.069) 0.009 0.009 0.079 0.016 0.027 0.063 0.089 0.083 0.248 0.015 0.068 0.024 0.006 
 194   (0.020) 0.002 0.002 0.014 0.005 0.005 0.082 0.011 0.014 0.049 0.003 0.001 0.007 0.024 
 192   (0.114) 0.013 0.014 0.123 0.046 0.269 0.009 0.123 0.123 0.012 0.127 0.183 0.323 0.008 
 190   (0.011) 0.001 0.001 0.008 0.013 0.096 0.001 0.006 0.008 0.001 0.002 0.001 0.003 0.000 

Locus 36 : 36 
6 alleles
0.0% missing data
 110   (0.176) 0.244 0.191 0.176 0.051 0.169 0.596 0.179 0.178 0.134 0.084 0.067 0.059 0.327 
 112   (0.369) 0.083 0.051 0.374 0.479 0.333 0.285 0.372 0.370 0.760 0.360 0.060 0.506 0.545 
 108   (0.119) 0.015 0.130 0.125 0.079 0.098 0.053 0.121 0.122 0.012 0.116 0.110 0.037 0.006 
  90   (0.040) 0.060 0.437 0.031 0.008 0.025 0.036 0.028 0.031 0.006 0.007 0.002 0.161 0.015 
 106   (0.288) 0.598 0.189 0.289 0.381 0.373 0.030 0.296 0.293 0.087 0.432 0.715 0.234 0.107 
  96   (0.008) 0.001 0.001 0.005 0.001 0.002 0.001 0.004 0.006 0.001 0.001 0.046 0.002 0.000 

Locus 37 : 37 
9 alleles
0.0% missing data
 172   (0.344) 0.425 0.050 0.332 0.366 0.378 0.460 0.335 0.339 0.196 0.440 0.581 0.417 0.447 
 176   (0.095) 0.027 0.013 0.097 0.024 0.027 0.097 0.094 0.096 0.389 0.017 0.016 0.124 0.130 
 166   (0.072) 0.018 0.010 0.058 0.109 0.037 0.364 0.051 0.059 0.196 0.113 0.005 0.085 0.259 
 170   (0.270) 0.493 0.586 0.287 0.210 0.224 0.043 0.298 0.284 0.186 0.226 0.326 0.146 0.154 
 174   (0.123) 0.013 0.018 0.133 0.074 0.272 0.029 0.129 0.130 0.016 0.166 0.066 0.154 0.005 
 178   (0.036) 0.019 0.005 0.035 0.115 0.025 0.003 0.033 0.034 0.011 0.007 0.002 0.022 0.003 
 186   (0.016) 0.001 0.002 0.012 0.091 0.025 0.001 0.011 0.013 0.002 0.003 0.001 0.004 0.001 
 168   (0.037) 0.004 0.316 0.039 0.009 0.011 0.003 0.042 0.040 0.004 0.027 0.002 0.045 0.001 
 158   (0.008) 0.001 0.001 0.007 0.002 0.002 0.001 0.007 0.007 0.001 0.001 0.000 0.002 0.000 

Locus 38 : 38 
6 alleles
0.0% missing data
  85   (0.179) 0.280 0.515 0.169 0.124 0.082 0.243 0.165 0.170 0.253 0.164 0.238 0.220 0.216 
  89   (0.556) 0.252 0.346 0.557 0.774 0.687 0.628 0.553 0.556 0.669 0.521 0.506 0.696 0.666 
  83   (0.134) 0.398 0.018 0.143 0.040 0.120 0.082 0.150 0.144 0.048 0.112 0.247 0.043 0.019 
  95   (0.059) 0.061 0.008 0.051 0.042 0.049 0.041 0.046 0.051 0.022 0.156 0.004 0.019 0.089 
  81   (0.057) 0.007 0.011 0.069 0.018 0.059 0.006 0.075 0.067 0.006 0.042 0.004 0.018 0.010 
  91   (0.015) 0.001 0.103 0.012 0.003 0.003 0.001 0.011 0.012 0.001 0.005 0.001 0.004 0.000 

Locus 39 : 39 
10 alleles
0.0% missing data
 161   (0.339) 0.107 0.421 0.338 0.240 0.340 0.538 0.338 0.337 0.555 0.208 0.372 0.480 0.560 
 169   (0.112) 0.634 0.232 0.104 0.184 0.124 0.232 0.110 0.109 0.101 0.140 0.007 0.037 0.059 
 159   (0.023) 0.002 0.003 0.019 0.005 0.005 0.045 0.017 0.019 0.013 0.006 0.001 0.006 0.032 
 173   (0.245) 0.180 0.187 0.246 0.362 0.354 0.139 0.236 0.243 0.078 0.164 0.516 0.383 0.137 
 165   (0.216) 0.071 0.148 0.227 0.155 0.160 0.041 0.233 0.227 0.247 0.401 0.099 0.073 0.199 
 175   (0.012) 0.001 0.001 0.008 0.042 0.002 0.001 0.006 0.008 0.001 0.071 0.001 0.003 0.000 
 155   (0.017) 0.002 0.002 0.022 0.003 0.004 0.001 0.023 0.020 0.002 0.004 0.001 0.007 0.001 
 167   (0.018) 0.002 0.002 0.019 0.004 0.005 0.002 0.021 0.020 0.002 0.004 0.001 0.006 0.012 
 177   (0.008) 0.001 0.001 0.007 0.002 0.003 0.001 0.005 0.007 0.001 0.001 0.000 0.003 0.000 
 168   (0.011) 0.001 0.001 0.011 0.002 0.002 0.001 0.010 0.010 0.001 0.002 0.001 0.002 0.000 

Locus 40 : 40 
6 alleles
0.6% missing data
  89   (0.433) 0.770 0.058 0.435 0.564 0.458 0.440 0.436 0.435 0.692 0.655 0.093 0.556 0.586 
  91   (0.153) 0.174 0.174 0.164 0.056 0.126 0.249 0.174 0.165 0.021 0.040 0.186 0.086 0.113 
  85   (0.184) 0.027 0.121 0.185 0.237 0.197 0.067 0.184 0.184 0.080 0.212 0.477 0.159 0.033 
  83   (0.008) 0.001 0.001 0.005 0.002 0.002 0.017 0.004 0.005 0.001 0.001 0.000 0.002 0.000 
  87   (0.102) 0.016 0.630 0.090 0.032 0.140 0.214 0.085 0.090 0.125 0.032 0.128 0.044 0.164 
  81   (0.120) 0.013 0.017 0.122 0.109 0.077 0.013 0.117 0.120 0.082 0.060 0.116 0.153 0.103 

Locus 41 : 41 
4 alleles
0.3% missing data
 167   (0.764) 0.920 0.639 0.756 0.927 0.848 0.851 0.753 0.756 0.905 0.605 0.861 0.829 0.930 
 161   (0.201) 0.075 0.356 0.210 0.064 0.124 0.146 0.213 0.210 0.092 0.276 0.136 0.161 0.068 
 165   (0.027) 0.005 0.003 0.027 0.008 0.024 0.002 0.028 0.027 0.003 0.118 0.002 0.009 0.002 
 177   (0.008) 0.001 0.001 0.007 0.002 0.004 0.001 0.006 0.006 0.001 0.001 0.001 0.002 0.000 

Locus 42 : 42 
6 alleles
0.3% missing data
 228   (0.451) 0.716 0.619 0.433 0.667 0.462 0.705 0.421 0.432 0.672 0.424 0.228 0.620 0.474 
 238   (0.340) 0.073 0.097 0.356 0.272 0.337 0.276 0.367 0.357 0.251 0.332 0.114 0.223 0.338 
 236   (0.092) 0.199 0.270 0.089 0.026 0.080 0.009 0.085 0.089 0.014 0.038 0.398 0.042 0.076 
 224   (0.027) 0.003 0.003 0.021 0.005 0.006 0.002 0.017 0.021 0.053 0.004 0.002 0.084 0.109 
 240   (0.078) 0.008 0.010 0.091 0.025 0.111 0.006 0.099 0.092 0.008 0.199 0.258 0.028 0.003 
 232   (0.011) 0.001 0.001 0.011 0.004 0.004 0.001 0.009 0.010 0.002 0.003 0.001 0.003 0.001 

Locus 43 : 43 
7 alleles
0.0% missing data
 130   (0.542) 0.657 0.074 0.562 0.403 0.494 0.845 0.573 0.562 0.553 0.386 0.775 0.566 0.560 
 134   (0.093) 0.010 0.234 0.104 0.084 0.073 0.070 0.107 0.101 0.011 0.029 0.006 0.120 0.004 
 114   (0.056) 0.040 0.425 0.048 0.012 0.013 0.058 0.045 0.049 0.045 0.010 0.003 0.107 0.117 
 128   (0.133) 0.269 0.018 0.122 0.174 0.186 0.011 0.116 0.123 0.077 0.281 0.034 0.147 0.165 
 132   (0.110) 0.015 0.015 0.102 0.299 0.118 0.010 0.102 0.103 0.308 0.163 0.048 0.040 0.150 
 118   (0.059) 0.009 0.233 0.055 0.026 0.114 0.005 0.052 0.056 0.006 0.131 0.133 0.019 0.003 
 136   (0.008) 0.001 0.001 0.006 0.002 0.002 0.001 0.005 0.007 0.001 0.001 0.000 0.002 0.000 

Locus 44 : 44 
6 alleles
0.8% missing data
  98   (0.111) 0.078 0.240 0.100 0.027 0.028 0.167 0.096 0.102 0.068 0.130 0.097 0.187 0.235 
 104   (0.398) 0.109 0.058 0.421 0.428 0.539 0.225 0.434 0.423 0.130 0.507 0.414 0.532 0.201 
 102   (0.294) 0.086 0.529 0.275 0.372 0.353 0.531 0.269 0.276 0.460 0.308 0.475 0.215 0.377 
 106   (0.008) 0.001 0.001 0.006 0.002 0.002 0.014 0.005 0.006 0.001 0.001 0.001 0.003 0.000 
  92   (0.125) 0.017 0.064 0.137 0.148 0.058 0.042 0.139 0.134 0.305 0.023 0.008 0.039 0.114 
  96   (0.064) 0.710 0.108 0.061 0.022 0.020 0.020 0.057 0.060 0.037 0.031 0.004 0.024 0.072 

Locus 45 : 45 
5 alleles
0.3% missing data
 101   (0.314) 0.082 0.044 0.320 0.359 0.238 0.608 0.321 0.318 0.265 0.170 0.182 0.440 0.428 
 103   (0.306) 0.426 0.254 0.297 0.470 0.386 0.210 0.281 0.293 0.343 0.472 0.347 0.139 0.180 
  95   (0.232) 0.412 0.127 0.230 0.123 0.290 0.119 0.235 0.232 0.176 0.247 0.461 0.100 0.360 
  99   (0.138) 0.079 0.412 0.146 0.045 0.084 0.062 0.157 0.150 0.215 0.110 0.009 0.318 0.032 
  97   (0.010) 0.001 0.164 0.007 0.002 0.002 0.001 0.006 0.007 0.001 0.002 0.001 0.002 0.000 

Locus 46 : 46 
7 alleles
0.3% missing data
 181   (0.613) 0.942 0.528 0.594 0.753 0.598 0.947 0.581 0.593 0.701 0.699 0.858 0.580 0.706 
 191   (0.259) 0.045 0.254 0.279 0.183 0.327 0.039 0.298 0.279 0.105 0.131 0.103 0.382 0.221 
 177   (0.063) 0.007 0.009 0.059 0.044 0.059 0.009 0.056 0.059 0.187 0.060 0.004 0.019 0.071 
 193   (0.011) 0.001 0.001 0.007 0.009 0.002 0.001 0.006 0.007 0.001 0.098 0.001 0.003 0.000 
 179   (0.035) 0.003 0.205 0.045 0.008 0.009 0.003 0.045 0.044 0.004 0.006 0.002 0.011 0.001 
 189   (0.008) 0.001 0.001 0.005 0.002 0.002 0.001 0.004 0.005 0.001 0.001 0.031 0.002 0.000 
 183   (0.011) 0.001 0.002 0.011 0.002 0.002 0.001 0.010 0.011 0.001 0.005 0.001 0.003 0.000 

Locus 47 : 47 
6 alleles
0.8% missing data
 205   (0.463) 0.857 0.274 0.474 0.685 0.445 0.738 0.491 0.479 0.548 0.525 0.405 0.393 0.452 
 207   (0.154) 0.077 0.021 0.145 0.163 0.200 0.066 0.133 0.140 0.190 0.223 0.203 0.101 0.139 
 211   (0.227) 0.045 0.320 0.233 0.112 0.138 0.159 0.236 0.233 0.143 0.125 0.273 0.411 0.270 
 201   (0.066) 0.011 0.373 0.062 0.019 0.147 0.026 0.057 0.061 0.056 0.017 0.004 0.024 0.084 
 215   (0.079) 0.009 0.011 0.075 0.020 0.068 0.009 0.072 0.076 0.062 0.106 0.114 0.068 0.056 
 202   (0.011) 0.001 0.001 0.011 0.002 0.002 0.001 0.012 0.011 0.001 0.003 0.001 0.004 0.000 

Locus 48 : 48 
9 alleles
1.1% missing data
 144   (0.085) 0.070 0.013 0.077 0.023 0.098 0.145 0.070 0.076 0.112 0.019 0.131 0.032 0.269 
 166   (0.157) 0.466 0.063 0.139 0.175 0.073 0.219 0.127 0.139 0.160 0.351 0.385 0.058 0.324 
 168   (0.145) 0.070 0.189 0.142 0.039 0.081 0.346 0.130 0.137 0.075 0.059 0.108 0.092 0.197 
 142   (0.357) 0.342 0.052 0.366 0.654 0.495 0.265 0.383 0.371 0.264 0.445 0.286 0.681 0.059 
 158   (0.156) 0.041 0.023 0.170 0.072 0.190 0.016 0.184 0.173 0.358 0.035 0.083 0.108 0.145 
 162   (0.026) 0.003 0.120 0.027 0.006 0.007 0.002 0.025 0.027 0.003 0.078 0.002 0.007 0.001 
 164   (0.039) 0.005 0.005 0.049 0.022 0.040 0.003 0.051 0.046 0.017 0.008 0.002 0.012 0.001 
 170   (0.012) 0.001 0.002 0.011 0.003 0.003 0.002 0.011 0.011 0.001 0.002 0.001 0.004 0.003 
 156   (0.023) 0.002 0.533 0.020 0.007 0.014 0.002 0.019 0.021 0.012 0.004 0.001 0.007 0.001 

Locus 49 : 49 
7 alleles
6.1% missing data
 151   (0.182) 0.146 0.070 0.176 0.212 0.179 0.054 0.171 0.174 0.571 0.140 0.012 0.360 0.225 
 153   (0.232) 0.133 0.030 0.237 0.319 0.295 0.505 0.249 0.241 0.157 0.341 0.028 0.230 0.317 
 149   (0.354) 0.418 0.336 0.360 0.358 0.316 0.264 0.363 0.361 0.170 0.448 0.331 0.329 0.210 
 145   (0.181) 0.297 0.507 0.180 0.099 0.194 0.173 0.175 0.177 0.068 0.063 0.626 0.063 0.202 
 147   (0.029) 0.003 0.054 0.025 0.006 0.011 0.003 0.022 0.025 0.031 0.006 0.002 0.010 0.041 
 152   (0.008) 0.002 0.001 0.006 0.002 0.002 0.001 0.005 0.006 0.001 0.001 0.001 0.003 0.004 
 143   (0.014) 0.001 0.002 0.016 0.003 0.003 0.001 0.014 0.015 0.001 0.002 0.001 0.004 0.001 

Values of parameters used in structure:
DATAFILE=temp3.str,	OUTFILE=k13/temp3_k13_run3,	NUMINDS=361,	NUMLOCI=49,	MISSING=-9,	LABEL=1,	POPDATA=1,	POPFLAG=0,	PHENOTYPE=0,	EXTRACOLS=0,	MAXPOPS=13,	BURNIN=500000,	NUMREPS=750000,	USEPOPINFO=0,	INFERALPHA=1,	INFERLAMBDA=0,	POPSPECIFICLAMBDA=0,	POPALPHAS=0,	COMPUTEPROB=1,	NOADMIX=0,	ADMBURNIN=500,	UPDATEFREQ=100,	PRINTLIKES=0,	INTERMEDSAVE=0,	PRINTKLD=0,	PRINTNET=1,	PRINTLAMBDA=1,	ANCESTDIST=0,	NUMBOXES=1000,	ANCESTPINT=0.90000,	GENSBACK=2,	MIGRPRIOR=0.01000,	PRINTQHAT=0,	PRINTQSUM=1,	ALPHA=1.0000,	FREQSCORR=1,	FPRIORMEAN=0.0100,	FPRIORSD=0.0500,	ONEFST=0,	LAMBDA=1.0000,	UNIFPRIORALPHA=1,	ALPHAMAX=10.0000,	ALPHAPRIORA=1.0000,	ALPHAPRIORB=2.0000,	ALPHAPROPSD=0.0250,	STARTATPOPINFO=0,	RANDOMIZE=0,	LINKAGE=0,	METROFREQ=10,	REPORTHITRATE=0,	MARKOVPHASE=0,	PHASED=1,	PLOIDY=2,	PHASEINFO=0	LOCPRIOR=0, 	LOCPRIORINIT=1.000000, 	LOCDATA=0, 	LOCISPOP=1, 	LOCPRIORSTEP=0.100000, 	MAXLOCPRIOR=20.000000, 	SEED=899820,	
[STRAT parameters]:    NUMSIMSTATS=1000,	PHENOTYPECOL=-9,	POOLFREQ=10,	LOCUSxONLY=0,	EMERROR=0.00100,	MISSINGPHENO=-9,	